6_Funeral_Funeral_6_696
80
266 150 26 34 0.9996636 
60 195 24 31 0.9994305 
331 176 24 35 0.99923766 
21 200 25 34 0.9991123 
5 173 28 35 0.9987987 
970 168 51 66 0.998771 
892 131 50 56 0.99847144 
220 170 19 31 0.9978638 
459 167 59 84 0.99761665 
811 144 53 70 0.9961403 
90 155 22 28 0.99571973 
564 61 60 95 0.99512094 
412 89 58 55 0.9945397 
94 181 22 38 0.99379396 
679 112 64 88 0.99310803 
159 191 33 44 0.99258536 
118 186 26 37 0.9903825 
559 203 58 91 0.9876709 
364 177 19 27 0.9863702 
389 153 20 32 0.9579348 
294 163 16 24 0.89859164 
170 164 19 22 0.8309622 
24 164 18 24 0.8202156 
58 176 23 27 0.66514456 
550 149 15 28 0.55282825 
959 156 22 35 0.50795615 
346 162 16 22 0.3858231 
307 50 9 16 0.3527247 
522 163 11 18 0.26455212 
964 377 9 14 0.18204054 
295 57 8 14 0.15357175 
804 164 13 18 0.1386264 
367 169 13 18 0.11977967 
281 158 22 31 0.087690406 
111 175 13 18 0.08753108 
506 280 78 108 0.07818761 
920 355 17 28 0.07675882 
221 160 12 19 0.075993955 
310 46 8 13 0.06905198 
536 173 12 19 0.06121353 
132 191 25 31 0.05296436 
785 158 9 13 0.049713068 
804 159 32 34 0.047037847 
934 122 23 31 0.046281334 
959 141 47 62 0.04417384 
561 308 42 65 0.04289496 
34 208 20 30 0.04225318 
138 170 22 23 0.04157124 
295 51 7 13 0.036720343 
108 179 22 35 0.035797156 
528 168 10 17 0.03537109 
180 170 19 27 0.034519598 
188 166 10 16 0.034223165 
34 284 18 32 0.034132116 
565 90 6 11 0.033193093 
993 427 15 25 0.030374067 
730 2 4 6 0.029476585 
444 134 57 84 0.02875338 
531 176 10 16 0.028610393 
342 163 224 467 0.027760731 
518 152 34 51 0.026968302 
816 195 19 24 0.026853362 
300 50 9 14 0.026843695 
958 370 17 24 0.02619715 
0 257 12 42 0.025822144 
381 164 19 25 0.024947729 
1024 389 19 30 0.024182841 
725 1 4 6 0.023416027 
946 150 23 42 0.02312112 
436 117 44 59 0.022881707 
999 138 48 66 0.02256268 
168 173 26 42 0.022112159 
1030 365 16 30 0.022075612 
413 100 26 33 0.021488274 
374 182 18 28 0.021117501 
624 78 33 60 0.020953136 
249 414 34 50 0.020779213 
447 189 8 16 0.020719761 
144 197 11 17 0.020137621 
982 416 25 25 0.020070644 
