6_Funeral_Funeral_6_177
731
552 212 30 62 0.99783856 
876 156 30 39 0.9917812 
784 156 33 44 0.99041384 
963 160 25 34 0.986865 
448 258 26 39 0.9820895 
490 259 28 37 0.9743808 
261 163 34 76 0.9324702 
419 256 32 47 0.92220813 
627 179 34 49 0.9019119 
897 195 31 32 0.88711846 
688 173 30 41 0.8765383 
913 155 32 34 0.86933446 
515 192 11 17 0.7670039 
411 175 11 18 0.76075035 
228 232 25 48 0.73736334 
539 259 24 37 0.73178595 
126 588 12 11 0.62866974 
86 541 10 12 0.62143785 
56 550 9 10 0.525103 
154 580 11 12 0.5133939 
68 483 11 10 0.45678845 
359 189 8 15 0.4355309 
97 598 12 11 0.3923176 
114 488 10 9 0.32562584 
171 519 9 10 0.32370484 
140 526 11 9 0.32168138 
317 541 9 11 0.31477463 
451 189 10 16 0.3113981 
152 462 8 9 0.29547763 
39 489 9 10 0.28921726 
150 179 37 37 0.25364277 
19 554 6 10 0.24252595 
144 656 11 11 0.23767191 
901 498 59 51 0.23408528 
69 609 9 9 0.2177753 
330 552 7 12 0.2145218 
10 202 10 15 0.21348116 
114 607 11 11 0.21345867 
125 468 9 9 0.20780852 
1006 160 22 34 0.19631454 
1 585 6 12 0.19624877 
113 534 9 10 0.19602746 
370 166 19 27 0.19508633 
277 554 7 10 0.18986954 
31 554 8 9 0.18938951 
404 197 19 37 0.1863404 
17 615 8 11 0.18402259 
447 191 9 16 0.1821013 
170 472 7 10 0.18031748 
1 272 30 34 0.17391078 
95 475 11 9 0.17388438 
139 468 8 8 0.17237745 
207 569 10 12 0.16951197 
253 219 27 57 0.16658062 
292 543 7 10 0.16421211 
45 567 7 9 0.15970166 
3 202 11 14 0.1585594 
237 150 42 84 0.15810566 
152 413 8 10 0.15793402 
102 551 10 10 0.15718305 
146 479 9 9 0.1569559 
57 424 8 9 0.15216683 
859 268 25 44 0.15165187 
9 389 43 76 0.15046716 
31 613 8 9 0.14941852 
502 188 14 20 0.1473588 
5 541 5 10 0.14558826 
268 541 6 8 0.14434372 
31 506 8 9 0.14038706 
179 474 7 8 0.1361217 
172 655 8 9 0.1330435 
144 596 11 11 0.12983437 
185 532 7 9 0.12972294 
51 614 8 9 0.12810981 
196 589 10 10 0.12724574 
172 459 6 8 0.12710752 
179 458 5 8 0.12638961 
81 220 35 51 0.1261161 
102 427 8 8 0.12504047 
368 190 15 25 0.12462417 
43 612 8 9 0.12401481 
75 560 10 9 0.123248875 
44 438 9 10 0.1217825 
1001 195 24 44 0.120852016 
138 403 7 9 0.12015883 
57 500 9 10 0.119135395 
87 418 9 8 0.118564256 
114 474 9 7 0.118297316 
114 410 8 8 0.117676854 
528 221 10 22 0.117482126 
148 402 6 8 0.117309414 
363 452 12 15 0.11540818 
192 516 7 9 0.11387547 
287 187 35 61 0.11254003 
73 348 13 11 0.11221653 
85 615 11 11 0.112073496 
318 193 27 48 0.11204194 
732 158 21 37 0.11090173 
18 574 6 10 0.10940472 
354 155 12 14 0.10909933 
58 627 10 9 0.106362104 
157 537 10 9 0.10381134 
4 587 6 10 0.102683425 
184 578 9 11 0.10161828 
414 400 32 37 0.10145107 
353 478 7 13 0.101407856 
173 594 10 9 0.10056182 
313 486 8 8 0.09965447 
87 494 9 8 0.09938084 
75 433 9 9 0.09900765 
362 554 11 15 0.09746183 
769 195 19 21 0.09644477 
102 498 9 8 0.09381055 
159 461 6 9 0.09313784 
20 509 6 9 0.09247611 
26 492 7 9 0.091804914 
128 420 8 9 0.09008856 
106 506 9 9 0.08932821 
36 628 9 9 0.08674566 
185 472 5 8 0.08603335 
342 427 8 8 0.08395282 
413 642 16 16 0.08108554 
436 243 20 27 0.08051237 
76 517 8 8 0.07939962 
116 659 10 10 0.07826671 
17 626 8 10 0.078029305 
305 545 7 8 0.077688806 
316 425 10 11 0.07609142 
82 483 10 9 0.07522976 
338 485 5 8 0.07468361 
113 594 10 10 0.0738288 
16 202 8 12 0.07252018 
133 499 9 8 0.0722129 
408 182 16 26 0.0705032 
0 478 5 9 0.070152245 
173 543 8 8 0.06940448 
520 260 30 37 0.069227785 
196 580 9 10 0.06917271 
938 158 29 36 0.06907429 
128 410 5 5 0.06899762 
166 467 7 8 0.06872454 
165 461 7 8 0.068621345 
196 515 6 9 0.0685143 
476 266 24 28 0.06836485 
140 586 10 10 0.06831278 
350 160 16 22 0.068182364 
32 445 8 10 0.06800384 
106 426 9 9 0.06799158 
166 580 8 10 0.06796396 
0 611 8 16 0.06787726 
361 563 16 15 0.06764792 
835 181 30 44 0.06702342 
291 423 9 9 0.066843145 
341 150 9 11 0.06679278 
49 437 7 8 0.066421755 
42 555 8 9 0.06629768 
1 507 4 8 0.06599807 
357 195 11 20 0.06554486 
148 462 7 8 0.0653777 
366 582 13 12 0.06537074 
120 505 8 8 0.064867035 
286 482 10 11 0.06467339 
255 445 8 8 0.06435406 
192 484 6 9 0.063618004 
133 441 8 7 0.06310906 
50 596 10 9 0.06260869 
0 530 3 8 0.06221493 
289 427 7 7 0.062120013 
127 530 8 9 0.061318867 
215 573 7 11 0.061307278 
35 182 9 12 0.061153106 
61 580 9 10 0.06096441 
417 158 7 10 0.05980704 
353 183 30 48 0.058647845 
418 176 9 16 0.05840135 
1 576 5 11 0.057954315 
989 166 12 21 0.05787852 
38 554 7 10 0.057395812 
148 415 6 9 0.0571585 
152 524 8 9 0.05654055 
0 485 4 9 0.056111433 
165 416 5 7 0.055243842 
165 555 8 8 0.054396044 
177 518 7 9 0.053881526 
457 190 8 13 0.053792626 
671 149 10 14 0.05278309 
62 455 7 7 0.052265283 
118 561 10 9 0.052257016 
642 169 35 50 0.052183785 
343 204 29 48 0.0512247 
39 588 6 7 0.05050839 
140 598 10 11 0.05001389 
16 555 4 9 0.049930986 
301 545 7 8 0.04990769 
116 556 8 9 0.04949843 
132 493 9 8 0.04920145 
126 543 9 10 0.049143918 
262 541 6 10 0.04909438 
2 542 5 11 0.04877923 
31 500 7 7 0.048622284 
45 632 7 7 0.04856852 
390 202 20 31 0.04848679 
146 543 9 8 0.048482172 
37 620 6 7 0.048152134 
45 523 8 7 0.04783279 
70 549 8 9 0.047435567 
165 567 9 9 0.04721558 
122 441 6 7 0.047167532 
1 570 3 9 0.046913903 
6 524 5 8 0.04689945 
77 454 7 7 0.046824817 
20 491 7 10 0.046780147 
24 511 6 8 0.046433683 
184 518 7 8 0.04621178 
145 529 9 8 0.046061616 
178 478 6 8 0.045480832 
356 472 10 15 0.04499102 
302 560 6 8 0.044907358 
320 562 7 9 0.044878796 
146 555 8 9 0.044812966 
132 561 9 8 0.044591848 
249 535 7 15 0.044287812 
301 441 8 7 0.044084493 
257 549 6 13 0.043850183 
1014 200 25 42 0.04358194 
149 410 6 8 0.043572918 
173 538 8 8 0.04355951 
135 468 6 9 0.04331244 
103 183 8 13 0.043197908 
25 613 8 10 0.043151937 
5 486 6 10 0.043072086 
553 175 12 16 0.043005586 
159 479 7 8 0.042942166 
171 589 10 9 0.042894598 
261 447 5 7 0.042521823 
495 168 13 13 0.042484175 
177 536 8 8 0.042398717 
25 478 6 8 0.042029995 
548 197 19 37 0.042028077 
97 417 6 6 0.041909534 
326 542 6 8 0.04186844 
44 588 6 7 0.041848615 
300 208 36 56 0.04177972 
120 436 8 8 0.041746844 
332 183 30 48 0.04164045 
136 408 5 6 0.041640338 
262 600 5 7 0.041515462 
5 505 6 10 0.041471947 
154 511 6 7 0.04145029 
101 416 7 6 0.04142076 
336 142 18 22 0.041373935 
356 180 17 27 0.04134628 
989 162 24 35 0.04126989 
134 504 7 7 0.04125361 
36 575 7 8 0.041132245 
37 614 7 9 0.041072614 
5 492 7 11 0.041017156 
77 580 8 8 0.040754795 
145 551 9 8 0.040579185 
374 192 20 29 0.04054013 
24 461 7 7 0.040534366 
4 582 5 10 0.040505577 
360 456 18 22 0.04029583 
107 491 9 9 0.04025509 
94 541 9 10 0.040177435 
269 615 8 9 0.040062226 
330 602 6 8 0.039886963 
192 473 4 8 0.039737858 
333 486 6 8 0.039544426 
503 344 13 14 0.039543834 
50 504 8 8 0.03940922 
17 580 7 11 0.03925067 
199 531 6 8 0.039108347 
120 548 9 9 0.039085303 
63 461 6 5 0.039083637 
177 549 8 8 0.039049327 
153 538 9 9 0.038940974 
14 580 5 10 0.03890979 
100 539 8 8 0.0387758 
5 593 5 10 0.038600147 
202 232 30 46 0.038577784 
251 462 5 6 0.038492214 
133 542 8 10 0.038446706 
6 555 5 9 0.03841567 
127 168 33 61 0.038390353 
184 524 7 9 0.03825818 
358 158 21 26 0.038202617 
331 542 6 9 0.038108736 
101 412 6 6 0.037893027 
-11 460 79 90 0.03769208 
331 441 7 8 0.037585873 
33 618 7 8 0.03757275 
325 501 7 7 0.03735119 
260 549 6 10 0.037215862 
12 506 6 9 0.03717153 
1014 178 23 40 0.03704741 
860 176 20 25 0.036919497 
154 520 7 7 0.036884617 
301 437 7 7 0.036845017 
170 468 7 8 0.036577314 
160 416 6 8 0.03654767 
421 155 6 9 0.036439076 
347 178 17 29 0.03626866 
268 234 20 37 0.03626429 
559 180 9 14 0.036128152 
120 429 7 7 0.036029134 
31 583 7 9 0.036025044 
121 410 5 7 0.035981536 
240 95 35 46 0.035853498 
133 486 8 8 0.035698425 
0 526 4 7 0.035472877 
137 576 77 70 0.035417326 
274 539 6 8 0.03539303 
50 588 7 7 0.035384342 
51 461 6 6 0.035314515 
121 511 8 7 0.035306882 
33 525 7 8 0.034855068 
93 513 8 8 0.034833737 
33 633 7 7 0.03482555 
274 495 8 9 0.03481736 
297 607 5 7 0.034751143 
363 607 7 7 0.034616802 
36 583 8 8 0.03449247 
548 193 11 18 0.03443881 
114 478 9 8 0.034400478 
38 570 7 8 0.034396335 
167 519 8 9 0.03433671 
185 456 4 7 0.034328766 
0 413 87 86 0.03430097 
702 151 38 50 0.03427872 
569 181 9 15 0.03405061 
44 510 7 7 0.033974923 
576 177 9 13 0.033903506 
305 429 6 7 0.033871926 
121 472 7 7 0.03375323 
209 338 29 31 0.03368572 
136 348 5 7 0.033646137 
227 260 22 39 0.03342476 
391 248 19 33 0.03334125 
45 229 37 50 0.033284493 
280 544 7 8 0.03328433 
314 540 7 9 0.03326046 
5 550 5 9 0.033034675 
23 233 9 14 0.032998644 
115 428 7 7 0.032866027 
185 486 6 8 0.032835532 
21 461 6 7 0.032634553 
122 8 13 17 0.03260642 
548 172 11 13 0.032575604 
25 466 7 7 0.03242647 
127 406 5 5 0.032206897 
146 474 7 8 0.032098915 
599 186 12 17 0.031829398 
152 3 10 18 0.03177714 
106 612 10 10 0.031746592 
395 193 12 18 0.03167388 
287 455 7 7 0.031643875 
306 194 24 39 0.031623367 
487 442 39 66 0.031338323 
519 195 12 18 0.031290438 
25 555 6 9 0.031189332 
114 230 4 8 0.031151038 
70 556 8 10 0.031097898 
204 542 7 9 0.03107902 
70 435 8 8 0.031049034 
96 429 7 7 0.030919246 
325 159 33 48 0.030846167 
255 535 8 14 0.030840786 
71 504 8 8 0.030834617 
167 511 78 80 0.030777497 
140 454 6 7 0.03074655 
89 561 8 9 0.030724624 
109 447 7 7 0.03067132 
539 160 22 24 0.030498179 
564 171 35 50 0.030478686 
233 362 29 27 0.030375076 
62 441 8 7 0.030293675 
16 569 5 9 0.030269602 
497 169 21 23 0.030203978 
342 163 18 30 0.030116225 
271 602 5 7 0.030107396 
326 391 6 6 0.030050559 
205 530 5 7 0.029981636 
170 412 61 86 0.02991847 
24 455 7 7 0.029828267 
288 540 7 10 0.02982664 
135 455 6 6 0.029793425 
130 659 10 11 0.02975427 
186 460 4 7 0.02965456 
7 519 5 9 0.02959803 
205 171 7 14 0.029566847 
369 158 9 11 0.02950937 
187 480 5 8 0.029450333 
376 159 8 11 0.029429082 
160 599 9 9 0.029418036 
546 165 10 11 0.02938055 
352 440 6 7 0.029368898 
440 193 17 26 0.029312296 
303 549 6 7 0.029233262 
593 179 32 47 0.029224208 
82 606 10 10 0.029130407 
283 486 6 7 0.0291128 
173 414 4 7 0.029043358 
14 542 4 8 0.029034257 
38 206 9 16 0.02897749 
340 537 5 9 0.028973565 
217 581 7 11 0.028962709 
550 295 9 14 0.028908337 
276 543 5 7 0.028838383 
165 396 6 8 0.028714482 
311 306 41 50 0.028686067 
190 531 6 9 0.028500855 
739 176 12 19 0.028428866 
94 448 8 7 0.028422084 
196 190 21 40 0.028334076 
97 411 6 6 0.028320963 
0 198 7 14 0.028246524 
203 550 7 8 0.02824619 
160 422 6 7 0.028185377 
168 457 5 6 0.028178973 
210 530 5 8 0.028145468 
440 171 35 45 0.028139377 
330 207 11 18 0.028105471 
65 472 7 7 0.028084783 
89 517 8 8 0.028082281 
273 618 7 8 0.028073749 
160 456 6 6 0.028047336 
2 593 5 9 0.028030638 
513 220 29 46 0.028011758 
1 549 4 10 0.028008558 
45 506 7 8 0.027958097 
234 204 33 69 0.027830705 
38 475 5 6 0.027829207 
82 352 7 8 0.027792608 
248 506 7 7 0.02769868 
36 442 7 9 0.027651636 
109 474 8 8 0.027629202 
49 564 8 9 0.02757425 
13 523 6 8 0.027527373 
32 453 8 9 0.027512163 
198 181 7 14 0.027463494 
88 480 8 8 0.027418347 
141 481 7 8 0.027408008 
289 399 5 5 0.027297715 
64 429 6 6 0.027168721 
25 569 6 8 0.027085433 
22 194 10 12 0.027084338 
52 491 7 8 0.027059019 
437 225 20 28 0.02699089 
368 201 21 39 0.026951592 
508 148 10 14 0.026951468 
302 398 5 5 0.026838465 
190 556 7 8 0.02683214 
53 424 7 8 0.026830994 
255 237 9 20 0.026828514 
145 421 6 7 0.026819708 
14 468 5 8 0.02668102 
50 474 7 7 0.026526362 
167 478 7 8 0.026519135 
156 191 35 66 0.026485495 
257 513 6 7 0.026438171 
138 128 62 90 0.02634924 
20 587 6 9 0.026296988 
328 488 5 6 0.026273618 
118 124 18 39 0.026209712 
1021 217 25 47 0.026141739 
306 397 6 5 0.026109213 
9 496 86 82 0.026058301 
333 607 5 6 0.026002593 
283 456 6 6 0.025987808 
82 435 7 7 0.025982799 
83 176 39 66 0.025977606 
146 352 5 7 0.025968162 
178 556 7 8 0.025940232 
339 398 5 6 0.025939578 
43 229 18 33 0.025939265 
172 478 7 9 0.02579723 
160 555 8 7 0.02577347 
903 177 34 31 0.02576157 
351 174 8 15 0.025749266 
50 467 7 7 0.025671218 
563 156 7 13 0.025669113 
905 162 23 31 0.025666758 
508 181 32 45 0.025663266 
344 157 8 9 0.025622223 
127 536 8 9 0.025605729 
361 155 11 12 0.025601136 
434 165 9 14 0.02558545 
19 497 5 8 0.025578488 
63 523 7 7 0.025575366 
58 441 7 8 0.02556683 
63 519 8 7 0.025478225 
12 588 5 9 0.025454273 
282 604 6 6 0.025442079 
0 563 4 9 0.025392903 
65 472 98 72 0.025377234 
382 158 8 11 0.025352985 
23 618 7 9 0.025343811 
250 447 7 7 0.02530668 
481 400 22 33 0.025272567 
452 177 18 25 0.025263818 
23 523 8 9 0.025168756 
84 422 7 6 0.02516844 
331 560 8 13 0.025155673 
36 531 7 7 0.025132839 
158 542 10 9 0.02511664 
294 618 5 9 0.025078254 
324 214 11 20 0.025056971 
149 453 78 84 0.024984008 
94 517 8 8 0.024954662 
109 417 5 5 0.024939464 
17 238 10 17 0.02490168 
161 449 6 6 0.024824714 
307 394 5 4 0.024808228 
89 435 8 7 0.024799647 
25 530 7 8 0.02478719 
679 148 22 29 0.024776496 
288 447 7 9 0.024722597 
161 443 5 6 0.024669735 
14 632 5 8 0.02463129 
589 215 30 58 0.024617461 
26 251 36 47 0.024598485 
82 455 7 6 0.024587365 
159 475 6 7 0.024562413 
180 506 5 6 0.024525827 
316 265 10 13 0.02451784 
516 353 9 14 0.024474699 
107 568 9 8 0.024471415 
243 443 6 9 0.02442676 
179 513 5 7 0.024370968 
117 354 5 6 0.024331788 
8 548 82 79 0.0243254 
585 179 20 27 0.024312451 
415 153 15 23 0.024287824 
82 561 7 9 0.024259401 
301 461 6 5 0.024241237 
359 571 23 21 0.02418705 
1029 479 17 27 0.024174264 
140 485 6 7 0.024148427 
279 493 7 9 0.02412295 
427 173 16 29 0.024106331 
210 542 5 9 0.024105646 
31 196 8 11 0.02408376 
65 469 6 6 0.024073599 
198 537 7 8 0.024049973 
1 538 5 10 0.024041122 
784 132 23 30 0.024025854 
38 427 6 10 0.024022512 
159 520 7 8 0.024010586 
167 109 61 95 0.023989044 
300 456 5 6 0.023893274 
722 168 22 36 0.023871372 
446 205 10 19 0.023824811 
30 493 6 8 0.023786157 
278 307 12 11 0.023783326 
72 354 12 12 0.023760509 
140 463 6 6 0.023750424 
159 486 7 7 0.02374476 
447 82 8 15 0.023740925 
45 584 7 7 0.02368245 
81 593 9 10 0.023681274 
204 579 7 9 0.023679305 
166 448 5 6 0.023658436 
501 218 20 33 0.023645002 
380 164 10 14 0.023627162 
190 550 7 8 0.023567617 
160 499 5 6 0.023553694 
199 526 5 8 0.023550231 
400 264 28 34 0.023547525 
97 405 6 5 0.023546131 
135 462 5 5 0.0235296 
369 165 11 15 0.023514543 
260 512 8 8 0.023511576 
157 533 9 8 0.023493823 
108 443 8 7 0.0234448 
559 459 34 58 0.023426093 
237 561 6 9 0.023383599 
76 461 6 6 0.023265958 
289 564 7 8 0.023241667 
56 620 9 9 0.02322156 
1 499 4 8 0.023212703 
156 223 16 33 0.02320637 
193 491 5 8 0.023178108 
179 532 8 9 0.023173641 
474 203 18 32 0.023156023 
21 478 6 8 0.023124833 
186 646 5 6 0.02311942 
95 555 8 9 0.023035116 
59 456 6 6 0.023034131 
179 577 8 9 0.023008617 
503 356 25 27 0.023004232 
287 461 7 6 0.022996936 
882 479 96 106 0.022982668 
261 499 7 8 0.022965185 
65 436 6 7 0.022963604 
101 361 8 6 0.022943 
69 531 8 8 0.022896612 
426 313 14 16 0.02285232 
152 654 8 10 0.022847803 
39 510 6 8 0.022816999 
90 454 6 7 0.022762198 
718 331 372 340 0.02275322 
420 181 58 83 0.022729393 
262 506 6 6 0.022714369 
49 523 7 8 0.02266263 
191 596 7 7 0.022659782 
517 124 10 11 0.022533922 
46 207 18 32 0.022529956 
186 600 8 7 0.022507153 
17 213 18 28 0.022402894 
12 499 4 8 0.022385856 
58 567 7 9 0.022369437 
18 523 7 9 0.022323616 
269 556 5 8 0.022309123 
204 556 6 8 0.022308534 
352 606 7 8 0.02230189 
754 314 7 15 0.02229323 
178 219 30 55 0.022284606 
146 435 6 7 0.022284431 
288 442 6 7 0.022267045 
357 603 7 9 0.022239553 
58 461 5 6 0.022237932 
324 113 40 46 0.022179492 
509 180 11 18 0.022175081 
523 151 12 16 0.02217216 
186 514 5 7 0.022158124 
359 457 10 14 0.02206122 
234 420 8 12 0.0220431 
1014 443 19 29 0.022040864 
283 393 5 5 0.022025948 
115 470 7 6 0.0219878 
359 429 5 7 0.021983821 
275 411 6 7 0.021964945 
90 449 7 7 0.021945642 
151 556 8 8 0.021928549 
152 542 8 8 0.021926574 
546 170 35 54 0.021921253 
171 380 9 14 0.021909535 
681 150 12 14 0.021832202 
120 592 10 10 0.021800794 
193 461 3 7 0.021798939 
332 277 9 12 0.021798702 
338 554 5 11 0.021750702 
191 576 8 10 0.021731932 
119 500 9 8 0.02167905 
339 392 6 5 0.021671247 
196 199 11 23 0.021639425 
19 467 7 7 0.021579806 
101 613 10 11 0.021576645 
65 609 8 9 0.0215532 
159 403 6 7 0.021534406 
83 497 8 8 0.02152899 
89 206 353 324 0.021483883 
503 299 31 40 0.021456966 
249 511 6 7 0.021434871 
19 518 7 9 0.021416094 
6 530 4 7 0.021409295 
477 201 11 16 0.021392692 
207 167 35 62 0.021391174 
394 628 13 13 0.021370402 
175 600 10 9 0.02136951 
184 492 6 7 0.021355433 
65 387 5 5 0.021348398 
187 653 5 8 0.02133823 
358 464 10 15 0.021333223 
667 166 21 34 0.021316826 
315 461 6 5 0.021314707 
173 184 24 36 0.021295846 
209 580 8 10 0.021268666 
362 128 11 13 0.021255728 
531 189 7 13 0.02120464 
328 492 6 6 0.021203874 
80 347 7 8 0.021190636 
339 443 6 7 0.021170586 
253 466 7 7 0.021158854 
97 361 6 5 0.021136358 
121 199 36 62 0.0211202 
525 430 20 40 0.021088129 
50 180 56 78 0.021073598 
49 583 8 8 0.021058029 
368 129 11 12 0.021047011 
87 557 9 9 0.021014918 
164 421 6 8 0.021005856 
135 526 8 9 0.020976773 
4 576 5 9 0.02095149 
151 594 8 11 0.020914653 
118 602 12 11 0.020909904 
369 152 8 11 0.020849386 
134 7 38 63 0.020840667 
45 429 6 7 0.020837065 
152 532 8 7 0.020801459 
95 575 8 9 0.020799669 
62 586 8 9 0.020776052 
119 568 9 8 0.020775493 
452 358 24 23 0.0206929 
185 550 7 7 0.02068859 
373 274 6 7 0.020686753 
1 491 5 11 0.02068115 
315 561 6 8 0.020584263 
271 599 4 4 0.020582404 
160 436 5 5 0.020579299 
73 627 9 9 0.02045816 
302 468 6 6 0.020428114 
24 563 7 9 0.020417498 
27 583 6 8 0.020390881 
430 226 34 54 0.020363925 
172 492 5 7 0.020358982 
339 385 6 5 0.02035344 
702 182 25 39 0.020349827 
380 188 11 17 0.02032448 
53 429 5 5 0.02030806 
281 499 7 7 0.020306509 
147 511 7 7 0.020299165 
821 145 21 31 0.020290498 
285 602 7 9 0.020282246 
191 562 8 9 0.020234866 
127 562 8 8 0.020232933 
283 398 5 6 0.020225113 
57 392 5 5 0.020220505 
430 161 18 26 0.020211847 
65 536 7 8 0.020193936 
83 468 7 7 0.020173285 
164 543 8 8 0.020161908 
152 399 5 6 0.020134134 
315 393 4 5 0.020115225 
128 442 6 6 0.020113312 
285 308 7 8 0.020086644 
110 406 4 5 0.02005505 
153 499 6 6 0.02005332 
314 398 5 4 0.02005186 
110 410 6 7 0.020023698 
