6_Funeral_Funeral_6_160
74
870 249 64 95 0.9997079 
897 97 57 91 0.99953806 
612 374 35 54 0.9985844 
204 178 62 92 0.9972691 
158 217 59 95 0.99657494 
30 225 54 106 0.9957094 
358 219 31 48 0.9952566 
364 305 42 62 0.99388313 
783 208 45 77 0.98715657 
833 125 46 73 0.98244196 
720 156 34 62 0.9806316 
751 170 40 74 0.977927 
-3 136 56 130 0.7645592 
57 84 34 87 0.736579 
277 197 42 77 0.6479995 
297 183 33 65 0.582066 
282 786 136 236 0.35925847 
720 188 29 61 0.3214148 
87 189 43 81 0.29220322 
863 211 42 70 0.218597 
990 69 42 99 0.11108229 
64 206 50 98 0.110980906 
29 107 49 115 0.100815155 
143 765 516 708 0.100447156 
519 401 17 27 0.099259354 
134 183 30 48 0.08776185 
335 275 16 29 0.07083641 
992 170 35 69 0.06959929 
862 108 51 78 0.06493029 
351 1513 14 27 0.061677855 
838 771 13 16 0.06107709 
510 1515 13 22 0.055110764 
273 442 37 51 0.049756538 
821 1529 11 17 0.046819523 
45 154 53 104 0.044679433 
131 471 92 65 0.041664265 
138 191 53 85 0.041242152 
118 212 53 93 0.04107865 
244 205 37 62 0.039011165 
681 327 29 48 0.037363194 
529 489 16 20 0.03695749 
589 1522 11 19 0.036172755 
325 257 42 69 0.033981938 
6 206 38 68 0.033158038 
854 811 13 17 0.033121534 
479 500 14 19 0.03257854 
857 163 51 86 0.031907063 
922 178 47 86 0.031843256 
931 230 36 60 0.030939061 
839 778 15 23 0.030541519 
760 602 28 43 0.029463328 
769 186 43 70 0.029430127 
328 234 29 52 0.028179215 
349 303 32 47 0.028171536 
501 467 15 17 0.0278184 
417 500 11 18 0.02675312 
324 254 18 34 0.025922505 
649 635 120 115 0.025466152 
533 1515 9 15 0.025342802 
552 1517 14 22 0.02469104 
992 856 33 70 0.023915015 
707 349 50 75 0.022945771 
118 540 78 75 0.022858985 
944 815 43 82 0.02237699 
332 344 26 45 0.022320706 
416 477 10 18 0.021899961 
986 816 34 64 0.021842856 
110 194 34 57 0.021762375 
837 764 15 14 0.021327145 
294 938 18 21 0.021305995 
178 265 38 65 0.02115589 
328 193 41 70 0.020933025 
471 449 13 21 0.020860624 
606 230 31 59 0.020686053 
