6_Funeral_Funeral_6_531
974
135 324 18 23 0.9980515 
80 332 23 24 0.99396014 
43 338 20 22 0.96397257 
164 319 17 20 0.94151336 
195 313 13 19 0.93511355 
322 278 11 18 0.8825385 
339 280 11 14 0.88235426 
383 267 12 15 0.8495758 
229 326 12 19 0.80258405 
263 292 12 16 0.7824176 
412 264 11 15 0.7314913 
434 252 9 14 0.7182121 
353 279 9 13 0.69206005 
514 83 14 15 0.67895955 
447 248 8 13 0.53251016 
271 284 10 15 0.51788706 
800 189 8 14 0.43950766 
523 234 9 10 0.43500617 
479 242 7 10 0.41839644 
866 219 9 13 0.41655275 
952 218 10 17 0.4057075 
777 193 9 17 0.39316988 
934 214 9 14 0.3645762 
490 252 8 11 0.3640382 
404 263 9 13 0.3567222 
588 81 8 11 0.33472642 
812 200 10 13 0.32615015 
460 258 9 13 0.30948994 
115 328 9 14 0.30600062 
497 85 9 15 0.2836504 
612 94 8 12 0.28301868 
978 251 23 23 0.2645598 
601 226 8 12 0.26188916 
485 70 11 15 0.24971513 
888 13 10 13 0.24112242 
652 9 9 11 0.2380784 
857 229 10 13 0.22058205 
246 308 11 16 0.21992742 
989 248 21 19 0.21416236 
512 246 8 10 0.20800468 
534 138 10 16 0.20194559 
486 260 8 11 0.1945804 
557 130 8 13 0.19348906 
837 168 10 11 0.1934162 
537 233 8 10 0.19041644 
246 293 11 19 0.18814105 
215 328 17 24 0.18489547 
587 233 6 9 0.18122083 
807 177 8 12 0.17934474 
221 313 12 17 0.17278998 
582 234 8 10 0.16859256 
472 121 10 15 0.16685082 
560 93 9 11 0.16014084 
418 260 11 14 0.15894113 
552 36 8 10 0.15882775 
828 238 12 12 0.15759501 
174 322 12 16 0.15648507 
773 270 10 11 0.1540022 
655 5 10 9 0.15367976 
555 109 9 13 0.14730473 
799 140 8 10 0.14642012 
963 157 9 9 0.13970059 
472 91 11 14 0.13829803 
527 105 8 12 0.13805597 
899 215 9 11 0.13628532 
892 242 10 11 0.1337542 
1007 181 12 12 0.1318782 
595 128 10 13 0.13183896 
976 208 10 11 0.12932177 
504 162 11 11 0.12586063 
813 123 8 10 0.12163486 
671 213 9 11 0.12028054 
540 106 8 12 0.11818621 
948 219 8 14 0.11727936 
461 36 8 12 0.11657502 
804 134 7 10 0.11446347 
435 7 11 13 0.11222338 
720 275 9 10 0.112088814 
569 130 8 14 0.11185385 
635 8 11 12 0.11135029 
734 226 10 13 0.11110296 
844 132 10 9 0.11074763 
512 231 7 8 0.110736206 
453 92 7 13 0.11063394 
596 229 5 10 0.109852515 
348 7 12 12 0.10892528 
292 308 10 19 0.105353415 
962 232 12 16 0.10531365 
101 334 11 12 0.104433745 
790 167 12 14 0.10428065 
499 124 9 15 0.10326897 
594 141 10 14 0.10255419 
853 239 13 15 0.10243365 
875 175 9 10 0.10227165 
464 98 9 12 0.102152325 
510 209 7 10 0.10156758 
785 129 11 13 0.10147867 
448 42 7 9 0.101280965 
541 100 9 11 0.10096265 
439 240 7 12 0.100714944 
646 154 9 14 0.10056268 
452 42 8 10 0.10035921 
501 54 10 11 0.099623576 
665 11 9 10 0.09834065 
538 110 9 14 0.09807873 
919 152 9 11 0.09615618 
818 376 8 8 0.09591093 
567 119 8 12 0.094640434 
935 0 10 8 0.09453896 
904 2 14 12 0.09432692 
883 137 8 11 0.09370194 
529 77 11 13 0.09332092 
661 326 17 18 0.092114575 
505 103 9 15 0.09209397 
588 76 8 10 0.0915287 
844 22 8 13 0.091471836 
576 107 9 11 0.09030751 
793 193 7 13 0.085911855 
620 108 6 8 0.0853811 
913 235 7 8 0.084326565 
868 260 10 13 0.081634365 
877 213 9 11 0.081524424 
863 183 8 11 0.08132002 
557 223 7 10 0.08131398 
826 132 9 9 0.0809426 
200 357 18 24 0.079820104 
711 200 9 15 0.079356074 
831 4 6 7 0.07929081 
394 55 7 11 0.07897587 
159 322 12 14 0.07834099 
505 227 7 9 0.077752784 
499 274 7 9 0.077719375 
516 243 8 9 0.07685022 
434 98 8 12 0.07642277 
786 192 8 16 0.07610692 
585 274 6 7 0.07591747 
292 298 8 13 0.07588127 
540 215 9 11 0.07559223 
422 22 7 11 0.07373474 
329 283 9 14 0.07258614 
792 180 8 12 0.072461374 
888 245 11 11 0.07207325 
550 111 7 13 0.07154719 
657 211 10 11 0.07143875 
907 234 9 11 0.071362816 
522 159 7 13 0.071130514 
440 246 8 15 0.07109096 
549 222 9 11 0.07067404 
797 177 8 11 0.0703438 
619 27 8 11 0.07034116 
826 4 6 7 0.069609806 
486 248 8 10 0.06918214 
644 229 7 11 0.06896245 
563 119 7 12 0.06851567 
564 74 7 9 0.06842355 
926 28 15 13 0.06809438 
653 228 7 10 0.06793787 
506 150 9 13 0.06749349 
551 106 7 11 0.067452386 
563 69 7 10 0.06742195 
510 235 7 7 0.067333736 
802 289 10 14 0.06682918 
599 0 7 7 0.06682461 
363 278 8 11 0.06608902 
497 74 9 14 0.06544588 
464 50 10 13 0.065395184 
569 84 7 8 0.06515025 
521 63 10 10 0.065119125 
991 43 20 26 0.06488506 
707 9 9 11 0.064546496 
773 301 12 13 0.064436845 
903 140 6 8 0.06424481 
911 209 9 9 0.06408081 
887 207 8 11 0.064032674 
523 48 8 10 0.063910745 
453 38 7 9 0.06380602 
512 253 8 10 0.06370678 
666 300 8 16 0.06349906 
555 136 8 13 0.06262109 
536 118 8 13 0.06258351 
107 332 7 11 0.062363982 
875 51 11 10 0.06222614 
857 159 7 9 0.062045272 
211 324 10 17 0.06191269 
461 276 9 13 0.061841525 
581 123 10 12 0.06156191 
561 89 7 9 0.061353423 
541 66 9 12 0.061270006 
578 235 6 9 0.061230794 
221 304 10 13 0.06082852 
787 182 7 10 0.060635854 
963 243 11 14 0.060546726 
829 210 12 12 0.060476862 
755 200 7 13 0.060465075 
810 179 10 13 0.06014401 
806 200 10 13 0.060107335 
502 280 5 8 0.059526008 
151 327 10 14 0.059110988 
220 319 15 23 0.05892713 
989 200 11 12 0.05882311 
575 126 8 12 0.058388922 
519 267 7 9 0.05831697 
613 132 10 12 0.058277294 
869 245 12 12 0.05818088 
906 203 10 9 0.058041096 
823 182 11 10 0.058013376 
735 267 10 11 0.057617277 
548 260 6 8 0.057328854 
283 288 12 16 0.05729992 
454 125 9 15 0.0572864 
591 70 6 8 0.05683174 
791 231 7 15 0.056042522 
182 302 9 14 0.05584295 
472 62 11 12 0.055812806 
550 138 6 10 0.055636924 
498 269 7 8 0.055523913 
407 22 10 12 0.05549614 
905 167 8 14 0.05486477 
812 393 10 9 0.05482196 
554 145 8 12 0.054819096 
746 270 10 11 0.054553784 
896 209 7 8 0.05427673 
543 259 8 9 0.05424934 
517 229 9 10 0.054214228 
531 164 9 12 0.05419011 
516 113 9 13 0.053596735 
715 125 8 14 0.053570557 
939 217 8 13 0.05317536 
961 155 8 8 0.05299508 
957 26 14 14 0.05291517 
127 333 9 15 0.05287703 
918 243 10 11 0.052493826 
252 292 12 21 0.052399218 
552 80 7 11 0.05235678 
1014 180 10 13 0.051908676 
747 250 10 12 0.051799566 
765 188 8 13 0.051698737 
802 233 13 17 0.051244196 
473 111 9 14 0.051199984 
530 123 8 12 0.051157564 
210 316 10 15 0.050801896 
419 11 9 11 0.050429687 
541 117 8 14 0.050191488 
803 209 10 13 0.05006854 
882 21 9 10 0.050068177 
499 255 5 9 0.050057746 
574 118 8 12 0.049779106 
388 17 9 10 0.049643572 
743 181 7 11 0.04955814 
451 63 7 11 0.049316082 
435 143 8 11 0.049247414 
542 143 7 14 0.049238194 
705 4 8 10 0.049222577 
879 208 12 12 0.04921658 
702 102 9 15 0.049070667 
837 246 10 12 0.049064893 
684 10 7 10 0.048972998 
609 7 7 7 0.048938412 
807 378 6 6 0.04877975 
531 30 6 9 0.04866373 
537 25 6 9 0.048631743 
480 155 10 12 0.048402667 
602 81 7 8 0.04808881 
903 249 8 9 0.048088357 
315 282 9 15 0.047938667 
819 94 6 7 0.047657426 
646 9 7 11 0.047629986 
764 254 9 11 0.047591716 
561 134 8 13 0.04749902 
996 201 9 13 0.047275648 
39 343 11 13 0.047205295 
754 134 11 10 0.047036488 
704 0 7 8 0.047004066 
447 98 7 12 0.046777148 
739 271 10 11 0.046765223 
740 140 11 10 0.046682645 
785 162 11 14 0.0466497 
561 125 8 15 0.04660686 
523 123 9 13 0.046568166 
579 92 8 10 0.046471056 
635 290 7 12 0.046437413 
614 105 8 10 0.046309102 
781 181 8 11 0.046204366 
935 164 8 9 0.04616585 
959 224 9 14 0.046095014 
406 62 9 13 0.045816176 
750 200 7 14 0.04557408 
466 241 7 10 0.04501963 
830 153 6 7 0.04492182 
515 131 9 13 0.044896133 
524 31 7 10 0.044855196 
459 72 10 12 0.044790268 
544 43 6 9 0.044764057 
862 164 8 9 0.044463664 
813 379 7 6 0.044461735 
637 146 8 11 0.04445156 
498 288 5 7 0.044295724 
613 219 6 11 0.044166487 
529 41 8 12 0.043626536 
867 210 10 11 0.043581475 
403 16 10 11 0.043533638 
646 16 7 10 0.04352427 
977 248 11 14 0.04351371 
414 54 7 11 0.043459877 
533 24 5 8 0.04307811 
119 316 7 14 0.043076284 
814 141 6 7 0.04307464 
627 101 7 8 0.04301982 
958 128 10 11 0.042851016 
780 254 8 10 0.04284821 
787 5 7 8 0.042842347 
612 138 9 12 0.04268099 
664 213 8 11 0.042612076 
512 260 6 7 0.04258509 
906 220 9 11 0.042564962 
828 184 10 10 0.042534146 
493 164 7 9 0.042412523 
868 252 11 12 0.042307757 
970 246 9 12 0.042168047 
504 275 5 8 0.042126924 
766 268 10 11 0.042113435 
785 416 8 7 0.041900877 
618 95 7 10 0.04163792 
902 7 11 13 0.041529592 
800 213 10 15 0.041466665 
440 237 6 8 0.041368056 
839 2 5 6 0.04127533 
499 42 8 9 0.041184396 
807 186 17 20 0.041067474 
606 126 8 12 0.041044224 
851 160 6 8 0.041034237 
900 211 8 9 0.040995933 
554 32 7 9 0.04088299 
691 4 6 9 0.040798217 
627 154 8 13 0.040754054 
849 234 11 13 0.04074102 
465 159 8 9 0.040716115 
537 196 7 9 0.040618245 
871 147 6 8 0.040583994 
438 14 10 13 0.04047354 
912 3 11 10 0.040365174 
557 68 7 9 0.03999476 
915 179 7 8 0.03984212 
760 197 7 12 0.039821453 
579 18 8 9 0.03981855 
886 134 9 10 0.039579287 
636 14 10 12 0.039563466 
626 244 6 7 0.039461855 
972 160 7 8 0.039422352 
498 163 7 9 0.039332587 
456 38 16 19 0.03905967 
828 128 9 8 0.039051387 
608 97 8 11 0.039037995 
287 302 10 16 0.038956698 
543 219 9 11 0.038820542 
912 230 7 9 0.03877844 
800 6 5 7 0.03873776 
549 145 8 13 0.03869463 
577 89 7 9 0.03868174 
180 327 9 15 0.038604222 
482 260 7 11 0.03858326 
718 279 9 13 0.038536165 
485 215 7 7 0.038472954 
460 53 9 12 0.038430847 
0 382 4 10 0.038423587 
641 234 7 10 0.03834472 
423 74 7 10 0.03825897 
664 5 7 8 0.03816984 
483 242 7 9 0.038151544 
432 14 11 14 0.03814754 
587 222 7 11 0.03810445 
434 57 7 8 0.03807077 
766 194 10 15 0.0379068 
829 158 7 7 0.037617248 
978 161 7 8 0.037610635 
512 62 7 10 0.037507042 
541 37 8 9 0.037398815 
835 234 10 12 0.037329957 
469 55 10 10 0.03727249 
887 222 8 9 0.03719813 
439 257 7 12 0.037172265 
476 246 5 9 0.037140176 
1017 202 6 11 0.037121564 
632 136 11 12 0.03703606 
554 75 7 10 0.03693034 
756 118 9 10 0.03689895 
462 240 6 9 0.036852714 
575 223 5 8 0.036734868 
870 177 7 9 0.036694538 
62 348 9 12 0.036691234 
774 4 9 9 0.03668537 
816 178 10 11 0.036613733 
608 81 8 9 0.036580883 
818 144 7 8 0.036573038 
620 113 7 12 0.036501613 
957 203 10 10 0.03644968 
607 90 8 9 0.036289513 
930 264 10 11 0.036274593 
841 166 9 9 0.036253165 
684 182 7 11 0.03618297 
807 5 5 7 0.036177933 
732 157 21 21 0.036159612 
452 251 7 12 0.036132142 
400 6 9 9 0.036066815 
883 221 8 9 0.036022246 
672 145 7 11 0.035988715 
0 364 6 11 0.035869695 
505 214 7 9 0.035847645 
897 219 7 10 0.0358263 
787 236 7 15 0.035824347 
544 248 6 7 0.03571067 
613 7 6 7 0.035412505 
569 168 8 13 0.03524557 
972 152 6 8 0.03513083 
802 180 14 19 0.035090093 
628 130 9 13 0.035048388 
804 193 9 13 0.034866728 
941 46 14 12 0.03479761 
569 115 7 9 0.034764502 
118 331 11 16 0.034672346 
881 176 9 10 0.03466335 
543 242 6 8 0.034651134 
664 2 6 6 0.034590077 
527 231 8 8 0.034157816 
603 246 7 10 0.034027502 
25 353 10 13 0.03400645 
861 246 11 11 0.033962753 
819 375 5 5 0.03390616 
594 223 7 11 0.033874553 
495 274 5 8 0.03385368 
794 242 8 16 0.03385171 
902 205 9 8 0.03374815 
903 242 7 8 0.03368929 
502 59 10 11 0.033647753 
539 295 5 7 0.03330996 
388 49 9 14 0.033242002 
451 104 9 17 0.03322647 
842 240 10 12 0.033220384 
500 223 7 9 0.033209935 
528 68 9 10 0.03320297 
984 202 10 11 0.03308808 
824 234 12 13 0.033073667 
753 252 9 11 0.03297533 
3 339 12 15 0.032932162 
706 242 6 8 0.032928243 
862 222 15 20 0.032855902 
557 118 8 12 0.03275682 
570 223 5 8 0.032710135 
679 10 7 10 0.032652788 
698 100 7 12 0.03256615 
428 21 10 14 0.03248222 
760 268 8 10 0.032369938 
670 16 6 8 0.032298956 
549 101 8 10 0.032258134 
793 216 7 12 0.032217454 
588 129 8 11 0.03221589 
606 205 9 13 0.032048807 
1008 201 10 12 0.03203832 
743 4 8 9 0.03196956 
488 73 14 19 0.031960063 
460 119 7 13 0.03190111 
749 106 6 8 0.031896103 
609 222 6 11 0.03189601 
513 125 8 13 0.031863444 
575 136 7 12 0.031823847 
441 99 7 10 0.031643156 
504 255 7 9 0.031591576 
530 249 7 9 0.031562213 
454 224 6 7 0.03155804 
790 157 11 12 0.03143882 
502 79 9 15 0.031431735 
475 237 5 8 0.03140631 
717 122 16 24 0.03131888 
876 220 8 10 0.031310905 
1018 208 8 12 0.031239811 
343 132 11 12 0.031239754 
838 283 11 15 0.031172013 
926 221 7 11 0.031113021 
889 6 9 10 0.031048164 
575 230 6 8 0.031022035 
550 266 5 8 0.030864447 
608 142 10 14 0.030860804 
528 84 10 15 0.03082402 
439 145 7 9 0.030798016 
575 69 7 9 0.030769233 
895 152 6 7 0.030748172 
918 250 10 12 0.030644633 
560 112 8 10 0.030643037 
403 56 8 11 0.030612271 
1018 204 15 23 0.030468779 
868 23 8 9 0.03041548 
423 135 13 14 0.030400792 
784 153 11 12 0.030361934 
785 143 9 10 0.030258695 
787 11 7 9 0.030229207 
1006 140 6 8 0.030216726 
371 10 9 8 0.030161582 
395 16 7 11 0.030115297 
729 117 8 11 0.030114984 
238 115 24 27 0.029995045 
525 264 5 7 0.029935908 
873 199 20 19 0.029850144 
849 23 7 10 0.029845452 
754 291 13 10 0.029832235 
451 47 10 13 0.029819591 
207 339 19 29 0.029770477 
585 120 11 12 0.029731166 
415 254 9 13 0.029718598 
508 242 6 8 0.029679518 
861 161 7 7 0.029634167 
525 24 6 9 0.02961043 
798 407 9 10 0.029601604 
441 48 9 10 0.02958796 
792 221 7 14 0.029558565 
626 107 6 10 0.02955336 
912 204 8 9 0.029515412 
552 160 10 14 0.029453443 
678 5 6 8 0.029452447 
538 240 7 8 0.029435718 
819 91 6 6 0.029415356 
784 178 15 24 0.029337084 
493 130 8 13 0.029310107 
697 1 5 6 0.029295867 
958 218 9 11 0.029242938 
864 171 7 8 0.029207034 
920 235 8 9 0.029203976 
923 224 7 9 0.02919764 
206 244 21 21 0.029142613 
794 144 9 9 0.029111458 
761 70 7 9 0.029057229 
439 84 11 14 0.029047744 
500 260 6 8 0.02904582 
616 114 7 11 0.028992904 
625 118 8 11 0.028955642 
619 101 7 9 0.028853932 
590 248 6 9 0.028848775 
383 49 7 11 0.02883906 
491 62 10 11 0.028810713 
914 195 8 9 0.028783282 
278 285 10 15 0.028772004 
742 131 9 9 0.02875505 
0 357 5 11 0.028716225 
749 191 6 8 0.02868115 
832 12 6 8 0.028650653 
628 95 7 10 0.02863091 
737 254 7 9 0.028611042 
782 312 14 12 0.028571475 
928 260 9 11 0.028548649 
963 221 11 13 0.028486399 
906 214 10 11 0.028477626 
620 1 6 6 0.028434623 
465 110 9 15 0.028431593 
467 118 8 14 0.02843062 
773 226 6 10 0.028410537 
474 256 5 8 0.028406566 
900 213 20 22 0.028405141 
887 175 8 11 0.028371079 
456 259 8 13 0.028368784 
420 269 8 14 0.028329708 
560 226 7 10 0.028323075 
34 353 12 15 0.028315295 
807 382 6 6 0.028292604 
525 13 4 7 0.028276833 
472 166 6 8 0.028252706 
517 57 9 10 0.028251184 
829 82 10 10 0.028248515 
720 218 12 13 0.028133348 
549 63 6 9 0.028129434 
497 243 6 8 0.028098388 
146 302 10 13 0.028050503 
812 2 5 5 0.028040692 
550 42 7 9 0.02800843 
446 104 9 17 0.027995825 
792 30 10 10 0.027963731 
972 233 38 36 0.027947562 
421 312 8 9 0.027894748 
711 126 8 12 0.02784258 
576 83 5 7 0.027841568 
510 57 7 9 0.027833827 
436 237 6 8 0.02780387 
657 157 7 11 0.027799647 
936 19 11 13 0.02779062 
841 385 5 5 0.02777267 
618 204 9 12 0.027735513 
465 69 9 11 0.027722962 
826 146 7 7 0.027718715 
396 9 10 11 0.027715625 
597 4 7 8 0.027708689 
833 166 7 8 0.027691638 
884 4 8 8 0.027563646 
580 34 10 11 0.027530283 
622 242 7 8 0.027420225 
849 272 8 13 0.027371738 
717 3 7 9 0.027364837 
513 269 5 6 0.0272952 
566 94 9 10 0.02727421 
776 245 7 11 0.027269252 
895 132 6 7 0.027231017 
459 93 8 13 0.027152361 
972 214 11 11 0.027102146 
557 267 5 7 0.027024074 
441 91 9 13 0.027020356 
0 388 5 10 0.026993416 
440 22 7 10 0.026975906 
908 145 6 8 0.026941065 
737 145 9 10 0.026907224 
817 399 11 9 0.026887981 
698 435 9 8 0.026884751 
794 328 13 11 0.026830122 
573 100 12 13 0.026807271 
614 75 7 9 0.02676373 
543 95 9 11 0.026759082 
410 122 9 13 0.026758527 
631 222 8 11 0.026752392 
648 146 7 10 0.026706958 
480 254 6 10 0.026659139 
685 6 7 8 0.026652884 
901 134 7 7 0.026631456 
564 214 7 9 0.026628494 
122 232 9 10 0.026592465 
1009 159 7 8 0.026590578 
781 422 6 6 0.026543027 
840 213 10 11 0.026503548 
850 60 11 11 0.026393073 
441 264 7 13 0.026390089 
508 145 9 11 0.026352882 
982 248 13 16 0.026339473 
601 118 8 12 0.026339315 
781 168 8 11 0.026282182 
543 230 7 8 0.026266946 
915 22 11 10 0.026240272 
1017 223 10 15 0.02615121 
692 2 5 6 0.026132854 
810 115 8 9 0.02610935 
538 64 8 9 0.026052795 
768 63 7 10 0.026007958 
485 131 7 12 0.025987417 
539 258 7 10 0.025971672 
896 147 6 7 0.025966754 
786 205 8 14 0.025937606 
377 267 10 13 0.025900379 
1004 188 10 11 0.025879564 
858 23 8 10 0.025874054 
497 248 6 9 0.025855467 
547 214 8 11 0.02583548 
507 248 7 9 0.025827035 
428 78 7 14 0.025816634 
848 194 10 11 0.025788922 
813 93 7 8 0.025706174 
529 110 8 13 0.025704844 
344 27 8 11 0.025690537 
816 381 10 9 0.025621913 
627 248 6 7 0.025616735 
843 311 10 9 0.025615618 
383 22 7 10 0.025587106 
672 45 6 9 0.02551854 
697 18 7 9 0.025502473 
872 52 8 7 0.025500808 
485 64 10 13 0.025497876 
516 76 11 12 0.02548015 
447 273 5 9 0.025466004 
614 182 9 12 0.025433715 
907 229 17 20 0.025429996 
903 161 6 7 0.025423791 
554 41 8 9 0.025418522 
809 291 9 12 0.025405858 
897 140 6 8 0.025398929 
421 35 7 11 0.025392342 
619 5 7 7 0.025379341 
831 148 5 5 0.025375567 
847 80 10 10 0.02531954 
659 142 9 13 0.02531637 
660 303 7 13 0.025303155 
653 93 7 10 0.025295554 
663 204 9 11 0.025255026 
550 87 8 10 0.025136193 
366 5 8 8 0.025107877 
929 128 6 6 0.02510346 
985 113 8 10 0.025096342 
549 249 6 7 0.025074413 
512 275 4 6 0.025067952 
763 311 12 11 0.025008747 
914 164 6 10 0.025004249 
914 171 6 8 0.024995917 
792 378 7 6 0.02497911 
857 120 7 7 0.024978379 
690 197 10 13 0.02493898 
549 94 8 10 0.024921374 
512 111 7 13 0.024907732 
1003 197 11 13 0.02490112 
571 229 5 7 0.024867361 
594 242 6 9 0.02486123 
491 231 7 7 0.024828587 
704 263 8 11 0.024822086 
370 249 5 7 0.024803564 
742 107 6 8 0.024796106 
1005 200 17 23 0.024792345 
602 33 6 7 0.024768827 
915 148 6 7 0.024768185 
866 315 11 12 0.024724506 
921 149 6 7 0.024683215 
809 390 19 16 0.024660658 
503 68 8 10 0.024651568 
796 156 10 12 0.024600875 
655 15 8 11 0.02456852 
1008 165 8 9 0.024548149 
31 325 7 9 0.024536636 
774 141 8 9 0.024526715 
476 98 10 15 0.024524571 
772 279 9 11 0.024451619 
549 235 7 8 0.024441348 
818 226 9 13 0.024439415 
939 161 7 7 0.024429878 
953 209 9 10 0.024385672 
808 395 8 7 0.024369657 
472 259 6 11 0.024353372 
826 213 9 11 0.024339745 
441 130 9 12 0.02432839 
574 167 9 16 0.024284603 
887 216 8 10 0.024260605 
967 227 13 16 0.02425476 
358 33 10 14 0.024232866 
925 228 6 9 0.024187483 
734 152 11 11 0.024154823 
376 104 11 15 0.024145849 
443 230 5 7 0.024077205 
963 217 9 10 0.024072163 
861 61 12 10 0.024070427 
429 258 7 12 0.024055673 
595 63 5 6 0.024047306 
504 269 5 7 0.023989998 
75 339 14 14 0.023989012 
779 140 8 9 0.023987414 
414 278 9 16 0.023968894 
523 152 6 9 0.023957344 
524 249 7 8 0.023956535 
949 203 7 8 0.023933385 
614 10 6 8 0.023868145 
861 17 10 10 0.023852061 
241 329 8 15 0.023819318 
396 137 8 13 0.023785083 
429 58 7 8 0.02375063 
4 363 6 10 0.02372487 
493 151 9 12 0.023705412 
564 83 6 8 0.023681246 
509 90 11 14 0.023680331 
831 122 8 7 0.02365048 
408 55 8 10 0.02361212 
499 217 6 6 0.023609795 
918 55 10 8 0.023574075 
778 241 7 11 0.023557639 
228 305 8 13 0.023541788 
825 140 8 8 0.023507098 
449 205 5 6 0.023441263 
824 202 8 11 0.02343576 
0 352 6 10 0.023429673 
531 193 5 6 0.023415582 
601 112 8 11 0.023361273 
397 5 19 20 0.023354787 
856 51 7 8 0.023301354 
617 171 8 11 0.023301195 
874 147 6 8 0.023270782 
25 341 10 13 0.023247316 
779 69 6 7 0.023211222 
531 131 8 12 0.023196641 
297 310 8 14 0.023190182 
512 288 5 6 0.02316572 
570 107 7 10 0.023158621 
956 198 9 9 0.023150682 
645 224 6 8 0.023140144 
408 6 20 20 0.023134906 
1003 166 19 24 0.023124008 
854 190 9 11 0.023122566 
850 52 9 8 0.02309022 
1004 206 9 12 0.023076091 
863 78 8 8 0.023075854 
841 228 11 12 0.02305071 
477 238 8 9 0.023033734 
728 1 8 7 0.02300254 
486 54 9 10 0.022999618 
1030 239 17 24 0.022983503 
518 144 7 10 0.022980774 
522 74 10 12 0.022967717 
541 196 7 9 0.022955427 
745 128 8 8 0.022940552 
460 224 6 6 0.02293568 
628 182 8 12 0.022927346 
485 84 8 12 0.022863874 
294 87 11 10 0.022825118 
803 148 10 14 0.022820748 
519 263 6 7 0.02273761 
506 287 5 6 0.022709781 
837 71 7 8 0.022701085 
893 40 10 12 0.022654679 
913 222 7 9 0.02264108 
567 76 6 8 0.022639394 
702 184 8 8 0.022630768 
491 56 8 10 0.022607842 
950 247 9 12 0.022606105 
699 397 6 5 0.022577101 
434 62 6 8 0.022575298 
617 74 8 9 0.022569973 
396 266 7 11 0.022568153 
811 400 10 8 0.022565363 
533 229 16 18 0.022564784 
549 123 8 14 0.022553947 
371 268 8 10 0.022551687 
299 297 6 11 0.022543842 
939 204 7 7 0.022492839 
899 43 10 10 0.022492252 
906 253 7 8 0.022485804 
561 107 8 11 0.022434173 
603 70 4 7 0.022426188 
574 200 8 13 0.022417853 
774 177 8 12 0.022411305 
521 54 11 12 0.022388965 
337 1 7 6 0.022379205 
882 210 18 19 0.022374641 
826 252 9 12 0.022373328 
418 78 11 16 0.022369197 
808 119 8 10 0.022345796 
974 205 19 20 0.02230669 
728 364 7 7 0.022306396 
460 60 9 13 0.022274636 
735 281 9 7 0.022261046 
491 236 7 7 0.02223405 
906 198 8 9 0.022215297 
420 7 7 8 0.02220471 
920 210 8 8 0.022190243 
531 176 9 11 0.02217191 
-19 435 75 127 0.02217163 
414 62 7 10 0.022124598 
465 59 11 12 0.02211336 
370 16 8 10 0.022092814 
55 342 17 24 0.022077924 
689 9 7 10 0.022068325 
479 228 8 9 0.02206781 
493 146 8 10 0.022047069 
575 51 8 9 0.022024909 
928 173 6 6 0.021998437 
530 241 7 8 0.021984546 
12 330 7 9 0.021967055 
331 563 11 13 0.02195847 
447 236 6 8 0.021908429 
837 147 5 6 0.021908225 
441 63 7 8 0.021868698 
575 144 9 13 0.021836702 
493 242 7 9 0.021834971 
839 133 9 9 0.02182103 
36 283 400 314 0.02182058 
301 111 8 10 0.021801418 
498 68 9 12 0.021776123 
592 53 38 43 0.021741446 
868 30 8 9 0.021736128 
449 223 6 7 0.0216608 
478 38 7 9 0.021654604 
728 146 6 9 0.021644797 
1030 221 17 25 0.02163933 
601 100 8 9 0.021607293 
726 125 19 22 0.021599285 
851 178 8 8 0.021596795 
530 267 5 8 0.02159591 
843 191 10 10 0.021594698 
831 42 10 9 0.021564318 
792 405 11 11 0.021560311 
670 299 8 15 0.02154466 
395 22 7 10 0.021534178 
1009 244 10 12 0.02150042 
888 145 7 10 0.021485753 
493 268 6 9 0.021478076 
773 417 7 7 0.02145595 
844 1 5 5 0.021454524 
808 379 20 19 0.021417625 
882 184 8 8 0.021382099 
627 4 6 7 0.02136595 
589 64 5 6 0.0213251 
593 111 8 11 0.021306248 
838 271 16 22 0.021283649 
586 124 17 21 0.021273222 
588 242 6 8 0.021264374 
466 229 5 6 0.021247426 
809 237 10 13 0.021224914 
193 297 9 13 0.021201925 
804 40 9 11 0.021143807 
134 310 8 11 0.021136377 
876 32 7 8 0.021108624 
1009 169 9 12 0.021107962 
482 211 6 7 0.021074332 
157 559 8 13 0.021072123 
894 237 8 9 0.021027518 
787 227 8 16 0.021027299 
874 182 10 10 0.021023214 
793 6 5 7 0.021007039 
384 137 7 11 0.020977594 
731 200 8 11 0.020963853 
235 308 10 15 0.020957686 
858 81 8 7 0.020939054 
549 242 6 8 0.020937145 
614 176 9 11 0.020926932 
641 157 8 12 0.020922687 
954 131 9 10 0.020919355 
843 385 5 6 0.020905593 
871 56 9 8 0.020899603 
633 108 6 9 0.020894876 
487 236 7 8 0.02089466 
505 260 5 7 0.020877566 
855 272 10 13 0.020859169 
507 207 6 7 0.020858614 
736 69 6 9 0.020846164 
880 69 10 12 0.020845901 
447 18 6 9 0.020835053 
601 254 5 9 0.02083168 
446 258 7 13 0.020803332 
1015 327 24 39 0.02078361 
857 184 8 10 0.020779131 
419 148 11 15 0.020764539 
595 57 6 8 0.020743228 
443 42 8 11 0.020722643 
980 70 9 9 0.020702735 
520 96 16 19 0.02069278 
608 254 6 8 0.020683061 
632 272 8 9 0.02067929 
926 39 11 12 0.020676443 
857 11 9 10 0.020665124 
504 138 7 11 0.0206314 
499 293 5 6 0.020608459 
1002 35 23 30 0.020581812 
684 430 5 6 0.020566076 
462 218 5 6 0.02054381 
851 15 33 36 0.020543443 
974 204 8 9 0.020539822 
115 307 6 7 0.020532675 
922 121 7 7 0.020531522 
839 128 7 7 0.020485904 
965 162 8 9 0.020474147 
637 242 7 8 0.020470822 
497 217 17 19 0.020448763 
918 4 10 9 0.02044802 
606 243 6 9 0.020423796 
453 31 7 9 0.020410812 
743 240 7 10 0.02040656 
16 362 9 11 0.020404292 
908 42 8 9 0.020402653 
896 200 39 42 0.020393478 
696 4 7 9 0.0203891 
805 126 8 9 0.02037778 
1015 167 16 23 0.02037773 
972 256 38 37 0.020367412 
497 136 9 13 0.020360159 
200 325 16 27 0.020336848 
640 124 8 12 0.02033091 
478 129 8 13 0.020318063 
540 30 8 11 0.020300496 
645 36 6 9 0.02029869 
678 1 5 6 0.020288814 
492 90 8 14 0.020263627 
828 178 10 10 0.020252392 
435 123 8 12 0.020251654 
589 143 8 12 0.020238714 
608 71 5 6 0.020206627 
815 252 9 12 0.02020162 
870 1 6 6 0.02019862 
811 39 7 9 0.02019019 
703 153 6 7 0.020166231 
817 171 10 10 0.020162925 
564 116 15 20 0.02015158 
633 20 8 10 0.020135542 
811 119 17 18 0.020127343 
816 220 9 13 0.020073144 
579 169 9 15 0.020060593 
576 269 5 7 0.020053579 
808 2 5 5 0.020043323 
599 149 8 13 0.020041293 
537 248 6 8 0.020010592 
