6_Funeral_Funeral_6_676
105
558 143 46 72 0.9976992 
856 43 30 45 0.9874078 
730 34 32 44 0.9722882 
612 259 44 74 0.9659132 
502 247 29 48 0.92009383 
671 179 36 47 0.89445263 
914 233 41 47 0.86899483 
551 216 29 43 0.65021515 
650 49 30 42 0.5753899 
312 260 23 28 0.51375 
113 329 10 14 0.4392978 
536 342 34 65 0.22478108 
65 343 44 70 0.1759728 
981 0 19 19 0.15827787 
76 261 30 28 0.14202408 
793 41 19 26 0.13952276 
257 358 11 14 0.111027695 
946 190 21 28 0.106266305 
309 248 19 25 0.10229376 
248 293 10 15 0.10167654 
269 288 9 14 0.08691797 
151 342 14 16 0.08351688 
220 307 11 15 0.081654 
338 273 19 25 0.06046925 
187 320 10 14 0.058445055 
709 154 19 27 0.056896158 
699 18 305 354 0.05429432 
837 141 90 82 0.052591648 
343 171 13 10 0.052001506 
1017 119 9 17 0.051296264 
942 4 11 12 0.04913119 
605 152 282 418 0.049083482 
254 298 9 13 0.048392735 
165 365 10 13 0.044929385 
134 402 24 32 0.043267492 
350 282 11 18 0.04306365 
287 298 10 14 0.042958297 
260 300 8 13 0.042921692 
63 462 41 46 0.03916709 
330 300 12 13 0.03883756 
169 300 8 12 0.037030295 
185 359 8 11 0.036956027 
659 295 53 95 0.03689756 
198 308 9 13 0.035334375 
132 359 11 16 0.035176985 
122 345 9 12 0.034925446 
260 288 8 12 0.034856193 
322 255 13 17 0.034599323 
326 306 8 12 0.033957925 
270 285 6 9 0.033418696 
990 331 44 75 0.031673543 
181 296 6 9 0.03126028 
76 166 13 15 0.030829456 
236 342 8 14 0.030042147 
291 288 9 12 0.029269978 
322 273 26 24 0.02925078 
752 36 21 33 0.028748248 
142 319 10 14 0.028495269 
255 289 9 12 0.028309954 
208 313 10 14 0.028241722 
358 327 7 9 0.028198427 
1012 137 9 18 0.02809614 
324 289 21 22 0.028052274 
1017 144 20 44 0.028019262 
306 340 10 13 0.027537068 
171 298 5 8 0.026879506 
278 304 10 15 0.026877623 
328 260 13 19 0.026798414 
356 381 10 15 0.026382232 
535 233 34 61 0.025993524 
635 252 45 68 0.025917012 
925 15 11 15 0.025732221 
1024 29 20 28 0.02556491 
735 262 19 29 0.025533503 
67 382 9 13 0.025461534 
268 360 6 9 0.025396444 
140 109 10 15 0.025340142 
953 6 10 13 0.025323376 
1019 8 18 25 0.02528938 
175 329 10 15 0.025209917 
352 292 9 12 0.024973914 
145 331 10 12 0.024898745 
248 374 6 6 0.024777032 
158 -47 345 371 0.02469176 
300 354 6 8 0.024645597 
253 372 9 9 0.024255099 
926 205 41 57 0.023472833 
140 90 33 45 0.023456277 
731 229 39 62 0.02298969 
1013 317 16 30 0.022694865 
179 300 8 11 0.02265142 
1027 0 16 23 0.022643927 
810 315 11 14 0.022238912 
482 285 28 40 0.022189857 
876 9 9 8 0.022160873 
246 313 7 12 0.021919075 
276 380 6 7 0.021642031 
312 292 8 11 0.021567423 
1034 119 27 56 0.021179093 
1 238 6 16 0.02116884 
997 1 21 25 0.020733047 
707 340 30 35 0.020616593 
1011 119 9 16 0.020277215 
325 241 22 22 0.020171946 
1027 175 19 39 0.020081624 
