6_Funeral_Funeral_6_241
57
463 197 109 142 0.9992274 
851 407 56 79 0.9896136 
788 464 18 30 0.622112 
808 739 26 39 0.19133016 
744 1538 61 58 0.12352993 
887 996 35 33 0.096934505 
105 212 17 32 0.090976715 
776 502 27 57 0.08166145 
107 193 18 31 0.079502046 
11 1530 107 97 0.07783915 
106 282 16 21 0.07208273 
997 670 24 45 0.06460421 
104 362 19 30 0.041916676 
993 261 14 22 0.040884823 
906 419 11 19 0.037783895 
1006 277 12 20 0.036091376 
678 856 58 95 0.034439273 
288 116 16 20 0.033423074 
104 248 16 25 0.03317911 
29 260 5 10 0.032835938 
904 274 13 20 0.032464195 
105 313 13 23 0.031497303 
116 187 12 22 0.02846793 
1004 265 14 22 0.028455602 
120 157 8 18 0.028413858 
1003 698 15 33 0.02628862 
996 276 10 17 0.02605156 
803 364 11 21 0.02599409 
126 155 10 20 0.025929617 
919 240 12 16 0.02589759 
983 277 8 16 0.025414022 
875 199 9 13 0.025388993 
127 185 9 17 0.024838408 
865 230 11 14 0.0246939 
162 91 11 12 0.024612458 
65 -7 69 55 0.024206229 
977 276 10 15 0.023421394 
924 261 12 17 0.023110235 
701 487 33 52 0.023084143 
313 304 6 9 0.022915557 
811 384 11 20 0.022527678 
804 380 11 22 0.02249877 
0 216 7 17 0.022497473 
495 9 22 16 0.022486549 
1005 316 10 22 0.022194382 
266 86 37 37 0.022075864 
833 1557 17 21 0.02187934 
103 290 25 39 0.021650514 
974 670 8 16 0.02156252 
270 1 11 8 0.021479273 
1012 295 10 18 0.02110155 
524 0 19 11 0.020795438 
50 294 5 10 0.020672051 
261 90 58 69 0.020580191 
261 225 10 21 0.020436766 
894 94 12 16 0.02021153 
984 267 10 18 0.02018769 
