6_Funeral_Funeral_6_909
36
809 241 96 135 0.99860865 
410 237 94 125 0.99609995 
635 293 58 128 0.46056995 
1005 304 20 45 0.10928986 
424 122 12 30 0.09515478 
713 342 25 46 0.09040831 
420 662 34 46 0.087330356 
105 944 20 15 0.080495596 
721 341 11 20 0.07063938 
523 720 62 62 0.042165194 
83 1013 586 591 0.04123021 
471 60 10 20 0.03950734 
382 -1 17 13 0.036840208 
58 118 10 24 0.03647204 
99 948 36 25 0.035586618 
673 318 24 54 0.03535454 
421 1064 34 36 0.034818158 
859 79 11 20 0.029243208 
759 345 25 43 0.028473128 
707 335 8 15 0.027381225 
689 384 16 25 0.02550531 
717 1458 30 48 0.025212267 
596 985 20 17 0.024044544 
679 313 46 82 0.023916269 
304 713 17 23 0.023371065 
492 176 10 20 0.023299934 
733 342 13 21 0.023193274 
830 0 9 9 0.022927372 
821 0 9 10 0.022901434 
785 14 9 15 0.022606313 
543 1376 119 144 0.022362335 
791 15 9 17 0.022113698 
443 3 19 22 0.02206604 
481 106 10 22 0.021057507 
697 12 11 23 0.020452062 
785 334 16 25 0.020360634 
