6_Funeral_Funeral_6_1029
86
593 107 112 138 0.9998399 
276 124 106 138 0.999688 
836 101 56 72 0.9992779 
-1 196 30 44 0.9991105 
43 176 35 50 0.9984409 
81 141 31 47 0.9965591 
978 94 46 91 0.99298394 
420 200 30 61 0.9839107 
145 158 39 48 0.97256935 
947 327 40 31 0.20191722 
376 245 42 67 0.17521247 
533 710 20 23 0.14380454 
375 175 15 30 0.10445373 
3 2 21 11 0.096563995 
812 0 64 56 0.09199493 
454 211 48 68 0.08451385 
95 300 82 128 0.07794013 
400 181 29 43 0.070661105 
997 1014 15 15 0.06374846 
483 176 34 29 0.06360369 
233 216 16 28 0.06257564 
776 150 44 69 0.06109712 
479 222 49 63 0.061021317 
94 10 14 21 0.06012431 
165 177 20 27 0.05417177 
899 632 56 56 0.052864026 
401 216 40 78 0.052349437 
65 -1 13 9 0.04954857 
105 151 25 43 0.045115445 
0 -2 34 31 0.043939967 
898 432 35 36 0.039937798 
487 650 10 20 0.037629385 
393 182 14 24 0.037361514 
216 215 14 17 0.036384504 
171 126 16 24 0.033983078 
842 180 31 40 0.033440024 
121 31 11 20 0.032629427 
-3 911 33 31 0.031442393 
489 2 20 19 0.031418514 
364 159 53 83 0.031271253 
509 204 19 25 0.030916108 
447 75 13 21 0.030252758 
138 137 25 36 0.029568393 
171 120 13 17 0.028615138 
29 22 12 16 0.027438568 
564 155 15 23 0.027056184 
113 29 9 18 0.026779678 
126 66 23 33 0.02669752 
449 118 16 15 0.02635983 
384 179 14 26 0.02624674 
702 201 25 49 0.026148701 
133 236 46 68 0.026016854 
493 190 29 38 0.0258005 
179 252 32 55 0.025554728 
481 150 19 20 0.025239771 
948 213 29 58 0.024813466 
530 9 28 43 0.024777843 
732 239 46 92 0.024710396 
772 109 46 72 0.024660822 
419 191 15 29 0.024355376 
24 250 29 43 0.023869874 
18 4 19 16 0.023741037 
162 111 15 20 0.023599437 
507 794 426 585 0.023530073 
157 263 45 82 0.023326444 
910 355 14 21 0.023160683 
465 1 18 9 0.022908479 
437 246 62 91 0.022850104 
29 529 168 356 0.022645172 
123 134 27 43 0.0225979 
74 0 12 7 0.022235528 
69 64 12 18 0.022219542 
37 51 11 13 0.02197759 
145 24 10 16 0.021889927 
369 63 17 16 0.021761827 
76 128 12 15 0.02140103 
100 106 12 13 0.02127998 
760 0 43 65 0.021237662 
108 173 17 30 0.020855423 
49 36 13 17 0.020619616 
134 82 28 35 0.020568436 
369 172 15 24 0.020526791 
405 101 14 12 0.02035288 
94 111 12 14 0.020309476 
785 0 53 64 0.020127136 
885 521 32 45 0.02011109 
