6_Funeral_Funeral_6_572
135
285 344 28 37 0.9995987 
339 322 26 35 0.99959487 
355 369 28 33 0.99946386 
655 341 31 37 0.99915683 
416 344 31 33 0.9990575 
229 356 29 34 0.9989592 
499 340 29 36 0.9988636 
795 291 31 39 0.9985227 
546 352 30 38 0.9984534 
553 294 31 37 0.9982742 
164 362 26 37 0.9976865 
737 312 33 44 0.99545187 
611 300 34 41 0.99387324 
879 659 12 15 0.10571438 
904 653 10 16 0.0934258 
908 612 6 9 0.06505825 
220 514 4 7 0.06459945 
371 556 6 6 0.064427294 
844 626 10 11 0.061974574 
925 625 9 10 0.05679523 
397 537 12 15 0.056064337 
295 534 5 5 0.043665193 
243 552 6 6 0.043431256 
276 551 6 5 0.043164164 
903 633 8 10 0.043145284 
936 637 10 13 0.04255629 
251 556 5 6 0.040191785 
296 537 5 5 0.040159624 
903 583 6 8 0.039464433 
876 637 8 12 0.038655967 
883 599 7 9 0.037989605 
300 564 5 6 0.035769526 
289 539 5 4 0.035175078 
868 571 8 8 0.035154257 
903 568 8 8 0.034854364 
380 539 5 5 0.03428795 
370 553 7 6 0.034179993 
1094 685 10 17 0.033935696 
366 557 7 6 0.033007294 
346 400 12 15 0.032691844 
389 601 8 10 0.03251103 
906 636 8 10 0.03226623 
1091 651 11 18 0.031681783 
862 596 8 8 0.030692916 
250 553 5 5 0.030571131 
383 538 6 6 0.030313704 
914 566 9 9 0.030171022 
905 645 10 14 0.029022278 
914 657 8 13 0.028522706 
954 663 9 11 0.028181508 
980 568 13 12 0.028009076 
263 552 5 4 0.027479455 
376 557 7 7 0.027387466 
240 553 4 5 0.027304552 
270 547 5 4 0.026782079 
301 538 6 4 0.026514279 
379 544 5 5 0.026481738 
263 563 5 6 0.026455322 
988 538 9 6 0.026354067 
1019 512 7 8 0.02623534 
1041 568 13 15 0.026088646 
375 612 7 9 0.02607871 
127 549 7 6 0.025847357 
276 546 5 4 0.025707724 
862 653 8 9 0.025454475 
244 555 5 6 0.025427947 
372 593 7 10 0.025383953 
602 530 6 8 0.025321987 
276 557 6 5 0.02521467 
903 626 6 8 0.025088102 
244 523 5 7 0.025043514 
986 519 8 6 0.025001716 
265 546 4 5 0.02488322 
383 544 7 6 0.02426734 
408 559 9 10 0.024264513 
1017 517 7 8 0.02425661 
264 559 4 4 0.024233598 
980 520 7 5 0.024084121 
911 601 5 7 0.023935284 
284 539 4 4 0.023875922 
264 540 5 4 0.023699045 
307 538 5 5 0.023603689 
372 539 5 6 0.023387676 
1031 533 13 17 0.023241572 
569 561 7 7 0.023120502 
237 556 6 6 0.023101818 
397 534 8 8 0.022968499 
1029 556 14 18 0.022878038 
422 595 5 9 0.022825178 
199 561 7 10 0.022727689 
859 656 7 10 0.022654124 
1090 625 12 18 0.022577222 
890 625 7 10 0.022504259 
916 596 5 5 0.02245452 
418 600 5 8 0.02232163 
392 564 5 7 0.022290178 
366 553 6 5 0.022245478 
892 645 10 12 0.02222327 
115 550 6 5 0.022029284 
353 552 6 6 0.022025742 
296 563 6 6 0.021924611 
914 644 7 11 0.021836175 
377 552 6 5 0.02181447 
258 559 5 4 0.021688787 
358 558 5 6 0.021636922 
328 558 4 5 0.021607555 
423 581 7 10 0.02147195 
297 552 4 5 0.021457165 
922 621 8 9 0.021406619 
313 523 6 6 0.021289567 
902 621 6 7 0.02116309 
258 552 4 5 0.021141328 
266 512 4 6 0.021108253 
1051 579 12 17 0.021094322 
396 569 6 7 0.021004021 
905 609 6 7 0.021001942 
1053 555 12 16 0.020923566 
328 552 4 5 0.020909457 
353 557 7 6 0.020881178 
1095 717 9 16 0.020849576 
187 596 4 6 0.020799274 
341 553 4 4 0.020662898 
890 614 6 7 0.020659192 
270 539 5 5 0.020596052 
660 493 4 5 0.020519437 
896 615 6 7 0.020503517 
401 553 10 12 0.020424545 
308 550 5 6 0.020329 
271 552 4 4 0.020301402 
907 568 9 8 0.020296471 
1042 556 12 14 0.020282017 
397 554 8 9 0.020205123 
310 524 5 6 0.020056572 
222 513 5 7 0.020014994 
402 520 5 5 0.020011347 
