6_Funeral_Funeral_6_315
29
359 150 127 203 0.9990293 
336 1496 77 79 0.24159423 
63 528 13 21 0.1309111 
66 566 12 24 0.1294552 
36 1297 9 19 0.06972534 
443 776 153 165 0.069591634 
238 755 139 110 0.04894207 
314 1447 64 68 0.045231443 
264 1514 72 84 0.04125335 
365 1433 54 71 0.03849343 
370 1012 37 57 0.031217162 
42 508 47 69 0.03110422 
369 1407 17 22 0.030899202 
44 1326 10 19 0.030880986 
734 1528 15 19 0.029640963 
389 960 212 328 0.02914183 
416 107 20 33 0.027625296 
56 560 10 18 0.026181104 
172 1044 400 728 0.025528392 
156 526 35 67 0.023939695 
57 568 11 21 0.023913253 
91 1290 5 11 0.023674862 
-3 608 25 58 0.021458704 
-2 1279 8 17 0.021225572 
676 1535 28 39 0.021140609 
51 600 23 53 0.02074733 
39 554 47 80 0.020618293 
393 1541 54 82 0.020533817 
96 587 10 16 0.020285135 
