6_Funeral_Funeral_6_252
121
664 130 116 164 0.99984694 
350 170 113 152 0.9998067 
809 209 53 91 0.9990232 
24 270 61 77 0.9987197 
163 250 57 67 0.9963702 
979 280 46 83 0.9961287 
881 200 48 73 0.9947699 
926 251 47 68 0.99345666 
58 200 43 76 0.97779524 
99 156 38 62 0.9776757 
41 132 37 58 0.96704346 
176 146 40 56 0.94349444 
236 236 38 60 0.933264 
-1 129 35 62 0.8944499 
982 202 40 81 0.8180401 
209 185 42 56 0.7397494 
468 901 19 31 0.66771346 
541 175 41 63 0.5618099 
947 998 13 19 0.4954419 
736 292 58 93 0.28225306 
975 1113 24 25 0.26912734 
59 1268 14 23 0.25062382 
897 950 11 19 0.1452878 
872 818 12 19 0.13419639 
31 1209 25 33 0.13409488 
949 1092 12 15 0.13013269 
940 968 13 16 0.12948637 
387 4 12 15 0.08848258 
746 183 80 126 0.08744871 
78 180 39 77 0.08636985 
895 743 11 21 0.086347006 
927 981 14 20 0.08318869 
940 999 12 18 0.08048495 
444 533 39 51 0.075130664 
687 1033 57 44 0.0674902 
875 658 34 50 0.065210454 
1011 974 12 18 0.05848458 
954 959 12 15 0.055366565 
1016 893 7 13 0.05211071 
131 1133 44 62 0.05186809 
896 175 36 45 0.051629607 
936 979 13 18 0.04980546 
1009 1076 11 16 0.049260106 
902 957 11 18 0.046549093 
887 835 11 23 0.04337652 
667 1074 45 57 0.043283362 
484 844 8 14 0.040785994 
964 1015 12 17 0.040303584 
31 1228 28 38 0.040260557 
904 1106 13 20 0.039458964 
662 1025 57 43 0.039426256 
928 985 21 29 0.03935391 
259 1262 63 63 0.036969345 
906 884 11 16 0.035772126 
426 196 80 136 0.034808915 
887 479 13 21 0.03467447 
953 1097 12 17 0.034596793 
967 941 9 15 0.034248557 
946 959 15 18 0.03400741 
962 961 9 12 0.033655364 
42 168 46 79 0.03311237 
936 810 14 21 0.03271679 
939 1250 23 41 0.03269214 
959 837 25 37 0.032554287 
1004 974 12 20 0.0322262 
-21 539 343 529 0.032217465 
925 1118 18 20 0.031833347 
879 261 31 44 0.031430654 
891 992 12 22 0.031367593 
346 326 309 654 0.029930107 
470 213 52 99 0.029928215 
945 1013 12 19 0.029621333 
878 860 9 14 0.02960148 
890 944 12 19 0.02886409 
929 809 13 22 0.02873519 
1000 571 20 24 0.028258208 
948 1008 19 29 0.027672464 
985 729 13 25 0.027608266 
893 774 75 99 0.027163561 
961 972 14 23 0.026867785 
914 1043 29 34 0.02653467 
158 44 12 20 0.026269935 
903 943 10 19 0.026151367 
887 828 9 17 0.026053099 
920 791 14 19 0.025873046 
711 1048 54 46 0.025343603 
920 808 15 22 0.025146103 
397 761 386 425 0.025053946 
191 201 48 65 0.024540545 
930 1007 12 17 0.024062824 
725 -1 24 19 0.023934025 
222 1025 32 32 0.023867123 
883 827 8 15 0.023843061 
558 179 54 88 0.023683356 
911 1203 18 18 0.023580864 
1013 868 7 14 0.023558553 
943 1229 52 67 0.023316875 
902 918 7 13 0.023266083 
905 965 10 16 0.023096804 
873 853 9 15 0.023068279 
343 996 79 59 0.023059217 
869 1231 30 37 0.02294238 
164 1110 30 49 0.022610147 
433 393 95 216 0.022418281 
760 225 34 55 0.022417085 
390 878 7 12 0.02223182 
0 1255 12 24 0.022115864 
598 -3 55 56 0.022020277 
656 1098 46 77 0.02179878 
913 959 10 19 0.021724332 
440 872 15 24 0.021556756 
929 963 20 27 0.021519488 
305 1135 11 12 0.021421863 
915 793 11 19 0.021375619 
986 703 12 25 0.021313127 
1012 950 8 12 0.021028766 
898 222 52 69 0.020860024 
868 925 9 17 0.020619867 
862 841 12 19 0.02053593 
929 1036 15 22 0.020430652 
44 1227 15 20 0.020221949 
