6_Funeral_Funeral_6_444
86
380 215 232 258 0.9999075 
467 975 15 15 0.36229706 
108 1042 12 16 0.16252647 
544 588 387 357 0.07478702 
505 978 14 14 0.07300648 
159 1001 14 16 0.0706903 
210 829 28 28 0.05531516 
175 914 7 9 0.052881327 
84 1069 6 9 0.051580075 
62 1079 8 12 0.049395036 
136 907 7 7 0.048652 
142 1061 12 16 0.046947688 
295 760 21 32 0.045217857 
76 986 6 8 0.04515694 
186 912 5 8 0.044389606 
60 1011 11 14 0.041368134 
96 921 6 7 0.041056395 
101 922 6 7 0.040828444 
19 -16 162 205 0.040711336 
75 1060 6 9 0.040059187 
124 886 5 9 0.038375862 
76 1050 5 8 0.03756765 
176 995 10 12 0.03684406 
74 1055 7 10 0.03642489 
127 996 10 13 0.036105096 
125 880 4 5 0.036002688 
102 926 7 8 0.035647985 
120 931 8 10 0.035579886 
198 889 8 11 0.034828838 
525 980 17 15 0.034620527 
205 901 6 6 0.033289637 
420 848 9 18 0.032562952 
157 1012 9 11 0.032534305 
150 905 6 7 0.03228547 
177 979 12 13 0.03139233 
124 907 5 7 0.031120356 
225 908 5 5 0.029459495 
95 1050 6 7 0.029422574 
487 982 14 14 0.029074578 
262 120 277 457 0.027834564 
184 974 9 12 0.027808499 
75 1076 6 8 0.027123224 
91 1038 6 7 0.026841577 
196 908 6 7 0.026819743 
0 771 29 36 0.026694827 
140 880 5 5 0.025861077 
85 1076 6 8 0.025585562 
90 1050 6 9 0.025059061 
116 879 5 5 0.024763728 
192 913 5 7 0.024144614 
82 1081 8 12 0.023970949 
2 912 8 10 0.023733197 
130 908 6 6 0.023629148 
143 879 5 7 0.023604473 
143 875 5 5 0.023506125 
95 1069 8 13 0.023281919 
347 730 19 34 0.023152022 
185 908 5 7 0.023142353 
221 907 5 6 0.022683563 
123 893 5 6 0.02250682 
96 1056 6 7 0.022487665 
93 1042 7 9 0.02238368 
124 912 7 9 0.022359336 
139 893 6 7 0.022157626 
136 1009 7 9 0.022086341 
162 908 6 7 0.021652626 
384 39 382 361 0.021522868 
854 558 48 65 0.02147341 
123 901 4 5 0.02143939 
117 901 5 6 0.021391455 
212 835 12 16 0.02129043 
63 1069 6 9 0.021195315 
161 912 7 9 0.021138975 
159 906 5 7 0.021056313 
83 1003 4 6 0.020915719 
155 927 6 7 0.02082552 
90 920 7 8 0.020670021 
161 954 7 8 0.02066281 
0 901 10 16 0.020584391 
199 913 5 7 0.02049554 
104 1046 9 10 0.020411424 
77 1079 18 28 0.020411234 
1006 789 18 34 0.020311143 
76 947 6 9 0.020258235 
353 756 18 35 0.020193992 
164 916 37 42 0.020044057 
