6_Funeral_Funeral_6_77
451
584 362 21 24 0.99414873 
608 352 19 25 0.9557941 
943 501 20 30 0.9388577 
549 359 15 21 0.93668073 
919 356 11 14 0.91441804 
86 355 19 21 0.90282583 
334 343 21 27 0.8464575 
360 356 21 32 0.837563 
691 378 24 33 0.7971995 
798 375 10 15 0.7607664 
928 542 16 17 0.75357467 
184 369 12 16 0.7332972 
986 516 20 32 0.7129875 
855 362 9 13 0.6680607 
911 437 15 16 0.65742797 
496 355 14 19 0.6554933 
478 374 12 17 0.6016724 
926 497 16 24 0.48566386 
430 366 13 17 0.47761184 
948 412 22 26 0.427825 
933 496 21 31 0.4188922 
530 376 13 18 0.39953038 
111 367 19 20 0.39818278 
907 513 18 23 0.3938348 
185 344 11 13 0.31181455 
1005 566 23 30 0.30802116 
975 517 17 29 0.2885 
768 359 8 11 0.28338018 
284 382 11 13 0.2668799 
914 467 10 17 0.26358944 
446 353 9 13 0.24564807 
110 386 14 15 0.24125174 
636 380 16 24 0.2246002 
671 365 9 14 0.21112376 
170 331 13 15 0.20430371 
221 367 13 16 0.19865344 
198 399 9 14 0.19277519 
305 374 10 13 0.17095496 
725 408 10 16 0.16741215 
133 370 13 15 0.15721151 
390 388 8 13 0.14539546 
900 398 18 27 0.13947119 
124 349 12 12 0.13838087 
901 349 8 14 0.13156459 
856 408 13 14 0.12254894 
585 379 18 26 0.12056047 
452 357 8 15 0.11953812 
456 382 8 12 0.11420509 
112 348 9 8 0.1136828 
917 463 19 24 0.1134827 
882 358 9 12 0.11316896 
988 431 13 13 0.11224683 
248 387 10 12 0.101466194 
970 384 13 14 0.101206675 
899 432 10 12 0.10054976 
464 457 8 14 0.099418886 
632 381 10 16 0.099011354 
422 365 8 12 0.09857246 
413 376 8 12 0.09757927 
959 513 20 30 0.09688847 
252 382 11 15 0.09613366 
10 376 12 14 0.093874134 
445 358 11 18 0.0938305 
641 373 13 18 0.0902288 
953 507 14 20 0.08992132 
498 401 17 26 0.08818168 
826 375 7 10 0.08773105 
423 385 8 13 0.0870761 
919 494 11 20 0.08582809 
100 384 11 12 0.085821845 
217 374 17 26 0.08514551 
989 376 14 13 0.08467651 
48 378 8 12 0.08435542 
531 337 10 14 0.08344692 
75 331 13 14 0.083172254 
510 386 11 17 0.082762286 
891 441 11 14 0.08076456 
669 372 11 17 0.079196684 
805 373 8 12 0.07894585 
812 372 8 11 0.07807253 
174 325 13 12 0.07699528 
477 434 11 19 0.07598661 
427 371 11 17 0.07516923 
406 351 9 10 0.07424362 
748 377 9 13 0.07279371 
446 349 8 9 0.07125805 
989 536 26 29 0.07060617 
539 376 11 17 0.06995091 
913 444 23 21 0.06942631 
734 373 11 16 0.069401346 
825 407 7 12 0.06931454 
409 372 8 10 0.0693135 
566 393 17 24 0.06886161 
591 356 29 37 0.0687178 
911 503 18 23 0.068602584 
727 445 19 29 0.068379976 
111 353 22 20 0.067750044 
244 388 8 12 0.0673762 
138 365 21 20 0.06693518 
415 372 6 10 0.065397024 
830 372 7 12 0.06435111 
509 363 12 15 0.06398619 
437 366 11 16 0.06383691 
944 382 9 13 0.062213685 
203 368 11 14 0.061718784 
44 326 22 20 0.06163353 
673 383 328 366 0.060553826 
818 373 8 11 0.059531223 
178 366 11 13 0.0581941 
983 469 20 20 0.05786064 
311 373 10 15 0.057820722 
513 368 11 16 0.057577133 
198 350 9 11 0.056498215 
182 323 11 11 0.056144953 
502 391 11 18 0.055650257 
281 389 9 12 0.05539277 
253 416 12 14 0.054383103 
188 432 11 14 0.054246366 
291 383 9 11 0.05391664 
543 360 12 17 0.053808954 
870 358 9 9 0.053506892 
121 348 10 8 0.052230924 
471 408 9 15 0.0522164 
59 331 12 13 0.05156437 
1036 126 15 28 0.05138617 
199 544 5 8 0.05103342 
792 371 8 12 0.04966697 
223 394 9 14 0.049486842 
148 363 15 13 0.049479984 
441 356 10 16 0.049443886 
723 369 9 14 0.049255595 
951 413 35 40 0.04919001 
997 548 23 27 0.048612397 
42 381 9 11 0.04858083 
1031 108 19 33 0.048528578 
264 380 11 14 0.048052117 
235 392 8 12 0.048017353 
444 389 10 14 0.047368146 
131 345 9 10 0.047213484 
907 375 9 12 0.047033217 
974 382 20 20 0.046863567 
1016 89 10 18 0.046386134 
570 388 8 13 0.045779712 
337 349 30 41 0.045202438 
539 308 6 8 0.045023404 
1 422 6 14 0.044943325 
971 132 9 17 0.044914246 
0 398 5 11 0.043629862 
124 368 12 14 0.043410756 
176 343 13 14 0.04333697 
625 355 10 16 0.043296844 
509 375 15 21 0.04326667 
1073 161 12 20 0.042879045 
846 383 9 13 0.042682763 
292 388 10 12 0.042587213 
415 390 7 12 0.042395793 
470 378 13 16 0.042392425 
457 357 9 14 0.042293515 
522 380 10 17 0.042291474 
410 390 8 11 0.041955058 
402 363 10 13 0.041138478 
789 371 7 10 0.041122433 
565 353 12 19 0.041088622 
260 388 11 13 0.040366184 
288 394 8 10 0.04035566 
292 376 19 23 0.04023336 
426 359 11 16 0.040095642 
630 357 17 23 0.039346196 
833 366 5 9 0.039261285 
1002 456 13 16 0.03921782 
859 359 9 11 0.039007552 
850 407 11 15 0.03889253 
719 355 18 27 0.03871107 
870 370 10 12 0.038529415 
1006 561 13 19 0.038479988 
868 5 11 12 0.037908733 
1066 129 16 27 0.0375229 
907 441 12 16 0.037207566 
422 376 15 25 0.037110712 
394 364 10 14 0.03706858 
122 564 7 8 0.03689311 
39 373 17 20 0.036873594 
4 382 11 12 0.03660106 
641 567 7 7 0.036563806 
128 354 19 20 0.036452442 
229 337 10 12 0.036414895 
903 371 8 11 0.036352728 
202 390 11 16 0.036347453 
230 395 9 14 0.03632662 
69 332 12 13 0.03628807 
454 470 8 14 0.03556303 
951 380 8 14 0.03555592 
728 373 10 15 0.035472885 
217 364 11 16 0.03532784 
3 158 8 12 0.035156786 
404 356 9 14 0.034999583 
502 382 11 17 0.034680553 
559 358 12 18 0.034558713 
1019 412 24 33 0.034412663 
914 360 11 14 0.034261383 
448 547 6 6 0.034151822 
628 371 30 45 0.034038834 
934 464 21 24 0.033994243 
641 570 8 8 0.033892356 
205 369 18 24 0.03382128 
551 546 5 7 0.033667885 
407 372 16 22 0.033644054 
895 402 8 15 0.03351183 
1075 176 11 21 0.03304619 
535 275 9 11 0.032955937 
665 376 10 15 0.03288195 
497 382 10 16 0.032687765 
168 551 8 10 0.03267534 
159 548 7 9 0.032556895 
649 369 11 17 0.032539036 
939 481 23 36 0.032510355 
947 370 7 12 0.03247604 
168 539 4 7 0.03246966 
106 369 13 15 0.032455612 
383 383 16 23 0.032320045 
318 370 9 14 0.031696744 
839 408 8 12 0.031602632 
428 342 7 8 0.031540226 
925 397 9 13 0.031455528 
886 423 10 12 0.031213026 
458 385 9 16 0.03099788 
992 623 14 13 0.030743508 
733 406 10 15 0.030568892 
131 416 9 10 0.03054042 
918 546 24 22 0.030493494 
847 378 7 10 0.030461604 
522 367 10 18 0.030377943 
752 380 8 13 0.030338353 
1027 456 18 27 0.030302748 
1038 144 13 24 0.030259239 
390 414 7 12 0.030033004 
906 429 12 15 0.02990124 
887 443 18 23 0.029880194 
401 370 9 12 0.029787432 
232 396 17 25 0.029702973 
416 364 8 12 0.029602975 
134 553 7 8 0.029394466 
305 415 8 12 0.029305475 
237 363 7 12 0.029162457 
381 416 19 38 0.029059783 
898 354 7 11 0.028961262 
375 356 10 16 0.028905218 
465 380 11 16 0.028812125 
838 403 6 11 0.028731525 
889 381 10 11 0.028669408 
850 367 9 13 0.028622817 
574 388 17 27 0.028451066 
1053 82 29 41 0.028385727 
442 341 6 8 0.028327158 
99 361 11 15 0.02826093 
210 536 6 10 0.028178258 
902 366 7 11 0.028161047 
443 346 7 9 0.028103141 
194 540 5 8 0.028080488 
224 550 6 7 0.028025674 
995 460 13 16 0.027894767 
571 351 12 15 0.027889427 
396 374 9 13 0.027854478 
148 374 12 13 0.027714785 
883 395 8 13 0.027664946 
896 366 7 10 0.027645154 
764 359 7 10 0.027533488 
535 361 16 23 0.02752736 
125 326 10 11 0.02752566 
954 108 8 12 0.027471125 
332 359 17 29 0.02732685 
973 523 30 44 0.027288314 
969 371 37 37 0.0272535 
62 358 11 12 0.027252106 
547 393 10 16 0.027247796 
670 386 9 15 0.027222743 
421 429 16 30 0.02702608 
586 371 37 53 0.026893567 
451 328 7 9 0.026839199 
517 422 17 28 0.026768403 
298 396 10 13 0.026700161 
132 341 10 9 0.026687318 
394 384 9 14 0.026669972 
597 566 5 6 0.026638728 
939 446 11 11 0.026494468 
274 374 37 43 0.026407922 
192 396 8 13 0.026359169 
280 396 8 9 0.026259348 
905 346 8 12 0.026256872 
968 659 21 22 0.02623345 
582 386 12 17 0.026184013 
874 358 11 11 0.026107788 
466 395 11 17 0.02608105 
238 354 8 10 0.026044978 
275 391 8 12 0.02604395 
844 410 8 12 0.026023818 
421 390 10 18 0.026000228 
1024 440 20 28 0.025982048 
1 385 5 10 0.02595051 
569 379 17 24 0.025917407 
1015 159 11 21 0.025901206 
788 403 7 11 0.02583007 
983 63 8 14 0.025829125 
569 305 10 12 0.025737675 
616 388 10 15 0.0256776 
863 346 7 9 0.025664922 
921 541 12 14 0.025649106 
460 395 8 14 0.025594214 
116 393 14 14 0.025590777 
192 543 6 10 0.02544074 
846 427 10 16 0.025336491 
464 438 10 15 0.02530869 
933 357 7 11 0.025298486 
266 395 9 11 0.025291853 
962 509 11 18 0.025286509 
207 539 4 9 0.0252659 
202 382 10 13 0.025240371 
214 400 8 13 0.025208125 
434 347 7 8 0.02519282 
685 417 7 11 0.02516955 
675 389 8 14 0.025146594 
964 609 22 20 0.025108619 
283 435 6 10 0.025017114 
414 383 8 12 0.02499394 
177 540 7 9 0.024964917 
665 387 8 14 0.024951864 
914 473 19 31 0.024893574 
147 551 5 6 0.024866713 
1073 192 14 26 0.024860503 
99 373 20 22 0.024795802 
1007 408 23 25 0.024689581 
188 341 18 19 0.024684822 
516 357 11 15 0.024667157 
606 363 14 21 0.024649478 
566 411 18 28 0.024561534 
175 539 5 9 0.024366438 
375 366 10 17 0.02433184 
242 389 20 26 0.024272371 
293 395 10 12 0.02424026 
410 534 5 8 0.024093287 
108 342 21 20 0.024088098 
450 381 14 24 0.023988988 
602 106 13 15 0.023923617 
977 424 19 24 0.023888007 
434 351 9 12 0.023823503 
842 346 8 13 0.023811447 
371 329 8 8 0.02379338 
1016 472 17 25 0.023754515 
606 317 33 40 0.023660053 
837 371 7 11 0.023622807 
396 536 9 16 0.02351035 
180 353 19 22 0.02348957 
178 372 11 15 0.023352748 
337 375 21 29 0.023290502 
888 396 7 12 0.02322165 
616 446 102 142 0.023149814 
636 567 5 5 0.023086794 
913 405 9 15 0.023085907 
1010 391 24 26 0.02304864 
4 112 90 121 0.023031995 
31 377 10 10 0.023029272 
780 366 6 9 0.02301151 
829 408 7 12 0.022952285 
882 318 8 12 0.022936879 
412 545 5 8 0.022922397 
463 539 6 7 0.022891024 
463 321 6 8 0.022763884 
61 379 18 22 0.022761669 
726 382 10 15 0.022724714 
634 572 7 6 0.022652952 
326 376 8 12 0.022518173 
542 293 9 14 0.022486478 
365 3 7 5 0.022468539 
129 421 14 16 0.022450011 
1025 378 20 29 0.02239311 
542 385 11 18 0.02236271 
459 438 9 16 0.022350362 
0 378 5 11 0.022308733 
90 367 20 23 0.02230112 
466 328 6 8 0.02225055 
956 555 12 16 0.022248885 
1017 366 18 22 0.022235543 
544 321 9 11 0.022197617 
865 408 12 15 0.022175256 
553 391 17 26 0.022100074 
912 370 8 12 0.022097658 
207 434 19 25 0.022077072 
274 381 8 12 0.022071624 
945 145 6 12 0.021997942 
197 336 11 12 0.021900812 
113 343 8 8 0.021854045 
70 319 8 7 0.021817472 
705 385 11 19 0.021807745 
1046 125 15 28 0.021798812 
653 534 6 8 0.021790093 
388 377 10 16 0.021742824 
157 368 11 14 0.021699665 
960 599 13 13 0.021667631 
846 365 7 10 0.0216496 
1000 444 22 23 0.021621304 
288 390 20 23 0.021612538 
435 341 6 8 0.021588307 
201 346 9 11 0.021572266 
826 414 8 13 0.021554064 
627 572 6 6 0.021532835 
31 384 8 9 0.021520672 
880 566 11 11 0.021511467 
11 388 9 11 0.021430286 
964 378 10 13 0.021425433 
722 446 11 19 0.02141285 
824 398 8 12 0.021300549 
389 368 10 14 0.021280514 
189 370 17 21 0.021254255 
1073 425 21 37 0.021187788 
466 447 8 14 0.021124413 
1049 142 13 24 0.021089941 
255 392 21 22 0.02108004 
483 362 13 19 0.021074893 
270 377 16 21 0.021061666 
8 254 10 16 0.021033969 
255 376 17 21 0.021000797 
843 404 8 11 0.020991666 
190 325 10 9 0.020918291 
587 399 11 19 0.02073457 
352 570 6 8 0.020676527 
138 353 11 11 0.020666873 
935 628 26 24 0.020660061 
830 415 8 14 0.02061719 
899 466 18 25 0.020602632 
252 403 22 23 0.020586206 
900 483 10 15 0.020571524 
887 364 8 11 0.020570332 
929 448 14 12 0.020557271 
960 383 9 11 0.020533426 
489 376 10 15 0.020522429 
186 545 7 10 0.020516276 
884 429 17 22 0.020507367 
106 391 13 15 0.020491803 
1087 412 14 29 0.02042687 
255 395 10 11 0.020399824 
706 356 19 27 0.020386683 
1016 580 26 36 0.02038323 
434 395 8 12 0.020300172 
478 403 9 15 0.020265404 
666 363 9 15 0.020211704 
549 413 8 15 0.020203114 
922 450 21 22 0.020189762 
397 375 18 25 0.020184234 
226 373 11 15 0.020155802 
409 383 8 12 0.020140044 
986 405 38 41 0.020017216 
