6_Funeral_Funeral_6_211
38
739 45 72 94 0.99970007 
215 188 51 69 0.9992188 
17 220 35 52 0.99849904 
128 256 29 40 0.9977723 
376 109 51 83 0.9977696 
540 101 59 83 0.9924527 
897 198 23 51 0.9432805 
222 0 25 18 0.060840014 
12 1 5 6 0.059644576 
192 10 44 46 0.056327384 
285 9 10 16 0.049142264 
280 491 34 36 0.044968292 
26 8 5 7 0.042846046 
101 1 6 7 0.039307628 
87 93 8 13 0.036482364 
1019 167 6 11 0.035819102 
862 504 39 48 0.03554247 
97 1 6 7 0.032252546 
82 44 7 9 0.031575054 
102 290 29 46 0.030142343 
24 4 5 6 0.02835033 
7 2 6 7 0.02825714 
960 228 24 34 0.027619429 
695 209 30 42 0.026230918 
288 127 14 28 0.025747105 
21 4 5 5 0.025343593 
1 162 7 17 0.02467622 
186 -1 30 22 0.024641344 
261 402 9 12 0.024459673 
20 8 5 7 0.023679018 
129 116 7 9 0.022779936 
0 350 42 70 0.022591846 
102 12 9 12 0.022125872 
1 3 4 6 0.02169198 
272 1 8 9 0.021578483 
261 10 17 24 0.020608446 
552 0 5 5 0.020494731 
1021 162 14 24 0.02006935 
