32_Worker_Laborer_Worker_Laborer_32_944
58
416 358 96 102 0.9997125 
466 989 19 14 0.4043447 
595 799 8 13 0.158464 
619 760 39 62 0.13325487 
517 996 23 21 0.12234101 
421 990 22 17 0.103231736 
468 803 36 52 0.085982226 
553 955 13 19 0.059760783 
703 810 46 67 0.059362527 
554 861 9 15 0.048837394 
583 776 9 15 0.04726095 
593 838 9 16 0.04386878 
653 779 6 11 0.039979484 
531 992 16 16 0.03896013 
926 987 14 14 0.038150765 
578 853 16 25 0.036334373 
563 990 21 23 0.034888204 
446 988 19 13 0.031635463 
540 206 22 34 0.031157691 
560 775 14 17 0.030926287 
640 257 18 30 0.030816922 
535 1008 21 27 0.030687153 
559 846 14 17 0.02964035 
915 751 33 39 0.029411707 
414 629 79 138 0.028983798 
382 200 27 43 0.028724512 
709 829 25 37 0.028188584 
650 594 11 9 0.027982833 
556 510 10 16 0.027793264 
114 931 10 12 0.027714329 
518 948 20 22 0.027430851 
658 933 40 37 0.026800485 
685 754 22 41 0.026795886 
555 1000 24 26 0.026440972 
218 147 25 32 0.025878293 
314 263 27 26 0.023998568 
760 435 300 352 0.023765588 
469 1001 14 12 0.023675812 
687 842 9 16 0.022956565 
433 938 10 13 0.022749681 
645 765 8 12 0.0224859 
537 988 16 15 0.022386841 
421 914 9 9 0.022185495 
63 419 25 29 0.02211214 
524 980 25 20 0.022104934 
507 957 39 35 0.02203396 
59 444 362 367 0.02197302 
420 930 23 23 0.021651717 
530 932 12 13 0.021569991 
599 859 11 18 0.02130841 
490 915 8 10 0.021045353 
539 1002 13 15 0.020780101 
584 895 15 27 0.020728527 
233 970 10 10 0.020641144 
709 839 10 17 0.020391857 
650 767 7 10 0.020115107 
484 1008 22 25 0.020093784 
595 255 19 25 0.020010907 
