32_Worker_Laborer_Worker_Laborer_32_812
251
391 83 87 118 0.99973065 
365 316 46 41 0.30765754 
58 435 5 7 0.29586226 
81 403 7 9 0.24341185 
604 367 16 13 0.14868002 
580 175 11 11 0.121972054 
49 379 8 7 0.11077063 
281 580 8 11 0.11048657 
132 465 5 7 0.09278751 
75 402 10 10 0.075497225 
96 505 5 7 0.074249394 
429 524 10 11 0.07402274 
55 435 4 6 0.07326823 
13 411 5 5 0.07311397 
40 424 6 5 0.07069716 
591 478 12 20 0.06790411 
63 435 5 7 0.06513981 
44 396 5 7 0.0641883 
52 473 7 9 0.063520074 
43 424 6 6 0.062294178 
552 23 202 199 0.06157571 
66 441 4 6 0.05988424 
673 113 14 13 0.05679188 
268 580 10 13 0.054334205 
95 405 5 6 0.05330233 
581 517 7 13 0.052766047 
110 492 4 6 0.05240445 
77 440 7 8 0.05185243 
114 492 4 5 0.051648304 
696 116 13 16 0.051539093 
609 199 8 9 0.051536288 
29 377 8 7 0.051219236 
38 454 7 7 0.049031906 
33 407 4 4 0.04834094 
59 431 5 6 0.048140343 
938 337 24 27 0.047644913 
130 485 7 9 0.046133198 
0 505 5 9 0.044970322 
960 368 17 24 0.04475501 
129 463 6 7 0.043399118 
662 79 12 14 0.04315228 
65 423 4 5 0.042175826 
607 440 7 10 0.041804697 
-2 361 16 25 0.04115237 
70 401 10 10 0.040865555 
82 383 6 6 0.0401632 
272 584 9 12 0.04002614 
121 475 3 5 0.040009264 
52 423 5 5 0.03974024 
0 409 4 6 0.039590385 
930 383 41 56 0.03913054 
57 544 3 6 0.038976353 
92 404 5 6 0.038932826 
65 472 9 12 0.03876012 
579 535 9 10 0.03868275 
76 436 6 7 0.038394574 
177 396 5 7 0.038329758 
81 397 7 9 0.038201027 
63 430 5 6 0.038163885 
64 417 5 5 0.037664853 
90 417 5 6 0.03752105 
70 441 4 6 0.03707414 
17 417 7 5 0.036942814 
71 377 7 6 0.036625393 
52 430 4 5 0.0364631 
410 297 57 56 0.036261577 
17 411 5 5 0.035449944 
26 383 8 6 0.03508856 
51 468 31 37 0.035015125 
749 611 7 11 0.03489981 
71 424 4 4 0.034720454 
9 411 4 5 0.034636218 
115 489 3 5 0.033873487 
31 425 5 5 0.03368421 
63 410 7 6 0.03337849 
98 501 4 6 0.032992575 
32 409 6 5 0.032821734 
37 513 9 14 0.032432668 
76 382 9 7 0.032387 
146 449 4 6 0.032365825 
1017 349 9 12 0.03234575 
82 454 8 13 0.032261502 
96 408 5 6 0.032154012 
82 380 6 5 0.031956214 
118 475 4 5 0.031757113 
0 405 4 5 0.0316241 
69 544 4 6 0.031563245 
833 16 12 10 0.031424463 
77 531 4 6 0.031315215 
105 514 3 5 0.031280886 
12 510 28 41 0.03124264 
98 420 5 8 0.030847143 
27 425 5 4 0.030799352 
179 399 31 42 0.03072629 
30 373 7 6 0.030272359 
76 447 16 22 0.030259734 
71 437 5 6 0.030010205 
123 437 4 6 0.02991834 
129 480 6 7 0.029884117 
45 393 5 5 0.029725153 
122 488 4 5 0.029723039 
31 429 4 5 0.029722927 
47 379 5 5 0.029706277 
40 397 5 5 0.029642854 
693 584 35 52 0.029546311 
115 498 5 6 0.029475737 
468 4 10 10 0.029232642 
5 475 6 6 0.02915029 
122 480 4 5 0.028955534 
618 173 11 9 0.02884112 
600 191 6 8 0.028838756 
142 461 5 7 0.028835913 
190 389 7 7 0.028807469 
102 411 4 4 0.028795876 
44 405 5 5 0.02863143 
307 663 9 14 0.02860933 
735 575 7 15 0.028582335 
75 397 8 8 0.028552772 
912 334 36 44 0.028484171 
50 418 7 6 0.028476518 
39 459 7 7 0.028468419 
597 449 8 14 0.028261986 
596 436 4 6 0.028238561 
97 511 4 6 0.028109822 
55 477 6 8 0.027754856 
846 140 9 10 0.027718812 
740 605 6 13 0.027661875 
578 533 6 8 0.027570596 
269 571 17 23 0.027553324 
79 454 6 8 0.027461445 
18 355 9 9 0.027166352 
595 127 9 9 0.027012974 
75 379 7 5 0.026835637 
197 389 5 8 0.026824681 
73 435 18 21 0.02671341 
121 469 4 6 0.026689878 
945 398 28 26 0.02665346 
33 455 7 7 0.02662082 
669 117 25 21 0.02645314 
57 424 5 4 0.026379101 
111 488 4 6 0.026351305 
908 389 5 6 0.026160162 
19 383 7 7 0.02609474 
468 88 37 58 0.02603343 
123 493 4 5 0.025794363 
141 424 4 5 0.025727483 
101 523 5 7 0.025648749 
67 392 21 21 0.02556734 
582 501 6 10 0.025518585 
45 428 5 6 0.025187038 
103 520 3 6 0.025146428 
46 418 5 5 0.025134027 
67 478 11 17 0.025053853 
155 417 5 5 0.02474241 
152 424 5 5 0.024725558 
137 423 4 6 0.024709625 
728 588 17 29 0.024695175 
600 574 5 7 0.02469213 
72 527 4 4 0.024591563 
16 488 7 6 0.0245586 
461 4 7 9 0.02455266 
90 422 5 7 0.024551706 
71 449 4 6 0.02450842 
78 527 4 5 0.024472756 
742 613 5 9 0.024432233 
187 389 6 7 0.024427054 
13 415 5 6 0.024387395 
64 404 7 7 0.024359956 
65 378 6 5 0.024320124 
580 168 10 11 0.024237968 
68 467 10 12 0.02418505 
285 586 6 9 0.024172975 
84 528 3 5 0.024065753 
446 48 12 13 0.024056666 
55 428 17 21 0.024056409 
27 509 20 28 0.0240347 
127 436 5 5 0.02393462 
93 507 3 5 0.023899488 
66 449 4 5 0.023866149 
454 446 7 10 0.023817193 
90 440 6 9 0.023754561 
591 388 13 11 0.023691718 
106 377 7 6 0.023663787 
95 440 5 7 0.023496136 
90 526 4 6 0.023272537 
91 408 5 7 0.023218425 
117 480 3 5 0.023118671 
588 157 10 9 0.023087295 
76 389 8 8 0.023058092 
115 404 5 4 0.022974063 
178 403 6 8 0.022965191 
158 417 5 5 0.022756537 
123 461 4 6 0.022704845 
595 545 5 7 0.022680657 
517 395 53 40 0.022647966 
47 383 5 6 0.022627259 
589 525 8 14 0.022611173 
149 424 4 5 0.022567492 
69 441 33 40 0.02252075 
143 466 5 7 0.022501647 
752 607 8 10 0.022489112 
134 448 6 7 0.022305982 
81 390 7 8 0.022302954 
698 337 409 457 0.022151828 
37 409 5 5 0.022135386 
9 416 5 6 0.022116594 
154 397 5 5 0.022116002 
14 475 5 5 0.02210717 
571 153 8 9 0.022076506 
81 447 8 11 0.02203327 
133 480 5 8 0.022013202 
602 113 14 10 0.0219528 
109 411 5 5 0.02190134 
-5 354 35 44 0.021753717 
37 379 5 5 0.021571822 
74 466 7 10 0.021525504 
83 461 7 12 0.021372382 
102 506 4 6 0.021334294 
38 405 4 4 0.021321202 
186 385 6 7 0.021250132 
600 186 5 7 0.021248626 
129 449 7 7 0.021240143 
45 436 5 5 0.021165045 
603 543 4 6 0.021122865 
29 491 8 8 0.021113832 
76 430 5 6 0.021082297 
40 428 5 5 0.021074785 
430 -4 34 37 0.02105347 
758 643 10 18 0.020969674 
743 87 12 13 0.020952059 
427 536 10 8 0.020870538 
21 129 13 13 0.020837655 
618 113 12 10 0.020820767 
174 393 5 5 0.020801906 
103 405 5 5 0.02069347 
26 485 8 7 0.020657407 
84 415 5 7 0.020581495 
659 107 11 10 0.020556716 
612 119 11 8 0.020540975 
103 460 4 7 0.020507917 
578 541 10 10 0.020427374 
26 430 5 4 0.020408707 
13 357 7 9 0.020405104 
811 122 18 25 0.020402392 
129 442 5 5 0.020286292 
166 389 30 40 0.020215543 
160 435 4 6 0.020143265 
101 422 6 7 0.020101827 
464 0 19 18 0.020096576 
735 58 12 14 0.020070726 
109 476 5 5 0.02002046 
