32_Worker_Laborer_Worker_Laborer_32_516
82
758 100 40 51 0.99964046 
299 116 42 57 0.99953413 
48 26 68 86 0.9987984 
420 123 28 38 0.9987644 
520 97 38 50 0.99785054 
845 119 30 30 0.99778926 
278 311 52 45 0.9977847 
227 129 25 38 0.99715865 
257 108 33 45 0.9963331 
478 341 39 32 0.9956404 
762 331 59 44 0.9945609 
968 55 64 80 0.98628265 
344 308 51 44 0.9841505 
574 352 45 41 0.9708446 
672 320 47 43 0.9640083 
881 146 32 36 0.9422347 
370 148 16 20 0.889564 
728 143 22 25 0.6773942 
678 159 19 22 0.639873 
340 88 20 45 0.15587826 
210 144 20 30 0.12948741 
366 136 15 24 0.099075794 
442 0 10 10 0.07731042 
343 114 16 34 0.06164987 
443 140 19 28 0.058158588 
189 110 9 23 0.04952263 
2 52 9 21 0.048964735 
682 2 6 9 0.046311453 
85 192 14 13 0.04509807 
665 1 6 7 0.044201672 
141 5 6 7 0.04343794 
508 125 10 16 0.042571552 
435 9 7 10 0.041351248 
490 257 14 12 0.040708628 
170 98 11 19 0.03889279 
346 81 8 18 0.03885564 
834 78 19 27 0.03776815 
502 369 39 37 0.037481163 
439 6 10 12 0.03698435 
498 123 18 25 0.03603476 
659 26 14 12 0.03552639 
362 133 11 22 0.0349969 
752 50 35 40 0.034640886 
559 119 21 28 0.03284137 
365 146 28 40 0.032741163 
865 154 34 45 0.032024667 
601 361 32 25 0.031737324 
349 95 10 22 0.03086119 
145 4 6 7 0.029847827 
237 18 7 11 0.029618783 
164 182 11 13 0.02832607 
473 118 18 32 0.028239569 
335 316 36 27 0.028066676 
164 235 8 13 0.027768603 
515 351 11 10 0.02757323 
993 86 54 79 0.027537247 
703 325 28 29 0.026923258 
502 347 29 24 0.026812565 
240 74 18 22 0.026718358 
128 1 5 6 0.026122717 
1 231 5 12 0.025544614 
661 1 4 7 0.024918322 
512 362 26 23 0.024666032 
354 124 15 29 0.024522098 
671 1 6 9 0.02445403 
315 321 28 29 0.023579728 
619 371 9 8 0.023313135 
669 24 11 11 0.02309843 
220 151 31 46 0.02234334 
567 257 13 13 0.021190032 
677 12 10 12 0.021030925 
850 156 27 40 0.020799551 
254 78 8 12 0.020796364 
713 91 36 41 0.020783087 
691 2 6 9 0.020625647 
682 13 9 13 0.020523584 
154 1 5 7 0.020451652 
373 167 22 27 0.020448474 
21 180 5 9 0.020430218 
136 3 5 7 0.020377684 
659 15 7 9 0.020194145 
688 55 25 28 0.02012363 
