32_Worker_Laborer_Worker_Laborer_32_786
40
466 516 194 236 0.9998988 
834 163 21 24 0.116531484 
604 1574 16 17 0.08204384 
633 1572 16 19 0.07274484 
940 238 22 29 0.040216245 
748 240 10 14 0.038416713 
736 239 13 16 0.036433052 
757 245 16 17 0.03578189 
982 97 18 30 0.03396278 
288 238 10 15 0.032513686 
301 216 11 15 0.031429444 
944 179 11 16 0.031133888 
281 223 9 12 0.029036654 
943 171 10 14 0.028840173 
936 171 9 14 0.027971858 
954 183 9 14 0.026604546 
574 137 150 250 0.026443876 
943 222 15 24 0.025876107 
280 210 8 11 0.025755994 
900 74 21 37 0.024976946 
263 236 7 10 0.024913004 
30 1454 8 10 0.024757754 
723 1567 16 20 0.02385526 
318 171 11 12 0.02346228 
6 1191 8 17 0.023122685 
461 265 9 10 0.022406362 
1004 254 16 23 0.02238555 
316 147 8 9 0.021781966 
396 265 10 13 0.021727633 
975 241 19 27 0.021681663 
715 1260 139 280 0.02133101 
353 207 11 16 0.021163585 
291 210 10 15 0.021141471 
956 1425 9 13 0.020716585 
344 220 10 16 0.02030456 
371 239 8 11 0.020218391 
280 246 9 13 0.020179152 
318 161 8 8 0.020130964 
198 132 14 16 0.020104999 
670 614 12 24 0.020029884 
