32_Worker_Laborer_Worker_Laborer_32_692
50
196 85 114 157 0.9983563 
863 164 69 82 0.99218917 
690 138 51 82 0.9884405 
430 144 91 106 0.9816968 
795 295 68 125 0.6252147 
938 564 19 41 0.11635733 
764 488 18 26 0.09508956 
35 459 13 29 0.083040535 
392 624 26 34 0.06432766 
713 488 47 39 0.06148051 
158 139 29 41 0.059124272 
578 432 12 17 0.051253196 
738 556 10 15 0.051054474 
356 40 174 266 0.048585434 
279 280 51 65 0.04733989 
59 613 6 14 0.04584684 
1006 478 46 109 0.041498322 
52 485 7 17 0.03842061 
886 263 40 75 0.034489922 
19 661 9 16 0.032297272 
843 622 42 48 0.031225633 
571 162 19 34 0.030575646 
181 14 5 7 0.030049436 
142 4 3 5 0.029718583 
55 488 7 18 0.029409973 
808 639 12 12 0.027791422 
546 393 36 47 0.027280135 
50 599 28 49 0.026848784 
0 462 6 17 0.025869895 
81 596 32 49 0.025786294 
51 584 9 19 0.025756095 
1020 13 6 10 0.024376467 
239 31 11 11 0.024020743 
34 519 5 9 0.023855584 
858 379 19 29 0.023772074 
1018 270 7 10 0.023627957 
37 454 7 15 0.023319714 
100 70 8 15 0.023173425 
757 502 20 31 0.023161264 
34 514 5 10 0.02227805 
50 618 8 14 0.021945642 
171 632 7 14 0.021756086 
971 563 34 61 0.021159189 
268 584 80 87 0.021050977 
921 642 23 41 0.020998932 
33 470 8 17 0.020814 
212 3 5 6 0.020593248 
292 53 11 15 0.02045631 
52 635 5 10 0.02022171 
80 665 12 18 0.02006452 
