32_Worker_Laborer_Worker_Laborer_32_529
156
481 266 77 110 0.999754 
1000 552 16 26 0.27801365 
186 922 463 783 0.27140683 
938 557 18 24 0.23538207 
796 635 10 17 0.13897593 
335 707 48 73 0.10895528 
858 654 10 19 0.07000594 
47 720 9 13 0.06435537 
374 675 11 21 0.0642925 
67 677 7 13 0.064110205 
1015 726 8 20 0.06101822 
6 701 16 21 0.060140453 
978 649 7 12 0.055693813 
973 550 15 28 0.05484515 
562 261 57 76 0.054286793 
66 672 6 10 0.0502801 
982 579 10 17 0.048695907 
1016 705 8 19 0.04825032 
796 654 12 26 0.046481293 
197 731 8 10 0.046355333 
177 730 8 10 0.046179287 
778 672 6 10 0.04599932 
722 140 16 19 0.04560832 
850 672 7 11 0.04519253 
63 673 6 11 0.045138948 
65 708 10 14 0.04410067 
46 694 9 14 0.04340154 
209 718 8 11 0.042453703 
187 721 9 11 0.041785218 
99 672 5 9 0.04148483 
379 668 9 17 0.04064429 
864 649 10 17 0.038603164 
388 346 17 23 0.038257007 
954 273 80 194 0.037840992 
40 690 9 15 0.037432954 
964 548 14 25 0.037162013 
849 679 8 11 0.036244225 
186 727 9 11 0.03553018 
1 708 8 15 0.03496272 
792 658 9 17 0.034740612 
917 570 8 14 0.03418685 
1014 641 6 12 0.03390916 
838 669 7 10 0.03370801 
751 691 7 9 0.032791343 
791 667 8 15 0.032765206 
142 584 13 21 0.032431155 
879 650 7 12 0.032244533 
90 674 5 7 0.03221268 
6 714 14 19 0.032005455 
5 688 13 20 0.03191538 
0 152 10 21 0.03184926 
392 381 15 17 0.03154292 
897 648 8 12 0.031422842 
955 555 12 21 0.031393845 
100 681 5 8 0.030752556 
228 709 9 12 0.030389393 
1 678 8 15 0.030200718 
245 748 24 38 0.030127153 
216 731 9 12 0.029989585 
47 712 8 12 0.029279048 
158 730 9 10 0.02926225 
100 664 5 8 0.028950466 
902 151 20 19 0.02809905 
1 718 7 14 0.02770163 
247 729 11 15 0.027203167 
872 190 22 21 0.027154684 
204 736 10 11 0.026998768 
516 1138 61 57 0.026939103 
933 569 14 26 0.026932415 
70 718 9 13 0.02647268 
76 682 6 8 0.026307296 
54 340 17 23 0.02616788 
1005 658 8 16 0.026110241 
889 544 6 13 0.025990698 
892 615 11 18 0.025966762 
850 661 6 12 0.02587562 
71 641 5 8 0.025816781 
224 731 8 11 0.0256279 
900 162 19 18 0.025435533 
839 664 7 10 0.025386596 
882 710 7 13 0.025189752 
821 164 46 32 0.025144678 
918 699 7 14 0.025113953 
792 631 8 16 0.02510908 
796 290 20 17 0.025049211 
993 557 26 44 0.025024021 
3 638 6 12 0.024796337 
1004 632 6 11 0.024726212 
110 681 5 9 0.024698377 
194 721 7 10 0.024627835 
3 631 6 12 0.02442481 
688 667 16 32 0.024422305 
109 671 6 9 0.024388762 
855 666 9 15 0.024314987 
780 660 6 12 0.024184102 
826 682 7 11 0.024108702 
208 766 26 35 0.02402778 
197 665 40 63 0.02402186 
839 692 6 9 0.023844527 
888 649 8 13 0.02374448 
72 727 8 11 0.023729527 
908 791 5 7 0.023428326 
907 572 8 14 0.02336518 
350 750 21 26 0.023331763 
998 640 8 12 0.023303078 
1016 680 7 12 0.023273958 
1013 655 9 20 0.02321772 
58 634 6 8 0.023077339 
116 679 6 10 0.023021692 
774 674 5 8 0.022938944 
935 171 41 63 0.02289474 
72 663 6 10 0.02288203 
916 561 9 15 0.022813147 
227 134 21 22 0.022746455 
795 672 11 22 0.022643523 
1013 647 8 17 0.022425933 
60 688 8 14 0.022417136 
1 698 10 18 0.022415314 
888 159 12 12 0.022391807 
189 712 7 10 0.022325382 
101 702 6 9 0.022306647 
41 718 10 14 0.022271821 
772 681 5 8 0.022229375 
30 698 8 13 0.021960745 
995 575 12 21 0.02195641 
395 919 624 606 0.021787154 
898 578 8 14 0.021724978 
1008 707 7 17 0.021724105 
307 742 7 10 0.021675546 
180 669 6 11 0.021620054 
3 589 5 11 0.021605456 
721 711 5 8 0.021594519 
828 689 7 11 0.021453321 
67 686 8 15 0.021414066 
926 579 9 17 0.021406794 
1006 641 6 10 0.021357905 
847 700 6 11 0.02134927 
41 725 12 17 0.021295527 
31 690 9 13 0.021276874 
858 702 7 11 0.021112539 
456 282 16 21 0.021106943 
68 528 32 48 0.021037042 
982 567 11 19 0.02080261 
891 166 18 17 0.020653646 
92 664 5 7 0.020618837 
1006 667 7 13 0.020585267 
250 0 66 57 0.020517536 
831 671 7 11 0.020406151 
779 678 6 10 0.020400701 
736 138 12 14 0.020342363 
840 699 7 12 0.0203252 
955 768 7 14 0.020309797 
76 722 7 10 0.02019471 
997 658 9 15 0.020120213 
878 170 32 30 0.020087253 
988 661 6 10 0.020051464 
