32_Worker_Laborer_Worker_Laborer_32_530
31
256 117 121 150 0.99955505 
607 180 128 156 0.9982412 
14 374 133 235 0.13384587 
243 616 43 48 0.09204267 
320 576 11 12 0.08638314 
49 702 56 103 0.061171956 
600 676 7 11 0.049456887 
646 539 11 15 0.04235429 
166 535 24 41 0.040856566 
13 59 34 86 0.03533933 
186 683 26 32 0.0347139 
1012 621 9 8 0.031445514 
979 563 25 36 0.030764244 
648 802 7 9 0.029647592 
-21 261 236 469 0.029412074 
518 756 15 37 0.027200166 
132 581 27 54 0.02719999 
577 795 9 15 0.026699021 
298 637 38 47 0.026665634 
601 758 35 57 0.026597897 
323 172 9 11 0.026130924 
595 676 8 13 0.024594402 
41 748 41 78 0.02434288 
1070 382 26 48 0.02364388 
543 749 21 41 0.022689676 
580 668 9 15 0.022494344 
586 684 16 31 0.02195941 
436 -126 392 333 0.021773368 
862 779 44 47 0.02089466 
264 620 50 44 0.020521237 
50 446 77 121 0.02015498 
