32_Worker_Laborer_Worker_Laborer_32_566
105
669 365 49 68 0.998451 
940 365 42 68 0.21754108 
947 327 36 48 0.13687506 
629 292 5 9 0.12926318 
811 49 37 44 0.11842311 
106 456 7 11 0.11145575 
294 245 5 7 0.098073184 
679 305 7 10 0.094619945 
876 339 34 57 0.07495564 
934 310 39 48 0.06566487 
429 260 6 10 0.061268635 
203 653 9 13 0.05967273 
415 271 6 8 0.05421137 
744 536 11 13 0.052733954 
902 663 28 22 0.05069133 
267 643 9 18 0.050149996 
282 175 367 446 0.049541403 
32 250 10 11 0.044708986 
435 236 5 10 0.041448645 
384 261 7 9 0.04144466 
799 654 24 28 0.04049582 
437 258 4 8 0.040110808 
559 361 5 6 0.038167506 
936 284 27 31 0.03803224 
998 347 22 31 0.037486512 
696 300 6 9 0.036947355 
411 274 6 9 0.0350564 
700 253 5 6 0.034904636 
21 254 11 11 0.03471341 
434 261 6 9 0.034310263 
672 219 6 7 0.033604212 
859 316 9 16 0.03326307 
17 226 9 9 0.03236419 
920 288 36 52 0.03232284 
632 290 5 9 0.031059887 
545 302 4 7 0.03076673 
961 539 50 88 0.029521167 
25 238 8 7 0.02927516 
588 246 5 11 0.028954769 
774 538 7 8 0.02871422 
62 257 26 28 0.028540608 
961 364 41 53 0.028434042 
659 288 5 8 0.028144104 
1 258 8 13 0.028068844 
670 236 7 8 0.027931344 
1014 334 23 39 0.02787861 
480 371 5 7 0.027475214 
993 220 18 32 0.027283449 
294 249 5 6 0.026965931 
450 373 4 6 0.026081085 
435 232 4 8 0.025708208 
842 593 10 10 0.025410712 
705 238 7 7 0.024981434 
973 337 35 42 0.02462067 
647 40 4 5 0.024607994 
591 296 4 8 0.024541171 
560 348 3 5 0.024436995 
879 322 21 29 0.024302563 
796 529 11 11 0.023822162 
101 451 15 19 0.023817029 
776 627 21 26 0.023643885 
531 442 5 7 0.023512209 
678 219 6 6 0.023266684 
432 236 4 9 0.023255289 
683 303 6 8 0.023066927 
90 222 8 10 0.023055645 
684 214 8 7 0.023027334 
308 251 5 7 0.023025848 
579 341 3 6 0.02290772 
316 224 5 8 0.022642195 
787 573 7 11 0.022521136 
13 460 7 8 0.022504818 
432 232 4 8 0.022435745 
538 224 5 10 0.022310667 
659 310 6 8 0.02216196 
547 315 4 8 0.02210929 
417 289 6 8 0.022100477 
788 539 7 7 0.0220395 
680 215 6 5 0.021994138 
655 314 6 8 0.02190181 
370 233 5 7 0.021789037 
900 335 11 21 0.021688022 
1027 357 32 49 0.021684062 
799 519 7 8 0.021658566 
1052 284 16 27 0.02161247 
857 533 7 9 0.02156014 
391 230 5 6 0.021547137 
954 351 21 30 0.02140995 
617 277 4 6 0.021385686 
698 257 6 6 0.021360992 
881 301 54 82 0.02132636 
793 544 25 31 0.021307021 
730 353 6 8 0.021276735 
24 231 7 7 0.02111423 
1031 274 22 35 0.021087613 
1022 299 21 32 0.02106604 
436 249 5 9 0.021058293 
317 256 5 7 0.020974945 
719 251 6 7 0.02091792 
563 362 4 5 0.020746754 
806 532 7 9 0.02073831 
936 273 20 24 0.020704081 
537 335 4 6 0.02039913 
441 312 5 10 0.020399041 
401 275 7 9 0.020393277 
