32_Worker_Laborer_Worker_Laborer_32_26
304
204 249 40 50 0.9838251 
46 74 9 12 0.46689582 
132 74 8 15 0.41206914 
169 74 8 13 0.16954121 
104 315 11 14 0.15298773 
285 316 52 73 0.14108148 
222 78 9 15 0.11934175 
112 271 10 14 0.116750605 
947 16 13 16 0.11039848 
76 132 10 12 0.10827561 
322 13 5 9 0.098245434 
441 90 5 10 0.09334291 
5 75 6 12 0.08976748 
283 129 6 11 0.08548003 
320 83 5 10 0.0834376 
297 134 6 10 0.08207037 
265 7 4 7 0.080035694 
325 256 9 10 0.07815891 
197 57 9 19 0.07757073 
330 128 6 13 0.07733152 
295 15 3 7 0.076371185 
270 76 6 12 0.07554775 
69 77 8 11 0.07465777 
341 40 6 10 0.07334669 
243 8 4 6 0.07325003 
180 248 36 53 0.072982654 
303 163 8 13 0.07174615 
322 9 4 8 0.07065122 
310 15 4 7 0.06829109 
296 4 3 5 0.06693181 
333 7 5 8 0.0660804 
268 9 3 6 0.06512905 
276 15 3 7 0.06392172 
277 8 4 6 0.06372816 
897 26 12 14 0.062805735 
199 96 8 14 0.062764995 
309 9 4 6 0.06073297 
289 8 4 6 0.06008304 
302 8 4 7 0.059614856 
214 126 8 14 0.057262957 
309 127 5 10 0.056826953 
327 40 6 10 0.05671589 
338 34 6 9 0.055626683 
290 15 3 7 0.05511432 
308 20 5 8 0.054504722 
326 8 4 7 0.054447815 
321 32 5 9 0.054338668 
265 15 3 7 0.0543173 
333 278 21 25 0.05361106 
301 3 3 6 0.053365737 
273 136 7 11 0.053222824 
291 4 2 5 0.05318416 
67 215 9 10 0.052630473 
798 352 7 12 0.05196161 
307 40 6 9 0.051821563 
918 8 9 16 0.05169014 
277 3 4 6 0.05151309 
244 14 4 7 0.050892565 
321 3 3 6 0.050626352 
332 77 6 11 0.049388926 
264 21 4 7 0.04933209 
80 78 7 11 0.0489591 
322 27 5 9 0.04842903 
186 392 5 5 0.048425086 
269 15 3 6 0.04805032 
315 3 3 6 0.04798393 
238 8 4 6 0.04648811 
333 3 3 6 0.044858363 
90 72 6 9 0.044178866 
245 135 6 10 0.044047933 
477 2 34 27 0.04391891 
13 83 6 10 0.043055844 
303 40 5 9 0.04292418 
301 14 4 7 0.04285041 
237 82 7 11 0.04282014 
441 95 6 12 0.04253366 
638 19 37 59 0.041749798 
282 8 4 6 0.041682255 
90 75 7 13 0.040821765 
145 252 8 13 0.040710974 
110 224 8 10 0.04061572 
303 27 4 7 0.040155154 
265 4 3 5 0.04012398 
303 34 5 8 0.03996376 
335 33 5 8 0.039350156 
252 8 4 7 0.039029624 
326 14 4 8 0.038872927 
964 140 35 75 0.038801376 
83 215 10 10 0.03857266 
345 131 7 13 0.03850713 
873 3 17 15 0.03830956 
321 19 4 8 0.038191903 
277 21 4 7 0.038011022 
306 98 5 9 0.037957832 
61 329 10 9 0.037912525 
313 9 4 6 0.037819263 
304 246 15 15 0.037629582 
302 23 3 6 0.037226506 
329 20 4 8 0.03710907 
919 1 9 12 0.03703863 
206 75 7 13 0.0370112 
481 77 5 8 0.03695671 
295 9 3 5 0.036511313 
2 75 5 12 0.03631355 
339 8 5 7 0.03618407 
88 274 11 14 0.03605375 
348 33 5 8 0.036053248 
347 8 4 7 0.03580828 
331 257 7 8 0.03562499 
339 27 5 8 0.0353596 
237 374 5 5 0.035306673 
61 318 11 10 0.03525328 
0 140 5 11 0.03515411 
188 261 12 19 0.035026573 
263 27 4 8 0.034354873 
326 26 4 9 0.034290917 
289 81 6 11 0.034166686 
398 347 26 32 0.033918727 
295 21 4 7 0.033847068 
328 3 3 6 0.033819072 
353 44 6 9 0.033593126 
282 22 3 7 0.033358682 
332 20 4 8 0.032978047 
112 261 10 16 0.03267042 
301 45 6 9 0.032636337 
360 196 38 67 0.032631256 
238 21 4 7 0.032574147 
342 133 6 12 0.032549065 
224 7 6 8 0.03245591 
321 46 5 10 0.032432098 
289 21 3 7 0.032221563 
315 0 3 4 0.032196376 
243 3 4 7 0.03211426 
312 14 4 8 0.031746518 
134 255 7 11 0.031693842 
333 15 4 7 0.031670116 
248 367 5 6 0.031653143 
115 292 8 11 0.03165021 
391 56 6 11 0.03157612 
262 98 5 9 0.031360693 
351 52 6 8 0.03133391 
240 3 3 6 0.03129657 
120 61 9 15 0.031193497 
256 15 3 7 0.03101103 
7 79 6 12 0.030492283 
175 388 5 4 0.030437043 
443 85 4 8 0.030338936 
351 37 6 11 0.030119067 
334 27 5 8 0.030112883 
269 4 3 5 0.030111304 
252 4 3 5 0.03009812 
258 219 9 12 0.030090958 
112 74 8 12 0.030023906 
58 65 7 9 0.029860226 
63 118 9 13 0.029825522 
296 130 5 9 0.029735887 
376 263 10 15 0.029423112 
132 271 9 15 0.029372854 
313 21 4 8 0.029137691 
2 66 4 9 0.028928233 
309 4 3 5 0.02891918 
222 72 7 13 0.028727282 
251 14 4 7 0.028649047 
251 96 5 10 0.028227061 
113 298 10 13 0.028187634 
281 4 3 5 0.028085452 
283 15 3 7 0.027958984 
319 250 8 11 0.027874222 
76 114 8 13 0.02778927 
0 8 3 7 0.027645424 
321 0 3 4 0.027529152 
141 81 7 13 0.027485037 
927 4 10 12 0.027410278 
129 252 6 8 0.027290346 
0 148 4 9 0.027243095 
361 31 6 10 0.027027184 
320 98 5 7 0.027006688 
134 251 6 9 0.026910543 
270 135 5 9 0.026814776 
326 33 3 8 0.02677117 
116 393 4 5 0.026763625 
268 21 4 7 0.02673684 
304 170 7 12 0.026712976 
339 14 4 7 0.02662292 
321 38 5 9 0.026547357 
78 82 7 9 0.026526693 
296 0 3 4 0.026395028 
185 388 4 5 0.02633758 
416 -65 152 161 0.02631432 
301 53 5 8 0.026077367 
314 26 4 7 0.02590486 
333 40 4 8 0.02581808 
1 134 6 12 0.02575905 
281 137 7 12 0.025758069 
384 269 18 26 0.025736127 
50 107 6 10 0.025503736 
333 46 4 8 0.025475437 
305 219 11 13 0.025393365 
71 198 6 11 0.025346667 
256 21 3 7 0.025309352 
127 239 27 41 0.025032591 
283 27 4 7 0.024867117 
280 154 6 10 0.024833562 
135 63 6 11 0.024764309 
302 0 2 4 0.02468009 
287 27 5 7 0.024606401 
119 313 8 12 0.024549076 
237 71 6 9 0.024396462 
328 58 4 9 0.024324859 
45 395 5 5 0.024234623 
377 259 18 24 0.024073524 
311 123 5 10 0.024010181 
12 292 12 16 0.023972705 
231 7 4 8 0.023951052 
58 78 7 9 0.023898378 
301 71 5 9 0.023897707 
245 65 6 10 0.023888819 
73 250 8 11 0.023883976 
740 404 21 30 0.023847297 
113 257 8 11 0.02383498 
258 370 4 4 0.023816839 
256 9 4 6 0.023766743 
66 256 17 23 0.02373988 
328 98 4 7 0.023731118 
307 57 5 11 0.023716258 
243 69 7 10 0.02370674 
346 4 4 5 0.023646714 
301 98 5 9 0.023535602 
202 219 12 18 0.023500018 
4 132 7 14 0.02346811 
223 62 7 12 0.023464108 
905 1 6 10 0.023461998 
241 82 7 10 0.023461783 
170 80 10 17 0.023226883 
407 216 23 37 0.023222772 
474 76 5 9 0.02318758 
504 581 24 22 0.02308732 
299 138 6 11 0.02306675 
237 15 4 7 0.022977524 
276 83 6 10 0.022901302 
290 227 32 41 0.022810249 
308 26 4 8 0.022764686 
998 412 6 8 0.022739932 
287 326 30 35 0.022715788 
356 261 9 13 0.0227131 
252 216 17 22 0.022649162 
62 65 6 8 0.022537308 
251 177 30 37 0.022443868 
201 203 10 13 0.022370907 
39 400 4 4 0.022366907 
202 209 11 14 0.022174714 
151 287 8 12 0.022070369 
73 266 9 14 0.022062078 
236 369 4 4 0.022021452 
147 287 8 12 0.021940047 
239 78 6 10 0.021922829 
1 41 3 7 0.021888915 
24 61 8 14 0.021862406 
303 153 6 12 0.021850646 
299 129 6 10 0.021804446 
1034 169 26 58 0.021791141 
914 -2 16 22 0.02179027 
127 79 8 15 0.021741902 
496 43 10 21 0.021736208 
140 250 8 11 0.0217235 
1045 120 21 41 0.02171857 
283 0 2 4 0.021687405 
329 76 5 10 0.021651695 
145 61 8 15 0.021648712 
886 110 18 32 0.02155563 
243 21 4 7 0.02148602 
314 47 5 8 0.021466145 
212 99 8 15 0.021450197 
129 268 7 12 0.021420652 
54 130 10 15 0.021367436 
249 364 3 4 0.021364043 
365 281 8 14 0.0213326 
1 101 6 13 0.021282354 
277 241 12 11 0.02125488 
57 83 8 10 0.021207644 
332 58 5 9 0.02119797 
351 77 6 10 0.02114288 
340 3 4 6 0.021094661 
279 256 27 25 0.021080537 
363 243 9 13 0.021074371 
289 0 3 4 0.021018086 
485 76 5 9 0.020975275 
328 0 3 5 0.020954084 
221 113 7 12 0.020928703 
255 128 5 8 0.02090889 
312 277 8 6 0.020880364 
57 329 9 9 0.02087858 
792 345 8 15 0.02076969 
309 0 2 4 0.020655217 
264 128 5 9 0.020605149 
322 64 5 9 0.020543946 
613 482 28 36 0.020350402 
407 77 5 9 0.0203229 
277 0 2 4 0.020318449 
257 136 5 9 0.02031679 
376 97 7 11 0.020244291 
258 27 4 7 0.020162005 
51 412 5 4 0.020066151 
611 491 13 16 0.020014085 
