32_Worker_Laborer_Worker_Laborer_32_723
41
298 82 57 72 0.99582726 
785 54 41 73 0.9855804 
0 195 43 99 0.952698 
943 155 49 69 0.9508332 
434 147 48 84 0.95079213 
167 0 56 48 0.82132906 
158 187 58 56 0.30633456 
844 178 40 92 0.22054398 
537 225 42 48 0.11183213 
583 242 44 53 0.09663098 
524 209 37 48 0.08940471 
86 86 39 41 0.079734646 
818 94 33 46 0.07582629 
117 292 38 42 0.05980567 
501 192 40 65 0.055598356 
816 294 26 26 0.055295516 
559 235 47 54 0.05066761 
648 168 38 54 0.044831507 
909 159 66 88 0.042291135 
707 4 43 57 0.042001765 
320 281 54 41 0.039659027 
531 204 19 34 0.031078447 
665 177 47 59 0.030583238 
23 168 21 26 0.02924853 
766 48 37 68 0.02923111 
821 64 43 59 0.028935969 
878 145 138 150 0.028408354 
483 173 42 69 0.027671443 
0 122 6 10 0.027007973 
892 186 13 18 0.026941555 
864 173 60 92 0.025536697 
0 146 15 32 0.02547342 
594 217 73 75 0.024677431 
569 247 13 16 0.024243465 
767 106 21 32 0.021540482 
543 218 25 31 0.021362053 
975 223 59 73 0.02127209 
111 281 24 41 0.020998346 
1063 72 15 25 0.020530742 
645 208 57 62 0.020356763 
1 91 5 12 0.020288838 
