32_Worker_Laborer_Worker_Laborer_32_468
31
355 116 102 139 0.9996302 
28 610 7 14 0.13005762 
219 731 11 14 0.041150562 
198 726 10 14 0.040507544 
0 278 6 17 0.03942863 
1003 392 16 50 0.03502832 
72 131 6 11 0.031777177 
1015 400 17 49 0.0306237 
904 271 32 67 0.029611884 
990 368 8 21 0.02921502 
0 300 7 21 0.027765147 
0 718 5 19 0.025784062 
324 635 67 121 0.024920264 
947 574 5 12 0.024376655 
163 724 11 15 0.024313737 
572 -3 75 87 0.023756241 
1 336 5 13 0.0236666 
547 245 35 56 0.02298638 
955 573 4 11 0.022686996 
11 272 7 13 0.022587843 
180 723 8 14 0.022352612 
470 223 9 16 0.02183925 
320 90 39 73 0.021631675 
71 127 5 10 0.021596428 
1022 422 18 51 0.021143101 
916 577 7 15 0.020865766 
0 126 3 11 0.02078674 
904 566 6 12 0.02064596 
523 133 60 93 0.020333815 
69 120 5 9 0.020276375 
65 123 6 12 0.02016756 
