32_Worker_Laborer_Worker_Laborer_32_658
20
618 437 18 20 0.9880465 
489 406 17 20 0.97409487 
550 420 21 20 0.9438052 
679 445 19 20 0.92215854 
846 250 8 12 0.29084173 
689 491 16 24 0.054454695 
616 447 16 20 0.043306027 
736 33 91 112 0.040560275 
731 26 12 10 0.040218268 
829 250 15 23 0.03973276 
465 419 12 15 0.032444127 
356 64 12 11 0.03219135 
534 440 11 13 0.030545067 
676 457 11 15 0.027372686 
65 414 18 33 0.026829062 
716 26 9 8 0.024823254 
485 412 13 16 0.02271601 
843 251 14 21 0.02213034 
826 261 9 14 0.021689879 
838 246 6 11 0.020528765 
