32_Worker_Laborer_Worker_Laborer_32_1039
65
581 313 215 293 0.9988518 
261 261 31 64 0.66222656 
383 960 296 411 0.16533719 
356 500 44 92 0.12110548 
539 1023 229 295 0.10095853 
389 575 68 68 0.08717422 
647 1139 51 41 0.075400814 
562 375 18 27 0.071632914 
390 1095 83 81 0.06137529 
412 1035 142 167 0.0602768 
547 405 26 34 0.059472267 
793 342 51 121 0.055492558 
352 381 48 72 0.05448942 
925 14 24 41 0.05161242 
358 441 30 34 0.04615288 
231 762 13 12 0.045008115 
328 246 36 76 0.04248807 
916 91 14 28 0.040798277 
474 735 129 253 0.039523568 
91 -3 397 685 0.037608884 
149 0 46 43 0.03713247 
726 325 111 168 0.035668887 
926 276 50 90 0.03423429 
365 1094 136 171 0.031586077 
356 486 26 64 0.03060032 
815 1461 5 8 0.02852381 
117 902 438 554 0.028391616 
843 1442 5 7 0.026744602 
804 1452 4 7 0.026611926 
234 289 7 16 0.026201006 
820 89 14 23 0.026101405 
688 1463 4 6 0.025933038 
277 261 38 69 0.025806911 
422 519 29 50 0.025485307 
429 484 116 158 0.025439123 
756 1442 5 6 0.025199225 
805 1482 4 7 0.024733901 
796 1462 5 7 0.024476826 
678 1501 5 7 0.024151025 
444 509 65 82 0.023980549 
232 756 11 11 0.023836914 
416 377 12 12 0.02310903 
759 743 453 537 0.02290261 
471 231 10 26 0.022673436 
132 1527 7 10 0.022478057 
851 1435 5 6 0.022463571 
389 512 38 76 0.022367278 
833 808 137 203 0.0222067 
845 1435 5 7 0.022162026 
257 270 18 39 0.021909233 
746 1453 5 7 0.021769583 
802 1461 5 8 0.021696523 
766 1463 5 6 0.021660024 
514 1528 6 8 0.021626664 
844 1462 6 8 0.021604892 
745 1461 5 7 0.021490606 
114 1528 7 9 0.021362636 
737 1473 4 6 0.02133365 
813 1452 5 7 0.021153757 
126 849 17 20 0.020715216 
842 1452 5 6 0.020675166 
689 1472 4 6 0.020549724 
464 1527 6 9 0.020155685 
356 488 12 28 0.020080145 
814 1435 5 6 0.020029908 
