32_Worker_Laborer_Worker_Laborer_32_987
287
607 61 57 76 0.9981654 
761 56 55 77 0.99748164 
270 227 57 59 0.96889764 
698 367 27 67 0.60808086 
489 203 10 13 0.52684855 
498 128 8 9 0.3995553 
493 140 7 10 0.3319463 
504 178 7 10 0.31528333 
737 29 21 35 0.29375276 
438 191 8 10 0.28230563 
465 208 8 10 0.2260285 
508 121 7 8 0.20827398 
503 172 8 10 0.20703396 
566 159 10 15 0.20304443 
496 191 9 10 0.15710922 
518 119 9 9 0.14750588 
468 139 7 9 0.1452422 
454 183 8 10 0.14210522 
543 162 10 11 0.1399912 
457 166 9 10 0.13991106 
905 115 56 90 0.13903092 
468 190 8 11 0.13336425 
506 140 7 9 0.13174397 
305 336 29 27 0.12443236 
477 109 8 9 0.120526314 
444 157 11 12 0.11450827 
491 162 7 11 0.11223472 
511 134 6 8 0.11177236 
467 153 8 10 0.11099865 
302 389 22 38 0.10839728 
446 154 9 9 0.10830789 
512 197 8 9 0.1061494 
435 127 9 9 0.10130752 
450 197 10 11 0.09018219 
468 126 6 8 0.08981808 
492 179 7 9 0.086402565 
487 177 7 10 0.08546335 
433 178 8 9 0.0812752 
524 134 6 7 0.080891654 
497 204 8 11 0.07982238 
520 140 6 7 0.078533456 
453 104 6 7 0.0780874 
507 134 6 8 0.07698919 
516 165 9 9 0.07635073 
474 122 6 9 0.07325854 
454 171 10 9 0.072580695 
473 146 5 8 0.07185915 
523 140 7 8 0.07184255 
525 197 8 9 0.07165188 
481 134 7 10 0.07092298 
439 131 8 10 0.07071222 
791 33 12 15 0.069852546 
433 224 8 10 0.06961829 
486 122 7 8 0.06884968 
519 133 6 8 0.06769608 
415 179 10 9 0.06760036 
519 128 8 8 0.0669882 
468 145 5 8 0.064584084 
453 139 7 9 0.06332951 
470 224 8 9 0.063211314 
500 160 6 10 0.06276887 
418 147 9 10 0.062219102 
536 153 7 8 0.061794557 
524 147 8 9 0.059077557 
453 189 8 10 0.058917776 
517 184 8 9 0.05811747 
525 172 7 10 0.057352126 
487 153 6 10 0.05724037 
462 109 6 7 0.05696943 
488 157 7 10 0.056904063 
423 239 8 12 0.05638407 
452 235 8 11 0.05493555 
466 115 6 6 0.054618638 
554 172 10 12 0.054487936 
448 202 10 11 0.053627294 
446 231 9 10 0.053091407 
479 222 8 8 0.05212391 
552 179 6 7 0.051808916 
425 114 8 9 0.05064813 
409 207 8 10 0.050459046 
446 211 12 14 0.050122246 
471 152 7 9 0.049927004 
468 135 6 8 0.04987819 
538 172 6 7 0.048104685 
516 191 8 9 0.048103005 
512 178 6 8 0.047689322 
458 133 7 8 0.04767502 
530 135 6 6 0.047374886 
501 221 9 10 0.047075223 
537 159 9 10 0.04689131 
447 177 10 10 0.04532969 
450 103 5 7 0.04528794 
516 179 8 9 0.04527486 
484 216 10 10 0.044411756 
529 152 7 9 0.043927867 
434 123 8 8 0.04310785 
481 260 7 9 0.042996358 
429 210 6 9 0.04293958 
496 242 8 9 0.042525683 
513 165 7 9 0.042419903 
473 261 5 9 0.042358033 
530 147 6 8 0.04210241 
423 201 6 9 0.041597307 
416 132 9 9 0.041054163 
499 115 6 7 0.040935706 
540 196 10 10 0.04070102 
389 156 9 10 0.040556747 
467 122 6 8 0.04026471 
460 230 7 8 0.04015643 
448 108 6 7 0.03963448 
490 230 8 8 0.039510936 
449 262 7 8 0.039237283 
447 96 5 5 0.03881874 
491 154 6 9 0.038803406 
481 208 7 10 0.03868583 
465 110 7 6 0.038585648 
474 113 6 8 0.03849419 
428 140 8 8 0.038143795 
459 235 8 10 0.037909675 
440 103 6 7 0.037594173 
467 228 8 9 0.037462432 
441 306 5 8 0.036684655 
197 174 31 62 0.03634133 
439 242 9 10 0.0362456 
542 185 7 9 0.036000513 
510 287 5 8 0.035966568 
506 116 6 7 0.035611037 
453 260 6 9 0.035524443 
442 163 10 10 0.035327796 
446 171 10 10 0.035231765 
485 139 8 9 0.034820467 
428 144 8 9 0.034618743 
461 147 6 7 0.03457084 
504 126 6 8 0.034450233 
486 222 8 7 0.034257594 
428 160 9 9 0.0341934 
527 176 7 11 0.03409675 
461 301 6 7 0.033943735 
440 140 6 7 0.033866495 
478 122 7 8 0.033485565 
401 589 21 38 0.0334422 
550 191 8 11 0.033345044 
503 163 8 10 0.033197295 
421 128 9 9 0.0331453 
524 192 7 8 0.033054948 
523 157 9 10 0.03261416 
539 190 10 10 0.032484975 
484 256 6 8 0.032394465 
523 203 8 9 0.03236202 
551 186 6 7 0.032129638 
511 126 6 8 0.03211277 
459 241 8 10 0.03207192 
531 140 6 7 0.03192557 
427 171 9 10 0.031455044 
470 157 7 11 0.0312116 
465 235 9 10 0.031084592 
480 90 5 6 0.031011976 
478 234 9 10 0.030999376 
523 166 6 7 0.030913586 
479 191 7 10 0.03086608 
442 108 6 7 0.030861046 
407 184 8 9 0.03051242 
289 253 49 60 0.030443136 
492 248 7 8 0.03041446 
427 164 9 9 0.030282704 
493 128 6 8 0.030198816 
460 216 8 10 0.030057129 
488 199 8 9 0.030025238 
448 256 7 8 0.029639453 
433 160 7 9 0.029570991 
498 123 7 6 0.029399868 
463 114 6 7 0.029314417 
479 153 6 9 0.029209105 
428 177 8 9 0.02915562 
467 185 8 9 0.028999234 
728 45 38 57 0.02894468 
416 172 7 8 0.028892754 
434 146 7 8 0.028731856 
426 236 8 10 0.028380651 
536 147 6 8 0.028176378 
439 202 9 12 0.02816438 
512 172 7 8 0.028147627 
682 234 357 403 0.027903128 
531 128 6 8 0.027742216 
459 129 7 7 0.027650326 
480 217 8 9 0.027572885 
407 190 9 10 0.027391614 
565 295 5 9 0.027376337 
408 160 8 9 0.02733923 
499 185 6 8 0.027263176 
446 115 7 7 0.027137855 
462 152 6 8 0.027080074 
395 153 9 9 0.02702545 
460 304 10 10 0.02701321 
408 180 8 8 0.02686787 
729 39 17 28 0.026577063 
710 438 356 441 0.02651217 
423 107 8 8 0.026300801 
449 192 6 8 0.026151877 
472 295 6 7 0.025992287 
498 310 7 11 0.025853299 
457 140 7 9 0.025850266 
499 146 7 9 0.025795741 
414 253 7 12 0.025703095 
478 229 9 10 0.025669858 
429 228 8 9 0.025625085 
438 248 9 11 0.025431858 
486 248 7 9 0.02489369 
500 152 6 8 0.02481648 
502 327 9 13 0.024733804 
521 152 6 9 0.02470511 
466 180 8 8 0.024599254 
556 166 8 9 0.024557907 
501 298 7 11 0.024393631 
469 261 5 9 0.024376847 
500 110 6 6 0.02424689 
454 134 7 8 0.0242387 
654 87 25 38 0.024054976 
198 442 4 7 0.024001485 
491 171 7 10 0.023959681 
707 380 35 77 0.023953175 
486 183 7 9 0.023921987 
530 158 7 9 0.02389273 
480 95 6 6 0.023748988 
499 228 7 8 0.023733784 
537 127 6 7 0.023725351 
504 110 6 7 0.023679161 
503 210 9 9 0.023662925 
461 121 7 7 0.023589043 
451 158 8 9 0.023564216 
449 302 5 5 0.023553574 
465 163 8 10 0.023543872 
673 405 15 33 0.023450773 
523 118 6 7 0.023411293 
427 121 7 7 0.023379836 
467 104 6 6 0.023282358 
493 255 6 7 0.023281232 
473 234 8 11 0.023223966 
497 237 7 8 0.023090571 
446 236 9 13 0.02302395 
427 215 7 9 0.02297266 
439 186 7 8 0.022826029 
480 127 6 7 0.022749597 
542 178 8 9 0.022746613 
528 230 38 46 0.022714283 
529 214 10 11 0.022561982 
466 338 18 26 0.022556566 
711 415 18 36 0.022497948 
479 240 8 11 0.02249389 
441 230 8 9 0.022472667 
461 105 5 5 0.02235629 
414 189 10 10 0.022315467 
510 145 7 10 0.022203641 
428 204 7 9 0.022155851 
507 198 6 7 0.02214408 
744 27 11 19 0.022123931 
459 190 7 9 0.021968402 
409 147 7 8 0.021963548 
407 196 8 10 0.021932168 
247 479 6 7 0.021896586 
421 191 8 9 0.021784304 
425 211 5 7 0.02173867 
474 96 5 6 0.021679915 
434 236 8 9 0.021628724 
516 170 8 9 0.021572934 
453 230 7 9 0.021542791 
490 293 6 10 0.021396471 
519 161 7 8 0.02128687 
462 205 7 10 0.021207506 
507 283 5 7 0.021072483 
405 179 6 8 0.02096569 
581 187 9 15 0.020948075 
416 223 7 10 0.020884348 
454 302 6 5 0.020727677 
416 167 6 8 0.020700993 
523 208 9 10 0.02065315 
449 147 6 7 0.020620737 
837 89 29 57 0.020462772 
441 170 9 9 0.020335661 
400 151 9 9 0.020315457 
460 253 7 10 0.02029076 
442 208 8 11 0.02021541 
460 311 9 9 0.020120982 
441 96 7 6 0.020117316 
447 92 5 5 0.020100338 
423 216 6 8 0.02002681 
447 120 6 8 0.020012768 
