32_Worker_Laborer_Worker_Laborer_32_512
32
423 72 106 146 0.9998242 
169 494 9 12 0.16643694 
757 967 46 37 0.06507534 
144 490 10 15 0.04790046 
170 516 11 15 0.03860604 
965 449 22 40 0.03858359 
119 476 7 9 0.038381465 
113 474 7 11 0.037892837 
198 528 10 13 0.03412393 
126 562 10 12 0.032680362 
676 424 27 56 0.032081965 
137 491 10 14 0.029965196 
195 503 7 10 0.0295228 
55 732 461 624 0.029140411 
152 604 10 14 0.027740117 
1000 175 24 67 0.027164472 
80 606 7 11 0.025722643 
296 0 14 7 0.024951838 
607 705 541 570 0.024804503 
110 545 8 12 0.024630379 
645 878 37 29 0.024174673 
995 540 11 23 0.023601625 
131 485 7 11 0.023550285 
512 1092 114 169 0.023328084 
138 502 8 11 0.023171147 
177 495 9 10 0.022590516 
250 506 14 17 0.02257981 
608 216 29 51 0.02246679 
213 520 9 12 0.022427082 
162 1 12 7 0.022245169 
197 521 8 10 0.021804115 
188 554 10 15 0.021558119 
