32_Worker_Laborer_Worker_Laborer_32_462
26
450 197 74 82 0.9949386 
425 595 105 68 0.18913954 
628 174 457 459 0.08742787 
210 2 20 21 0.053291146 
897 501 128 146 0.045135785 
495 116 12 20 0.044543803 
398 198 162 159 0.044456787 
313 346 95 74 0.034247532 
297 48 11 15 0.029955748 
695 442 354 378 0.029594822 
543 130 27 28 0.02944306 
631 214 19 28 0.029184924 
8 259 10 12 0.028672902 
234 110 394 401 0.028075244 
-1 27 18 42 0.027991856 
761 57 10 11 0.027108174 
631 451 23 21 0.025995238 
272 333 40 28 0.025178922 
217 81 17 12 0.023573302 
197 492 7 8 0.02190019 
867 155 8 10 0.02147772 
503 119 35 47 0.021087922 
838 540 9 10 0.020820767 
512 202 44 61 0.020753147 
777 488 11 10 0.020565318 
498 604 58 46 0.020447962 
