32_Worker_Laborer_Worker_Laborer_32_101
72
197 30 106 125 0.99993765 
574 111 92 144 0.9996768 
766 527 100 123 0.9094738 
27 139 45 52 0.3415659 
829 428 29 59 0.23521951 
450 736 40 38 0.15407346 
607 197 332 422 0.12135351 
84 31 316 416 0.09201592 
1 527 115 112 0.08154992 
818 86 9 18 0.055818956 
823 86 8 14 0.05406923 
821 415 15 35 0.05175526 
775 378 6 8 0.045854025 
809 72 27 44 0.045167115 
866 429 20 40 0.04499549 
872 256 5 7 0.044020154 
362 560 55 96 0.041473098 
126 142 47 45 0.03861101 
825 226 4 5 0.037454337 
824 74 6 10 0.03554493 
871 291 8 11 0.034587923 
10 674 13 12 0.033828586 
829 310 8 10 0.033160012 
755 379 6 6 0.03300568 
653 715 6 13 0.032832906 
817 396 37 66 0.03262537 
529 492 379 473 0.03198077 
486 10 6 12 0.0317648 
813 243 16 32 0.03164435 
1020 32 17 32 0.029683897 
781 383 5 7 0.029400876 
746 431 35 39 0.028115151 
817 240 8 15 0.027626308 
333 21 7 10 0.0272258 
747 75 10 15 0.026704064 
779 378 5 6 0.025417347 
535 256 16 22 0.025158659 
77 538 4 6 0.02470904 
53 467 5 6 0.024615798 
824 311 19 26 0.024453022 
770 382 5 7 0.024289826 
976 105 34 49 0.024272302 
994 21 19 40 0.023772405 
818 74 7 11 0.023741571 
872 252 4 6 0.023556292 
19 555 6 9 0.023370428 
56 467 4 5 0.023238322 
689 716 5 8 0.023236848 
377 520 33 32 0.02316429 
823 229 4 6 0.022992399 
5 511 5 8 0.022785673 
812 84 9 18 0.022676654 
831 73 8 11 0.022553295 
890 325 80 168 0.022483775 
865 244 3 6 0.022414772 
944 221 15 29 0.02233494 
844 368 71 118 0.02231408 
758 382 6 7 0.022195222 
356 747 5 8 0.021723129 
820 300 19 25 0.021616073 
826 70 6 9 0.021605069 
813 75 7 11 0.021502703 
69 172 40 39 0.021482602 
968 534 31 26 0.02148212 
37 549 4 7 0.021180665 
837 73 7 11 0.021176917 
770 379 5 6 0.02094555 
837 312 7 9 0.020742627 
12 468 4 7 0.020490594 
852 280 31 38 0.020310082 
837 300 6 8 0.020253854 
5 730 5 7 0.020137396 
