42_Car_Racing_Car_Racing_42_600
41
81 104 16 24 0.98382354 
251 110 16 17 0.9708793 
332 126 16 20 0.9605408 
191 142 9 14 0.8009463 
300 149 10 15 0.6253745 
355 142 13 15 0.32614002 
712 198 9 16 0.23811975 
275 179 16 31 0.11558198 
695 363 252 134 0.11088593 
339 363 113 155 0.07046989 
284 175 11 19 0.061375126 
11 158 11 19 0.05048374 
130 114 14 17 0.048208933 
511 591 352 289 0.046366777 
586 155 16 27 0.044483095 
493 727 206 110 0.04316521 
209 149 12 17 0.041831754 
531 709 7 8 0.039483044 
48 223 13 15 0.036118913 
571 180 11 21 0.034950398 
292 166 12 17 0.031757478 
48 110 9 17 0.031352673 
0 167 6 18 0.030076956 
0 145 6 15 0.028785205 
68 148 22 30 0.027811946 
370 152 11 18 0.027532034 
514 188 9 14 0.02624371 
8 155 19 39 0.025765765 
212 111 13 13 0.025326343 
44 198 10 14 0.025274152 
322 84 6 7 0.025119932 
235 166 10 16 0.0247835 
275 162 10 16 0.024160886 
163 122 8 14 0.023943573 
531 705 6 6 0.023588693 
205 156 8 13 0.022572596 
123 128 11 14 0.022004848 
119 154 10 13 0.02163768 
36 186 22 31 0.0205783 
278 171 32 45 0.020218238 
228 660 433 310 0.020109901 
