42_Car_Racing_Car_Racing_42_1045
26
394 262 152 215 0.99991727 
646 282 131 172 0.99836224 
783 178 35 66 0.8122626 
980 20 21 46 0.15775731 
970 373 10 17 0.11572072 
957 546 92 165 0.07985328 
967 374 17 31 0.07903352 
979 409 22 45 0.07134104 
483 468 73 133 0.05923449 
49 330 317 424 0.054997414 
934 382 9 14 0.04825582 
958 385 18 31 0.03782823 
941 757 7 12 0.0303165 
642 6 13 18 0.02954991 
822 204 59 113 0.028503487 
912 386 43 47 0.02699951 
974 749 11 18 0.026645962 
995 628 60 105 0.024195548 
883 0 12 13 0.02410152 
952 30 51 56 0.024045177 
718 201 47 45 0.022651166 
956 391 36 52 0.022242725 
998 394 7 11 0.021780407 
896 228 7 12 0.02139573 
915 741 121 130 0.021113206 
994 485 63 131 0.02093349 
