42_Car_Racing_Nascar_42_440
279
866 167 12 19 0.9865215 
659 134 23 31 0.9817001 
728 152 23 27 0.9639709 
695 162 30 30 0.95141923 
155 170 17 23 0.93646574 
65 164 14 18 0.870511 
804 158 11 18 0.8383694 
599 176 19 24 0.81188864 
2 174 11 19 0.36348158 
160 73 4 7 0.15092959 
174 75 4 6 0.0932466 
825 41 4 7 0.09037726 
49 171 6 8 0.08212316 
155 75 4 6 0.08131388 
46 176 6 8 0.08073189 
835 49 4 7 0.07957953 
809 162 10 16 0.07939454 
740 153 21 32 0.07730155 
6 151 9 13 0.07632666 
724 332 12 13 0.07619169 
206 79 5 8 0.07479941 
152 79 5 8 0.07460173 
210 305 7 8 0.07325161 
834 53 4 7 0.071892835 
168 170 11 19 0.07148829 
186 179 7 12 0.070189334 
216 310 8 10 0.0688786 
281 297 5 6 0.06735057 
0 301 7 21 0.064251296 
277 297 4 6 0.06301736 
150 79 4 8 0.061983887 
284 92 8 13 0.0613885 
728 37 4 6 0.06075337 
839 55 4 7 0.0593321 
186 67 4 7 0.05915223 
45 180 5 8 0.057999626 
40 177 5 8 0.05771159 
0 180 7 18 0.05767365 
710 160 30 26 0.05734653 
822 43 3 6 0.056670807 
708 71 34 49 0.05532818 
150 76 4 6 0.054603927 
850 180 7 9 0.050934143 
8 22 9 12 0.050641723 
245 302 8 10 0.050102387 
20 63 5 6 0.04975722 
826 38 3 5 0.048928346 
747 10 5 7 0.048834372 
263 294 6 6 0.048812967 
744 10 5 7 0.048442774 
443 740 4 7 0.04764511 
149 85 5 9 0.0474871 
167 58 2 4 0.047331233 
57 169 8 10 0.046041384 
179 75 4 6 0.045909826 
79 281 4 6 0.045896575 
207 303 6 9 0.04420008 
159 78 5 8 0.044136707 
816 160 7 13 0.044061974 
275 295 5 5 0.0440499 
174 79 5 7 0.043670196 
174 45 3 4 0.043320168 
751 44 3 5 0.04246298 
155 58 3 4 0.0419764 
167 74 4 6 0.04193853 
156 69 4 6 0.041746706 
160 70 5 6 0.04154418 
201 81 4 6 0.041256987 
386 235 39 34 0.0412475 
212 308 8 10 0.041227393 
840 61 4 6 0.040817536 
156 63 4 5 0.039408043 
818 69 3 6 0.039155316 
139 56 4 5 0.038594015 
883 94 3 5 0.038494516 
128 143 6 7 0.038488332 
110 143 7 7 0.0379607 
162 58 3 4 0.037938505 
269 293 5 6 0.037438877 
187 65 3 4 0.036962986 
161 161 15 21 0.036630925 
167 61 3 5 0.036311574 
9 177 9 17 0.03621679 
609 171 14 22 0.03596102 
682 337 13 14 0.03583898 
834 43 4 6 0.035795923 
78 165 9 17 0.035598543 
9 19 4 6 0.035524182 
160 62 3 5 0.035484474 
133 143 7 8 0.035326865 
169 226 10 12 0.03516647 
148 152 30 44 0.034756754 
593 169 8 14 0.03462112 
220 310 9 11 0.034360714 
828 75 4 6 0.034259934 
41 170 4 7 0.034253463 
201 76 3 6 0.033488136 
406 646 3 4 0.03345215 
124 142 4 4 0.033317942 
523 257 125 81 0.03331475 
598 169 14 17 0.033193525 
16 154 7 13 0.033190444 
141 229 7 10 0.033157963 
792 144 5 7 0.03315526 
269 297 6 6 0.033054292 
821 49 4 6 0.03304233 
819 157 6 10 0.032604463 
50 180 7 10 0.03255571 
103 247 5 8 0.032249775 
3 21 17 22 0.03211572 
857 68 4 6 0.03204607 
178 79 4 7 0.032008637 
741 58 4 5 0.031850707 
187 106 4 7 0.031569622 
324 279 7 10 0.03156946 
852 82 4 6 0.031393662 
823 37 3 6 0.031330567 
223 104 4 7 0.031233853 
744 7 4 5 0.031219248 
819 74 3 6 0.030985234 
827 55 4 6 0.030660678 
838 176 5 7 0.030626155 
137 51 3 5 0.03014313 
746 15 6 7 0.030131424 
837 43 3 6 0.030046662 
454 257 19 14 0.02971362 
398 634 3 4 0.02966137 
321 279 6 9 0.029630072 
475 652 4 5 0.029533563 
141 76 3 6 0.029397594 
181 69 4 5 0.029143045 
430 620 3 4 0.029054012 
141 51 3 5 0.02900192 
174 70 3 5 0.028972365 
172 329 5 7 0.02879431 
431 626 2 5 0.028776376 
193 81 3 6 0.028190754 
405 627 3 4 0.027922029 
774 5 4 5 0.027891187 
23 64 5 5 0.027868558 
576 208 24 23 0.027849024 
913 294 7 9 0.027848883 
135 62 5 5 0.027840847 
855 180 7 10 0.02761369 
270 344 5 7 0.027552338 
11 19 5 6 0.027533328 
847 181 6 8 0.027438413 
140 80 5 6 0.027345251 
398 639 3 4 0.027177842 
168 80 4 7 0.027168345 
820 56 4 6 0.027145164 
129 63 3 5 0.026793813 
770 5 5 5 0.02670782 
781 5 4 4 0.026682159 
729 41 4 6 0.026606016 
189 288 10 16 0.02630831 
148 37 4 5 0.026150044 
815 183 13 18 0.026150024 
4 150 16 29 0.026101174 
456 665 3 4 0.026094256 
828 68 3 5 0.02603444 
619 168 7 14 0.02599087 
162 284 6 8 0.025917385 
689 153 60 61 0.025865203 
815 68 4 6 0.025829125 
289 296 6 7 0.025822608 
405 640 3 4 0.025783474 
172 325 5 7 0.025752632 
704 145 25 28 0.025718708 
174 62 3 5 0.025674535 
705 105 5 7 0.025634512 
320 283 8 13 0.02553875 
166 70 4 6 0.025505397 
723 343 26 30 0.025447855 
225 582 3 4 0.025285115 
757 39 3 4 0.025276707 
206 61 4 6 0.025170382 
220 106 5 6 0.025038602 
782 70 3 4 0.024935037 
826 49 4 7 0.024743933 
172 290 14 26 0.024696369 
794 154 8 12 0.024393227 
762 40 2 3 0.024306528 
204 82 7 12 0.024302483 
874 214 21 32 0.024287721 
98 232 5 9 0.024179693 
789 5 4 5 0.024093833 
261 341 6 10 0.02406881 
425 621 2 3 0.02404009 
789 0 3 4 0.02401463 
153 101 4 6 0.024006706 
154 38 3 4 0.023931691 
833 38 3 5 0.023837823 
838 172 4 6 0.023724876 
793 5 3 5 0.02372252 
244 112 7 10 0.023587069 
795 37 3 5 0.023548026 
814 56 3 5 0.023509966 
136 76 4 5 0.023462586 
1 6 3 5 0.023171546 
56 168 18 21 0.023160588 
425 626 3 5 0.023158599 
207 323 9 13 0.023116468 
192 63 3 5 0.023113977 
770 0 4 4 0.023032019 
97 225 6 11 0.023028905 
492 330 399 412 0.023026062 
789 31 2 5 0.022966545 
284 581 3 5 0.022900395 
808 50 3 5 0.022752527 
814 43 3 6 0.02265851 
795 11 3 5 0.022641039 
750 38 4 5 0.022589143 
271 575 3 5 0.022578442 
191 68 3 6 0.022506826 
367 581 2 5 0.022489635 
742 60 4 6 0.022477627 
225 368 8 11 0.022336736 
790 50 4 5 0.02232755 
147 267 10 10 0.022307225 
283 601 3 5 0.022140972 
432 614 3 4 0.022136945 
181 50 3 5 0.022020616 
775 1 4 4 0.021900142 
140 195 6 6 0.021871712 
809 55 3 5 0.021842137 
29 520 7 9 0.0217964 
178 174 6 12 0.021767186 
404 634 2 4 0.021738235 
174 85 7 11 0.021737466 
224 361 6 10 0.021731434 
827 63 3 5 0.021714695 
782 76 3 5 0.021701543 
471 415 6 11 0.021673858 
117 87 5 5 0.021666694 
9 11 3 4 0.021608915 
937 323 9 9 0.02160552 
97 216 6 8 0.021580063 
225 576 3 3 0.021568144 
783 30 3 5 0.021523496 
807 64 2 4 0.02149199 
143 269 19 21 0.021444503 
806 74 4 6 0.021412062 
864 89 3 4 0.021409886 
436 740 4 6 0.021210734 
200 61 4 6 0.021197164 
167 84 6 10 0.021185454 
136 81 5 6 0.021184668 
751 48 4 6 0.021131905 
469 652 3 5 0.021110777 
193 86 4 8 0.021070078 
269 287 5 5 0.021063335 
220 576 2 4 0.020991966 
788 36 3 5 0.02092652 
790 63 3 4 0.020892758 
18 178 7 16 0.020889483 
768 125 4 6 0.020871267 
82 154 8 14 0.020838592 
798 155 10 15 0.020787112 
256 298 4 6 0.02078092 
183 254 20 27 0.020709718 
232 582 2 4 0.020704651 
187 82 3 5 0.020703191 
164 77 16 24 0.020680651 
834 22 62 82 0.02061284 
794 115 3 6 0.020608565 
289 581 3 5 0.020559238 
138 233 9 16 0.020537393 
806 69 4 5 0.020497054 
373 640 3 4 0.020433672 
122 87 5 5 0.020428402 
219 582 3 4 0.020340633 
296 587 3 6 0.020271083 
783 37 3 4 0.020269813 
402 271 12 11 0.020206776 
834 170 4 7 0.020149056 
737 55 5 7 0.020121552 
152 315 6 9 0.020038323 
46 168 4 5 0.020016233 
