42_Car_Racing_Nascar_42_468
23
606 -7 167 247 0.9997552 
693 660 104 89 0.8701355 
644 611 161 197 0.33344465 
632 170 378 526 0.094664015 
380 493 294 397 0.072299555 
576 653 86 132 0.07146433 
757 673 57 51 0.054379087 
575 516 350 340 0.047849655 
592 343 47 45 0.03860582 
665 469 80 101 0.03563939 
593 414 48 50 0.035139624 
529 518 73 102 0.03444262 
624 504 37 61 0.034263283 
730 709 35 31 0.03385626 
591 512 39 59 0.03293461 
-12 172 442 392 0.031201303 
597 389 49 47 0.031149829 
621 -76 339 368 0.030550329 
621 397 74 89 0.028516285 
503 352 13 15 0.026524922 
664 476 38 57 0.024092592 
28 285 24 31 0.022246426 
622 381 141 176 0.020594865 
