42_Car_Racing_Nascar_42_911
33
501 120 296 333 0.99811625 
203 61 211 224 0.30145574 
423 274 46 62 0.16461064 
276 459 113 102 0.15947987 
993 604 38 58 0.15393968 
406 533 66 114 0.1376667 
350 422 66 120 0.09821608 
457 517 31 51 0.09210773 
382 196 239 387 0.089465015 
804 170 29 39 0.08399684 
820 436 279 386 0.078629546 
949 548 119 228 0.07327547 
774 461 57 55 0.05685973 
407 342 100 158 0.053178623 
149 362 94 101 0.04600554 
255 509 35 22 0.04455844 
777 145 75 87 0.038292103 
429 559 71 123 0.037888337 
1013 597 45 66 0.031320885 
428 387 133 245 0.030372458 
30 19 152 119 0.029427705 
558 559 70 108 0.028423283 
-23 584 177 294 0.028106997 
189 313 12 14 0.026922975 
380 380 81 160 0.023642637 
727 441 109 125 0.02344966 
986 525 59 122 0.0227637 
911 555 20 29 0.02264579 
449 540 26 49 0.022640496 
244 459 25 21 0.021595052 
586 219 170 162 0.020959586 
212 457 59 49 0.02079367 
205 642 24 36 0.020295015 
