42_Car_Racing_Car_Racing_42_857
131
187 136 17 26 0.9927296 
102 124 18 26 0.99017555 
160 140 10 14 0.6872437 
246 153 9 12 0.60766286 
231 146 8 12 0.5241186 
262 144 8 9 0.40276068 
138 142 9 13 0.38912654 
210 146 9 13 0.32655075 
235 148 7 11 0.30673036 
114 143 10 16 0.30338082 
216 147 9 12 0.26424223 
164 144 11 16 0.23045062 
280 142 9 11 0.21499477 
267 145 7 8 0.2116115 
135 153 8 13 0.21004634 
286 143 8 11 0.20134103 
222 149 8 12 0.18860637 
74 144 9 11 0.18682382 
248 143 8 9 0.18295607 
134 145 9 14 0.17026669 
56 148 9 10 0.1493979 
256 143 8 9 0.1301657 
300 331 101 108 0.124615744 
275 144 9 9 0.12417302 
191 110 5 9 0.12001545 
156 141 7 11 0.10310472 
227 226 12 17 0.10095838 
80 143 11 13 0.08035555 
256 149 8 10 0.074308276 
237 153 8 11 0.07138118 
179 110 6 10 0.064492434 
291 148 8 10 0.06378677 
170 141 8 15 0.06354317 
802 9 39 43 0.06002773 
244 11 5 4 0.059856042 
300 162 6 7 0.05784278 
53 149 7 8 0.053919263 
229 152 9 12 0.0524325 
272 179 15 18 0.048783842 
144 142 7 12 0.048070963 
270 114 6 6 0.047606483 
494 30 5 5 0.04740128 
456 40 5 7 0.046769947 
206 146 8 15 0.045657676 
128 143 8 11 0.044649903 
207 93 4 5 0.04333819 
281 141 17 20 0.043081895 
233 143 14 19 0.042503834 
119 143 8 14 0.041946907 
179 244 5 9 0.04163935 
563 262 48 58 0.04103662 
244 140 7 8 0.037152633 
62 148 7 10 0.036004268 
251 112 8 8 0.03580348 
72 140 5 8 0.03508057 
254 154 7 10 0.033922255 
178 139 9 18 0.032548882 
469 31 5 5 0.031619195 
231 111 7 10 0.031369254 
84 227 6 9 0.03106579 
1009 63 21 28 0.030660817 
252 183 5 8 0.03027908 
64 145 6 8 0.030138837 
253 138 17 19 0.029702017 
52 146 6 7 0.029116116 
162 93 4 5 0.029008728 
212 93 4 6 0.028620336 
462 31 5 5 0.028517494 
70 141 15 21 0.028300157 
300 219 7 11 0.028204488 
151 173 7 13 0.0281093 
137 159 9 12 0.027753478 
455 37 5 6 0.027717268 
240 11 5 4 0.027586505 
168 92 5 6 0.027544074 
174 94 4 6 0.027543442 
189 109 4 6 0.027521923 
469 36 4 5 0.027272832 
158 261 6 7 0.02716682 
86 222 6 8 0.02703884 
175 110 5 9 0.027038578 
243 139 16 20 0.026965689 
175 107 5 7 0.026802203 
279 152 10 12 0.026800426 
135 140 8 10 0.026259886 
127 153 9 13 0.026233707 
482 37 5 6 0.026193555 
155 92 4 5 0.026084827 
249 11 7 5 0.025937617 
450 37 5 6 0.025643641 
69 152 9 11 0.025447886 
47 146 5 6 0.025336385 
244 8 6 4 0.025268557 
164 196 9 17 0.02512455 
461 35 5 6 0.024803212 
300 214 6 11 0.024488965 
148 252 4 6 0.024305407 
493 34 5 6 0.023958253 
375 218 52 61 0.023941902 
470 205 13 14 0.023923555 
486 41 5 7 0.023644064 
179 12 5 6 0.023584664 
495 25 4 5 0.02349809 
263 139 16 18 0.023443388 
157 264 6 7 0.023296356 
172 136 8 14 0.02320958 
274 118 6 6 0.023137731 
169 149 10 16 0.023000555 
59 143 15 20 0.02282649 
498 199 7 12 0.02278955 
93 148 10 10 0.022652963 
239 8 5 4 0.022605218 
176 99 4 6 0.022380421 
91 179 14 16 0.022271404 
525 205 8 11 0.02215294 
149 185 7 12 0.021852639 
273 151 11 13 0.021828389 
147 177 9 14 0.021814337 
151 209 8 15 0.021690506 
277 9 6 6 0.021350857 
268 152 9 13 0.021319691 
261 152 9 12 0.021246014 
469 25 5 4 0.021170544 
253 107 9 8 0.021158166 
237 138 7 10 0.021077018 
461 42 5 6 0.020913117 
469 41 5 7 0.02081588 
498 206 8 11 0.020696668 
474 37 5 5 0.020481331 
131 153 15 24 0.02019847 
134 187 7 11 0.020140832 
