42_Car_Racing_Nascar_42_462
105
972 305 30 43 0.9829108 
717 335 30 37 0.9346405 
763 710 21 25 0.6872909 
273 377 17 31 0.6544875 
168 219 37 49 0.26183602 
225 269 19 29 0.16269456 
360 360 19 27 0.15437734 
217 198 7 9 0.11911783 
97 383 34 60 0.101048365 
341 350 12 19 0.099892266 
216 202 8 10 0.09986171 
255 198 7 10 0.07551343 
110 231 8 14 0.06790191 
104 339 34 66 0.06524904 
254 349 8 14 0.061728694 
118 420 13 21 0.05573033 
329 244 272 428 0.053571362 
457 381 35 46 0.05285158 
375 392 15 26 0.049656823 
528 425 17 27 0.049230903 
227 226 32 42 0.048684232 
354 373 69 114 0.04790986 
960 393 42 90 0.04713226 
274 370 11 16 0.047026265 
415 377 34 45 0.045727868 
190 333 11 17 0.044008076 
271 197 12 17 0.04270463 
475 388 36 47 0.042024527 
594 400 32 50 0.039877594 
434 380 11 15 0.03959062 
526 408 22 32 0.039300002 
213 266 20 34 0.03875991 
173 368 20 31 0.038283527 
554 403 39 51 0.035929494 
322 361 20 27 0.034393433 
413 381 18 28 0.03386771 
62 443 9 18 0.033564325 
139 208 36 49 0.032666158 
251 355 8 13 0.032336827 
220 194 9 12 0.031384706 
104 248 9 19 0.031247351 
183 216 24 29 0.031054208 
126 493 9 17 0.03083294 
195 219 11 14 0.03032931 
681 388 10 18 0.030178295 
500 391 11 16 0.029892368 
522 398 21 27 0.029773278 
285 345 18 24 0.029760368 
68 446 10 19 0.028713236 
223 271 11 19 0.028510004 
246 304 8 15 0.028445411 
224 371 17 31 0.028190257 
374 364 11 18 0.028183727 
243 163 7 12 0.028030168 
326 337 29 40 0.027793013 
217 616 28 33 0.027653057 
358 341 12 15 0.027562484 
484 413 22 35 0.027223391 
393 158 22 31 0.026966639 
122 245 18 32 0.026958797 
700 545 10 15 0.026672596 
369 387 9 15 0.025919084 
371 394 8 17 0.025641538 
208 697 90 158 0.025603976 
246 241 11 18 0.025465542 
263 355 30 50 0.025312139 
249 196 8 13 0.025194507 
321 214 12 14 0.025036449 
328 789 8 13 0.024511177 
317 342 22 29 0.024117354 
368 235 7 12 0.024094902 
80 310 60 127 0.024081215 
116 318 7 13 0.023735857 
260 383 18 30 0.023649469 
229 495 11 19 0.023629 
151 264 39 67 0.023541594 
549 413 22 32 0.023457676 
210 304 8 11 0.022931866 
412 372 13 20 0.022834992 
98 489 10 16 0.022207502 
228 248 22 31 0.022115367 
520 420 38 54 0.021857092 
320 414 34 49 0.021826984 
368 349 18 28 0.021781253 
75 235 7 15 0.021577228 
240 247 13 20 0.021515954 
195 296 63 101 0.021384709 
268 246 8 14 0.021309456 
214 199 6 9 0.0212152 
244 328 36 56 0.021122806 
20 329 21 36 0.021054903 
414 774 5 9 0.020896241 
231 279 22 37 0.020849073 
148 309 7 12 0.020751769 
395 367 9 14 0.020650491 
76 483 6 10 0.020612743 
389 778 6 8 0.020570265 
431 247 16 19 0.0204903 
420 160 24 36 0.02041232 
840 654 19 32 0.02035924 
352 361 16 29 0.020353694 
209 216 36 45 0.02026105 
20 361 211 395 0.020131512 
43 340 10 23 0.020091822 
233 181 17 27 0.020019101 
