57_Angler_peoplefishing_57_401
192
618 210 24 29 0.99708897 
254 399 9 9 0.14461412 
105 284 27 29 0.12383968 
508 397 11 8 0.107048765 
461 138 10 7 0.05218449 
435 373 26 29 0.04999718 
112 307 46 56 0.04660237 
971 203 10 5 0.0445366 
783 307 44 51 0.04202801 
927 197 10 6 0.041811556 
241 397 7 7 0.041281182 
574 185 10 6 0.0411635 
-73 -32 557 579 0.03697593 
715 189 12 7 0.036968708 
928 192 8 5 0.03621082 
958 203 8 5 0.035456564 
685 198 11 8 0.035372425 
506 384 8 5 0.035340402 
971 192 9 4 0.035203427 
715 184 12 7 0.035055526 
602 179 8 6 0.034888785 
472 385 12 13 0.034784365 
372 121 7 4 0.03320835 
575 180 9 6 0.033097405 
967 192 8 5 0.032894734 
714 179 11 6 0.03152232 
971 197 9 6 0.03133102 
958 199 8 6 0.031190222 
878 223 7 5 0.031165028 
639 133 10 7 0.030442195 
715 237 11 7 0.030310946 
768 351 9 9 0.030114733 
253 398 6 6 0.029581152 
985 197 9 6 0.029276907 
601 183 10 7 0.029209772 
755 127 8 6 0.02917961 
903 203 7 5 0.029068287 
461 170 9 6 0.028971184 
936 152 7 5 0.028924488 
908 204 7 4 0.028831154 
504 392 20 17 0.02861923 
966 205 9 5 0.028523896 
916 192 8 6 0.028177273 
707 203 10 7 0.027717913 
464 135 9 5 0.027459964 
499 383 7 6 0.027081247 
568 141 12 7 0.027036108 
574 188 10 8 0.026974408 
920 192 8 5 0.026957082 
488 395 13 9 0.026607214 
433 172 10 5 0.026515564 
976 198 10 5 0.026054649 
976 204 10 5 0.025964 
993 216 15 8 0.025868058 
922 159 9 8 0.025855651 
442 121 7 5 0.025777342 
916 198 7 4 0.025749454 
664 209 14 10 0.02572069 
714 197 13 7 0.025585795 
658 165 7 5 0.025462724 
915 215 8 5 0.02518008 
658 209 9 8 0.024693703 
288 398 5 6 0.024560325 
508 390 11 8 0.024360493 
495 128 12 6 0.02433614 
570 185 8 6 0.02424995 
698 127 6 5 0.024197193 
664 190 11 7 0.024143815 
702 147 8 5 0.024104813 
309 301 17 11 0.024033926 
664 185 11 8 0.02400827 
749 141 7 4 0.023941424 
624 139 9 6 0.023916844 
601 140 9 6 0.023686867 
633 132 9 7 0.023649784 
933 185 9 6 0.023587318 
465 377 10 16 0.023547301 
562 172 9 5 0.02350432 
627 164 8 6 0.023480378 
659 202 8 7 0.023401314 
490 391 10 7 0.0232979 
744 142 6 4 0.023280332 
484 383 8 8 0.023271592 
440 127 9 6 0.023248589 
341 109 5 5 0.023228474 
702 177 9 6 0.023206314 
718 141 7 5 0.023156442 
80 364 21 23 0.023034276 
549 172 9 5 0.023029614 
245 412 9 11 0.023028111 
93 373 22 23 0.023025043 
683 209 12 8 0.02297828 
568 145 12 7 0.022775335 
935 178 8 6 0.022742104 
977 191 9 5 0.022740206 
543 185 10 5 0.022627559 
479 173 9 5 0.022593549 
990 198 9 5 0.022545949 
447 128 10 6 0.022505634 
927 186 8 5 0.022466553 
659 190 10 7 0.022463722 
794 167 6 4 0.022461241 
806 167 6 5 0.022390766 
698 179 8 5 0.022387963 
707 198 12 7 0.022358447 
801 167 6 4 0.022356508 
712 153 7 5 0.02233456 
493 378 7 6 0.022327818 
494 383 7 6 0.02228859 
941 198 8 5 0.022268487 
473 140 10 6 0.022201136 
742 148 8 5 0.022160316 
915 179 7 5 0.022137025 
477 383 12 11 0.022136036 
788 140 7 4 0.022105258 
480 178 8 5 0.022070682 
724 140 6 4 0.022064682 
908 200 7 4 0.022038091 
544 173 8 5 0.02202492 
703 173 9 6 0.022007044 
608 152 8 5 0.021929683 
483 388 10 8 0.021911144 
921 216 8 5 0.021880906 
435 165 9 6 0.021855788 
729 166 8 6 0.021805426 
727 203 9 6 0.021798551 
716 245 11 8 0.021773655 
328 294 17 11 0.021769851 
562 140 11 6 0.021765154 
900 223 9 6 0.021762243 
630 217 20 26 0.021743042 
627 133 8 7 0.021720903 
959 171 9 6 0.02169817 
523 381 8 7 0.021682702 
605 134 10 6 0.021648215 
482 141 12 6 0.021637803 
945 186 8 6 0.021564858 
965 185 9 6 0.021559497 
479 139 11 6 0.02146716 
549 167 9 7 0.021449378 
549 179 9 5 0.021447897 
697 152 8 5 0.02143866 
978 212 11 7 0.02141776 
915 205 7 4 0.021395773 
685 172 8 6 0.021369284 
972 187 9 5 0.021341303 
638 129 10 7 0.02127171 
530 381 9 8 0.021255152 
716 223 8 5 0.021215307 
686 202 14 8 0.021136392 
903 173 6 5 0.021104073 
1016 405 10 10 0.021067554 
960 190 8 5 0.021023907 
437 133 25 16 0.02099943 
922 163 9 7 0.020960787 
513 416 15 12 0.020851694 
614 166 7 5 0.020848846 
432 179 10 5 0.020840194 
900 217 8 5 0.020788932 
536 174 8 4 0.020781402 
346 122 7 4 0.020781364 
966 131 8 7 0.02074072 
740 185 9 5 0.020701973 
106 288 14 18 0.02069476 
700 189 11 7 0.020694096 
742 120 10 7 0.02068237 
690 177 8 5 0.020679133 
606 139 10 6 0.020641772 
663 204 12 8 0.020596402 
755 134 8 5 0.02050065 
700 185 10 6 0.02049446 
964 211 11 6 0.020485109 
714 174 9 6 0.020474914 
932 203 8 5 0.020453922 
463 178 10 6 0.020369692 
739 192 11 6 0.020361366 
959 184 9 7 0.02033535 
523 173 9 5 0.020317486 
607 173 7 6 0.020291854 
438 160 10 6 0.020288048 
737 198 8 6 0.020275235 
461 185 8 4 0.020254606 
959 178 10 7 0.020249924 
903 199 7 5 0.020200245 
383 147 9 6 0.020194352 
578 189 14 10 0.020173073 
989 221 14 7 0.020145372 
562 186 8 5 0.020113872 
916 184 7 5 0.020113839 
920 198 9 5 0.020053178 
447 122 8 5 0.020038716 
934 165 11 7 0.020019505 
