57_Angler_peoplefishing_57_251
164
538 223 40 53 0.99981695 
417 296 44 58 0.99967384 
727 237 12 16 0.9225363 
872 723 32 46 0.29185495 
89 620 35 49 0.28384814 
155 366 33 46 0.25983 
885 253 14 12 0.22538714 
112 550 12 13 0.1767207 
713 245 10 14 0.16041633 
254 94 8 15 0.15564409 
862 252 23 15 0.14633065 
277 620 26 24 0.13405545 
81 609 19 28 0.11509342 
122 609 13 14 0.10161748 
149 608 12 15 0.101589315 
103 568 12 12 0.09608577 
851 693 35 62 0.08292501 
872 249 16 12 0.079710126 
791 176 16 15 0.07709566 
904 230 34 22 0.07462842 
812 735 39 43 0.072239265 
72 635 11 20 0.070679024 
1008 206 21 30 0.06990512 
105 578 13 14 0.06965114 
441 223 23 32 0.065280184 
814 168 13 11 0.05773657 
896 727 34 44 0.054192346 
489 222 19 27 0.05087287 
709 241 10 14 0.05056522 
136 575 10 15 0.050147224 
150 471 10 13 0.049092732 
734 475 29 25 0.049037512 
98 555 10 11 0.048694 
105 624 23 27 0.04796705 
168 611 10 13 0.04774986 
891 277 15 14 0.04660334 
407 426 50 56 0.04644476 
695 605 13 16 0.044680502 
270 400 22 34 0.043524843 
482 674 10 18 0.043175757 
874 264 15 11 0.0430454 
477 195 12 18 0.04194583 
63 633 17 28 0.041942537 
777 235 12 17 0.04173689 
872 293 23 26 0.04159459 
131 597 12 15 0.041282274 
932 508 35 31 0.04124607 
99 340 24 27 0.040759087 
885 212 15 14 0.040313866 
820 170 13 12 0.03994132 
110 517 14 10 0.039483864 
905 382 24 28 0.03934256 
93 612 23 31 0.039151795 
853 193 21 21 0.038797554 
298 285 37 48 0.038045965 
837 269 12 15 0.037362646 
287 528 10 10 0.037320893 
327 181 9 15 0.03723337 
100 615 11 14 0.0355321 
904 185 29 29 0.035403416 
99 561 11 9 0.035393335 
104 602 13 15 0.035245545 
132 516 10 8 0.03487738 
371 242 19 26 0.034747977 
98 632 46 57 0.03460617 
173 411 32 43 0.034082085 
822 156 14 10 0.034076657 
885 240 14 9 0.03365521 
69 353 34 49 0.03353707 
607 507 20 23 0.033398062 
703 269 16 23 0.03270556 
137 514 11 9 0.032571528 
568 163 7 9 0.032334365 
458 305 19 32 0.032316748 
119 471 12 9 0.032101553 
102 326 10 14 0.031241024 
873 257 16 12 0.030987196 
131 618 12 13 0.030885128 
469 291 31 49 0.030878894 
714 233 9 14 0.030648923 
831 128 10 13 0.030379256 
115 614 22 25 0.029913677 
137 621 10 13 0.029679846 
105 489 13 9 0.029191844 
465 199 11 12 0.029148376 
109 325 21 24 0.029101036 
917 417 26 32 0.028861964 
166 602 10 14 0.02866504 
88 637 12 18 0.028614128 
255 650 15 11 0.02855694 
190 613 12 10 0.028517047 
7 531 45 117 0.02844878 
906 163 13 12 0.02830822 
260 638 12 9 0.028301377 
36 496 9 11 0.02790007 
693 629 82 89 0.027755382 
728 280 11 12 0.02757968 
364 321 37 47 0.027101992 
661 478 21 24 0.02693169 
576 723 40 45 0.026724167 
903 296 13 14 0.026532298 
148 466 7 8 0.025999032 
112 606 19 22 0.025563894 
963 194 10 15 0.02549617 
881 263 23 19 0.02544342 
134 511 10 9 0.025143202 
153 594 16 23 0.025137588 
68 298 9 12 0.025048858 
495 210 20 24 0.024927426 
222 521 10 10 0.024908604 
119 580 9 12 0.024695834 
185 274 8 11 0.024686988 
901 264 16 12 0.02454025 
357 60 37 50 0.024426032 
971 260 43 43 0.024377044 
253 636 12 10 0.024336252 
549 66 6 12 0.02411383 
92 622 13 18 0.023829892 
847 259 15 11 0.023749268 
772 252 11 17 0.023398861 
405 57 46 58 0.02327966 
807 168 25 22 0.023260012 
125 567 12 14 0.02325912 
53 436 28 31 0.022959083 
575 645 9 7 0.022949394 
0 444 7 15 0.022802731 
808 441 22 22 0.022627648 
106 522 13 9 0.022504345 
1020 50 17 23 0.022373574 
358 724 23 42 0.022366595 
942 380 26 29 0.022314576 
677 636 38 50 0.022112854 
799 247 11 13 0.022063864 
126 553 11 12 0.022029294 
1015 714 10 15 0.021894261 
915 730 27 39 0.021846993 
98 516 11 10 0.021777624 
830 252 10 11 0.021739641 
820 176 15 14 0.021665994 
66 385 23 37 0.021627983 
132 525 10 8 0.021504885 
771 198 14 19 0.021486472 
946 717 46 45 0.021414887 
835 741 26 33 0.021369051 
908 242 19 13 0.02131587 
105 530 12 9 0.021242324 
722 241 11 16 0.021240659 
720 452 263 430 0.021215184 
179 613 9 10 0.021006105 
30 544 34 57 0.020937523 
73 325 10 12 0.020935446 
100 628 10 16 0.020927276 
211 536 8 8 0.020877918 
1006 57 4 5 0.020863166 
294 298 24 27 0.02073541 
1008 239 19 23 0.020694066 
535 679 13 12 0.020563051 
247 85 7 12 0.020456426 
682 684 12 16 0.02042894 
721 271 20 27 0.020402387 
120 523 9 8 0.020197943 
890 235 16 11 0.020063143 
68 437 27 33 0.02001459 
44 618 29 54 0.020013463 
