57_Angler_peoplefishing_57_254
47
635 146 32 44 0.88121146 
549 345 17 32 0.60946906 
684 243 26 46 0.47799334 
642 262 11 18 0.17539616 
556 518 25 34 0.10928959 
543 383 12 12 0.053231843 
673 212 46 88 0.051421046 
283 147 5 5 0.04303246 
545 424 25 22 0.040772118 
924 492 3 4 0.034188423 
364 274 90 90 0.033653993 
283 151 5 5 0.03182037 
578 338 17 32 0.030611267 
268 152 5 5 0.030136308 
917 486 3 4 0.027877137 
821 607 3 4 0.026194379 
923 474 3 4 0.026120393 
290 140 3 4 0.026057402 
269 157 4 6 0.025330111 
536 418 9 8 0.024678066 
110 189 6 7 0.024642652 
288 147 4 4 0.02460594 
910 492 3 4 0.023776164 
288 135 4 3 0.023664087 
846 602 3 4 0.023574058 
294 141 4 4 0.023433827 
826 608 2 4 0.023013376 
402 335 92 98 0.022265067 
928 479 4 5 0.022243218 
840 607 4 5 0.022074614 
859 601 4 5 0.02197199 
789 333 3 3 0.02188455 
537 413 9 8 0.021841511 
852 498 4 5 0.02182035 
582 516 25 33 0.021776555 
897 486 3 4 0.021616103 
105 183 4 6 0.021608084 
301 141 4 3 0.021513827 
853 595 3 4 0.021104252 
923 479 3 4 0.020809079 
533 402 23 23 0.020732217 
897 583 3 4 0.020545263 
265 153 4 4 0.020334583 
924 499 3 4 0.020222574 
559 334 30 42 0.020216476 
892 594 3 5 0.020137979 
301 146 4 5 0.020071182 
