57_Angler_peoplefishing_57_796
22
392 292 181 239 0.9997633 
619 819 187 135 0.81708914 
587 722 283 302 0.041434858 
971 1480 15 21 0.03636646 
912 1309 33 48 0.03261459 
0 436 8 13 0.030094327 
429 993 71 100 0.027842594 
923 350 9 17 0.027716966 
29 538 14 20 0.027709238 
876 1106 102 156 0.026293814 
516 259 49 42 0.025413787 
774 34 304 257 0.024711637 
1012 541 12 25 0.023696007 
722 808 169 123 0.023586668 
254 1545 32 38 0.02306353 
726 1110 26 48 0.02301098 
686 542 24 42 0.021038245 
-242 241 550 758 0.020962302 
932 365 7 13 0.020944124 
869 953 85 112 0.020799644 
238 923 83 98 0.020673422 
469 815 31 49 0.020441432 
