57_Angler_peoplefishing_57_182
40
185 64 68 96 0.99818474 
118 136 21 20 0.18944827 
171 258 79 80 0.16804497 
580 560 57 49 0.0896176 
196 414 53 54 0.04491681 
564 544 55 46 0.041618187 
661 540 41 56 0.040079266 
602 540 83 86 0.033398252 
808 285 26 24 0.03327034 
150 403 45 67 0.027914485 
557 533 30 23 0.026566051 
1019 201 6 9 0.026467053 
176 469 40 79 0.02641673 
367 677 4 5 0.026255202 
614 101 171 160 0.0262203 
326 403 40 54 0.026128123 
376 651 5 6 0.025936458 
322 651 4 5 0.02547028 
665 573 41 62 0.024663381 
682 536 25 25 0.024647076 
0 734 4 7 0.024605671 
97 696 4 4 0.023389066 
98 693 2 3 0.02334918 
629 569 25 33 0.023268294 
103 693 3 3 0.02308111 
91 693 3 4 0.023035267 
561 533 14 11 0.02259278 
830 246 199 167 0.022006461 
367 684 4 5 0.021956112 
366 672 4 4 0.021869922 
839 659 4 4 0.021789346 
215 221 35 59 0.021687845 
371 381 7 11 0.021660298 
373 651 4 5 0.021003561 
736 281 29 25 0.020745084 
353 646 4 5 0.020537276 
92 696 3 4 0.02052584 
787 670 5 5 0.020482104 
569 511 7 7 0.020463908 
15 704 3 4 0.02008025 
