57_Angler_peoplefishing_57_880
78
194 291 26 37 0.99711955 
132 275 25 39 0.994179 
15 378 3 7 0.06897326 
16 382 4 7 0.06405943 
434 273 24 31 0.05899123 
361 524 9 10 0.05161945 
325 514 7 11 0.051435538 
652 569 6 6 0.047814745 
14 366 2 5 0.046337742 
767 583 4 5 0.045152314 
13 346 3 5 0.04257472 
319 515 10 13 0.042045254 
444 275 11 19 0.041857466 
35 345 4 6 0.041089296 
793 540 10 10 0.039313175 
25 346 3 5 0.03799274 
954 536 5 8 0.037565578 
764 584 4 5 0.036735766 
423 259 32 33 0.036143057 
53 347 4 6 0.035081416 
5 377 4 8 0.034023505 
26 377 3 6 0.033847686 
814 548 6 8 0.03254397 
262 370 7 9 0.030816626 
918 672 51 57 0.030234411 
780 583 5 9 0.030023366 
13 371 3 6 0.029643366 
247 393 9 14 0.029554889 
9 346 2 5 0.029373484 
40 379 3 6 0.029182674 
119 266 9 11 0.029173436 
2 377 4 9 0.02899522 
64 351 5 7 0.028616209 
316 514 17 27 0.028510513 
633 322 3 4 0.027734708 
82 335 34 58 0.027615285 
634 701 2 3 0.027426407 
411 243 36 36 0.026858674 
8 366 3 5 0.026728576 
26 373 2 5 0.026550457 
712 261 4 7 0.026286831 
763 586 5 6 0.02610514 
315 519 8 9 0.026098464 
635 706 3 3 0.025888171 
406 277 38 37 0.024858732 
6 383 3 7 0.024434447 
21 346 4 5 0.024261858 
347 545 6 6 0.024025217 
505 687 9 12 0.023844132 
15 359 3 5 0.02371871 
14 352 3 6 0.023673194 
1021 706 35 61 0.023669401 
329 388 12 21 0.023353873 
531 294 5 7 0.023343673 
356 535 9 9 0.02307134 
642 320 4 5 0.023053987 
338 379 8 11 0.022845251 
1 366 3 5 0.022652443 
12 313 4 6 0.022602053 
929 576 3 5 0.022596698 
314 522 10 12 0.022461126 
1017 593 7 9 0.021692662 
21 342 3 5 0.021542173 
782 212 4 7 0.02138059 
818 549 7 7 0.021269953 
667 714 2 2 0.02092981 
10 314 4 5 0.0209207 
633 556 6 6 0.02076 
344 498 6 9 0.02071273 
52 382 4 7 0.02068205 
767 586 4 7 0.020591311 
964 401 19 30 0.020511812 
7 391 3 5 0.020480208 
45 381 4 7 0.020424398 
693 726 3 3 0.020422272 
954 541 5 7 0.02036883 
450 275 9 15 0.020008612 
350 544 8 7 0.020006321 
