57_Angler_peoplefishing_57_868
20
617 680 185 232 0.99946576 
869 1409 85 97 0.23160121 
774 954 184 346 0.12269732 
606 1160 60 66 0.064078145 
558 1056 59 64 0.059323028 
125 538 57 71 0.055811867 
544 1130 46 53 0.04651388 
687 1092 43 53 0.03372156 
969 1331 52 96 0.033288226 
378 1074 33 47 0.030004598 
556 1003 68 78 0.029906288 
577 1147 20 26 0.027490241 
253 141 120 174 0.027039701 
639 1110 14 22 0.026127309 
573 856 36 48 0.025775772 
580 480 15 32 0.023800805 
866 1366 66 92 0.023024172 
559 1016 94 143 0.022809373 
40 -84 247 305 0.020312104 
354 452 112 181 0.020210566 
