57_Angler_peoplefishing_57_51
67
475 122 52 54 0.99898237 
138 203 36 50 0.99425733 
698 59 57 84 0.9849378 
819 128 57 72 0.81762314 
263 50 28 34 0.7668391 
312 155 10 12 0.26852593 
365 141 20 23 0.15835962 
234 49 14 16 0.11782165 
348 29 9 17 0.1048572 
352 149 11 18 0.07915946 
356 134 37 41 0.077706024 
133 145 23 27 0.075583175 
391 344 15 12 0.07403312 
285 308 10 15 0.07351017 
194 283 24 18 0.07031166 
585 324 43 44 0.067852646 
609 242 25 21 0.06520181 
351 23 8 16 0.06408512 
413 191 20 25 0.06299347 
105 192 19 34 0.062874645 
300 154 8 10 0.06252696 
496 265 68 93 0.061007213 
662 113 356 375 0.059909876 
124 269 44 46 0.050950572 
297 159 12 15 0.049306914 
656 185 31 53 0.048648052 
374 338 31 21 0.04750836 
282 113 8 15 0.04503368 
362 168 12 13 0.04199906 
277 34 18 27 0.040439747 
306 154 10 13 0.039257206 
278 104 17 28 0.0361073 
185 333 14 16 0.03566595 
268 182 8 15 0.03353981 
205 89 20 37 0.033506095 
88 131 39 65 0.033478793 
350 38 11 19 0.03215862 
281 126 8 13 0.03195055 
326 154 9 9 0.03191794 
320 67 9 16 0.0308676 
374 239 12 13 0.030628279 
337 153 11 14 0.030401714 
348 55 11 18 0.029813465 
228 187 9 16 0.02793216 
369 330 30 18 0.027879048 
95 230 10 17 0.02678367 
855 299 9 12 0.026341587 
584 273 13 17 0.025655359 
132 161 10 19 0.025359865 
610 270 20 24 0.025183184 
227 53 14 17 0.024657946 
407 318 9 7 0.024531232 
408 270 62 47 0.024362613 
409 161 36 40 0.022928812 
516 303 29 51 0.021683708 
180 98 31 42 0.021489881 
359 173 8 10 0.021484004 
207 299 16 14 0.021350646 
203 145 16 27 0.021310292 
99 175 20 31 0.021101264 
128 156 31 48 0.021098485 
326 326 16 11 0.020878999 
238 47 21 27 0.020426588 
318 59 16 27 0.020305952 
995 300 8 10 0.020217657 
1009 462 21 33 0.020203872 
204 122 7 11 0.020101232 
