57_Angler_peoplefishing_57_110
51
275 385 18 21 0.8581026 
647 386 16 21 0.5702421 
273 395 13 18 0.247647 
137 379 27 25 0.035349187 
289 221 3 3 0.034648176 
332 226 4 4 0.030795367 
712 219 4 5 0.030132387 
295 220 4 4 0.02924114 
705 219 4 4 0.027534854 
538 42 39 55 0.02735101 
290 207 3 3 0.026897803 
699 219 4 5 0.026672147 
716 220 5 4 0.025678352 
283 220 3 3 0.025485402 
276 220 3 3 0.025442988 
289 225 3 3 0.02530779 
705 214 3 3 0.025304094 
269 219 4 4 0.024995765 
244 215 3 3 0.024313262 
750 130 4 4 0.024179466 
282 225 4 4 0.0240125 
264 402 19 25 0.024002384 
334 213 3 3 0.023964098 
564 220 3 3 0.023851052 
329 226 4 4 0.023654515 
263 220 4 3 0.023556206 
642 208 2 3 0.022533128 
738 135 3 4 0.02249631 
327 213 4 3 0.022461273 
661 214 3 3 0.022407921 
679 214 3 4 0.022274831 
680 207 4 4 0.02212404 
552 227 3 3 0.02199838 
225 214 3 3 0.02199599 
269 213 4 4 0.021921795 
340 213 3 3 0.021680724 
756 130 3 4 0.02161944 
320 232 4 4 0.021491554 
244 219 4 4 0.02135851 
674 220 3 4 0.021228317 
320 220 4 4 0.021220692 
492 169 3 3 0.021165589 
724 116 4 4 0.020925283 
787 71 3 5 0.02053789 
347 208 3 2 0.02048613 
711 213 4 4 0.02040666 
308 225 4 4 0.020397803 
722 111 3 4 0.020366684 
744 112 3 3 0.020215012 
443 201 4 4 0.020113008 
250 220 4 3 0.020096032 
