57_Angler_peoplefishing_57_139
484
199 320 14 15 0.9954348 
241 341 15 16 0.98998207 
552 316 12 16 0.978147 
179 340 13 17 0.95391214 
624 299 15 16 0.9533925 
515 299 11 17 0.9468972 
691 276 11 15 0.9399618 
676 294 11 18 0.92534465 
474 339 13 15 0.870325 
851 345 10 16 0.85307723 
411 347 14 18 0.8137047 
662 261 11 13 0.7866939 
672 321 11 14 0.76963884 
432 306 11 14 0.7666962 
714 280 12 16 0.6561056 
620 323 11 18 0.6550166 
699 300 12 16 0.6197999 
699 364 13 20 0.61447227 
427 376 10 19 0.5737245 
758 353 11 20 0.56256336 
661 303 11 14 0.53145295 
479 384 9 14 0.48617235 
781 251 12 18 0.44955164 
714 312 15 18 0.39052558 
653 285 10 14 0.38395247 
818 298 10 13 0.37868693 
974 355 12 16 0.36014915 
472 379 8 16 0.31286398 
299 340 9 13 0.31102237 
963 326 10 14 0.3046487 
888 231 11 15 0.29376295 
392 368 10 15 0.28327373 
777 187 15 15 0.27811533 
293 337 7 13 0.26620486 
727 387 8 20 0.2458152 
491 351 10 15 0.24066898 
558 305 11 13 0.21382895 
649 353 10 16 0.20565844 
331 380 13 14 0.1905838 
805 448 12 9 0.17546025 
600 322 11 15 0.15829833 
543 387 12 12 0.15226349 
472 345 11 17 0.14982772 
817 334 10 13 0.1497881 
266 349 12 10 0.14790876 
785 304 10 16 0.14675982 
823 335 9 12 0.14269377 
281 434 7 8 0.13787223 
884 320 18 26 0.13679637 
96 356 45 36 0.1276371 
799 409 22 24 0.12484981 
586 331 11 12 0.121811785 
446 376 8 16 0.12034268 
552 354 11 14 0.118532985 
795 386 11 11 0.11798621 
780 334 9 15 0.11450436 
655 345 16 22 0.11295205 
958 424 22 26 0.11164161 
768 447 8 8 0.10794247 
351 375 10 12 0.10479327 
163 373 10 13 0.1038534 
532 428 6 8 0.10292524 
218 427 5 6 0.09851812 
394 418 8 10 0.098152876 
355 385 10 12 0.09811949 
740 304 12 12 0.093172766 
700 353 12 18 0.0931233 
174 360 13 15 0.09208093 
810 313 12 13 0.089806534 
680 387 10 14 0.089535065 
703 442 6 8 0.08933988 
707 186 10 13 0.08858359 
637 296 10 14 0.08772146 
829 336 7 10 0.08358453 
690 331 10 15 0.08294945 
839 351 7 8 0.08225128 
241 318 13 11 0.08153856 
164 420 10 9 0.079309374 
983 344 18 21 0.07837197 
424 372 9 18 0.078220844 
877 319 6 9 0.07734757 
868 317 6 9 0.07705901 
808 346 10 17 0.07640726 
481 343 15 20 0.07610802 
303 335 9 14 0.07499787 
364 334 5 5 0.07464644 
873 404 8 13 0.07144512 
748 410 25 25 0.069451176 
361 387 9 10 0.06850764 
392 381 8 13 0.068216585 
325 370 7 10 0.06819847 
306 396 9 8 0.06622133 
968 328 12 14 0.065325186 
622 183 13 12 0.064541124 
637 315 10 17 0.063492455 
592 329 9 12 0.063298844 
652 440 9 13 0.06314954 
169 421 10 9 0.061828543 
336 491 9 10 0.06123311 
815 308 12 16 0.060629077 
499 377 10 16 0.0603761 
764 391 9 16 0.05950863 
236 408 5 6 0.059213042 
793 391 11 12 0.059105024 
864 276 8 14 0.05894961 
775 460 16 12 0.05841441 
580 358 17 26 0.05813465 
440 372 10 19 0.057533573 
769 289 12 16 0.056204844 
747 187 11 11 0.055484656 
759 480 12 10 0.055408027 
325 364 5 8 0.054177333 
372 334 4 5 0.053983986 
6 -41 346 403 0.053348735 
668 307 12 17 0.05310702 
780 301 10 15 0.05236436 
405 403 20 22 0.051743817 
788 446 8 8 0.05165446 
285 438 7 8 0.05052294 
671 298 11 17 0.049880486 
1019 246 7 13 0.049785458 
561 392 9 14 0.049446963 
826 452 7 7 0.04943182 
581 457 9 11 0.048886456 
728 418 7 10 0.048560996 
843 486 10 12 0.048236955 
736 320 8 14 0.047003124 
706 349 10 14 0.046934668 
832 332 6 9 0.04691139 
516 413 7 9 0.046575066 
489 343 14 15 0.04656642 
663 312 12 16 0.046465907 
392 414 8 10 0.04636433 
903 555 5 6 0.045946054 
893 322 8 14 0.045712348 
379 337 6 6 0.04542845 
361 334 4 5 0.04468443 
965 355 17 23 0.044620458 
786 211 12 19 0.04396521 
383 396 8 11 0.04386304 
282 402 7 7 0.043847222 
959 242 20 24 0.042869557 
324 358 5 7 0.042812817 
398 372 11 14 0.04268091 
330 374 11 13 0.04264349 
651 267 8 10 0.04250968 
568 391 10 13 0.042120382 
666 322 10 15 0.042024456 
752 302 9 11 0.041946057 
319 37 3 5 0.041785542 
990 334 19 22 0.041608896 
524 405 9 11 0.04127223 
315 87 6 11 0.04123456 
561 424 10 12 0.04105469 
460 381 7 13 0.040908027 
372 419 10 11 0.040629804 
759 459 7 7 0.040607665 
659 297 9 13 0.040588174 
822 291 11 15 0.040453542 
382 333 6 6 0.040360417 
835 462 8 10 0.040350135 
845 453 7 6 0.03936951 
354 357 6 7 0.038987115 
335 377 11 11 0.03897423 
614 323 11 16 0.038694624 
861 350 8 11 0.038536485 
256 431 5 6 0.038297236 
369 53 10 12 0.038294192 
657 408 13 15 0.038130887 
514 343 14 12 0.03794917 
867 398 15 24 0.03785847 
302 317 7 8 0.0377639 
277 370 7 7 0.037295423 
995 368 8 10 0.037265163 
389 385 14 22 0.03721953 
963 243 10 10 0.037170865 
316 38 3 5 0.03701605 
315 50 4 6 0.036746122 
248 410 5 6 0.036722086 
861 385 8 15 0.03670568 
139 398 11 9 0.03662994 
852 340 7 11 0.036563117 
837 332 5 7 0.03649353 
852 449 6 7 0.036317956 
505 436 7 10 0.03618249 
744 279 19 21 0.03583938 
895 316 8 13 0.035550226 
708 295 9 15 0.035450656 
177 420 8 8 0.03530476 
831 283 9 14 0.0349644 
809 334 17 21 0.034939088 
701 264 10 15 0.034759894 
376 381 8 9 0.034753416 
404 326 12 10 0.034683358 
869 463 7 12 0.034643166 
986 308 41 45 0.034446467 
542 297 12 13 0.03440074 
867 238 10 15 0.034221157 
224 428 5 6 0.03406846 
883 230 10 15 0.033720903 
328 27 3 4 0.03366033 
803 387 9 9 0.033511948 
643 303 9 15 0.033225626 
697 274 15 20 0.03317468 
603 315 12 15 0.032911528 
797 341 18 25 0.032868773 
568 321 9 13 0.032762274 
587 340 12 13 0.03260818 
778 192 17 23 0.03253765 
349 370 11 11 0.032494605 
382 337 6 7 0.032423746 
835 196 7 12 0.032055795 
971 298 7 7 0.031941462 
618 388 8 13 0.03181483 
651 293 9 15 0.031730928 
711 318 10 16 0.03157386 
958 371 9 15 0.031463653 
615 183 9 10 0.031429294 
503 384 10 14 0.03142353 
518 399 8 10 0.031399123 
427 382 15 24 0.031388905 
378 333 5 6 0.031348128 
543 439 6 8 0.031148234 
637 411 12 11 0.03112805 
823 484 7 8 0.030773228 
402 349 10 11 0.030756727 
286 363 5 6 0.030467404 
703 371 16 25 0.030158427 
529 345 13 15 0.030154077 
326 377 9 12 0.030142503 
744 299 12 13 0.029748669 
418 354 11 18 0.029668676 
397 349 8 10 0.029665926 
491 325 8 7 0.029404264 
779 454 8 8 0.029340355 
881 463 8 10 0.029327035 
200 443 4 7 0.02921747 
365 337 5 5 0.029009815 
856 424 11 17 0.02897196 
236 404 6 6 0.02895933 
609 405 10 13 0.028914832 
307 44 4 6 0.028854288 
959 358 11 17 0.028762667 
278 434 6 6 0.0286626 
375 348 19 20 0.02860346 
438 384 9 15 0.028579297 
557 418 19 25 0.028551755 
278 375 10 10 0.028480185 
696 381 16 24 0.028352229 
527 429 6 7 0.02832244 
951 222 20 20 0.028246446 
351 471 6 9 0.02819278 
880 421 11 12 0.028087035 
475 333 13 13 0.027991591 
226 354 9 13 0.027959544 
471 179 43 48 0.0279101 
779 448 8 7 0.027880304 
677 263 9 12 0.027611086 
520 386 15 14 0.027609486 
760 295 10 14 0.027521081 
882 318 7 11 0.027486263 
789 188 10 13 0.027437491 
876 300 35 53 0.027291592 
928 549 5 7 0.027250083 
827 450 4 5 0.027246555 
787 352 10 14 0.02723151 
692 300 10 16 0.02720837 
719 452 7 8 0.027184362 
698 190 9 11 0.027047109 
776 470 13 10 0.026978875 
330 370 8 9 0.0269749 
650 363 9 14 0.026951715 
861 396 9 15 0.026937477 
708 309 11 17 0.026913846 
292 373 7 10 0.026911203 
775 477 9 7 0.026852032 
425 354 8 13 0.02665101 
782 380 36 36 0.026619935 
377 345 7 8 0.026582323 
574 452 19 19 0.026579669 
870 417 8 13 0.026550679 
320 50 3 6 0.0265272 
353 353 5 5 0.026360236 
384 374 8 10 0.026340257 
372 338 4 4 0.026322544 
408 415 13 13 0.026274033 
630 380 9 14 0.026232868 
721 199 10 14 0.026198382 
766 458 7 8 0.026192056 
735 232 8 14 0.026128152 
486 321 8 7 0.026090741 
893 228 20 22 0.026060412 
511 400 8 9 0.026055325 
620 202 7 8 0.026032355 
404 425 8 10 0.025960827 
887 450 11 14 0.0258334 
615 189 8 8 0.025805498 
316 366 16 24 0.025804127 
681 187 10 14 0.025796363 
146 370 7 7 0.025692137 
422 573 9 12 0.025684258 
316 45 3 5 0.02552978 
558 530 5 6 0.025340868 
870 322 6 8 0.025335608 
815 484 10 9 0.025278246 
490 336 12 12 0.025253173 
282 364 7 6 0.025224997 
297 46 3 4 0.025213847 
911 491 13 16 0.025192996 
496 323 10 9 0.02512992 
341 64 3 6 0.025008496 
683 321 8 15 0.024999686 
728 320 9 15 0.02497639 
193 424 7 9 0.024956482 
142 419 8 8 0.024941958 
559 487 19 28 0.024841942 
566 426 11 12 0.024801658 
463 444 74 105 0.02479793 
468 400 6 10 0.024795387 
335 359 6 6 0.024789648 
691 188 7 11 0.024767723 
349 38 39 40 0.024753578 
521 374 15 12 0.024707403 
663 284 8 13 0.024693629 
375 501 14 14 0.024597496 
213 311 12 12 0.024586013 
704 420 6 9 0.024520464 
745 453 9 9 0.024518458 
756 454 7 7 0.024506604 
972 330 36 36 0.024502637 
327 46 3 5 0.02442551 
837 355 8 9 0.024397517 
982 272 32 41 0.024375033 
882 323 11 15 0.024347978 
839 347 5 7 0.024334542 
613 198 7 8 0.024223004 
521 345 11 13 0.02422023 
728 262 10 14 0.024210306 
141 439 9 8 0.02418245 
787 453 7 7 0.024048805 
830 218 10 17 0.024034403 
223 388 8 7 0.02400626 
383 370 16 20 0.023991091 
564 459 7 10 0.02394627 
168 380 11 13 0.023944274 
855 378 18 31 0.023934202 
334 45 3 6 0.023919541 
898 556 4 5 0.023908392 
754 447 7 6 0.023869898 
229 386 10 10 0.023848034 
156 349 12 10 0.023782982 
606 416 98 109 0.023736564 
739 402 25 22 0.0236807 
290 314 5 5 0.023653787 
802 393 13 11 0.023630265 
708 205 8 13 0.02361355 
630 183 9 9 0.023575507 
705 302 10 15 0.023468865 
248 414 5 7 0.023468541 
807 339 7 9 0.023457998 
498 439 8 9 0.023436615 
596 408 6 10 0.023430258 
532 424 5 7 0.023407284 
864 361 7 10 0.023402289 
691 264 16 22 0.023337267 
547 301 19 20 0.023212995 
657 195 9 14 0.023198178 
99 409 12 12 0.023176538 
675 187 11 13 0.02317226 
572 427 10 12 0.023171445 
555 365 10 13 0.023147358 
988 356 20 25 0.023060955 
244 410 4 5 0.023034163 
327 31 4 5 0.022980127 
319 400 10 9 0.022894265 
911 233 19 20 0.022877242 
286 397 7 8 0.02281405 
991 362 9 11 0.022776643 
875 460 10 14 0.022764023 
605 188 8 9 0.022737041 
714 418 7 10 0.022677446 
668 328 14 19 0.022626279 
734 287 22 20 0.022621838 
781 486 16 14 0.022601828 
634 196 9 10 0.022509053 
709 275 10 15 0.022445537 
883 446 7 10 0.022389524 
151 370 7 7 0.022368573 
874 505 39 43 0.022337321 
754 361 19 29 0.022334283 
656 358 9 16 0.022290424 
308 89 4 7 0.022289703 
320 45 3 6 0.022270855 
1029 337 17 26 0.022222614 
351 364 7 7 0.022188837 
327 37 3 5 0.022160636 
306 314 7 6 0.022153487 
669 435 8 8 0.02214759 
303 45 2 5 0.02213534 
766 296 18 22 0.022073304 
761 447 7 7 0.022060057 
303 390 19 18 0.022021448 
163 417 10 8 0.021980552 
868 393 6 12 0.021961564 
491 321 7 7 0.021959344 
248 370 8 8 0.021918695 
518 394 19 20 0.021897014 
455 386 6 10 0.021884438 
846 564 5 6 0.021883119 
641 292 14 22 0.021794368 
742 189 10 10 0.02179357 
810 388 9 8 0.021770434 
208 350 11 11 0.021731868 
709 285 13 18 0.021696687 
459 401 6 10 0.021639543 
871 229 17 24 0.02163476 
341 380 10 11 0.021548668 
711 384 17 27 0.021539694 
788 399 7 10 0.021514209 
949 545 4 6 0.021513518 
982 296 8 11 0.021508569 
855 451 6 8 0.021505572 
826 352 6 7 0.021467805 
428 448 8 9 0.021430114 
1003 368 8 10 0.021416295 
796 662 16 12 0.021413846 
814 368 8 9 0.02141313 
675 470 8 11 0.021399153 
657 183 7 10 0.021313949 
536 432 7 8 0.021302247 
715 198 9 13 0.021291375 
715 397 9 16 0.021237036 
906 555 5 6 0.021181144 
842 367 10 13 0.021173617 
508 359 13 12 0.02106846 
710 379 8 13 0.021026766 
216 299 9 8 0.02101764 
863 355 8 10 0.020983316 
528 335 13 14 0.02097753 
311 399 8 9 0.020963017 
166 360 10 13 0.020959122 
315 440 5 6 0.02095331 
691 471 8 11 0.02090837 
178 323 10 13 0.020907162 
831 453 6 7 0.02087739 
600 457 10 9 0.020874068 
854 385 32 45 0.020827616 
376 350 10 11 0.02077215 
656 279 10 14 0.020739792 
190 401 10 9 0.020701317 
1018 362 17 21 0.020672124 
302 94 5 9 0.020647278 
1019 241 14 23 0.020613011 
301 448 6 7 0.020582117 
835 345 18 20 0.020577846 
677 277 8 13 0.02057631 
221 396 8 8 0.020572467 
277 62 4 8 0.020570112 
896 311 8 12 0.020566398 
825 356 6 7 0.020541005 
322 362 6 9 0.02054038 
347 45 3 6 0.02047592 
319 441 6 5 0.020462537 
244 413 5 7 0.020449523 
853 590 3 6 0.020430839 
383 407 8 10 0.02041393 
309 50 3 6 0.02041228 
384 412 7 10 0.020403024 
875 420 9 12 0.0203842 
141 370 8 7 0.020382429 
473 29 6 8 0.020381458 
412 334 20 22 0.02034135 
333 30 4 6 0.020302383 
325 388 9 9 0.020290319 
283 82 4 8 0.020251533 
235 387 8 9 0.020248275 
656 388 20 20 0.020233087 
332 26 3 5 0.020202901 
338 58 41 37 0.02018565 
270 345 13 11 0.020183703 
310 336 8 11 0.020062989 
613 176 24 22 0.02005579 
878 253 19 32 0.020049568 
341 45 3 5 0.020046541 
