57_Angler_peoplefishing_57_394
74
227 355 42 63 0.9985343 
188 421 81 77 0.39971635 
329 452 27 24 0.29695314 
509 453 9 9 0.09442008 
489 476 12 20 0.0711785 
506 497 11 11 0.07046424 
552 512 14 15 0.06951816 
-1 549 14 35 0.057021007 
199 439 27 37 0.05409938 
371 482 9 11 0.050758492 
441 517 10 9 0.046136025 
343 478 10 10 0.04327827 
164 423 20 33 0.043039963 
355 460 9 8 0.04209413 
178 413 45 50 0.04026878 
261 439 24 28 0.038364574 
351 490 11 11 0.03768524 
259 456 45 38 0.03761635 
506 509 16 13 0.03672391 
578 496 13 12 0.034981232 
47 460 12 9 0.03323367 
417 504 7 7 0.032285858 
335 465 15 14 0.03187151 
407 523 8 8 0.031791102 
427 547 9 9 0.031451706 
365 492 7 8 0.030699868 
394 518 8 9 0.03044127 
362 467 9 8 0.029983735 
555 505 10 11 0.029553495 
366 597 4 4 0.028920855 
214 385 51 76 0.02886878 
374 479 7 9 0.028421214 
349 464 11 11 0.028419858 
254 462 26 26 0.028017625 
571 488 22 18 0.027629074 
344 610 6 4 0.027625691 
369 489 8 10 0.02741269 
501 489 20 21 0.026724968 
524 494 6 6 0.026623983 
502 449 19 17 0.026569098 
885 379 3 4 0.026383284 
375 532 9 10 0.025844226 
420 505 8 8 0.025286734 
318 57 44 52 0.025139803 
422 510 7 8 0.024635043 
833 455 6 5 0.024097646 
356 465 10 10 0.023795338 
406 511 10 10 0.023261918 
175 460 14 21 0.023223972 
179 543 15 13 0.023211438 
598 464 12 8 0.02316838 
339 609 7 5 0.022918664 
871 386 3 4 0.022842944 
837 454 7 6 0.022822503 
436 518 8 7 0.02252511 
353 614 5 4 0.022380011 
340 455 14 12 0.022221517 
492 584 6 5 0.022124283 
338 613 8 5 0.02194204 
578 484 14 12 0.021933652 
164 433 9 17 0.021900922 
872 380 3 3 0.021825625 
877 379 3 4 0.021521859 
523 497 8 9 0.021019647 
344 488 21 20 0.020993963 
370 597 5 4 0.02097332 
358 597 5 4 0.020920752 
517 498 8 8 0.020810068 
407 531 10 8 0.020788642 
884 373 4 4 0.020467356 
852 379 3 3 0.02035405 
499 585 7 6 0.020347884 
585 491 12 11 0.020200724 
350 477 10 9 0.020032397 
