57_Angler_peoplefishing_57_589
17
577 360 137 172 0.9994381 
1004 1075 15 27 0.13733193 
485 301 419 806 0.09697838 
808 767 43 40 0.049473546 
518 1005 402 570 0.04159171 
810 864 37 36 0.038509164 
780 674 23 39 0.035376247 
780 597 17 20 0.029499494 
701 401 32 64 0.027667504 
509 1382 71 82 0.027136043 
863 810 44 38 0.025909675 
432 611 15 27 0.024378251 
882 791 32 43 0.023874676 
815 575 18 22 0.023119073 
988 1081 25 43 0.021737086 
480 1408 43 46 0.02137208 
1006 1367 13 25 0.021176279 
