57_Angler_peoplefishing_57_600
18
456 141 110 137 0.99939954 
610 36 298 632 0.25660354 
806 667 31 63 0.12839863 
288 366 283 453 0.10882884 
666 708 60 127 0.09262239 
81 78 324 491 0.07305382 
908 736 38 45 0.049099647 
364 137 9 20 0.044754528 
439 257 29 28 0.033739198 
357 230 17 24 0.033457384 
629 59 18 29 0.033073783 
1002 640 23 40 0.031215815 
846 488 115 117 0.026209988 
469 627 200 225 0.025535231 
762 738 42 50 0.024770353 
506 471 17 31 0.022377098 
74 477 132 139 0.021707712 
471 103 33 36 0.020916564 
