57_Angler_peoplefishing_57_933
49
579 255 88 109 0.99995005 
418 381 58 95 0.95037675 
649 666 12 17 0.2807339 
1002 31 16 30 0.13065225 
472 595 26 27 0.10606908 
523 490 8 15 0.104928516 
16 468 11 21 0.10089679 
519 539 22 27 0.085828885 
529 502 16 25 0.07187162 
560 455 10 18 0.051522147 
27 2 12 16 0.0465432 
82 439 9 17 0.043017913 
81 6 12 14 0.041497707 
767 484 9 9 0.038574573 
182 293 290 457 0.037618183 
356 12 19 21 0.03626849 
41 538 10 17 0.035875384 
655 662 10 13 0.033799957 
722 238 9 13 0.032767307 
117 84 21 26 0.032075856 
716 526 26 28 0.03132325 
780 473 5 7 0.030219974 
195 78 10 14 0.028656462 
254 300 10 16 0.027660502 
725 527 12 14 0.027640104 
44 499 9 19 0.027314395 
762 484 7 6 0.027276983 
201 43 18 25 0.026827639 
565 456 11 17 0.026618958 
748 542 10 10 0.026582107 
441 31 9 12 0.026437065 
82 244 10 15 0.026336972 
348 526 38 42 0.026200783 
416 13 8 14 0.026139997 
780 477 6 7 0.026136484 
101 705 47 52 0.02486273 
728 333 17 27 0.023479333 
676 272 9 15 0.022716982 
67 5 12 14 0.022687076 
325 12 12 16 0.022466142 
152 90 11 13 0.022160988 
290 51 12 13 0.021735556 
30 288 10 22 0.021473702 
58 268 18 41 0.021370884 
41 14 10 13 0.021294331 
987 293 39 65 0.020413112 
204 376 9 14 0.020344466 
4 230 10 16 0.020250112 
767 480 7 7 0.020212866 
