57_Angler_peoplefishing_57_206
152
283 805 41 38 0.9956626 
741 678 14 21 0.70763487 
170 716 25 26 0.5311806 
984 619 12 21 0.50526524 
618 680 12 15 0.4249261 
795 669 18 21 0.3548854 
315 497 10 15 0.19037841 
198 428 31 27 0.14022921 
915 694 31 28 0.10668974 
308 502 9 12 0.105114736 
467 697 13 18 0.10235722 
143 155 12 18 0.09008516 
610 683 23 36 0.08719514 
824 764 42 32 0.08599219 
318 488 8 11 0.085419975 
792 680 24 29 0.08195526 
454 727 32 31 0.07905948 
820 694 18 22 0.07746878 
396 692 25 32 0.070270725 
138 152 11 17 0.06309801 
256 525 5 8 0.0627226 
252 508 5 8 0.058740653 
173 488 9 15 0.05644565 
145 162 13 25 0.054124344 
464 738 35 28 0.05353095 
343 525 9 12 0.051867127 
248 507 6 9 0.05001787 
458 699 12 17 0.04636813 
811 754 39 32 0.045139756 
123 387 28 48 0.044638086 
934 693 17 17 0.043845568 
138 118 10 21 0.043736484 
964 654 24 37 0.04344573 
445 733 49 54 0.03995688 
-160 505 552 574 0.039427582 
478 746 18 16 0.039409544 
319 485 5 7 0.03842583 
301 500 8 10 0.037913833 
273 517 7 10 0.037702374 
321 497 8 12 0.03690112 
844 782 21 19 0.03611599 
618 721 8 13 0.035166718 
915 759 17 19 0.034560133 
920 707 34 31 0.034544352 
919 694 16 16 0.03448213 
255 518 5 7 0.034432795 
263 519 6 7 0.03416055 
609 696 10 18 0.03343005 
730 716 15 24 0.03339172 
638 614 8 11 0.03296329 
200 658 8 9 0.032793425 
965 660 13 21 0.032505482 
234 422 18 19 0.03208996 
158 623 6 9 0.031695988 
133 209 12 21 0.031654168 
300 518 7 10 0.031492226 
465 755 13 13 0.031120084 
239 491 5 6 0.030901149 
458 697 25 35 0.030774929 
802 737 31 32 0.03061079 
1010 633 12 25 0.030525308 
306 517 7 10 0.030420251 
1001 706 12 17 0.030183135 
194 512 6 12 0.029860863 
455 719 14 21 0.029679889 
733 674 13 20 0.029622614 
787 689 14 18 0.029490082 
300 524 7 10 0.029226283 
273 524 6 7 0.028977355 
164 623 5 7 0.02841169 
271 1011 35 43 0.028007457 
262 526 5 7 0.027923636 
245 485 4 5 0.027844666 
491 742 15 15 0.027833704 
246 501 6 7 0.0272779 
956 632 22 45 0.027184712 
636 700 8 12 0.026693156 
172 220 7 13 0.026670152 
289 507 7 10 0.026624167 
643 615 7 9 0.026447231 
236 629 6 12 0.02643069 
285 882 36 29 0.026419146 
265 500 5 7 0.026272405 
325 552 8 10 0.026107393 
789 709 29 38 0.025802812 
354 545 6 7 0.025784647 
522 758 6 7 0.025539199 
151 167 12 24 0.025487298 
730 687 15 21 0.025164695 
308 491 7 8 0.02475496 
305 524 6 10 0.024714038 
442 726 23 36 0.024703547 
245 490 5 7 0.024646679 
458 756 10 11 0.024541281 
303 496 23 29 0.024511747 
1000 628 20 40 0.024369823 
778 730 46 56 0.024247488 
812 688 13 21 0.024209287 
810 807 15 15 0.024099186 
911 706 14 19 0.023989853 
263 492 43 62 0.023931611 
498 709 13 16 0.023913829 
634 693 9 14 0.023833768 
136 136 10 18 0.023829557 
343 559 6 10 0.023644064 
855 753 17 15 0.023600372 
138 105 9 20 0.02358445 
273 501 6 7 0.023561537 
896 699 27 36 0.023422208 
637 619 7 11 0.02328777 
230 629 6 11 0.02314139 
255 491 4 6 0.023104778 
969 670 26 38 0.022988208 
375 303 472 618 0.022882177 
631 621 7 10 0.022860019 
219 518 5 8 0.022848528 
343 518 6 8 0.022841716 
798 660 13 15 0.02283508 
181 527 10 20 0.0227147 
827 706 16 18 0.022709629 
472 751 16 14 0.022709152 
132 155 9 16 0.022423381 
935 657 44 53 0.022372633 
482 729 29 28 0.022358948 
610 676 10 13 0.022192908 
301 489 6 8 0.02204708 
197 425 19 17 0.021974515 
278 506 8 10 0.021811841 
845 795 16 17 0.021766864 
248 518 5 7 0.021737153 
643 792 505 466 0.02161303 
610 614 5 7 0.021606663 
137 161 13 24 0.021319712 
444 736 8 15 0.021282928 
603 684 7 10 0.021262256 
506 694 14 14 0.021216925 
416 1040 126 129 0.021189569 
797 791 33 36 0.02118935 
279 516 6 9 0.02101067 
942 698 15 18 0.020925159 
239 485 5 6 0.020840388 
843 748 31 30 0.02079704 
240 499 5 7 0.020543067 
158 773 39 41 0.020351298 
351 535 7 9 0.020327637 
274 624 6 10 0.02028644 
856 807 32 36 0.020195907 
180 488 7 13 0.020172082 
300 484 6 7 0.02016195 
491 707 27 30 0.02005199 
188 419 45 59 0.020020397 
811 768 65 57 0.020010857 
