57_Angler_peoplefishing_57_402
44
347 131 45 47 0.9706297 
687 58 37 47 0.22132677 
560 411 22 43 0.12613834 
595 350 21 25 0.10244546 
275 307 13 14 0.100793585 
639 103 33 92 0.09943933 
560 331 12 16 0.08976514 
666 186 48 57 0.0744314 
636 408 24 31 0.05778135 
305 297 12 17 0.048236713 
577 355 13 15 0.045850504 
387 92 32 51 0.04397617 
316 316 11 18 0.039767515 
572 332 10 12 0.037508473 
581 346 22 23 0.0343971 
534 344 13 16 0.034229204 
180 468 43 39 0.033877876 
689 195 60 49 0.031015446 
666 449 26 36 0.03066445 
365 100 41 63 0.029684477 
683 27 51 60 0.029405057 
647 107 110 170 0.02701468 
399 648 18 26 0.02667444 
577 363 14 14 0.026578644 
192 571 8 10 0.026571603 
384 165 60 99 0.02628289 
324 313 9 18 0.025466602 
655 418 10 17 0.025209183 
473 49 7 6 0.023909323 
324 377 12 17 0.023163084 
440 431 29 30 0.023066558 
504 262 13 11 0.022747027 
676 202 25 26 0.02254054 
700 209 24 27 0.022197092 
255 33 8 12 0.022081373 
711 215 26 25 0.021559576 
522 294 13 11 0.021415817 
330 331 9 14 0.021356167 
528 348 13 14 0.021283526 
537 278 10 9 0.021197358 
312 311 11 18 0.021174895 
340 350 6 11 0.021095395 
433 617 11 14 0.020648818 
388 300 19 27 0.020040873 
