55_Sports_Coach_Trainer_sportcoaching_55_130
30
491 961 256 321 0.999632 
220 734 273 207 0.99959916 
552 537 334 272 0.9990452 
326 431 231 236 0.9735352 
482 828 386 715 0.37380564 
334 -103 507 592 0.3569328 
730 551 196 186 0.35630026 
213 143 352 582 0.2165985 
414 479 293 287 0.16305532 
218 558 358 269 0.13981685 
531 1358 197 174 0.11276234 
724 798 303 678 0.0800999 
144 271 29 41 0.055590946 
51 -2 421 515 0.046300597 
527 1412 87 68 0.044928197 
430 -9 346 258 0.036037248 
576 1412 37 38 0.035662297 
742 427 38 45 0.035162866 
814 1490 32 49 0.033251785 
961 210 18 22 0.031710066 
336 830 261 236 0.031209152 
551 -18 545 620 0.030668486 
-120 630 434 598 0.026698064 
539 1428 39 44 0.024902357 
207 87 117 219 0.02364673 
630 -7 91 50 0.022779468 
36 847 32 36 0.021694658 
47 813 12 15 0.02041764 
53 863 13 16 0.020109447 
12 828 42 44 0.020049848 
