55_Sports_Coach_Trainer_sportcoaching_55_218
725
731 74 44 53 0.9956982 
682 261 37 27 0.73844117 
644 214 52 36 0.7137226 
643 199 20 29 0.50265986 
73 200 19 24 0.3485593 
740 164 20 26 0.25199482 
389 78 5 9 0.17977464 
56 230 19 28 0.17947496 
10 243 13 16 0.17413871 
422 51 6 7 0.16609159 
390 83 6 9 0.1614334 
266 90 5 8 0.14346482 
517 49 5 6 0.13166961 
571 60 6 7 0.12448609 
647 229 28 28 0.118992746 
44 198 18 24 0.11844709 
127 235 12 14 0.11366443 
523 92 7 8 0.10889599 
52 247 20 28 0.10780995 
563 77 6 7 0.10388296 
666 3 8 10 0.10292999 
385 89 6 11 0.1003773 
385 84 6 9 0.09918909 
552 68 5 6 0.09701901 
277 12 5 10 0.09342984 
422 49 5 5 0.09022649 
187 310 26 30 0.08966557 
487 118 6 7 0.08928631 
277 97 5 8 0.087118365 
513 52 5 6 0.086692534 
526 48 3 5 0.08666102 
569 78 6 7 0.08275518 
398 112 4 6 0.07813569 
518 115 6 9 0.07700397 
519 71 8 8 0.076944895 
296 110 6 8 0.076920934 
88 12 6 9 0.076578446 
11 65 8 13 0.07620586 
390 90 6 10 0.07612436 
417 51 5 7 0.07529182 
564 73 5 7 0.074397616 
493 42 4 5 0.07389276 
532 66 5 6 0.07377328 
505 77 6 7 0.07329244 
537 80 6 6 0.07166135 
289 130 6 8 0.07105489 
564 54 5 6 0.07059145 
556 324 56 55 0.069255546 
537 61 4 6 0.06832619 
579 343 83 71 0.06795951 
155 339 22 26 0.067665 
522 96 7 7 0.067628905 
85 13 5 7 0.06747397 
511 91 5 7 0.06743208 
514 49 5 6 0.067107394 
507 67 4 4 0.06682067 
417 48 4 6 0.06624354 
76 227 11 16 0.06575327 
533 60 4 7 0.065539375 
512 78 7 7 0.06379721 
428 32 7 9 0.0617977 
280 98 5 7 0.061639793 
532 80 5 6 0.06107454 
296 115 5 7 0.060870342 
318 90 6 8 0.059488334 
277 66 5 7 0.059376948 
487 73 5 5 0.05935143 
531 55 4 5 0.05916419 
81 232 10 17 0.059114035 
658 1 6 7 0.058523186 
428 48 5 5 0.058392804 
526 53 5 6 0.05831123 
424 59 5 7 0.057458144 
500 74 6 6 0.056845687 
486 42 5 6 0.0566669 
264 85 5 9 0.056591596 
753 65 40 54 0.056496352 
511 66 6 6 0.056476936 
111 102 9 12 0.056356523 
288 93 4 5 0.055956528 
739 261 38 59 0.055790253 
514 104 5 7 0.055609025 
240 99 4 6 0.055478875 
514 116 6 8 0.054808646 
263 96 5 9 0.05341027 
403 117 6 7 0.053277448 
481 117 4 6 0.053274326 
282 129 5 6 0.05314807 
66 228 11 16 0.05314002 
520 92 7 7 0.052812148 
538 65 5 6 0.052770764 
539 73 5 6 0.052128457 
307 78 4 6 0.05162424 
481 112 4 6 0.051614344 
847 41 10 14 0.051486872 
437 47 5 6 0.05147582 
405 92 3 6 0.051395632 
302 98 5 7 0.051366333 
511 60 5 6 0.051363207 
306 99 4 6 0.05099961 
428 40 6 6 0.050948102 
302 93 4 6 0.050864864 
424 119 3 5 0.050798655 
437 8 4 6 0.050759446 
103 31 6 10 0.049741056 
276 103 5 7 0.049460024 
576 134 6 10 0.049338665 
442 66 4 6 0.049235422 
296 94 3 5 0.049038958 
488 97 6 6 0.04899099 
500 37 3 4 0.04886918 
281 66 5 7 0.04878198 
201 124 4 5 0.048764996 
277 93 4 6 0.048606798 
498 66 5 5 0.048478097 
275 70 6 9 0.048336357 
500 61 5 5 0.04821133 
428 60 5 6 0.048135616 
253 207 8 7 0.048130743 
729 72 20 37 0.04798685 
506 61 4 6 0.047714327 
107 31 6 9 0.04767132 
632 44 7 13 0.047349393 
417 79 4 7 0.047334343 
80 214 18 32 0.047327094 
441 48 5 5 0.047190964 
876 278 87 112 0.047140498 
104 226 19 25 0.047045734 
892 75 9 12 0.047003105 
417 112 4 5 0.04681334 
539 160 7 9 0.046693724 
281 92 5 7 0.046648715 
574 98 5 7 0.04660739 
390 94 7 11 0.046428423 
416 100 4 6 0.046325333 
409 119 5 5 0.04619395 
315 91 6 7 0.046131186 
500 49 5 5 0.046126753 
569 73 5 7 0.046073053 
203 124 5 6 0.045911547 
493 46 4 6 0.04590221 
517 78 6 6 0.045768112 
282 70 4 8 0.045673195 
494 37 4 4 0.04559304 
267 95 5 8 0.045130894 
308 118 5 7 0.045005172 
582 76 6 8 0.044757094 
972 43 11 14 0.04452181 
96 79 5 5 0.0444989 
939 2 5 6 0.04441485 
670 238 47 39 0.044378724 
519 61 6 5 0.044322457 
289 98 3 5 0.044289343 
563 67 5 6 0.044094358 
60 177 20 24 0.043737195 
153 311 19 28 0.04370677 
554 71 6 7 0.043520305 
836 58 27 25 0.04319771 
487 67 5 5 0.042995933 
626 44 8 13 0.042824686 
230 106 4 5 0.042675536 
278 16 5 11 0.042514544 
256 84 5 9 0.042473063 
475 111 5 6 0.042443458 
531 85 5 6 0.042219628 
500 98 6 7 0.04221097 
239 104 4 6 0.042201683 
308 73 4 7 0.042123772 
397 104 4 6 0.042121384 
504 98 6 7 0.04193598 
6 62 8 13 0.041797325 
289 143 6 6 0.041662294 
1016 26 8 13 0.04157375 
500 125 5 5 0.041390385 
525 125 5 7 0.041264188 
493 73 5 5 0.041180912 
289 134 7 8 0.04116697 
564 59 4 6 0.041104034 
315 86 5 7 0.041016467 
523 66 6 8 0.040695857 
412 99 4 6 0.040695447 
577 74 5 6 0.040615123 
493 66 5 5 0.04037998 
512 98 5 6 0.04029413 
306 93 4 6 0.040214784 
641 196 9 20 0.040206537 
637 273 11 14 0.04019786 
818 58 8 10 0.04013765 
487 92 6 7 0.039758198 
474 98 4 6 0.039717313 
402 112 5 6 0.039583966 
397 99 4 7 0.039555524 
1008 152 10 11 0.03943873 
507 91 5 6 0.03929648 
242 99 4 5 0.039140888 
412 103 4 6 0.039071 
1017 151 8 12 0.039070763 
307 86 3 6 0.03905589 
487 46 5 6 0.0386453 
538 84 5 6 0.03861157 
273 77 6 10 0.038515206 
124 234 21 28 0.03847568 
258 72 4 7 0.038449217 
417 92 4 5 0.038359385 
294 124 5 6 0.038253374 
468 104 4 5 0.038248666 
468 99 4 6 0.03812935 
104 84 5 8 0.03794559 
104 79 4 6 0.03792166 
404 99 4 6 0.037756823 
553 116 6 8 0.037741005 
416 104 4 5 0.03772704 
334 90 5 7 0.037660636 
111 75 4 6 0.03762177 
277 125 4 6 0.037389975 
500 91 5 6 0.037371386 
262 78 4 7 0.037020285 
494 86 5 6 0.036930837 
422 86 5 7 0.036800757 
505 130 4 6 0.036761884 
499 40 4 5 0.0366208 
517 105 5 5 0.036537528 
436 3 3 5 0.036488116 
283 86 4 7 0.036480352 
486 113 4 5 0.036373597 
161 149 4 5 0.03632323 
392 111 4 6 0.036264002 
625 39 7 12 0.036069963 
676 227 33 27 0.035989895 
501 53 4 5 0.03595913 
21 177 9 14 0.035944164 
703 84 5 7 0.035861194 
436 43 4 4 0.035857327 
288 85 4 6 0.035784405 
93 84 7 10 0.035740618 
454 119 4 5 0.035738192 
573 64 6 7 0.035698522 
493 123 5 5 0.03566915 
345 123 5 8 0.035634395 
242 104 4 6 0.035610117 
800 127 31 53 0.03558537 
588 89 6 7 0.03553611 
429 74 4 5 0.035377096 
271 145 4 5 0.03530508 
277 41 3 6 0.035260558 
399 116 5 7 0.035107136 
444 151 5 6 0.03484477 
571 84 5 7 0.034729004 
453 123 5 6 0.034637906 
526 129 5 6 0.034626126 
263 212 8 6 0.03458039 
655 2 5 6 0.0344348 
533 98 6 6 0.034385733 
657 7 6 9 0.034255344 
525 86 6 6 0.034250386 
31 38 5 10 0.034245826 
500 77 6 6 0.03418908 
334 86 4 7 0.034163054 
277 130 4 5 0.034117084 
416 73 4 6 0.03400259 
427 54 5 5 0.03398422 
461 98 4 5 0.03391586 
716 83 5 8 0.03385966 
430 92 4 5 0.033835866 
344 128 5 8 0.033812664 
289 116 5 6 0.033786196 
646 178 9 14 0.03377577 
258 78 4 7 0.033593453 
620 38 7 12 0.03357949 
726 212 13 13 0.033575114 
519 86 5 5 0.033545185 
555 67 5 6 0.03352312 
521 129 4 6 0.03348174 
616 26 6 9 0.033454787 
241 224 13 11 0.033417694 
634 40 6 10 0.03330421 
657 221 22 19 0.033301953 
518 122 6 8 0.033236537 
461 7 6 10 0.033223957 
228 242 24 23 0.033193838 
418 85 4 7 0.03316202 
557 80 5 6 0.03307579 
98 75 3 5 0.03302792 
704 1 4 7 0.032896373 
231 111 4 5 0.032868225 
491 119 5 6 0.032861378 
249 168 5 5 0.032805476 
109 79 3 6 0.032793656 
462 124 4 6 0.032769848 
744 90 44 65 0.0327244 
307 103 4 6 0.032513723 
442 42 4 4 0.03250416 
70 231 17 28 0.032493982 
815 25 6 9 0.032442246 
429 106 4 5 0.032420114 
512 122 6 8 0.032182187 
424 41 5 6 0.032177463 
447 131 5 7 0.03212903 
275 82 5 9 0.03212712 
278 61 4 7 0.032126844 
282 104 3 5 0.032124963 
480 55 4 4 0.03207633 
440 72 6 7 0.032026038 
949 4 5 5 0.03182268 
831 57 10 11 0.03178546 
481 105 4 5 0.031633474 
403 105 4 5 0.031629737 
289 105 5 5 0.031528153 
319 86 5 7 0.0315052 
881 51 10 10 0.031495295 
110 212 11 15 0.03143217 
396 85 4 7 0.031362962 
486 131 5 6 0.031359594 
156 218 11 10 0.031345982 
108 84 4 7 0.03119877 
974 133 11 10 0.031165404 
711 0 3 7 0.03114877 
928 24 9 10 0.0311454 
300 131 6 6 0.031140499 
1 0 3 7 0.031073233 
209 131 5 6 0.031030422 
486 79 5 5 0.031009069 
418 42 3 5 0.030978233 
877 19 7 9 0.030777274 
119 95 7 9 0.030571776 
189 220 8 7 0.030359631 
4 59 16 27 0.03031753 
437 100 4 5 0.030296313 
67 187 19 22 0.030245522 
638 44 7 15 0.030216977 
575 116 6 8 0.03017405 
303 86 4 6 0.03015833 
543 73 5 6 0.030067382 
58 26 6 9 0.030060826 
443 130 5 6 0.030057017 
456 151 5 5 0.030014368 
589 52 7 11 0.030004764 
654 7 5 9 0.029980293 
335 138 9 12 0.029957877 
533 73 4 5 0.02994448 
498 86 5 6 0.029939383 
276 45 4 8 0.029620456 
425 33 5 8 0.029618599 
577 78 5 7 0.029598575 
441 9 5 6 0.029520124 
595 90 5 9 0.029513683 
295 98 4 5 0.029492835 
492 62 5 5 0.029434884 
429 66 4 6 0.029387046 
482 42 5 5 0.029362215 
460 92 5 6 0.029354127 
104 75 3 5 0.02934502 
512 86 5 6 0.029325921 
281 125 5 6 0.029302845 
814 8 7 8 0.029273221 
280 19 4 9 0.029272713 
255 157 4 5 0.029228678 
412 94 3 5 0.029196505 
740 14 8 16 0.02919152 
857 31 8 12 0.029116398 
526 80 5 6 0.029064579 
589 100 5 7 0.029015861 
479 98 5 6 0.029012207 
437 0 3 2 0.029010339 
593 52 7 10 0.028981905 
476 118 4 6 0.028893366 
448 135 4 6 0.0288096 
256 90 5 8 0.028809154 
476 123 4 6 0.028779222 
321 118 5 7 0.028589142 
687 1 5 8 0.028558135 
293 144 6 7 0.028471742 
514 111 5 7 0.028467335 
423 65 5 6 0.028384753 
558 60 5 5 0.02837468 
431 101 3 4 0.028347462 
475 86 5 5 0.028237343 
411 112 3 5 0.02821403 
562 137 5 6 0.028155819 
998 52 22 22 0.028121725 
292 130 7 8 0.028076025 
576 86 4 6 0.028049467 
480 124 4 5 0.027996661 
443 63 4 4 0.027992634 
1002 160 11 13 0.027971584 
436 105 4 4 0.027938219 
161 145 3 5 0.027933793 
440 78 6 6 0.027874889 
226 251 14 14 0.02787322 
843 51 11 13 0.02786305 
479 91 5 7 0.027855756 
0 218 16 25 0.027813332 
629 343 29 31 0.027809981 
487 62 5 4 0.027793549 
504 104 5 6 0.027774928 
455 154 4 6 0.027772479 
250 165 4 5 0.027720252 
715 90 6 10 0.027699877 
281 61 4 6 0.027697423 
249 90 5 8 0.027679753 
386 85 13 23 0.027629059 
491 98 5 6 0.027602479 
531 110 7 8 0.027595133 
487 104 4 6 0.02757945 
488 36 3 4 0.027522884 
319 122 8 9 0.027474025 
543 79 5 6 0.027391931 
412 51 4 7 0.027378645 
302 110 31 37 0.027311828 
249 210 9 8 0.027304538 
505 111 5 7 0.027270334 
258 97 5 8 0.027252961 
699 2 5 8 0.027250957 
437 66 5 5 0.027233392 
506 49 4 5 0.027220335 
199 211 9 10 0.027187573 
576 92 5 6 0.027157037 
94 12 5 9 0.027108958 
557 86 4 5 0.0270861 
691 0 4 8 0.027032567 
462 3 4 7 0.026948396 
75 212 13 17 0.026921557 
262 208 7 6 0.026918184 
661 18 10 14 0.0268618 
51 55 8 16 0.026778394 
845 20 5 7 0.026751503 
396 90 4 8 0.026741456 
544 68 5 5 0.026646983 
572 110 5 7 0.026613852 
589 3 5 5 0.026585063 
153 131 4 6 0.026554598 
494 80 4 5 0.026527284 
1004 68 12 13 0.026497148 
613 43 6 11 0.026463674 
98 167 15 13 0.026461879 
896 219 67 79 0.026414527 
302 102 5 7 0.026386376 
425 106 3 4 0.026331147 
530 129 4 6 0.026282337 
602 103 4 7 0.026254939 
114 73 4 8 0.026218267 
566 70 119 200 0.026213126 
595 90 46 90 0.026166514 
256 201 6 6 0.026157925 
583 99 4 6 0.02615331 
596 97 6 10 0.026151396 
476 143 5 7 0.026128083 
710 22 8 16 0.026123365 
442 3 4 4 0.026064642 
449 48 4 4 0.0260625 
571 28 5 6 0.025996557 
500 111 5 6 0.025974156 
510 74 7 7 0.025973585 
315 97 5 6 0.025923554 
532 103 8 8 0.025915395 
590 128 5 9 0.025835406 
491 92 6 7 0.025829507 
417 129 6 8 0.025813794 
175 150 3 5 0.025780946 
505 136 5 6 0.025618745 
289 73 4 5 0.025614664 
475 92 5 6 0.025596842 
582 90 5 7 0.025568761 
485 167 5 6 0.025435781 
487 55 4 4 0.025389351 
383 111 5 7 0.025376676 
257 218 24 18 0.025351161 
294 105 5 7 0.025301566 
898 62 9 10 0.025293062 
331 206 41 43 0.025269812 
288 68 4 5 0.025267204 
242 220 10 8 0.025237447 
94 8 4 8 0.025233222 
652 362 32 21 0.025223747 
435 125 4 5 0.025212359 
276 111 5 7 0.025203012 
392 101 5 9 0.025189836 
655 0 4 5 0.025146184 
455 130 4 7 0.025144536 
294 72 5 6 0.025099326 
505 124 4 7 0.025085354 
289 125 4 5 0.025057837 
114 95 9 12 0.025047673 
481 80 4 5 0.025034241 
430 151 3 4 0.025010007 
523 111 6 8 0.024987929 
114 58 4 9 0.024972325 
199 129 5 6 0.024934132 
583 86 5 7 0.024901638 
457 2 3 5 0.024893124 
237 111 5 5 0.024886817 
416 118 4 6 0.024883183 
565 50 4 5 0.024881097 
241 240 27 23 0.024807667 
289 149 5 5 0.024760574 
299 124 5 6 0.024756704 
435 61 5 5 0.024724452 
288 111 5 7 0.024718719 
571 135 6 8 0.024704112 
234 244 13 13 0.024680328 
270 149 5 5 0.024651533 
570 54 4 6 0.024643028 
244 85 4 7 0.024642434 
347 118 4 7 0.024630092 
262 73 4 6 0.024567394 
422 90 4 6 0.024545155 
138 214 10 12 0.024472829 
832 50 20 24 0.024471058 
474 130 5 7 0.024413519 
821 58 10 11 0.024400355 
175 176 4 6 0.024381144 
191 324 28 33 0.024379887 
474 104 5 6 0.02434834 
144 206 8 9 0.02434423 
563 85 4 6 0.02434372 
179 176 4 5 0.024265945 
281 116 5 7 0.024251938 
149 218 22 18 0.024212558 
327 127 31 38 0.024211964 
436 112 4 5 0.024151232 
531 48 3 5 0.024142131 
87 230 9 19 0.024033545 
557 135 6 7 0.024025505 
581 39 6 8 0.024006244 
289 79 5 8 0.023932118 
796 43 9 12 0.023928901 
10 224 9 13 0.023909498 
320 97 5 6 0.023862831 
550 79 6 6 0.023836369 
146 231 24 20 0.023785016 
314 134 8 9 0.023749907 
430 78 4 5 0.023715494 
840 65 32 36 0.023705829 
525 60 5 6 0.023701522 
590 46 6 8 0.023663579 
480 86 5 5 0.023656437 
321 105 5 6 0.023651509 
423 124 4 5 0.023648271 
570 47 4 6 0.023592189 
340 129 7 8 0.023493618 
299 116 5 8 0.023460707 
576 27 5 6 0.023409754 
153 175 5 7 0.023360102 
700 197 23 27 0.02335951 
467 85 5 5 0.023357786 
224 93 3 5 0.023342077 
782 57 13 16 0.0232979 
378 110 6 8 0.023288734 
252 238 14 11 0.023280049 
301 194 4 6 0.023223227 
83 44 6 9 0.023185924 
245 91 5 7 0.0231846 
580 134 7 11 0.023171358 
545 84 5 6 0.023148665 
314 123 6 7 0.023139108 
282 40 3 6 0.023110714 
422 100 4 5 0.023072407 
261 217 11 8 0.02306471 
157 214 8 9 0.022994917 
593 122 6 11 0.022959977 
858 23 6 5 0.022946073 
973 166 8 10 0.02288664 
314 128 8 10 0.022885019 
507 87 5 5 0.022873117 
703 79 31 55 0.022835856 
596 6 6 9 0.022825338 
423 74 4 5 0.022760496 
1009 92 9 13 0.022736946 
178 180 5 7 0.02271344 
473 80 5 5 0.022702338 
717 79 4 7 0.022682937 
449 43 5 5 0.022682276 
474 61 5 5 0.022681115 
571 41 5 6 0.022600763 
275 150 4 4 0.022498688 
449 73 5 6 0.02249417 
326 105 4 6 0.022452766 
952 6 6 8 0.02242547 
575 153 5 8 0.022411676 
887 69 18 20 0.022405272 
148 135 5 8 0.022398049 
214 229 19 21 0.022375345 
461 118 5 5 0.022367487 
96 28 8 13 0.022357982 
326 99 4 6 0.022352597 
281 138 5 5 0.022318004 
315 79 4 5 0.022290206 
650 39 7 13 0.022237612 
404 121 5 6 0.022236276 
255 219 9 6 0.022218227 
437 53 5 5 0.022209803 
442 28 5 5 0.022204416 
39 39 6 10 0.022187673 
758 172 12 18 0.02217743 
500 104 5 6 0.02214637 
437 91 5 6 0.022140557 
422 112 4 4 0.022132734 
99 209 19 26 0.022124413 
251 84 5 8 0.022118332 
616 31 6 11 0.02207812 
59 7 4 6 0.022075467 
493 112 5 5 0.022056814 
903 85 8 9 0.02202725 
877 41 10 12 0.022018813 
501 130 4 4 0.02200447 
606 51 6 9 0.022000805 
836 69 12 12 0.021975938 
0 222 6 14 0.021954438 
192 307 16 19 0.021943592 
267 218 11 10 0.021910157 
1024 69 20 30 0.021875467 
610 106 4 6 0.021842178 
576 122 5 7 0.021830335 
482 74 4 4 0.021822011 
513 138 5 6 0.021754483 
327 87 4 5 0.021752372 
227 106 4 5 0.021751039 
527 43 3 4 0.021700647 
467 93 5 5 0.021686591 
783 168 35 62 0.021678356 
1017 155 16 24 0.021668227 
478 288 48 72 0.02166475 
300 134 7 7 0.021645928 
257 68 4 6 0.021645736 
589 7 5 7 0.021609355 
443 15 5 6 0.021528069 
537 55 4 4 0.021508563 
278 34 3 7 0.02146991 
853 41 11 14 0.021464217 
572 116 5 8 0.021457948 
505 41 4 5 0.021401832 
729 73 9 17 0.021399347 
563 117 5 6 0.021381134 
581 115 5 9 0.021379407 
315 105 4 6 0.021363065 
583 103 5 8 0.021362286 
235 230 23 21 0.021333875 
862 38 9 13 0.021321932 
575 110 6 9 0.02128514 
563 111 4 6 0.021283729 
270 175 5 5 0.021280974 
638 39 5 10 0.021277037 
676 1 7 9 0.021233648 
166 168 4 6 0.02121646 
447 66 5 5 0.021213157 
72 103 5 7 0.021183502 
1015 54 21 31 0.021162754 
390 75 3 6 0.021162482 
282 112 5 6 0.021157065 
500 138 4 5 0.021119723 
115 91 7 9 0.021105012 
455 99 5 5 0.021072857 
715 199 20 23 0.021056283 
814 59 7 7 0.021053713 
604 110 4 7 0.021004077 
506 54 4 4 0.020984234 
444 135 4 6 0.020966394 
193 125 4 5 0.02095075 
14 8 5 7 0.020945458 
727 199 19 20 0.020942377 
852 26 6 7 0.020940239 
500 117 4 5 0.02093768 
575 46 5 7 0.020905213 
257 86 37 44 0.020904291 
412 73 4 6 0.020902932 
180 213 6 7 0.02089231 
530 92 5 6 0.020875871 
413 78 4 7 0.020867648 
69 243 10 19 0.020755414 
552 111 6 7 0.020754544 
261 200 6 6 0.020752253 
48 192 13 16 0.020750552 
151 246 15 14 0.020732503 
660 37 7 12 0.020731494 
312 118 5 6 0.020730855 
430 119 4 5 0.020729145 
583 28 4 7 0.02072375 
418 124 4 5 0.02070796 
748 220 18 25 0.02070677 
929 2 5 5 0.020703772 
703 78 5 9 0.020702075 
594 101 6 10 0.020701157 
321 197 8 10 0.020683974 
77 181 13 15 0.020672254 
204 119 4 5 0.02066544 
410 122 4 5 0.020655438 
226 111 4 6 0.020641863 
430 0 3 3 0.020631049 
278 116 5 7 0.020621022 
717 1 4 6 0.020570707 
114 54 4 7 0.020566288 
672 44 15 34 0.02055066 
622 2 4 6 0.020535368 
564 130 5 7 0.020525651 
450 118 4 6 0.020507826 
801 214 186 197 0.020493414 
370 109 6 9 0.02048489 
83 203 13 17 0.020427411 
441 53 5 5 0.02041227 
961 125 5 7 0.020402716 
451 123 4 6 0.020390538 
275 196 5 5 0.020382186 
428 176 4 5 0.0203279 
249 213 25 17 0.020321647 
80 31 31 52 0.020319022 
551 86 5 5 0.020315614 
505 36 4 5 0.020300632 
361 105 4 7 0.020300211 
386 75 4 7 0.020291211 
577 41 4 7 0.020286275 
517 138 5 8 0.020282842 
551 129 5 7 0.020277338 
244 164 5 5 0.020270763 
430 124 4 5 0.020235013 
686 5 6 11 0.020153923 
307 131 6 7 0.020140482 
246 16 57 79 0.020128608 
130 51 3 7 0.02012796 
417 59 5 6 0.020113638 
247 243 13 10 0.020105204 
272 222 11 12 0.020076845 
86 156 14 13 0.020063678 
417 68 5 5 0.020030506 
494 131 4 4 0.020012196 
602 52 7 9 0.020006418 
