55_Sports_Coach_Trainer_sportcoaching_55_50
25
248 114 174 151 0.99944013 
379 466 47 72 0.87872815 
461 409 37 63 0.08533825 
388 78 26 24 0.08248702 
141 343 175 264 0.05681147 
89 753 43 42 0.044538006 
133 7 8 9 0.040856965 
75 71 8 13 0.039986 
522 559 104 114 0.037276477 
135 3 8 8 0.035036378 
372 -7 39 44 0.031551626 
384 15 19 36 0.027378889 
123 10 6 7 0.027041413 
403 82 13 15 0.025751926 
122 4 6 6 0.02531941 
147 2 9 10 0.025139645 
123 14 6 8 0.025009759 
128 3 5 7 0.023630118 
471 439 33 56 0.023318233 
408 433 65 109 0.021983972 
240 47 21 33 0.021850912 
379 46 38 52 0.021385465 
485 422 24 34 0.020544343 
181 2 6 7 0.020392926 
128 8 6 8 0.02018267 
