55_Sports_Coach_Trainer_sportcoaching_55_45
19
108 194 59 76 0.9970396 
748 235 53 81 0.9969042 
448 198 64 83 0.99585223 
332 218 40 39 0.20829375 
266 550 36 31 0.12082102 
23 244 10 22 0.05948243 
67 242 36 58 0.036108088 
804 247 39 65 0.033911787 
157 193 38 69 0.03283452 
401 528 43 68 0.02825001 
315 442 42 49 0.026836522 
356 231 26 34 0.025447393 
250 563 53 42 0.02462881 
329 269 33 57 0.024073826 
201 547 46 53 0.023536999 
440 496 65 104 0.022333797 
229 545 50 49 0.022129023 
259 537 38 27 0.02065357 
0 494 35 68 0.020289883 
