55_Sports_Coach_Trainer_sportcoaching_55_181
33
773 150 22 32 0.99863726 
266 90 25 34 0.9967115 
407 158 23 24 0.6950992 
254 92 21 31 0.15770596 
465 134 13 20 0.08269456 
683 315 20 27 0.07331939 
705 272 31 43 0.06460347 
334 69 23 33 0.055413164 
410 144 21 26 0.043511268 
369 164 13 18 0.04022806 
85 434 13 11 0.03654695 
770 212 39 55 0.033293072 
933 535 46 47 0.03224845 
966 128 7 13 0.03071375 
60 421 3 4 0.030086322 
66 363 3 3 0.029459469 
247 84 16 38 0.029108128 
468 84 7 12 0.028090158 
449 165 14 14 0.02523914 
76 269 11 17 0.024585033 
423 164 12 15 0.022944758 
67 146 10 15 0.022699207 
1004 481 5 11 0.022345152 
59 369 3 3 0.022170352 
72 421 3 4 0.021597063 
471 87 7 12 0.021460379 
39 426 3 4 0.02145952 
53 363 2 4 0.021447826 
71 424 4 6 0.02140011 
875 561 125 94 0.020643342 
82 433 25 20 0.020574827 
82 424 7 6 0.020459492 
0 362 3 5 0.020185368 
