55_Sports_Coach_Trainer_sportcoaching_55_516
54
585 337 45 58 0.9999256 
374 321 44 54 0.99991107 
687 368 49 61 0.9999026 
472 322 47 57 0.9998994 
114 299 46 57 0.99982005 
251 314 49 64 0.9997439 
775 358 52 64 0.99973565 
573 132 37 49 0.9995864 
772 207 28 36 0.99910223 
320 208 29 38 0.99895716 
503 188 31 39 0.9988103 
379 212 30 39 0.998544 
660 196 36 40 0.9966113 
741 208 25 37 0.996252 
253 210 30 37 0.99488455 
827 191 32 41 0.99445987 
444 191 31 42 0.99288577 
687 327 33 40 0.25059488 
731 309 35 45 0.15631802 
569 350 17 34 0.15401661 
237 239 19 28 0.10343168 
839 282 38 36 0.10193068 
708 316 37 41 0.09272528 
677 339 30 44 0.09035688 
752 318 36 43 0.08531357 
341 322 26 43 0.07129986 
768 314 36 39 0.07090352 
349 495 39 40 0.07055506 
797 316 27 30 0.070155606 
727 213 24 33 0.05441864 
677 302 35 48 0.041164897 
409 300 25 37 0.03982846 
133 -153 442 486 0.036834504 
204 348 32 53 0.036672864 
695 282 18 26 0.036482602 
793 294 40 40 0.033034373 
654 554 16 28 0.030596146 
444 286 35 46 0.030378891 
456 363 12 16 0.030045016 
375 487 46 45 0.027507558 
324 507 50 40 0.027305407 
819 287 40 37 0.027001062 
112 134 41 71 0.025173258 
267 490 27 31 0.02494916 
250 104 7 17 0.024405804 
692 275 36 45 0.02399301 
319 332 35 45 0.02364084 
210 206 23 34 0.02241067 
803 -170 290 387 0.022317443 
243 221 22 33 0.0212081 
758 224 12 18 0.021146944 
684 309 17 15 0.02105499 
760 216 23 30 0.020352233 
224 468 30 30 0.020304823 
