55_Sports_Coach_Trainer_sportcoaching_55_569
153
889 35 54 61 0.9999031 
251 256 42 53 0.99988794 
340 43 47 63 0.99983096 
908 199 45 54 0.9990625 
184 77 53 85 0.99718696 
733 192 58 74 0.99669456 
592 22 18 26 0.9944529 
61 245 19 28 0.9915462 
378 243 19 33 0.98373544 
102 238 21 35 0.9788279 
697 14 15 29 0.7481418 
36 254 9 14 0.5311206 
52 143 19 29 0.40464625 
172 312 22 28 0.37629205 
632 74 11 17 0.29885218 
634 33 6 9 0.29473004 
132 268 14 16 0.27007747 
36 261 10 17 0.20649579 
39 297 20 23 0.18343557 
742 19 17 25 0.16737252 
42 251 9 15 0.1641655 
6 271 6 9 0.16411434 
15 235 5 8 0.14164992 
184 275 7 10 0.13608049 
455 24 63 48 0.12261229 
13 253 6 9 0.11524674 
639 34 7 9 0.10501018 
623 28 5 9 0.10370922 
526 253 118 78 0.101008415 
27 235 6 9 0.101000436 
9 253 5 8 0.09369627 
0 257 4 11 0.09095693 
161 298 13 17 0.08920259 
936 4 39 49 0.087619364 
7 238 6 8 0.08456326 
628 29 6 9 0.080972396 
1 237 4 9 0.0709163 
7 275 7 11 0.07044106 
19 234 5 8 0.06591706 
2 269 5 10 0.064679936 
664 84 9 14 0.06367983 
12 237 6 9 0.058406603 
641 29 6 10 0.057939358 
654 29 5 8 0.05739322 
586 26 13 16 0.05624128 
89 238 7 11 0.055818237 
631 67 11 14 0.055686902 
31 234 8 10 0.054709572 
602 25 11 17 0.052122496 
179 323 22 30 0.04651455 
645 27 7 11 0.046287585 
0 264 6 12 0.046231978 
566 31 11 14 0.045316722 
134 118 10 20 0.044784747 
667 41 7 9 0.044321973 
645 34 7 10 0.044124417 
593 92 13 15 0.043559086 
653 64 19 29 0.042519137 
18 322 19 29 0.04234802 
587 85 11 15 0.03974096 
735 258 25 33 0.03745454 
167 267 8 9 0.0373526 
134 239 8 10 0.036618493 
18 252 5 10 0.036415998 
558 90 35 55 0.035848036 
106 89 33 56 0.03571344 
13 264 7 11 0.035683215 
337 269 9 16 0.03542783 
0 304 6 14 0.035335794 
40 247 7 10 0.034333173 
678 36 6 8 0.033865515 
172 319 11 16 0.033170886 
119 112 24 47 0.033130042 
72 248 12 19 0.03300097 
637 65 10 15 0.032879915 
706 18 16 28 0.032838523 
612 32 8 12 0.031637195 
10 270 7 11 0.031425074 
24 245 7 12 0.031303268 
933 9 22 30 0.031210294 
198 277 6 9 0.030838879 
711 75 21 32 0.03083387 
8 296 8 10 0.03055862 
690 41 6 10 0.030424876 
557 28 6 9 0.03010152 
630 62 10 11 0.03000355 
45 233 5 8 0.029539827 
180 271 9 13 0.029495293 
658 41 6 10 0.028807376 
51 270 9 13 0.028789291 
583 23 9 13 0.028678484 
642 22 5 9 0.028392816 
571 23 11 17 0.028312618 
656 46 8 11 0.02793291 
168 299 12 17 0.02790339 
170 269 8 11 0.027715862 
30 316 9 10 0.02770234 
20 237 5 9 0.027213275 
555 48 6 9 0.02708789 
75 260 8 14 0.026121346 
164 306 19 27 0.026119364 
686 3 5 8 0.02599134 
37 233 6 10 0.025831524 
26 257 7 11 0.02563943 
655 15 6 9 0.025555119 
77 232 6 8 0.025302624 
64 232 8 10 0.024516461 
5 283 8 11 0.024461111 
187 234 5 8 0.02434706 
661 75 18 27 0.024292797 
671 41 6 9 0.02417266 
1 276 5 10 0.024106417 
83 256 7 14 0.024038423 
95 247 10 17 0.023762595 
184 265 8 12 0.023758193 
39 239 6 9 0.023595043 
550 67 7 11 0.023543853 
681 15 5 8 0.023447324 
0 290 5 9 0.023442863 
684 8 7 11 0.023274997 
654 41 7 10 0.023121396 
44 239 6 10 0.023093821 
93 234 17 27 0.022929098 
640 66 19 28 0.022926616 
662 4 4 7 0.0228104 
556 22 7 9 0.022575691 
107 312 11 16 0.022495337 
88 256 8 14 0.022463376 
747 37 10 14 0.022365734 
120 231 9 11 0.022358295 
17 264 8 12 0.022137873 
694 20 6 12 0.021987697 
583 39 7 10 0.021513354 
669 16 4 7 0.02146777 
76 236 9 15 0.021417975 
13 247 6 9 0.021311665 
1 286 4 8 0.02115495 
667 4 5 6 0.021126414 
327 265 21 26 0.020951409 
49 233 6 8 0.020907931 
176 210 22 30 0.020865282 
673 60 6 7 0.020804139 
687 41 5 8 0.020732697 
946 16 43 65 0.020635825 
84 250 16 25 0.020617792 
201 234 5 8 0.020534746 
642 18 4 7 0.020512693 
173 236 8 8 0.020424012 
673 11 4 6 0.020358736 
117 244 11 22 0.020198574 
152 242 7 11 0.020059777 
192 235 5 7 0.020028217 
191 272 6 10 0.020024704 
