55_Sports_Coach_Trainer_sportcoaching_55_932
61
537 66 96 129 0.99993944 
411 178 84 125 0.99989915 
113 149 17 29 0.34756854 
328 227 19 30 0.20806397 
926 428 91 77 0.18493375 
803 464 68 49 0.13266642 
61 228 21 56 0.10204599 
821 362 6 9 0.07546662 
337 231 12 18 0.07401078 
322 233 13 20 0.05944595 
46 217 20 48 0.059115373 
378 253 184 314 0.05592338 
125 160 9 17 0.048630945 
324 216 9 13 0.045066603 
276 162 34 44 0.044932503 
106 165 9 17 0.043234773 
307 264 9 14 0.041586615 
70 164 8 12 0.03940682 
337 205 7 9 0.039401103 
100 165 10 18 0.039314453 
37 361 11 16 0.038814735 
272 260 20 24 0.036873545 
384 199 33 61 0.036154922 
343 145 26 35 0.035377022 
323 236 28 44 0.03533213 
306 151 32 35 0.033416804 
305 229 9 16 0.03149403 
101 146 36 52 0.031022092 
707 52 51 40 0.030149627 
186 139 6 8 0.028605795 
1002 462 28 35 0.02801011 
132 159 19 25 0.026580866 
50 221 6 13 0.026133243 
347 215 7 11 0.025508618 
397 98 30 46 0.025171926 
12 350 7 11 0.025029745 
3 364 11 25 0.02475668 
33 211 4 7 0.02448303 
259 196 40 67 0.024226721 
859 367 4 5 0.023875816 
350 234 8 14 0.023607431 
67 239 30 63 0.023246594 
280 380 9 13 0.02289176 
89 160 7 12 0.022674287 
15 198 4 7 0.022618335 
110 154 10 18 0.022322023 
29 229 16 31 0.022052519 
39 216 4 10 0.021576129 
90 160 18 30 0.021509446 
37 230 4 8 0.02141265 
87 304 9 18 0.021152409 
846 366 4 4 0.02109446 
608 -12 389 354 0.021069644 
53 289 52 113 0.02089818 
13 203 5 9 0.020705834 
2 323 7 13 0.020312248 
858 370 6 7 0.020274248 
824 378 5 6 0.020177163 
144 169 10 12 0.020158818 
5 171 6 10 0.02006519 
311 150 14 13 0.020040778 
