55_Sports_Coach_Trainer_sportcoaching_55_809
59
379 542 71 104 0.9982424 
811 364 88 105 0.99796873 
692 633 45 101 0.99595696 
3 587 38 49 0.43419573 
123 616 22 22 0.39472744 
662 290 50 33 0.38797015 
106 929 29 49 0.19808875 
135 612 33 28 0.09987083 
177 926 64 77 0.09545687 
726 294 33 33 0.06307872 
142 888 53 60 0.06232612 
865 1167 19 19 0.059456497 
75 998 669 508 0.057823975 
42 736 9 15 0.043007948 
198 602 51 57 0.04223808 
21 563 44 64 0.04091227 
576 1032 69 95 0.040790025 
222 830 9 13 0.03864587 
139 735 37 46 0.03748423 
143 694 36 47 0.036181107 
175 826 6 10 0.035910744 
210 613 17 16 0.034887385 
80 1474 66 68 0.033753682 
52 864 42 77 0.032796647 
761 1183 8 7 0.03261095 
597 1281 8 7 0.03258136 
157 840 10 16 0.031275835 
60 1019 8 12 0.030163992 
774 1181 9 9 0.029635977 
973 1036 12 21 0.02925319 
194 648 49 58 0.028300703 
141 594 35 36 0.027210625 
590 1280 9 7 0.026689768 
217 831 8 13 0.026083024 
227 589 53 65 0.025470348 
582 1203 9 8 0.0252088 
54 750 31 28 0.024650674 
339 549 49 76 0.02460198 
197 1182 70 55 0.024134526 
895 99 111 190 0.02391594 
505 863 32 52 0.023904178 
772 1189 11 9 0.023070917 
218 790 32 48 0.023040613 
588 1202 13 9 0.022815272 
608 953 9 12 0.022633756 
161 654 56 60 0.022338826 
123 896 45 58 0.021985652 
40 859 16 31 0.021919375 
12 952 25 41 0.021865848 
71 992 11 20 0.021341879 
46 864 25 50 0.021239283 
593 1205 18 13 0.021179609 
90 804 15 25 0.021090053 
159 620 16 18 0.021086633 
762 1189 8 8 0.021077977 
886 1022 66 119 0.020654306 
114 596 49 55 0.020226866 
528 1222 8 7 0.0201917 
735 1301 8 12 0.020007472 
