55_Sports_Coach_Trainer_sportcoaching_55_298
391
458 142 57 73 0.9985411 
365 557 7 6 0.08170006 
333 549 5 6 0.0674938 
393 434 6 9 0.06514765 
178 448 7 11 0.06440096 
333 546 4 6 0.063867666 
540 416 13 15 0.056015514 
345 555 7 7 0.055452496 
0 408 5 10 0.05315977 
309 606 4 6 0.05308611 
982 666 4 5 0.051987853 
559 456 9 11 0.05179924 
840 469 4 5 0.051714517 
846 404 4 4 0.05164355 
846 500 5 5 0.050140638 
341 552 5 6 0.049963888 
327 550 5 6 0.04884166 
859 513 4 5 0.046801828 
335 621 5 5 0.046540923 
833 461 4 6 0.04598708 
154 436 4 5 0.04502576 
884 386 3 5 0.044863507 
853 455 3 5 0.044034593 
341 556 6 5 0.043869447 
834 455 4 5 0.04350652 
379 435 5 7 0.04278881 
496 465 9 12 0.040632248 
828 474 3 5 0.040344108 
885 390 3 5 0.039610233 
956 398 4 4 0.037944313 
379 548 8 7 0.037450023 
396 464 7 12 0.037339244 
918 450 3 4 0.036930464 
316 608 3 5 0.0369061 
368 559 8 6 0.036834873 
847 449 4 4 0.03670604 
402 465 6 11 0.03658804 
328 621 4 4 0.03582388 
328 569 5 6 0.035745695 
834 480 3 5 0.03562444 
892 385 3 4 0.03524533 
924 462 3 5 0.034429904 
924 455 4 5 0.03434909 
904 442 4 5 0.034322683 
898 456 3 5 0.03429111 
328 546 5 6 0.034119483 
841 455 3 5 0.033747826 
551 189 7 8 0.033691097 
451 537 9 11 0.033669777 
891 397 4 4 0.033549182 
323 551 4 5 0.03324055 
880 385 4 5 0.033234365 
392 531 4 7 0.03320284 
163 435 4 5 0.033038676 
942 449 4 5 0.032966737 
591 419 9 13 0.03288119 
865 481 4 5 0.0327188 
929 456 4 4 0.03259555 
911 456 3 4 0.03227657 
327 597 4 5 0.03199951 
341 388 38 49 0.031950526 
853 486 4 5 0.031822056 
840 397 4 6 0.031741966 
174 411 4 4 0.031740643 
387 455 17 29 0.031735774 
905 436 3 4 0.031569406 
352 324 7 7 0.031453952 
149 430 4 4 0.031442523 
905 430 3 5 0.03143468 
974 423 4 5 0.031402376 
930 449 4 5 0.031173619 
891 379 4 5 0.03095053 
397 475 7 14 0.030804377 
834 468 4 5 0.030738901 
885 423 4 5 0.030498436 
911 443 3 4 0.030448915 
908 464 40 47 0.030437231 
328 538 4 5 0.029853184 
814 506 4 5 0.029840317 
323 622 3 4 0.029614523 
316 302 4 4 0.029586662 
885 436 3 4 0.029397322 
897 423 4 5 0.029345177 
403 469 7 13 0.02895542 
833 449 4 6 0.028926736 
854 608 4 6 0.028872646 
910 467 4 6 0.028841432 
917 455 4 5 0.028833121 
924 473 4 6 0.028781306 
840 493 4 5 0.028750852 
928 473 6 6 0.028724248 
149 447 4 6 0.02870449 
872 514 4 5 0.028676374 
315 604 4 5 0.028616011 
898 429 4 5 0.028586999 
422 464 8 11 0.028524445 
904 398 4 5 0.02847692 
884 455 5 5 0.028405346 
910 480 4 5 0.028287783 
847 475 3 5 0.028222788 
365 552 5 5 0.028176134 
897 480 4 6 0.027858645 
903 487 4 5 0.027852617 
821 462 4 5 0.027819417 
885 448 4 6 0.027801087 
904 480 4 5 0.027765127 
284 321 3 5 0.027594095 
815 513 3 4 0.027552774 
881 314 43 51 0.027487652 
354 571 4 4 0.027398143 
328 308 4 5 0.027393483 
917 462 4 5 0.02734214 
847 443 4 5 0.0273306 
143 320 4 6 0.02725968 
278 289 3 5 0.027178893 
928 469 5 4 0.027175888 
503 461 10 13 0.0271027 
905 456 3 4 0.027095927 
841 461 3 5 0.026996009 
346 583 4 5 0.026977276 
282 233 40 53 0.026894677 
950 506 4 5 0.026868558 
923 449 4 5 0.026840283 
315 564 4 5 0.026803926 
937 449 4 5 0.026746577 
891 392 4 4 0.026741274 
790 754 5 8 0.026723795 
351 555 7 6 0.026675476 
924 469 4 4 0.026609099 
368 429 4 6 0.02654474 
367 434 5 9 0.026543606 
910 461 4 5 0.026535837 
916 487 5 5 0.026520872 
879 443 4 4 0.026516648 
360 556 6 6 0.026366806 
892 436 3 5 0.026366606 
1018 415 6 8 0.026223673 
961 443 4 4 0.02613534 
859 456 4 4 0.025995014 
149 327 4 5 0.025965482 
859 474 4 5 0.02588371 
137 436 4 5 0.025867557 
854 511 4 7 0.025838254 
955 494 5 5 0.025732523 
411 374 298 330 0.025639169 
419 464 6 9 0.02557511 
961 499 5 6 0.025494913 
853 468 4 5 0.025469074 
962 673 4 4 0.025434092 
335 596 4 5 0.025424022 
141 326 5 7 0.025416592 
891 467 5 6 0.025335526 
342 570 4 5 0.025261978 
395 437 8 11 0.02525471 
871 526 4 5 0.025237387 
923 537 3 5 0.025181944 
393 518 4 7 0.02514705 
303 609 4 5 0.025115104 
173 473 5 6 0.025085786 
303 320 4 5 0.02507997 
810 378 4 5 0.025071938 
821 443 3 5 0.025054203 
892 442 4 5 0.025019182 
866 506 4 5 0.02497456 
123 385 4 5 0.02497422 
814 340 4 5 0.024940675 
361 302 3 5 0.024890834 
334 603 4 4 0.024827559 
549 453 6 10 0.024730284 
917 493 4 5 0.024644295 
149 417 3 4 0.024487672 
822 429 4 5 0.024469852 
343 518 4 6 0.024403725 
384 436 4 7 0.024388023 
840 487 5 5 0.024364805 
822 385 4 5 0.02435797 
906 514 44 55 0.024329795 
340 565 4 4 0.02418233 
802 756 4 6 0.024141276 
175 417 4 5 0.024137564 
328 617 4 4 0.024112538 
917 443 4 4 0.02409746 
289 315 4 5 0.024078686 
141 333 4 5 0.023918785 
917 535 5 6 0.023916854 
880 405 3 4 0.023916218 
845 518 5 6 0.023909314 
892 430 3 5 0.023881905 
362 295 3 5 0.023880502 
130 392 4 4 0.023798306 
847 456 4 4 0.023789164 
866 436 4 5 0.023765946 
834 475 3 5 0.023761606 
382 384 29 44 0.02375602 
0 176 6 11 0.023692371 
341 616 4 5 0.023650393 
162 289 4 6 0.023619255 
315 334 4 5 0.02359799 
366 301 4 5 0.02357299 
408 483 6 11 0.023547681 
130 405 4 4 0.023547335 
827 494 4 4 0.023545513 
911 450 4 4 0.023543315 
446 486 18 29 0.02352681 
880 398 3 4 0.023490056 
975 468 4 5 0.023467029 
361 289 3 6 0.023410808 
910 437 4 4 0.02336726 
333 539 4 5 0.023351211 
853 442 4 5 0.023345355 
168 423 4 5 0.023332886 
840 474 4 5 0.023323957 
973 462 5 5 0.023322366 
627 370 16 12 0.023311345 
360 251 4 5 0.023290884 
481 506 12 14 0.023269173 
898 443 3 4 0.023158642 
426 462 10 12 0.023129372 
847 601 4 5 0.023111397 
891 448 4 6 0.023110861 
904 449 3 5 0.023110135 
348 589 4 6 0.023102744 
323 616 3 4 0.02306009 
100 256 43 55 0.023036608 
929 443 4 4 0.023013482 
339 545 17 19 0.022987112 
821 455 3 5 0.022976248 
884 404 4 5 0.022937484 
827 507 3 4 0.022934996 
904 474 4 6 0.02275046 
156 424 4 5 0.022742067 
859 442 4 5 0.022737836 
846 469 4 5 0.022713529 
340 603 4 5 0.022712942 
954 512 5 5 0.02271274 
853 461 4 5 0.022671353 
802 487 4 5 0.022653922 
296 333 4 5 0.02261562 
531 414 11 14 0.022606442 
391 463 9 14 0.022591744 
924 443 3 4 0.022588948 
403 481 6 11 0.02258648 
477 441 38 49 0.022583326 
834 488 3 5 0.02257397 
930 461 3 5 0.022538627 
144 441 3 6 0.02251824 
346 576 4 5 0.022482881 
283 622 5 5 0.022465494 
828 481 3 5 0.022419486 
276 275 3 6 0.022414217 
1011 224 20 30 0.0223983 
826 429 4 6 0.022396857 
379 544 6 7 0.022386122 
821 469 3 4 0.022378929 
44 364 7 9 0.02237677 
354 302 4 5 0.022355113 
321 609 4 5 0.022344403 
0 503 5 10 0.022343963 
853 390 4 5 0.02233754 
796 512 4 6 0.02233151 
321 602 4 5 0.022329614 
898 391 4 5 0.022277012 
865 493 5 5 0.022245256 
296 315 4 5 0.0222397 
352 552 7 6 0.022237444 
10 698 3 5 0.022221934 
872 507 4 5 0.022211282 
148 411 4 5 0.022186069 
47 389 6 7 0.022149578 
367 295 4 5 0.02210163 
0 453 4 9 0.022097507 
836 397 3 5 0.022096168 
892 456 4 5 0.022068154 
346 571 4 5 0.022066424 
321 546 6 6 0.022028597 
802 430 4 5 0.0219937 
136 422 4 6 0.021990754 
827 435 4 5 0.021990186 
617 388 9 13 0.02196433 
847 436 3 4 0.021960303 
834 416 3 5 0.021941204 
328 602 5 5 0.021893607 
916 506 5 5 0.021886269 
853 506 4 6 0.021839494 
841 416 4 5 0.02181555 
137 417 3 4 0.021769255 
130 398 4 5 0.021754285 
936 436 3 5 0.021738077 
891 339 4 6 0.021717686 
882 385 42 50 0.02168727 
879 468 3 5 0.02162084 
827 410 4 6 0.021616139 
347 545 4 5 0.02161005 
924 391 4 5 0.021608455 
352 601 5 5 0.021598108 
340 596 5 5 0.021580776 
968 424 4 5 0.021542162 
1017 348 6 10 0.021496378 
130 447 4 5 0.021478506 
353 576 4 5 0.021464666 
302 616 4 5 0.021449909 
897 461 4 5 0.02143535 
886 418 4 4 0.021416595 
847 460 4 5 0.021414235 
847 596 4 6 0.021403756 
340 621 4 5 0.021399254 
917 513 4 5 0.02138197 
91 653 4 5 0.021372441 
10 742 3 5 0.021354623 
331 569 6 7 0.021327434 
380 524 5 7 0.02132636 
950 511 4 5 0.021297159 
859 450 4 4 0.02125835 
802 493 3 5 0.021253526 
923 544 5 6 0.021223191 
392 525 4 6 0.021211829 
866 462 4 4 0.021197576 
412 408 5 9 0.021197006 
968 435 4 5 0.021193767 
968 442 4 5 0.021141265 
898 417 3 5 0.021136083 
822 507 3 5 0.0211246 
847 346 4 5 0.02111175 
160 282 4 5 0.021105452 
898 287 42 48 0.021096813 
348 595 4 6 0.021073574 
955 403 4 5 0.021054953 
137 411 3 4 0.020945158 
142 398 3 5 0.020899627 
981 475 4 5 0.020882417 
853 481 3 4 0.020869419 
342 546 4 5 0.020866895 
605 455 4 7 0.020860251 
841 481 3 4 0.020857394 
0 753 4 9 0.02085111 
381 544 8 9 0.020850902 
143 340 3 5 0.020841561 
169 411 3 4 0.020829424 
418 459 6 10 0.020764403 
117 391 4 5 0.020763678 
175 405 3 4 0.020758942 
181 379 4 5 0.020752592 
912 506 3 5 0.020749442 
905 423 3 5 0.02074222 
878 513 4 5 0.020737644 
314 544 5 8 0.020728651 
790 314 4 4 0.020710139 
322 321 4 5 0.02070966 
885 480 4 6 0.020692261 
258 308 3 5 0.020681655 
808 481 3 4 0.020628005 
309 543 7 9 0.02062752 
872 493 5 6 0.020616574 
322 308 3 5 0.020598317 
815 462 3 5 0.020559948 
309 564 4 6 0.020549731 
980 661 5 5 0.020537743 
315 596 4 5 0.02053719 
853 602 4 5 0.02049512 
981 455 4 5 0.02047761 
892 417 3 5 0.020474376 
654 396 10 13 0.020459041 
277 321 4 5 0.020445667 
322 538 5 6 0.020430854 
872 391 4 6 0.020388238 
289 328 4 4 0.020384261 
408 490 7 12 0.02036458 
341 302 4 5 0.020363651 
545 454 7 10 0.02036316 
815 519 3 5 0.02036245 
905 404 3 4 0.02034398 
168 417 4 5 0.020340847 
865 500 4 6 0.020325402 
358 563 6 5 0.020271285 
791 322 3 4 0.020267477 
130 442 3 5 0.020265073 
821 404 4 5 0.020260993 
315 308 4 5 0.020260777 
321 335 4 4 0.020258581 
898 405 3 4 0.020235311 
898 436 3 5 0.020229725 
878 456 4 5 0.020229336 
105 686 4 5 0.02021545 
329 610 4 4 0.020188045 
130 411 3 4 0.02017235 
795 429 4 6 0.020163352 
422 453 6 8 0.020140314 
0 567 4 8 0.020093327 
879 378 3 4 0.020083345 
361 519 4 5 0.020017369 
649 736 4 7 0.020016735 
