55_Sports_Coach_Trainer_sportcoaching_55_531
31
459 344 25 35 0.99889565 
531 371 20 33 0.9940481 
679 352 20 21 0.93119603 
1005 97 5 6 0.058434244 
1010 90 4 6 0.05246478 
509 688 11 16 0.04539857 
606 428 18 28 0.04490329 
1010 94 4 8 0.03591732 
673 375 11 14 0.03586478 
1005 101 4 6 0.035590604 
68 677 8 10 0.03304881 
693 353 11 15 0.032252245 
428 501 31 50 0.028944902 
552 421 29 45 0.02881659 
913 470 8 12 0.027992284 
550 393 18 23 0.026824847 
1004 77 5 6 0.02584512 
1034 107 12 22 0.024786567 
1022 94 14 24 0.024087032 
391 52 7 6 0.023351545 
1034 119 12 22 0.022939015 
357 49 10 9 0.02268188 
376 50 8 7 0.02262306 
0 600 4 9 0.022620464 
997 83 6 7 0.022538522 
0 294 6 14 0.022392765 
390 56 7 7 0.0219829 
1034 94 12 21 0.021727126 
575 406 10 14 0.021706667 
595 407 7 12 0.021594338 
555 373 20 28 0.020807432 
