1_Handshaking_Handshaking_1_356
106
128 584 125 175 0.99892837 
666 180 124 230 0.99576604 
310 386 29 35 0.98885417 
602 413 23 35 0.92412204 
274 384 21 37 0.90968543 
572 299 13 22 0.8591177 
605 291 14 21 0.7972048 
430 285 14 22 0.7140776 
260 443 41 38 0.49000278 
660 356 13 22 0.3677354 
492 297 11 15 0.3575056 
257 404 24 34 0.2273769 
450 312 12 14 0.21189038 
506 318 12 19 0.20815818 
618 325 11 19 0.20616972 
144 250 9 16 0.19199099 
544 301 11 17 0.15439516 
540 421 13 19 0.13329582 
283 361 18 20 0.115874715 
408 288 13 16 0.093889914 
510 303 11 14 0.092336275 
645 300 11 21 0.085515685 
797 165 94 224 0.08476204 
290 387 25 34 0.07956727 
536 305 11 15 0.07582199 
145 259 12 21 0.074709326 
503 304 10 14 0.07293903 
285 385 16 29 0.06869482 
245 306 13 14 0.06533618 
531 305 10 14 0.060447756 
611 461 35 45 0.059690617 
106 297 8 10 0.052719668 
414 292 13 16 0.052706808 
501 297 10 14 0.052574284 
405 596 27 38 0.047203008 
487 301 11 14 0.046968993 
558 665 60 71 0.0441543 
105 305 9 14 0.043193333 
401 293 11 15 0.042445205 
355 408 45 55 0.041745175 
770 379 113 185 0.041606393 
537 511 71 107 0.040908605 
289 347 27 30 0.04054467 
492 409 19 19 0.03980171 
305 392 19 23 0.037371006 
378 429 18 19 0.03649928 
571 290 13 18 0.033934712 
501 459 15 21 0.033709705 
551 301 11 18 0.033235706 
576 422 17 24 0.032783043 
585 420 18 25 0.032304306 
254 454 15 22 0.031715564 
220 315 12 12 0.031553432 
246 301 11 10 0.030528655 
345 544 63 73 0.030406302 
67 325 7 11 0.030218357 
585 301 10 19 0.030200612 
654 303 10 18 0.030146498 
240 312 12 13 0.02895744 
49 290 13 13 0.02864021 
629 356 12 22 0.028293211 
415 407 14 26 0.02808692 
356 310 12 15 0.027954295 
634 293 20 34 0.0278007 
469 303 10 13 0.027655475 
248 412 48 53 0.027373662 
598 426 29 46 0.027308553 
631 303 11 17 0.027126476 
644 343 44 74 0.026962643 
64 325 6 9 0.026126217 
310 348 16 24 0.025857048 
524 585 444 686 0.025704456 
562 357 15 23 0.025193017 
403 486 19 14 0.025093501 
541 336 77 91 0.024889322 
634 477 42 58 0.024816457 
84 323 9 13 0.02458096 
617 455 16 21 0.024439191 
333 392 15 25 0.024201144 
567 351 25 33 0.023823071 
519 354 11 19 0.023494687 
79 307 7 10 0.023236133 
611 309 11 18 0.023193596 
91 264 8 12 0.022870576 
741 202 105 191 0.022680173 
535 328 11 17 0.02260712 
37 290 8 10 0.022552095 
476 373 13 18 0.022461284 
192 590 151 171 0.022446347 
558 413 14 26 0.022334792 
221 292 8 9 0.02194333 
657 503 28 40 0.02193498 
520 347 9 14 0.02192297 
252 418 18 20 0.021914886 
516 367 13 23 0.021802539 
568 278 12 15 0.021661082 
537 322 12 15 0.02144972 
476 462 16 22 0.021316303 
79 314 8 11 0.0212766 
138 246 11 16 0.02119134 
513 397 8 13 0.02115478 
92 270 9 14 0.020745669 
500 444 23 31 0.02019268 
472 406 8 14 0.02016805 
35 283 7 9 0.020161359 
519 281 8 12 0.020049226 
