1_Handshaking_Handshaking_1_380
58
679 -21 127 150 0.9749307 
677 648 33 46 0.4447682 
552 595 18 26 0.15869145 
519 98 474 452 0.13142388 
606 652 27 32 0.094802275 
360 261 383 413 0.083949074 
531 651 34 41 0.05766869 
469 300 52 49 0.05728167 
627 638 42 50 0.057085488 
680 641 20 26 0.055897497 
683 4 12 13 0.053138282 
549 643 167 140 0.05232961 
399 661 24 26 0.052058224 
348 68 20 26 0.05026 
540 629 12 15 0.046785325 
434 309 48 61 0.045469142 
323 49 11 15 0.04411578 
539 384 42 60 0.043177206 
620 598 21 24 0.041132573 
617 582 13 14 0.0392483 
629 25 25 37 0.039140116 
398 522 193 199 0.039012633 
328 633 204 163 0.037385635 
191 164 9 15 0.036544506 
699 12 26 33 0.03650132 
289 51 23 26 0.034289572 
487 375 106 96 0.033362143 
74 134 12 17 0.032174844 
622 650 27 29 0.031577695 
631 -48 275 304 0.029973207 
615 580 44 48 0.028951304 
206 104 11 15 0.028364627 
829 -26 102 145 0.027978431 
229 122 12 16 0.027347898 
258 69 9 13 0.027322236 
589 607 22 24 0.027256476 
757 -6 287 351 0.027228756 
654 582 22 30 0.027022073 
576 629 18 29 0.026848366 
453 655 26 37 0.026783932 
323 115 12 19 0.024663296 
69 118 20 28 0.024551608 
312 222 143 189 0.024527831 
450 603 12 16 0.02433936 
644 619 38 53 0.024244716 
196 170 8 11 0.02351856 
655 649 34 45 0.023506673 
73 22 23 28 0.023129193 
87 109 8 10 0.023115575 
116 364 40 49 0.022981392 
544 629 20 24 0.02279385 
642 585 40 50 0.022233704 
521 299 47 40 0.021772895 
289 258 100 98 0.021135174 
272 302 86 142 0.021077916 
87 113 10 15 0.021014703 
554 665 22 28 0.020824442 
435 393 39 50 0.020378605 
