1_Handshaking_Handshaking_1_313
20
634 112 73 115 0.9995505 
256 36 93 147 0.9983889 
-1 341 16 37 0.32264253 
474 421 52 42 0.23834437 
50 389 34 49 0.10194189 
807 118 5 9 0.09839979 
569 406 20 22 0.090958126 
191 55 48 99 0.079035886 
1 393 26 28 0.03991514 
803 131 4 6 0.03529048 
411 173 105 200 0.034364738 
878 37 5 9 0.030538637 
882 14 7 12 0.028936721 
24 390 45 48 0.028385673 
809 147 4 6 0.026985263 
815 141 4 6 0.025151644 
805 133 5 7 0.024352394 
805 128 5 8 0.023782205 
816 135 3 6 0.021848103 
548 183 321 413 0.02172133 
