1_Handshaking_Handshaking_1_801
22
866 39 100 115 0.99987066 
556 77 50 69 0.99979407 
410 23 57 71 0.9996679 
644 42 54 70 0.9989611 
245 62 56 72 0.9989422 
70 59 62 71 0.9982022 
336 80 34 28 0.25775063 
501 79 29 28 0.11285826 
857 244 51 43 0.06274494 
148 90 6 8 0.054378532 
12 123 7 11 0.033614688 
600 238 57 45 0.028873265 
-1 169 26 79 0.027039973 
153 90 7 8 0.026994346 
351 84 18 15 0.02452401 
473 33 401 365 0.024473313 
777 157 207 200 0.023928188 
0 130 3 11 0.023863457 
328 86 27 35 0.02359912 
240 209 39 56 0.023537261 
970 90 13 21 0.0219647 
145 83 18 25 0.020864788 
