56_Voter_peoplevoting_56_953
22
382 142 129 180 0.9998814 
716 205 15 29 0.05536851 
388 98 20 27 0.03751677 
11 1101 142 254 0.03603669 
409 99 21 21 0.034729943 
721 199 13 24 0.03360085 
902 81 128 321 0.03323629 
110 145 14 25 0.032979667 
830 193 15 29 0.030589672 
39 900 15 17 0.027616737 
681 183 18 33 0.025046155 
886 209 16 35 0.024905084 
444 95 16 18 0.023611888 
14 -26 136 268 0.023063513 
139 90 14 28 0.023058092 
990 209 15 27 0.022684835 
919 206 13 25 0.022094768 
431 61 16 25 0.021344237 
936 214 18 31 0.021293357 
976 733 9 10 0.020984586 
248 -2 21 16 0.02086866 
134 815 509 861 0.02047868 
