56_Voter_peoplevoting_56_819
21
750 205 44 57 0.9998665 
601 393 43 56 0.999845 
275 614 47 58 0.9998217 
114 425 46 63 0.9995472 
289 353 42 47 0.9993906 
642 188 48 60 0.9987821 
483 440 38 42 0.998085 
856 225 43 51 0.9978301 
397 466 33 48 0.90630287 
323 620 39 45 0.071628846 
981 218 23 26 0.051121168 
933 217 25 32 0.046248954 
350 474 9 17 0.03372133 
222 410 41 39 0.033096533 
805 193 30 50 0.029096292 
493 611 42 53 0.028764402 
620 591 75 102 0.026913952 
-5 699 32 74 0.026151111 
732 647 26 27 0.02572246 
454 614 36 45 0.025674712 
16 432 9 17 0.021403722 
