56_Voter_peoplevoting_56_764
35
133 103 343 332 0.9835992 
428 158 294 404 0.7569143 
161 260 407 322 0.64767265 
764 200 291 419 0.12786756 
362 84 11 10 0.06528635 
300 9 331 405 0.04799053 
4 -43 328 432 0.036942575 
254 83 10 13 0.036694486 
826 75 8 11 0.03523973 
239 55 18 25 0.03422494 
363 79 8 8 0.034171436 
637 28 401 383 0.032247204 
374 82 9 10 0.031167101 
298 79 8 7 0.03058632 
385 85 7 6 0.029622063 
283 84 10 9 0.027457496 
222 80 24 22 0.027127264 
283 55 36 43 0.02703726 
961 18 15 24 0.02663135 
746 77 12 12 0.026390532 
298 82 9 10 0.026200965 
294 84 8 8 0.026073989 
359 81 22 18 0.025929926 
306 37 35 46 0.025811367 
282 80 7 7 0.025267662 
244 84 9 10 0.025056768 
501 76 8 10 0.02324651 
326 61 10 16 0.022910554 
228 213 141 146 0.022566618 
245 88 10 12 0.021171052 
42 240 10 16 0.021112937 
604 61 33 54 0.020855755 
90 79 7 8 0.020486388 
815 62 8 12 0.020323366 
403 86 9 8 0.020318253 
