56_Voter_peoplevoting_56_641
23
450 271 113 155 0.97324187 
326 272 70 100 0.7899938 
734 107 57 103 0.60630375 
646 431 287 407 0.2741571 
284 278 78 87 0.09977423 
402 303 70 95 0.073363096 
290 157 61 41 0.056100372 
118 324 231 442 0.05566985 
402 316 30 43 0.054999426 
216 22 46 97 0.03998683 
367 288 73 94 0.039098877 
836 356 31 26 0.037311543 
704 115 29 53 0.03497635 
39 435 20 39 0.03160842 
511 265 32 39 0.03141052 
83 513 17 36 0.031329356 
1009 456 24 51 0.027762726 
1021 464 35 71 0.02751194 
827 157 28 54 0.024479294 
260 292 58 71 0.022244414 
547 268 27 27 0.020604193 
427 218 57 49 0.020531323 
359 418 287 380 0.020519182 
