56_Voter_peoplevoting_56_620
70
128 187 51 74 0.99913627 
291 201 29 51 0.99730957 
366 197 23 34 0.9961467 
813 124 42 70 0.99009717 
542 209 15 24 0.41351625 
343 243 24 31 0.3447842 
246 246 17 28 0.34382495 
459 255 10 16 0.34119055 
499 231 18 25 0.28805494 
454 234 8 16 0.2572953 
167 160 24 29 0.2560658 
479 226 16 29 0.20280406 
417 193 11 19 0.09814079 
529 217 19 25 0.096306056 
452 247 14 24 0.07734662 
248 324 46 68 0.07385959 
473 264 8 13 0.06848389 
444 236 15 30 0.06621147 
595 131 64 134 0.057611816 
359 255 14 19 0.04996325 
448 233 8 16 0.049473982 
551 217 13 17 0.047086783 
477 239 11 19 0.04388122 
477 258 8 14 0.042945996 
504 277 21 37 0.04138171 
410 272 31 52 0.041197453 
214 370 7 10 0.040388368 
477 283 10 18 0.03675305 
472 249 9 17 0.03610988 
491 238 15 26 0.034842413 
493 325 8 10 0.034815785 
465 252 8 16 0.034373697 
780 100 8 10 0.034364797 
334 210 22 37 0.034213915 
487 251 8 13 0.032003954 
240 242 11 21 0.031999588 
467 270 8 13 0.03166523 
469 279 19 32 0.030389968 
485 270 10 14 0.030379653 
535 211 13 18 0.029904801 
508 396 8 15 0.029184073 
242 514 20 30 0.029087638 
530 198 21 28 0.02735943 
497 226 12 19 0.026397808 
454 261 9 16 0.026071724 
524 222 12 17 0.02496088 
469 266 17 25 0.024637707 
766 176 7 12 0.024286905 
281 218 7 16 0.023932943 
144 161 42 55 0.023698859 
478 269 9 15 0.023463553 
664 168 7 11 0.023434531 
367 215 14 26 0.02336853 
492 211 9 18 0.02320423 
458 269 9 15 0.02295174 
769 93 20 20 0.02288292 
240 252 27 47 0.022495912 
434 233 18 34 0.02247493 
466 277 9 14 0.02186182 
463 258 15 23 0.021802777 
164 329 28 24 0.02178144 
488 210 17 32 0.0216625 
254 341 27 32 0.021639759 
362 239 18 30 0.021216188 
496 252 12 18 0.020694807 
235 343 9 13 0.020223357 
259 405 10 14 0.02019137 
386 198 19 29 0.020156946 
473 253 15 24 0.020135585 
189 347 13 15 0.020002535 
