56_Voter_peoplevoting_56_13
19
968 155 22 24 0.9787894 
814 89 28 44 0.95606476 
978 202 19 28 0.15707873 
733 248 19 24 0.07863899 
879 279 20 19 0.066562876 
707 323 9 15 0.04980044 
958 201 19 40 0.048212636 
816 345 23 42 0.046597123 
38 68 6 13 0.039946787 
82 35 4 6 0.03939065 
174 195 3 5 0.03628964 
83 40 4 6 0.029805409 
24 13 330 465 0.025748042 
915 291 8 12 0.024501732 
274 198 5 6 0.023469353 
170 162 5 7 0.022520544 
133 283 21 39 0.021751221 
187 211 5 6 0.021714775 
718 318 6 10 0.020223368 
