56_Voter_peoplevoting_56_410
232
270 469 17 20 0.9569216 
177 433 17 21 0.9503233 
471 432 17 20 0.9320697 
121 452 17 18 0.9295936 
550 449 15 15 0.9292311 
492 445 16 19 0.92073846 
743 477 17 17 0.9031724 
57 444 18 24 0.89100283 
322 440 15 22 0.8773728 
194 422 17 26 0.87198627 
214 458 16 22 0.8003615 
95 435 17 22 0.77193314 
285 436 15 23 0.7526382 
368 436 15 16 0.7231499 
825 429 20 20 0.7141603 
282 424 17 23 0.68250805 
30 419 20 33 0.6775491 
422 428 18 24 0.6733021 
613 464 17 18 0.63633883 
690 467 22 32 0.5338724 
931 459 20 23 0.42313492 
238 455 13 18 0.36800757 
120 418 11 15 0.33927506 
145 442 14 22 0.2925303 
321 416 12 14 0.25863042 
424 450 12 21 0.25438204 
85 433 21 18 0.22026807 
644 460 12 15 0.21007456 
171 58 25 23 0.20502742 
322 62 23 24 0.18927725 
96 454 11 16 0.17773825 
509 429 12 16 0.1685213 
528 428 12 16 0.16374493 
249 60 24 23 0.15384303 
868 461 24 33 0.14919531 
586 421 11 18 0.14285186 
811 462 22 24 0.13865489 
222 440 17 21 0.120732516 
150 417 17 25 0.10575884 
172 423 12 17 0.10461097 
573 447 11 14 0.10260402 
936 427 16 16 0.100322045 
600 424 10 12 0.09942832 
504 435 11 15 0.097056076 
809 474 26 28 0.08494143 
348 444 11 18 0.084637694 
413 442 16 24 0.08193114 
512 448 11 16 0.080526665 
255 413 10 17 0.07750093 
431 405 10 15 0.07369786 
78 468 13 18 0.071326785 
402 424 10 16 0.06971145 
596 447 12 18 0.06860094 
803 445 11 19 0.0679603 
605 437 11 14 0.067388825 
513 424 12 15 0.067109406 
439 431 11 19 0.06639227 
330 436 16 24 0.06356786 
226 434 16 18 0.062795356 
140 413 18 21 0.06257114 
318 425 17 22 0.06210922 
565 459 13 20 0.062037747 
449 431 11 13 0.060494464 
250 478 12 15 0.060113 
80 444 21 22 0.056049947 
360 416 12 15 0.055358447 
189 466 17 23 0.055179834 
34 476 26 44 0.054733623 
380 433 11 16 0.05419445 
586 464 12 16 0.053162817 
414 431 10 16 0.052931383 
501 442 11 17 0.05130743 
430 438 12 19 0.051120285 
406 441 13 21 0.050795183 
317 448 19 31 0.049799364 
406 404 11 17 0.048692424 
803 426 17 22 0.04843245 
270 415 11 17 0.04798408 
299 435 9 17 0.04710719 
308 443 17 26 0.046873014 
388 395 11 15 0.04619082 
368 423 12 15 0.04605362 
866 448 20 29 0.04478446 
877 449 20 32 0.044617288 
242 409 16 23 0.043870877 
816 491 69 89 0.043380655 
459 426 8 11 0.04324008 
444 451 12 18 0.043060716 
730 34 12 10 0.043055933 
110 446 17 20 0.043042626 
824 402 10 16 0.042709146 
408 467 11 20 0.04217005 
644 470 13 19 0.04201222 
579 445 10 16 0.041979752 
357 422 11 15 0.041937802 
273 419 15 23 0.041876595 
358 413 9 10 0.041557577 
328 456 18 30 0.041295186 
354 436 11 17 0.040658157 
278 74 28 26 0.03985313 
637 450 18 22 0.039835863 
73 452 14 16 0.03873326 
406 428 11 17 0.038365662 
669 397 26 42 0.038313575 
893 417 19 30 0.037942898 
553 -49 332 424 0.03759098 
464 453 10 19 0.03729937 
618 413 12 16 0.0371581 
811 452 16 23 0.03712884 
652 482 28 44 0.03676151 
420 463 17 25 0.03672109 
534 462 13 18 0.036465034 
344 468 16 28 0.035939265 
114 416 12 15 0.03574813 
539 446 39 52 0.0351374 
232 440 14 17 0.03493537 
299 423 9 16 0.034657203 
287 466 11 19 0.03449306 
847 469 38 47 0.034116194 
133 415 12 15 0.033950534 
34 412 15 17 0.033890236 
542 437 10 14 0.033752833 
161 413 11 19 0.033578135 
104 449 13 18 0.03309101 
267 438 13 21 0.03308227 
854 467 12 18 0.03297304 
871 500 43 53 0.03200283 
407 377 8 15 0.031990446 
289 419 13 16 0.031531963 
367 444 18 28 0.03127461 
962 447 17 21 0.031075172 
159 424 13 23 0.030789632 
296 446 18 26 0.030741788 
385 420 11 16 0.030682296 
17 443 16 27 0.030470455 
514 450 16 22 0.030262828 
533 434 12 14 0.030197727 
857 442 17 26 0.030187495 
591 473 11 18 0.029984785 
605 456 18 23 0.029341428 
381 452 9 17 0.029221775 
447 415 10 14 0.028992405 
405 417 12 15 0.028631544 
832 436 19 23 0.028538063 
430 402 6 9 0.02848029 
490 427 11 15 0.028446684 
622 421 11 20 0.028433273 
143 423 18 25 0.028073292 
184 470 11 17 0.02800004 
925 462 34 37 0.027559744 
124 373 6 10 0.027110223 
460 435 10 15 0.026761668 
888 443 19 30 0.026603775 
376 437 16 25 0.026493803 
550 457 15 17 0.026372306 
222 430 12 16 0.026318707 
544 440 17 20 0.026131028 
764 27 21 17 0.026124159 
348 471 31 50 0.026028994 
897 475 12 14 0.025400758 
439 484 16 26 0.025159314 
441 437 17 24 0.025102887 
266 461 15 20 0.025025696 
0 247 16 31 0.024978548 
408 391 8 13 0.024968373 
926 468 13 14 0.024966875 
48 397 14 18 0.024879642 
830 449 24 30 0.024651347 
738 494 13 15 0.024582246 
920 438 20 24 0.024556248 
523 425 11 16 0.02454829 
387 439 11 19 0.024490213 
818 439 23 27 0.02439325 
790 32 14 12 0.024348097 
335 431 13 18 0.024244368 
259 419 12 19 0.024106555 
170 497 13 20 0.023898115 
24 435 20 32 0.023894532 
354 446 11 18 0.023636548 
751 28 13 10 0.023553561 
445 425 11 15 0.023463199 
238 434 12 16 0.023453275 
375 425 11 14 0.023389155 
214 473 15 24 0.023184942 
281 446 16 24 0.023127003 
813 426 20 23 0.023112936 
467 440 17 22 0.023049207 
802 454 62 81 0.023034919 
171 332 8 14 0.022987284 
527 381 5 11 0.022951676 
332 472 11 19 0.022890678 
765 489 10 13 0.022869324 
303 437 15 26 0.022729998 
953 62 24 36 0.022686316 
317 468 11 22 0.022585684 
453 458 15 25 0.022432864 
638 432 31 42 0.022415059 
571 457 12 18 0.022348851 
341 435 12 20 0.022317136 
585 442 11 17 0.022220543 
452 424 9 13 0.022198483 
841 462 14 20 0.022082226 
694 490 28 39 0.021933693 
236 467 15 22 0.021797957 
663 372 12 21 0.021720286 
121 383 9 18 0.021671465 
65 442 32 37 0.021509636 
452 490 10 18 0.021366805 
75 433 19 21 0.021344498 
199 418 12 17 0.021319034 
610 431 11 16 0.021307787 
95 53 24 23 0.02128166 
840 430 12 15 0.021230366 
893 463 13 19 0.021080445 
413 422 10 14 0.021074932 
528 449 11 15 0.020873394 
555 420 10 15 0.020859035 
214 429 11 17 0.02081531 
636 448 10 15 0.020802332 
392 425 16 24 0.020769358 
209 431 11 19 0.020760378 
310 470 11 21 0.020522458 
414 458 11 18 0.02049123 
175 473 12 15 0.020393573 
200 472 12 17 0.020344218 
925 448 20 26 0.02021985 
678 447 55 73 0.020215224 
226 452 13 20 0.020209132 
41 422 19 26 0.020108012 
557 467 19 30 0.020056445 
727 38 12 12 0.020005312 
130 424 18 24 0.02000374 
