56_Voter_peoplevoting_56_873
96
483 181 104 127 0.998895 
290 534 472 550 0.0933397 
959 1361 14 16 0.09086376 
751 1420 9 10 0.089814276 
891 1342 12 16 0.08469618 
602 1312 16 19 0.07612786 
808 1408 12 14 0.06378355 
790 1415 13 16 0.063455634 
760 1353 16 14 0.0632323 
669 1295 14 15 0.055615056 
762 1430 14 15 0.05512893 
664 167 9 15 0.052447453 
744 1359 16 15 0.048438113 
792 275 9 17 0.04787787 
636 1286 15 16 0.045074075 
806 1419 11 15 0.042836722 
653 1381 16 13 0.04273873 
763 1408 12 13 0.041244704 
734 1421 10 11 0.04098352 
597 1327 29 43 0.040065605 
614 1304 13 15 0.039093122 
799 1418 10 13 0.03895584 
1009 120 11 26 0.03871353 
742 1421 9 10 0.037957653 
781 1412 12 12 0.037499387 
766 1403 12 12 0.037098423 
411 1261 16 16 0.036770497 
677 1247 12 13 0.035838384 
251 665 11 22 0.03531018 
983 1363 8 10 0.03487405 
677 1384 11 9 0.033769242 
109 767 8 14 0.033120025 
968 1360 13 15 0.0331107 
602 1293 17 17 0.03280664 
720 1433 8 9 0.032574177 
646 1265 11 12 0.03237279 
599 1304 14 17 0.032293126 
751 1433 8 10 0.03202659 
743 1463 13 13 0.029583989 
722 1418 11 12 0.029383713 
868 1463 12 18 0.02917408 
712 1374 12 12 0.029034564 
956 1352 29 31 0.027778154 
701 1423 9 11 0.027647238 
703 1429 10 12 0.027575664 
984 1372 10 12 0.02753227 
675 1390 13 12 0.027519146 
1003 118 10 25 0.027512342 
133 1383 15 12 0.027441036 
19 1442 46 46 0.027429145 
129 778 6 8 0.027386598 
821 1424 12 18 0.027131835 
804 285 6 11 0.026261892 
736 1431 8 9 0.026204709 
770 1422 11 12 0.026107673 
790 283 9 19 0.026039649 
759 1347 13 12 0.025876336 
749 1414 10 11 0.025869757 
253 448 7 12 0.025392778 
366 1276 15 13 0.025325403 
742 1412 10 11 0.025202207 
661 1257 11 14 0.025194397 
742 1432 8 9 0.02471089 
603 1314 32 34 0.024559952 
354 1276 16 13 0.024009975 
798 277 8 14 0.023744557 
110 749 6 10 0.023712566 
701 1489 13 9 0.023528604 
667 1289 10 12 0.02348742 
867 648 13 24 0.023459828 
887 1516 7 12 0.02313067 
934 429 165 355 0.02302734 
729 1410 14 13 0.022413548 
915 1247 12 14 0.022158206 
656 1261 13 17 0.022037484 
374 1424 47 33 0.02202661 
613 1296 14 13 0.022019379 
719 1394 14 13 0.021901034 
311 459 7 11 0.021855738 
886 1296 13 14 0.021849457 
730 1399 15 13 0.02169637 
741 1442 9 9 0.021620845 
296 1325 14 13 0.021350697 
783 1403 10 11 0.021313822 
716 1423 8 8 0.02124818 
603 1341 12 18 0.021035757 
648 1373 31 26 0.020785717 
884 662 27 43 0.020674596 
735 1442 9 9 0.020649446 
715 1479 11 11 0.020617172 
623 1304 13 14 0.020609584 
721 1411 14 12 0.020485746 
669 1409 14 12 0.020367155 
394 146 10 20 0.020350346 
712 1399 15 14 0.020328222 
748 1390 13 13 0.020128503 
