56_Voter_peoplevoting_56_346
47
467 183 150 191 0.9999325 
203 13 14 22 0.13250467 
584 518 139 163 0.114408806 
100 6 11 17 0.06380856 
462 470 12 20 0.060864568 
364 16 14 22 0.053723108 
527 1154 51 67 0.053356536 
561 849 373 590 0.048659436 
225 33 19 19 0.046748254 
287 5 13 19 0.04323977 
554 1150 54 68 0.04258 
367 12 10 14 0.040691834 
174 16 16 22 0.040488344 
544 632 18 22 0.03697426 
419 496 39 79 0.035889212 
19 1 10 11 0.035235945 
74 15 13 19 0.032268707 
127 0 8 8 0.031866547 
535 122 26 24 0.03053857 
587 578 12 21 0.030497886 
346 9 8 12 0.029274186 
15 0 8 10 0.02895265 
494 -4 33 33 0.028946415 
502 563 12 17 0.028751424 
33 0 11 11 0.028307866 
321 1184 10 22 0.026755441 
622 531 15 23 0.0265951 
321 1223 12 23 0.026564233 
337 10 10 14 0.026419703 
-67 341 450 703 0.026333705 
360 15 10 17 0.026176784 
20 8 9 16 0.025426688 
307 15 14 19 0.025219873 
119 13 10 17 0.025172202 
464 609 37 45 0.025039185 
282 1 10 9 0.02458055 
100 1 9 9 0.024570229 
1012 1175 10 25 0.02454575 
370 0 7 8 0.02447892 
137 9 8 14 0.023079956 
231 15 18 17 0.023076441 
119 0 9 8 0.022286182 
426 500 14 31 0.022129856 
70 26 12 18 0.021778485 
231 1 12 10 0.021182101 
620 1054 30 52 0.02102968 
22 12 11 21 0.020428633 
