56_Voter_peoplevoting_56_305
102
72 229 26 35 0.9981881 
438 201 32 54 0.9753278 
766 288 40 82 0.15700951 
526 410 5 8 0.1344784 
525 424 5 8 0.06034851 
682 295 30 59 0.057542186 
533 397 4 8 0.055615082 
525 428 7 9 0.051496077 
547 417 5 9 0.05089577 
527 391 3 7 0.05078879 
517 417 5 9 0.049389724 
519 422 5 8 0.049081277 
532 429 7 9 0.04706842 
550 421 6 10 0.045721244 
735 255 44 61 0.04406659 
527 415 5 8 0.043088242 
899 405 4 6 0.03846538 
530 416 5 7 0.038326133 
507 392 3 7 0.038216554 
1020 398 5 8 0.038010642 
889 423 5 7 0.037555117 
904 410 4 7 0.037272695 
931 399 4 5 0.03670755 
539 410 4 8 0.03657125 
545 411 5 8 0.03655854 
504 422 6 8 0.035899892 
526 405 4 8 0.03532819 
1007 399 4 6 0.034304023 
848 398 4 6 0.034135073 
734 276 81 138 0.033905037 
827 405 5 6 0.033876136 
235 551 16 34 0.033811 
501 410 5 7 0.0333824 
527 396 4 8 0.03272191 
539 404 4 7 0.032654755 
532 393 4 7 0.032580577 
860 397 4 6 0.03254292 
1012 405 4 5 0.031926345 
530 411 5 7 0.031852636 
1000 405 4 7 0.031280167 
514 409 5 8 0.031137014 
520 409 4 8 0.028998857 
1007 404 4 6 0.02850139 
501 392 4 7 0.028037496 
527 387 3 5 0.027929304 
1020 410 6 8 0.027692646 
522 392 3 6 0.027541265 
968 405 5 7 0.027533947 
886 418 4 6 0.027531961 
1021 403 5 8 0.027417855 
822 404 4 6 0.027018914 
536 425 6 8 0.026600048 
493 396 4 7 0.026528485 
1006 423 5 7 0.026367117 
519 404 5 9 0.02633049 
507 397 4 6 0.02612191 
936 399 3 5 0.026065744 
867 363 3 6 0.026053503 
832 411 4 6 0.025729451 
500 429 5 6 0.025013981 
539 416 5 8 0.024299504 
999 409 5 7 0.024154367 
1020 421 7 9 0.024129676 
531 403 5 8 0.024126329 
521 397 4 7 0.024077065 
995 405 4 6 0.023813713 
539 398 4 7 0.023707535 
865 398 4 6 0.023706397 
520 429 5 8 0.023620987 
504 416 6 10 0.02356947 
852 356 3 6 0.023390952 
885 398 3 5 0.023202203 
1021 404 15 23 0.023042224 
829 410 4 6 0.02300718 
871 362 4 7 0.02249349 
54 259 13 20 0.022299103 
911 416 4 7 0.022175387 
853 399 3 6 0.02209741 
861 395 3 4 0.022064127 
841 399 3 5 0.022052534 
897 418 4 6 0.021994112 
502 425 4 6 0.021870002 
515 421 6 9 0.021676483 
514 398 3 6 0.02143351 
1021 417 15 22 0.021370808 
924 405 4 6 0.021337837 
833 406 4 5 0.021328479 
893 398 3 6 0.021314519 
890 419 4 6 0.021292457 
887 422 4 8 0.021283805 
833 431 5 8 0.021148462 
963 398 3 6 0.021115359 
1020 392 6 8 0.020956162 
918 405 3 5 0.020768505 
672 321 17 36 0.02066396 
930 404 4 7 0.020613465 
641 391 4 7 0.02060624 
551 409 5 10 0.020584825 
1001 399 4 5 0.020428818 
841 412 4 6 0.020397307 
469 405 5 6 0.020118088 
873 399 3 5 0.02009492 
