56_Voter_peoplevoting_56_459
78
740 89 37 48 0.9992254 
241 87 36 55 0.9988293 
866 84 32 49 0.9689146 
497 81 17 38 0.9290672 
355 76 26 41 0.90107167 
969 158 20 23 0.7659671 
89 42 21 45 0.65076315 
638 97 32 39 0.6067604 
760 334 9 13 0.21048836 
101 46 29 46 0.15460654 
739 353 7 13 0.15418427 
765 416 6 11 0.11709758 
724 209 10 16 0.096742585 
994 114 6 9 0.09625239 
813 136 19 21 0.093960755 
889 204 27 26 0.09195252 
966 186 22 27 0.08314276 
769 389 7 12 0.07866037 
125 37 23 43 0.07425919 
319 75 41 41 0.07085041 
835 178 10 19 0.06968526 
402 126 35 43 0.06966152 
743 413 5 9 0.06088995 
284 212 20 29 0.05706321 
499 79 8 23 0.05519822 
50 270 8 15 0.053512365 
742 311 6 9 0.050570447 
625 90 21 35 0.046399217 
860 73 19 43 0.044180166 
111 77 31 63 0.043515675 
806 210 9 15 0.042370383 
836 160 22 30 0.041814156 
748 367 6 10 0.038843997 
583 138 23 26 0.038367994 
648 78 27 45 0.035792693 
725 367 7 11 0.03568147 
747 316 8 11 0.035523847 
758 372 7 11 0.03524446 
744 316 6 9 0.034409214 
183 155 17 28 0.033869367 
709 163 6 9 0.032603804 
529 79 30 51 0.03192331 
626 100 11 19 0.03169706 
743 365 6 10 0.03146351 
860 139 5 8 0.030506084 
747 414 4 8 0.029419959 
775 414 4 7 0.028850643 
779 288 9 13 0.028629402 
46 319 15 31 0.028144743 
159 251 5 9 0.028112404 
742 409 4 7 0.028111901 
851 166 8 9 0.027416086 
748 361 6 11 0.027327875 
89 52 10 26 0.026810294 
760 378 7 13 0.02663983 
272 166 34 37 0.025885701 
547 116 8 13 0.02569961 
824 146 10 14 0.0255874 
183 175 19 29 0.025579572 
829 156 11 12 0.025406571 
755 433 5 7 0.025300162 
815 372 22 23 0.025036016 
744 242 7 8 0.02483572 
515 72 29 47 0.024352675 
317 88 21 33 0.024309235 
611 106 18 27 0.02419511 
439 113 82 92 0.023509836 
177 182 13 18 0.02282848 
758 376 14 25 0.022787744 
270 423 3 4 0.022506265 
49 347 394 326 0.022338735 
209 151 8 9 0.021957519 
820 176 22 33 0.02163668 
122 56 21 43 0.02162632 
547 477 23 28 0.021615805 
774 419 5 7 0.021129427 
869 58 7 12 0.020488758 
963 200 12 20 0.020427044 
