30_Surgeons_Surgeons_30_932
22
380 117 283 395 0.99981946 
355 941 57 109 0.14593619 
579 1469 12 14 0.039059944 
0 1012 583 542 0.035813857 
699 1468 5 7 0.029412726 
487 1468 11 17 0.028058983 
490 910 40 68 0.026486274 
188 206 4 9 0.025209337 
197 188 4 8 0.02463292 
188 216 4 8 0.0235509 
-140 450 477 648 0.023090431 
197 215 4 9 0.023066076 
197 206 4 9 0.022459347 
178 216 4 8 0.02222136 
168 206 5 8 0.021856014 
178 206 4 8 0.021782197 
178 225 5 8 0.021726448 
197 178 4 9 0.020734565 
187 225 4 8 0.020634614 
206 206 4 9 0.0202479 
197 197 4 8 0.020243429 
178 197 4 8 0.020068383 
