30_Surgeons_Surgeons_30_491
18
306 98 172 181 0.98340154 
549 124 139 195 0.15956236 
606 431 114 229 0.15114686 
1001 421 12 18 0.10082513 
396 538 139 203 0.098172374 
716 25 138 191 0.0893235 
620 516 51 89 0.047977418 
734 55 80 95 0.031815805 
592 -9 289 326 0.02714174 
597 475 13 32 0.026615607 
600 181 65 67 0.025626373 
726 742 16 30 0.024853453 
744 471 73 105 0.024168804 
779 392 49 46 0.023538444 
537 395 259 384 0.023408666 
645 526 78 104 0.02196366 
202 571 71 137 0.021386795 
419 513 99 117 0.021306673 
