30_Surgeons_Surgeons_30_696
43
505 167 197 343 0.99835443 
134 1200 37 45 0.08965658 
438 783 36 45 0.06347443 
213 889 9 8 0.06305383 
213 896 10 8 0.058270197 
172 894 10 10 0.049616408 
205 890 8 8 0.03942397 
301 924 7 7 0.03882358 
203 897 7 7 0.036037713 
192 855 8 6 0.035060722 
53 686 515 575 0.034179866 
170 889 10 11 0.032565117 
222 897 9 8 0.031544045 
349 932 11 14 0.029425418 
178 895 10 10 0.02934697 
204 879 7 7 0.028692855 
181 888 10 11 0.028234398 
215 904 10 9 0.028148709 
319 928 9 9 0.027975306 
172 907 10 8 0.027195184 
753 456 524 754 0.027092887 
810 1229 37 38 0.026669757 
809 57 34 60 0.025617057 
195 898 8 8 0.02520895 
179 908 9 8 0.02502951 
28 918 43 41 0.024757879 
510 162 18 27 0.024670355 
51 919 10 11 0.023033595 
191 888 9 10 0.022857899 
1016 891 6 7 0.02254289 
49 933 17 16 0.02241688 
309 924 7 7 0.021649608 
308 928 10 8 0.021554615 
161 897 8 9 0.021442404 
147 62 36 62 0.02132604 
973 903 6 7 0.020983864 
291 930 8 7 0.020734152 
231 54 36 64 0.02071355 
148 896 9 10 0.020626854 
116 897 11 10 0.020501364 
221 889 8 8 0.020397421 
125 1207 27 27 0.02037691 
126 895 13 11 0.020142574 
