30_Surgeons_Surgeons_30_554
44
766 217 46 51 0.9885033 
846 218 67 68 0.9424301 
46 280 52 53 0.9415849 
213 217 69 100 0.8573069 
16 -53 362 310 0.65458643 
662 338 83 92 0.568087 
479 228 47 49 0.54876775 
398 248 18 31 0.47961897 
513 234 34 35 0.40143046 
375 259 15 16 0.25794572 
329 274 19 25 0.14109303 
69 275 54 72 0.121988095 
651 422 41 61 0.08590872 
47 295 28 26 0.07929063 
367 259 14 16 0.07805109 
386 669 28 33 0.06285146 
266 476 12 19 0.058863804 
35 305 42 46 0.05481194 
505 531 61 45 0.053084005 
347 261 40 52 0.047774516 
642 347 49 63 0.046027478 
362 262 12 17 0.043518603 
605 529 36 50 0.039435565 
555 428 41 66 0.034594115 
351 310 35 46 0.034371432 
952 356 50 54 0.03392028 
247 228 28 37 0.032970395 
179 215 70 83 0.032022484 
384 254 16 24 0.031857908 
454 474 37 60 0.0310232 
757 333 34 53 0.030695247 
625 547 78 141 0.029367507 
871 247 55 70 0.027679307 
767 244 42 57 0.026665326 
30 334 36 34 0.026616618 
340 276 11 17 0.025614431 
295 479 45 42 0.02516266 
655 -149 358 283 0.024754975 
257 241 14 19 0.024319714 
511 408 67 109 0.023377564 
568 203 254 324 0.02315669 
221 198 153 171 0.02264342 
313 473 11 11 0.020098956 
471 120 32 31 0.020088505 
