30_Surgeons_Surgeons_30_256
19
318 431 139 173 0.9897183 
292 232 99 137 0.673028 
702 203 41 61 0.45932248 
656 469 150 153 0.4083448 
34 347 147 130 0.34762883 
721 205 20 35 0.26318908 
444 72 99 90 0.18531905 
691 171 139 175 0.06536791 
545 51 18 28 0.06109411 
353 125 338 369 0.06096253 
718 152 51 37 0.049620025 
41 89 171 160 0.045294903 
469 381 64 64 0.04439858 
609 363 270 319 0.04325285 
682 209 80 94 0.03876433 
996 330 22 32 0.032565884 
513 225 66 54 0.03158277 
427 73 10 16 0.023193106 
803 518 9 16 0.022913698 
