53_Raid_policeraid_53_619
31
712 317 70 101 0.9996952 
225 320 66 90 0.9987325 
443 118 53 78 0.99750704 
756 111 62 79 0.9927308 
747 652 103 137 0.82008654 
853 285 66 104 0.36015233 
387 151 36 62 0.067765 
400 616 24 26 0.064604826 
180 537 43 38 0.058231592 
554 516 21 38 0.053680915 
782 351 19 28 0.04938957 
377 430 42 64 0.046832997 
104 414 14 15 0.041917056 
168 512 46 41 0.03910577 
438 337 76 129 0.0390406 
379 414 361 455 0.03888549 
434 619 19 21 0.033036605 
698 573 80 91 0.031061465 
651 30 113 146 0.029363709 
-3 418 38 74 0.028969297 
831 289 54 73 0.028022489 
-25 175 312 504 0.026590899 
289 334 19 31 0.026384762 
640 532 27 35 0.02619788 
708 764 47 53 0.02598326 
826 266 16 12 0.024725925 
311 461 43 44 0.024610998 
554 148 51 97 0.02341471 
754 456 82 110 0.02316983 
822 266 29 24 0.022902777 
406 109 40 64 0.021030083 
