53_Raid_policeraid_53_340
58
459 42 39 50 0.99906224 
555 112 50 67 0.9982539 
492 326 10 19 0.21434279 
34 244 380 409 0.17550121 
405 263 369 421 0.11185929 
453 191 72 103 0.10861678 
730 -33 300 491 0.096226566 
761 68 11 14 0.076795824 
902 54 26 31 0.075611085 
631 431 430 333 0.07395606 
560 100 278 445 0.061682295 
441 286 9 19 0.049609322 
180 35 3 5 0.042922396 
95 305 192 226 0.039040957 
180 43 5 6 0.033360597 
596 124 36 60 0.033248838 
200 36 3 6 0.032448664 
117 390 13 12 0.030656565 
174 56 3 5 0.030590968 
193 55 4 6 0.029241875 
142 56 3 4 0.029088778 
605 119 10 21 0.028500339 
617 150 45 58 0.027635865 
593 109 23 44 0.027522447 
187 35 4 5 0.027468145 
174 35 4 6 0.027322186 
193 42 4 6 0.02718571 
200 41 3 6 0.026963327 
180 30 3 6 0.026296904 
186 56 4 5 0.025916591 
173 61 4 6 0.025477525 
108 382 19 23 0.025464168 
180 47 5 6 0.025284266 
232 43 3 5 0.024214318 
167 62 4 6 0.023890514 
193 36 3 5 0.023823198 
205 36 4 5 0.0233481 
440 266 8 17 0.023307225 
382 156 66 122 0.023304082 
193 49 4 5 0.023240583 
206 30 3 5 0.02299837 
187 62 3 5 0.022574823 
308 10 3 6 0.022511752 
168 55 3 6 0.022337696 
238 43 3 5 0.021894272 
180 56 4 5 0.02160824 
200 30 3 5 0.021580884 
618 158 75 102 0.021205846 
741 231 26 31 0.021186007 
187 31 3 5 0.021100298 
174 30 3 6 0.021034366 
10 423 19 26 0.020583633 
185 43 5 5 0.020340787 
232 49 3 5 0.020311544 
167 66 4 6 0.020248776 
185 48 4 5 0.020229409 
199 49 4 5 0.020193232 
314 10 4 6 0.020060262 
