53_Raid_policeraid_53_543
73
580 188 99 123 0.9998468 
74 259 45 47 0.9933873 
732 223 52 68 0.9930561 
165 162 21 27 0.9802096 
-7 171 47 97 0.9777119 
51 167 21 22 0.9459648 
527 285 22 25 0.91888 
792 222 46 79 0.9172557 
397 255 26 44 0.7684126 
87 197 19 18 0.69045675 
487 291 16 23 0.66659904 
925 618 94 85 0.4589316 
509 318 31 47 0.13758266 
548 303 19 27 0.12259815 
296 282 12 17 0.11662255 
156 299 22 26 0.10968075 
674 210 34 56 0.103135906 
539 288 12 17 0.09073639 
138 280 11 20 0.08544331 
450 287 18 26 0.080933854 
715 231 40 57 0.079322875 
366 252 38 54 0.078443535 
540 346 22 29 0.073461466 
661 163 11 17 0.0672192 
93 212 12 16 0.058365427 
392 192 12 19 0.049767863 
49 251 40 44 0.048225995 
152 338 21 30 0.046916693 
335 100 6 16 0.045700558 
522 281 15 18 0.040724628 
531 333 20 31 0.039459784 
800 228 20 32 0.039104495 
119 199 32 42 0.038621787 
548 289 10 14 0.038185365 
389 195 19 39 0.03688955 
197 271 9 15 0.035997547 
559 309 13 18 0.035685763 
872 606 145 203 0.034944117 
131 197 13 21 0.033608083 
287 261 40 53 0.032937 
464 292 10 15 0.03283171 
692 228 37 55 0.032167964 
184 209 9 14 0.032133058 
536 342 11 17 0.03123312 
424 304 40 57 0.030866766 
1017 202 15 29 0.029900244 
41 222 43 45 0.029485105 
223 220 128 174 0.028610801 
-11 133 108 147 0.02801218 
88 235 25 33 0.027782997 
563 306 20 28 0.026734713 
475 286 20 26 0.025817584 
925 276 36 38 0.025785673 
450 282 14 16 0.024879737 
584 635 19 33 0.024813136 
202 271 9 16 0.024355387 
146 309 34 50 0.024208587 
105 248 36 48 0.02411778 
976 644 63 83 0.023765102 
183 257 21 38 0.023439549 
433 288 28 33 0.023150012 
42 160 39 41 0.02265079 
710 246 25 27 0.022644872 
483 640 10 20 0.022618335 
414 220 9 16 0.022269223 
259 246 63 98 0.022072708 
24 177 49 62 0.021341063 
328 61 5 8 0.021200735 
557 238 17 26 0.021177161 
19 210 41 58 0.020862611 
287 287 20 27 0.020559289 
553 314 20 29 0.020522788 
521 275 14 14 0.020130247 
