53_Raid_policeraid_53_178
54
884 276 33 42 0.87757283 
673 180 160 206 0.39063025 
579 113 83 97 0.25186893 
624 119 47 70 0.10750256 
316 468 196 272 0.098814026 
148 407 39 68 0.08213331 
392 266 31 48 0.074420616 
869 283 33 42 0.073015615 
-18 337 255 413 0.07287338 
990 105 9 12 0.06581048 
547 105 67 95 0.04621132 
99 370 20 36 0.046084635 
1047 137 9 14 0.044389382 
175 282 14 17 0.042865187 
407 275 32 52 0.04258508 
141 254 35 46 0.040710434 
325 357 43 41 0.038298994 
229 298 9 13 0.037634816 
171 338 35 51 0.037317924 
284 285 12 18 0.037170168 
1020 114 6 8 0.03591525 
1043 145 10 17 0.032063235 
66 293 18 28 0.031745818 
1019 100 6 10 0.030056933 
1055 146 10 16 0.029302478 
1056 160 9 16 0.026892455 
979 95 9 9 0.026458431 
1020 120 6 10 0.02644263 
1020 81 5 10 0.025841583 
1057 136 9 15 0.025031043 
967 91 5 5 0.024834974 
748 168 264 370 0.023892708 
386 283 23 39 0.023745859 
883 245 64 87 0.02342302 
254 327 12 18 0.023355547 
1050 126 8 12 0.023150925 
536 95 39 86 0.022598803 
140 415 22 39 0.022244528 
1058 123 8 15 0.022234833 
876 440 31 29 0.021903198 
1021 87 5 10 0.02182536 
1035 86 10 16 0.021724634 
1035 73 10 16 0.021497637 
980 90 8 8 0.021223228 
1035 99 10 15 0.021201914 
1005 95 7 8 0.020930015 
955 90 5 5 0.020895045 
1005 108 7 8 0.020699508 
4 173 24 31 0.020574743 
1020 108 5 10 0.020571006 
930 257 140 237 0.020565202 
349 361 39 43 0.020495292 
70 312 10 20 0.020364337 
1020 126 6 9 0.020307168 
