53_Raid_policeraid_53_364
19
760 59 51 65 0.9987883 
132 39 57 103 0.9981989 
474 73 62 95 0.9972161 
968 48 63 84 0.9918006 
622 93 35 40 0.97788507 
676 231 30 30 0.2592635 
673 190 48 40 0.21115515 
649 222 33 50 0.11165948 
707 565 36 38 0.056098983 
812 93 19 39 0.044899363 
882 76 30 61 0.042656846 
844 180 21 26 0.034724284 
700 192 51 45 0.026478611 
662 203 42 47 0.023326874 
603 54 16 29 0.022984415 
226 458 47 65 0.021603562 
701 243 43 50 0.021305116 
441 383 10 18 0.02102103 
720 586 37 42 0.020183636 
