53_Raid_policeraid_53_14
23
502 0 42 40 0.9993742 
361 223 62 75 0.99902534 
543 262 58 76 0.9571348 
768 -11 51 45 0.8762145 
427 203 18 36 0.13190816 
688 128 27 33 0.093031846 
545 303 260 403 0.08792595 
543 256 24 40 0.042144187 
1003 252 61 121 0.039220907 
351 575 94 80 0.037629403 
693 454 11 13 0.037288956 
301 0 15 10 0.03233278 
344 9 10 14 0.03089838 
558 0 25 19 0.027094139 
246 385 277 331 0.025060551 
705 557 85 86 0.02441749 
506 359 170 234 0.024237897 
301 -1 10 5 0.02350728 
575 259 49 62 0.022815412 
491 185 164 194 0.022023 
426 19 35 48 0.02169918 
432 200 11 20 0.02129544 
688 592 62 60 0.021182716 
