36_Football_americanfootball_ball_36_38
41
721 75 59 75 0.9962555 
371 21 61 72 0.9923735 
525 54 46 66 0.9861173 
922 113 22 33 0.5702689 
962 100 20 31 0.47059456 
773 109 35 53 0.4055342 
531 311 41 56 0.25096527 
155 100 25 28 0.15836601 
857 408 118 211 0.10716297 
537 276 42 59 0.09826991 
497 78 32 55 0.06818406 
877 134 30 45 0.058215536 
155 118 26 28 0.043305315 
542 184 37 53 0.042419724 
1013 242 14 28 0.042075705 
908 119 18 32 0.0389512 
143 610 20 31 0.038094446 
521 203 38 56 0.03534573 
440 11 18 25 0.033153087 
220 192 11 20 0.031378333 
523 456 31 61 0.030629259 
369 57 30 44 0.029132778 
934 104 30 46 0.028607758 
557 197 38 54 0.027330464 
587 202 48 52 0.026861899 
-1 245 319 464 0.025330814 
361 508 21 30 0.02517202 
931 109 13 20 0.024652537 
766 551 10 10 0.024646817 
116 185 27 51 0.024389267 
701 72 42 59 0.023907756 
643 47 40 54 0.023701387 
405 26 44 53 0.02224084 
317 86 29 53 0.02222283 
118 462 150 165 0.022116115 
199 189 30 48 0.022002809 
1016 313 16 30 0.021771263 
544 229 36 60 0.021508535 
509 226 35 49 0.021031277 
464 68 33 51 0.020740133 
742 550 18 13 0.020272478 
