36_Football_Football_36_62
24
312 115 42 58 0.99985003 
775 140 45 59 0.9998147 
439 183 46 69 0.99740595 
810 114 39 49 0.9312092 
126 576 46 47 0.317384 
498 186 34 46 0.15040858 
867 400 45 74 0.09969551 
287 128 20 29 0.07957351 
12 75 31 54 0.056077138 
999 322 40 74 0.054246753 
499 311 125 213 0.046780344 
805 100 36 35 0.04565767 
258 332 110 192 0.032266513 
57 259 7 13 0.030841863 
654 316 166 249 0.028883507 
472 183 30 48 0.027753664 
495 118 12 17 0.024803218 
295 117 22 33 0.0240048 
67 241 8 16 0.023828216 
812 369 17 14 0.022813933 
939 231 23 38 0.021944262 
403 40 54 50 0.021907521 
236 95 31 41 0.021362934 
460 527 44 53 0.020489506 
