36_Football_americanfootball_ball_36_487
1681
806 334 22 27 0.9974559 
285 79 9 14 0.9853896 
167 238 13 16 0.98462796 
115 50 9 16 0.98306656 
204 231 13 17 0.98208594 
657 180 9 15 0.9774669 
113 88 11 15 0.9769081 
47 255 13 17 0.97640854 
82 256 13 16 0.9763658 
514 198 11 14 0.9750965 
176 98 10 15 0.97392523 
843 3 11 14 0.9734666 
823 210 12 15 0.97062206 
547 196 9 14 0.9703836 
697 118 9 13 0.9648498 
71 194 11 17 0.961997 
413 234 11 14 0.9595486 
277 163 10 14 0.9579931 
626 5 11 15 0.9579549 
95 91 10 15 0.9558756 
12 144 11 16 0.9552143 
562 10 9 13 0.9547086 
585 221 11 14 0.95462537 
292 158 12 16 0.95369565 
715 127 10 14 0.95296186 
859 147 11 15 0.95240444 
863 106 9 14 0.9510333 
145 168 13 14 0.95085603 
977 101 10 15 0.9498159 
625 73 9 13 0.94655466 
871 230 11 16 0.9444725 
276 198 11 16 0.9427466 
538 111 9 14 0.93867815 
960 174 11 14 0.93565995 
766 112 10 12 0.9328335 
318 51 9 14 0.93237895 
797 327 20 26 0.9306492 
101 201 10 14 0.9305135 
397 251 10 15 0.93008727 
908 120 11 17 0.9287666 
842 211 12 14 0.9253914 
768 192 9 15 0.9241296 
421 107 9 15 0.9208718 
868 42 9 12 0.92071635 
914 55 11 13 0.9197131 
479 34 9 14 0.91932166 
598 135 10 13 0.91884315 
922 181 9 14 0.9187728 
227 77 12 16 0.91683775 
356 180 12 15 0.9099494 
951 118 9 12 0.9079206 
130 46 9 14 0.9067271 
83 65 9 15 0.9031569 
885 19 11 16 0.9020373 
676 96 10 12 0.90167654 
298 182 9 15 0.90139884 
880 125 10 15 0.90111196 
507 98 9 13 0.8998481 
719 233 11 15 0.89604485 
194 174 11 14 0.8947992 
203 72 10 15 0.890522 
371 97 12 16 0.88865876 
382 46 10 13 0.8853653 
231 233 13 15 0.881983 
885 163 11 14 0.88177013 
382 67 10 13 0.8802508 
674 239 10 15 0.87711596 
7 216 10 15 0.87687135 
339 83 13 18 0.8713345 
224 252 12 16 0.8699145 
506 71 9 13 0.8653937 
606 44 9 15 0.8641641 
178 70 11 15 0.8624216 
622 183 11 14 0.86098796 
535 196 11 15 0.85934687 
841 173 11 16 0.8590512 
139 25 11 15 0.85773313 
977 171 10 15 0.8575768 
41 133 9 17 0.85699797 
29 235 10 16 0.85561806 
525 246 13 15 0.8555591 
88 222 13 15 0.8534465 
1005 99 9 13 0.8530947 
689 182 9 13 0.8517104 
30 18 9 15 0.85142064 
565 99 9 14 0.851264 
775 242 10 17 0.8502822 
87 108 10 15 0.8502655 
682 109 10 13 0.8495846 
906 189 11 13 0.8492104 
318 184 12 17 0.84916776 
430 188 9 15 0.8464109 
274 104 9 13 0.84569913 
322 255 11 14 0.8455958 
175 48 10 13 0.84288687 
106 9 9 12 0.84216005 
60 52 11 15 0.8420638 
899 89 10 12 0.8419016 
912 232 11 14 0.84034735 
223 3 11 12 0.8385538 
99 243 14 15 0.83854485 
32 103 10 16 0.83807164 
796 91 9 14 0.8377138 
555 222 12 13 0.8344921 
438 28 9 12 0.8336643 
83 30 10 17 0.83231795 
771 32 10 12 0.8299467 
976 123 10 14 0.8284988 
451 36 9 13 0.82661647 
185 15 9 13 0.82616234 
749 248 13 13 0.8245636 
659 207 9 15 0.8228223 
673 59 9 13 0.82254666 
87 180 9 15 0.81881636 
945 85 10 12 0.8170413 
942 142 10 14 0.8142397 
292 258 13 15 0.81217366 
671 80 8 11 0.8095748 
919 210 11 14 0.80899024 
452 57 11 14 0.8066838 
417 254 12 15 0.80562574 
265 36 9 12 0.8017249 
41 57 10 16 0.8004981 
58 155 10 16 0.79776824 
101 157 11 13 0.79745656 
388 231 12 16 0.7960605 
662 110 9 12 0.7954965 
527 22 9 15 0.79217136 
249 104 10 16 0.79160184 
258 72 9 13 0.7900048 
927 119 9 12 0.7869454 
912 77 11 14 0.7854881 
575 39 9 13 0.7788046 
12 66 10 15 0.77815056 
639 107 11 13 0.7775394 
463 85 9 13 0.7767775 
10 35 9 14 0.77636075 
971 10 9 11 0.7749496 
787 35 10 12 0.76894873 
839 45 12 13 0.76486945 
843 89 10 13 0.7624478 
993 103 8 13 0.76058203 
608 243 12 15 0.7573707 
574 191 10 17 0.75582916 
143 105 10 15 0.7493749 
285 5 9 13 0.74484384 
732 244 9 13 0.744011 
168 119 12 15 0.74302095 
764 144 9 12 0.74164677 
644 89 9 11 0.74016654 
931 14 9 13 0.7381724 
376 250 10 15 0.73795545 
102 175 11 14 0.73621374 
195 6 10 10 0.7332623 
489 200 10 13 0.7289648 
65 223 13 15 0.7286895 
64 90 9 13 0.7239501 
162 17 11 12 0.72167844 
60 140 10 14 0.7211712 
578 109 10 16 0.7181747 
600 88 8 13 0.7175454 
568 219 11 15 0.71291953 
825 169 10 15 0.7039298 
15 91 11 15 0.70125884 
258 117 11 17 0.6984074 
702 76 10 13 0.68646705 
359 272 11 14 0.682729 
228 137 10 16 0.6819224 
235 23 10 12 0.6815119 
896 225 12 15 0.6787108 
424 29 8 12 0.67483675 
534 84 9 13 0.67418444 
884 46 12 12 0.6739645 
884 204 11 15 0.67371064 
337 280 10 17 0.6675831 
128 138 11 14 0.6632879 
975 7 9 13 0.6625338 
362 3 9 12 0.65861154 
325 105 10 14 0.65604854 
633 133 9 12 0.6527158 
157 85 12 16 0.65165734 
452 113 10 13 0.6507071 
709 9 9 17 0.6504006 
1011 147 9 14 0.6489399 
736 73 9 12 0.64890206 
551 96 8 15 0.6458945 
691 75 9 11 0.6381245 
700 188 9 12 0.6361601 
589 31 8 13 0.6336197 
596 3 10 13 0.63268495 
222 93 8 13 0.6296953 
941 103 12 13 0.62440544 
160 61 9 12 0.623492 
7 258 8 13 0.6169988 
511 5 7 9 0.61313015 
641 46 9 13 0.6113328 
326 133 11 20 0.60963684 
60 7 12 16 0.6093654 
662 29 9 14 0.6092566 
757 176 9 14 0.6075146 
868 286 13 19 0.60306525 
920 21 8 11 0.6030198 
325 343 16 26 0.6021683 
300 52 9 12 0.6001576 
349 123 18 23 0.5983212 
873 177 10 12 0.59697354 
728 199 9 13 0.5938901 
314 272 15 24 0.590765 
192 84 8 14 0.5874394 
253 158 10 15 0.58725506 
789 200 9 14 0.5861815 
649 112 10 13 0.5829824 
938 224 11 13 0.582667 
153 124 10 13 0.5817388 
870 205 9 14 0.581718 
102 34 10 14 0.5781367 
977 144 9 13 0.57454103 
503 41 8 12 0.572525 
798 221 10 12 0.56884485 
310 12 9 14 0.5684429 
566 143 11 15 0.56741387 
850 129 10 15 0.5598663 
873 313 20 23 0.55240655 
466 132 10 14 0.55182505 
367 238 11 14 0.55029196 
293 287 17 20 0.5497726 
882 80 12 13 0.54131943 
925 276 14 15 0.5362018 
57 102 10 13 0.53591543 
797 52 10 12 0.5358441 
435 92 11 14 0.53393245 
754 262 10 13 0.53060186 
992 3 10 13 0.52717096 
611 120 9 12 0.52601534 
234 46 10 14 0.5252551 
791 172 10 14 0.5251109 
58 303 12 20 0.5210302 
85 151 10 14 0.51844597 
126 31 9 15 0.5182232 
81 15 9 13 0.5172293 
4 305 19 26 0.5154448 
498 40 9 13 0.51485157 
426 142 11 14 0.51394653 
1001 173 12 19 0.5035997 
118 253 11 15 0.50333935 
66 177 12 15 0.50294065 
79 137 9 13 0.5029227 
40 93 10 14 0.49739817 
941 172 12 14 0.49448583 
652 76 10 11 0.49099353 
921 39 9 12 0.48774233 
43 120 8 12 0.4873329 
742 173 10 14 0.4838149 
542 61 8 13 0.483606 
908 13 9 13 0.4815571 
338 60 10 14 0.47293904 
722 87 9 12 0.4724595 
583 73 8 13 0.47148657 
25 169 9 15 0.47017384 
524 65 7 12 0.46886685 
924 96 10 13 0.46513328 
1 122 8 16 0.45719135 
630 97 9 13 0.4553549 
786 134 8 15 0.4542322 
30 148 10 17 0.45255533 
705 95 9 12 0.4473482 
966 249 22 24 0.44107857 
0 70 7 15 0.43717256 
986 228 12 14 0.4333154 
727 111 10 14 0.43212757 
723 34 9 14 0.43043604 
617 100 10 12 0.4302376 
615 315 18 28 0.42996293 
321 68 9 13 0.4284703 
825 134 10 14 0.423291 
502 280 12 18 0.42161593 
614 145 12 14 0.4182402 
229 153 11 16 0.41652742 
451 131 10 13 0.41445005 
427 64 11 15 0.4130537 
860 79 9 12 0.4115105 
697 247 15 15 0.40720552 
445 81 8 11 0.4021707 
633 205 9 16 0.4007182 
809 36 9 11 0.39992505 
916 165 11 15 0.3976544 
0 54 7 14 0.3938456 
838 270 16 14 0.3897101 
392 85 9 15 0.3877158 
29 173 9 14 0.38767117 
10 106 8 13 0.3846124 
30 8 9 14 0.3844242 
233 92 8 12 0.38357046 
54 12 11 14 0.38105288 
568 258 12 16 0.3746707 
465 0 9 12 0.3673244 
1001 39 11 14 0.3653665 
519 40 8 11 0.36219412 
400 285 13 19 0.3609365 
393 13 9 12 0.35691372 
482 285 13 18 0.35542858 
399 131 10 17 0.34952703 
898 195 13 13 0.3470826 
309 169 11 14 0.34664208 
184 34 8 11 0.33954978 
606 88 9 12 0.33498955 
258 239 13 16 0.33340555 
261 248 13 17 0.3328905 
349 48 8 12 0.33111998 
390 176 12 14 0.33094895 
708 76 9 12 0.32698253 
420 47 9 12 0.3269087 
114 102 11 16 0.32592735 
737 122 9 13 0.32405835 
632 230 9 16 0.32341626 
101 141 10 13 0.31067112 
395 91 9 14 0.30919278 
950 124 12 19 0.30820784 
542 130 10 13 0.30704415 
288 213 11 14 0.3070321 
534 260 14 16 0.30647865 
588 309 13 19 0.3051034 
299 104 11 14 0.3049769 
228 119 8 12 0.3016124 
266 160 9 14 0.3001076 
141 246 12 15 0.29912964 
948 36 8 12 0.29642522 
644 201 10 16 0.29448095 
400 92 9 17 0.29223907 
557 28 9 12 0.29142356 
306 90 9 15 0.2871015 
240 291 13 15 0.27816683 
613 104 10 12 0.27643228 
22 308 10 18 0.27642214 
66 23 9 13 0.2748286 
459 285 18 23 0.27223825 
24 79 10 14 0.27142248 
809 41 9 14 0.2700787 
270 147 10 15 0.26970872 
285 289 14 14 0.268262 
284 234 11 13 0.26759058 
703 208 9 13 0.26368672 
100 267 15 26 0.26221204 
211 119 9 13 0.26198775 
690 241 9 11 0.2607443 
820 116 10 12 0.2605721 
730 6 9 15 0.26039115 
645 16 10 15 0.25878465 
829 179 10 16 0.25808918 
828 89 10 13 0.25660354 
328 39 10 13 0.2562744 
479 132 11 14 0.25445023 
212 5 10 10 0.25364056 
314 26 9 12 0.25353 
728 91 10 13 0.25339237 
767 162 9 13 0.25162157 
898 276 17 15 0.25089827 
255 79 11 16 0.25063422 
773 1 8 12 0.24926472 
541 10 8 12 0.24838726 
495 127 12 14 0.2459419 
88 37 10 17 0.24578027 
781 16 8 12 0.24546945 
625 223 11 18 0.24457476 
805 47 9 13 0.24430852 
1001 28 9 12 0.24109255 
263 295 12 14 0.2376347 
698 30 8 12 0.23726626 
952 24 9 12 0.23625484 
195 29 10 14 0.23584023 
191 32 9 13 0.23503265 
496 15 8 11 0.23423867 
293 66 9 13 0.23321764 
856 75 10 12 0.23205744 
766 168 9 17 0.2319764 
768 87 12 13 0.23171191 
338 180 12 16 0.23166414 
45 67 9 16 0.23004298 
652 55 9 11 0.22784187 
884 11 9 13 0.22289707 
417 181 11 13 0.2216309 
260 57 10 14 0.22161904 
333 60 8 14 0.21984324 
126 112 10 13 0.21976766 
384 284 10 17 0.21783051 
611 9 10 17 0.21764909 
1013 246 12 18 0.21762589 
651 147 12 13 0.21628685 
170 345 11 19 0.2157229 
551 33 7 11 0.21563512 
505 4 8 11 0.21511178 
937 7 10 13 0.21253191 
554 48 9 13 0.2108417 
300 72 9 14 0.21057242 
0 215 5 14 0.2105407 
41 163 10 16 0.20891412 
28 314 10 16 0.20756419 
38 178 10 16 0.20327702 
645 225 8 17 0.2030332 
330 252 12 13 0.20253356 
556 42 8 12 0.19981658 
489 224 14 15 0.19849524 
565 123 10 14 0.19845971 
778 58 9 14 0.19749278 
36 97 10 15 0.19606693 
835 29 11 14 0.19606283 
86 206 10 14 0.19603984 
937 230 14 17 0.19599093 
928 243 11 15 0.19507878 
943 47 10 14 0.1943944 
28 32 9 16 0.19438916 
864 65 11 14 0.19411609 
543 290 17 22 0.19175641 
965 105 9 12 0.19157697 
506 21 7 11 0.19046144 
515 321 13 20 0.18834986 
299 16 7 12 0.18826513 
956 52 9 14 0.18722588 
733 316 11 16 0.18496136 
717 194 10 14 0.1832173 
253 231 11 14 0.18027401 
344 10 7 10 0.18008639 
812 62 8 10 0.17986931 
824 87 10 12 0.17889531 
776 304 16 17 0.17804313 
62 35 10 14 0.17610303 
874 211 10 14 0.17580977 
17 121 11 14 0.16875961 
759 84 11 13 0.1684077 
85 342 13 17 0.16796263 
946 23 9 11 0.1678305 
55 109 11 17 0.16697335 
4 245 9 14 0.16620325 
913 16 10 12 0.16444604 
446 100 11 14 0.16413593 
65 213 12 13 0.16354546 
939 92 12 12 0.1632476 
582 130 9 12 0.16281046 
21 87 11 17 0.16213393 
262 105 9 14 0.16115549 
196 54 11 13 0.16102202 
163 36 9 11 0.1605816 
330 119 9 17 0.16017841 
279 58 9 14 0.16002612 
260 158 9 15 0.15728742 
913 320 12 18 0.15684955 
330 14 8 11 0.15444292 
542 2 8 10 0.15436374 
362 240 12 16 0.15357019 
682 321 9 18 0.15242748 
88 10 9 12 0.15240534 
1004 22 8 12 0.15091422 
183 63 9 12 0.15040839 
810 278 14 15 0.14991976 
735 356 9 15 0.14811367 
155 78 9 15 0.14789411 
500 3 7 10 0.14723109 
912 9 11 12 0.14669399 
86 189 10 16 0.14534105 
464 181 10 14 0.14387825 
757 247 10 13 0.14342816 
676 12 10 14 0.14238094 
898 108 11 13 0.14179994 
127 105 9 12 0.14159355 
733 275 13 18 0.14108613 
844 257 13 13 0.14086962 
948 227 11 13 0.14086169 
490 233 13 17 0.14085911 
854 124 11 16 0.14067253 
980 232 19 22 0.14058258 
15 243 12 17 0.13998255 
550 49 7 11 0.13976648 
438 41 9 12 0.13815048 
198 65 10 13 0.13802803 
348 294 14 17 0.13734534 
426 287 12 15 0.13689984 
466 18 7 9 0.1354973 
135 29 9 13 0.13507591 
579 36 8 13 0.13415913 
744 276 13 18 0.1326943 
220 218 13 15 0.13196352 
752 325 10 18 0.13162434 
94 19 10 14 0.1297176 
584 103 9 13 0.12955004 
344 54 10 14 0.12928183 
386 43 9 13 0.12897934 
233 218 14 14 0.1286192 
785 160 10 13 0.1285642 
941 253 18 23 0.1283487 
93 9 8 13 0.1275244 
602 178 9 16 0.12729213 
705 281 14 19 0.12522426 
951 142 11 16 0.125042 
240 2 8 13 0.124843106 
676 65 9 13 0.12443205 
811 161 9 12 0.12398682 
942 23 7 10 0.12324011 
136 252 15 19 0.12274823 
290 78 10 15 0.122698255 
818 83 10 13 0.12050256 
760 7 7 12 0.11954757 
1018 22 9 13 0.118829176 
1017 119 9 14 0.11855757 
795 274 12 16 0.11737286 
541 27 8 12 0.117267564 
761 289 11 17 0.11615169 
599 110 9 11 0.11565692 
231 51 10 13 0.1150947 
663 254 15 23 0.11478246 
607 110 10 12 0.11470385 
831 79 10 12 0.11438089 
18 53 9 13 0.11407275 
618 135 11 13 0.11227163 
573 1 8 12 0.11157786 
944 110 11 13 0.1115447 
350 76 11 14 0.11118631 
318 259 15 23 0.110294595 
778 72 10 15 0.10993302 
247 59 8 13 0.108868316 
658 222 11 21 0.10846066 
140 47 8 13 0.107129194 
47 279 14 21 0.10695201 
156 72 10 14 0.10685872 
49 148 7 14 0.10684234 
0 114 5 12 0.10552946 
730 135 10 14 0.105253465 
594 47 8 14 0.10399374 
336 120 10 17 0.10362138 
834 232 14 15 0.10343406 
99 151 11 14 0.10281816 
776 65 11 15 0.10271974 
433 109 11 16 0.10167904 
805 123 10 16 0.10146032 
728 29 9 14 0.10131724 
911 114 10 11 0.101199396 
0 285 6 17 0.10119114 
119 110 9 11 0.09965527 
36 287 10 19 0.09940316 
733 196 10 11 0.09839823 
813 204 9 13 0.097466126 
707 206 8 12 0.09738803 
650 226 9 17 0.0967317 
248 82 10 14 0.096425906 
213 67 9 13 0.096363835 
200 4 10 10 0.095957026 
803 107 11 13 0.09569115 
960 0 9 8 0.095069975 
698 77 8 12 0.09414459 
139 286 17 21 0.09334925 
763 80 11 12 0.092442155 
949 160 10 15 0.09215674 
361 19 10 13 0.09168113 
392 55 10 14 0.09166586 
1017 68 8 12 0.09130047 
892 42 10 12 0.09107105 
782 275 12 15 0.09088897 
763 339 10 15 0.09068534 
331 1 9 11 0.09053613 
445 189 9 14 0.09052025 
946 67 8 10 0.089754075 
145 64 8 13 0.08966205 
588 4 9 12 0.089628816 
539 340 19 31 0.089537255 
716 99 8 11 0.08894857 
572 42 8 11 0.08826569 
521 280 13 19 0.08807487 
817 144 10 12 0.08794151 
861 280 15 19 0.08783163 
728 213 10 16 0.0877137 
734 14 10 16 0.08730377 
703 221 11 15 0.086989686 
483 318 17 29 0.08696081 
451 94 11 14 0.086622335 
463 333 11 21 0.08653177 
462 19 6 8 0.08644653 
880 60 9 12 0.08637468 
734 257 10 12 0.086246446 
479 10 9 10 0.08618788 
575 59 9 11 0.08590749 
817 238 13 14 0.08579079 
518 13 8 13 0.085619435 
174 123 9 13 0.08534383 
481 5 7 9 0.08508297 
291 3 9 12 0.08436389 
1059 108 7 11 0.08413617 
184 175 10 14 0.08402185 
288 58 9 14 0.083926015 
689 99 9 12 0.08375268 
167 112 11 14 0.083511576 
234 370 11 16 0.083387405 
267 104 8 13 0.08325559 
151 234 11 12 0.0831207 
107 28 9 15 0.082220554 
971 238 21 23 0.081705645 
213 158 10 16 0.08164355 
1008 178 9 15 0.08127413 
834 135 10 16 0.08110258 
480 16 8 10 0.080641195 
8 296 13 20 0.08062662 
252 307 11 16 0.080601804 
482 213 11 14 0.0804462 
488 105 10 12 0.07960154 
340 10 7 10 0.079252735 
211 188 9 13 0.07900631 
34 185 11 16 0.07899736 
1058 119 7 12 0.07862799 
203 22 9 11 0.07848511 
1017 180 10 16 0.078472115 
640 226 8 16 0.078420535 
932 237 14 19 0.07809677 
226 243 14 19 0.07798036 
596 106 8 12 0.07734706 
1020 99 6 11 0.077179946 
191 59 9 13 0.07691153 
155 61 9 12 0.07670335 
1011 140 7 12 0.07660983 
360 278 13 17 0.07629151 
479 90 9 13 0.07620539 
996 100 9 13 0.07588265 
350 58 9 14 0.07561851 
1055 165 9 15 0.07556027 
296 20 7 12 0.07555724 
977 27 9 14 0.07500657 
927 19 8 13 0.07484766 
200 99 7 11 0.074847035 
846 276 14 14 0.07483668 
245 278 11 11 0.07480975 
683 8 9 14 0.07448178 
255 13 7 12 0.07442517 
201 0 9 8 0.07423933 
136 262 13 18 0.07410647 
526 81 7 11 0.074105434 
822 301 13 16 0.07390493 
278 276 13 16 0.07385965 
272 128 11 14 0.073498994 
550 9 7 12 0.07347688 
586 76 8 13 0.07311471 
811 54 9 11 0.07311042 
395 29 8 12 0.072841495 
945 156 10 12 0.072613746 
652 281 9 16 0.072534785 
837 24 10 12 0.07234172 
982 165 10 13 0.07233193 
305 281 16 24 0.07206512 
20 168 9 14 0.07180235 
1054 175 10 18 0.07160189 
5 62 12 21 0.07148301 
182 47 10 13 0.07104204 
135 71 9 13 0.071020484 
692 23 8 12 0.07082107 
9 250 10 18 0.070485 
315 169 11 15 0.070418455 
472 52 7 12 0.070209034 
369 187 8 13 0.069771305 
1013 73 8 13 0.06958453 
797 122 10 15 0.06936424 
733 128 12 17 0.0690603 
132 244 14 16 0.068922065 
279 141 10 15 0.06892066 
9 168 9 14 0.06812752 
201 60 10 13 0.067635976 
410 339 9 18 0.067608535 
517 117 8 14 0.06753034 
684 278 11 16 0.067333825 
818 136 11 14 0.06697635 
772 270 11 15 0.066968225 
667 79 8 9 0.06693361 
796 236 13 16 0.06688257 
43 287 12 18 0.066765696 
731 321 8 13 0.06663274 
420 78 10 13 0.066569455 
827 344 12 22 0.06653057 
706 257 12 15 0.06633387 
669 218 9 14 0.06615333 
220 99 12 18 0.06609964 
790 105 11 12 0.06575521 
344 289 11 18 0.06546919 
786 176 15 23 0.065395914 
2 259 7 14 0.06524299 
626 132 10 12 0.06524162 
966 4 8 10 0.06493546 
201 293 11 16 0.06490913 
184 274 12 17 0.06467637 
169 282 11 15 0.063640885 
550 15 7 12 0.06328072 
760 27 8 14 0.062786594 
912 65 12 16 0.06262752 
386 214 10 11 0.06260287 
745 231 9 14 0.06250192 
891 21 11 13 0.062265396 
268 -2 7 7 0.06205356 
355 287 17 22 0.061399795 
182 39 9 14 0.06119262 
0 36 5 10 0.060844325 
302 78 10 16 0.060719095 
51 116 9 13 0.06067612 
649 90 10 11 0.060525574 
898 232 11 16 0.060295492 
145 94 9 12 0.060040377 
956 26 9 13 0.059924576 
467 47 9 15 0.05989497 
1059 132 7 12 0.05987323 
329 405 9 16 0.059800766 
546 48 6 11 0.059754357 
622 279 21 22 0.059379924 
701 40 9 14 0.059193455 
0 149 6 12 0.05917621 
373 166 11 16 0.059083123 
815 265 13 12 0.058878966 
518 0 7 7 0.058814812 
543 55 8 12 0.058564153 
382 229 12 15 0.058464102 
672 26 8 13 0.058359094 
189 73 9 14 0.0581843 
62 116 9 14 0.05813563 
947 17 9 10 0.05794078 
1019 19 15 21 0.057781514 
48 304 13 20 0.057775542 
633 105 10 13 0.057538718 
742 208 9 12 0.057533056 
685 73 8 10 0.057217248 
705 250 12 14 0.05696828 
565 309 13 19 0.05693547 
465 68 9 12 0.056894302 
112 130 11 14 0.056821212 
881 275 12 16 0.05655036 
239 27 10 13 0.05640824 
1059 30 7 12 0.056354813 
804 278 11 14 0.056238342 
243 124 9 16 0.055922247 
294 0 8 9 0.05580889 
1060 44 7 12 0.055796422 
1046 142 9 14 0.055681035 
624 268 13 16 0.05553052 
968 13 8 12 0.05541916 
1060 56 7 12 0.055309013 
235 159 9 15 0.055291563 
779 3 7 10 0.05525224 
267 124 8 15 0.055149157 
86 214 12 15 0.05510985 
273 157 10 14 0.055090968 
762 74 9 12 0.05505118 
741 295 9 13 0.05501059 
268 220 10 11 0.054972205 
852 276 17 19 0.054971714 
1009 23 7 10 0.054748885 
340 48 8 11 0.054674566 
479 22 10 13 0.054673236 
549 5 6 9 0.054613683 
350 468 11 12 0.054603092 
165 46 9 13 0.05437538 
277 324 18 29 0.054294016 
996 144 9 14 0.054277234 
634 154 13 17 0.054257132 
313 252 10 13 0.054183487 
651 203 12 20 0.053914815 
998 14 7 12 0.05386573 
650 49 9 12 0.053853665 
918 258 10 15 0.053765524 
362 249 12 15 0.05370617 
678 132 9 12 0.053586505 
591 277 11 15 0.053302586 
12 -1 6 8 0.053207554 
865 317 20 28 0.053186756 
646 458 8 9 0.053064194 
873 184 10 15 0.05298431 
922 118 9 13 0.052807175 
79 321 12 16 0.052776027 
951 80 9 12 0.052749377 
752 170 10 16 0.05261431 
250 9 7 13 0.05250829 
133 227 12 12 0.052493773 
133 8 10 14 0.052443974 
858 102 11 14 0.052425794 
367 4 8 11 0.052412495 
703 70 8 10 0.052314397 
354 97 12 15 0.05215789 
504 215 9 12 0.052150566 
995 109 8 13 0.052003164 
100 5 11 11 0.05167067 
926 124 11 19 0.051645465 
24 66 9 14 0.051290803 
512 111 8 13 0.05121731 
333 277 10 15 0.051044118 
247 181 8 15 0.05091805 
421 205 10 13 0.050874997 
1037 107 7 13 0.05077679 
520 290 13 20 0.050705913 
640 74 8 11 0.050570183 
184 263 11 17 0.05055094 
999 168 10 16 0.050529663 
95 314 11 19 0.050159585 
471 2 8 10 0.05012274 
131 219 11 14 0.050021194 
1058 94 7 11 0.049855914 
748 178 10 14 0.049814463 
1055 188 10 17 0.049810782 
763 161 7 12 0.0498029 
818 205 11 15 0.049757674 
510 41 7 11 0.049670685 
534 457 12 12 0.04945142 
594 74 8 12 0.04936193 
1035 143 10 16 0.04932531 
497 64 9 16 0.04927483 
617 280 13 15 0.04917886 
585 68 8 13 0.049053036 
571 55 9 11 0.049048144 
600 126 11 15 0.048977517 
337 4 7 10 0.048620984 
415 78 9 15 0.048334863 
814 271 14 15 0.048252303 
491 302 12 15 0.048232768 
235 168 10 15 0.04819476 
1049 119 7 12 0.047945864 
336 289 12 21 0.047762055 
1059 145 7 13 0.04770864 
93 26 10 15 0.047573555 
1016 75 9 16 0.047511213 
982 181 10 14 0.047457572 
359 374 9 13 0.047338683 
1036 118 7 13 0.047312953 
91 337 14 17 0.04722671 
959 11 8 9 0.047113817 
774 226 9 15 0.047026202 
721 3 10 14 0.04691128 
755 82 8 12 0.046850305 
977 183 11 15 0.046841696 
221 360 10 15 0.046841487 
791 332 14 17 0.0466181 
1034 154 10 17 0.046569288 
1049 56 8 12 0.04656412 
380 254 11 16 0.046562467 
515 2 8 10 0.046547104 
867 84 10 13 0.04637191 
422 59 10 15 0.04636895 
376 232 10 14 0.046068527 
783 85 9 13 0.04604368 
945 10 9 10 0.04602415 
120 66 9 14 0.04601376 
132 203 12 18 0.045958072 
14 101 10 16 0.045831803 
350 313 13 17 0.045769725 
664 217 9 17 0.045765776 
1057 80 7 11 0.04573599 
456 273 19 23 0.04562661 
35 17 8 14 0.045381594 
26 268 9 16 0.04537509 
599 81 8 12 0.04522385 
675 86 10 11 0.045186903 
689 270 12 14 0.045156956 
183 136 10 14 0.045126367 
286 150 10 13 0.04507116 
159 12 9 11 0.045062006 
903 16 9 12 0.045038868 
1056 154 8 14 0.045032382 
911 241 12 17 0.04503134 
119 204 9 16 0.04477989 
1 250 6 15 0.0447103 
163 54 10 15 0.044658422 
818 161 11 14 0.044579 
474 34 8 12 0.044548694 
657 88 8 10 0.044460848 
255 54 10 12 0.04426007 
484 204 12 16 0.0442138 
497 206 10 12 0.04417726 
931 262 12 18 0.044171635 
502 123 10 14 0.044032857 
322 53 9 14 0.044000674 
243 83 10 14 0.043984395 
530 251 15 18 0.043880425 
703 46 10 13 0.043701902 
68 137 9 14 0.043662727 
266 19 9 14 0.043496337 
264 353 11 16 0.043424178 
968 222 11 13 0.043349788 
338 162 11 19 0.04333926 
881 308 16 19 0.04330218 
535 272 13 16 0.04329057 
1019 105 8 12 0.043204784 
964 39 9 14 0.043148533 
806 59 9 11 0.04311606 
845 300 16 18 0.043105558 
629 78 10 12 0.043007914 
646 80 10 12 0.04288829 
627 203 10 18 0.042852156 
1014 280 19 35 0.042837225 
331 181 11 16 0.042753622 
791 267 11 12 0.042649727 
572 266 19 19 0.042547166 
431 70 9 14 0.042525627 
862 173 11 14 0.04250499 
778 29 8 11 0.042414106 
560 40 8 13 0.0423967 
29 159 11 19 0.04237375 
761 169 9 16 0.04234698 
540 197 13 17 0.042271838 
198 22 10 14 0.042266935 
278 169 10 16 0.042261127 
223 83 10 16 0.042212356 
520 60 8 13 0.04203355 
452 154 14 17 0.041928187 
342 223 10 15 0.04188392 
721 330 6 11 0.041868694 
934 94 9 11 0.041814383 
23 242 10 17 0.04177527 
942 67 7 10 0.041743178 
99 206 12 19 0.041585952 
445 15 8 9 0.041497458 
210 61 10 11 0.04148163 
1033 165 10 18 0.041453768 
954 74 8 11 0.041392136 
168 20 10 11 0.04138459 
664 245 11 17 0.041370336 
341 92 12 17 0.04131481 
382 3 8 10 0.04127318 
34 4 10 12 0.0411855 
954 3 8 9 0.041167174 
595 454 6 7 0.041166816 
401 224 10 14 0.0411179 
131 100 9 11 0.04104047 
677 103 11 15 0.040966168 
94 34 10 15 0.04083177 
561 71 8 12 0.040779203 
620 35 9 11 0.040779047 
177 207 10 13 0.040773787 
215 1 16 15 0.040745273 
784 187 11 17 0.04070335 
1041 161 12 17 0.040569108 
740 321 8 12 0.040562846 
1052 209 12 20 0.040475708 
639 80 9 11 0.040430523 
67 121 9 14 0.040429857 
599 465 13 12 0.04035915 
500 224 11 15 0.04033319 
0 43 5 11 0.04023175 
887 268 19 24 0.039962206 
421 283 11 15 0.039888363 
54 119 11 17 0.039679937 
432 196 10 18 0.039675187 
382 219 13 13 0.039654292 
456 17 6 8 0.03964727 
558 9 8 12 0.039630126 
667 59 8 12 0.039623957 
494 37 8 13 0.039623067 
294 41 8 13 0.03960382 
790 129 10 15 0.039532114 
346 598 14 10 0.03952902 
425 103 10 16 0.03949686 
414 242 15 21 0.039475925 
612 40 8 13 0.039473567 
112 6 8 9 0.03945646 
439 101 12 16 0.039445523 
974 150 13 16 0.03944511 
388 207 10 13 0.03942051 
731 355 7 13 0.039295446 
204 80 10 16 0.03927773 
111 288 12 19 0.039266124 
438 186 14 22 0.039235953 
1038 95 8 13 0.039220817 
1050 108 7 11 0.039189372 
785 11 7 10 0.0390547 
330 44 10 14 0.039032258 
506 194 9 12 0.03897208 
886 197 12 13 0.03894826 
524 16 8 13 0.03893635 
341 231 10 17 0.03890583 
735 265 10 13 0.038867876 
-1 57 12 29 0.038865093 
511 312 11 17 0.038858254 
107 45 10 16 0.0388551 
1041 172 12 18 0.038850043 
713 283 10 15 0.038821906 
293 54 10 13 0.038666874 
739 194 9 11 0.03864215 
484 0 7 7 0.038623933 
11 43 10 16 0.038567193 
1019 111 15 24 0.038556743 
863 37 12 13 0.03850207 
1053 223 12 19 0.038287938 
454 183 8 13 0.038005285 
117 240 13 13 0.03798595 
930 203 11 18 0.037896685 
346 83 12 16 0.03784866 
885 127 10 16 0.037727565 
0 4 4 10 0.037669055 
572 276 14 13 0.0375746 
324 48 9 12 0.037549395 
81 4 9 12 0.037498068 
186 83 9 15 0.03745308 
144 8 10 14 0.037430823 
632 41 10 12 0.03741913 
859 269 13 16 0.037300266 
304 449 10 12 0.037277333 
288 451 11 13 0.03723194 
351 64 10 15 0.037195086 
990 124 8 12 0.037157908 
536 289 11 18 0.03704521 
829 240 18 18 0.03703982 
92 42 10 16 0.03702557 
689 45 9 15 0.037018567 
508 277 13 19 0.0368983 
318 77 9 13 0.036870465 
576 66 8 12 0.036772374 
1036 29 8 13 0.036753558 
965 238 12 17 0.03667985 
467 34 8 11 0.036670275 
652 123 10 13 0.036560323 
1004 106 9 15 0.036528107 
786 167 11 16 0.036511492 
494 20 7 11 0.03647768 
771 136 9 14 0.03642178 
95 248 13 16 0.036386777 
818 122 18 21 0.036380723 
446 29 10 14 0.036369998 
359 8 8 11 0.036369126 
303 60 9 13 0.03636382 
880 391 8 15 0.036305115 
324 333 12 18 0.03629645 
95 3 9 12 0.03628384 
293 174 11 16 0.036230218 
818 306 17 24 0.036215894 
227 442 11 15 0.036196604 
405 248 15 21 0.036180776 
1015 152 9 14 0.036127687 
590 225 10 14 0.03607689 
986 3 9 12 0.03606378 
337 593 29 17 0.036000594 
1017 137 8 14 0.035953954 
350 256 11 13 0.035883565 
917 73 10 14 0.035869036 
43 307 11 17 0.035866216 
188 132 12 19 0.03585916 
369 254 10 14 0.035751116 
677 72 8 12 0.03567337 
987 69 7 9 0.0354734 
166 438 9 9 0.035428684 
420 220 11 13 0.03537254 
364 321 17 24 0.035359062 
580 55 8 12 0.035325192 
273 112 10 19 0.035324834 
1011 83 8 14 0.035289135 
961 200 15 16 0.035239123 
753 97 10 15 0.0352266 
330 263 11 16 0.03517563 
756 6 8 15 0.035171505 
657 312 16 27 0.035153717 
44 4 8 11 0.03514708 
588 124 8 14 0.035131622 
258 270 11 13 0.035078924 
770 116 10 12 0.035073835 
1007 254 11 17 0.034930795 
784 20 9 13 0.0348841 
1048 131 8 12 0.03487147 
552 418 18 23 0.034845993 
652 69 10 11 0.034777567 
172 43 10 13 0.034698926 
138 3 10 12 0.0346453 
426 231 10 14 0.03449129 
700 229 13 14 0.03447686 
385 71 11 14 0.034443002 
231 27 10 12 0.03427784 
582 5 9 11 0.03412154 
1019 182 15 22 0.034081142 
225 153 9 14 0.03407306 
638 102 10 12 0.034041487 
640 278 15 25 0.03403413 
78 20 9 14 0.033985272 
906 269 17 22 0.033981673 
684 144 10 12 0.033946596 
459 131 10 13 0.033932045 
951 11 9 11 0.033874977 
457 98 10 13 0.0338445 
874 452 9 8 0.033775877 
412 202 10 13 0.033766925 
355 250 12 14 0.033735 
559 471 13 12 0.033711668 
834 173 13 21 0.033560928 
445 114 12 14 0.033536702 
618 123 10 13 0.03352674 
738 272 12 14 0.03350511 
650 35 7 11 0.03348967 
644 51 10 13 0.033480797 
498 20 7 11 0.033393834 
572 397 10 17 0.03330593 
783 60 8 11 0.033273924 
223 230 12 16 0.033240885 
12 123 9 14 0.033176642 
1054 199 11 19 0.03313505 
38 308 9 17 0.03313128 
560 331 10 15 0.0330432 
739 251 11 14 0.033041295 
177 142 11 13 0.03303493 
982 143 8 13 0.03302789 
759 300 11 18 0.03298934 
868 217 13 17 0.032948952 
538 23 7 12 0.03293077 
529 287 11 18 0.03290866 
729 279 9 15 0.03289904 
593 39 7 13 0.032892883 
557 152 8 12 0.032842696 
733 28 7 13 0.032824814 
527 278 12 16 0.03279743 
740 18 8 14 0.03273948 
588 116 8 14 0.032576285 
453 79 9 11 0.032555882 
687 150 11 12 0.032536823 
207 303 11 13 0.032493774 
1053 237 12 20 0.032472897 
650 41 8 12 0.032470312 
1019 55 8 11 0.032374382 
1088 177 7 11 0.032357413 
433 225 10 14 0.032357402 
892 79 12 13 0.03235183 
1036 129 8 15 0.03235137 
522 34 8 13 0.032345187 
709 26 8 12 0.032335736 
786 109 11 11 0.03233019 
843 263 16 17 0.032327104 
1044 151 10 16 0.0323119 
754 112 9 13 0.03227104 
663 282 10 13 0.03222497 
955 135 10 17 0.03215202 
440 85 10 12 0.032144837 
699 142 12 15 0.032066472 
774 55 9 12 0.03205694 
640 68 7 9 0.032037035 
218 251 12 14 0.03199923 
455 11 6 8 0.031998552 
415 50 10 16 0.03198077 
556 86 8 12 0.031946067 
690 277 17 24 0.031927522 
551 40 7 13 0.031888902 
58 39 10 15 0.031829536 
655 278 11 14 0.031769995 
1089 93 7 13 0.031741332 
214 191 12 16 0.03173525 
201 48 10 12 0.031650245 
559 21 10 14 0.03162294 
805 307 12 16 0.031621687 
836 85 11 13 0.031603266 
190 66 8 13 0.031579 
241 388 9 15 0.03155217 
582 270 18 19 0.031515636 
196 79 9 14 0.031452976 
933 103 11 14 0.031439837 
301 10 8 13 0.031368833 
423 4 6 12 0.031346288 
708 356 9 18 0.03132028 
24 143 9 18 0.031286832 
532 48 7 13 0.031282887 
682 136 9 11 0.031280395 
1084 60 9 17 0.031260137 
936 185 12 14 0.031192146 
1047 67 8 12 0.031188227 
983 40 7 12 0.031120164 
216 222 12 17 0.031095667 
47 225 11 17 0.031070793 
920 270 13 17 0.03106135 
1021 35 14 23 0.03104346 
732 204 11 15 0.031039314 
1019 129 8 13 0.031028017 
586 282 11 12 0.030988615 
108 23 9 12 0.0309572 
674 414 12 12 0.030923475 
1036 40 7 12 0.0309048 
683 239 9 13 0.030892095 
861 27 10 13 0.030884618 
1090 149 6 11 0.03086715 
110 245 15 17 0.030861843 
971 94 10 12 0.030857852 
1019 39 8 13 0.030851448 
394 328 10 18 0.030844875 
519 314 12 18 0.030834986 
196 301 12 12 0.030822206 
1028 239 15 25 0.030801501 
522 194 10 14 0.03075697 
228 215 13 14 0.030730842 
843 130 9 14 0.030724429 
49 75 9 17 0.030683104 
72 220 11 15 0.030631272 
297 43 10 14 0.030579349 
1045 78 9 12 0.03057265 
917 5 11 12 0.030538088 
944 4 9 10 0.030502152 
1059 69 7 11 0.030476892 
440 115 11 15 0.030452963 
875 103 9 15 0.030403363 
663 137 10 12 0.030356547 
112 28 9 13 0.030356128 
304 244 10 12 0.030274851 
477 291 12 18 0.030269915 
729 23 8 12 0.030202322 
836 403 23 45 0.030183716 
196 14 10 12 0.030178767 
468 435 7 8 0.030137306 
133 276 12 17 0.030103551 
130 116 11 13 0.030056529 
699 113 11 13 0.030014921 
46 292 15 22 0.030000795 
606 3 9 13 0.029973742 
905 85 10 14 0.029889809 
1019 62 8 11 0.029837368 
538 55 6 11 0.029799646 
50 153 10 16 0.029765002 
97 144 9 13 0.029738333 
174 73 9 13 0.029716466 
996 1 8 10 0.029706676 
43 156 10 16 0.029690187 
900 115 12 17 0.029677402 
575 73 8 11 0.029659968 
665 236 11 16 0.029655276 
105 195 10 15 0.029636433 
484 124 11 15 0.029624779 
356 59 8 13 0.029558398 
486 100 9 12 0.02954004 
937 15 10 13 0.029518096 
903 225 15 17 0.029335849 
449 136 14 18 0.029329333 
739 361 10 18 0.029243547 
585 265 12 13 0.02920122 
990 33 8 12 0.029173404 
474 418 8 11 0.029154105 
684 46 10 14 0.029133022 
284 103 10 15 0.029122168 
1004 10 7 11 0.029088778 
0 257 15 25 0.029084265 
484 278 13 16 0.029055007 
595 64 8 13 0.029023452 
323 355 13 21 0.02897466 
102 105 8 14 0.028891588 
675 34 9 13 0.028826043 
646 35 8 12 0.028823337 
530 4 7 10 0.028755553 
225 143 14 21 0.02873243 
493 54 8 12 0.028694743 
1084 198 8 14 0.028665196 
892 163 10 14 0.028659347 
1009 240 12 14 0.028638428 
1010 17 7 11 0.02862388 
693 263 13 15 0.02861892 
624 380 9 13 0.028590335 
237 365 17 26 0.02856122 
374 158 11 15 0.02855372 
645 68 8 8 0.02851615 
0 346 5 15 0.02850228 
108 103 9 14 0.028477667 
833 39 10 14 0.028465364 
238 223 12 15 0.028440855 
216 129 9 15 0.028433727 
1020 94 14 23 0.028401976 
846 47 11 12 0.028389204 
683 59 9 13 0.028338682 
241 156 8 13 0.028336287 
736 288 10 14 0.028269982 
1088 120 6 12 0.028229788 
154 54 9 13 0.028178189 
1077 215 11 19 0.028155832 
189 124 11 14 0.02815572 
466 9 7 10 0.028133666 
970 59 9 14 0.028127043 
132 181 10 13 0.028092057 
189 455 13 11 0.028058788 
688 6 9 14 0.028025517 
871 301 20 21 0.027963523 
657 129 11 11 0.027932651 
140 172 11 14 0.027892621 
399 146 12 18 0.027892297 
802 284 17 19 0.027819898 
571 147 12 14 0.027815923 
407 220 11 13 0.027801368 
740 283 17 22 0.02779025 
829 333 13 20 0.027675562 
350 300 17 22 0.027616424 
606 372 8 11 0.027579391 
192 296 11 13 0.027577877 
140 67 8 12 0.02757288 
643 249 10 17 0.02750114 
430 279 14 17 0.02746427 
592 124 10 14 0.027384453 
458 36 8 11 0.027362596 
459 30 8 10 0.027343422 
188 260 19 22 0.027337 
152 317 17 25 0.027325625 
663 434 11 14 0.027305664 
1038 6 8 13 0.027259948 
668 206 9 16 0.027243342 
730 332 9 15 0.027222274 
688 286 9 15 0.027187573 
369 20 8 13 0.027185922 
177 85 11 17 0.02718014 
600 117 9 13 0.027132234 
702 137 10 12 0.027128974 
1037 18 8 13 0.02708586 
630 87 9 12 0.02703095 
1039 83 8 12 0.027008524 
278 99 10 15 0.026999895 
15 37 9 14 0.02699259 
713 250 11 14 0.0269883 
528 66 7 13 0.026950218 
569 73 8 12 0.026918791 
48 134 8 16 0.026918499 
902 422 8 11 0.026884634 
120 40 9 16 0.026880229 
247 113 11 19 0.026851827 
653 152 14 17 0.026843049 
234 131 9 15 0.026799623 
1021 50 14 22 0.026785847 
84 318 15 21 0.026775839 
145 86 9 13 0.026754813 
754 142 9 14 0.026711933 
690 191 9 13 0.026711905 
695 99 9 10 0.026710952 
184 117 10 14 0.026691474 
904 288 12 12 0.026656795 
658 23 8 14 0.026624316 
262 15 9 14 0.026603108 
401 7 8 15 0.026588665 
774 25 8 12 0.026587104 
1051 258 15 25 0.026555764 
159 46 10 15 0.026553527 
79 276 13 16 0.026549004 
1 209 12 21 0.026516747 
822 233 12 14 0.026430292 
629 181 11 15 0.026420482 
343 300 12 15 0.026418211 
813 148 10 13 0.02641454 
458 187 17 23 0.026407735 
277 131 10 14 0.026396181 
459 89 11 14 0.026381647 
875 323 21 29 0.026358865 
779 117 8 10 0.026310362 
170 142 11 12 0.026305242 
299 3 8 11 0.026305122 
428 96 9 15 0.026295146 
115 372 10 13 0.026285538 
326 433 10 13 0.026284965 
999 22 9 13 0.026252788 
489 214 11 13 0.026240632 
715 3 11 16 0.026219605 
360 131 12 19 0.02619002 
782 156 8 13 0.026160426 
618 59 10 12 0.026129063 
127 212 10 15 0.026104473 
973 21 7 12 0.026071804 
966 118 10 14 0.026052639 
1006 138 7 12 0.026044728 
529 270 12 15 0.026029512 
931 111 10 15 0.025965929 
1005 146 10 15 0.025950244 
635 282 12 16 0.025852315 
143 197 12 17 0.025835149 
1003 3 7 11 0.025822531 
756 361 7 10 0.025775637 
665 97 9 13 0.025766771 
791 15 8 12 0.025667321 
635 140 11 15 0.025657862 
220 335 13 16 0.025616597 
397 5 8 11 0.02558287 
517 177 8 10 0.025528675 
485 306 19 27 0.025523376 
400 332 15 28 0.025459617 
1073 232 15 24 0.025439577 
119 220 11 14 0.025406588 
1051 46 7 11 0.025349593 
707 111 10 13 0.025320912 
1011 133 6 10 0.025286462 
802 99 11 14 0.025264313 
823 32 9 15 0.02525249 
1055 13 8 14 0.025231564 
223 130 10 16 0.025225276 
795 224 14 20 0.025223764 
244 282 13 16 0.025218448 
630 216 11 21 0.025206981 
423 257 11 15 0.025202628 
1 242 6 13 0.025186425 
585 457 10 10 0.025174042 
816 41 9 13 0.025162939 
791 140 10 14 0.025109787 
529 176 11 12 0.02510533 
1008 35 8 13 0.025081206 
527 223 10 14 0.025077557 
138 179 10 15 0.025070477 
421 68 14 21 0.025057973 
866 333 14 20 0.025032537 
742 51 8 13 0.025023071 
694 126 12 15 0.024996236 
335 247 12 15 0.024928195 
16 254 10 19 0.024893334 
978 86 9 11 0.024892183 
683 202 7 12 0.024864053 
709 231 11 13 0.024860822 
376 289 11 15 0.024856482 
800 311 20 28 0.024841081 
406 312 11 17 0.02482115 
529 320 9 16 0.024808124 
265 108 12 20 0.024798311 
123 251 11 14 0.02475508 
34 232 9 17 0.02475084 
715 373 9 16 0.024742374 
823 5 9 11 0.024740567 
258 307 12 17 0.024716316 
248 226 12 15 0.024710672 
388 134 9 15 0.024705099 
601 50 8 15 0.024645621 
253 221 11 14 0.024636738 
834 74 11 13 0.02462173 
12 275 9 15 0.0245481 
524 54 8 13 0.024547314 
319 33 8 13 0.024536513 
182 145 11 17 0.02453388 
913 157 11 15 0.024520902 
992 147 9 14 0.02451605 
35 153 9 16 0.024515651 
809 127 11 15 0.024505757 
899 214 13 15 0.024495713 
63 130 9 16 0.02449395 
170 85 10 16 0.024492987 
697 222 7 11 0.02436595 
523 10 8 12 0.024322415 
67 38 9 14 0.024296774 
503 18 15 20 0.024252672 
721 193 14 18 0.02424693 
744 219 10 14 0.02421202 
645 24 9 14 0.024209369 
676 3 8 13 0.02420698 
485 116 10 15 0.02418416 
1077 255 16 28 0.024178505 
415 42 9 15 0.02415511 
99 282 12 20 0.024153514 
645 75 9 10 0.024136188 
195 39 10 12 0.024119545 
339 437 10 14 0.024076005 
146 79 9 14 0.024010817 
615 35 8 11 0.02399596 
748 84 9 13 0.02394887 
494 45 8 13 0.023941329 
0 175 5 12 0.023929324 
330 20 9 13 0.023917567 
931 194 13 16 0.023916747 
394 206 10 12 0.02386618 
354 112 11 14 0.023863241 
885 333 11 16 0.02379049 
779 34 9 11 0.023781829 
1033 176 11 19 0.023776272 
450 45 12 16 0.023763258 
341 73 12 16 0.023759978 
670 16 15 21 0.023753686 
755 27 8 16 0.023737902 
469 177 10 15 0.023730056 
285 192 9 14 0.023708614 
656 271 10 14 0.023674747 
635 230 13 23 0.02367425 
740 201 10 13 0.023653015 
959 104 10 12 0.023625331 
243 32 8 13 0.023611668 
235 0 10 11 0.023594745 
58 225 11 13 0.023594705 
114 199 11 15 0.023574727 
687 111 10 13 0.023558905 
817 53 10 12 0.023523258 
466 41 9 13 0.02350537 
894 265 13 14 0.023494646 
708 291 12 16 0.023451587 
57 92 11 15 0.023447089 
47 53 9 15 0.023427797 
7 0 8 11 0.023399875 
7 261 15 25 0.023397246 
515 297 16 25 0.023363365 
964 54 8 13 0.023351055 
845 232 13 14 0.023349237 
623 40 11 12 0.023345148 
585 109 9 16 0.023340853 
172 93 11 16 0.023326276 
741 238 10 13 0.023299713 
0 271 6 15 0.02329353 
807 107 16 19 0.023291424 
0 317 16 33 0.023277946 
663 132 9 10 0.02326217 
152 10 8 11 0.023249796 
773 8 8 12 0.023243474 
972 256 23 29 0.02323265 
704 20 8 14 0.023151578 
387 292 11 16 0.023145001 
178 177 11 13 0.023138758 
303 178 10 17 0.02312795 
529 60 7 12 0.023123482 
208 55 10 12 0.023116665 
322 154 13 17 0.02311493 
389 465 7 10 0.023090575 
346 43 10 12 0.0230765 
24 127 8 15 0.022996508 
494 2 7 10 0.022987552 
364 97 10 14 0.022919688 
482 29 9 14 0.022909787 
337 378 11 16 0.022875806 
725 227 10 14 0.022828888 
539 65 8 13 0.022787435 
317 294 11 16 0.022780387 
523 0 7 7 0.022724835 
243 63 8 15 0.022719206 
381 15 9 12 0.022689264 
746 302 10 13 0.02268002 
27 85 9 15 0.022671893 
1020 250 23 38 0.022657951 
64 309 16 24 0.022645863 
138 121 9 13 0.022630243 
1017 166 16 25 0.022620268 
48 3 11 14 0.022577807 
881 52 11 13 0.02257012 
706 211 10 15 0.022563824 
246 312 12 14 0.022537377 
133 193 11 17 0.022534098 
816 66 9 11 0.022530446 
638 201 11 18 0.022492865 
832 296 20 25 0.02249027 
412 336 17 27 0.022424726 
700 267 13 16 0.022421604 
1042 265 25 41 0.0223809 
633 484 18 16 0.022378718 
772 78 11 14 0.022363404 
642 228 14 26 0.022326358 
898 72 11 13 0.02230319 
152 186 11 18 0.022302762 
490 269 11 15 0.022231853 
262 30 9 14 0.022223122 
651 28 8 12 0.02216452 
586 134 9 15 0.02214538 
215 379 8 13 0.022112254 
273 35 8 12 0.022102943 
394 292 11 16 0.022100419 
217 365 8 13 0.022084776 
607 450 10 12 0.022084486 
618 271 13 17 0.02208309 
567 267 13 16 0.022054406 
349 183 12 16 0.02204708 
846 216 13 15 0.02203804 
1087 410 14 22 0.022031311 
480 183 19 25 0.02202946 
593 13 9 14 0.022023872 
7 142 9 14 0.022023017 
119 135 10 14 0.02191487 
500 313 32 45 0.02190559 
828 124 12 16 0.021904986 
96 137 10 12 0.021886205 
353 82 12 17 0.021885319 
248 33 7 12 0.021878053 
388 271 11 16 0.021877712 
471 85 9 14 0.02185984 
112 150 10 12 0.021816153 
441 197 9 15 0.021796245 
920 244 10 16 0.021793485 
1041 183 12 20 0.021783467 
840 34 12 15 0.021759195 
723 324 6 12 0.021749068 
746 142 10 15 0.021744195 
1001 201 12 16 0.021696227 
749 316 10 16 0.021686856 
816 108 13 11 0.021676982 
527 214 10 13 0.021651054 
946 392 9 15 0.021646645 
256 35 8 11 0.02162221 
188 20 10 12 0.021594457 
373 180 10 14 0.02152239 
158 237 10 14 0.021519419 
1037 52 8 12 0.021498667 
709 118 9 12 0.021464573 
920 280 12 15 0.02146381 
908 425 6 9 0.021454843 
765 266 10 14 0.021452215 
1039 68 7 12 0.021394275 
184 441 6 8 0.021385217 
189 97 10 14 0.02132958 
414 282 10 16 0.021324607 
1080 285 16 27 0.021298401 
540 80 8 12 0.02129048 
307 113 96 106 0.021267992 
677 0 7 8 0.021265281 
861 89 11 14 0.02126047 
823 291 14 13 0.021195516 
297 110 13 19 0.021179795 
413 194 10 13 0.021179581 
362 56 10 16 0.021155007 
388 263 11 14 0.021146482 
206 289 12 18 0.021126343 
308 478 7 8 0.021117724 
949 235 13 19 0.02111763 
720 96 10 14 0.021112805 
30 291 11 20 0.021112747 
739 133 11 15 0.021108387 
362 479 12 11 0.021107549 
325 22 9 11 0.02110623 
854 3 10 13 0.021074548 
473 23 8 9 0.021050157 
307 19 9 14 0.021038333 
246 220 11 14 0.021033065 
274 27 9 13 0.021033017 
4 46 8 15 0.021028165 
550 89 8 13 0.021008734 
581 465 12 11 0.020997817 
235 211 10 12 0.020979786 
760 68 9 12 0.020971004 
696 16 9 12 0.020965591 
351 4 7 9 0.020898197 
779 144 8 11 0.020891901 
723 277 8 15 0.020890428 
1018 3 8 11 0.020889964 
355 345 9 17 0.02087942 
718 335 7 13 0.020868748 
310 85 9 15 0.020860719 
894 280 13 15 0.020860454 
0 320 9 18 0.020852609 
317 161 12 16 0.020826198 
254 4 8 11 0.020820895 
612 426 11 16 0.020803027 
695 147 12 14 0.020800814 
812 80 10 14 0.020790376 
32 57 9 16 0.02078804 
0 164 5 10 0.020780275 
881 157 12 15 0.020765275 
1019 65 15 20 0.020749599 
894 129 9 14 0.02074773 
17 111 9 13 0.020740649 
355 47 8 13 0.020725476 
91 253 13 18 0.020708859 
737 320 15 25 0.02070847 
922 303 10 13 0.020678822 
409 227 10 13 0.02067867 
876 133 10 17 0.020672018 
264 232 12 16 0.020664643 
368 201 10 13 0.020633727 
313 181 11 15 0.020614201 
984 87 8 11 0.020608287 
330 28 10 13 0.02057707 
906 130 11 17 0.020547114 
885 465 7 8 0.020538617 
517 184 8 9 0.020536596 
328 362 17 28 0.020527784 
920 102 12 14 0.020520627 
559 81 7 11 0.020520378 
571 383 12 16 0.020490529 
614 298 23 31 0.02048697 
274 -1 7 8 0.020486334 
562 251 10 13 0.020478778 
129 145 12 15 0.020478375 
296 268 12 16 0.020473229 
483 92 9 13 0.020472197 
855 205 9 14 0.020468993 
331 300 11 16 0.020444619 
984 34 8 13 0.02044396 
154 219 11 15 0.020429885 
235 7 9 13 0.02042738 
390 128 15 21 0.020424226 
895 400 7 13 0.020411178 
14 270 15 24 0.020409772 
927 321 8 13 0.020399498 
510 16 8 13 0.020399231 
770 106 10 13 0.020391183 
195 139 10 18 0.020384163 
853 298 12 14 0.020381883 
625 373 11 14 0.020361485 
745 240 13 15 0.020357415 
327 332 19 25 0.0203292 
990 73 7 10 0.020281598 
744 124 11 15 0.02026526 
769 0 8 10 0.020244872 
828 117 11 13 0.020235868 
44 229 10 17 0.020202084 
963 45 9 15 0.020190513 
815 318 20 27 0.020180741 
119 124 9 14 0.02017725 
887 283 10 12 0.020134874 
243 53 8 13 0.02013382 
60 317 12 18 0.020106068 
706 84 10 13 0.020098515 
41 100 10 16 0.020091847 
712 263 11 14 0.020075854 
0 8 5 14 0.020056974 
478 366 9 18 0.020046754 
669 143 10 12 0.020040065 
778 264 13 16 0.020029355 
781 197 10 17 0.020014375 
