36_Football_Football_36_80
181
599 176 20 30 0.99954 
190 231 29 30 0.9991703 
750 296 31 34 0.9960859 
848 194 23 52 0.883942 
793 327 32 37 0.29127818 
731 161 8 14 0.1925724 
123 225 20 38 0.19052522 
674 384 11 16 0.100698456 
470 212 7 11 0.0869351 
451 248 7 11 0.075178586 
94 220 19 33 0.074599385 
676 379 8 11 0.06845323 
861 302 30 61 0.06510772 
4 168 7 11 0.061835088 
460 213 6 8 0.058489703 
474 284 8 9 0.05644797 
631 384 8 16 0.056330305 
141 7 6 7 0.054571435 
2 172 5 11 0.054467253 
744 161 6 10 0.051324908 
187 205 318 379 0.049058124 
224 9 5 7 0.04899188 
638 231 11 17 0.047078345 
639 111 10 13 0.045563303 
719 162 5 8 0.04299642 
527 445 4 6 0.04014296 
718 167 6 9 0.037256014 
153 2 6 6 0.0368077 
135 3 5 6 0.036639985 
602 445 5 6 0.03536247 
218 16 6 7 0.03487999 
723 140 7 10 0.03467656 
486 261 7 11 0.03458184 
878 206 23 35 0.03449394 
159 10 6 7 0.034455437 
396 262 10 10 0.033446558 
429 259 8 8 0.033281043 
961 124 5 7 0.03311123 
145 228 17 27 0.03309008 
769 263 14 15 0.032917224 
186 2 4 6 0.032878354 
133 224 17 31 0.032749623 
127 2 6 7 0.032313168 
205 2 4 6 0.03218844 
533 433 3 5 0.032187283 
213 21 6 7 0.031406354 
684 112 9 13 0.031316 
174 8 5 7 0.031196427 
173 3 4 6 0.03104871 
192 2 5 6 0.031044781 
219 9 6 7 0.030985437 
932 239 11 15 0.03082241 
457 212 5 8 0.0303927 
853 4 5 5 0.030337181 
181 3 4 5 0.030217871 
559 458 4 6 0.029930029 
161 13 6 8 0.029756082 
448 227 4 7 0.029185465 
531 445 4 6 0.028954968 
212 2 4 6 0.02886615 
578 440 3 4 0.028545659 
526 450 4 7 0.028516278 
557 463 5 7 0.028301457 
87 225 35 50 0.028023558 
512 216 6 9 0.027735015 
181 0 3 4 0.027576763 
820 3 4 5 0.027555985 
461 217 6 9 0.027114436 
1021 269 5 9 0.026932532 
216 19 7 9 0.026831346 
180 8 4 7 0.02669 
609 250 37 40 0.026679432 
539 463 4 6 0.026618313 
585 432 3 4 0.026496608 
199 3 4 5 0.026446652 
715 173 8 13 0.026212318 
1 148 4 9 0.026097529 
682 387 7 9 0.026042856 
147 2 5 6 0.02595996 
987 150 4 7 0.025887752 
526 463 5 7 0.025723642 
656 114 8 12 0.025709849 
546 456 4 7 0.025433116 
527 439 3 5 0.025294418 
539 487 5 8 0.025270233 
708 160 7 9 0.024854917 
584 545 5 10 0.02481766 
704 115 7 10 0.024769407 
981 136 5 7 0.024757037 
546 451 4 6 0.024743998 
1033 191 13 24 0.024721334 
123 2 5 6 0.024599688 
174 0 4 3 0.024588568 
388 280 10 11 0.024501571 
590 520 5 9 0.024443794 
1006 285 5 7 0.024340957 
560 223 14 27 0.024270648 
6 163 5 8 0.02412624 
565 451 4 6 0.024084052 
628 254 22 24 0.024068618 
8 153 5 9 0.024060778 
877 557 78 82 0.02402481 
538 433 3 5 0.023907825 
532 456 5 6 0.023750901 
193 0 4 4 0.02369138 
687 484 4 5 0.023475606 
796 269 9 12 0.023416488 
8 180 5 9 0.023336418 
532 438 3 5 0.02327555 
411 283 7 7 0.02326795 
167 2 5 6 0.023240972 
1021 276 5 9 0.023151642 
928 223 15 28 0.02314582 
602 449 5 7 0.023143467 
661 272 6 7 0.023140753 
320 255 8 14 0.023124902 
514 439 3 5 0.023077715 
340 256 8 12 0.023044467 
525 456 5 7 0.023010354 
460 464 4 6 0.022856897 
819 343 21 38 0.02279948 
5 403 8 12 0.02267224 
245 572 5 7 0.022560252 
790 272 20 27 0.022455733 
198 8 5 6 0.02237631 
217 3 5 6 0.022287695 
677 375 6 8 0.022258716 
19 187 6 9 0.022238417 
687 488 4 6 0.022219125 
532 451 5 6 0.022151206 
814 2 3 5 0.022147506 
552 488 5 7 0.021899343 
539 469 4 7 0.02185389 
964 249 61 79 0.021834629 
952 115 67 90 0.021730622 
695 154 8 12 0.021526216 
572 445 3 5 0.02152018 
653 414 4 6 0.021511396 
12 169 5 8 0.021484666 
123 9 5 6 0.02145669 
887 191 17 35 0.021440301 
558 476 5 7 0.021387776 
596 438 4 6 0.02136248 
1020 143 5 8 0.021352127 
733 350 7 7 0.021327019 
15 36 4 5 0.02130705 
1012 150 5 8 0.021304583 
520 451 4 6 0.021223051 
581 513 5 8 0.02120862 
841 3 3 5 0.021183377 
826 3 4 5 0.021107273 
844 3 4 6 0.021070432 
520 445 4 6 0.021046776 
845 8 4 7 0.02098702 
539 439 3 5 0.020893177 
464 217 17 24 0.020891812 
775 340 23 32 0.020858556 
0 166 15 24 0.020777501 
487 458 4 6 0.020775722 
590 439 3 5 0.020717902 
796 3 3 5 0.020656038 
666 534 5 6 0.020572597 
165 15 5 8 0.020455834 
590 433 3 4 0.020441692 
1010 244 6 8 0.020422764 
545 445 5 6 0.02041007 
222 14 6 9 0.020400569 
994 143 5 7 0.020320194 
429 253 6 6 0.020298164 
530 462 5 8 0.020286238 
422 260 6 6 0.020259412 
135 7 6 7 0.02017404 
1 539 3 7 0.020169957 
596 432 3 5 0.02016436 
456 233 6 7 0.020154644 
0 180 5 10 0.020127077 
992 137 5 6 0.020112695 
853 9 5 5 0.020087468 
801 3 3 5 0.020060396 
961 129 5 7 0.02005347 
39 190 8 11 0.020039676 
