36_Football_Football_36_108
105
135 125 13 16 0.98716533 
274 121 13 16 0.9483863 
530 69 17 19 0.9475574 
12 42 24 28 0.6411042 
307 144 10 17 0.37903896 
223 105 10 12 0.30918917 
227 142 10 15 0.27497527 
977 18 32 37 0.2590329 
168 83 9 12 0.23736326 
201 113 11 13 0.21250015 
236 93 9 12 0.20388485 
255 105 9 14 0.18783747 
3 215 15 24 0.18634988 
203 132 11 13 0.16738953 
176 118 10 13 0.16382639 
198 116 9 14 0.1600376 
179 77 10 10 0.13956803 
241 95 9 13 0.10879467 
190 89 8 11 0.1080367 
184 87 10 13 0.09211277 
227 181 12 14 0.078740455 
500 138 16 28 0.07108492 
212 95 8 10 0.07076831 
241 127 9 13 0.06574629 
184 72 10 10 0.06486816 
218 121 9 10 0.059920184 
202 151 10 12 0.05918983 
1005 1 18 22 0.05722972 
259 113 10 15 0.052050315 
238 149 11 16 0.0515511 
191 105 9 12 0.051266875 
232 177 12 15 0.049902156 
248 119 8 12 0.04944213 
181 89 8 11 0.047445364 
218 166 13 12 0.046496846 
201 163 14 14 0.04392227 
222 68 9 11 0.04235169 
528 57 21 23 0.04082979 
196 103 10 12 0.040337563 
165 91 10 14 0.039530504 
179 95 8 11 0.039263014 
146 231 8 16 0.037544794 
208 102 10 13 0.03550201 
217 102 8 12 0.035385214 
221 112 12 16 0.03510278 
198 68 9 11 0.03465795 
321 166 10 13 0.03409763 
994 5 26 30 0.032961044 
183 133 9 11 0.032790612 
382 203 18 28 0.03255978 
203 71 8 9 0.03237733 
206 108 10 14 0.03207289 
217 68 9 11 0.032059018 
191 114 10 14 0.03107731 
265 83 9 10 0.031019326 
159 98 8 10 0.030755071 
995 65 25 29 0.030750882 
213 162 11 12 0.03015985 
232 96 8 10 0.030095661 
233 144 11 17 0.029865863 
254 119 10 14 0.029321512 
230 57 9 9 0.02814987 
871 128 6 9 0.028063081 
237 85 8 10 0.028013146 
201 104 12 12 0.027968701 
172 101 9 12 0.027280334 
0 126 4 14 0.02695737 
1004 19 31 40 0.02684128 
25 47 14 20 0.02630406 
177 110 10 13 0.026113143 
179 143 9 13 0.02563782 
269 51 7 7 0.025605401 
273 107 10 12 0.02552648 
288 127 9 13 0.02541743 
236 51 11 12 0.02519748 
525 221 11 14 0.025154443 
197 138 11 13 0.02502765 
226 136 11 12 0.024994504 
240 140 9 16 0.024839869 
194 90 8 11 0.024822881 
470 28 33 49 0.024674222 
129 124 10 15 0.02453122 
161 47 7 9 0.024468923 
149 83 10 12 0.024441447 
950 135 19 28 0.02407346 
1011 66 25 34 0.023902543 
823 494 197 167 0.023392824 
951 12 12 18 0.022978846 
212 50 7 10 0.022899823 
46 5 7 10 0.022546317 
241 72 9 9 0.022460738 
91 141 17 23 0.022316407 
237 107 8 10 0.022284795 
48 1 10 12 0.021929257 
254 97 8 10 0.021862945 
237 75 8 11 0.021729698 
169 69 9 10 0.021554027 
502 68 14 16 0.021427734 
139 102 11 12 0.021350717 
247 127 9 14 0.02122144 
247 100 9 12 0.021074481 
965 51 41 46 0.021003973 
1011 85 20 30 0.020909375 
227 118 9 12 0.020553509 
239 47 10 9 0.020086382 
