36_Football_Football_36_157
581
869 85 21 26 0.99953425 
608 140 21 30 0.9994165 
615 73 19 26 0.99900204 
51 127 19 32 0.99895096 
534 76 21 26 0.99856573 
906 216 23 32 0.9983633 
878 172 19 27 0.99817276 
565 104 18 30 0.9981352 
74 194 20 31 0.9979765 
607 239 29 35 0.9978808 
508 176 20 23 0.99768794 
43 255 20 29 0.99756134 
662 252 21 29 0.9971787 
162 201 20 29 0.9971571 
542 27 20 27 0.99699366 
151 150 18 25 0.9958067 
344 134 19 25 0.9952702 
580 85 16 25 0.9945462 
334 179 20 24 0.9938373 
739 218 31 36 0.9922764 
461 34 19 25 0.99159336 
187 184 19 30 0.99107236 
96 236 23 30 0.99040204 
964 137 17 25 0.9902164 
755 119 18 22 0.99006313 
228 174 19 23 0.9899178 
668 33 21 26 0.9891004 
157 177 18 27 0.98898906 
392 81 20 24 0.9885895 
584 188 19 25 0.9883704 
389 191 35 47 0.9881604 
900 24 16 29 0.98670226 
145 268 15 27 0.9860491 
785 57 19 23 0.9857248 
17 117 17 28 0.9821976 
566 133 16 24 0.9804465 
787 173 23 29 0.9801169 
480 123 17 21 0.9753677 
112 135 18 25 0.97499007 
179 96 17 22 0.9747839 
905 104 14 24 0.9735935 
500 246 22 30 0.969229 
233 79 20 21 0.96293706 
427 263 19 24 0.962236 
899 82 20 31 0.96054286 
286 136 16 22 0.9598542 
546 110 16 22 0.9559724 
438 347 18 37 0.95315784 
769 207 20 37 0.9517693 
524 112 17 23 0.9513861 
1 182 16 27 0.9510638 
121 113 16 24 0.94684196 
303 159 19 24 0.9465166 
515 55 15 22 0.9430215 
336 37 20 29 0.93808454 
91 108 15 19 0.9367988 
196 0 22 21 0.93309975 
339 104 17 22 0.9305864 
433 218 17 27 0.9254267 
979 197 15 26 0.9235682 
833 110 13 20 0.90855485 
484 355 22 29 0.90699166 
907 168 19 24 0.906617 
579 7 21 23 0.9008115 
383 129 17 24 0.90034914 
144 98 17 21 0.9000556 
945 96 11 18 0.8989296 
984 248 20 26 0.89561534 
815 107 14 20 0.89496243 
847 51 18 23 0.8941198 
856 0 17 24 0.8934107 
115 200 16 24 0.88703245 
546 195 14 22 0.8840566 
584 158 18 26 0.882919 
298 217 22 25 0.8803007 
249 118 16 22 0.87925494 
410 140 20 23 0.87747324 
416 -2 24 25 0.8728628 
362 117 15 21 0.8639609 
186 145 19 29 0.8592675 
892 131 14 21 0.8546658 
633 194 21 26 0.85358864 
516 147 18 20 0.83872694 
29 154 18 27 0.8365748 
294 94 17 20 0.8326864 
0 140 14 29 0.8279635 
455 105 14 17 0.8268102 
837 188 18 25 0.81882066 
318 77 23 26 0.81300765 
43 186 20 31 0.81232893 
411 53 18 25 0.8108944 
493 9 17 18 0.80741477 
821 18 11 19 0.7854709 
217 159 17 24 0.7592314 
78 147 17 26 0.75437534 
955 193 16 24 0.7435925 
271 165 16 19 0.7200087 
426 99 16 21 0.7183544 
231 128 14 19 0.690076 
144 198 18 30 0.6808854 
116 299 18 30 0.6558605 
440 164 17 24 0.65542823 
852 180 18 28 0.642896 
939 175 14 23 0.62378526 
643 -1 16 18 0.61789745 
239 152 16 18 0.5889052 
784 112 16 23 0.5826844 
961 231 20 29 0.580979 
503 129 12 16 0.55865586 
488 90 16 16 0.5343819 
407 122 17 20 0.525415 
668 170 14 23 0.5221639 
981 162 12 25 0.4990623 
356 173 18 26 0.48940903 
750 185 24 36 0.47856513 
618 37 20 26 0.4546532 
104 168 20 27 0.43690202 
26 121 17 27 0.42600468 
331 150 16 23 0.41869447 
246 196 17 22 0.41853893 
932 215 17 27 0.4152996 
215 271 18 28 0.40353733 
232 235 27 35 0.39954397 
728 43 23 34 0.39116263 
873 213 22 39 0.36577156 
91 135 18 25 0.36513466 
272 209 14 17 0.35890615 
163 127 15 17 0.3523023 
303 134 14 20 0.34292924 
879 24 16 22 0.32976952 
345 4 20 20 0.32955694 
750 0 16 21 0.32907212 
207 107 11 17 0.32434383 
700 20 16 19 0.3181786 
897 195 18 22 0.31664377 
814 264 57 62 0.28764886 
484 216 15 29 0.283735 
866 133 15 25 0.2624898 
265 31 14 14 0.25823104 
603 293 34 43 0.25578934 
970 23 17 24 0.255535 
681 120 18 37 0.251535 
409 64 21 34 0.23424491 
500 358 25 31 0.23218985 
600 109 17 27 0.2285182 
558 237 15 29 0.22141713 
242 248 26 33 0.2203636 
737 119 15 27 0.21238382 
70 175 15 24 0.20967185 
952 106 17 24 0.2071781 
1010 109 9 18 0.20693652 
294 66 13 16 0.20678715 
8 171 16 29 0.20172329 
927 5 11 16 0.19860211 
850 165 18 28 0.19843039 
327 266 42 64 0.19256026 
594 245 11 17 0.18936037 
457 171 10 16 0.18582365 
973 244 19 29 0.1826965 
591 139 17 27 0.18099456 
963 201 11 19 0.17864716 
881 61 15 25 0.17814325 
306 121 15 23 0.17512693 
778 119 18 32 0.17400458 
590 579 18 28 0.16465008 
991 218 12 19 0.16342264 
21 161 17 28 0.16230217 
188 136 14 22 0.1571911 
614 48 19 31 0.14900066 
98 9 15 17 0.14700456 
784 240 25 23 0.14594124 
162 92 13 15 0.14248124 
840 41 17 26 0.13342182 
709 143 11 21 0.13166514 
152 21 14 14 0.13070808 
479 100 17 20 0.13037103 
798 215 39 45 0.12895177 
712 161 17 28 0.12463066 
138 182 16 27 0.12326899 
766 150 18 28 0.11913891 
244 281 24 27 0.11797727 
404 240 20 37 0.11479513 
286 198 11 15 0.11281148 
554 172 15 17 0.11149028 
386 115 16 24 0.110236265 
328 121 13 16 0.108170696 
920 217 18 27 0.10481555 
337 141 20 32 0.10426693 
333 162 18 30 0.10374617 
932 3 18 25 0.102013506 
944 8 9 15 0.100755535 
16 168 12 22 0.10039629 
0 47 11 35 0.09911408 
921 146 16 25 0.09812604 
553 139 10 19 0.09782455 
623 318 35 44 0.09725437 
819 191 30 25 0.09699906 
400 146 11 18 0.09385124 
675 15 11 14 0.09332092 
145 152 14 21 0.0932214 
970 99 9 14 0.09313399 
199 403 9 18 0.09180559 
849 5 12 18 0.09033847 
483 204 17 22 0.08939636 
290 181 12 20 0.08739751 
988 233 20 29 0.085617624 
7 99 14 28 0.08529077 
949 101 12 19 0.08451275 
277 48 13 16 0.08361452 
925 65 14 26 0.08338408 
1010 96 9 16 0.08221288 
919 18 8 17 0.08175737 
635 164 20 32 0.0815623 
358 128 18 27 0.08070431 
1011 78 10 17 0.08040773 
363 101 18 26 0.080304034 
414 114 17 23 0.0800683 
373 138 17 25 0.07895848 
767 120 16 23 0.077659525 
146 29 24 19 0.077546924 
571 145 19 26 0.07733788 
811 8 17 25 0.07609916 
915 201 17 30 0.07532635 
257 174 12 15 0.074891694 
454 82 20 25 0.07479728 
846 66 16 29 0.07475556 
924 118 12 19 0.07457536 
431 112 14 19 0.07450568 
277 188 17 21 0.07430519 
5 236 10 20 0.07336992 
733 126 11 19 0.072472036 
891 113 17 29 0.07188617 
456 111 18 25 0.070939675 
571 91 19 27 0.0707877 
1013 88 17 25 0.07064852 
502 151 11 19 0.06916513 
110 242 17 28 0.06910962 
34 179 19 30 0.06876005 
63 2 25 19 0.06835571 
168 66 13 15 0.06796387 
272 193 12 14 0.067308046 
952 19 10 17 0.067297004 
252 155 14 16 0.06715315 
686 30 19 25 0.06683579 
858 108 13 21 0.065595336 
950 179 10 17 0.065569475 
708 24 17 28 0.065408446 
926 190 11 20 0.064213134 
890 61 14 24 0.063895635 
1005 98 8 16 0.06227758 
839 29 17 24 0.062134545 
585 250 19 26 0.06209265 
701 133 15 33 0.061027814 
0 6 9 26 0.06010231 
136 136 15 25 0.059127707 
966 201 18 29 0.05895436 
548 176 17 25 0.058696743 
449 167 13 18 0.057075452 
579 335 17 29 0.056004975 
980 226 19 28 0.05534437 
982 206 17 28 0.055294212 
253 168 13 13 0.05499422 
880 14 10 17 0.05426546 
954 221 19 30 0.05416119 
13 102 17 28 0.054086033 
809 198 39 46 0.053611483 
430 223 29 46 0.0535984 
21 216 20 28 0.05350752 
648 252 18 26 0.053194977 
457 157 13 21 0.053137068 
893 217 11 21 0.052427195 
826 79 18 24 0.052398503 
422 392 29 60 0.052102424 
593 122 18 29 0.051941857 
828 15 11 17 0.051812705 
414 9 22 30 0.051185593 
695 27 14 17 0.050315477 
21 140 20 31 0.049464084 
1011 7 5 9 0.049292907 
956 237 14 22 0.04928058 
489 242 20 30 0.048774708 
1004 107 9 18 0.048719265 
208 91 12 13 0.048567913 
470 117 18 24 0.048021168 
401 123 11 17 0.047843553 
1010 247 10 18 0.047472954 
400 127 19 26 0.047306605 
127 194 18 27 0.04715402 
121 456 21 28 0.047043983 
669 20 19 24 0.046655677 
859 194 12 19 0.04663925 
786 230 40 50 0.04649007 
694 507 12 18 0.04592007 
256 198 12 17 0.045390785 
28 171 15 26 0.045233022 
569 563 11 17 0.045135316 
966 168 15 25 0.044690102 
2 130 9 18 0.044485394 
229 255 27 30 0.04436932 
413 81 12 24 0.043900732 
1014 103 10 19 0.04381771 
68 146 16 27 0.043739185 
27 186 16 30 0.04335736 
419 145 17 23 0.04310822 
956 119 11 18 0.043074936 
106 145 21 37 0.04300609 
361 63 21 27 0.04278984 
943 12 15 26 0.042343106 
1002 194 18 23 0.042202443 
725 281 177 204 0.041696627 
23 4 14 23 0.041597214 
851 115 15 25 0.041430827 
894 203 17 30 0.041087758 
149 52 15 16 0.040979434 
343 165 19 30 0.040789727 
357 494 26 34 0.04076984 
429 154 9 17 0.0402256 
499 232 21 27 0.039989635 
485 230 18 29 0.039936785 
472 455 24 19 0.039618988 
444 148 10 14 0.0395699 
997 244 18 27 0.039293196 
896 90 10 17 0.039186973 
17 133 13 22 0.03900373 
214 1 10 14 0.038841408 
516 107 18 23 0.038650047 
639 161 11 17 0.038571663 
227 368 42 62 0.03854992 
957 207 19 29 0.038458664 
305 263 20 26 0.038417388 
752 204 29 46 0.038131822 
869 30 16 25 0.038059548 
914 15 9 16 0.037944518 
576 241 20 30 0.03737189 
228 275 31 40 0.03737109 
791 104 12 17 0.0371514 
576 293 33 43 0.03701631 
761 1 18 22 0.03700905 
627 232 20 29 0.036990475 
450 62 18 24 0.036984768 
595 248 21 28 0.03683124 
177 367 20 29 0.036555886 
383 81 18 26 0.036498047 
278 214 13 17 0.036331248 
598 12 11 15 0.036217045 
488 99 16 17 0.03615442 
766 13 18 28 0.03605328 
602 346 41 67 0.035739712 
904 180 15 21 0.03571633 
821 28 12 19 0.03560046 
934 174 11 20 0.03550747 
1026 228 17 28 0.03517723 
889 102 10 18 0.03511078 
943 183 16 26 0.035105526 
116 173 13 19 0.034787823 
318 71 15 18 0.03436891 
190 392 20 32 0.03401545 
974 232 13 23 0.03389889 
866 -1 12 18 0.03364743 
158 158 19 29 0.033593245 
395 69 20 25 0.03345692 
368 141 13 19 0.03323144 
528 14 11 19 0.03307986 
40 19 18 23 0.032801192 
743 4 17 24 0.032691896 
146 141 10 18 0.03265564 
124 8 13 16 0.032612894 
316 550 10 15 0.032545112 
595 175 19 28 0.03254251 
3 100 10 22 0.032437027 
167 111 19 24 0.032435074 
232 322 19 27 0.03238558 
68 253 11 21 0.032325625 
1002 135 8 16 0.032262906 
836 27 12 18 0.03213743 
841 186 30 43 0.03195292 
994 212 19 26 0.03170872 
49 238 22 37 0.03167598 
311 200 10 13 0.031569216 
43 4 11 11 0.031314388 
677 7 18 20 0.031176966 
492 122 17 21 0.030881133 
896 68 15 26 0.030745216 
673 255 19 30 0.03068325 
486 374 20 31 0.030659955 
562 88 16 25 0.030640723 
840 96 15 26 0.03058604 
630 212 21 29 0.030538183 
938 17 10 19 0.030478714 
1022 96 19 35 0.030377675 
956 175 17 26 0.030228367 
538 331 30 51 0.030187033 
1018 156 8 13 0.030174078 
515 11 11 14 0.02983158 
836 20 9 16 0.029758466 
4 148 18 32 0.029363727 
939 221 18 28 0.02935982 
36 123 17 28 0.029279232 
516 182 18 27 0.029053194 
1018 2 8 12 0.029010596 
699 4 19 22 0.028950728 
385 145 18 24 0.028886417 
752 103 11 15 0.02877768 
443 222 12 20 0.028768295 
970 277 29 42 0.028752217 
604 40 11 18 0.028451012 
61 179 17 28 0.028330173 
799 0 8 10 0.028087007 
853 152 14 21 0.027959941 
531 139 18 24 0.027903987 
527 50 13 19 0.0278419 
964 102 10 18 0.027817704 
341 159 12 18 0.027798831 
130 236 21 34 0.027716886 
308 213 13 18 0.027470104 
920 236 20 34 0.0274139 
860 40 16 26 0.027391022 
223 128 12 17 0.027349355 
914 177 16 28 0.027229035 
163 52 13 12 0.02718585 
1028 213 18 29 0.027030809 
811 3 11 16 0.026983561 
797 32 10 16 0.026887566 
1013 192 14 25 0.026803065 
957 144 16 28 0.026750183 
1003 209 12 18 0.026602477 
358 173 33 43 0.026509281 
403 47 18 28 0.02632539 
272 230 13 16 0.026313843 
1015 247 15 27 0.026286747 
649 0 21 25 0.026268413 
85 301 14 18 0.026126385 
475 341 52 74 0.026103575 
977 175 11 20 0.025882903 
294 196 16 24 0.025850656 
949 137 14 26 0.025779942 
681 19 12 15 0.02577624 
495 88 18 22 0.02576648 
512 253 13 19 0.025720188 
179 191 18 31 0.025704922 
192 303 16 19 0.025639517 
144 39 15 14 0.025543904 
0 32 5 18 0.025519567 
183 166 21 33 0.025488764 
591 18 11 15 0.025466952 
0 202 19 38 0.025320895 
779 109 13 20 0.025177848 
1023 261 19 32 0.02517726 
887 187 18 28 0.025158916 
212 250 30 42 0.025111193 
952 155 10 20 0.025021775 
640 450 22 36 0.024928955 
130 347 22 39 0.024902198 
920 40 16 26 0.02489963 
820 92 18 27 0.024817148 
961 141 11 16 0.024693375 
541 179 10 17 0.024659764 
1034 91 27 50 0.02464746 
464 78 13 16 0.024582746 
656 3 11 12 0.024511104 
77 284 19 28 0.024397658 
921 7 9 16 0.024388064 
156 306 11 16 0.02436022 
804 235 45 59 0.024341373 
1019 3 15 25 0.02428495 
876 73 18 27 0.024267066 
332 113 19 24 0.024255112 
352 107 16 24 0.024240876 
168 92 19 21 0.024205584 
325 439 35 44 0.02415735 
990 69 10 19 0.024024118 
510 340 25 38 0.023948656 
137 159 17 26 0.023906743 
605 123 19 29 0.023894759 
452 95 14 18 0.023891442 
576 185 17 27 0.023854986 
221 176 12 19 0.023807174 
846 195 14 19 0.023710568 
359 7 11 15 0.023699276 
376 134 11 18 0.023679467 
274 175 18 25 0.023606822 
174 408 37 47 0.023589594 
925 15 10 20 0.023538886 
557 180 16 25 0.023480363 
922 169 15 26 0.023479428 
1 125 7 15 0.02342451 
495 203 12 19 0.023326302 
79 178 11 17 0.023312984 
311 545 18 29 0.023287997 
1022 240 17 29 0.023279388 
924 204 10 17 0.023227446 
35 143 20 30 0.023217238 
129 111 11 18 0.023126457 
576 341 9 15 0.023010481 
679 421 33 56 0.02300691 
909 455 21 31 0.022972878 
118 80 15 22 0.022906136 
947 213 18 27 0.022902632 
350 151 21 33 0.022900848 
476 64 18 23 0.02277632 
480 76 17 22 0.022721276 
1013 313 18 33 0.022694932 
159 109 9 16 0.022690576 
611 212 20 33 0.022673197 
1006 7 8 14 0.022642523 
399 157 13 17 0.022629391 
885 224 13 24 0.022614593 
559 330 29 52 0.022578016 
705 0 14 14 0.02255234 
178 375 39 61 0.022516439 
56 4 12 10 0.022514477 
328 137 17 23 0.022505766 
102 210 21 32 0.022505619 
917 250 33 45 0.022421528 
549 79 19 26 0.02227623 
792 40 19 26 0.022272786 
565 162 17 24 0.022191552 
839 15 17 25 0.022146903 
820 1 20 26 0.02212739 
573 17 17 27 0.022100471 
970 106 11 19 0.02208749 
682 263 9 17 0.0219213 
476 379 22 38 0.021883525 
100 181 13 20 0.021879595 
974 11 19 25 0.021848347 
132 91 11 17 0.021842433 
229 86 20 27 0.021827426 
804 19 11 18 0.02181857 
36 7 10 15 0.021739818 
776 153 11 17 0.021736914 
481 358 12 18 0.021720074 
631 125 20 28 0.021645261 
245 29 12 17 0.021582898 
521 334 32 49 0.021534957 
433 155 18 27 0.021516688 
736 39 15 18 0.0215118 
570 308 23 39 0.02148577 
897 58 12 20 0.021482235 
889 114 10 19 0.021417076 
194 12 20 24 0.021378353 
0 106 8 21 0.021283329 
831 5 17 25 0.02127584 
310 255 32 48 0.02119375 
831 38 16 27 0.021179449 
725 29 19 28 0.021167992 
802 3 11 16 0.021125276 
82 135 10 17 0.021059409 
1038 205 27 44 0.020990849 
844 11 9 17 0.020981219 
588 134 11 18 0.020944929 
415 215 21 29 0.020906243 
690 121 21 41 0.020867711 
593 14 18 25 0.02085662 
263 283 20 25 0.020830318 
237 234 17 16 0.02078657 
203 98 11 15 0.020765493 
912 76 18 30 0.020728251 
370 93 17 25 0.020720135 
857 136 17 26 0.020694435 
797 254 10 15 0.020683208 
481 432 26 24 0.020627996 
141 155 9 17 0.020595226 
882 91 15 26 0.020590652 
949 3 16 24 0.020519432 
114 119 12 18 0.020506956 
519 172 14 21 0.02050164 
328 46 22 27 0.020494984 
485 195 11 14 0.020483159 
728 358 75 94 0.02045806 
193 406 7 12 0.020411797 
211 178 18 28 0.020404987 
222 111 10 15 0.020386567 
604 341 21 32 0.020342225 
622 198 20 30 0.020330839 
596 165 12 19 0.020317633 
121 161 18 30 0.020272402 
873 1 9 16 0.02020697 
503 189 12 19 0.02018019 
172 234 15 26 0.020178376 
381 10 13 16 0.02011411 
168 151 11 19 0.020042708 
