36_Football_americanfootball_ball_36_358
20
322 186 54 57 0.82032233 
217 54 44 62 0.23073459 
333 124 41 27 0.123032846 
530 502 43 30 0.11539068 
408 352 52 54 0.075523265 
885 565 4 5 0.036470436 
323 350 429 305 0.03561998 
286 428 60 63 0.03366472 
652 140 12 11 0.028751573 
702 51 17 25 0.025184723 
171 289 81 87 0.024797149 
165 528 40 34 0.023444565 
459 351 42 52 0.023380082 
425 320 53 62 0.022639643 
518 497 77 62 0.022482278 
897 565 3 5 0.02179479 
890 565 4 5 0.021542342 
876 564 4 6 0.021352332 
256 499 24 28 0.02093326 
872 562 5 6 0.02065186 
