36_Football_americanfootball_ball_36_279
21
723 695 133 114 0.29071966 
531 305 118 116 0.19822603 
442 173 79 90 0.16913855 
904 2 37 19 0.09129342 
661 356 42 82 0.08720624 
620 331 74 118 0.080039136 
858 -1 47 57 0.054019984 
652 491 367 460 0.050131526 
898 -4 60 45 0.049817126 
128 102 77 115 0.04885217 
785 303 78 131 0.040624868 
372 152 47 66 0.03958886 
481 597 88 90 0.034480277 
498 542 321 478 0.03023312 
363 834 182 221 0.02988571 
334 674 117 80 0.02680752 
701 368 98 111 0.021993533 
76 71 133 231 0.020607885 
607 337 145 190 0.020540223 
547 573 33 38 0.020157749 
384 889 93 128 0.020060593 
