36_Football_americanfootball_ball_36_681
97
429 153 146 164 0.99985075 
179 1196 603 614 0.13454647 
918 1407 7 9 0.04651455 
395 489 113 147 0.04529054 
896 1354 6 8 0.04241589 
1002 1579 7 10 0.039602812 
134 1638 4 5 0.039147492 
896 1362 6 7 0.03859693 
819 1538 7 8 0.03832414 
155 1647 4 6 0.03713975 
377 223 35 76 0.03557771 
575 551 19 23 0.034493648 
123 1639 4 5 0.033215445 
562 548 43 47 0.029841434 
905 1409 6 7 0.0297229 
993 1547 6 8 0.028052745 
145 1583 4 5 0.027236033 
25 1516 5 8 0.02696968 
884 1355 6 7 0.026715461 
3 1363 4 8 0.026526166 
216 1721 7 9 0.026499508 
166 1594 4 4 0.025923694 
113 1638 4 5 0.025922809 
133 1606 4 5 0.025899954 
145 1720 6 9 0.025828738 
144 1594 4 5 0.025616873 
819 1545 10 12 0.025439726 
940 1527 5 10 0.025433354 
851 1441 6 7 0.025368458 
189 1637 4 6 0.025136363 
863 1420 5 7 0.025036361 
123 1617 4 5 0.024933668 
875 1364 5 6 0.024451317 
993 1558 6 8 0.024251454 
3 1372 5 10 0.024106188 
145 1562 4 5 0.024074592 
904 1355 6 7 0.024062632 
905 1418 6 7 0.023986459 
251 1114 81 108 0.023966884 
884 1363 6 6 0.023729904 
143 1573 4 5 0.023514416 
973 1511 6 11 0.023471327 
133 1647 5 5 0.023349736 
614 1680 6 10 0.023183718 
896 1462 6 8 0.023170814 
3 1341 4 7 0.023164392 
567 1668 5 8 0.023096604 
351 493 40 66 0.022948725 
863 1452 5 6 0.022868913 
513 1718 11 13 0.022820605 
78 1526 5 6 0.022780912 
124 1605 4 5 0.022689456 
895 1344 5 6 0.022666363 
874 1376 5 6 0.022589529 
983 1571 6 8 0.022576118 
876 1387 4 6 0.022539278 
1016 1513 6 9 0.02245262 
2 1352 4 8 0.022308717 
937 1534 6 9 0.0222953 
958 1495 7 11 0.022217035 
771 1031 73 85 0.022150274 
156 1595 4 4 0.022110106 
136 1573 4 5 0.021909246 
751 1428 17 22 0.021883659 
101 1615 5 5 0.021786729 
873 1406 6 7 0.021738002 
961 1702 7 11 0.021630606 
1004 1571 6 8 0.021565532 
602 1668 6 8 0.021491019 
211 1720 8 9 0.021454174 
101 1606 5 5 0.021441594 
970 1462 6 8 0.021438893 
939 1363 5 6 0.021421142 
820 1385 6 7 0.021417323 
153 1721 6 8 0.02140339 
146 1647 4 5 0.021367403 
124 1647 5 5 0.02112896 
874 1298 5 6 0.021114416 
122 1626 5 5 0.021105362 
3 1402 6 12 0.020956011 
1014 1425 6 10 0.020911945 
144 1638 4 5 0.020894324 
983 1495 5 8 0.020881023 
876 1398 6 7 0.020830924 
969 1219 8 10 0.020790745 
982 1687 5 8 0.020755641 
928 1364 5 5 0.020693058 
884 1441 5 7 0.020679034 
875 1355 5 7 0.020622702 
1003 1539 6 8 0.02051112 
940 1353 6 7 0.020430032 
1017 1526 5 8 0.02026442 
929 1503 5 9 0.02023853 
520 508 71 82 0.02020242 
852 1429 6 7 0.020044835 
166 854 7 7 0.020035276 
217 1730 9 13 0.020029534 
