36_Football_americanfootball_ball_36_16
18
552 100 122 154 0.99878544 
374 398 90 142 0.21720514 
299 489 81 131 0.18160512 
367 24 47 74 0.072470054 
940 173 47 82 0.061700676 
296 290 89 102 0.05977692 
766 323 57 79 0.044138353 
709 393 97 150 0.033186536 
1003 34 49 108 0.027401645 
161 316 13 15 0.025632307 
231 4 77 113 0.024992628 
746 282 26 34 0.024549436 
388 352 10 12 0.02261306 
265 331 13 17 0.022568984 
350 408 17 31 0.02233456 
102 181 43 68 0.020903515 
740 332 54 66 0.020837868 
277 689 43 54 0.020705538 
