36_Football_Football_36_194
85
420 219 17 24 0.9948467 
456 190 12 16 0.99412256 
70 190 9 18 0.9885755 
555 300 21 25 0.9859368 
827 237 15 23 0.9710122 
989 139 11 13 0.9523145 
455 254 19 34 0.9004381 
404 146 10 15 0.80522275 
701 135 11 12 0.16781923 
380 185 8 12 0.13682236 
392 183 7 12 0.13537516 
984 128 6 10 0.09421329 
299 169 8 13 0.07625804 
568 296 20 24 0.07270058 
83 183 7 13 0.06891448 
376 548 19 37 0.062375072 
408 282 26 47 0.06185404 
408 564 21 47 0.060091365 
73 210 11 17 0.0569588 
554 292 13 24 0.055982187 
364 187 9 11 0.055638075 
48 193 6 11 0.052251603 
484 261 13 20 0.05173482 
51 181 4 6 0.0487057 
640 231 6 9 0.047902357 
65 182 4 7 0.045183692 
417 175 5 8 0.043772995 
590 565 5 6 0.04303177 
980 223 7 10 0.039131418 
894 227 8 13 0.03912548 
567 551 6 9 0.037770096 
853 164 29 50 0.037377913 
568 557 6 9 0.03722245 
744 139 13 15 0.036718544 
887 243 9 13 0.03579257 
646 169 7 8 0.03537557 
97 180 5 7 0.034806162 
414 190 9 15 0.033580303 
552 139 7 11 0.03324205 
402 265 18 34 0.03280109 
50 187 6 10 0.03279526 
445 271 16 30 0.032495935 
563 555 8 11 0.031625103 
91 224 6 9 0.03129231 
270 5 7 12 0.031161008 
451 278 23 40 0.029821714 
409 216 9 14 0.029504398 
845 292 18 27 0.029443877 
1 189 6 14 0.029442936 
62 219 9 17 0.02890934 
66 214 17 24 0.02866056 
545 522 86 91 0.027667655 
415 177 7 12 0.026652582 
461 266 24 37 0.026322847 
80 204 8 15 0.025775265 
581 553 6 7 0.025260646 
529 482 17 26 0.024917472 
463 2 3 6 0.024732256 
668 146 9 12 0.02472272 
641 228 4 6 0.024332792 
407 183 9 14 0.024272924 
390 554 28 45 0.024187839 
839 6 6 8 0.023943834 
1019 146 7 11 0.023641126 
473 259 19 26 0.023631927 
463 79 4 7 0.023131905 
847 126 26 34 0.023116536 
978 176 26 34 0.022618053 
526 6 5 10 0.022610256 
581 557 6 8 0.022531033 
401 182 10 14 0.022211106 
469 283 22 39 0.022132967 
509 145 9 12 0.021975765 
701 155 12 12 0.02193221 
394 180 9 13 0.021704732 
972 197 39 41 0.021686876 
418 406 4 5 0.021660343 
594 564 4 7 0.021117417 
707 153 11 11 0.020533325 
642 174 5 8 0.020374881 
622 175 5 7 0.020325411 
589 569 5 8 0.020248882 
858 211 7 10 0.020243155 
742 137 8 10 0.020128744 
455 3 3 5 0.02010401 
