27_Spa_Spa_27_656
24
195 44 58 77 0.99931586 
357 180 19 25 0.9986438 
938 206 58 77 0.9982912 
839 295 7 11 0.079803236 
711 257 8 15 0.042737138 
846 246 5 10 0.036619663 
793 301 8 13 0.03434199 
795 214 7 12 0.03132081 
718 210 5 10 0.030748129 
716 180 4 8 0.028476525 
805 289 6 7 0.027156506 
757 217 5 8 0.026486423 
837 302 8 13 0.02618128 
1008 211 31 53 0.024897318 
731 261 3 7 0.02399627 
981 216 49 75 0.023874022 
802 160 3 6 0.022971183 
811 296 7 10 0.022098448 
708 244 6 11 0.021932762 
4 34 28 67 0.021897607 
804 292 8 11 0.021138461 
724 297 7 12 0.020798432 
827 306 7 10 0.02078214 
397 151 9 13 0.020346556 
