27_Spa_Spa_27_782
27
408 179 80 105 0.99953866 
-50 369 427 324 0.14484495 
-30 169 423 306 0.13158627 
102 363 5 6 0.06968254 
458 261 39 52 0.05936434 
97 364 4 5 0.044993963 
550 -3 529 324 0.042771056 
614 532 11 14 0.031772062 
722 359 383 346 0.031180225 
795 -5 67 39 0.028412787 
364 338 25 30 0.02781647 
94 367 6 6 0.026210157 
33 64 238 155 0.025434388 
628 6 5 4 0.025156345 
620 523 7 7 0.02445547 
345 189 334 376 0.024446152 
0 361 3 9 0.023931567 
617 516 5 6 0.023690408 
971 51 75 85 0.022894276 
63 376 6 6 0.022462271 
653 491 5 7 0.022445586 
92 364 4 5 0.021726597 
484 5 10 6 0.021453641 
72 376 5 5 0.021148998 
516 238 193 146 0.020706188 
92 369 5 5 0.020325903 
1005 95 59 62 0.020028066 
