27_Spa_Spa_27_512
49
358 628 94 111 0.99646 
38 907 17 17 0.08967005 
486 725 9 10 0.080442294 
892 737 9 13 0.07752444 
505 154 22 28 0.061339937 
1007 796 8 11 0.058065534 
803 740 12 15 0.057776153 
779 953 15 16 0.05255365 
656 977 105 115 0.048803475 
455 946 291 214 0.04733808 
651 489 9 11 0.038460866 
599 752 11 14 0.037554134 
629 471 7 10 0.03650662 
699 746 13 14 0.035292495 
1004 789 8 11 0.034457453 
673 514 11 11 0.03395936 
991 788 8 10 0.03244742 
935 802 12 12 0.030217897 
208 746 10 13 0.029012635 
495 726 8 9 0.028872697 
665 505 10 10 0.028386382 
53 920 18 18 0.027874364 
935 750 7 8 0.027321475 
889 734 8 11 0.02633655 
806 736 8 10 0.02605007 
904 1182 78 61 0.025816938 
868 773 10 13 0.025575897 
648 502 10 12 0.024683934 
32 931 16 18 0.02439476 
683 727 10 10 0.024233744 
633 473 7 10 0.023991985 
634 748 12 15 0.023969028 
493 179 20 35 0.023597175 
749 695 6 7 0.023103438 
870 802 10 10 0.022482589 
619 520 9 13 0.021986827 
536 735 7 8 0.021594709 
597 515 11 19 0.021524731 
918 807 10 11 0.021361656 
931 750 7 9 0.021345675 
885 1072 32 30 0.021165362 
811 747 9 10 0.021110771 
634 478 7 10 0.021012476 
649 495 10 11 0.020798303 
867 815 10 11 0.020753825 
589 495 7 11 0.02022809 
870 750 9 10 0.020223437 
465 694 7 8 0.020219672 
530 740 9 10 0.020137701 
