37_Soccer_soccer_ball_37_113
40
522 148 118 172 0.9998714 
428 102 36 51 0.9903723 
715 77 69 107 0.9832218 
75 120 33 43 0.97997665 
274 166 35 47 0.9391561 
431 164 38 44 0.9235721 
205 24 58 63 0.8739031 
227 241 36 47 0.7373363 
143 184 37 52 0.18252496 
758 111 48 86 0.17466184 
97 193 27 40 0.16631266 
57 179 38 46 0.1446192 
387 186 28 48 0.115832895 
290 184 27 44 0.09610763 
230 133 32 58 0.09209836 
484 228 48 86 0.057816233 
978 151 28 44 0.05392512 
466 287 26 52 0.047304876 
591 35 62 70 0.04453085 
147 254 34 43 0.043424178 
182 297 21 25 0.04182118 
547 32 16 29 0.041433807 
320 147 23 41 0.0398385 
814 111 53 89 0.03947118 
878 94 59 91 0.03846817 
477 67 449 678 0.038293306 
1 161 29 43 0.03394209 
90 116 40 51 0.031311683 
325 956 133 250 0.029806929 
988 139 26 39 0.028172342 
391 359 32 47 0.026123269 
509 123 14 26 0.025732847 
326 312 27 39 0.02325099 
67 195 53 69 0.022507438 
375 248 34 64 0.022180427 
234 232 26 30 0.021489574 
665 131 218 314 0.020831918 
46 160 37 42 0.020640707 
926 277 47 44 0.020550858 
118 190 32 44 0.020124687 
