37_Soccer_soccer_ball_37_60
24
849 482 29 39 0.997336 
510 222 55 84 0.9881683 
227 447 32 36 0.9775724 
791 35 154 244 0.30473924 
376 352 94 81 0.19841714 
182 563 38 79 0.12989308 
658 1 111 136 0.07668704 
115 509 9 14 0.065660164 
379 441 117 121 0.052679457 
684 817 40 64 0.04607584 
523 440 32 34 0.045839027 
426 287 18 40 0.04249159 
412 295 50 59 0.03922583 
819 455 20 25 0.03325936 
492 666 82 70 0.03276744 
135 261 22 41 0.03005102 
210 587 42 81 0.029766116 
318 368 101 73 0.026447352 
840 699 12 16 0.026012411 
309 380 52 42 0.025571834 
119 529 12 18 0.025441457 
171 587 26 57 0.024745421 
774 559 11 14 0.024188861 
87 533 8 14 0.021422392 
