37_Soccer_Soccer_37_74
38
278 39 59 79 0.9985618 
669 68 64 84 0.9869854 
524 174 38 42 0.16436855 
728 66 47 80 0.10040723 
724 65 23 45 0.039208964 
508 109 148 173 0.032093693 
450 685 3 4 0.030238029 
-9 314 385 403 0.02961882 
450 704 3 5 0.026995413 
519 597 12 11 0.026485741 
450 699 3 3 0.025707113 
0 613 4 7 0.025064014 
456 698 3 4 0.024765905 
825 678 5 5 0.02404723 
442 704 3 5 0.023792887 
548 651 9 10 0.023788532 
443 698 3 4 0.023742734 
456 692 3 4 0.023428595 
437 544 4 5 0.022265203 
437 698 3 3 0.022226412 
10 683 3 5 0.02199298 
123 703 3 6 0.021783624 
443 679 3 4 0.021682242 
0 727 4 8 0.021549009 
438 703 4 5 0.021388022 
449 709 4 5 0.021307934 
363 152 81 91 0.020857295 
437 692 3 4 0.020696705 
129 698 3 4 0.020650173 
431 545 2 4 0.020412723 
9 679 4 7 0.020406973 
0 617 3 7 0.020189837 
664 73 8 17 0.020181695 
442 685 3 4 0.02015432 
8 690 4 6 0.020097112 
72 691 4 5 0.020094376 
8 665 3 5 0.020051224 
455 704 3 4 0.0200167 
