37_Soccer_soccer_ball_37_281
774
276 588 5 9 0.20409162 
177 558 7 11 0.19546837 
218 519 6 11 0.1869297 
232 587 9 13 0.17734954 
270 537 5 8 0.16479146 
172 549 5 9 0.15384273 
217 514 4 8 0.1382652 
201 549 5 10 0.122411706 
262 578 5 9 0.120860785 
973 324 4 4 0.1202408 
85 501 6 8 0.120136045 
224 551 5 8 0.11805224 
168 550 5 9 0.115528174 
219 558 4 8 0.10633045 
204 580 5 10 0.10602408 
272 584 5 9 0.1053284 
206 563 6 10 0.10506284 
954 317 4 5 0.104659975 
470 365 353 320 0.10402331 
608 534 4 6 0.102518134 
885 305 4 5 0.09839296 
215 569 7 12 0.09733458 
955 355 3 4 0.09334925 
931 311 4 4 0.0896856 
781 559 5 7 0.089359365 
950 317 3 5 0.0883968 
780 564 7 8 0.085638046 
217 564 5 9 0.085451744 
69 476 7 9 0.08544313 
981 338 3 4 0.08499537 
121 519 6 8 0.08471094 
148 520 5 8 0.083250366 
1 526 6 11 0.08180272 
982 324 4 4 0.08164784 
935 311 4 5 0.08057488 
180 546 5 8 0.0801989 
135 513 6 8 0.078705296 
136 508 4 7 0.07803277 
879 312 4 4 0.077732965 
878 318 4 3 0.07765161 
970 324 3 5 0.075535014 
360 628 5 11 0.07424333 
27 476 6 7 0.07407142 
96 509 5 8 0.07388393 
139 545 7 10 0.073832914 
374 666 8 10 0.072441526 
987 318 4 4 0.07229102 
363 641 6 10 0.07155587 
906 306 3 4 0.07112424 
898 344 4 4 0.07001399 
988 324 4 4 0.06998215 
231 564 5 8 0.06980772 
918 311 3 4 0.06951869 
904 344 4 3 0.06934733 
248 602 8 12 0.06830234 
225 557 5 9 0.068117805 
994 349 4 4 0.06740158 
892 318 3 3 0.06707576 
62 512 6 10 0.06694639 
205 559 5 9 0.06668623 
335 614 6 10 0.06597239 
117 520 5 7 0.06411215 
884 357 4 3 0.06355021 
776 565 5 7 0.06336883 
910 337 4 4 0.06323424 
951 344 3 3 0.06293345 
962 356 4 3 0.062812686 
849 325 3 4 0.06245273 
1019 341 5 7 0.062039524 
258 292 4 4 0.061618764 
860 323 4 4 0.061371557 
174 546 4 9 0.061292913 
866 324 3 3 0.061240003 
768 573 5 6 0.061238658 
73 524 8 12 0.06072509 
271 318 3 5 0.060694005 
873 311 4 4 0.06043992 
955 311 4 4 0.06040161 
138 549 8 12 0.059951495 
974 229 4 4 0.059816945 
943 356 3 4 0.05944829 
967 305 4 4 0.059057124 
96 495 5 8 0.058946203 
955 350 3 4 0.058797 
885 311 4 4 0.058740303 
964 305 4 5 0.058706585 
981 342 4 4 0.058695592 
249 571 5 8 0.058545828 
874 318 3 3 0.058436863 
975 312 3 3 0.058388114 
865 318 4 4 0.05806303 
969 330 4 4 0.057859004 
276 595 5 9 0.057841055 
245 571 5 8 0.05781238 
103 512 5 7 0.057512607 
910 342 5 4 0.057472143 
881 305 3 4 0.05732592 
886 318 3 3 0.057219565 
11 480 7 9 0.05689783 
200 565 5 9 0.056891024 
937 330 3 4 0.056588113 
1006 343 4 4 0.05582369 
608 538 5 7 0.055798773 
898 337 4 3 0.055758912 
1007 324 4 4 0.05531518 
266 319 3 5 0.05529279 
234 611 10 18 0.05510628 
194 531 6 9 0.05478122 
143 520 5 8 0.05418477 
950 356 4 4 0.053916052 
630 328 4 5 0.053564847 
892 345 3 3 0.05296969 
982 319 4 4 0.05265518 
1011 366 6 6 0.052617576 
237 564 5 8 0.052572645 
281 589 5 10 0.052563213 
969 337 4 4 0.052446775 
879 324 3 3 0.052366726 
993 325 4 3 0.05202572 
936 337 4 4 0.05200796 
223 587 7 10 0.051923644 
245 583 5 8 0.051846873 
641 479 5 10 0.051656354 
1008 304 3 4 0.051365227 
936 325 3 4 0.051228493 
892 311 3 4 0.05113618 
163 552 5 8 0.05096955 
193 570 5 10 0.050660383 
606 534 4 6 0.050555944 
1013 319 4 4 0.05016124 
204 547 5 9 0.05013853 
238 571 5 10 0.049943265 
0 499 5 11 0.04942135 
886 344 4 3 0.049417004 
547 305 3 6 0.0493739 
245 577 4 8 0.04920305 
142 480 5 10 0.049169347 
214 343 4 5 0.04915868 
905 331 3 3 0.049121022 
899 332 3 3 0.048888046 
861 319 3 4 0.048847742 
1013 323 4 4 0.048337158 
924 311 3 4 0.047713667 
987 343 4 4 0.047596756 
384 657 7 10 0.047133375 
195 527 5 8 0.046801012 
80 302 12 16 0.046616416 
929 349 4 4 0.046543393 
194 547 5 8 0.046536006 
271 588 5 9 0.046470888 
376 660 7 10 0.046448063 
230 558 5 10 0.046177022 
220 553 4 7 0.046062753 
76 455 7 10 0.04586771 
27 480 7 9 0.045422453 
250 577 5 8 0.045412015 
988 312 3 3 0.04532646 
187 297 4 5 0.045264464 
1020 317 5 6 0.045154084 
1019 321 5 7 0.045094866 
251 590 6 9 0.044915397 
347 629 5 9 0.044846542 
963 310 3 4 0.0448444 
693 332 3 4 0.04481391 
942 330 4 4 0.044785786 
168 532 5 9 0.044621475 
78 505 7 9 0.04443483 
853 325 3 3 0.044383727 
1014 343 3 4 0.044329453 
1021 335 4 7 0.04421369 
899 311 3 4 0.044122327 
764 573 4 6 0.044087548 
424 661 7 11 0.04400155 
139 507 5 8 0.0436015 
872 362 4 3 0.043511327 
181 296 4 5 0.04345122 
1018 366 6 8 0.04341919 
905 338 4 3 0.0433958 
234 543 7 11 0.043157738 
988 338 4 3 0.043152303 
931 317 4 4 0.04308656 
179 567 7 12 0.043025244 
897 357 4 3 0.042993862 
175 526 4 8 0.042945977 
220 324 4 4 0.042937372 
924 356 4 3 0.042842187 
1001 343 4 4 0.042569913 
823 324 3 3 0.042559348 
912 332 3 3 0.042499427 
226 563 5 9 0.042422343 
950 323 3 5 0.0423405 
962 350 3 4 0.042256974 
292 600 6 13 0.04198828 
891 324 4 4 0.041943505 
906 311 3 3 0.04191837 
982 350 3 4 0.041748695 
899 325 3 3 0.04170466 
988 331 4 3 0.041555837 
180 551 5 9 0.04148284 
886 324 3 4 0.041405767 
174 531 6 12 0.04128731 
893 331 3 3 0.04123376 
981 331 4 3 0.041232385 
177 536 6 12 0.04111238 
91 494 5 8 0.04084746 
252 596 6 11 0.04084304 
202 343 3 4 0.040777244 
886 350 3 3 0.040663254 
221 330 3 4 0.0406466 
307 608 7 10 0.04061761 
906 318 3 3 0.040468268 
974 330 4 4 0.04045273 
399 653 5 10 0.04040575 
64 599 9 16 0.040361457 
912 318 3 3 0.040360287 
992 336 5 4 0.040273733 
270 647 9 11 0.04026344 
898 349 3 4 0.04024401 
970 229 3 3 0.040186055 
937 306 3 4 0.040175945 
1001 324 4 4 0.040171813 
969 318 3 4 0.04011532 
1020 347 5 7 0.040042523 
403 658 7 10 0.040039916 
398 647 5 8 0.040032774 
199 316 4 5 0.039995495 
905 325 3 3 0.039931633 
271 323 3 5 0.03972997 
954 322 4 5 0.03963241 
19 489 6 7 0.039596364 
51 468 5 6 0.03951367 
950 311 3 4 0.039298322 
4 525 7 10 0.039247762 
994 356 4 3 0.039107274 
295 324 4 5 0.039018527 
975 337 3 4 0.03899874 
161 531 5 9 0.038987067 
117 540 6 8 0.038970105 
968 356 3 4 0.03893942 
776 570 5 7 0.03890728 
993 331 4 3 0.03882144 
924 325 3 3 0.038728323 
780 568 7 10 0.038696107 
931 306 3 3 0.038682558 
642 324 4 4 0.03856286 
252 305 4 5 0.038552277 
174 570 6 9 0.038528763 
931 324 4 4 0.038496617 
211 564 5 10 0.038379993 
943 324 4 4 0.03832482 
1 432 3 5 0.03827747 
873 357 3 3 0.038270466 
201 578 5 9 0.038248356 
522 331 3 4 0.03818314 
227 343 3 5 0.03811266 
1007 329 3 5 0.038107768 
160 571 6 10 0.037951715 
899 306 3 4 0.03776442 
728 528 6 7 0.037672926 
879 357 4 3 0.037647605 
187 349 3 4 0.037515204 
199 538 5 9 0.03747528 
610 324 3 4 0.037438598 
273 537 5 9 0.037424497 
952 306 3 4 0.037392344 
244 565 5 9 0.037336953 
745 310 3 6 0.037295222 
1007 310 4 4 0.0370805 
233 293 4 4 0.036894273 
205 526 6 11 0.03681444 
214 310 3 4 0.036760017 
924 317 3 4 0.036690645 
1000 305 4 4 0.036611762 
995 305 3 4 0.036554623 
93 324 9 15 0.036531612 
184 564 6 10 0.036377307 
962 318 4 4 0.036364436 
1020 354 5 7 0.036353663 
975 356 3 4 0.036336713 
93 509 4 7 0.036329772 
1013 356 4 5 0.03632121 
994 318 3 4 0.036267884 
899 318 3 4 0.036200743 
892 357 4 3 0.035952132 
1019 302 6 8 0.03588434 
278 324 3 5 0.035775963 
846 329 4 5 0.035701543 
165 571 6 10 0.035698142 
912 311 3 4 0.03566871 
305 331 3 4 0.035645977 
936 317 3 4 0.035644703 
828 338 3 3 0.03556639 
86 496 5 7 0.035403114 
8 432 5 5 0.035354532 
955 345 4 3 0.035237458 
891 350 4 3 0.03521227 
286 567 7 14 0.035158385 
252 308 4 6 0.035145387 
262 297 4 5 0.03507814 
924 331 4 3 0.035048306 
700 330 3 4 0.03504303 
292 324 2 5 0.035025727 
982 312 3 3 0.03499154 
969 310 3 5 0.034919515 
212 525 6 11 0.03491077 
634 329 4 5 0.034836285 
161 348 4 4 0.03475765 
1008 365 6 6 0.034652296 
526 308 5 7 0.034567513 
351 627 5 10 0.034487426 
994 362 4 4 0.034388587 
288 596 6 11 0.034359206 
239 304 4 5 0.03422448 
214 575 6 9 0.034213897 
165 555 6 11 0.034193415 
1010 362 5 6 0.034126915 
687 337 3 3 0.034041405 
134 517 6 9 0.03398426 
198 569 6 10 0.03396473 
631 325 3 4 0.03391654 
220 547 4 7 0.03385041 
91 512 5 8 0.033731647 
156 566 4 8 0.033638563 
968 233 3 5 0.033607937 
258 578 5 8 0.033561733 
969 343 4 4 0.03353305 
140 513 5 8 0.0334824 
917 306 4 4 0.033460937 
259 324 4 5 0.033436242 
994 312 3 3 0.033396054 
115 525 5 8 0.033336196 
204 567 6 12 0.03331084 
975 318 3 4 0.03315199 
240 330 3 4 0.03314688 
213 331 3 3 0.033140253 
975 343 3 4 0.033107042 
1014 348 4 5 0.033027418 
892 306 3 4 0.032957364 
1006 349 4 4 0.032944724 
930 331 3 4 0.032796696 
1000 319 4 3 0.032776844 
1013 336 4 5 0.032695934 
701 325 3 4 0.032513306 
923 337 4 4 0.03246307 
141 540 6 9 0.03245209 
208 350 3 4 0.032408018 
1049 255 8 12 0.032400876 
897 362 4 3 0.03237824 
975 232 3 4 0.032350466 
905 362 4 4 0.03227662 
904 357 4 3 0.032237124 
929 356 4 5 0.032168977 
910 363 4 3 0.032146655 
130 507 5 7 0.03200829 
962 337 4 4 0.03198436 
181 292 4 5 0.03190048 
160 527 5 8 0.031886134 
880 351 3 2 0.03187929 
131 494 4 7 0.031855457 
258 583 5 9 0.03184053 
206 355 4 4 0.031646065 
860 363 4 3 0.03162085 
948 227 4 4 0.031592585 
220 310 3 4 0.03158392 
247 318 3 4 0.0315574 
243 605 7 12 0.031543314 
924 362 4 3 0.031518944 
988 350 4 4 0.0315045 
853 363 4 3 0.0314735 
706 330 3 4 0.031386994 
763 576 5 8 0.0313418 
928 361 5 4 0.03124508 
289 337 4 5 0.031238426 
258 573 4 7 0.031219348 
924 343 4 4 0.031128453 
937 350 4 4 0.03107814 
205 248 392 288 0.031058256 
950 337 3 4 0.030972343 
232 343 4 5 0.030911561 
1 443 5 7 0.030813891 
1007 357 4 3 0.03072717 
245 344 3 4 0.030707818 
605 538 5 7 0.030704085 
220 350 4 4 0.030677114 
917 362 4 3 0.03054793 
109 526 6 7 0.030445995 
917 337 4 4 0.030386323 
917 317 3 4 0.030369299 
371 670 8 11 0.03034909 
1001 330 4 4 0.030262854 
226 330 3 4 0.030225622 
219 355 4 5 0.030221248 
96 629 9 16 0.03014847 
233 330 3 4 0.030147914 
351 622 5 9 0.03011674 
969 350 3 3 0.030086488 
936 343 4 4 0.030084318 
66 479 6 8 0.030082244 
78 545 6 10 0.030078573 
185 569 6 11 0.030021157 
296 329 3 5 0.030012773 
693 335 4 4 0.029983267 
284 324 3 5 0.029947598 
134 495 5 8 0.02994236 
1046 242 9 12 0.029912017 
987 356 4 4 0.029864643 
225 350 4 4 0.029847475 
991 220 6 6 0.02982059 
951 350 4 3 0.029788552 
954 306 4 4 0.029767502 
21 477 5 6 0.02976706 
994 344 4 3 0.029703772 
591 317 3 4 0.02962258 
249 584 6 9 0.029532129 
187 518 5 9 0.029530616 
878 331 4 4 0.029527815 
1013 329 4 5 0.029522393 
0 494 5 10 0.029473705 
238 297 4 5 0.029440496 
982 355 3 4 0.029430974 
873 325 3 3 0.029403513 
291 329 3 5 0.029361237 
1000 349 4 4 0.029355515 
771 221 4 5 0.029226525 
778 561 4 5 0.02919216 
273 550 7 10 0.029191572 
975 350 3 3 0.029172918 
254 589 5 9 0.02916303 
1001 312 3 3 0.02915254 
930 336 4 4 0.029145572 
199 349 4 5 0.029130846 
224 547 4 8 0.0290865 
212 547 4 7 0.029064128 
373 636 6 9 0.029046427 
12 432 5 6 0.028989263 
232 295 5 6 0.02897188 
757 362 4 4 0.02896791 
526 330 4 4 0.028943295 
945 317 3 4 0.028939445 
1021 316 16 22 0.028928127 
872 331 4 3 0.028921818 
689 331 2 4 0.028915338 
265 323 3 5 0.028838485 
193 298 4 5 0.028786639 
153 520 5 8 0.028762419 
558 553 6 6 0.028755793 
635 324 4 4 0.028755298 
178 526 5 9 0.028608583 
587 316 3 5 0.028509451 
911 305 3 5 0.028440874 
873 306 3 3 0.02833464 
868 311 2 4 0.028312158 
924 350 4 4 0.02828827 
712 317 3 5 0.02823465 
937 355 4 5 0.028197994 
231 578 6 9 0.0281688 
925 306 2 4 0.028140975 
287 591 6 9 0.028089328 
885 363 4 2 0.028086318 
195 316 4 5 0.028073616 
207 317 3 4 0.028042642 
944 312 3 3 0.028021213 
853 329 4 4 0.027968954 
904 349 4 3 0.027957337 
253 293 3 3 0.027851406 
2 437 4 5 0.027844101 
50 465 5 5 0.027826216 
212 558 5 9 0.027802885 
892 362 4 3 0.027768828 
225 310 4 5 0.027752412 
206 343 3 4 0.027736038 
284 329 3 5 0.027718874 
240 343 3 5 0.027707735 
175 296 4 5 0.027697202 
255 304 5 6 0.02768807 
655 324 3 4 0.027634555 
1020 328 5 8 0.027610715 
175 292 4 5 0.027573211 
219 528 5 11 0.027542885 
51 506 6 6 0.027541123 
185 539 5 9 0.027535437 
874 352 2 3 0.027530512 
1007 318 4 4 0.027525855 
232 349 4 4 0.02751155 
826 324 4 4 0.027491162 
885 300 4 4 0.027464373 
669 331 3 4 0.027441878 
866 363 4 3 0.02741857 
822 339 3 3 0.027409583 
285 338 2 4 0.027361427 
564 28 400 401 0.027331868 
982 306 3 3 0.027296828 
262 573 5 8 0.027285952 
917 331 4 4 0.027205547 
962 344 3 3 0.027193805 
185 545 4 9 0.027134575 
371 640 6 9 0.02713049 
187 292 3 5 0.027129084 
289 341 4 6 0.027104622 
880 300 3 3 0.027078796 
917 350 4 4 0.027037349 
674 331 3 4 0.027007258 
188 356 3 4 0.026992576 
308 336 3 4 0.026988383 
553 308 3 5 0.02698222 
269 578 5 8 0.026937088 
304 336 3 5 0.026935091 
188 310 4 4 0.026930302 
227 337 3 4 0.026929205 
157 349 3 4 0.026887894 
661 318 4 4 0.026869655 
163 547 4 7 0.026834616 
649 318 3 4 0.026820099 
893 338 3 3 0.0267593 
193 565 5 9 0.026736742 
975 305 3 4 0.026717924 
1000 362 4 4 0.026703482 
272 311 3 5 0.026685461 
220 583 6 10 0.026546914 
63 468 5 6 0.026498474 
886 339 3 2 0.026450336 
943 336 3 5 0.026447684 
219 337 3 4 0.026443647 
61 463 7 8 0.02641747 
1019 361 6 7 0.026336655 
281 585 5 8 0.02629775 
246 309 3 5 0.026288671 
278 337 3 4 0.026284317 
272 652 9 10 0.026270714 
155 570 6 9 0.02626186 
0 449 4 7 0.026178012 
259 318 4 5 0.02613534 
218 343 4 5 0.026116814 
232 569 5 9 0.02610805 
191 244 10 9 0.026103837 
930 344 4 4 0.026038773 
47 465 4 6 0.026026696 
107 539 7 9 0.025957694 
750 309 4 6 0.025943121 
214 337 4 4 0.025821637 
91 489 4 7 0.02580419 
208 305 3 4 0.02576909 
963 324 3 4 0.025726689 
236 558 6 10 0.025657538 
578 324 3 4 0.025656875 
252 324 3 4 0.025576392 
868 358 2 2 0.025504842 
284 311 3 5 0.025499167 
284 342 3 5 0.025431348 
134 501 5 8 0.025396755 
213 551 5 8 0.025389038 
189 608 5 10 0.025320213 
72 519 7 10 0.025306586 
711 337 4 4 0.025293317 
623 330 3 4 0.02527527 
148 555 7 11 0.025273126 
207 311 3 4 0.025245395 
193 304 4 5 0.02524044 
1019 225 6 8 0.025202975 
955 331 4 4 0.02516689 
251 318 4 4 0.025149504 
917 325 3 4 0.02510786 
1 468 6 10 0.025095947 
955 362 4 3 0.025091538 
543 550 128 145 0.025045285 
911 356 4 4 0.025043013 
854 276 3 6 0.025007134 
251 298 4 4 0.024968643 
26 437 5 6 0.02493317 
215 355 3 4 0.024927383 
258 295 4 5 0.024891214 
362 633 6 12 0.024813829 
389 654 6 9 0.02480786 
233 304 4 5 0.024779744 
917 356 4 4 0.024633316 
649 323 4 4 0.024621205 
822 330 4 4 0.024596399 
114 557 7 10 0.02457246 
943 361 4 4 0.024497561 
48 580 9 16 0.02447845 
226 324 3 4 0.024463704 
289 573 6 11 0.024452465 
207 324 4 4 0.024390208 
642 500 6 10 0.024340313 
204 596 6 9 0.024320267 
866 330 4 4 0.024306657 
833 338 4 4 0.024233216 
912 325 3 3 0.024217667 
213 349 4 4 0.024191024 
629 335 5 5 0.024170851 
559 308 3 6 0.024168603 
852 367 4 4 0.024132363 
238 292 4 5 0.024066508 
949 361 4 4 0.024063267 
708 318 2 4 0.02399051 
298 311 3 4 0.023982486 
131 514 5 7 0.023981312 
707 324 3 4 0.02397752 
860 358 3 2 0.023951247 
208 329 3 5 0.02390559 
175 520 4 8 0.023903396 
233 325 3 3 0.023833074 
808 239 3 5 0.023826752 
916 344 4 4 0.023818282 
981 233 4 5 0.023805058 
949 330 4 4 0.02377974 
248 550 7 11 0.023767818 
265 329 3 5 0.023759015 
957 337 3 4 0.023746897 
917 369 5 4 0.023689711 
1007 337 4 4 0.023679195 
24 149 341 324 0.02362849 
608 529 5 7 0.023620287 
925 274 3 4 0.023506287 
1013 227 4 5 0.023492556 
1034 364 9 15 0.023400096 
245 348 4 5 0.02339922 
758 357 3 4 0.023357794 
202 557 5 8 0.023345616 
758 279 3 4 0.023338735 
964 331 3 3 0.023337614 
842 331 4 4 0.023309948 
656 319 3 4 0.023263644 
225 578 6 9 0.023220388 
989 306 3 3 0.023202239 
238 310 4 5 0.02320131 
872 337 4 4 0.023159822 
172 596 6 11 0.023148773 
769 567 5 5 0.023139583 
591 311 3 4 0.023114992 
767 576 6 7 0.023102669 
258 344 3 4 0.023082843 
90 483 4 6 0.02302926 
911 278 3 4 0.023001805 
807 338 4 3 0.023001006 
924 277 3 5 0.022936592 
194 322 4 5 0.022912942 
1020 220 5 7 0.022898693 
187 551 4 8 0.02289217 
1021 297 15 21 0.022802906 
840 336 5 4 0.022798004 
796 279 4 5 0.022770993 
252 329 3 5 0.022748733 
298 337 3 5 0.022738086 
1049 267 8 13 0.022719756 
769 356 4 4 0.02271801 
1001 337 4 3 0.022672094 
41 463 5 6 0.022626594 
682 337 3 3 0.022593088 
994 207 6 6 0.022582492 
274 578 6 10 0.022567071 
86 311 9 14 0.022553243 
1020 276 5 8 0.022523116 
762 219 5 6 0.022497611 
584 330 4 5 0.02249023 
130 519 5 8 0.022474268 
1020 271 5 7 0.022473611 
565 330 4 3 0.022446828 
854 358 3 2 0.02244289 
942 350 3 4 0.022435823 
770 308 4 5 0.02242174 
1020 298 5 6 0.022399636 
160 506 6 10 0.022379806 
315 349 5 5 0.022374922 
18 481 6 6 0.022355853 
244 587 6 11 0.022353023 
1021 310 5 6 0.02234608 
28 470 5 7 0.022344088 
853 304 3 5 0.022335667 
1001 300 3 3 0.022328876 
604 324 4 4 0.022324339 
880 345 3 3 0.022321051 
520 334 4 5 0.022259653 
295 573 7 14 0.022258896 
173 513 6 10 0.022258315 
674 345 4 3 0.022254977 
986 226 5 6 0.022222603 
1011 304 5 5 0.022133302 
202 338 3 3 0.022103772 
763 279 4 5 0.022079002 
929 369 5 4 0.022013254 
390 642 6 9 0.02197924 
988 221 5 5 0.021967895 
52 490 5 6 0.021932555 
201 311 3 4 0.021893213 
172 576 7 9 0.021891091 
604 310 4 4 0.021880582 
931 273 3 4 0.021831185 
50 445 6 7 0.021820968 
759 308 3 6 0.021772083 
225 532 4 8 0.021758007 
961 362 4 3 0.021716628 
221 524 5 10 0.021712549 
278 329 3 5 0.02168153 
586 311 3 4 0.021656614 
981 229 4 4 0.02164514 
942 305 4 4 0.02164235 
266 337 3 4 0.02161206 
1006 216 5 5 0.021581497 
130 502 5 7 0.021568533 
789 221 4 5 0.021567445 
109 515 5 6 0.021562086 
918 277 4 5 0.021530291 
776 222 3 5 0.021526048 
298 349 3 5 0.021509165 
515 332 4 4 0.021473914 
220 305 4 4 0.021472352 
272 330 3 5 0.021455012 
822 344 4 3 0.021373045 
201 322 3 5 0.021332353 
802 341 4 4 0.021288967 
687 310 3 4 0.021288106 
734 547 6 7 0.021277824 
417 666 8 11 0.021227337 
302 342 4 5 0.021212427 
47 509 5 6 0.021203468 
668 324 3 4 0.021190245 
275 535 4 6 0.021160092 
743 240 4 4 0.021128012 
124 526 5 7 0.021087274 
308 331 3 5 0.021062084 
815 344 3 3 0.021012954 
207 285 3 4 0.021012018 
1011 370 7 8 0.020993857 
337 608 7 12 0.020983214 
963 268 3 4 0.020978907 
943 344 3 4 0.020942613 
771 -166 227 144 0.020940851 
183 350 3 4 0.020928098 
33 426 5 6 0.020914942 
239 348 4 5 0.02091044 
694 310 3 4 0.020909384 
790 279 4 5 0.020883707 
855 272 2 5 0.020861004 
282 601 6 10 0.020855928 
995 201 4 5 0.02081422 
743 314 5 7 0.020801362 
910 350 4 4 0.020794133 
937 277 4 5 0.020774739 
239 317 3 5 0.02072414 
196 350 3 4 0.020689659 
0 464 6 8 0.02061587 
38 488 6 7 0.020613898 
349 622 5 8 0.020593315 
169 528 4 8 0.020586286 
617 324 3 4 0.02056319 
423 653 6 9 0.020558074 
323 329 3 5 0.020542212 
268 530 14 24 0.020519746 
259 329 3 4 0.020501005 
962 207 4 5 0.02047707 
6 474 7 10 0.020465005 
765 357 3 4 0.02045913 
686 342 4 4 0.020458871 
993 214 6 5 0.02038643 
1036 317 7 11 0.0203692 
963 229 3 3 0.02036429 
127 526 6 8 0.020351969 
764 308 4 6 0.020351201 
1007 299 3 4 0.020335712 
46 489 5 5 0.020306215 
963 300 3 3 0.020249495 
194 538 5 9 0.020249277 
558 337 3 4 0.020186283 
402 647 6 9 0.020172408 
262 595 6 9 0.020152032 
59 468 6 7 0.020140463 
815 338 3 3 0.020133752 
298 305 2 4 0.020133208 
821 496 5 7 0.020108143 
283 568 6 12 0.02009907 
359 623 6 10 0.02008161 
290 318 3 4 0.020038744 
681 325 4 3 0.020027457 
