37_Soccer_soccer_ball_37_479
33
474 42 101 63 0.929931 
783 658 119 96 0.82664824 
51 42 200 212 0.43510717 
623 -11 452 353 0.29910204 
508 51 41 35 0.28575435 
693 215 87 77 0.08828721 
528 72 22 22 0.08371231 
431 -8 144 172 0.06832277 
377 412 16 27 0.056562588 
365 29 17 14 0.04653845 
733 288 97 144 0.044410806 
703 253 53 64 0.04033357 
482 80 36 35 0.03692723 
674 63 262 175 0.036154844 
639 710 7 9 0.034244187 
396 46 33 49 0.03350664 
536 483 11 14 0.031502806 
426 79 156 257 0.031046513 
598 723 10 12 0.028808912 
481 434 22 38 0.0280716 
300 461 121 114 0.027198033 
501 69 40 32 0.026182568 
3 617 20 36 0.02470335 
661 51 114 127 0.02452608 
759 254 78 104 0.02374187 
819 646 58 49 0.02373524 
186 403 395 475 0.023621647 
228 528 105 108 0.023266055 
652 239 340 569 0.023089243 
612 723 9 10 0.021970928 
231 704 56 56 0.021531893 
416 108 308 384 0.021470712 
691 573 15 13 0.020341014 
