37_Soccer_Soccer_37_469
23
312 121 54 81 0.99834156 
652 53 55 78 0.9983292 
581 276 52 48 0.5973697 
523 280 17 32 0.091527484 
422 280 26 38 0.07617513 
1000 15 20 39 0.07294805 
516 242 17 25 0.0608511 
299 175 17 31 0.05368805 
777 49 40 84 0.042655855 
686 248 67 140 0.03584889 
292 506 36 40 0.033996478 
438 183 49 69 0.03153212 
893 227 80 90 0.02923386 
697 78 19 35 0.028495105 
1001 115 28 56 0.026500734 
593 295 43 61 0.026394958 
526 244 11 18 0.022078495 
436 89 20 29 0.021530235 
439 351 25 29 0.021372946 
377 542 38 51 0.021221893 
338 165 26 36 0.021057459 
100 10 12 15 0.020661231 
456 9 11 14 0.020263433 
