37_Soccer_soccer_ball_37_28
44
384 103 37 49 0.9979873 
726 42 32 49 0.99427336 
617 39 42 45 0.9937861 
369 150 32 54 0.83305204 
561 64 21 36 0.67558104 
489 153 37 40 0.19644587 
597 481 36 57 0.16934969 
333 173 32 49 0.11336149 
870 31 23 29 0.09478934 
566 54 36 55 0.088373445 
567 310 22 44 0.07576782 
712 204 20 34 0.075177 
805 51 19 21 0.071442604 
570 320 56 126 0.0644329 
316 410 35 66 0.0542026 
845 244 196 163 0.0489748 
312 187 45 55 0.043913566 
282 204 36 42 0.042738836 
672 193 35 45 0.041256 
648 470 33 58 0.040827554 
474 474 35 76 0.040173132 
504 78 35 41 0.03662085 
864 39 35 50 0.036307234 
473 137 39 47 0.034591224 
349 167 27 45 0.032609254 
698 210 28 36 0.030773256 
686 31 19 24 0.02873026 
505 126 24 31 0.027840666 
267 591 22 26 0.027789703 
668 217 43 58 0.027085463 
287 169 36 36 0.02442132 
580 69 36 52 0.0226394 
421 199 29 25 0.022416206 
192 248 4 4 0.022004725 
474 57 15 11 0.021789778 
882 14 18 32 0.020958593 
1017 184 9 15 0.02081304 
983 2 10 12 0.02035632 
897 1 14 12 0.020227974 
330 265 45 42 0.020195793 
892 18 10 15 0.020119902 
130 312 3 5 0.02008397 
885 48 10 17 0.02003949 
10 185 157 166 0.020014534 
