37_Soccer_soccer_ball_37_867
407
250 236 46 66 0.99985695 
687 104 46 70 0.9996183 
509 55 50 77 0.9986669 
518 215 47 73 0.9977266 
900 225 41 56 0.9975116 
385 203 33 53 0.9967616 
85 287 29 45 0.97146636 
476 335 15 25 0.25422567 
479 258 19 30 0.24754839 
179 229 5 9 0.14527574 
486 311 19 21 0.13593832 
12 241 5 9 0.12267983 
8 243 5 8 0.122022726 
51 282 5 7 0.1194953 
198 186 5 8 0.11718625 
194 191 6 9 0.10641837 
213 187 4 6 0.10488017 
10 297 7 10 0.10451395 
19 312 8 11 0.09846345 
218 186 5 7 0.09180744 
38 268 5 7 0.09173794 
140 160 8 9 0.08512192 
48 256 5 7 0.08328247 
28 283 4 6 0.08237272 
451 389 18 24 0.080276564 
181 141 5 8 0.08014063 
227 180 4 6 0.080042005 
358 327 22 21 0.07574203 
200 226 5 6 0.0755744 
179 288 6 10 0.072749384 
250 198 5 7 0.07068808 
52 261 4 6 0.070332885 
34 263 4 7 0.06926235 
35 268 5 7 0.06870828 
252 211 6 8 0.06819182 
51 286 6 7 0.06772834 
47 249 5 7 0.0677092 
40 166 5 8 0.06557412 
185 141 5 8 0.06460016 
181 235 5 8 0.06408353 
59 277 4 5 0.06392847 
51 257 4 7 0.06297054 
141 321 5 8 0.06258814 
125 270 4 6 0.062466282 
64 289 7 9 0.061066847 
2 244 4 7 0.06104424 
39 283 5 6 0.061012264 
160 215 6 8 0.06020629 
178 225 6 8 0.059788942 
33 153 5 8 0.059310496 
153 224 5 7 0.059203688 
174 288 6 10 0.05738105 
127 260 7 10 0.057181098 
78 275 7 8 0.056225844 
166 273 6 10 0.056174815 
59 281 4 6 0.055950727 
444 374 12 17 0.055469356 
48 282 5 7 0.05494345 
232 219 5 7 0.054510083 
788 270 5 7 0.053616453 
843 280 9 9 0.052857675 
346 312 38 42 0.052466046 
128 269 4 7 0.052136976 
47 261 5 6 0.051925518 
201 153 4 7 0.05150152 
28 251 4 6 0.051403467 
164 177 8 12 0.051391095 
7 247 5 8 0.051256068 
165 231 6 9 0.050831627 
187 238 5 7 0.050685372 
245 204 6 8 0.04968777 
225 193 5 7 0.04889147 
294 333 145 233 0.047894515 
214 191 4 6 0.047372997 
332 343 9 12 0.04719902 
66 269 4 6 0.047018774 
32 283 4 6 0.046068233 
252 193 4 6 0.045914106 
200 148 4 6 0.045005776 
162 230 6 8 0.044933066 
187 159 5 8 0.044613995 
175 230 5 8 0.044610832 
21 250 4 7 0.043618187 
8 313 7 8 0.043555383 
181 255 5 8 0.043147832 
214 172 3 6 0.042778924 
150 223 5 7 0.04235646 
11 313 7 10 0.04180186 
130 275 4 6 0.041621733 
34 127 4 7 0.040770754 
47 276 4 6 0.040640276 
218 190 5 7 0.040450167 
69 165 6 9 0.040245246 
39 264 4 6 0.03994169 
478 241 37 53 0.03993128 
206 155 3 6 0.039722346 
43 316 11 14 0.03966988 
250 205 5 6 0.03933163 
206 230 4 7 0.038733713 
46 489 11 17 0.038634986 
37 199 5 8 0.038589094 
206 159 4 6 0.03828431 
122 211 5 8 0.038185384 
40 160 4 7 0.03811181 
186 205 5 7 0.03787883 
22 256 3 7 0.037875958 
60 257 4 6 0.037846383 
195 147 4 6 0.037790824 
13 273 5 7 0.03776564 
204 224 5 8 0.037514526 
229 180 5 6 0.03744539 
32 148 5 7 0.037314277 
32 250 5 6 0.037304524 
175 224 5 8 0.037114307 
195 187 5 8 0.03679452 
187 164 5 8 0.03678494 
192 260 6 8 0.036718797 
27 255 5 7 0.03661967 
206 217 5 8 0.03658427 
110 267 6 8 0.0365231 
50 154 6 8 0.03589321 
33 191 5 7 0.035839185 
192 230 5 7 0.03565919 
32 256 5 6 0.035492066 
67 166 4 7 0.03546702 
116 467 19 26 0.035160713 
21 231 6 7 0.035132058 
28 244 4 5 0.034864962 
459 290 9 15 0.034627683 
20 295 6 7 0.034499746 
232 186 4 5 0.034421742 
217 219 6 8 0.03422582 
198 197 5 8 0.03397669 
15 248 4 8 0.033871938 
124 256 5 7 0.033822197 
60 262 5 6 0.03326883 
47 153 5 8 0.033253875 
227 223 5 7 0.032912157 
793 274 5 6 0.032847393 
21 192 5 8 0.032838322 
843 250 9 13 0.03267973 
99 243 4 7 0.03256887 
28 262 4 7 0.032547478 
67 276 4 6 0.032516245 
201 172 3 6 0.03248207 
52 115 5 6 0.032300502 
28 277 4 5 0.032216255 
32 287 5 6 0.031946667 
789 273 5 7 0.031943694 
105 369 13 14 0.031618357 
180 145 6 8 0.031457692 
229 274 7 8 0.031313684 
375 215 11 20 0.031146837 
218 173 5 6 0.031120423 
184 255 6 9 0.030974107 
60 250 5 6 0.030661032 
127 256 7 9 0.03064781 
64 263 5 7 0.03057892 
149 288 6 9 0.030419825 
354 65 3 5 0.030306213 
229 268 5 9 0.030249022 
22 197 5 8 0.030237172 
70 269 5 7 0.030162854 
266 198 4 5 0.030076014 
92 234 5 8 0.030041963 
226 219 5 7 0.030041605 
65 249 5 7 0.029961232 
47 286 5 7 0.029836632 
77 210 5 8 0.029621093 
136 191 4 6 0.029616443 
39 275 5 6 0.029543465 
28 237 5 6 0.029487684 
14 317 7 9 0.029459495 
60 270 4 6 0.029413247 
109 263 6 8 0.029398644 
349 61 37 42 0.029227568 
139 367 33 46 0.029176954 
54 277 3 5 0.029173369 
227 161 4 5 0.0290984 
193 142 4 6 0.02896138 
317 265 30 49 0.028936446 
135 247 6 9 0.028897677 
25 299 7 7 0.028863408 
188 241 5 7 0.028686339 
190 237 6 7 0.028615506 
43 165 6 9 0.028551068 
225 196 6 8 0.02849906 
0 294 4 8 0.02841624 
135 212 5 6 0.028045366 
255 214 7 11 0.028026355 
35 216 5 8 0.027985405 
464 287 13 18 0.027928444 
269 199 4 5 0.027850335 
251 186 4 6 0.027817845 
65 282 4 6 0.02779055 
154 361 10 14 0.027760452 
187 230 5 7 0.02766431 
80 251 4 6 0.027638169 
199 204 5 7 0.027616164 
20 262 5 6 0.027518077 
828 287 8 10 0.027492829 
98 190 5 9 0.027465291 
40 192 4 7 0.02734904 
130 294 5 8 0.027204523 
26 191 5 8 0.027148625 
58 135 5 5 0.027124166 
66 161 5 7 0.027016245 
181 251 5 7 0.026940426 
219 160 4 6 0.026865464 
186 171 5 8 0.026818065 
327 254 8 10 0.026781894 
39 286 6 6 0.026680632 
34 275 4 6 0.026661213 
70 161 6 8 0.02665057 
349 390 68 137 0.026624145 
246 173 5 6 0.026595293 
46 245 4 6 0.026573574 
766 163 143 177 0.026440233 
61 198 5 8 0.026386743 
47 135 4 6 0.026368778 
206 192 4 6 0.026345393 
206 211 6 7 0.026307626 
23 316 8 11 0.026181871 
128 216 5 8 0.026023174 
77 204 5 8 0.025944762 
372 426 37 69 0.025934482 
2 288 4 7 0.025595695 
102 249 5 6 0.025567992 
53 135 4 6 0.025511114 
3 248 4 7 0.025460236 
185 146 5 7 0.025434557 
282 58 5 5 0.025415871 
763 297 4 5 0.025384344 
129 206 4 5 0.025246989 
32 186 5 7 0.025190396 
256 193 5 6 0.025183653 
136 275 4 6 0.025154194 
445 291 19 30 0.025153093 
50 251 5 6 0.025106268 
264 186 4 6 0.024970116 
757 301 5 5 0.024962097 
201 181 4 5 0.024958612 
1 211 4 7 0.024927778 
123 231 5 8 0.024909705 
224 280 6 9 0.024845826 
824 290 9 11 0.024840018 
77 170 6 9 0.024798807 
34 158 5 8 0.02479673 
110 273 5 7 0.024761092 
227 175 4 6 0.024716116 
392 123 4 5 0.024588382 
115 214 7 10 0.024420535 
137 224 5 7 0.024385748 
39 311 19 25 0.024372675 
117 206 5 7 0.024177786 
46 158 5 8 0.024172915 
8 239 5 7 0.02415803 
220 181 4 6 0.024132865 
207 187 4 6 0.024099633 
32 243 4 6 0.02408392 
123 275 5 5 0.024066642 
213 254 7 10 0.0240654 
281 53 5 4 0.024058389 
750 308 5 5 0.023799356 
53 140 5 7 0.02378915 
25 296 6 7 0.02378305 
127 211 5 7 0.023779651 
245 200 6 6 0.023776175 
98 78 4 5 0.023699984 
84 207 5 7 0.023684202 
85 249 4 7 0.023655053 
10 305 8 10 0.02365168 
102 244 5 7 0.023586204 
953 199 4 5 0.023505643 
149 313 5 8 0.02344936 
205 273 7 12 0.023403352 
265 192 4 6 0.023263043 
25 198 5 8 0.023223907 
5 288 6 6 0.02321755 
216 249 7 9 0.023165386 
951 199 4 5 0.023136657 
165 173 7 9 0.0231078 
0 299 4 8 0.023098363 
212 232 4 6 0.023050822 
80 306 18 31 0.02302871 
310 53 4 6 0.02301168 
156 218 5 7 0.023006333 
71 275 5 7 0.022999495 
206 235 5 9 0.022975933 
331 265 17 26 0.022950478 
362 450 11 17 0.022929408 
65 130 4 6 0.022909014 
146 134 6 8 0.022904357 
133 149 7 6 0.022894854 
199 243 6 7 0.022865824 
187 210 6 7 0.02279416 
323 71 4 6 0.02272877 
24 305 8 11 0.022719646 
19 269 4 7 0.022716742 
295 66 5 4 0.022676205 
213 147 4 6 0.022671973 
199 248 5 8 0.02266485 
40 135 4 6 0.022640139 
43 334 10 14 0.022631984 
315 71 4 6 0.022620657 
350 255 6 9 0.022539686 
46 199 6 8 0.022523746 
211 211 5 8 0.022419285 
290 53 4 4 0.022339392 
167 246 6 11 0.022334015 
17 306 14 21 0.022284383 
32 239 4 6 0.022253184 
39 129 4 6 0.022246761 
207 174 3 5 0.022225277 
167 289 5 8 0.022186436 
73 229 4 8 0.02217555 
187 154 5 7 0.022170346 
202 158 4 7 0.02216793 
84 116 5 6 0.022164976 
181 242 5 7 0.022140551 
151 360 19 29 0.022135397 
302 77 5 6 0.022120535 
21 289 5 6 0.022104042 
200 168 4 7 0.022093344 
198 157 38 53 0.02209166 
117 209 6 10 0.022090565 
295 71 5 5 0.022085495 
296 59 4 4 0.022070711 
17 363 19 25 0.022038518 
160 140 5 7 0.02197492 
385 123 4 5 0.021954551 
226 244 5 6 0.021952596 
282 47 5 4 0.021850273 
225 186 4 5 0.021831224 
160 224 5 7 0.021782799 
0 159 4 7 0.02178158 
182 204 5 8 0.021735743 
349 59 3 5 0.021628557 
315 77 5 6 0.021624833 
96 282 7 10 0.021592434 
110 243 4 6 0.02156842 
191 242 6 8 0.021550063 
225 263 34 48 0.021513335 
211 236 6 8 0.021446867 
58 141 5 6 0.02143199 
140 218 5 7 0.021392733 
27 172 6 10 0.021385955 
174 235 4 8 0.021352332 
200 274 5 9 0.021335471 
85 245 5 7 0.021314826 
447 183 7 9 0.021313842 
191 160 5 7 0.021313176 
192 211 5 7 0.021312747 
302 66 4 4 0.021309625 
59 116 4 6 0.021303581 
142 269 4 8 0.021288998 
16 257 4 6 0.021271829 
90 229 5 10 0.021249782 
46 270 4 6 0.021241382 
136 230 4 7 0.0212233 
111 218 5 7 0.021141246 
163 234 5 8 0.021105284 
236 218 5 7 0.02110188 
125 261 5 7 0.021094026 
206 180 4 5 0.021087714 
763 301 4 5 0.021053407 
333 65 4 6 0.021013508 
277 48 4 3 0.02099428 
561 163 35 53 0.020919267 
481 413 21 24 0.020891983 
169 307 5 9 0.020880373 
148 220 5 6 0.020868361 
38 154 5 7 0.020811444 
200 236 5 8 0.020772167 
64 440 10 11 0.020744523 
32 293 38 52 0.020740958 
328 58 3 6 0.020728245 
163 274 5 8 0.020715969 
113 268 6 7 0.020712387 
353 59 4 5 0.020682879 
21 299 6 7 0.020675717 
199 210 5 7 0.020658828 
195 152 4 7 0.020614138 
838 268 6 7 0.020589886 
102 388 12 14 0.02057738 
141 314 6 9 0.020552825 
96 237 5 7 0.020508258 
115 377 35 46 0.020492833 
152 367 10 16 0.020490061 
239 181 4 5 0.020454584 
193 167 4 7 0.020444391 
102 204 6 8 0.020428792 
267 139 7 8 0.020395564 
245 210 5 7 0.020344982 
348 65 4 5 0.020337949 
270 193 4 6 0.020306582 
130 250 5 7 0.020290876 
20 275 5 6 0.020276522 
40 185 6 8 0.020275282 
778 391 8 18 0.020259395 
256 97 6 6 0.020239457 
104 153 5 8 0.020198075 
263 89 5 7 0.020197356 
28 153 5 7 0.020118415 
328 212 4 6 0.020085769 
6 282 5 7 0.020053826 
181 173 4 7 0.020003734 
