37_Soccer_soccer_ball_37_483
35
99 152 38 59 0.9996551 
910 78 39 44 0.9996056 
499 90 40 57 0.99918634 
207 168 26 37 0.99908066 
762 145 25 34 0.9981717 
684 148 34 43 0.99474263 
411 120 33 46 0.9884673 
854 231 13 19 0.88080084 
982 129 23 32 0.13082482 
29 525 15 18 0.11202207 
746 196 20 30 0.05862966 
298 364 4 6 0.05189969 
994 189 34 52 0.048439726 
188 284 22 34 0.047205403 
959 282 44 43 0.046489812 
301 365 4 5 0.040333398 
667 339 10 14 0.0383163 
86 165 8 14 0.038056534 
1 352 3 7 0.036295794 
731 361 11 16 0.032932784 
1003 314 8 7 0.03107874 
819 327 6 6 0.029374477 
0 565 5 12 0.027852543 
298 361 3 5 0.027723433 
365 123 353 468 0.027464462 
869 192 17 27 0.023647169 
297 371 4 6 0.023488542 
302 371 5 5 0.023213234 
831 218 11 17 0.02313492 
32 296 25 27 0.02295166 
1 356 3 7 0.02243807 
334 354 4 5 0.022342667 
301 361 4 5 0.021297993 
1029 204 53 87 0.021059798 
309 371 4 5 0.0208545 
