37_Soccer_soccer_ball_37_341
22
390 186 24 21 0.7030847 
368 269 21 27 0.4821633 
632 432 122 226 0.11208982 
454 90 38 77 0.08080196 
454 314 350 414 0.05474616 
131 375 21 26 0.053904332 
475 130 46 77 0.048071757 
382 270 21 30 0.035921503 
377 185 11 14 0.03219306 
208 211 346 431 0.03148583 
992 505 28 38 0.03096401 
257 345 13 14 0.030152116 
760 -63 357 436 0.029822987 
596 97 246 441 0.028741712 
403 193 12 14 0.026364213 
424 96 273 397 0.025433782 
748 163 109 154 0.025182692 
711 76 27 29 0.024631454 
15 363 12 13 0.022824565 
680 2 24 18 0.022224082 
1014 508 38 64 0.021740561 
99 350 10 13 0.02109489 
