37_Soccer_Soccer_37_618
39
487 330 86 116 0.9999684 
815 349 82 127 0.9998338 
11 304 69 95 0.99937683 
249 320 71 90 0.99928844 
692 327 49 76 0.93773973 
-9 436 50 106 0.877973 
460 290 47 82 0.6612135 
574 368 10 20 0.50175196 
688 118 10 21 0.25074464 
959 366 30 43 0.13749981 
702 103 10 19 0.1333624 
715 99 9 16 0.12961791 
301 457 23 27 0.09279117 
530 274 29 23 0.07866094 
109 545 30 32 0.061884932 
331 394 40 53 0.06170018 
719 320 38 67 0.05333451 
719 94 85 93 0.05147745 
935 358 39 70 0.050789617 
750 330 29 57 0.044873737 
371 223 68 112 0.042456295 
736 378 25 40 0.03991889 
169 457 23 56 0.03552001 
489 281 46 58 0.03183307 
626 412 21 30 0.02828376 
475 324 45 76 0.027448464 
709 104 9 18 0.026484868 
1015 512 17 34 0.026070964 
514 271 39 44 0.025974596 
696 116 8 19 0.02560962 
286 451 47 58 0.025267005 
626 351 10 19 0.025177108 
887 345 67 102 0.023395985 
387 333 28 42 0.022521906 
949 404 22 33 0.022416517 
745 116 21 24 0.022256412 
712 356 41 62 0.021924673 
304 429 64 81 0.021358075 
556 460 30 48 0.020435987 
