37_Soccer_soccer_ball_37_233
56
413 266 28 37 0.98406833 
630 200 41 52 0.9802199 
855 388 17 18 0.822047 
1003 428 8 9 0.44134802 
289 -48 419 363 0.15271987 
574 458 12 17 0.13831921 
146 621 72 44 0.116683334 
114 587 115 93 0.11017866 
342 406 24 27 0.06832879 
63 489 168 175 0.06705364 
-6 552 406 418 0.066760994 
326 436 35 43 0.058360323 
567 461 12 15 0.055798803 
737 -68 404 401 0.047025874 
1010 426 7 9 0.045896247 
1012 421 8 9 0.04216162 
337 385 42 58 0.03925092 
33 -59 447 361 0.035778202 
789 233 28 28 0.03471421 
383 471 10 11 0.0341463 
1009 463 23 28 0.033589087 
34 605 217 141 0.03196368 
1016 419 9 13 0.03172608 
1018 409 17 25 0.031481974 
315 378 5 6 0.02976485 
510 452 18 25 0.029407304 
-12 154 348 492 0.028884277 
1030 413 13 21 0.028116142 
563 467 9 13 0.02795612 
849 381 31 39 0.027838651 
362 345 35 60 0.027159063 
308 378 4 6 0.026783472 
846 444 21 32 0.026564324 
1088 505 16 27 0.025425902 
1012 443 7 9 0.025404334 
778 412 29 35 0.025264801 
308 383 4 6 0.025048137 
1008 433 8 9 0.024877513 
1093 482 13 22 0.024673786 
1030 401 14 23 0.024498478 
392 446 41 50 0.024366053 
630 644 457 336 0.024117248 
230 521 564 421 0.023611108 
516 443 7 9 0.02320839 
754 220 85 78 0.022792911 
850 451 8 10 0.022755496 
632 480 9 13 0.021730298 
1052 444 13 22 0.021556227 
750 417 46 45 0.02126365 
322 383 5 8 0.021255128 
803 302 9 15 0.020777151 
1016 444 8 12 0.020667456 
1016 446 19 26 0.020525161 
698 438 42 41 0.020470921 
993 429 5 6 0.020468272 
1004 423 7 8 0.020101178 
