37_Soccer_soccer_ball_37_926
117
509 136 8 12 0.8400646 
535 638 10 12 0.5572659 
939 233 9 14 0.29713026 
577 645 9 11 0.24579594 
445 607 9 10 0.2378498 
569 625 11 14 0.202044 
473 613 9 10 0.16435532 
985 457 9 17 0.15395181 
510 297 7 10 0.15180516 
978 450 7 12 0.1253621 
438 644 9 11 0.12329753 
506 298 7 9 0.11442355 
506 654 8 9 0.1130454 
508 293 6 8 0.10681547 
972 515 9 15 0.10446949 
440 670 8 10 0.097723685 
483 645 9 10 0.09374074 
943 238 10 15 0.08332331 
980 462 9 16 0.0768206 
453 657 9 11 0.07656774 
525 651 9 11 0.0727315 
577 664 9 10 0.06976512 
526 646 8 9 0.06689808 
446 704 9 10 0.060308125 
936 238 9 15 0.060101237 
943 291 10 16 0.05814627 
499 300 7 9 0.05768576 
574 651 12 15 0.056030493 
577 669 9 13 0.05327892 
529 654 10 11 0.050925743 
493 320 6 7 0.05016122 
481 328 4 5 0.046987366 
504 337 5 8 0.046850067 
536 677 9 10 0.0456969 
505 304 8 11 0.04553797 
625 734 21 30 0.043410312 
474 698 9 9 0.04260918 
443 612 11 15 0.042265296 
393 653 5 8 0.042003796 
509 304 8 12 0.041165534 
533 648 9 12 0.04020111 
494 313 5 7 0.039832294 
486 321 5 6 0.03968168 
499 293 7 9 0.038846757 
516 300 6 9 0.03866673 
939 9 9 11 0.038005408 
520 159 6 11 0.036627226 
493 324 7 9 0.03600905 
517 346 4 6 0.034746155 
486 327 4 5 0.034458145 
944 252 9 14 0.034430005 
524 327 5 5 0.033238787 
483 650 10 16 0.03260534 
506 352 4 5 0.031572286 
948 443 71 101 0.031426277 
524 670 9 12 0.031402525 
439 640 6 7 0.03132559 
559 657 10 14 0.030944351 
517 305 6 8 0.02936719 
495 305 6 9 0.029346941 
499 305 5 8 0.029113593 
984 510 7 12 0.028930284 
470 651 9 11 0.02840587 
499 312 5 9 0.028202513 
394 655 6 10 0.027617699 
570 689 9 11 0.02747146 
471 618 12 15 0.027371766 
491 332 6 8 0.027212005 
510 745 9 19 0.027161846 
501 333 5 7 0.027069371 
498 318 6 9 0.026850011 
533 660 10 14 0.026602287 
976 491 7 11 0.026582556 
502 338 5 8 0.026568284 
504 345 4 8 0.026437853 
535 668 9 14 0.026172597 
493 268 5 8 0.02591018 
936 10 7 9 0.025843978 
499 287 7 10 0.025796318 
507 289 5 8 0.025478357 
468 122 4 6 0.025130842 
504 316 8 9 0.02491339 
976 447 15 23 0.024617642 
487 332 5 7 0.024464231 
480 331 5 7 0.024442447 
483 322 3 5 0.024203274 
935 252 8 13 0.024129247 
507 143 7 12 0.02409515 
573 635 10 14 0.023755174 
444 709 11 14 0.023747075 
492 272 6 9 0.023403186 
500 160 4 8 0.023392595 
503 299 17 22 0.022885978 
518 153 5 8 0.022636672 
520 320 5 6 0.02261598 
500 345 5 9 0.022495575 
475 332 4 5 0.022434339 
474 91 4 5 0.021995757 
504 639 6 9 0.02185976 
353 39 4 6 0.021788217 
988 453 8 13 0.02171283 
481 103 3 5 0.02168348 
64 353 21 28 0.021570956 
392 646 4 7 0.02143262 
951 251 8 14 0.021262797 
571 621 9 10 0.021233829 
485 288 5 7 0.021231014 
941 286 8 13 0.021214515 
475 96 3 5 0.020874487 
485 292 6 9 0.020745074 
490 338 6 9 0.020626672 
621 39 4 6 0.02060045 
468 134 4 6 0.020471746 
629 32 3 6 0.020408155 
512 150 6 9 0.020347554 
354 91 3 5 0.020275787 
975 447 5 9 0.020138457 
