37_Soccer_soccer_ball_37_720
102
450 29 42 61 0.99987745 
860 187 27 32 0.9997658 
713 261 20 27 0.99959415 
121 106 40 57 0.9986125 
517 338 17 18 0.97446 
581 349 15 16 0.81005335 
155 529 5 9 0.16804558 
824 430 7 6 0.12758389 
147 511 5 7 0.12472561 
104 334 50 58 0.073709905 
577 387 25 27 0.059961207 
682 429 21 26 0.05878741 
274 538 6 7 0.052498873 
273 200 14 14 0.05216655 
980 463 9 11 0.0496846 
770 455 4 4 0.04680969 
795 468 6 6 0.0436989 
303 481 7 8 0.04205428 
507 390 19 26 0.04204499 
946 435 6 7 0.040429395 
440 293 49 64 0.039183106 
573 469 62 40 0.03841381 
565 118 34 39 0.03736247 
147 515 5 8 0.03625694 
818 474 7 7 0.034852203 
14 505 5 6 0.03448717 
1040 434 12 18 0.034189172 
21 504 4 6 0.03396267 
1037 443 13 21 0.03361302 
174 526 3 5 0.033599168 
24 504 5 7 0.03343415 
788 442 5 4 0.033044282 
169 526 4 5 0.032592203 
937 235 37 41 0.03212485 
611 414 11 12 0.031847306 
17 551 8 11 0.029700547 
587 423 23 19 0.029369578 
943 435 4 7 0.029332737 
788 437 5 4 0.029322056 
863 466 6 7 0.028830726 
993 422 6 9 0.028514255 
781 462 4 5 0.02836669 
596 432 13 10 0.027924089 
20 500 5 6 0.027306603 
0 560 7 17 0.026955757 
783 437 4 4 0.026830241 
264 512 5 5 0.026771422 
577 119 8 10 0.026686683 
800 486 5 5 0.02666566 
801 474 5 5 0.026462248 
943 416 4 5 0.026132625 
1033 453 15 23 0.025976025 
15 500 4 5 0.025875742 
702 327 16 16 0.025867227 
186 544 5 7 0.025448715 
823 492 9 10 0.024825677 
1000 187 12 17 0.024611615 
770 450 4 4 0.024608178 
81 530 7 9 0.024316292 
0 553 5 14 0.023915632 
866 455 5 5 0.023905268 
789 468 4 5 0.023869544 
776 456 4 5 0.02375186 
949 415 5 5 0.023716914 
160 537 6 6 0.023549577 
555 125 8 9 0.02354923 
870 454 5 5 0.023503203 
815 474 5 6 0.023493884 
819 434 7 5 0.023451073 
826 424 6 6 0.02320427 
723 414 39 46 0.023001317 
149 530 5 8 0.022976382 
966 178 18 21 0.022728864 
149 507 4 6 0.022642361 
284 519 4 6 0.02255872 
789 462 5 5 0.022531543 
414 288 63 114 0.022270866 
40 501 6 10 0.022141816 
795 442 5 5 0.022026207 
624 492 11 9 0.021997277 
1042 424 11 18 0.021935953 
169 530 4 6 0.021830838 
83 543 8 9 0.02178491 
795 462 5 4 0.02153651 
13 511 5 6 0.021437211 
557 382 15 22 0.021216493 
579 126 12 12 0.021049783 
162 544 6 8 0.020935163 
5 548 7 11 0.02078412 
113 361 29 35 0.020756623 
947 429 5 6 0.020733066 
936 437 4 5 0.020598212 
187 507 4 5 0.020550005 
27 538 6 8 0.020513356 
200 550 6 9 0.020510001 
78 519 5 7 0.02048134 
788 474 5 5 0.02042847 
776 437 4 4 0.020351263 
25 512 5 6 0.02020508 
776 469 4 4 0.02014143 
876 461 6 8 0.020120448 
777 462 4 4 0.020115174 
