54_Rescue_rescuepeople_54_406
113
737 317 38 46 0.9948567 
432 355 36 32 0.2836556 
637 5 9 9 0.26242495 
682 39 10 15 0.11819775 
645 137 12 15 0.11220372 
486 471 28 28 0.10123337 
763 74 12 20 0.07287398 
455 5 5 6 0.068506904 
564 4 9 7 0.06547663 
627 11 8 8 0.06282758 
626 7 8 8 0.057916112 
660 14 6 8 0.053969543 
548 66 8 10 0.05116607 
466 7 7 7 0.05012037 
461 6 7 7 0.046759777 
544 67 7 9 0.046399936 
669 134 11 16 0.040950235 
664 98 11 16 0.039612003 
557 70 6 7 0.038763676 
652 12 6 7 0.038531348 
474 23 7 9 0.03749692 
663 16 6 9 0.03634116 
826 7 6 7 0.03613674 
517 202 20 29 0.035952743 
405 2 4 4 0.035668984 
395 6 5 6 0.03476604 
716 124 15 27 0.034745216 
672 6 5 6 0.034185417 
652 6 7 7 0.033721697 
494 12 6 7 0.033661712 
862 343 20 23 0.033494256 
634 80 7 11 0.03274848 
763 650 14 11 0.032601833 
678 6 6 6 0.032267425 
462 11 7 7 0.032210633 
497 11 7 9 0.03217803 
645 62 7 9 0.032050505 
652 37 9 11 0.03169944 
424 336 39 35 0.031260435 
650 561 26 24 0.03066019 
418 319 31 27 0.030615957 
152 11 9 8 0.030447107 
888 10 10 11 0.030080242 
557 3 6 5 0.030010844 
487 6 6 7 0.028713075 
506 6 5 5 0.028171543 
348 146 11 14 0.027802708 
572 627 10 14 0.027558101 
965 144 9 9 0.02729418 
376 181 9 12 0.0272292 
404 6 5 5 0.02722017 
561 572 8 12 0.026959997 
759 601 13 14 0.026365653 
410 2 4 4 0.0263328 
410 376 21 23 0.026184078 
519 69 6 8 0.026068306 
737 286 44 52 0.025891906 
535 56 7 10 0.025687743 
400 44 7 9 0.025481839 
639 62 8 10 0.025329603 
392 2 5 5 0.025237089 
524 69 6 7 0.025173878 
487 12 5 7 0.025119914 
774 2 4 5 0.02489713 
519 63 7 9 0.02478595 
709 27 8 11 0.024742639 
769 5 5 6 0.024679765 
670 24 6 9 0.024549587 
928 175 8 10 0.024520893 
667 6 5 6 0.024481293 
1006 145 5 8 0.024455024 
449 7 5 5 0.024453893 
409 381 11 14 0.024345633 
1020 140 16 22 0.024314472 
538 1 7 5 0.02429292 
745 638 11 12 0.024263104 
498 76 8 10 0.023812052 
561 13 8 7 0.023791078 
493 18 6 8 0.023227861 
683 29 9 13 0.023144213 
471 11 6 7 0.02277518 
511 6 6 6 0.022692421 
396 2 4 5 0.022488479 
902 32 6 7 0.022456007 
265 489 87 100 0.022355452 
472 7 6 6 0.022337606 
537 70 6 7 0.022302456 
770 2 5 5 0.02227206 
416 5 5 6 0.022266328 
638 68 8 11 0.022263415 
417 2 4 5 0.022201762 
643 6 8 9 0.022116212 
678 12 10 11 0.022020739 
651 91 7 11 0.02200121 
449 19 7 7 0.021894507 
562 64 5 7 0.021878337 
1010 146 6 7 0.021733524 
478 31 6 7 0.021503136 
1019 144 7 10 0.021487081 
517 43 6 8 0.021440756 
410 6 4 5 0.02134987 
493 7 5 6 0.021234626 
557 65 6 8 0.02115626 
671 84 10 16 0.021150213 
526 44 6 7 0.021022119 
743 543 8 11 0.0207882 
630 99 10 15 0.02072095 
533 1 5 5 0.020551436 
1021 100 13 23 0.020480432 
543 1 6 5 0.020379402 
384 2 4 4 0.020137107 
332 -15 43 41 0.020038474 
957 86 70 73 0.020025201 
