54_Rescue_rescuepeople_54_529
30
411 23 64 88 0.99737275 
830 166 62 76 0.95270324 
298 216 66 88 0.86623985 
462 191 57 73 0.82170683 
400 303 32 49 0.40615955 
867 229 46 57 0.39807403 
719 218 35 62 0.10712317 
857 292 37 53 0.06402961 
364 225 313 418 0.0561706 
827 262 152 316 0.050943404 
702 248 11 20 0.043422446 
1002 270 16 31 0.042438965 
669 214 38 63 0.040435076 
401 266 10 16 0.034437124 
573 218 10 17 0.033576336 
525 166 284 440 0.03239202 
351 188 58 97 0.030744266 
413 268 21 23 0.030592725 
713 270 80 120 0.027310433 
410 277 39 50 0.026100308 
757 205 165 272 0.026085654 
427 -138 292 355 0.025768127 
358 322 35 49 0.023845837 
684 220 144 233 0.022754287 
248 200 39 67 0.022640947 
39 340 18 29 0.022495788 
204 180 296 338 0.022386447 
517 195 39 61 0.02189526 
497 174 37 63 0.020899674 
559 218 9 16 0.020421317 
