54_Rescue_rescuepeople_54_135
212
872 481 63 74 0.9980307 
507 5 44 63 0.99719846 
331 46 32 46 0.95886296 
869 210 25 47 0.92596656 
943 216 21 38 0.8218854 
48 556 65 56 0.68357885 
998 236 22 24 0.6819249 
124 374 33 54 0.26015756 
433 367 24 44 0.25519332 
798 295 23 37 0.24746345 
716 54 15 27 0.20537108 
104 216 21 34 0.19859195 
743 45 9 17 0.19635117 
585 280 22 43 0.1893379 
329 414 34 51 0.1884682 
105 179 12 22 0.17389968 
73 231 18 30 0.17280407 
448 0 45 55 0.16889395 
528 353 7 11 0.15594251 
282 181 29 39 0.153835 
917 282 40 66 0.12902193 
643 29 9 12 0.11654167 
685 129 10 13 0.11129847 
956 459 43 56 0.109093025 
695 50 17 33 0.10669699 
914 394 34 50 0.10057543 
687 209 40 35 0.08969081 
663 579 37 70 0.08872941 
0 301 19 38 0.08795267 
999 243 33 51 0.086401395 
113 133 10 19 0.08316982 
82 106 6 10 0.08070783 
78 181 12 22 0.076064795 
147 231 29 46 0.07117053 
701 46 8 15 0.06822315 
197 382 18 33 0.06613677 
966 369 28 44 0.0658227 
772 314 69 110 0.06493826 
158 176 12 20 0.063607275 
168 229 12 20 0.06327253 
951 225 27 36 0.06313735 
112 211 29 46 0.06179411 
447 376 18 32 0.061646394 
706 573 70 96 0.061512906 
596 33 10 16 0.059014425 
699 338 17 28 0.05864227 
262 148 10 13 0.05563134 
738 319 11 16 0.055027824 
766 327 42 63 0.054720934 
743 334 20 33 0.054588616 
42 586 59 56 0.054319773 
990 242 24 37 0.053633038 
417 363 29 50 0.053605545 
729 305 10 18 0.05298048 
1065 415 26 46 0.052879177 
200 359 32 57 0.05212523 
614 394 15 26 0.051391978 
705 53 18 30 0.05042723 
609 270 18 27 0.049140725 
547 344 36 55 0.048940185 
256 164 17 32 0.048306514 
697 343 10 17 0.048199866 
1010 241 15 17 0.047571838 
738 417 23 35 0.047239967 
966 217 37 41 0.04720746 
1017 378 15 26 0.04705056 
-2 254 18 33 0.04697863 
652 466 38 74 0.046376053 
701 432 24 35 0.046264563 
145 204 34 50 0.045776855 
596 520 40 60 0.044764746 
457 382 11 20 0.044555537 
555 12 12 18 0.04375516 
414 36 39 49 0.043708 
5 297 34 54 0.042588796 
941 216 9 21 0.042502567 
574 273 18 33 0.042399682 
78 108 7 12 0.04192181 
93 225 23 33 0.04128229 
72 112 15 28 0.041106794 
170 633 37 39 0.040781204 
69 167 16 32 0.04075061 
0 311 8 23 0.040626198 
556 422 8 12 0.04061034 
636 378 21 36 0.04031653 
332 126 31 54 0.039216522 
1009 413 20 33 0.038953252 
99 171 13 20 0.038462788 
669 485 35 67 0.037998177 
1013 222 28 39 0.03766839 
127 308 24 34 0.037553776 
154 58 17 26 0.037471615 
852 160 13 15 0.037196636 
1060 370 25 42 0.037020862 
99 172 29 43 0.03690625 
708 342 10 18 0.035612494 
897 208 30 48 0.035369106 
1005 59 24 28 0.03384383 
155 179 20 32 0.033320617 
872 173 13 13 0.03329806 
609 543 37 63 0.032983407 
943 294 35 62 0.03289736 
147 146 8 16 0.03286186 
638 28 15 23 0.030414771 
1015 549 18 29 0.029769499 
711 316 6 10 0.029625166 
-1 346 15 35 0.029486582 
274 142 9 11 0.029483486 
383 15 30 46 0.029230181 
1040 51 27 41 0.028981056 
862 199 23 42 0.028757656 
967 205 27 29 0.0278329 
340 291 29 42 0.02777303 
73 165 10 18 0.027661439 
121 111 6 10 0.027636183 
544 9 22 33 0.027504534 
298 133 11 11 0.027503777 
369 409 38 47 0.027126072 
117 112 6 10 0.027109291 
111 184 10 19 0.027082883 
416 27 25 32 0.026910165 
434 57 11 13 0.02663266 
190 318 32 52 0.026587676 
579 7 8 13 0.026550414 
971 380 38 60 0.026305538 
367 54 34 53 0.02609343 
1014 204 21 29 0.025946133 
289 129 37 44 0.02585801 
99 56 8 16 0.025726523 
263 177 34 46 0.025627503 
87 116 11 20 0.025573814 
674 -160 348 310 0.025556745 
93 119 9 17 0.025521524 
622 27 9 15 0.02539891 
575 338 30 61 0.025145443 
1014 429 21 28 0.025067508 
735 271 135 223 0.025021192 
188 411 10 15 0.025003344 
87 166 8 16 0.024835434 
979 563 11 11 0.024741592 
536 73 25 33 0.024671495 
489 610 11 16 0.024613133 
100 378 42 57 0.024607055 
686 152 15 15 0.024462534 
150 209 12 20 0.024313115 
499 11 28 45 0.024216738 
76 262 23 34 0.02419393 
615 494 34 62 0.024165373 
70 119 8 17 0.0241417 
728 292 10 19 0.024018664 
573 291 19 35 0.023937957 
635 458 36 68 0.023932433 
628 240 7 9 0.023702975 
113 186 32 48 0.023621835 
0 357 8 19 0.023589231 
159 379 36 58 0.023538904 
91 60 118 159 0.023485437 
310 133 35 44 0.023443472 
170 168 16 28 0.023439748 
289 146 12 14 0.02335126 
888 229 22 34 0.023306943 
149 275 26 38 0.023166593 
83 166 8 16 0.023151804 
231 271 43 73 0.023146411 
1018 53 24 36 0.023003343 
942 166 23 25 0.022999732 
700 42 7 10 0.022948015 
64 123 7 12 0.022870416 
104 163 17 29 0.022627415 
133 205 22 28 0.022610446 
572 510 22 40 0.022525698 
657 81 11 16 0.02244844 
304 135 11 11 0.022439264 
961 305 40 65 0.02231207 
173 166 8 14 0.022280585 
764 323 21 27 0.022267787 
1009 382 33 63 0.02226552 
1074 216 22 38 0.022207275 
856 159 34 38 0.022203073 
86 183 10 17 0.022107003 
477 334 9 12 0.022024695 
930 385 36 55 0.02179883 
630 550 53 94 0.021769349 
965 431 45 60 0.021759577 
673 544 42 86 0.021736167 
697 236 27 27 0.021565033 
1076 240 23 37 0.021378094 
14 261 23 35 0.02129825 
133 145 9 19 0.021215664 
867 167 13 17 0.021155033 
1015 266 18 35 0.021140294 
342 97 40 70 0.021089084 
693 400 12 17 0.021050813 
177 405 23 32 0.021018427 
257 150 19 29 0.02101332 
266 145 8 10 0.020962263 
331 358 35 51 0.020949835 
118 137 9 17 0.020946313 
77 161 15 30 0.020943435 
208 335 36 63 0.020932507 
693 212 16 14 0.020667559 
123 108 5 8 0.020603608 
629 118 10 16 0.02054237 
22 302 20 35 0.020511013 
114 115 9 15 0.02043401 
87 109 9 16 0.020414215 
383 36 34 53 0.020397183 
996 231 14 20 0.020395264 
119 281 36 49 0.020273155 
161 163 17 31 0.020172797 
213 266 35 57 0.020076655 
684 136 17 27 0.020017987 
