54_Rescue_rescuepeople_54_108
21
242 335 189 294 0.9997341 
443 313 263 268 0.511558 
594 114 247 216 0.25167504 
644 43 316 520 0.19836791 
514 1098 290 308 0.18692032 
471 212 52 43 0.18493886 
446 331 100 126 0.09491246 
671 131 127 95 0.092701085 
2 768 504 516 0.08706626 
299 66 401 597 0.05574764 
339 804 539 671 0.046949115 
486 275 125 153 0.043197785 
173 415 47 78 0.030318825 
286 1266 101 103 0.030164815 
495 156 258 313 0.028649604 
339 351 206 268 0.026924595 
548 745 83 139 0.026295163 
524 1243 161 138 0.024806613 
356 312 443 658 0.021342527 
542 226 122 175 0.020722738 
944 556 82 170 0.02035812 
