54_Rescue_rescuepeople_54_102
213
547 234 11 16 0.9447238 
413 249 27 42 0.87913483 
535 221 8 13 0.44558278 
745 373 38 55 0.40852574 
727 361 39 57 0.29966876 
992 231 5 6 0.222413 
1011 230 6 9 0.182567 
565 254 7 11 0.15114184 
332 522 16 26 0.12958495 
990 231 4 6 0.111639045 
469 571 17 14 0.10611353 
992 234 6 8 0.101621605 
1007 235 5 7 0.09450894 
987 197 5 6 0.08975902 
892 266 141 121 0.08940841 
1082 314 8 15 0.08766672 
577 365 30 28 0.0870407 
449 563 14 15 0.085956514 
723 171 5 7 0.08489927 
544 214 7 10 0.08321414 
551 214 7 9 0.081314646 
269 241 8 10 0.072889686 
88 231 8 9 0.07262975 
696 171 7 10 0.06656971 
987 235 5 7 0.06598735 
986 295 50 62 0.06546474 
719 171 5 7 0.06505883 
988 193 4 5 0.06374623 
260 240 9 9 0.060359206 
711 173 5 6 0.06006387 
980 237 4 6 0.05981145 
1054 325 13 20 0.05969446 
510 212 11 15 0.056779027 
447 235 10 19 0.055421833 
476 247 20 28 0.055304226 
603 205 7 9 0.05460846 
1013 226 4 5 0.054604776 
1020 217 6 8 0.05300731 
994 197 4 5 0.051544722 
140 276 8 9 0.05017112 
0 227 4 13 0.04996767 
680 168 4 5 0.049737934 
1018 229 6 9 0.0490349 
519 387 31 32 0.048894156 
590 211 5 8 0.04693908 
1052 276 11 18 0.046763137 
550 152 5 8 0.046735216 
974 237 5 6 0.046508808 
710 178 6 8 0.046478547 
998 198 5 5 0.046055496 
662 171 5 6 0.04568327 
712 349 37 52 0.044483937 
270 237 7 8 0.04444608 
620 209 6 8 0.043361425 
1014 247 4 8 0.04302071 
816 375 10 12 0.041873552 
662 168 4 6 0.04172065 
400 247 24 35 0.041371424 
535 217 5 10 0.041204985 
665 168 4 5 0.040658418 
555 215 6 8 0.040483575 
1020 223 5 8 0.040450063 
584 211 5 8 0.040230405 
541 220 9 12 0.04006717 
537 240 9 14 0.039280012 
880 241 11 10 0.03876645 
1101 292 6 11 0.03747375 
1036 271 14 22 0.037467044 
387 257 36 49 0.037392482 
527 343 107 86 0.037195813 
1019 246 5 10 0.036883783 
559 153 5 8 0.036695365 
346 249 23 30 0.036641713 
685 167 4 5 0.036588017 
568 223 7 9 0.036244735 
537 210 6 10 0.036188524 
451 233 16 24 0.035995074 
999 232 4 5 0.03581935 
665 171 5 7 0.03567148 
956 243 4 6 0.03540895 
679 171 5 7 0.03539488 
1013 243 5 9 0.03527701 
563 249 6 10 0.035273142 
675 168 4 4 0.03526407 
338 287 46 54 0.034626793 
181 184 6 9 0.034503844 
1046 283 15 25 0.034446627 
1035 234 9 14 0.034393225 
1019 234 5 10 0.03432891 
1033 243 10 17 0.03370533 
558 202 5 7 0.032629184 
993 194 4 5 0.032303106 
999 236 4 6 0.03219397 
496 353 13 13 0.032080084 
738 168 4 5 0.031994455 
738 171 4 6 0.0318851 
570 285 8 12 0.031659845 
697 168 5 6 0.031593397 
774 173 5 7 0.03128156 
538 199 6 9 0.03081483 
674 171 5 7 0.030580383 
109 85 351 466 0.030344294 
993 276 5 6 0.030298883 
237 237 7 9 0.030281529 
974 232 5 5 0.029908199 
480 326 194 162 0.029886182 
745 179 6 7 0.02974016 
595 209 5 8 0.029635563 
748 178 7 9 0.029416988 
942 244 5 5 0.029118555 
144 278 9 10 0.02900514 
1055 268 9 17 0.02895542 
511 524 10 8 0.028834525 
187 234 7 9 0.028765038 
969 236 5 6 0.028624482 
834 417 194 203 0.028595367 
694 167 4 5 0.028426297 
694 176 5 9 0.028319677 
547 152 5 8 0.028102346 
947 242 6 6 0.027950434 
707 179 5 7 0.02790523 
309 288 11 17 0.027890824 
1007 241 4 9 0.02757984 
1032 252 11 19 0.027418768 
232 238 7 8 0.027353302 
698 186 5 6 0.02703976 
723 168 5 5 0.02690189 
562 250 14 20 0.026521485 
1060 261 7 13 0.026453491 
576 214 6 9 0.026433138 
806 319 37 31 0.026322084 
773 177 7 9 0.026261002 
743 167 4 5 0.026251169 
497 323 42 39 0.026210828 
576 256 6 8 0.026163945 
1012 317 21 33 0.025917958 
1107 274 6 11 0.025563046 
720 169 4 5 0.025452316 
473 361 10 12 0.025407204 
77 259 11 13 0.025070982 
959 243 5 6 0.025009045 
534 210 5 8 0.024931176 
0 203 4 13 0.024875209 
993 227 4 5 0.024758447 
324 308 41 49 0.024631914 
987 242 5 6 0.024557125 
473 215 10 11 0.02454663 
1020 229 14 25 0.024529928 
723 178 6 9 0.024494097 
463 220 12 13 0.024324864 
989 226 4 5 0.02427258 
551 158 5 7 0.024243701 
988 188 4 5 0.024187759 
259 238 6 6 0.024162326 
732 167 4 5 0.024159446 
718 178 5 8 0.024139863 
1020 211 6 8 0.024130264 
757 355 44 51 0.024053765 
1007 228 17 25 0.023983167 
936 242 5 6 0.023932822 
557 247 7 11 0.023765381 
636 215 8 11 0.023565777 
514 345 24 23 0.023565046 
1019 254 6 9 0.023552686 
1036 222 8 13 0.023396078 
982 219 4 5 0.023332153 
460 470 29 32 0.022956055 
519 205 6 7 0.02295472 
462 235 19 29 0.022935173 
249 242 23 22 0.022923527 
468 250 39 46 0.022819042 
548 221 9 12 0.022575518 
580 229 7 12 0.022467831 
654 179 5 7 0.022465909 
544 203 5 7 0.022458255 
948 239 5 5 0.022451047 
724 184 5 7 0.022435313 
146 245 19 31 0.022386372 
534 203 5 8 0.021783102 
565 228 7 11 0.021760862 
980 232 5 6 0.021627687 
661 193 8 12 0.021585377 
1029 263 15 24 0.02155622 
569 334 17 14 0.02154845 
1015 304 11 17 0.021526735 
983 199 4 6 0.021415696 
498 216 6 9 0.021386132 
582 255 6 9 0.021367919 
523 221 7 12 0.021318592 
788 166 6 9 0.021317236 
564 216 6 9 0.021279866 
551 198 5 7 0.0212658 
568 250 7 10 0.021210821 
1006 247 4 9 0.021098398 
441 228 8 11 0.021092031 
511 529 9 8 0.02107845 
757 167 5 6 0.021076871 
570 196 5 8 0.021017127 
804 402 9 9 0.020884132 
1012 278 7 11 0.020854458 
506 202 6 8 0.020816214 
523 204 6 8 0.020630289 
537 157 5 9 0.020625077 
1000 242 4 8 0.020561153 
993 240 5 8 0.02049954 
213 227 7 11 0.020457465 
763 384 51 54 0.020329103 
566 222 5 9 0.02030165 
644 184 7 9 0.020276172 
289 287 8 13 0.020141123 
1017 266 7 12 0.020139057 
545 197 5 8 0.020101193 
540 223 15 21 0.020003233 
