54_Rescue_rescuepeople_54_855
39
447 133 57 80 0.99373937 
772 205 54 76 0.9851067 
560 331 53 67 0.9771717 
648 187 56 82 0.9600867 
875 256 23 24 0.27390134 
349 330 43 67 0.20198292 
254 540 21 33 0.15958533 
614 437 93 154 0.1392149 
814 355 74 108 0.13842018 
774 321 38 65 0.09431017 
22 553 21 22 0.07180205 
30 538 11 12 0.061502043 
22 545 36 47 0.045758188 
386 408 24 24 0.04369643 
158 563 17 31 0.04119596 
302 358 34 63 0.040788274 
34 523 13 14 0.040392913 
298 529 11 18 0.039311156 
28 535 21 23 0.038577773 
172 389 61 121 0.038026106 
268 459 22 36 0.036013704 
810 334 36 61 0.033270814 
273 331 60 111 0.03310669 
35 527 21 22 0.029445067 
60 447 24 38 0.02869841 
649 756 78 111 0.027821936 
285 577 23 36 0.027645681 
19 518 39 46 0.026848977 
27 568 36 47 0.026809584 
136 538 22 29 0.025947616 
46 533 13 14 0.025546748 
-4 634 18 41 0.025334077 
281 447 37 55 0.024702847 
195 356 121 190 0.024226978 
329 337 42 68 0.02352491 
849 263 39 57 0.023389656 
316 397 39 75 0.021640211 
413 386 140 198 0.021404764 
284 596 18 32 0.020025954 
