54_Rescue_rescuepeople_54_54
98
732 388 34 36 0.98921835 
528 90 18 27 0.75047046 
792 412 31 39 0.49457097 
546 425 27 57 0.31225276 
510 83 17 29 0.18843608 
517 84 20 33 0.16771962 
638 296 28 26 0.12786035 
811 414 28 29 0.12157956 
483 123 30 46 0.113237694 
93 536 120 123 0.105509244 
56 20 22 21 0.10422693 
10 8 13 14 0.09005944 
82 -7 34 37 0.089834996 
559 134 12 24 0.08525161 
495 97 10 15 0.078690805 
420 70 12 16 0.07827112 
506 89 10 17 0.068597585 
92 11 35 52 0.066098675 
740 31 12 16 0.06207702 
14 15 11 11 0.057848655 
623 300 23 25 0.052887227 
539 687 21 29 0.050656587 
689 267 11 11 0.049032576 
1 22 6 11 0.04586251 
560 441 35 75 0.044848863 
970 652 66 72 0.042667482 
619 241 17 28 0.039833713 
842 313 14 15 0.038661957 
326 554 24 27 0.0368248 
907 475 12 12 0.032908194 
640 278 9 12 0.03232504 
533 727 37 55 0.032238565 
877 428 23 23 0.032193683 
766 12 18 22 0.03125957 
486 92 16 23 0.03117403 
296 284 8 12 0.031112237 
365 738 12 16 0.029866967 
498 85 9 17 0.029733393 
980 453 20 19 0.02798699 
592 284 11 16 0.02758881 
643 303 15 14 0.027020056 
794 5 7 7 0.026713809 
893 561 9 11 0.026658606 
72 638 139 202 0.02612544 
679 368 20 27 0.025871575 
345 289 9 14 0.025646433 
609 191 9 15 0.025620626 
643 312 25 27 0.025325289 
24 15 9 10 0.024958165 
696 351 23 33 0.024720142 
0 624 7 16 0.024596712 
819 2 8 8 0.02447859 
597 564 18 33 0.024174597 
611 279 12 15 0.024080912 
100 27 8 12 0.023874767 
15 6 9 9 0.023861108 
10 20 13 12 0.023513526 
600 575 10 17 0.023392772 
785 494 9 14 0.023332605 
3 15 10 14 0.023299878 
854 732 24 28 0.023275018 
771 12 10 11 0.023230728 
619 582 49 59 0.023173917 
773 5 8 7 0.02288712 
1008 483 16 24 0.02279438 
843 259 9 14 0.022785306 
490 75 9 13 0.022726344 
680 214 13 16 0.022714633 
604 426 18 35 0.022683118 
799 5 8 8 0.022640307 
784 21 10 12 0.022613233 
735 371 31 33 0.022326961 
29 748 22 30 0.022278668 
519 624 18 31 0.022000693 
496 80 9 14 0.021968475 
624 242 27 39 0.021963993 
415 10 8 12 0.021843936 
716 21 22 35 0.021620953 
4 28 10 11 0.021456374 
102 509 10 13 0.021395838 
654 303 12 13 0.021004952 
915 577 19 25 0.020930039 
697 742 4 7 0.020926746 
1012 248 5 7 0.020745477 
527 74 11 15 0.020731421 
4 57 10 16 0.020698199 
94 26 9 12 0.020665957 
664 324 8 11 0.020615412 
489 135 13 20 0.02060395 
620 452 29 57 0.020528153 
640 281 22 22 0.020337407 
648 293 14 13 0.020310348 
657 7 12 11 0.020286305 
778 334 11 11 0.020098811 
769 6 7 7 0.020096138 
610 742 5 7 0.020042757 
601 489 65 89 0.020035608 
0 92 8 12 0.020003114 
