54_Rescue_firemanrescue_54_724
28
347 119 65 143 0.82685494 
73 77 302 345 0.3788556 
781 33 74 120 0.15630807 
287 138 71 141 0.14790736 
841 400 30 26 0.09786222 
972 144 8 12 0.08313415 
587 465 8 14 0.07303528 
0 536 7 19 0.064348415 
424 598 15 16 0.05975933 
0 529 17 28 0.052303184 
-21 190 260 436 0.043731533 
51 526 10 15 0.03708262 
25 523 8 13 0.03603339 
16 519 20 28 0.035601325 
266 165 49 71 0.035515606 
2 509 28 45 0.03457457 
367 376 290 367 0.033093642 
31 520 10 14 0.03129444 
19 525 8 13 0.02852492 
850 259 9 14 0.028485602 
791 411 19 24 0.026732372 
932 357 9 13 0.026209198 
581 467 10 16 0.025745232 
86 508 10 15 0.022909533 
11 530 12 21 0.02283198 
20 520 6 10 0.022304824 
951 131 9 13 0.021823924 
967 126 7 12 0.0214097 
