54_Rescue_rescuepeople_54_335
88
523 229 97 131 0.9998621 
382 368 109 127 0.9998561 
827 141 114 146 0.9996717 
489 92 14 15 0.45888436 
555 369 186 275 0.26718548 
791 371 285 390 0.24422435 
177 75 12 11 0.17685086 
169 385 14 11 0.123473726 
144 448 26 24 0.07133609 
171 118 30 24 0.06543926 
214 458 14 13 0.06270794 
51 641 17 12 0.061444767 
323 605 366 372 0.052666813 
234 411 12 11 0.05258583 
282 499 8 9 0.048964173 
206 396 14 10 0.04611622 
255 402 10 9 0.042528875 
662 302 34 54 0.04148692 
54 366 34 23 0.03998562 
247 464 12 11 0.0399716 
201 400 16 11 0.037189137 
802 69 6 9 0.035981588 
135 477 13 13 0.03518542 
174 80 25 23 0.03482382 
24 391 19 13 0.03444368 
173 76 9 9 0.03390332 
137 399 12 11 0.033613473 
159 393 15 11 0.033598565 
276 383 13 12 0.032738253 
32 395 17 13 0.030281011 
805 68 7 10 0.029864317 
-2 690 29 26 0.029712666 
0 362 7 12 0.028922146 
214 452 13 11 0.028880434 
4 360 13 14 0.028642664 
96 81 8 11 0.028048102 
0 668 7 14 0.028024426 
443 354 72 120 0.027735956 
502 490 191 223 0.026395157 
206 390 14 10 0.026261764 
188 401 30 18 0.025826557 
366 257 13 10 0.025572486 
176 84 12 11 0.025458723 
847 340 9 15 0.025326665 
289 483 11 11 0.025180487 
491 119 10 18 0.025129907 
247 426 11 11 0.024912478 
75 79 13 16 0.024871454 
186 615 4 7 0.024811465 
126 26 8 8 0.024748955 
802 73 5 10 0.024427542 
190 401 13 9 0.024191374 
468 820 117 96 0.024086025 
138 122 18 23 0.024019105 
168 430 15 13 0.023990892 
362 346 11 11 0.023906229 
43 376 14 9 0.023863703 
119 129 370 440 0.023817167 
114 109 23 22 0.023806186 
140 26 6 8 0.02352845 
150 413 15 11 0.023488935 
168 407 33 25 0.023262478 
153 396 24 19 0.023209082 
231 460 12 9 0.02291037 
810 65 9 12 0.02282618 
977 18 9 17 0.022557387 
245 234 11 11 0.02253687 
189 608 3 6 0.022519872 
334 667 41 46 0.022428332 
218 447 13 10 0.022409579 
714 421 38 45 0.02213541 
39 513 14 12 0.02203282 
186 619 4 7 0.021381177 
318 498 9 8 0.021221833 
224 210 9 9 0.021210723 
493 99 13 18 0.021184348 
636 269 11 15 0.02117946 
107 113 35 42 0.02115189 
124 418 13 11 0.02108191 
265 240 8 8 0.020952392 
83 839 9 14 0.020804618 
509 403 27 50 0.02071819 
229 388 10 9 0.020612312 
134 26 6 7 0.020270783 
125 470 24 25 0.020250654 
282 387 13 12 0.020171627 
801 22 6 11 0.02014723 
331 261 9 8 0.020010484 
