54_Rescue_rescuepeople_54_774
27
348 115 50 71 0.9994599 
695 122 44 59 0.9994035 
628 98 58 80 0.9975368 
879 78 58 83 0.9960219 
211 110 60 83 0.9924354 
177 532 50 55 0.24606703 
817 236 23 43 0.08973775 
928 480 38 76 0.0766364 
770 60 228 369 0.04225556 
381 180 64 89 0.04213948 
739 192 30 48 0.0394819 
353 460 82 141 0.037934266 
684 181 35 68 0.03786793 
463 74 322 372 0.036414493 
171 56 281 413 0.035804097 
552 346 317 423 0.03516644 
358 306 52 57 0.03444572 
668 105 54 71 0.034272503 
141 75 8 8 0.030013036 
934 100 18 34 0.028965363 
616 548 27 45 0.028668202 
303 296 39 86 0.027749699 
187 557 53 79 0.026696589 
780 362 29 39 0.02566776 
722 200 33 55 0.025610078 
638 518 27 48 0.025244104 
836 193 37 56 0.022558454 
