54_Rescue_firemanrescue_54_908
64
859 158 29 37 0.9978332 
853 296 35 48 0.994136 
619 186 22 29 0.9936686 
431 298 70 49 0.9714479 
527 192 38 74 0.37696275 
473 298 49 53 0.18375485 
316 326 4 6 0.11489152 
580 365 249 437 0.109662026 
550 186 33 59 0.073346324 
412 242 29 35 0.070206955 
1013 56 15 27 0.066184774 
999 206 9 13 0.06458436 
362 50 8 18 0.058332216 
646 207 14 32 0.0524516 
330 328 4 5 0.05185953 
315 322 4 5 0.050937295 
296 327 5 6 0.04815163 
328 313 4 5 0.04715069 
315 301 4 5 0.045373093 
315 306 5 6 0.04478787 
302 322 4 5 0.042318568 
300 328 5 5 0.041553617 
439 125 277 430 0.039134838 
322 308 4 5 0.037890505 
329 309 4 5 0.037158284 
324 314 3 5 0.036130324 
319 327 5 5 0.035564262 
402 411 134 115 0.03507403 
327 321 4 4 0.034568876 
335 313 4 5 0.033270184 
795 293 26 42 0.031736072 
1024 51 17 33 0.030674726 
839 316 25 40 0.03006871 
310 302 4 4 0.02918716 
297 323 3 4 0.028660284 
1029 81 19 38 0.028372709 
308 321 5 4 0.027955588 
773 401 38 47 0.027955309 
804 302 11 21 0.026957646 
334 310 4 4 0.026853958 
308 317 4 4 0.026145494 
590 494 40 53 0.025582632 
408 273 24 39 0.024769912 
310 329 4 4 0.024618162 
567 183 30 52 0.024475818 
303 316 4 4 0.024226483 
732 157 6 10 0.023683771 
256 311 5 8 0.023388315 
604 205 5 8 0.022430377 
282 327 4 6 0.02240105 
310 332 4 5 0.022260254 
321 302 4 5 0.02210034 
315 296 4 4 0.021963237 
329 332 5 5 0.021911144 
1038 73 22 43 0.021782735 
264 319 5 7 0.021521768 
531 90 24 45 0.021521056 
608 234 6 11 0.02151806 
486 202 34 45 0.021050224 
296 309 4 5 0.020936135 
322 321 4 5 0.020662308 
309 308 4 5 0.020391012 
1029 113 19 31 0.02004901 
684 235 9 18 0.020029355 
