54_Rescue_rescuepeople_54_711
227
407 376 14 16 0.9083994 
482 306 14 20 0.8203049 
424 315 10 15 0.44061652 
454 353 9 12 0.34917185 
496 325 9 17 0.23807637 
495 340 7 11 0.14093614 
442 346 8 11 0.12661414 
475 356 6 10 0.12313151 
436 360 8 10 0.10445569 
483 335 7 12 0.10314763 
388 410 12 10 0.09759401 
447 373 10 13 0.09574755 
532 367 6 7 0.09437885 
542 286 13 16 0.0884246 
536 367 5 7 0.075424254 
485 349 6 8 0.06762662 
557 283 9 12 0.06109859 
756 96 4 5 0.053897575 
438 401 11 12 0.053736288 
384 401 9 8 0.050294586 
429 322 10 13 0.04935022 
444 342 10 13 0.046701834 
749 76 4 6 0.04571108 
503 299 10 13 0.044505037 
434 347 7 10 0.04145559 
647 613 5 6 0.041421294 
477 384 12 14 0.040978372 
718 109 4 5 0.038273185 
494 346 6 10 0.038207088 
806 94 4 6 0.037909232 
488 355 5 9 0.03758953 
661 627 4 6 0.03719391 
157 263 354 378 0.036500104 
647 618 4 6 0.03636281 
634 614 5 6 0.03583893 
763 90 4 5 0.035741504 
437 393 13 13 0.035357937 
431 380 11 12 0.03514482 
442 355 18 19 0.033887595 
976 618 15 14 0.033839498 
502 327 8 14 0.03380058 
436 373 17 19 0.03345073 
526 362 5 7 0.033237204 
762 108 4 5 0.033179894 
789 135 3 3 0.033024527 
497 366 9 17 0.03284424 
750 69 4 5 0.032803386 
763 171 3 6 0.03273477 
764 94 4 5 0.03256008 
286 416 7 6 0.03249321 
769 102 4 5 0.032366343 
217 185 11 15 0.032210734 
768 95 4 5 0.03203766 
653 637 6 8 0.03174003 
923 138 4 7 0.03076616 
590 620 4 6 0.030671177 
724 114 3 5 0.030611813 
651 613 5 5 0.030451966 
612 651 7 8 0.03041185 
853 134 3 6 0.030237928 
423 350 6 10 0.030219238 
634 619 5 5 0.030095268 
853 139 4 5 0.03002545 
749 81 4 6 0.030025199 
770 140 3 5 0.029899042 
763 102 3 4 0.029866472 
725 179 3 5 0.029840881 
846 153 3 5 0.029692903 
653 633 4 6 0.029480487 
711 643 6 8 0.029086083 
795 134 3 4 0.028725749 
789 95 4 5 0.028679803 
770 179 3 4 0.028422387 
775 107 4 5 0.028314793 
699 631 6 7 0.028202513 
750 165 3 5 0.028074581 
763 166 3 5 0.027939353 
743 108 4 4 0.027618065 
699 621 4 5 0.027553903 
457 358 8 11 0.027440166 
744 165 3 5 0.027371492 
769 172 2 5 0.027291251 
755 101 4 5 0.02719422 
478 360 6 8 0.027020212 
788 108 4 5 0.02695313 
705 108 4 5 0.026656253 
434 366 8 9 0.026609164 
660 638 6 9 0.026531471 
735 183 4 6 0.026513547 
705 624 6 6 0.026498578 
710 128 4 5 0.026416797 
459 308 9 13 0.026364753 
763 114 4 5 0.026309738 
712 205 3 5 0.02612368 
460 304 7 8 0.025986006 
840 172 4 5 0.025974806 
509 302 9 12 0.025881736 
737 108 4 5 0.025724871 
800 134 3 4 0.025721224 
495 307 8 14 0.025638448 
756 75 4 6 0.025631703 
789 90 3 4 0.025600707 
595 620 4 5 0.025490329 
769 134 4 4 0.025395114 
743 178 3 5 0.025311846 
763 178 3 5 0.025238683 
757 68 5 6 0.02503874 
429 348 7 11 0.025000403 
346 5 3 4 0.02499459 
757 64 3 5 0.024980577 
757 178 3 5 0.024954531 
743 121 5 6 0.024951385 
545 357 5 7 0.024723804 
429 590 4 5 0.02471282 
788 140 3 4 0.024659926 
733 184 3 5 0.02463133 
736 179 4 5 0.024434369 
770 107 3 4 0.02434331 
648 608 4 5 0.024301996 
424 364 6 7 0.0242733 
839 141 4 4 0.02424958 
743 103 4 4 0.024228454 
865 110 3 4 0.024221255 
418 377 11 13 0.02422058 
543 369 5 6 0.024183681 
595 625 4 6 0.024095232 
757 90 3 4 0.024092225 
544 363 5 6 0.024057744 
770 186 3 4 0.02404165 
774 119 4 5 0.024023505 
562 362 5 7 0.023985242 
489 316 14 22 0.023694182 
427 362 7 8 0.023673207 
640 620 4 5 0.023656536 
731 179 4 4 0.023653235 
814 159 4 5 0.023635658 
0 634 5 12 0.023586113 
788 160 3 4 0.023582432 
498 301 8 12 0.023500932 
724 208 4 6 0.023399288 
736 140 4 5 0.023335952 
428 354 7 10 0.023334747 
711 638 5 8 0.02331718 
698 625 5 6 0.023122855 
756 83 3 4 0.02298971 
559 173 17 33 0.022842722 
775 103 4 5 0.022837646 
737 103 3 4 0.022820473 
762 133 4 5 0.022762127 
651 608 5 4 0.022730436 
774 140 4 5 0.022719048 
794 129 4 4 0.022701845 
437 387 12 12 0.022657193 
660 130 6 9 0.02263631 
776 179 4 5 0.022612752 
684 614 4 5 0.022582805 
445 401 7 9 0.022549655 
768 119 4 6 0.022523178 
807 90 4 5 0.022518417 
719 113 3 4 0.022503002 
704 620 6 6 0.022488648 
846 141 3 4 0.022449875 
796 173 3 5 0.022305455 
846 167 4 4 0.022302546 
750 161 3 4 0.022235585 
865 114 4 4 0.022226052 
505 342 6 9 0.022185186 
731 108 4 5 0.022180062 
590 625 5 6 0.022163974 
635 626 4 5 0.022091243 
627 626 5 5 0.022072513 
525 358 5 8 0.02206336 
466 367 36 38 0.022055106 
621 644 5 6 0.022025587 
764 120 4 6 0.021933006 
794 159 4 6 0.021927783 
723 205 4 5 0.021860987 
447 353 9 11 0.021851853 
529 344 7 8 0.021827687 
923 134 3 6 0.021758018 
706 114 3 4 0.021737916 
910 152 4 6 0.021724109 
715 240 6 6 0.021647776 
793 108 4 4 0.02161369 
749 88 4 5 0.021566171 
794 102 4 5 0.02150628 
426 393 12 13 0.02142648 
631 668 8 13 0.021423556 
813 140 4 5 0.021401828 
719 205 3 5 0.021386163 
635 631 5 7 0.02137462 
91 -35 88 88 0.0213638 
846 147 3 4 0.021355644 
730 174 4 4 0.0213385 
711 109 3 5 0.021304896 
723 109 4 4 0.021302933 
482 348 5 8 0.021220893 
452 342 9 13 0.021217037 
833 159 3 5 0.021097394 
342 5 3 5 0.021077836 
834 135 3 4 0.021055752 
520 361 4 7 0.020991229 
750 65 3 4 0.020926813 
608 645 4 6 0.020920303 
910 179 4 5 0.0209019 
427 369 8 8 0.020897955 
383 405 11 9 0.020791912 
711 114 3 4 0.02076502 
756 57 3 5 0.020759841 
348 256 4 5 0.020708747 
769 115 3 5 0.02067445 
852 147 3 4 0.020640736 
783 160 3 5 0.020602215 
807 101 4 6 0.020568835 
744 77 4 5 0.020559872 
725 173 3 5 0.020509785 
860 114 3 4 0.020498414 
660 630 5 6 0.020490311 
743 609 4 4 0.02035114 
665 620 5 5 0.020268505 
492 362 8 11 0.020262953 
769 622 7 9 0.020209566 
769 613 4 6 0.020156862 
559 356 5 7 0.020087946 
807 128 5 5 0.020066334 
469 355 7 10 0.020038623 
680 230 4 5 0.02001414 
