54_Rescue_rescuepeople_54_1006
42
245 248 38 59 0.9988996 
620 158 47 66 0.99840146 
316 255 28 49 0.9849132 
428 276 31 47 0.96402764 
673 243 46 59 0.21094209 
555 349 11 15 0.16235973 
304 306 23 27 0.15261565 
-6 90 292 336 0.13269016 
690 209 9 21 0.07109085 
29 388 119 102 0.067353845 
580 395 12 17 0.05675627 
290 253 31 51 0.038848348 
543 386 8 16 0.036422808 
310 170 35 44 0.035831686 
548 361 15 27 0.035693534 
576 470 8 15 0.03442011 
639 491 11 15 0.033255357 
580 463 6 8 0.033083737 
636 462 5 5 0.03243518 
454 325 17 29 0.032313287 
576 454 4 7 0.03219992 
225 279 23 45 0.031028448 
654 462 5 6 0.030481393 
662 467 15 25 0.028901035 
257 167 37 43 0.025278687 
615 465 5 5 0.025212124 
549 340 7 10 0.024942515 
324 183 35 43 0.024445795 
334 129 38 47 0.024359642 
598 476 3 7 0.02365486 
575 421 9 15 0.023456568 
192 295 48 65 0.023439484 
620 465 6 5 0.023352722 
280 259 21 48 0.022243587 
310 131 37 45 0.022128833 
297 155 37 43 0.02161273 
321 301 33 39 0.021283302 
610 465 3 4 0.021234252 
675 412 16 27 0.021213261 
660 41 36 46 0.021203363 
602 475 4 7 0.021128459 
273 130 35 45 0.02085248 
