54_Rescue_rescuepeople_54_557
268
697 130 39 51 0.9951835 
641 654 8 8 0.123697 
776 554 14 15 0.120433964 
408 637 9 9 0.115174085 
811 490 8 15 0.09795328 
777 160 10 15 0.09530579 
597 648 8 8 0.085554056 
869 659 11 15 0.065787144 
396 641 8 8 0.063759185 
633 649 8 8 0.06368252 
380 662 10 11 0.05688727 
681 152 24 31 0.054791924 
600 630 10 8 0.053540062 
424 649 10 10 0.052505504 
403 668 9 10 0.051848352 
635 642 7 8 0.05161521 
402 649 8 9 0.05059521 
376 666 10 11 0.048420496 
620 636 8 8 0.048352282 
624 636 8 8 0.046802863 
618 656 10 9 0.04676469 
413 637 8 8 0.046529878 
919 646 11 10 0.046002425 
342 668 9 11 0.04533286 
788 228 46 60 0.0447537 
151 665 7 9 0.044619687 
659 599 7 7 0.043054264 
572 666 9 10 0.042200338 
446 653 9 10 0.042021863 
529 653 9 9 0.04155258 
695 667 9 11 0.04129467 
413 641 8 9 0.04125579 
535 649 8 9 0.04125455 
874 320 7 11 0.04028496 
870 314 7 10 0.04024177 
627 593 6 6 0.03979563 
357 175 266 537 0.03959691 
328 666 9 11 0.039390124 
914 628 8 7 0.038200352 
388 668 8 10 0.03817914 
453 672 8 10 0.03771256 
396 655 8 10 0.037678234 
639 649 8 9 0.03766053 
712 566 11 9 0.037447028 
91 655 7 9 0.03728931 
628 618 5 6 0.037163455 
896 302 7 10 0.036749147 
710 660 7 10 0.03640116 
741 584 24 20 0.03618465 
544 667 9 10 0.03586064 
585 661 8 11 0.035302296 
423 642 8 8 0.03517669 
659 603 8 8 0.035013873 
103 661 6 8 0.034938082 
578 637 7 8 0.034636453 
391 630 7 7 0.034522668 
489 654 9 10 0.03429532 
435 631 7 7 0.034072448 
330 660 9 10 0.033909384 
920 628 9 8 0.03376824 
434 646 8 10 0.033748366 
633 654 8 8 0.033727568 
641 617 6 7 0.03365109 
692 661 7 8 0.032961324 
695 661 8 9 0.032599594 
1019 358 7 14 0.032574423 
614 630 7 7 0.032319535 
410 630 7 6 0.03188317 
640 598 7 6 0.03125535 
413 665 9 10 0.031104457 
702 617 7 8 0.030698122 
783 550 12 14 0.030685062 
767 492 24 36 0.030589996 
645 618 8 7 0.030575115 
585 642 9 11 0.030489547 
902 666 10 11 0.03048467 
669 149 22 34 0.030471765 
160 654 6 7 0.030436624 
613 567 6 6 0.030114412 
649 618 8 7 0.030088156 
864 310 6 9 0.029833242 
627 605 7 6 0.029727705 
446 629 8 7 0.029600793 
524 648 8 8 0.0293508 
702 611 7 7 0.029321618 
338 661 9 9 0.029297216 
122 104 46 55 0.029274028 
421 638 7 6 0.029236287 
401 641 8 8 0.0289279 
594 631 8 7 0.028779494 
632 605 6 6 0.028752504 
429 629 7 7 0.028752238 
874 566 9 10 0.028658675 
1019 399 6 9 0.028532187 
714 586 9 8 0.028340304 
90 623 6 9 0.028185597 
524 655 8 8 0.028022194 
235 1 15 13 0.02776919 
1010 398 5 9 0.027731558 
722 586 8 8 0.027715202 
663 668 8 9 0.027665343 
709 667 8 9 0.027550012 
697 617 7 8 0.027529672 
541 245 87 78 0.027520264 
343 658 11 11 0.027460048 
601 625 7 7 0.027390495 
628 611 6 6 0.027329417 
736 670 6 8 0.02725372 
633 637 7 7 0.027234554 
580 642 9 11 0.027217204 
421 660 9 12 0.027160455 
612 571 7 7 0.02715622 
671 666 8 10 0.027150458 
703 668 7 9 0.027098127 
903 579 6 8 0.026927406 
618 641 8 8 0.026783396 
428 637 7 7 0.026755359 
881 655 9 10 0.026699724 
134 655 7 8 0.026688987 
627 597 7 6 0.026614122 
1019 333 6 13 0.026505861 
595 617 7 7 0.026289389 
647 605 7 6 0.026132999 
192 670 6 7 0.0260868 
620 618 6 6 0.026071494 
1002 623 7 7 0.025989518 
705 631 7 7 0.025919924 
851 270 7 13 0.025903245 
475 647 9 11 0.02587276 
666 559 7 6 0.025850333 
376 656 9 9 0.025796125 
644 599 7 5 0.02578093 
624 655 7 8 0.025763353 
130 622 6 9 0.02575692 
615 636 8 7 0.025610387 
594 611 7 7 0.025592454 
582 629 7 8 0.02549347 
714 157 40 54 0.025457066 
71 611 6 7 0.025398508 
614 624 6 6 0.025346857 
391 660 7 9 0.025314981 
904 585 6 7 0.025248526 
632 599 6 5 0.025203172 
845 285 5 8 0.025186662 
727 570 10 10 0.025078202 
645 622 7 8 0.025000181 
370 655 9 9 0.024909392 
159 288 330 459 0.024570096 
834 572 12 10 0.024561843 
907 586 8 9 0.024486078 
361 649 9 9 0.02438705 
411 625 6 6 0.024365747 
835 556 12 10 0.024241306 
851 310 6 9 0.02414025 
1003 655 7 10 0.023988334 
1019 353 14 24 0.023895185 
439 631 8 7 0.023840709 
360 654 10 9 0.02382693 
127 609 6 8 0.023760166 
936 591 7 8 0.023749994 
830 664 9 10 0.023700107 
718 624 6 6 0.02367364 
647 559 7 8 0.02358485 
147 609 6 7 0.023511609 
415 630 7 6 0.023475835 
134 -62 325 386 0.02346374 
396 648 9 10 0.023311907 
587 625 6 6 0.023305302 
81 667 7 8 0.023289856 
140 610 7 8 0.02328624 
729 545 10 10 0.023278758 
708 636 8 8 0.023194287 
672 661 8 9 0.023137873 
499 642 7 9 0.023030557 
0 153 6 15 0.022948502 
620 631 7 6 0.022881113 
388 650 8 8 0.02284357 
718 617 7 7 0.022765573 
178 666 7 8 0.022765318 
589 612 7 6 0.022735031 
588 630 6 6 0.022661528 
90 617 7 7 0.022650186 
402 661 9 9 0.022555243 
1009 380 6 8 0.022515826 
184 668 7 7 0.022481246 
620 612 6 6 0.022467902 
660 610 7 7 0.022467567 
717 636 7 7 0.022450505 
1005 67 5 6 0.022437686 
717 629 7 8 0.022362992 
91 649 7 9 0.022249695 
903 603 8 9 0.022210095 
1010 390 5 9 0.022185367 
625 631 7 6 0.022089183 
625 643 7 7 0.021977114 
967 591 6 8 0.021966921 
595 624 7 6 0.021895988 
660 617 6 7 0.021891557 
397 672 7 9 0.02189061 
632 593 7 6 0.021870194 
713 602 9 10 0.0218645 
627 586 5 5 0.021848535 
640 624 7 6 0.021816893 
358 669 9 9 0.021789303 
390 635 8 9 0.021764953 
639 631 8 6 0.02173183 
716 668 8 9 0.021687282 
395 624 7 6 0.021665376 
955 23 6 6 0.02151155 
550 647 8 9 0.021501545 
691 671 9 10 0.02147775 
666 611 6 7 0.021457106 
608 648 8 9 0.021432504 
937 4 39 48 0.021403035 
403 637 7 8 0.021368768 
640 593 8 6 0.021304375 
524 660 8 9 0.021297699 
598 256 55 41 0.021244263 
821 646 13 11 0.021233449 
167 670 5 7 0.021214003 
134 610 6 8 0.021165974 
402 631 7 6 0.021165945 
621 599 7 6 0.021156743 
658 668 9 9 0.021136269 
609 605 6 5 0.021084055 
541 649 8 9 0.021067116 
934 296 7 11 0.020939436 
421 630 6 6 0.020922521 
652 669 7 8 0.02092247 
703 623 7 7 0.02087439 
81 623 8 9 0.02086787 
624 674 10 9 0.020854091 
806 171 8 15 0.020826057 
576 560 7 7 0.020804763 
890 629 8 9 0.02079264 
863 655 10 12 0.020766065 
691 656 7 8 0.020741139 
95 660 7 8 0.02073266 
595 561 5 6 0.020652007 
720 567 12 9 0.020649394 
650 610 8 7 0.02064653 
179 618 40 46 0.020639705 
744 578 15 11 0.020635413 
666 549 6 6 0.020626936 
621 592 6 6 0.020612407 
517 650 8 7 0.020567594 
1017 638 17 22 0.020565715 
890 635 8 9 0.020539174 
705 635 7 8 0.020477118 
904 610 7 7 0.0204476 
919 637 9 7 0.020417737 
714 598 8 8 0.020368084 
1018 642 8 11 0.020322382 
406 654 8 10 0.020302363 
644 631 8 7 0.020296628 
626 650 7 7 0.020281099 
162 669 5 7 0.020257158 
709 648 7 9 0.020247132 
1022 59 14 23 0.020233136 
904 591 6 8 0.020225307 
654 574 5 5 0.020191602 
697 611 7 6 0.02014922 
663 604 8 8 0.020126065 
525 644 6 7 0.020121358 
682 648 9 10 0.020071704 
987 593 5 7 0.020046541 
710 641 7 8 0.020027805 
1011 79 4 6 0.020006765 
