54_Rescue_rescuepeople_54_926
30
150 93 102 114 0.999956 
527 193 98 142 0.99982965 
366 195 72 99 0.99935275 
326 13 25 39 0.44671297 
307 64 20 31 0.0689094 
299 484 12 15 0.06653643 
192 9 42 50 0.04592712 
36 414 10 8 0.04221666 
330 533 33 29 0.03620006 
268 302 14 16 0.035962537 
756 61 23 44 0.035910934 
243 490 11 12 0.03403799 
266 309 13 18 0.033542417 
279 459 13 14 0.030185694 
297 75 20 25 0.029325122 
817 359 25 27 0.02877816 
43 413 9 9 0.02829452 
11 484 30 22 0.028078085 
415 105 39 50 0.027917359 
206 424 14 14 0.027825972 
290 84 13 17 0.02733768 
790 563 80 131 0.025255242 
440 227 24 31 0.024413832 
861 364 13 15 0.023697868 
300 444 9 14 0.023077596 
316 57 16 30 0.022832166 
469 403 92 137 0.022306032 
283 284 25 28 0.02224658 
422 211 45 59 0.020955043 
820 348 6 5 0.020211454 
