54_Rescue_firemanrescue_54_617
19
591 234 204 316 0.9996049 
369 657 23 31 0.11514506 
45 1028 186 271 0.10699387 
787 843 44 63 0.09332842 
79 636 90 107 0.07116299 
173 576 14 19 0.06495284 
69 1174 126 114 0.052567787 
298 1116 20 20 0.04051086 
359 648 21 37 0.03998529 
181 721 105 115 0.03755067 
344 764 13 16 0.03618367 
377 665 24 42 0.032633282 
36 678 91 153 0.032525674 
357 766 11 14 0.032057714 
310 1120 30 27 0.025232652 
309 658 46 78 0.024054935 
386 661 15 21 0.023292879 
-2 856 43 95 0.02133498 
225 1041 66 67 0.020561242 
