54_Rescue_rescuepeople_54_431
664
675 398 25 34 0.9991709 
534 381 19 30 0.9973022 
663 357 22 29 0.99555737 
743 404 20 26 0.99534166 
523 512 32 49 0.9953146 
820 377 31 31 0.995304 
757 454 30 34 0.9927504 
370 396 32 44 0.99241453 
570 459 30 42 0.98524207 
608 316 16 24 0.9808537 
599 358 16 25 0.9791991 
654 273 14 20 0.9719633 
693 317 18 24 0.97065765 
484 212 19 28 0.9575101 
86 312 79 83 0.9489488 
416 229 22 30 0.9420076 
871 425 39 42 0.93609077 
466 324 26 42 0.9244056 
785 523 31 36 0.9193551 
552 187 18 23 0.91814524 
314 353 17 24 0.9102818 
602 285 13 21 0.90252715 
775 324 24 26 0.886326 
509 167 16 26 0.8772294 
210 282 18 22 0.8729984 
270 325 15 18 0.8694743 
752 301 13 17 0.8545967 
685 294 14 16 0.8513938 
729 450 18 25 0.82715744 
380 254 17 25 0.7936051 
617 392 21 29 0.7750678 
300 215 15 23 0.77121866 
617 298 12 20 0.7506744 
652 474 20 40 0.737757 
625 552 37 48 0.7199468 
666 451 21 32 0.5861999 
281 188 11 13 0.53839904 
211 358 16 23 0.5188449 
301 283 16 15 0.5063081 
724 382 17 23 0.4530374 
605 235 10 16 0.4447069 
671 179 6 10 0.42795625 
796 461 21 22 0.42044577 
381 201 16 22 0.4042737 
317 196 12 18 0.3771159 
604 428 17 26 0.37674433 
709 468 20 25 0.36511654 
725 179 6 10 0.33697557 
240 317 12 15 0.33623147 
294 197 10 14 0.33421686 
579 371 16 27 0.3308507 
448 213 9 16 0.3288685 
322 304 13 15 0.32471445 
305 317 13 15 0.32087702 
516 255 15 25 0.3173605 
324 190 9 14 0.3022733 
645 271 9 15 0.29799703 
619 220 10 15 0.2957774 
569 426 18 31 0.29440236 
686 217 7 10 0.26333684 
672 191 6 11 0.26204634 
667 235 7 11 0.2610386 
79 199 47 59 0.26086196 
148 282 13 17 0.25903365 
631 273 10 18 0.23709401 
579 322 16 22 0.22591762 
618 176 7 12 0.2196165 
690 217 7 11 0.21454579 
677 247 8 11 0.21336864 
334 318 13 21 0.21244569 
674 222 7 10 0.20954545 
707 402 20 25 0.20203418 
641 410 20 36 0.1958801 
714 316 13 17 0.1952483 
210 249 9 12 0.19427946 
633 366 14 22 0.18687217 
388 520 32 48 0.18679678 
751 330 17 22 0.18224709 
469 185 7 10 0.18024229 
332 208 11 18 0.17911035 
653 230 8 10 0.16915858 
697 178 7 9 0.16689764 
246 239 10 14 0.16670671 
670 207 7 12 0.16443872 
174 295 16 19 0.16147332 
646 387 18 25 0.15160087 
668 180 6 9 0.15115735 
34 465 118 81 0.15022968 
619 198 8 13 0.14583412 
794 397 21 22 0.14021531 
489 280 17 29 0.13957117 
655 293 12 17 0.13642733 
234 265 9 12 0.13599566 
734 354 18 25 0.13406548 
189 222 8 10 0.13380882 
321 200 15 24 0.132911 
776 417 20 27 0.13273402 
212 230 7 8 0.12814271 
331 372 27 29 0.12616025 
570 319 17 23 0.12494967 
195 328 19 20 0.12200675 
294 272 14 18 0.12194396 
344 239 16 26 0.121280864 
660 249 7 11 0.11964714 
697 223 6 9 0.117038645 
673 173 5 9 0.116731025 
659 186 5 7 0.115455806 
205 224 6 8 0.112942606 
641 258 8 14 0.11035558 
641 193 5 7 0.108140476 
267 289 12 17 0.10713692 
705 632 76 88 0.105226204 
633 239 9 13 0.103907906 
187 219 6 9 0.103808254 
596 190 8 14 0.10327574 
647 171 6 8 0.102315 
526 361 12 18 0.10194473 
312 385 12 17 0.10165889 
292 190 9 13 0.101287805 
723 166 5 8 0.10091124 
374 338 18 32 0.09920507 
245 295 12 17 0.09775278 
224 223 9 10 0.09533005 
252 237 15 21 0.094962634 
646 192 6 8 0.094060704 
718 391 14 18 0.09063205 
145 273 11 12 0.088363506 
819 418 19 27 0.08720451 
240 263 9 10 0.086549245 
189 229 9 13 0.085296914 
371 266 17 27 0.084283285 
497 327 12 19 0.08427636 
200 369 19 25 0.083840154 
693 221 6 10 0.083233066 
704 241 8 12 0.08306087 
584 269 12 19 0.08124007 
687 235 7 10 0.08108812 
587 232 9 18 0.08040648 
308 299 11 14 0.08008838 
622 405 19 30 0.07971643 
636 389 16 24 0.07865843 
326 307 16 22 0.07844918 
655 186 5 8 0.07758657 
918 144 9 14 0.077500954 
615 183 7 12 0.077320635 
522 225 11 21 0.077131554 
651 255 9 12 0.07608798 
449 198 7 9 0.075163774 
669 434 21 31 0.074933164 
626 237 7 11 0.07489507 
892 512 38 41 0.074609436 
692 457 17 28 0.0740739 
585 389 12 19 0.0732643 
709 186 6 8 0.07148982 
235 236 8 11 0.07113026 
737 186 6 8 0.07102548 
463 191 5 9 0.07087865 
852 406 26 33 0.070858546 
638 217 8 11 0.07081321 
623 487 12 19 0.07063492 
285 196 9 12 0.07013093 
577 229 14 25 0.069738545 
455 202 6 11 0.0692186 
699 460 21 30 0.069053344 
244 197 8 11 0.06903044 
293 244 11 18 0.06886899 
705 185 6 9 0.06883448 
573 420 12 20 0.06856029 
660 191 5 8 0.06818654 
695 218 6 9 0.06790587 
731 205 5 9 0.06766199 
198 219 6 7 0.067461975 
247 203 8 11 0.06718847 
304 324 17 23 0.066985026 
634 427 19 31 0.06606939 
717 179 5 10 0.06578838 
648 341 13 17 0.065054104 
716 192 6 10 0.064974554 
86 229 32 46 0.06480383 
429 199 7 9 0.064463325 
728 184 6 9 0.064173505 
768 165 7 10 0.06362371 
179 250 10 15 0.063417904 
698 486 23 32 0.06340402 
585 215 11 16 0.063110545 
671 285 11 15 0.06309496 
782 406 21 23 0.06278626 
750 173 5 8 0.06131171 
170 277 13 15 0.061222 
582 189 7 12 0.060893122 
689 311 13 18 0.060831215 
226 327 12 16 0.060618553 
685 213 7 9 0.06025102 
277 320 17 24 0.06016822 
228 217 8 10 0.060098216 
349 186 14 20 0.059752557 
284 304 10 14 0.05960333 
647 197 6 10 0.058840368 
681 248 10 12 0.058592226 
329 304 10 13 0.05856372 
745 161 4 6 0.058512982 
619 240 8 13 0.058211036 
873 133 12 13 0.05805663 
748 298 12 15 0.05760144 
712 192 5 9 0.0572086 
667 206 7 10 0.057141583 
71 237 31 42 0.057061724 
296 401 25 41 0.056807473 
479 185 5 9 0.05628472 
670 240 8 12 0.055757932 
737 192 6 9 0.055689108 
204 219 6 7 0.05525131 
706 191 5 9 0.05501311 
453 199 7 9 0.054896332 
254 185 10 11 0.0547079 
710 223 7 9 0.05432943 
212 216 7 9 0.05402118 
697 228 7 10 0.053829797 
140 279 10 10 0.053779498 
667 192 6 10 0.053680886 
624 217 8 12 0.0536427 
676 186 7 9 0.05318082 
672 259 7 11 0.052520204 
694 179 6 8 0.05251206 
525 465 35 49 0.052392833 
672 230 7 9 0.05193182 
677 229 6 9 0.051789787 
635 175 6 7 0.051538818 
0 463 8 22 0.05147437 
505 348 18 27 0.051453456 
637 246 8 14 0.05093688 
672 610 70 104 0.050910212 
693 185 6 9 0.050665956 
535 194 10 17 0.05015237 
290 184 10 13 0.050107878 
439 275 18 39 0.05005112 
550 448 22 34 0.04985225 
639 180 6 7 0.04974088 
143 288 20 26 0.049530983 
181 219 6 8 0.04919097 
461 198 6 9 0.049160834 
660 205 6 8 0.049133282 
690 249 9 12 0.048771806 
665 225 5 7 0.04875547 
696 184 6 10 0.048599478 
207 275 14 17 0.048535552 
659 226 6 8 0.04839683 
674 280 10 13 0.04815121 
493 184 6 9 0.048150066 
569 377 14 26 0.048072673 
648 229 6 11 0.04789385 
392 200 12 16 0.04753538 
760 167 6 9 0.047171254 
735 389 21 23 0.047162656 
713 197 5 8 0.047029242 
213 292 21 24 0.047016263 
444 429 13 17 0.046885937 
659 181 5 7 0.046828046 
191 291 12 15 0.046563424 
635 179 6 8 0.046521466 
214 253 9 11 0.046495073 
210 241 10 14 0.046265684 
287 201 9 12 0.046172824 
601 187 8 11 0.04617179 
464 661 19 40 0.04587723 
834 416 31 45 0.045821205 
637 227 9 13 0.045764018 
639 197 7 10 0.045669634 
216 213 6 8 0.04559893 
663 255 7 10 0.045379695 
292 311 10 16 0.045366663 
712 179 6 9 0.045353744 
704 315 17 21 0.045161225 
625 260 9 14 0.045041632 
329 188 7 14 0.044721894 
635 192 5 9 0.044603214 
268 204 10 14 0.043970466 
675 287 15 20 0.04376168 
690 243 7 10 0.04314611 
148 372 46 44 0.04286887 
477 468 23 33 0.042820808 
735 204 5 9 0.042356104 
814 428 19 31 0.04226953 
673 218 6 10 0.04224443 
39 333 150 180 0.041961584 
233 271 11 13 0.04188423 
749 167 4 7 0.04178598 
598 187 15 23 0.041600034 
478 450 11 15 0.041547466 
592 233 10 15 0.041523986 
586 287 11 19 0.04143257 
209 350 11 17 0.041150477 
812 410 19 26 0.04059874 
666 239 7 12 0.040453527 
466 223 8 13 0.040401857 
214 233 9 11 0.040285517 
165 271 11 14 0.04024383 
383 540 28 44 0.04000075 
285 315 12 19 0.039639205 
170 281 18 22 0.03958288 
344 382 34 42 0.039412446 
275 350 15 23 0.03937007 
210 226 7 8 0.039367307 
643 328 13 18 0.039105337 
743 192 6 9 0.03889649 
957 471 40 46 0.038856443 
582 330 17 28 0.03870415 
674 169 4 6 0.038465604 
624 307 11 19 0.038389817 
297 357 10 12 0.038210962 
248 191 8 10 0.038132425 
612 238 8 14 0.038059 
471 188 8 12 0.038021922 
456 430 19 30 0.037921827 
324 237 11 20 0.037895486 
207 249 7 11 0.037796773 
694 174 6 7 0.037663877 
720 166 5 8 0.037641596 
629 388 13 22 0.037591055 
633 198 6 10 0.03756789 
343 193 16 26 0.03751822 
494 331 20 32 0.0374115 
287 289 10 15 0.037277557 
592 302 11 20 0.03706182 
473 359 32 46 0.03704715 
633 217 7 11 0.03691628 
269 257 18 23 0.036835432 
216 225 7 9 0.03658186 
590 436 12 20 0.03637606 
630 311 12 18 0.036339357 
653 192 5 8 0.036210235 
427 208 10 15 0.03581487 
651 397 18 28 0.035640806 
662 260 9 13 0.0356239 
725 161 4 6 0.03560979 
640 185 6 8 0.035527628 
750 177 6 9 0.035424747 
620 259 8 13 0.03519881 
736 197 6 8 0.03493943 
374 202 14 18 0.03472391 
259 191 10 11 0.03458827 
242 192 15 22 0.034549084 
3 72 16 29 0.034494054 
590 321 10 18 0.034325942 
262 296 12 14 0.03430139 
804 444 22 28 0.03426449 
748 160 5 7 0.033668704 
748 154 5 7 0.03359644 
677 179 6 9 0.033587884 
655 180 5 8 0.033528324 
587 367 17 27 0.033383492 
718 459 21 28 0.033185147 
538 185 15 25 0.03316686 
192 213 6 8 0.033067122 
717 185 5 8 0.033057936 
310 203 12 19 0.032963052 
703 180 6 8 0.032925125 
514 218 15 31 0.03279886 
726 319 17 24 0.03256289 
717 375 17 26 0.03226664 
729 175 6 9 0.032136638 
684 180 5 8 0.032033972 
559 437 18 29 0.031893503 
293 282 10 16 0.031765778 
640 203 6 12 0.03165977 
509 292 10 19 0.031494718 
718 173 5 8 0.031225637 
731 200 5 7 0.031190552 
677 218 7 11 0.030993247 
241 284 12 14 0.03096925 
613 403 11 20 0.030895147 
205 227 8 11 0.03086715 
657 460 20 34 0.030850263 
724 174 5 7 0.030810557 
361 309 10 18 0.030744312 
646 187 5 8 0.03072271 
619 287 9 17 0.030640598 
730 161 4 6 0.030634072 
791 470 21 25 0.030627148 
374 294 21 30 0.030583972 
749 324 14 17 0.030515557 
730 165 5 8 0.030466355 
121 228 9 11 0.030441158 
634 184 7 9 0.030336436 
633 595 71 120 0.030335637 
305 445 19 35 0.03033118 
687 266 9 12 0.03032798 
222 217 16 20 0.030243494 
645 202 8 12 0.030197963 
229 229 8 9 0.03019696 
654 248 7 12 0.030092169 
651 198 6 9 0.030061603 
468 198 6 8 0.029997796 
712 174 5 7 0.029910196 
10 76 8 13 0.029871434 
262 196 8 10 0.029773936 
724 192 5 9 0.029733628 
736 179 6 8 0.029618002 
201 286 15 22 0.029612925 
742 299 9 12 0.029533356 
413 492 157 216 0.029434174 
636 319 15 23 0.029397983 
635 222 7 11 0.029315393 
880 131 11 12 0.029262621 
541 143 9 13 0.029171938 
342 325 10 17 0.02904243 
627 197 7 11 0.028988065 
675 448 29 38 0.02895379 
488 184 5 9 0.028622488 
773 167 6 9 0.02860448 
759 333 19 28 0.028491039 
830 420 19 28 0.028223747 
308 290 11 14 0.028192457 
236 257 9 12 0.028172553 
200 382 12 17 0.028143737 
648 347 15 25 0.028113373 
494 678 16 26 0.028032154 
652 173 5 7 0.027902346 
725 362 19 31 0.027787259 
616 259 7 12 0.02775412 
755 173 5 9 0.02763903 
147 333 25 33 0.027617265 
767 161 6 8 0.027605958 
362 638 37 55 0.027559761 
636 417 12 20 0.027549163 
717 243 8 11 0.027548488 
464 187 5 9 0.027536094 
261 286 12 16 0.027512128 
799 427 21 27 0.027478462 
654 225 6 9 0.027440423 
684 279 10 12 0.027370278 
392 190 13 13 0.027302613 
322 218 10 17 0.027286137 
481 183 4 6 0.02726071 
478 189 7 10 0.027176442 
595 280 14 24 0.02716453 
244 208 7 10 0.027083386 
640 174 6 7 0.027071822 
236 223 8 9 0.027014904 
1072 199 12 19 0.026958488 
536 259 15 25 0.026897144 
459 280 18 29 0.026799187 
355 319 16 26 0.02676143 
613 289 9 16 0.026740277 
837 398 24 29 0.026614597 
401 203 11 13 0.02652856 
684 242 8 11 0.026521223 
652 240 10 13 0.026510268 
666 216 6 10 0.026479771 
712 208 6 10 0.026425898 
511 206 11 21 0.026347412 
748 394 16 17 0.02624037 
677 173 5 8 0.026236875 
239 204 5 9 0.026087457 
680 505 30 49 0.026020326 
805 403 20 24 0.025889175 
305 392 11 16 0.02588548 
754 178 5 8 0.02587554 
316 313 13 16 0.025873065 
368 281 18 29 0.025844568 
647 224 5 9 0.025761513 
349 323 10 18 0.025751004 
697 243 6 10 0.025741221 
714 477 19 31 0.025734855 
244 313 17 23 0.025688577 
267 320 12 17 0.025678026 
742 179 6 9 0.025652282 
676 302 9 17 0.025587788 
642 497 11 18 0.02555813 
696 261 8 12 0.025555475 
354 237 17 28 0.025489274 
158 261 8 11 0.025450898 
684 310 10 16 0.02543018 
482 69 7 10 0.025388591 
616 175 6 9 0.025332712 
281 421 26 34 0.025293805 
159 267 8 11 0.025275707 
627 256 15 22 0.02524286 
341 204 11 19 0.025233883 
344 311 9 15 0.025227863 
311 365 20 27 0.02513096 
638 275 9 16 0.025125071 
154 262 17 22 0.025108047 
1044 149 10 15 0.024918197 
658 243 7 11 0.024851823 
661 296 12 16 0.024828192 
691 213 7 9 0.024818532 
787 193 8 8 0.024803817 
254 195 9 12 0.024790965 
263 202 8 12 0.024756646 
684 185 6 8 0.024733944 
245 279 11 14 0.024731895 
738 143 4 5 0.024689661 
292 218 11 17 0.024675487 
892 480 41 55 0.024643408 
242 245 11 13 0.02455372 
640 265 9 15 0.024543485 
704 500 29 51 0.024534404 
606 219 9 15 0.024507197 
343 367 24 26 0.024505697 
205 214 6 6 0.024492979 
346 184 8 13 0.024375163 
433 203 7 10 0.02434166 
710 230 6 8 0.024285795 
643 399 14 25 0.024205998 
769 172 6 8 0.024202283 
590 189 7 12 0.024171928 
175 301 20 27 0.024168164 
498 183 6 11 0.024160665 
550 256 9 16 0.02412399 
125 258 13 13 0.02407268 
-2 446 34 53 0.024058962 
222 249 9 11 0.023874667 
364 330 19 31 0.023844447 
972 123 6 7 0.023829224 
187 336 35 44 0.02381483 
199 214 6 7 0.023805834 
374 208 17 28 0.023679018 
819 426 31 43 0.023650868 
731 143 4 5 0.023645794 
744 148 4 5 0.023644695 
288 240 9 15 0.023613604 
930 130 5 6 0.023551084 
615 193 15 22 0.023529964 
841 418 12 16 0.023509735 
289 324 13 18 0.023458388 
720 397 20 27 0.023446014 
532 359 16 23 0.023440327 
668 484 20 31 0.023398912 
755 198 6 8 0.023349032 
738 136 5 6 0.02334142 
291 206 10 14 0.023338756 
859 472 20 28 0.02326428 
677 205 6 9 0.023232656 
962 118 5 6 0.023174947 
514 236 11 19 0.0231508 
530 295 11 20 0.02314626 
335 211 19 31 0.02313392 
466 214 9 14 0.023109471 
665 190 15 22 0.023102118 
560 268 16 27 0.023053957 
203 224 17 21 0.02301148 
745 156 4 5 0.022996351 
523 176 7 15 0.02290534 
605 190 9 14 0.022893844 
604 403 16 26 0.022873467 
7 338 20 38 0.022776648 
731 149 4 5 0.022748688 
193 300 18 23 0.022745838 
648 266 13 19 0.02273231 
319 279 8 13 0.022721114 
732 330 18 27 0.022710565 
737 149 5 5 0.022692947 
654 250 15 19 0.022683628 
742 185 6 8 0.022676336 
650 300 11 18 0.022642946 
660 198 6 9 0.022640444 
570 267 16 27 0.022632837 
580 428 19 31 0.022560278 
240 199 5 9 0.022530738 
684 288 11 14 0.022501575 
368 299 33 55 0.022344518 
458 231 10 17 0.022332666 
1068 168 13 22 0.022313593 
651 168 5 7 0.022309324 
629 192 6 9 0.02217895 
999 476 41 52 0.022170134 
587 307 11 20 0.022130746 
476 451 22 26 0.022099301 
773 172 6 8 0.022024848 
325 325 18 26 0.022002865 
276 185 10 12 0.021986749 
442 219 10 16 0.021979526 
658 444 18 29 0.021964503 
750 149 4 6 0.02196352 
187 335 15 15 0.02193153 
530 444 26 32 0.021919163 
967 109 6 7 0.021890616 
992 511 42 57 0.021882141 
450 195 5 7 0.02188088 
786 427 22 27 0.021868637 
338 246 17 33 0.021829963 
397 204 19 27 0.021809699 
625 226 8 13 0.02177102 
479 389 21 32 0.021759728 
150 267 10 11 0.02167684 
460 214 8 13 0.021637365 
690 230 7 10 0.021599729 
270 394 20 29 0.021599313 
697 190 6 9 0.021584183 
236 217 7 10 0.021584034 
187 214 6 7 0.021568652 
636 302 11 16 0.021534614 
503 232 10 16 0.021510053 
614 215 8 14 0.021495158 
352 349 9 13 0.021450808 
706 548 31 56 0.021431789 
934 130 5 7 0.021401798 
718 142 5 5 0.02140033 
840 66 13 14 0.021371735 
824 293 18 24 0.021347668 
776 318 16 19 0.021313187 
704 224 5 8 0.021306206 
511 231 10 17 0.021302855 
375 334 12 20 0.021244168 
669 490 11 17 0.02122332 
730 155 4 6 0.021212742 
226 314 18 25 0.021206703 
614 223 14 21 0.021202823 
1018 147 8 11 0.021122264 
40 424 194 196 0.021102337 
968 122 5 7 0.021075975 
734 457 20 30 0.021066964 
254 274 10 12 0.021050982 
386 342 11 19 0.0210352 
716 210 6 8 0.021018008 
20 75 7 10 0.021011885 
417 211 18 24 0.020990111 
617 206 10 16 0.02096952 
628 179 5 9 0.02096662 
304 250 10 15 0.020962782 
747 192 7 10 0.020924017 
645 178 6 8 0.020900408 
795 172 5 7 0.020897375 
967 117 6 7 0.020874469 
829 528 21 31 0.020874202 
172 224 6 8 0.020833137 
393 257 22 31 0.020827947 
598 229 12 15 0.020795617 
295 431 21 40 0.02069546 
389 233 20 30 0.020679038 
592 289 11 18 0.020673146 
495 214 17 28 0.020635735 
720 246 9 12 0.020632803 
714 204 7 11 0.020627024 
299 209 11 18 0.020572321 
750 536 89 99 0.020528814 
589 178 6 10 0.020528585 
748 186 7 9 0.020519717 
867 541 23 34 0.020452728 
704 230 5 8 0.020444734 
125 269 36 43 0.0203769 
499 190 7 10 0.020360144 
401 462 38 58 0.020345137 
518 188 17 27 0.020333938 
471 228 9 14 0.020328442 
466 179 14 21 0.02032826 
1079 214 12 19 0.02032303 
384 268 25 35 0.020277247 
482 471 12 18 0.020277033 
608 184 16 24 0.020272516 
659 210 7 10 0.020271407 
644 216 7 11 0.020243669 
542 170 10 16 0.020240534 
531 154 6 11 0.020217223 
727 155 4 6 0.020176282 
776 148 5 7 0.020163981 
515 195 10 15 0.020158073 
205 334 14 16 0.020144312 
467 204 7 11 0.020136934 
865 135 24 21 0.020114336 
685 204 6 9 0.020078974 
930 133 5 8 0.020050969 
242 355 9 13 0.020027043 
