54_Rescue_rescuepeople_54_328
21
560 122 131 205 0.99930346 
367 368 26 29 0.82762057 
335 456 19 23 0.39043877 
678 504 9 13 0.2401921 
451 452 18 25 0.100371525 
631 590 38 47 0.08881889 
378 370 33 40 0.039956592 
348 407 15 13 0.038334135 
777 535 14 13 0.038299434 
381 505 13 14 0.03267824 
371 413 13 16 0.032367684 
789 544 14 15 0.0292424 
427 451 10 15 0.028569628 
346 464 10 15 0.02794958 
543 462 19 24 0.025344733 
715 402 35 77 0.024942804 
383 378 18 17 0.023843555 
356 522 10 17 0.021276712 
703 590 27 31 0.021153774 
341 424 15 14 0.02016601 
746 553 12 15 0.020004679 
