54_Rescue_firemanrescue_54_939
139
156 107 75 108 0.99984956 
61 579 19 31 0.91034657 
265 236 28 27 0.85410607 
579 599 14 15 0.73738 
422 472 28 67 0.57244503 
435 634 8 13 0.27951682 
898 520 15 17 0.25529784 
419 654 8 15 0.2075927 
561 637 12 16 0.145361 
766 270 9 12 0.115728736 
472 618 8 11 0.10887715 
596 293 10 14 0.07795339 
658 10 30 52 0.07473567 
120 563 28 41 0.071210235 
931 564 10 15 0.06981134 
94 294 19 40 0.069398716 
439 631 7 11 0.068709925 
50 589 18 28 0.06795642 
368 661 11 18 0.06554068 
628 549 11 13 0.06437951 
473 417 25 35 0.060574714 
527 666 10 13 0.058218025 
0 224 9 21 0.054519627 
339 459 31 60 0.052703246 
730 591 6 6 0.05217334 
72 580 11 23 0.05081918 
156 702 12 17 0.049083557 
484 686 7 11 0.045289386 
124 347 32 26 0.04460368 
950 492 8 13 0.043955818 
746 590 9 8 0.041264582 
724 617 8 9 0.041133083 
969 533 11 17 0.038996525 
668 680 8 11 0.03828384 
715 288 12 16 0.038029615 
785 515 5 7 0.037089244 
453 661 7 10 0.036831975 
640 318 11 14 0.03636961 
944 512 11 15 0.03623145 
439 638 8 15 0.03547955 
642 641 10 12 0.035000607 
680 687 6 7 0.034956023 
794 633 3 3 0.03477151 
245 685 31 29 0.034129355 
603 594 21 21 0.033423215 
172 306 21 30 0.032585025 
756 270 9 12 0.03162069 
508 671 10 13 0.030935334 
480 681 7 10 0.030556235 
903 528 13 13 0.029934475 
573 589 31 38 0.029835127 
498 691 6 10 0.029593524 
996 301 19 27 0.029511545 
396 667 10 20 0.029366791 
947 532 7 11 0.028742319 
610 282 11 11 0.028635567 
761 664 7 7 0.028576847 
946 524 8 11 0.02851888 
430 635 7 15 0.028330214 
158 341 10 14 0.027883185 
517 655 8 12 0.02781922 
354 463 11 19 0.027781762 
613 311 10 13 0.027513169 
789 633 4 4 0.027029097 
760 650 6 6 0.026899664 
666 6 7 10 0.026773293 
889 527 10 11 0.02665419 
712 655 6 7 0.026623355 
1018 523 9 14 0.026502818 
695 279 12 16 0.026343266 
730 588 5 5 0.025876174 
808 571 14 12 0.025839908 
692 682 5 7 0.025539722 
475 661 7 9 0.02536403 
320 454 34 62 0.025304528 
454 666 8 12 0.02526726 
719 592 7 8 0.025235677 
692 673 6 8 0.024949264 
87 345 11 16 0.024880433 
734 276 12 16 0.02483961 
115 343 25 22 0.024458095 
833 645 30 38 0.024342874 
696 13 10 15 0.024281327 
939 515 21 29 0.024248457 
801 632 3 4 0.024237499 
894 527 12 15 0.02417484 
653 600 9 12 0.024073642 
449 655 6 12 0.024049707 
484 681 8 10 0.023861319 
670 569 9 10 0.023824578 
491 642 6 9 0.023769464 
419 429 28 38 0.02364943 
737 651 5 5 0.023537753 
781 633 3 4 0.0234926 
724 632 6 7 0.022997614 
736 588 6 6 0.022882434 
813 646 4 4 0.02285029 
110 328 51 57 0.022837294 
0 588 7 18 0.02279658 
710 6 9 12 0.022750717 
883 529 8 11 0.022557806 
485 673 8 10 0.022481289 
750 638 6 6 0.022439798 
726 621 8 9 0.022353182 
561 285 8 12 0.022204962 
380 682 11 20 0.022097602 
922 555 19 27 0.022004297 
492 686 7 11 0.021989882 
899 535 12 13 0.021876128 
831 567 9 11 0.021831714 
739 673 9 9 0.02178866 
892 509 18 22 0.021756299 
435 474 36 67 0.021725506 
770 638 4 5 0.021557605 
594 688 5 7 0.021530574 
432 686 7 11 0.021448197 
517 664 10 13 0.021433607 
639 685 8 10 0.021424713 
730 662 5 6 0.021370782 
682 7 29 47 0.02136217 
709 650 8 7 0.02124165 
691 688 5 7 0.021174086 
694 295 10 19 0.021010932 
498 654 7 8 0.020958018 
1018 507 7 13 0.020886868 
754 657 6 7 0.020870829 
714 643 7 8 0.020717805 
639 556 9 12 0.020686194 
705 669 6 7 0.02058148 
716 587 7 6 0.020539029 
756 644 5 6 0.020533076 
512 647 8 11 0.020511717 
347 76 82 99 0.020296628 
474 680 7 9 0.02025367 
709 643 7 8 0.020207588 
801 628 4 3 0.020159753 
736 592 6 6 0.020131065 
940 532 18 28 0.020070542 
304 173 22 25 0.020022739 
