43_Row_Boat_Canoe_43_276
22
510 214 23 30 0.99975187 
871 44 22 20 0.09214142 
858 50 20 20 0.058762334 
854 58 13 12 0.04901774 
846 59 9 9 0.04682645 
860 82 12 12 0.043617174 
894 76 9 12 0.028571496 
915 67 9 14 0.028526649 
513 253 17 25 0.02811654 
885 87 12 15 0.026765421 
866 45 13 12 0.024662245 
0 293 5 11 0.02319069 
56 102 444 298 0.021908803 
774 506 99 110 0.021758344 
4 214 11 15 0.021681605 
849 77 9 12 0.021566523 
849 61 13 12 0.021392109 
123 210 29 25 0.021344585 
577 511 42 52 0.02116794 
871 110 7 8 0.021015663 
542 133 575 334 0.020838944 
857 88 8 9 0.020498136 
