43_Row_Boat_Canoe_43_726
26
192 347 17 19 0.95027804 
482 329 28 41 0.5334442 
285 297 34 40 0.40228856 
766 503 48 45 0.129205 
351 396 99 159 0.12571593 
805 637 25 24 0.07153692 
499 329 22 39 0.055751607 
73 472 26 28 0.042365894 
187 397 21 25 0.041377343 
249 403 29 55 0.04066621 
217 407 10 17 0.030002058 
872 736 47 38 0.029483957 
1005 747 17 27 0.028890526 
179 428 10 17 0.028379919 
206 387 18 30 0.028375706 
202 429 23 28 0.027528852 
127 244 27 30 0.02543379 
841 630 15 13 0.025373384 
521 326 26 37 0.025007475 
325 295 25 32 0.023370977 
130 427 42 44 0.02312886 
274 283 31 39 0.022698427 
939 682 31 28 0.021625841 
533 604 50 55 0.020641934 
479 418 41 35 0.020635424 
847 429 48 52 0.020274388 
