43_Row_Boat_Canoe_43_429
953
344 317 19 27 0.9977805 
897 284 4 4 0.12408938 
615 369 14 12 0.11682658 
895 288 4 5 0.09945508 
625 272 11 9 0.088739514 
652 384 12 14 0.085893415 
769 318 7 7 0.08353655 
600 476 7 8 0.076112494 
891 289 4 4 0.06875391 
877 290 3 3 0.06791441 
518 366 6 6 0.06406297 
461 288 4 6 0.063774504 
1 578 7 13 0.061536867 
474 281 6 7 0.061094206 
660 372 8 9 0.06095197 
411 648 3 4 0.060722236 
628 649 3 3 0.060521334 
651 277 10 10 0.06030842 
973 301 4 5 0.059788205 
768 315 6 7 0.05917389 
604 382 11 11 0.057985585 
548 379 5 7 0.057638377 
610 635 3 4 0.057254966 
734 281 8 9 0.0570102 
629 643 2 3 0.05624943 
892 285 3 3 0.055953685 
525 366 5 6 0.055612665 
141 462 5 4 0.055313174 
769 300 6 7 0.05433581 
404 648 3 4 0.054185778 
596 379 4 4 0.05356328 
545 359 5 5 0.053341053 
609 373 22 18 0.05315137 
407 292 8 10 0.053148475 
960 302 4 5 0.05299753 
609 642 3 3 0.052262187 
601 441 6 6 0.05203103 
412 655 3 3 0.051875956 
904 278 3 4 0.051482555 
909 276 5 5 0.05128657 
872 290 3 3 0.049603924 
871 284 4 4 0.048337143 
616 655 2 4 0.04791944 
468 282 5 6 0.04773299 
234 545 8 7 0.047721013 
609 648 2 4 0.04729295 
622 649 3 3 0.04721785 
641 637 3 3 0.046927754 
147 463 5 4 0.046903674 
877 284 4 4 0.046723276 
337 439 6 12 0.046589766 
257 629 3 3 0.045505535 
328 661 3 4 0.045232825 
885 304 3 3 0.04521593 
635 643 2 3 0.04513227 
865 296 3 4 0.04502623 
801 289 4 5 0.04479557 
252 630 2 2 0.043744188 
187 584 3 4 0.04359694 
888 296 4 4 0.043568537 
1019 301 4 6 0.043545075 
256 636 3 3 0.04354227 
898 278 3 4 0.04348032 
322 661 3 4 0.043226574 
181 584 3 3 0.043041397 
877 295 4 4 0.042917736 
417 655 3 3 0.042802338 
341 661 2 3 0.042633772 
609 656 2 3 0.042630572 
622 642 3 3 0.04262047 
603 642 3 4 0.042499427 
772 320 8 7 0.042457286 
618 333 7 8 0.04243474 
13 699 4 4 0.04226595 
539 365 5 5 0.04181622 
550 366 4 5 0.041746616 
577 649 2 3 0.041719113 
606 378 9 8 0.041636094 
75 586 8 7 0.04157488 
167 450 5 3 0.041315384 
921 268 5 6 0.040939312 
846 303 3 4 0.040923856 
15 693 3 3 0.040686317 
762 315 5 6 0.04068577 
871 296 4 3 0.040543523 
335 661 2 4 0.04007592 
603 655 3 4 0.040054 
886 296 3 4 0.040047184 
404 643 3 3 0.040041283 
252 636 3 3 0.039935507 
327 308 6 7 0.039594464 
917 270 4 5 0.03931121 
902 283 4 4 0.039071836 
135 461 6 5 0.039043758 
473 380 6 7 0.039028615 
754 300 6 6 0.03900836 
1019 307 4 7 0.038841233 
530 366 6 5 0.0388098 
632 396 9 8 0.038704418 
807 295 5 5 0.038692858 
635 649 2 2 0.038527597 
309 610 3 4 0.038482353 
622 637 3 3 0.03838404 
530 359 6 6 0.038376275 
888 303 4 4 0.03831412 
571 643 2 3 0.03829626 
321 674 3 4 0.038232185 
787 296 5 5 0.038139183 
865 284 4 4 0.038081527 
334 667 3 4 0.03798199 
20 680 4 3 0.03778775 
762 318 6 6 0.03774671 
194 580 2 3 0.037696756 
635 401 9 8 0.03765651 
935 303 3 4 0.037639834 
615 356 9 9 0.037638057 
102 457 7 4 0.037561685 
168 584 3 3 0.037550423 
412 624 2 3 0.037529062 
647 270 6 6 0.037360903 
623 655 2 3 0.037355732 
114 449 9 6 0.037318252 
615 636 2 4 0.037227787 
399 649 3 3 0.036971897 
544 366 6 6 0.03693523 
102 461 7 5 0.036763705 
616 662 2 3 0.03675441 
762 300 6 6 0.036644906 
86 589 10 8 0.036581893 
646 274 10 9 0.03655594 
441 301 6 9 0.036554426 
251 662 3 3 0.036453445 
860 303 3 4 0.0364289 
609 623 3 4 0.036404002 
883 308 4 5 0.03620457 
166 455 6 4 0.036052015 
411 661 3 3 0.03603324 
223 548 6 6 0.036013372 
728 295 7 7 0.03598655 
25 667 4 4 0.0359841 
933 315 4 5 0.035861634 
814 302 4 4 0.03583602 
864 303 4 4 0.03569364 
578 643 2 3 0.03558152 
637 398 8 7 0.03556588 
654 687 3 3 0.03554855 
238 636 2 3 0.035447933 
399 294 19 28 0.03531005 
680 675 3 3 0.035273343 
667 675 3 3 0.03526937 
616 642 2 3 0.035200804 
485 384 6 9 0.035172574 
193 519 5 5 0.035084408 
795 289 4 5 0.034966484 
665 330 7 14 0.0349622 
622 629 2 3 0.034959774 
1012 303 3 4 0.034894817 
115 454 8 5 0.03488492 
475 655 3 4 0.034735776 
871 303 3 4 0.034645397 
628 637 3 3 0.034505557 
398 637 3 3 0.03450352 
33 445 4 3 0.034447964 
239 662 3 3 0.03436127 
590 425 3 3 0.034326207 
21 668 4 4 0.034301803 
883 284 3 4 0.034251846 
604 648 2 4 0.034249 
328 674 3 4 0.034161538 
795 284 3 4 0.03406194 
609 630 3 3 0.03403316 
417 649 3 3 0.034005307 
661 681 2 3 0.033794742 
314 610 3 4 0.033744637 
481 649 3 3 0.033695165 
603 669 3 3 0.033668887 
212 667 3 4 0.033656135 
578 623 3 4 0.033652622 
590 636 3 3 0.033623222 
379 654 3 4 0.03350734 
232 661 3 4 0.033438653 
641 669 2 2 0.033296574 
462 284 4 5 0.033265874 
443 636 3 4 0.033206046 
244 662 3 3 0.033133633 
813 371 20 19 0.033078097 
193 584 3 3 0.03303859 
264 630 2 3 0.032991294 
341 346 18 20 0.032898054 
0 562 6 8 0.03274928 
424 661 3 4 0.03272448 
627 391 8 7 0.03260565 
584 630 3 3 0.03253164 
238 642 3 3 0.032492906 
46 667 4 5 0.03246153 
33 654 4 4 0.032449566 
89 482 7 4 0.032379594 
631 442 6 8 0.03234755 
603 437 4 5 0.032277577 
865 290 3 4 0.032277368 
467 286 5 7 0.032238197 
513 371 5 5 0.032140672 
334 434 5 10 0.0320512 
67 582 11 9 0.032024834 
206 667 3 4 0.031999137 
571 662 3 3 0.03198269 
328 656 3 3 0.031873558 
424 656 3 3 0.03185462 
257 624 3 3 0.031853456 
622 374 10 11 0.0317893 
232 655 2 4 0.03177768 
583 655 3 3 0.031733733 
160 583 4 5 0.031725664 
578 630 2 3 0.03169362 
571 649 2 3 0.031693146 
609 662 3 3 0.031691857 
245 636 3 3 0.031669397 
672 263 7 8 0.031668738 
514 367 5 5 0.03166466 
813 296 4 4 0.031651117 
655 636 3 4 0.031628143 
405 662 3 3 0.03160257 
146 545 5 5 0.031560164 
26 445 3 3 0.031524964 
448 289 4 5 0.03150482 
328 667 3 4 0.031483937 
488 687 3 3 0.03145132 
15 679 3 4 0.03142494 
930 315 5 5 0.031419847 
410 643 3 3 0.03132874 
885 290 3 3 0.03132307 
405 636 3 3 0.031320687 
529 351 7 7 0.031125836 
95 519 6 5 0.031115785 
533 623 3 3 0.031071367 
635 656 3 2 0.030933293 
866 322 3 4 0.03089064 
602 377 5 6 0.03088289 
117 531 7 5 0.030861504 
518 370 6 5 0.03085792 
341 656 3 4 0.03083639 
250 668 3 4 0.030830255 
380 668 3 4 0.030820599 
21 688 3 3 0.030818306 
929 296 4 4 0.030703988 
159 578 4 5 0.030703973 
572 617 2 3 0.03065655 
807 290 4 3 0.030634891 
308 655 3 4 0.030630255 
667 687 3 3 0.03057627 
295 649 3 3 0.03056604 
179 455 6 5 0.030502617 
864 315 4 4 0.03045167 
662 268 9 9 0.030407356 
626 403 8 7 0.030405039 
328 681 3 3 0.030368289 
392 661 3 4 0.030321134 
955 302 4 4 0.030312182 
660 675 2 3 0.030265793 
879 309 3 4 0.030263653 
602 636 3 3 0.030258913 
770 297 4 5 0.03025081 
609 669 3 3 0.030241739 
264 623 3 3 0.03022721 
878 316 3 3 0.03020622 
399 623 2 3 0.030128524 
780 325 7 7 0.030118857 
654 674 3 4 0.03006293 
617 649 2 3 0.029970655 
142 571 3 3 0.029916765 
425 625 3 3 0.029788086 
628 655 3 3 0.029718554 
679 267 7 9 0.02970981 
944 623 2 4 0.029705824 
924 635 2 4 0.02967261 
626 395 9 7 0.029671526 
487 662 3 3 0.02965802 
540 636 2 3 0.029629339 
984 756 7 11 0.02962273 
603 662 3 3 0.029571537 
639 292 9 8 0.029570624 
438 302 4 7 0.029558146 
34 487 5 5 0.02955344 
430 630 3 3 0.029516641 
840 316 4 3 0.029466901 
148 629 4 4 0.029400889 
333 681 3 3 0.029318174 
321 603 3 4 0.029260203 
673 675 2 3 0.029258106 
550 382 4 6 0.029253595 
142 545 5 4 0.029248962 
90 455 5 4 0.029235143 
160 455 5 5 0.029203344 
500 654 3 4 0.029178953 
6 568 8 9 0.02907263 
180 580 3 2 0.02906981 
5 562 8 8 0.029010769 
296 636 3 3 0.028999863 
4 575 9 13 0.028999401 
415 300 7 11 0.028975304 
264 655 3 3 0.028959865 
661 686 3 4 0.02895279 
265 636 2 3 0.028933618 
174 583 3 3 0.02892581 
309 604 2 4 0.028918564 
123 653 4 4 0.028906703 
643 287 12 10 0.028900884 
580 269 9 7 0.028881777 
347 635 2 3 0.0288785 
206 662 3 3 0.028854834 
91 519 6 5 0.028830023 
859 309 4 4 0.028807947 
160 443 5 4 0.028795559 
405 654 3 3 0.028682556 
346 661 3 3 0.028665569 
172 437 5 4 0.0286564 
277 617 3 3 0.028656082 
578 663 2 3 0.028652549 
444 630 2 3 0.028612377 
167 443 5 4 0.0286011 
14 706 3 3 0.028532883 
949 642 3 4 0.02853223 
825 353 7 6 0.028496074 
813 290 3 3 0.028393393 
417 661 3 3 0.028374607 
53 653 3 4 0.028362826 
277 604 3 3 0.028348064 
200 661 3 4 0.028329387 
495 655 3 2 0.028328981 
654 681 3 3 0.028299963 
623 624 3 3 0.028293118 
245 623 2 3 0.02823438 
219 623 3 3 0.028198384 
316 604 3 3 0.028184315 
910 271 4 4 0.028137283 
647 681 3 3 0.028136827 
968 296 4 4 0.028095849 
0 499 4 5 0.028052105 
180 534 4 4 0.028029777 
168 579 3 4 0.028008703 
731 649 2 3 0.02800681 
120 455 8 5 0.02799226 
981 604 2 3 0.02797786 
206 680 3 4 0.027942587 
591 308 12 9 0.027936848 
264 649 2 3 0.02791647 
648 642 3 3 0.027913768 
559 662 2 3 0.027906958 
539 630 3 3 0.0278874 
852 290 4 4 0.0278492 
1019 295 4 6 0.027838815 
866 327 3 4 0.027837925 
546 637 2 3 0.027837168 
637 406 9 8 0.027820528 
81 584 7 6 0.027751021 
591 419 3 4 0.027717708 
596 487 6 6 0.027717244 
481 661 3 3 0.027700882 
315 655 3 4 0.027688203 
264 661 3 4 0.027667532 
57 538 6 5 0.027664028 
738 649 2 3 0.027622046 
341 630 3 3 0.027621605 
579 655 2 3 0.02758406 
590 378 4 4 0.027558586 
530 371 6 6 0.027541978 
556 365 4 6 0.027503448 
674 681 2 3 0.027491422 
636 637 3 3 0.027487777 
148 437 7 5 0.027484056 
270 630 3 3 0.027480656 
417 624 2 3 0.027470373 
539 755 5 8 0.027462881 
269 610 2 4 0.027450632 
820 297 3 4 0.027355215 
577 437 3 4 0.02732958 
245 629 3 3 0.027270269 
808 285 4 3 0.027252266 
622 437 3 4 0.027239066 
487 649 3 3 0.027221955 
172 455 6 4 0.027189104 
373 655 3 4 0.027172565 
613 388 26 22 0.02713215 
417 630 3 2 0.02712601 
219 662 3 3 0.027125444 
478 280 6 7 0.02710701 
264 611 2 2 0.027020266 
239 680 3 4 0.02701875 
603 674 3 3 0.027016412 
872 316 3 4 0.027003199 
673 687 3 3 0.027002977 
270 605 3 3 0.027001772 
665 323 7 11 0.026959473 
315 308 5 5 0.026946858 
321 655 3 4 0.026935752 
697 267 7 7 0.026930546 
112 439 12 9 0.026916971 
13 718 4 4 0.026908634 
27 693 3 3 0.026878482 
972 296 4 5 0.026870715 
143 552 4 4 0.026858304 
488 431 3 4 0.026826255 
865 636 2 4 0.026821172 
333 674 3 3 0.026799757 
641 655 3 3 0.02678633 
844 321 4 4 0.026772963 
40 476 3 3 0.0267716 
929 302 4 4 0.026768535 
773 301 5 6 0.026764138 
46 756 4 7 0.026757397 
512 310 8 8 0.026753422 
155 725 3 3 0.026720572 
909 281 5 5 0.02670647 
179 443 5 4 0.02670232 
397 661 3 3 0.026671132 
405 668 3 3 0.026652617 
333 599 3 3 0.026650254 
549 360 4 4 0.026634574 
213 655 3 4 0.02661588 
741 306 8 7 0.026613362 
734 276 7 7 0.026603214 
591 650 2 3 0.026597837 
654 693 2 3 0.026576264 
930 320 4 5 0.026562478 
188 598 3 3 0.026509007 
94 526 7 6 0.026472546 
546 629 2 3 0.026468243 
606 442 5 5 0.026468208 
347 631 2 3 0.026460588 
564 656 2 3 0.026430001 
309 623 3 4 0.02641801 
1 456 3 4 0.026390977 
968 302 3 4 0.026360516 
859 290 3 4 0.02631856 
861 635 2 5 0.026238296 
231 623 3 4 0.026206046 
942 309 4 5 0.02615728 
431 636 3 3 0.026157105 
194 597 3 4 0.026148567 
289 617 2 3 0.026128832 
392 637 3 3 0.026101416 
431 726 3 3 0.026027335 
685 686 3 4 0.025980888 
373 648 2 4 0.025979513 
334 656 3 3 0.025950003 
179 451 5 3 0.025872633 
658 273 8 9 0.025833346 
4 558 8 7 0.025827691 
648 623 3 3 0.02580629 
494 649 3 3 0.02579993 
877 322 3 4 0.025794592 
634 623 3 3 0.025766544 
648 656 3 3 0.025759833 
206 598 3 3 0.025718164 
153 463 4 4 0.02568538 
565 616 2 4 0.025682373 
316 661 2 4 0.025671376 
533 630 2 3 0.025663074 
857 323 3 4 0.025635391 
793 302 5 5 0.025615735 
525 370 6 5 0.025614249 
283 610 3 4 0.025536958 
1012 307 4 5 0.025536595 
264 617 3 3 0.025446078 
136 578 4 4 0.025435816 
146 456 5 4 0.025414502 
609 487 6 8 0.025409471 
929 328 4 4 0.025402635 
331 442 18 28 0.025380395 
872 636 3 4 0.025374087 
648 648 3 3 0.025373604 
226 706 3 3 0.025361456 
596 675 2 3 0.02533346 
429 624 2 3 0.02532027 
270 636 3 3 0.025229122 
338 436 5 8 0.025208194 
731 656 2 2 0.025200373 
648 675 2 3 0.025181081 
595 390 7 7 0.025160765 
65 540 6 4 0.025133995 
930 642 3 5 0.025114626 
725 656 2 3 0.025093814 
141 577 7 6 0.025072105 
134 458 6 4 0.025065154 
820 290 4 3 0.02505524 
21 700 4 3 0.025052771 
590 631 3 3 0.0250472 
309 642 3 4 0.025044326 
21 706 4 3 0.02503306 
257 662 3 3 0.025020827 
801 294 4 5 0.02500276 
860 314 3 4 0.024969053 
872 642 3 5 0.024959333 
572 668 2 4 0.02494334 
252 642 2 3 0.024942769 
244 649 3 4 0.024929881 
406 630 3 3 0.024918798 
941 655 3 5 0.02488944 
155 475 6 5 0.0248669 
347 648 3 4 0.024851935 
193 462 6 4 0.024844103 
316 598 2 3 0.024835572 
488 373 5 6 0.02483187 
942 320 4 5 0.024805164 
46 661 4 4 0.024775667 
679 687 3 3 0.02473822 
598 475 6 6 0.02472933 
65 438 4 3 0.024687344 
93 468 7 5 0.024676817 
597 636 3 3 0.02466859 
231 674 3 4 0.024648784 
399 642 3 3 0.024606002 
379 674 3 4 0.024556825 
238 686 3 4 0.024554104 
988 585 3 4 0.024531124 
147 468 6 4 0.024520995 
924 629 3 4 0.024509352 
449 636 2 4 0.024474453 
108 457 6 4 0.024470761 
782 296 4 5 0.024469888 
737 643 3 3 0.024406374 
160 448 6 5 0.02439813 
258 668 3 4 0.024384242 
859 296 3 4 0.02438262 
909 329 4 4 0.024374252 
578 637 3 3 0.024333563 
9 718 3 4 0.02433293 
264 667 2 4 0.024307054 
635 294 7 7 0.024282468 
626 435 4 6 0.024269167 
380 604 2 3 0.024223655 
283 618 3 3 0.024193674 
794 296 4 4 0.02417162 
385 661 3 4 0.024164857 
402 292 9 12 0.024156969 
878 636 3 4 0.024144216 
538 360 5 5 0.024140688 
128 563 6 6 0.024092818 
468 649 3 3 0.02405695 
812 284 4 4 0.024056317 
385 642 2 4 0.024054976 
323 454 21 24 0.024040911 
961 610 3 3 0.024018217 
40 687 3 3 0.024016093 
340 667 3 4 0.023978658 
508 441 5 6 0.023968762 
647 629 4 4 0.023961289 
487 283 4 5 0.02395249 
565 630 2 3 0.023932321 
456 642 3 3 0.023893654 
39 661 4 4 0.02388611 
366 435 4 5 0.023863884 
597 374 3 3 0.023861617 
14 688 3 3 0.023860045 
954 623 3 4 0.023842791 
296 629 3 4 0.02382899 
636 630 2 3 0.02381992 
220 667 2 4 0.023812776 
214 643 3 4 0.023799675 
95 456 6 4 0.023793863 
622 268 19 17 0.023760535 
546 643 2 2 0.023744173 
168 472 8 6 0.023744062 
481 655 3 3 0.023739742 
795 307 5 6 0.023680078 
40 681 3 4 0.0236557 
194 591 3 3 0.023648039 
801 285 4 4 0.023644984 
851 277 4 4 0.023642821 
616 630 2 3 0.023642058 
269 661 3 4 0.023620553 
328 599 3 3 0.023614423 
955 629 2 4 0.023612307 
527 630 2 3 0.023598013 
756 315 5 5 0.023594752 
551 269 34 21 0.023570491 
565 623 2 4 0.023557607 
526 359 5 5 0.023552045 
277 623 3 4 0.02355159 
519 438 5 5 0.02354612 
628 630 3 3 0.023541374 
661 650 2 2 0.02353559 
494 681 3 3 0.02352451 
322 648 3 4 0.023514083 
83 481 6 4 0.023506183 
679 681 3 3 0.023496084 
392 630 3 3 0.023492644 
302 637 2 3 0.023480816 
78 481 5 4 0.023465553 
315 674 3 4 0.023457384 
271 650 3 3 0.02344883 
1022 293 14 23 0.023445042 
475 643 3 3 0.02342334 
936 617 3 3 0.023415769 
596 437 4 4 0.02340601 
352 668 3 3 0.0233707 
787 301 6 5 0.023365192 
269 624 3 3 0.023358632 
373 661 2 4 0.02335665 
15 674 3 4 0.023348117 
864 309 3 4 0.023341622 
213 681 3 4 0.023321757 
949 656 3 4 0.023305258 
474 285 5 7 0.023257926 
963 642 3 4 0.02325324 
525 438 5 5 0.023241697 
591 378 21 22 0.023220267 
463 637 2 3 0.023184162 
532 636 2 3 0.023169676 
245 668 3 3 0.023161916 
942 315 4 4 0.023150057 
456 649 3 3 0.023144655 
948 540 3 3 0.023142235 
583 650 2 2 0.023134537 
225 630 3 3 0.02312446 
762 307 5 5 0.023118315 
481 674 3 3 0.023116129 
70 437 4 4 0.02311459 
982 598 2 3 0.023110418 
431 649 3 3 0.023106959 
277 660 3 4 0.023103647 
576 668 3 3 0.02310306 
571 656 2 3 0.023093672 
179 461 7 5 0.023075223 
986 592 3 3 0.023071116 
949 637 3 4 0.023069663 
211 437 4 4 0.023065409 
442 667 3 4 0.023057884 
487 636 3 3 0.023054956 
225 636 2 3 0.023050452 
358 430 4 5 0.023048734 
103 482 8 4 0.023034936 
962 636 3 4 0.023029512 
871 322 3 4 0.023022179 
251 648 3 4 0.023009581 
667 649 2 3 0.023000034 
165 461 7 5 0.022994012 
158 473 7 6 0.02299341 
629 623 3 3 0.022989988 
846 296 2 3 0.022982756 
469 411 4 5 0.022982417 
168 590 3 3 0.022966517 
552 637 2 3 0.02296526 
1000 591 3 4 0.022920031 
41 458 4 3 0.022902044 
456 654 4 4 0.022900859 
937 655 3 5 0.022881545 
46 680 4 5 0.022876121 
398 617 2 4 0.022865793 
654 649 3 3 0.022856515 
257 641 3 4 0.022852778 
81 538 7 5 0.022848379 
155 720 3 3 0.022840668 
930 617 2 3 0.022834968 
846 277 4 4 0.0228218 
517 378 6 7 0.022817107 
341 636 3 3 0.022816138 
310 648 3 4 0.022814667 
219 642 2 4 0.022807768 
934 309 4 4 0.022806674 
597 655 3 3 0.02280222 
21 445 3 3 0.022800645 
296 643 2 3 0.022793781 
812 358 6 6 0.022791598 
904 629 2 4 0.022786906 
5 529 8 8 0.02277067 
213 693 3 3 0.02276807 
742 296 5 5 0.02274425 
481 636 3 3 0.022740135 
355 656 2 3 0.022727929 
322 668 2 3 0.022722898 
584 624 2 3 0.022702781 
251 624 2 3 0.022702381 
650 270 7 6 0.022681039 
232 628 3 4 0.022675904 
668 668 2 3 0.022674622 
303 616 2 4 0.022658274 
199 584 4 4 0.022651413 
8 714 3 3 0.022637062 
487 288 4 5 0.022633638 
373 668 3 3 0.02262725 
789 290 4 4 0.022624461 
640 649 2 3 0.022611633 
646 637 3 3 0.022601875 
405 618 3 3 0.022597626 
296 674 3 3 0.022594655 
52 184 313 371 0.022592206 
26 688 4 3 0.022580005 
827 298 4 4 0.022567274 
226 700 2 3 0.022546679 
290 629 3 4 0.02254635 
52 666 3 4 0.02252594 
583 390 4 5 0.022521753 
487 655 3 3 0.022494521 
315 668 3 3 0.022481607 
173 580 3 3 0.022479538 
179 430 5 4 0.02247145 
558 650 2 2 0.022466732 
481 642 3 3 0.02246235 
648 687 3 3 0.022439275 
922 302 4 5 0.022438126 
277 610 3 3 0.022414379 
930 289 4 5 0.022410592 
899 661 2 4 0.02239652 
302 674 2 4 0.022394275 
813 309 4 4 0.022392672 
398 655 3 3 0.022369035 
160 550 8 5 0.022354815 
847 290 3 4 0.022352133 
397 629 3 3 0.02234323 
52 737 4 5 0.022341464 
116 661 4 4 0.022336425 
641 662 3 3 0.02232377 
679 637 2 3 0.022320725 
238 667 3 4 0.022319863 
621 663 3 2 0.022292748 
373 636 3 3 0.022289645 
911 641 2 5 0.022289008 
71 539 5 4 0.02227204 
96 429 7 5 0.022240536 
380 649 3 3 0.02222464 
648 669 3 2 0.022219786 
335 603 2 4 0.022216832 
686 737 4 4 0.022212036 
219 636 3 3 0.022202449 
171 443 5 4 0.022183374 
493 431 3 3 0.022136047 
846 309 4 4 0.022130081 
267 456 7 5 0.022120321 
10 574 8 7 0.022116847 
732 662 2 3 0.022116676 
852 283 4 4 0.022093005 
973 309 4 4 0.022059275 
526 440 5 5 0.022058118 
437 317 5 7 0.022052437 
25 673 4 4 0.022024257 
590 662 3 3 0.021978278 
571 681 3 3 0.021962995 
436 630 2 3 0.021958493 
600 388 9 9 0.021958003 
635 755 5 7 0.021951105 
584 442 5 6 0.021950046 
96 583 7 5 0.021937875 
616 624 3 3 0.021932105 
366 430 3 5 0.021900749 
721 300 8 9 0.021893924 
414 294 6 8 0.021887248 
258 617 2 3 0.02187995 
88 444 7 5 0.02187638 
198 518 5 5 0.021867994 
435 636 3 3 0.021867786 
33 493 6 5 0.021838475 
827 302 4 4 0.021825675 
923 296 3 4 0.02182019 
296 680 3 4 0.021803087 
730 276 7 6 0.021800503 
282 604 3 3 0.021796016 
891 278 3 4 0.021795282 
949 302 4 4 0.021790856 
20 674 4 3 0.021784505 
383 674 4 4 0.0217523 
383 680 3 4 0.021747304 
878 304 3 3 0.021747056 
576 616 3 3 0.02171162 
142 457 4 4 0.021673923 
500 623 2 3 0.021660915 
583 386 4 5 0.021650884 
494 693 3 3 0.021631846 
595 383 6 6 0.021622557 
20 713 4 4 0.021618944 
662 655 2 3 0.021615468 
941 302 4 4 0.021603651 
0 549 5 7 0.021593565 
820 302 4 4 0.021577898 
595 649 3 3 0.021575924 
852 309 3 5 0.02157334 
404 624 3 2 0.021563616 
58 475 5 4 0.021556336 
602 757 3 6 0.021554794 
698 693 3 4 0.021545729 
620 352 7 8 0.021540372 
557 392 4 5 0.02153099 
117 427 13 10 0.021510122 
392 617 3 4 0.021509012 
852 296 3 3 0.021507455 
392 649 3 3 0.021481784 
115 739 4 5 0.021473872 
450 398 3 4 0.021466292 
40 649 3 3 0.021465495 
436 661 4 4 0.02146066 
488 681 3 3 0.02145152 
667 693 3 3 0.021450851 
601 378 24 23 0.021445554 
142 565 4 4 0.02143673 
113 433 12 8 0.021378353 
558 624 3 3 0.021375151 
930 623 2 4 0.021361055 
695 374 68 75 0.021359095 
201 667 3 4 0.021357851 
238 630 3 3 0.021353275 
124 649 4 4 0.021336626 
677 263 6 7 0.021331683 
100 425 32 31 0.021328278 
94 530 8 6 0.021327648 
773 315 7 7 0.021327483 
883 314 3 5 0.021312332 
955 322 3 4 0.021307817 
263 605 2 3 0.021307662 
700 668 3 3 0.021292806 
808 308 4 5 0.021286285 
106 461 7 5 0.021282403 
295 699 3 4 0.021280462 
6 543 8 9 0.021266414 
653 374 8 10 0.02125773 
762 296 4 5 0.021256085 
922 264 5 5 0.021238305 
104 757 4 5 0.02122593 
845 314 3 4 0.021210553 
968 316 3 4 0.021187754 
456 637 3 3 0.021171417 
7 525 7 7 0.021166239 
289 623 3 3 0.021157488 
934 320 4 5 0.021141967 
468 655 4 3 0.021128213 
929 636 2 3 0.021095442 
545 354 5 5 0.02109434 
27 448 3 4 0.021092422 
840 297 3 3 0.021091713 
346 655 2 4 0.021083655 
790 372 48 43 0.021080628 
520 631 2 3 0.02107852 
809 635 3 4 0.021076767 
384 668 3 4 0.021076428 
290 668 2 3 0.021064498 
961 297 3 3 0.021055555 
949 647 3 5 0.021051712 
77 538 7 4 0.021050341 
45 443 4 4 0.021040272 
500 438 3 4 0.02103189 
505 343 9 7 0.021026192 
430 661 3 3 0.021014888 
539 623 2 3 0.021010626 
104 675 3 3 0.021008221 
149 719 3 4 0.021007556 
26 706 4 4 0.021002404 
200 700 3 3 0.020997116 
111 662 3 3 0.02099268 
686 669 2 3 0.020957934 
609 674 3 3 0.020956127 
142 622 3 4 0.020931764 
207 675 3 3 0.020926027 
955 654 4 6 0.020907085 
147 441 8 5 0.020891812 
745 649 2 3 0.020885298 
232 668 3 3 0.020869672 
513 623 2 4 0.020866828 
755 319 6 5 0.020862669 
673 668 3 3 0.020861385 
552 623 2 3 0.020855505 
493 282 5 6 0.020854041 
258 649 3 4 0.020852083 
385 604 3 3 0.02082718 
57 679 5 4 0.02075551 
172 450 5 4 0.020751426 
518 360 5 5 0.020749768 
417 642 4 4 0.020740964 
501 616 2 4 0.02073293 
909 288 4 5 0.02072453 
640 630 3 3 0.020724524 
199 579 3 3 0.02070955 
685 674 3 3 0.020703375 
239 623 2 3 0.020701708 
980 302 3 4 0.020700343 
705 656 2 3 0.020691901 
96 434 7 6 0.020679066 
188 580 2 3 0.020676743 
667 655 3 3 0.02067502 
14 713 3 3 0.020662406 
46 686 3 4 0.020648027 
667 643 3 3 0.020642292 
583 731 3 4 0.020639213 
912 647 3 5 0.020633556 
302 603 3 4 0.020620123 
232 648 3 4 0.020611644 
239 674 3 4 0.020602219 
102 428 7 6 0.020580297 
640 642 3 3 0.020578394 
136 539 4 4 0.020552788 
520 635 3 4 0.020552346 
417 636 3 3 0.020534001 
14 723 4 5 0.020527747 
679 662 2 3 0.020526642 
768 306 5 5 0.020507492 
430 302 4 5 0.020495009 
339 422 4 6 0.020494044 
380 643 2 3 0.02049147 
219 618 2 3 0.020490984 
825 289 4 4 0.02049073 
479 277 6 6 0.02047472 
316 706 3 4 0.020472718 
487 436 4 5 0.020472197 
373 598 2 3 0.020469155 
192 456 5 3 0.020464508 
26 662 3 4 0.020457461 
225 618 3 2 0.020439917 
649 693 3 4 0.020432236 
296 603 3 4 0.020420633 
654 656 2 3 0.020414742 
885 328 4 4 0.02041437 
699 674 3 3 0.020408096 
115 558 9 7 0.020387495 
565 612 2 3 0.020386452 
115 474 7 4 0.020370256 
379 661 3 4 0.020357942 
635 669 3 2 0.02034736 
327 648 3 4 0.020346941 
155 629 4 4 0.020345373 
916 635 2 4 0.020336902 
257 605 3 3 0.020336423 
635 675 3 3 0.0203289 
40 667 4 5 0.02032226 
808 668 2 3 0.020314733 
181 700 3 4 0.020305442 
935 296 4 4 0.020292977 
973 314 3 5 0.020273643 
45 482 5 4 0.020270778 
107 500 6 5 0.020254396 
423 649 4 3 0.02025176 
96 461 5 5 0.020213448 
270 655 2 3 0.020203289 
853 322 4 5 0.020192284 
929 655 3 4 0.020175153 
571 623 2 3 0.02016666 
90 448 5 5 0.020163277 
244 654 3 4 0.020162527 
213 686 2 4 0.020131039 
194 700 4 3 0.020109141 
916 334 4 4 0.02009816 
589 655 3 3 0.020097869 
22 661 4 4 0.020091128 
199 598 4 3 0.020090614 
597 478 6 7 0.020086687 
302 642 2 4 0.020081773 
407 298 9 14 0.020075569 
680 693 3 3 0.020075334 
200 707 3 3 0.020073138 
942 636 2 4 0.020065036 
309 681 2 3 0.020050764 
136 596 4 4 0.020042911 
500 681 3 3 0.020034673 
155 456 5 4 0.020032106 
443 720 3 3 0.020012645 
847 648 3 5 0.020007974 
