43_Row_Boat_Canoe_43_325
124
693 396 18 22 0.95589197 
799 416 17 22 0.9553789 
990 363 15 22 0.9511809 
188 387 13 16 0.9073823 
323 405 11 17 0.9056637 
919 420 15 23 0.88573414 
493 376 22 23 0.6291386 
600 401 10 11 0.61237454 
467 349 10 14 0.5767182 
420 354 11 12 0.5159589 
604 404 12 16 0.35857698 
263 382 28 21 0.34381375 
401 407 16 17 0.3235276 
596 353 7 10 0.28278077 
245 377 30 24 0.27739677 
579 391 12 14 0.2560446 
375 328 10 15 0.22376502 
385 388 9 14 0.17541033 
146 380 11 18 0.15539296 
545 359 9 13 0.15443794 
616 421 19 22 0.14630318 
450 392 12 13 0.13795868 
157 330 12 15 0.120880395 
599 410 16 20 0.118899174 
790 370 6 10 0.10819519 
315 358 7 10 0.105840504 
772 382 9 13 0.104161784 
574 408 12 12 0.10190082 
796 407 13 17 0.09747016 
227 351 8 11 0.08101496 
451 409 13 14 0.08082173 
658 350 8 12 0.07860587 
412 403 14 15 0.0785184 
576 499 15 17 0.07659812 
656 487 17 27 0.07586811 
689 362 7 10 0.074393146 
186 381 10 15 0.068816245 
386 379 12 17 0.06491941 
905 381 6 11 0.064308494 
183 375 10 15 0.061089147 
196 421 13 18 0.0539055 
613 407 20 27 0.05220567 
336 406 12 17 0.051396243 
179 376 8 12 0.05038212 
690 393 11 18 0.049583808 
440 401 7 8 0.0476597 
680 372 12 17 0.046629544 
930 418 11 16 0.0461751 
442 397 8 10 0.04109357 
533 484 19 26 0.040866457 
606 396 9 13 0.04059854 
343 405 10 16 0.039515678 
138 368 9 15 0.039480202 
427 362 10 11 0.036862824 
209 383 9 11 0.036257617 
149 384 18 25 0.03593304 
131 357 7 9 0.035313606 
439 404 20 21 0.03526171 
197 411 23 25 0.034734346 
906 386 9 18 0.03408021 
495 370 14 13 0.03326661 
194 385 19 20 0.032415614 
733 319 16 23 0.031773705 
608 396 19 26 0.03146983 
503 364 8 8 0.03129679 
907 379 5 7 0.030177701 
279 387 15 13 0.030056365 
422 438 16 15 0.029614275 
647 264 13 20 0.029489383 
528 451 10 9 0.029095618 
428 367 10 12 0.029031796 
573 400 13 14 0.028839745 
903 391 9 19 0.028473176 
662 350 8 13 0.026939431 
308 263 6 6 0.026835045 
417 350 10 11 0.026544362 
543 479 19 27 0.026441693 
882 465 9 15 0.026293304 
450 398 14 15 0.026207859 
187 175 247 342 0.026021523 
438 375 11 12 0.025914744 
382 352 10 18 0.02571486 
676 470 10 15 0.025503747 
256 242 5 7 0.025378704 
807 407 14 16 0.025353583 
688 366 9 14 0.024618011 
155 322 12 16 0.024597935 
573 448 11 9 0.024513518 
137 379 19 31 0.024370128 
680 432 25 20 0.024230847 
624 477 17 25 0.024192138 
694 409 19 23 0.023879986 
789 397 32 41 0.023834862 
629 417 10 15 0.023746554 
811 402 10 10 0.02366392 
603 416 20 24 0.023662368 
36 286 7 10 0.02351585 
605 375 8 13 0.023491265 
717 401 7 11 0.02303195 
440 408 9 9 0.022857962 
995 357 13 19 0.022620965 
916 421 9 12 0.022384949 
1048 431 19 33 0.022324339 
453 440 11 13 0.02218304 
283 237 5 6 0.022093887 
570 383 17 25 0.02177848 
420 345 11 13 0.021706872 
695 426 19 21 0.021657059 
578 407 20 20 0.021582391 
687 386 12 17 0.021540845 
620 497 10 16 0.021449778 
841 448 11 14 0.02143037 
276 415 21 22 0.02136085 
591 352 16 24 0.021233175 
335 421 18 22 0.021017024 
477 354 10 12 0.021002296 
1030 354 14 23 0.02098589 
380 328 9 14 0.02092683 
1013 431 22 29 0.020876613 
134 363 7 10 0.020851627 
441 383 17 21 0.02080683 
459 406 24 23 0.020558655 
296 252 5 5 0.020451074 
317 392 18 26 0.020285394 
