43_Row_Boat_Rowboat_43_500
188
445 293 31 31 0.996496 
567 352 10 7 0.078530945 
573 353 10 8 0.0650209 
482 82 5 9 0.063561805 
436 300 10 11 0.058301948 
483 328 13 10 0.05447479 
923 167 4 6 0.045779217 
519 348 33 23 0.03971293 
514 97 5 7 0.03961233 
626 291 5 6 0.039103467 
430 199 6 8 0.039065953 
435 295 19 22 0.038933728 
668 275 4 7 0.038856525 
910 168 4 6 0.038723182 
885 175 3 5 0.03764541 
552 219 4 6 0.036979217 
890 168 4 6 0.036734704 
622 292 5 5 0.036039338 
424 204 6 9 0.035962153 
942 167 4 6 0.035903975 
496 338 69 40 0.035335626 
414 198 6 9 0.034265198 
358 293 6 9 0.034211133 
486 83 5 9 0.033896368 
647 269 4 6 0.0337801 
923 162 3 5 0.033652853 
911 173 3 6 0.03361635 
566 417 11 9 0.03351718 
865 220 4 5 0.033218876 
845 182 3 5 0.033121295 
482 89 5 8 0.03233911 
553 370 9 7 0.032250267 
852 161 4 6 0.032190748 
712 399 14 14 0.032065764 
666 284 5 6 0.031868327 
591 161 5 7 0.031403106 
411 197 6 9 0.031235067 
50 262 380 360 0.030815668 
924 155 3 6 0.0307749 
955 167 4 6 0.03068851 
923 148 4 7 0.030402888 
853 175 4 5 0.030353442 
602 160 7 8 0.030264197 
474 103 5 7 0.030125871 
635 290 5 5 0.029827088 
884 214 4 4 0.029793434 
435 58 4 7 0.029703557 
885 168 3 5 0.029680628 
616 291 4 5 0.02955102 
897 181 4 5 0.02948509 
660 289 5 6 0.02911953 
428 205 6 7 0.02911831 
401 204 6 9 0.029085902 
875 187 4 6 0.028845921 
423 303 9 12 0.028758725 
884 220 4 4 0.0287129 
897 201 4 5 0.028702512 
853 155 3 6 0.0286818 
910 181 4 5 0.028411552 
671 275 5 8 0.02840467 
728 404 26 18 0.027759818 
885 181 3 5 0.02737509 
840 182 3 4 0.027368214 
903 168 4 6 0.027228488 
854 180 3 5 0.02713073 
885 207 4 4 0.027109241 
492 85 4 8 0.027031213 
903 162 4 6 0.027026536 
936 194 3 6 0.026894208 
896 194 4 5 0.02631038 
473 89 5 7 0.026057035 
525 127 6 7 0.025964316 
1020 181 4 7 0.025861274 
864 180 3 5 0.02585169 
873 188 4 5 0.025839485 
412 206 5 8 0.0257889 
526 297 5 5 0.025730072 
865 214 3 4 0.02569401 
864 189 3 4 0.025488697 
565 357 13 9 0.025208 
424 199 5 8 0.025164345 
890 180 4 6 0.025068557 
596 207 4 5 0.025038254 
897 168 3 6 0.024994684 
889 174 4 6 0.024974436 
923 173 4 6 0.024707315 
634 165 6 8 0.024698116 
884 194 4 5 0.024484495 
871 202 4 4 0.024484212 
869 226 5 5 0.024380492 
872 174 3 5 0.024350595 
239 315 5 7 0.024327414 
716 155 4 7 0.024306549 
434 205 7 7 0.024282198 
891 194 3 5 0.02427325 
711 258 4 6 0.024228366 
857 154 4 7 0.023990015 
718 143 3 6 0.023977643 
943 162 4 6 0.02397579 
884 201 4 5 0.023948705 
929 201 3 6 0.023867931 
647 277 5 6 0.023779275 
456 77 4 7 0.023768552 
460 78 4 7 0.02376837 
955 156 3 6 0.023702918 
347 159 6 8 0.023590328 
891 162 3 5 0.023363104 
687 116 3 7 0.023360524 
473 98 5 6 0.0233224 
922 180 4 6 0.023169162 
915 174 3 6 0.023137873 
553 367 9 7 0.022962553 
426 323 46 46 0.022922726 
566 363 11 8 0.02284361 
486 89 6 9 0.022840071 
338 153 6 7 0.02277275 
873 169 2 5 0.022687817 
885 162 3 5 0.022621265 
980 155 3 6 0.022544516 
859 181 3 4 0.022541607 
467 104 5 6 0.022527874 
563 366 8 7 0.022524057 
937 158 38 44 0.0224478 
866 224 5 6 0.0223891 
903 174 4 6 0.022349976 
948 162 3 6 0.022335857 
928 167 3 6 0.022331407 
959 166 4 6 0.022225054 
660 275 4 7 0.022219656 
916 168 3 5 0.022207286 
402 199 7 9 0.022197885 
877 175 3 5 0.02216542 
480 103 5 7 0.022155873 
577 184 6 9 0.022099035 
668 154 4 6 0.021975905 
988 161 3 7 0.021868804 
872 194 3 4 0.021815265 
451 263 9 8 0.021808235 
577 179 6 8 0.021763166 
674 262 4 7 0.021714782 
485 77 5 8 0.02169082 
501 97 4 7 0.021668473 
242 316 6 7 0.021618802 
500 103 5 7 0.02158504 
474 338 30 22 0.021548515 
917 208 3 4 0.021523174 
325 155 5 7 0.021475414 
462 264 8 8 0.021466078 
885 188 3 5 0.021421751 
488 40 3 6 0.021420252 
578 214 3 4 0.021187851 
665 288 5 7 0.021158041 
909 208 4 5 0.021136642 
641 269 5 6 0.021135498 
494 59 4 6 0.021051973 
988 176 3 5 0.021048082 
570 52 4 7 0.0210041 
590 166 5 8 0.020993562 
488 53 3 7 0.020987056 
877 214 4 5 0.020940892 
565 221 4 5 0.020899057 
19 276 6 7 0.020795723 
21 272 5 6 0.0207197 
602 167 7 8 0.020712687 
955 162 4 6 0.020708565 
468 99 4 6 0.02070745 
410 211 5 7 0.02066613 
625 173 7 8 0.020654708 
623 167 5 7 0.020642411 
398 180 6 7 0.020549238 
539 297 4 5 0.02051736 
623 200 4 6 0.020493496 
673 152 4 7 0.020478431 
561 350 24 17 0.02047049 
577 357 10 8 0.020467427 
897 162 3 5 0.020428175 
834 182 2 4 0.020373812 
469 58 3 7 0.020373689 
853 150 3 5 0.020217037 
65 288 6 8 0.02020091 
872 214 4 4 0.02018883 
456 73 3 6 0.020185286 
78 287 5 7 0.02013557 
930 195 4 4 0.020128261 
884 156 4 5 0.020122657 
494 64 4 8 0.02009299 
502 90 4 7 0.020067452 
450 77 4 6 0.020014722 
