43_Row_Boat_Canoe_43_251
71
461 248 18 26 0.9220908 
600 182 18 22 0.8322134 
469 413 12 10 0.27285773 
552 233 14 17 0.17768757 
622 277 14 13 0.15511659 
564 248 15 17 0.11299932 
460 410 12 11 0.05468538 
621 313 13 10 0.05017352 
475 250 12 20 0.044723675 
471 284 8 15 0.041933283 
317 230 8 8 0.039688148 
385 92 4 4 0.03623344 
579 240 11 13 0.033219226 
462 287 18 27 0.030879544 
559 231 10 13 0.030484715 
443 350 42 44 0.030306716 
339 309 98 86 0.0300834 
296 252 339 356 0.029751379 
505 270 6 8 0.028654065 
384 98 4 4 0.02839687 
379 111 4 4 0.02824994 
599 262 8 9 0.027843894 
383 111 4 4 0.027658924 
545 281 16 14 0.02700906 
429 98 4 5 0.02641848 
558 92 4 4 0.026268248 
577 251 12 14 0.025980141 
358 91 5 4 0.025751382 
327 72 5 5 0.025606187 
371 111 4 4 0.025276138 
463 372 11 15 0.024831824 
353 92 4 4 0.024655314 
345 111 4 4 0.024538958 
560 259 14 16 0.024464147 
379 98 4 4 0.024221355 
451 295 21 27 0.024171334 
417 85 5 4 0.024170332 
592 225 10 14 0.024149163 
353 98 4 4 0.023911716 
520 437 6 6 0.02365784 
412 291 13 13 0.023363164 
423 98 5 5 0.023335174 
383 105 5 4 0.023314247 
415 104 4 5 0.02330847 
460 405 10 8 0.023301752 
390 92 5 4 0.023294609 
353 111 4 4 0.022828257 
403 104 5 4 0.022780418 
416 98 4 4 0.022661611 
491 271 17 24 0.02266021 
371 92 4 4 0.02256278 
402 98 5 4 0.022506516 
647 312 15 11 0.022481266 
552 228 34 35 0.022257091 
320 227 6 6 0.022228396 
353 86 4 3 0.022127481 
380 105 3 4 0.022052342 
617 183 10 15 0.021900294 
568 241 19 20 0.021727407 
313 97 5 5 0.02165696 
404 111 4 4 0.021581708 
390 331 54 48 0.021297269 
711 112 4 4 0.021270761 
510 274 6 8 0.021140786 
333 105 4 4 0.021124132 
743 85 4 4 0.020999543 
124 99 4 4 0.02099811 
353 105 4 4 0.020908155 
314 227 7 6 0.02069211 
346 92 4 4 0.020292252 
411 98 4 4 0.020113068 
