43_Row_Boat_Rowboat_43_839
112
528 259 78 108 0.9976006 
355 244 13 23 0.91638523 
105 932 172 360 0.4174661 
969 382 7 9 0.14258392 
698 353 10 21 0.13594417 
402 539 71 111 0.12174047 
820 359 13 20 0.120031275 
334 297 9 16 0.08502665 
809 611 35 31 0.0803167 
749 357 7 11 0.06130762 
1012 311 6 12 0.05820167 
473 -78 492 282 0.054557987 
802 366 5 7 0.053952917 
384 336 9 17 0.053524803 
978 271 7 15 0.05224803 
964 385 7 11 0.046826076 
963 309 5 10 0.046536114 
943 431 10 10 0.045210216 
942 310 5 9 0.043279152 
742 356 8 10 0.041992422 
669 1011 59 81 0.041524827 
956 305 5 10 0.04068662 
972 342 5 8 0.03913262 
963 274 6 12 0.038164783 
747 350 8 11 0.038065165 
399 377 7 13 0.035543855 
751 361 7 11 0.03549161 
918 345 4 6 0.034948584 
958 335 5 11 0.03468344 
905 345 5 6 0.034504186 
949 361 4 7 0.0333547 
383 307 7 12 0.03312497 
930 432 12 8 0.03280424 
744 352 7 9 0.032413367 
735 356 7 10 0.03225174 
796 406 6 6 0.032187335 
401 312 5 10 0.032038298 
941 443 15 13 0.03184886 
852 386 9 15 0.031515326 
804 373 5 8 0.031094605 
740 362 9 11 0.030814748 
417 342 430 458 0.030635148 
885 348 8 11 0.030170675 
865 359 6 9 0.029975584 
370 297 33 69 0.029764349 
767 963 188 284 0.029700179 
927 365 5 8 0.029591653 
932 365 5 8 0.029052438 
951 304 4 9 0.028891956 
830 367 12 18 0.028873174 
958 276 5 10 0.028665772 
950 343 4 8 0.027676396 
806 380 5 9 0.02757949 
969 275 6 11 0.027245913 
841 357 8 12 0.026703177 
754 355 8 15 0.026640022 
944 360 3 7 0.026498273 
816 370 19 30 0.026457692 
963 341 5 9 0.02625798 
886 355 9 14 0.026211157 
724 395 9 9 0.026185002 
887 344 5 9 0.026084114 
959 350 4 8 0.0260818 
970 166 32 59 0.025317222 
960 324 6 12 0.025315892 
720 350 6 10 0.02526741 
147 475 8 5 0.025080167 
799 366 5 7 0.024991503 
839 362 10 15 0.024918962 
955 380 6 11 0.024854857 
911 345 5 7 0.024643853 
374 308 10 15 0.024579724 
764 354 11 19 0.024556555 
1001 280 5 10 0.024485461 
322 449 28 22 0.024455363 
904 348 7 8 0.024333732 
843 410 13 16 0.024178859 
972 642 9 6 0.024080107 
733 354 23 31 0.02401085 
741 343 20 30 0.02384437 
413 332 7 12 0.023687938 
129 484 8 4 0.023529118 
949 310 5 10 0.023466924 
718 365 7 13 0.023353957 
962 334 5 12 0.023273159 
977 410 8 13 0.02316028 
939 427 11 11 0.023143865 
904 310 5 9 0.022034094 
359 299 8 16 0.0219223 
649 394 25 43 0.021876847 
868 358 7 11 0.021813046 
389 308 7 12 0.021807767 
718 395 8 8 0.021752134 
365 306 23 38 0.021687077 
965 359 5 9 0.021676203 
379 326 18 34 0.02157941 
335 304 11 18 0.021554932 
929 441 29 24 0.021512179 
661 416 11 17 0.021439971 
334 290 19 34 0.0211927 
923 433 10 7 0.02109052 
386 432 7 11 0.020989923 
362 366 5 9 0.02098632 
154 474 8 6 0.020954613 
345 246 10 19 0.020912934 
880 319 5 10 0.02088991 
578 759 10 15 0.020875283 
746 340 9 12 0.020850176 
958 319 6 12 0.020606006 
362 399 5 8 0.02045096 
965 363 5 10 0.020399632 
694 364 12 20 0.020143393 
