43_Row_Boat_Canoe_43_438
104
425 349 20 29 0.99711967 
756 348 27 29 0.92373294 
938 101 9 13 0.44028258 
381 184 8 12 0.20416322 
416 184 5 9 0.16885404 
595 164 7 10 0.14751609 
640 141 5 7 0.12378286 
684 150 6 9 0.11748743 
1016 165 10 18 0.11037854 
908 175 7 13 0.0978334 
713 396 47 36 0.07034525 
-5 293 70 107 0.06497378 
363 215 7 8 0.064065345 
629 142 5 6 0.056009542 
456 402 15 13 0.04563022 
339 292 8 9 0.04118988 
457 203 5 8 0.040362302 
698 154 5 8 0.040096533 
749 348 19 20 0.039923985 
384 419 141 116 0.03898281 
154 247 9 10 0.03882001 
930 171 6 11 0.038299277 
429 300 5 7 0.03809037 
444 222 5 7 0.037847813 
383 255 5 7 0.037021887 
764 192 4 6 0.03607099 
395 260 9 12 0.03518237 
460 202 6 9 0.0345914 
923 164 5 8 0.034042504 
969 183 8 12 0.03383716 
755 192 4 6 0.03375635 
944 100 8 11 0.033561338 
1084 200 10 19 0.032838322 
959 195 7 9 0.032824557 
932 174 8 11 0.032262985 
1030 172 17 27 0.032101568 
1090 174 11 20 0.03125119 
583 175 6 6 0.031204728 
334 274 5 7 0.031015746 
917 164 5 8 0.030399678 
431 231 4 6 0.030071136 
628 144 5 9 0.02914163 
333 195 7 10 0.028561914 
751 193 4 5 0.028331185 
916 121 6 7 0.02812277 
393 256 5 7 0.02770495 
635 141 5 6 0.027607894 
615 150 7 11 0.027530821 
339 242 6 7 0.027346192 
446 222 6 8 0.026972095 
1053 178 12 22 0.026738351 
392 260 7 11 0.026333263 
599 164 7 11 0.026259774 
424 244 4 6 0.026253484 
897 354 39 45 0.026077984 
324 302 6 6 0.025624357 
208 411 12 9 0.02542543 
396 189 8 11 0.025345666 
505 260 6 12 0.024342045 
800 220 7 10 0.024341444 
620 147 7 9 0.024317676 
157 245 5 6 0.023962287 
681 399 9 12 0.02380579 
424 219 4 6 0.023799984 
924 161 4 7 0.023764554 
954 193 7 9 0.023617728 
424 249 4 6 0.023608755 
384 261 5 8 0.02360226 
927 160 5 7 0.02351383 
416 181 5 7 0.02349935 
927 107 12 12 0.023368992 
991 112 9 13 0.023145162 
928 197 6 9 0.02306567 
424 223 5 6 0.023040337 
940 177 7 10 0.022815527 
391 250 5 5 0.022786535 
376 210 7 9 0.022575881 
646 153 6 8 0.022491854 
930 183 6 9 0.022428293 
397 243 5 6 0.022422932 
401 188 7 11 0.022314565 
740 241 19 36 0.02216449 
641 138 4 5 0.02216246 
431 245 4 5 0.021999521 
667 153 5 7 0.021892497 
333 290 7 11 0.021789951 
339 276 5 5 0.021759544 
1082 228 10 16 0.021493794 
410 244 4 6 0.021388926 
332 287 6 9 0.021219345 
749 183 17 25 0.021006854 
419 250 4 5 0.02099118 
927 164 6 8 0.020953739 
969 220 7 10 0.02094495 
383 216 6 7 0.020819599 
1017 152 7 12 0.020636158 
1074 110 19 34 0.020568827 
682 152 5 7 0.020558367 
652 240 9 13 0.020547591 
373 210 6 8 0.020316117 
222 260 8 12 0.020238752 
435 230 5 6 0.020209976 
672 159 5 7 0.020067872 
908 163 6 9 0.020055156 
