21_Festival_Festival_21_107
567
170 210 68 92 0.9773821 
477 194 49 69 0.9122812 
690 221 33 53 0.9050532 
591 185 50 62 0.86961836 
918 184 23 23 0.7684695 
842 188 20 22 0.757203 
82 238 65 105 0.72225785 
789 197 28 37 0.5991117 
998 188 22 21 0.43965527 
1004 260 9 16 0.43548813 
719 121 10 19 0.3865031 
882 186 15 12 0.37382647 
817 200 12 21 0.34972712 
414 373 23 42 0.3453664 
723 220 29 47 0.33822247 
974 285 12 18 0.29673463 
14 69 13 28 0.20310305 
923 276 12 14 0.2026999 
277 140 10 12 0.1766887 
965 270 10 15 0.16722673 
909 173 9 11 0.16493887 
35 19 7 13 0.15972899 
603 235 44 54 0.15877278 
1003 285 8 14 0.15857367 
607 22 15 35 0.15826802 
918 243 14 14 0.15758017 
233 55 11 15 0.15649141 
982 297 9 15 0.1496819 
784 174 12 14 0.14499418 
647 403 32 61 0.13653883 
199 530 45 69 0.12930273 
960 44 16 18 0.123931766 
335 142 24 31 0.12129831 
714 372 18 27 0.1187928 
664 265 32 48 0.11728007 
950 210 13 12 0.11656632 
964 196 14 13 0.11072796 
393 12 9 12 0.10623354 
701 399 21 44 0.10472367 
244 108 12 16 0.10443972 
147 577 24 44 0.10406834 
1001 306 8 18 0.09906801 
271 314 24 32 0.09870734 
825 360 8 14 0.09760182 
271 160 10 14 0.09648954 
471 14 19 26 0.09555746 
906 193 9 11 0.09073224 
86 141 10 14 0.088583894 
100 2 6 8 0.08728635 
484 5 11 11 0.085677154 
691 21 27 26 0.08435557 
876 175 9 8 0.08244867 
853 291 22 29 0.08220854 
992 265 9 17 0.08030073 
113 571 10 13 0.08005956 
559 228 25 25 0.07994016 
819 210 18 24 0.07900967 
655 279 22 31 0.078273065 
296 488 17 35 0.07805845 
428 479 20 48 0.07706175 
402 153 11 13 0.07629447 
382 0 7 8 0.07573265 
834 367 11 15 0.07503834 
842 310 18 21 0.074283935 
61 149 9 17 0.074074596 
228 195 15 17 0.07382945 
1005 2 7 7 0.0735576 
706 377 11 18 0.073194124 
363 336 12 15 0.07249268 
820 299 13 19 0.07243468 
300 131 11 17 0.07231434 
1009 284 7 14 0.07220258 
970 219 12 14 0.07081801 
933 294 12 17 0.0705801 
83 134 7 11 0.07037515 
484 137 18 36 0.070119314 
923 5 9 14 0.06989522 
789 342 11 17 0.06974266 
931 176 12 12 0.06964494 
223 528 39 60 0.06940839 
233 133 9 11 0.0670951 
881 300 9 16 0.066906184 
78 129 6 11 0.06655018 
1017 300 9 18 0.0664609 
998 11 6 6 0.06625262 
982 166 13 14 0.065444134 
276 488 97 173 0.06507829 
14 596 12 15 0.06493849 
29 13 14 25 0.06476 
161 158 42 47 0.064166725 
834 294 10 14 0.06389665 
358 452 8 14 0.06352572 
802 171 12 18 0.063475996 
1018 273 8 16 0.06304101 
290 139 11 15 0.063018374 
110 0 4 7 0.06274658 
738 140 10 16 0.06194405 
1017 240 7 13 0.060202036 
1016 164 11 17 0.05953523 
178 516 36 52 0.05938362 
1003 315 9 18 0.05935478 
852 236 12 17 0.058392227 
269 480 10 16 0.058168393 
434 0 6 8 0.057916787 
860 219 14 14 0.057396933 
934 274 9 12 0.05648505 
52 133 9 17 0.05610668 
99 153 10 13 0.055721365 
769 647 10 12 0.055666722 
894 212 11 10 0.05537489 
170 140 12 15 0.05463352 
259 194 10 14 0.05332838 
190 24 9 17 0.053260807 
301 121 8 12 0.053196367 
676 287 27 30 0.052500438 
761 327 9 14 0.052350722 
379 1 6 7 0.052320972 
659 109 7 12 0.052256685 
730 288 13 17 0.052248795 
674 21 11 16 0.051478736 
950 192 11 11 0.051383473 
305 487 18 35 0.051064964 
565 189 41 48 0.05017795 
529 71 16 29 0.048576344 
886 206 12 10 0.048428133 
429 1 6 10 0.04840308 
351 137 19 28 0.048127014 
367 10 9 12 0.047831483 
907 182 11 13 0.047394935 
138 548 35 52 0.04737138 
905 154 12 11 0.046809603 
991 291 8 17 0.04635703 
740 178 10 15 0.046213314 
912 229 11 13 0.04605817 
909 2 5 6 0.045458525 
763 341 36 46 0.045325406 
966 185 15 13 0.04524866 
860 203 12 14 0.04495043 
722 136 9 15 0.044572927 
74 2 8 11 0.044491112 
1011 242 8 12 0.043937936 
1020 265 13 23 0.043409202 
286 134 10 11 0.043048665 
985 16 6 7 0.042527784 
1015 136 10 16 0.04207778 
650 90 7 15 0.04198216 
972 262 11 11 0.041940138 
398 381 30 44 0.04182302 
774 234 20 28 0.041684125 
886 220 11 10 0.041488085 
761 126 8 14 0.04138434 
1019 10 6 8 0.041378185 
668 113 9 15 0.041314885 
341 51 7 12 0.04103969 
658 56 7 16 0.04090092 
901 185 9 11 0.040555894 
1007 256 8 13 0.040389758 
968 201 12 13 0.040290296 
866 302 10 15 0.040091045 
1018 264 7 13 0.04007138 
924 179 14 14 0.039984986 
947 207 10 11 0.03978617 
117 0 3 7 0.039773673 
765 105 9 16 0.039675124 
997 261 10 17 0.0396666 
938 274 11 12 0.03966459 
909 483 5 6 0.03960179 
987 321 10 19 0.039286714 
474 51 12 14 0.03894138 
700 324 24 30 0.03868692 
16 6 8 17 0.03867183 
880 181 12 10 0.03865053 
949 534 5 7 0.038565036 
884 3 5 7 0.038559828 
646 256 26 33 0.038457446 
913 183 11 15 0.038456168 
992 1 6 6 0.038039733 
164 131 12 12 0.03796037 
475 6 20 21 0.037886113 
220 23 11 13 0.037849322 
684 404 30 59 0.03780557 
1019 0 6 8 0.03739779 
874 169 9 8 0.037266795 
97 20 7 12 0.03726486 
753 124 11 17 0.037253603 
882 168 8 8 0.037245464 
628 316 25 24 0.037136547 
759 326 22 25 0.036839448 
400 7 8 11 0.03678634 
294 485 10 22 0.036784716 
875 192 23 18 0.03678314 
502 197 23 40 0.03656874 
904 243 10 12 0.036442094 
1 647 5 14 0.036249094 
363 141 9 16 0.0361981 
40 133 8 14 0.03606963 
896 416 15 13 0.035872903 
800 165 11 13 0.03579985 
1008 217 11 12 0.035294916 
678 61 39 60 0.035137217 
536 71 8 14 0.034838997 
-3 314 15 31 0.034771737 
400 19 9 13 0.034755006 
301 4 7 12 0.03442549 
944 236 11 11 0.03435698 
628 380 23 37 0.03422808 
759 339 10 18 0.034088008 
154 79 6 8 0.034037303 
390 326 22 28 0.03389173 
927 213 11 12 0.033764545 
782 280 18 31 0.033676103 
758 340 22 34 0.03356323 
358 1 5 7 0.032716975 
927 271 17 21 0.03265506 
273 8 8 10 0.03263352 
533 151 21 45 0.032603864 
944 217 12 12 0.032526452 
154 83 7 11 0.03250988 
733 322 10 15 0.032437064 
782 336 21 31 0.032429073 
674 233 32 53 0.032389686 
319 84 6 10 0.032338336 
278 208 10 14 0.032309286 
604 322 14 12 0.032254916 
1018 283 8 16 0.03223298 
636 271 24 35 0.03203389 
703 373 21 35 0.031936042 
338 423 11 17 0.03179683 
131 226 73 100 0.03171035 
554 198 27 27 0.03169911 
331 457 10 14 0.031549856 
891 482 5 6 0.031463645 
15 30 8 18 0.03143164 
441 0 7 9 0.03134085 
992 14 7 7 0.031205164 
906 228 12 13 0.03118453 
808 205 36 43 0.031135974 
829 616 6 8 0.031111617 
71 134 7 12 0.031064736 
689 253 34 49 0.031045724 
998 287 9 16 0.030953672 
887 174 11 10 0.030913616 
1010 2 5 6 0.030872831 
937 173 12 12 0.03073534 
884 5 6 11 0.030687744 
773 388 21 25 0.030658202 
871 579 5 7 0.030653277 
585 228 39 51 0.030650318 
408 256 7 8 0.030527487 
880 219 11 10 0.030469717 
216 30 12 13 0.030459091 
637 293 17 26 0.030342823 
1010 276 7 12 0.030225968 
861 179 11 10 0.030159822 
162 522 75 122 0.030118538 
111 142 10 17 0.03009147 
926 567 6 6 0.0298367 
807 350 9 15 0.029827787 
895 3 6 7 0.029576158 
599 316 27 22 0.029527305 
1018 649 6 9 0.029484577 
979 4 5 6 0.0293972 
999 1 5 6 0.02938309 
559 209 14 16 0.029227357 
729 315 9 15 0.029186318 
986 2 6 6 0.029089667 
207 2 5 7 0.0290235 
265 465 9 11 0.028983623 
977 198 11 12 0.028955849 
697 342 21 31 0.028896835 
916 507 5 6 0.028878821 
666 411 31 67 0.02881104 
772 100 7 13 0.028806388 
206 58 8 11 0.028782912 
916 577 6 6 0.028763317 
510 50 7 10 0.02874594 
869 167 9 9 0.02874229 
272 145 11 12 0.028630024 
310 152 10 20 0.028592346 
861 283 18 25 0.028574524 
1008 248 9 13 0.02834655 
963 291 9 18 0.028065525 
1004 560 5 6 0.027996631 
637 7 7 13 0.027990669 
277 50 11 13 0.02795154 
268 153 11 13 0.027942747 
497 7 17 22 0.027930485 
821 303 19 29 0.027930437 
365 265 9 11 0.027917568 
726 95 9 13 0.027854815 
846 256 15 16 0.02781533 
931 263 10 11 0.0277762 
220 69 8 12 0.027690874 
973 541 6 6 0.027649883 
806 18 8 13 0.027538761 
689 298 23 22 0.027490081 
351 58 7 11 0.027454339 
854 288 13 15 0.027419971 
205 53 6 8 0.027418558 
196 136 7 11 0.027371211 
580 100 7 14 0.027358605 
384 23 6 7 0.027325056 
649 336 12 15 0.02719237 
710 125 8 14 0.027145736 
696 81 10 19 0.02706099 
235 162 22 25 0.027040776 
913 2 5 7 0.026953833 
611 14 9 16 0.026901476 
394 417 11 18 0.026851667 
396 1 8 9 0.026841901 
272 161 20 24 0.026638506 
903 175 8 10 0.026574044 
887 13 8 12 0.026411101 
222 198 12 14 0.026403742 
928 529 5 6 0.026374584 
529 190 39 47 0.026360456 
1019 671 8 13 0.026353884 
742 667 9 14 0.026333766 
151 122 74 89 0.026221558 
811 196 11 18 0.026172664 
539 68 5 8 0.026101552 
132 19 5 10 0.026101006 
510 0 9 8 0.02606799 
904 8 6 7 0.026048439 
923 544 6 7 0.026046928 
626 255 28 43 0.025997015 
961 209 13 12 0.025977232 
32 107 7 15 0.02596564 
952 534 5 6 0.025899004 
396 156 16 20 0.025896138 
654 238 35 58 0.02588752 
802 326 8 13 0.025883218 
137 561 21 29 0.025781032 
996 249 8 13 0.025769236 
1010 97 11 13 0.025768591 
367 476 18 25 0.025746075 
686 322 24 35 0.025745198 
808 311 11 15 0.025705151 
525 207 23 27 0.025693882 
1019 9 16 20 0.025641238 
843 241 21 22 0.025615444 
375 46 11 14 0.025608623 
830 174 37 41 0.025605751 
691 373 23 30 0.025599636 
782 151 9 15 0.025584735 
508 21 10 14 0.025583822 
1003 251 9 13 0.025492525 
920 174 7 8 0.025452502 
664 45 8 15 0.025440289 
198 48 5 8 0.025418587 
80 535 13 14 0.025411844 
134 3 4 6 0.025390452 
719 313 20 25 0.025381595 
710 108 7 13 0.025331603 
764 170 20 31 0.025295325 
622 54 17 27 0.025271745 
629 232 23 33 0.02524989 
861 321 17 23 0.025224315 
936 572 6 6 0.025191883 
955 527 6 7 0.02518054 
269 235 9 12 0.025142077 
1016 323 9 17 0.025123073 
867 159 11 11 0.025108246 
1013 136 7 10 0.025106192 
262 222 8 11 0.025061542 
953 121 9 13 0.025026856 
973 8 6 6 0.024991104 
1009 271 14 24 0.024911327 
251 531 31 59 0.024800057 
296 117 17 24 0.024707707 
662 55 7 15 0.024661545 
236 12 8 11 0.024656968 
272 488 9 16 0.024616586 
262 67 8 13 0.024601266 
825 226 24 25 0.02458828 
69 122 6 11 0.024567286 
370 2 6 7 0.024484215 
987 143 15 14 0.02439688 
894 156 9 9 0.024331102 
36 57 6 12 0.02431452 
1015 216 8 12 0.024307838 
81 124 6 10 0.024167364 
244 1 5 7 0.02411257 
819 361 10 15 0.024099221 
272 44 12 13 0.02407754 
318 127 8 15 0.024071021 
936 560 5 6 0.024054753 
830 186 20 22 0.024037585 
44 304 9 15 0.024013355 
782 120 31 47 0.024002964 
866 148 19 22 0.023984952 
974 4 5 6 0.023972452 
669 135 10 15 0.023907684 
656 89 7 11 0.023827273 
899 144 23 21 0.023823941 
226 179 24 31 0.02381443 
981 287 10 17 0.023797924 
871 170 20 17 0.023781613 
230 339 22 36 0.023718428 
244 23 16 26 0.023661394 
4 646 6 14 0.023650799 
1001 20 11 10 0.023611726 
697 2 7 8 0.023589753 
390 0 4 5 0.023586916 
269 7 7 11 0.02357847 
875 160 7 9 0.023540933 
276 139 19 21 0.023467947 
771 643 8 9 0.02345132 
133 7 5 9 0.023409145 
96 157 10 16 0.02340358 
957 191 11 13 0.023379387 
954 105 6 9 0.023351122 
958 291 9 19 0.023310633 
1011 323 8 16 0.02330258 
903 225 9 11 0.023298629 
910 0 4 5 0.023256607 
893 223 10 10 0.023193397 
916 574 5 5 0.023181042 
871 584 6 6 0.023152214 
904 3 5 6 0.023150492 
907 7 7 8 0.023106694 
76 32 8 12 0.023058143 
45 564 11 12 0.023055546 
910 566 6 6 0.02303934 
658 0 7 9 0.02299869 
905 236 10 13 0.02296509 
513 144 8 16 0.02296409 
574 652 14 13 0.022956174 
66 22 20 30 0.022931559 
1019 533 5 7 0.02288763 
434 98 272 328 0.02288213 
970 165 9 10 0.02288169 
241 57 9 13 0.022779474 
210 198 24 31 0.022777328 
837 318 9 14 0.022734541 
670 42 15 27 0.02273197 
157 80 7 8 0.022659186 
19 3 5 8 0.022610776 
269 34 23 26 0.022601038 
1029 324 15 28 0.022570599 
937 13 10 12 0.022513876 
924 534 5 6 0.022489622 
694 12 11 13 0.022486413 
807 175 13 17 0.022484567 
369 20 7 10 0.022467561 
375 397 38 51 0.022454515 
688 294 15 15 0.022345202 
69 18 8 12 0.022332527 
914 560 6 6 0.022312721 
226 246 9 13 0.022251183 
991 67 10 11 0.022229847 
896 489 5 7 0.022226619 
439 55 29 51 0.022202792 
572 208 15 16 0.02210501 
993 11 5 5 0.022090493 
817 369 9 14 0.022071803 
724 90 8 12 0.022039972 
617 48 31 53 0.022031914 
575 46 6 10 0.022028955 
773 329 24 28 0.022025244 
1004 565 6 7 0.022007493 
418 386 34 48 0.021986436 
861 176 22 20 0.02195498 
923 528 5 6 0.021948991 
413 245 6 8 0.021932121 
1016 100 8 12 0.021913206 
369 145 9 16 0.02191239 
638 53 15 30 0.0218946 
941 508 6 7 0.021886148 
1020 540 5 7 0.02185084 
912 170 9 9 0.02184413 
897 495 5 6 0.02182879 
663 102 8 15 0.021827467 
728 292 20 26 0.021817153 
913 566 6 6 0.021802608 
818 305 38 48 0.021785576 
927 533 6 6 0.021773497 
171 548 31 58 0.021743558 
987 541 5 6 0.021683738 
280 268 11 14 0.021649297 
648 238 24 33 0.021613989 
696 305 26 27 0.021592285 
549 143 8 11 0.021570522 
678 17 16 24 0.021499664 
1005 307 14 27 0.02143644 
68 144 7 16 0.021414785 
785 394 11 16 0.021393273 
1018 290 16 26 0.0213789 
354 413 25 30 0.021365395 
563 239 25 26 0.021324588 
931 169 10 10 0.021322008 
991 11 22 21 0.021320388 
694 375 57 107 0.021306105 
22 545 13 11 0.021305766 
148 2 5 9 0.021297507 
963 163 11 13 0.021289933 
1003 16 7 7 0.021226216 
948 538 6 7 0.021218138 
926 544 7 8 0.021197747 
844 264 23 21 0.021188093 
265 3 4 7 0.021172771 
806 271 22 21 0.021141091 
132 14 5 9 0.021134904 
1020 546 5 7 0.021125503 
805 209 20 30 0.021120552 
992 248 8 13 0.021088375 
638 3 6 8 0.02103607 
722 19 17 24 0.021018961 
735 486 31 31 0.021007007 
692 120 6 12 0.020995542 
1019 294 7 14 0.020992544 
725 380 10 17 0.02098853 
155 146 12 14 0.020988412 
610 432 18 36 0.02098305 
312 51 6 12 0.02096042 
588 200 28 36 0.020935776 
683 19 8 12 0.020922767 
988 176 45 38 0.02091028 
819 20 7 10 0.020906828 
64 3 19 30 0.020896528 
937 212 10 10 0.020890063 
887 168 9 9 0.020867534 
1013 514 5 6 0.02084407 
202 108 9 15 0.020831639 
891 186 10 10 0.020794066 
861 241 10 15 0.020787613 
915 476 5 6 0.020778589 
326 461 33 53 0.020778578 
986 10 6 6 0.020768154 
1012 304 8 15 0.020723933 
853 352 13 14 0.020694783 
726 166 8 12 0.02065722 
497 58 8 13 0.020652892 
985 19 7 10 0.020644687 
229 2 5 7 0.020616202 
781 647 8 9 0.020602493 
662 103 17 27 0.020597475 
1012 474 7 8 0.020592531 
416 13 6 10 0.020524299 
887 43 25 31 0.020500764 
159 136 23 30 0.020469127 
362 47 28 42 0.020383311 
264 649 24 39 0.020366289 
397 23 7 11 0.020333517 
939 206 10 11 0.020332754 
685 393 19 38 0.020331139 
931 249 11 11 0.020325577 
1019 227 16 24 0.020314656 
67 206 13 18 0.020298624 
249 1 5 7 0.020283239 
944 196 12 11 0.020261126 
110 39 6 9 0.02023709 
794 150 9 15 0.020218968 
332 134 11 18 0.02021851 
968 211 13 12 0.0202137 
501 460 10 16 0.020211777 
293 499 11 23 0.020196132 
109 35 5 7 0.020175159 
674 302 41 43 0.020131607 
177 554 10 19 0.020130029 
350 340 21 27 0.020128125 
69 10 8 14 0.020113228 
102 8 5 7 0.020051334 
411 204 8 13 0.020034892 
621 34 7 18 0.02002889 
694 74 18 36 0.020013424 
431 6 8 13 0.020012446 
