21_Festival_Festival_21_727
273
435 131 10 14 0.6285325 
419 170 10 13 0.41419798 
384 162 11 18 0.40087324 
417 130 9 15 0.30146384 
223 215 23 28 0.2690308 
339 242 10 16 0.2552799 
997 623 6 6 0.21709552 
904 505 10 12 0.20848648 
433 385 11 16 0.19320086 
124 253 13 14 0.18459785 
490 193 16 21 0.17832196 
416 164 8 14 0.16893554 
901 427 9 12 0.16361448 
457 124 9 11 0.16096254 
874 515 23 23 0.14362787 
829 500 42 41 0.14251617 
505 26 28 26 0.1394323 
952 247 10 15 0.13116 
389 154 9 15 0.12909782 
270 60 24 32 0.12431015 
902 173 9 11 0.120570295 
454 384 9 14 0.1167161 
468 148 12 10 0.11168007 
429 471 10 12 0.108301215 
593 69 84 153 0.10540808 
820 369 37 66 0.104052536 
373 171 9 14 0.102570325 
11 280 9 14 0.10245353 
861 253 9 14 0.101179935 
278 413 11 16 0.09895184 
345 333 9 11 0.09412697 
917 246 10 14 0.09355986 
939 594 7 8 0.09346842 
396 188 10 14 0.09047829 
208 221 12 13 0.08089495 
33 235 9 14 0.07959649 
486 170 9 13 0.07843791 
446 133 9 13 0.07624966 
458 160 13 15 0.07599297 
368 407 8 12 0.07482686 
373 197 11 13 0.07375861 
682 444 9 21 0.07075449 
476 169 10 13 0.0704154 
853 245 19 28 0.06964869 
387 361 10 14 0.06839709 
516 143 11 13 0.06825882 
392 137 7 10 0.06807242 
972 571 10 12 0.0673556 
971 246 10 17 0.06684634 
962 345 11 19 0.06561044 
471 189 10 12 0.065497264 
510 41 21 25 0.0651805 
399 461 11 19 0.064106725 
164 526 8 10 0.06324823 
563 354 5 6 0.06222995 
946 342 10 15 0.0612944 
194 170 10 15 0.060466733 
449 39 9 8 0.058519695 
42 111 13 18 0.057689395 
554 131 8 13 0.057684436 
932 185 9 10 0.057243247 
437 196 11 17 0.056610886 
947 255 8 12 0.055252504 
570 356 4 4 0.0542677 
53 238 12 20 0.053570528 
379 132 12 13 0.052279014 
993 348 9 14 0.052167557 
947 232 9 14 0.052048516 
142 509 12 14 0.051630408 
984 630 5 5 0.051314462 
277 62 14 15 0.05125923 
462 186 12 12 0.050384138 
989 240 10 14 0.05000211 
438 367 10 19 0.04889708 
460 353 9 21 0.048823904 
247 434 7 11 0.04816844 
343 173 9 17 0.048054837 
171 214 11 15 0.04772163 
419 182 11 12 0.047374453 
916 625 4 4 0.04709598 
345 495 10 10 0.046656486 
810 371 9 19 0.04655864 
146 501 7 10 0.04624435 
936 594 6 7 0.04596447 
956 244 8 12 0.04565591 
984 596 6 7 0.045516126 
518 216 14 16 0.045399528 
150 508 11 13 0.044919606 
971 631 6 5 0.04475387 
979 588 9 8 0.04434262 
510 129 6 10 0.04407305 
147 186 15 24 0.043319847 
19 248 9 14 0.04297165 
875 511 18 13 0.042694293 
973 634 5 5 0.042276658 
477 190 8 12 0.041047275 
465 40 7 6 0.04095589 
390 441 10 12 0.040941767 
120 259 12 15 0.04077042 
383 198 9 14 0.040660016 
632 45 119 196 0.04013401 
381 140 11 16 0.040089745 
513 140 9 13 0.03998189 
342 325 10 13 0.039915856 
462 169 13 15 0.039237265 
397 313 16 17 0.03846923 
460 142 10 11 0.038052164 
984 476 8 17 0.03757825 
316 429 7 12 0.037338737 
522 140 10 14 0.037169978 
85 55 15 14 0.036359422 
387 197 10 14 0.036334474 
518 170 8 13 0.03625277 
567 197 6 13 0.036073 
173 556 11 12 0.035971727 
335 207 12 14 0.035560638 
471 209 9 12 0.03555232 
313 191 10 12 0.03509362 
451 61 9 11 0.034832 
65 49 15 16 0.034598365 
196 523 7 10 0.03451797 
902 611 3 5 0.033990946 
496 72 7 9 0.033248 
227 211 14 15 0.03319339 
453 390 10 19 0.03276469 
940 233 9 13 0.03246165 
149 224 12 17 0.03245221 
266 177 10 16 0.03242122 
369 312 13 15 0.03179604 
542 166 9 19 0.03145841 
919 231 9 12 0.030705988 
551 180 19 32 0.030220183 
562 350 5 6 0.030213825 
463 208 11 13 0.02998842 
444 221 13 18 0.029666735 
425 76 10 12 0.029161777 
386 415 16 24 0.029156582 
576 355 5 5 0.029128168 
369 191 12 14 0.029000148 
164 242 12 16 0.028913831 
921 626 3 3 0.028884338 
966 563 10 11 0.028740136 
576 367 6 6 0.028667072 
571 350 5 6 0.028642684 
411 163 8 15 0.028640633 
880 156 12 15 0.028499587 
272 395 9 11 0.028312283 
212 224 21 21 0.028305389 
932 242 7 13 0.028156862 
893 419 14 22 0.028131358 
233 351 10 14 0.028081855 
425 393 11 16 0.027879464 
250 365 20 30 0.027825546 
997 30 19 37 0.027788242 
93 257 12 19 0.027709724 
520 428 24 25 0.027512228 
335 266 9 13 0.027362436 
916 629 4 5 0.027195685 
523 170 10 14 0.027035471 
507 133 6 10 0.026734443 
564 223 6 13 0.02641692 
15 229 9 12 0.026368178 
991 351 15 25 0.026116548 
850 414 20 28 0.026022285 
510 133 7 11 0.025880072 
520 252 11 16 0.025824666 
107 253 11 16 0.02577912 
555 159 21 39 0.025755588 
559 354 5 7 0.025712375 
929 261 7 11 0.025702735 
839 390 42 65 0.025626637 
460 192 17 20 0.025621176 
915 598 4 4 0.025500039 
868 254 6 12 0.025406085 
899 190 9 12 0.025376517 
947 240 9 15 0.02537519 
575 167 9 16 0.025248533 
445 177 9 11 0.025230167 
387 368 12 17 0.025220938 
952 259 6 12 0.025198756 
427 70 11 11 0.025153494 
317 501 23 30 0.025140475 
433 148 9 13 0.025069542 
882 569 10 12 0.024929974 
205 215 12 15 0.024906456 
513 121 7 13 0.024878401 
437 356 9 17 0.024855027 
509 49 13 13 0.024809608 
418 125 11 13 0.024788257 
583 354 6 7 0.024732757 
411 133 7 12 0.024697324 
383 123 10 10 0.024630519 
416 176 10 13 0.024565512 
177 226 11 15 0.024549542 
914 253 9 12 0.024532203 
828 419 11 17 0.024513284 
579 190 8 14 0.02447404 
491 184 13 18 0.024459062 
119 283 12 17 0.02444887 
357 124 11 15 0.024251001 
906 299 10 17 0.024181994 
915 605 4 5 0.024179539 
984 149 10 16 0.024026822 
34 243 10 18 0.023998208 
258 464 10 15 0.02393234 
424 474 19 30 0.02390039 
842 238 35 58 0.023845935 
407 434 12 17 0.023706228 
577 361 5 5 0.023649186 
167 521 18 24 0.023304664 
955 628 5 7 0.02329152 
1018 600 18 24 0.023253825 
469 327 20 33 0.023252394 
216 369 33 49 0.023179865 
563 179 17 32 0.023133624 
946 596 6 6 0.02312927 
483 174 31 36 0.023101376 
529 188 7 14 0.023012288 
124 226 12 17 0.022875104 
164 260 10 13 0.02277802 
997 619 5 6 0.022621388 
416 102 7 8 0.02258801 
111 205 12 19 0.022363963 
995 237 8 12 0.022283563 
680 90 22 21 0.02221635 
567 138 11 17 0.022169633 
277 427 10 14 0.022081856 
83 235 10 16 0.022077207 
968 635 5 5 0.022067007 
967 235 9 11 0.022014717 
358 210 11 15 0.02196255 
358 229 7 11 0.021821303 
562 215 7 14 0.021727571 
562 173 8 17 0.021706926 
981 630 4 5 0.021695836 
451 35 8 8 0.021660278 
923 649 6 6 0.021544201 
936 625 4 5 0.021524696 
689 64 10 16 0.02144315 
514 115 7 12 0.021387327 
969 630 5 6 0.021356605 
574 349 6 7 0.021339908 
420 399 11 16 0.021199705 
462 496 26 27 0.021193724 
639 654 45 46 0.021063462 
213 82 20 27 0.021027198 
260 48 23 32 0.020987246 
393 194 11 16 0.020980323 
390 81 11 11 0.020965833 
494 629 5 5 0.020932779 
559 349 5 7 0.02089171 
537 168 19 32 0.02084112 
50 244 9 18 0.020793384 
148 233 11 15 0.020735288 
560 150 9 15 0.020698844 
934 584 7 9 0.02057887 
932 257 6 9 0.020517781 
347 412 16 30 0.020495368 
197 56 10 12 0.020464739 
109 166 22 25 0.020423802 
504 366 41 43 0.020300776 
285 149 14 17 0.020281374 
500 23 55 67 0.020278312 
819 401 23 37 0.020274516 
852 417 9 14 0.020253003 
969 293 8 13 0.020219767 
279 280 13 12 0.02019739 
260 349 55 86 0.020187652 
873 345 10 13 0.020147221 
465 35 6 7 0.02008352 
447 45 9 9 0.0200632 
995 245 9 15 0.020025913 
623 60 25 47 0.020017857 
