21_Festival_Festival_21_275
427
687 230 9 15 0.9514653 
965 330 18 18 0.94446564 
255 264 29 55 0.9368894 
752 227 8 14 0.93248963 
568 342 27 22 0.87230885 
920 345 9 13 0.8348386 
998 345 16 24 0.8317195 
137 211 19 29 0.80119145 
-7 202 51 73 0.7541206 
883 342 7 11 0.74724126 
869 345 7 12 0.6919405 
619 336 20 24 0.6494181 
741 335 11 17 0.6227794 
35 213 49 58 0.4781858 
859 341 6 11 0.40155306 
876 332 6 9 0.31686682 
904 347 7 12 0.27385542 
863 344 7 12 0.24700804 
723 431 9 15 0.24517262 
622 289 20 21 0.23096363 
240 275 26 41 0.22193176 
872 332 6 10 0.21880059 
687 107 11 10 0.2121586 
765 402 7 11 0.18890305 
636 338 12 16 0.17972973 
850 346 5 9 0.17706063 
734 92 12 16 0.16364329 
585 302 28 26 0.16049138 
789 97 10 11 0.15884905 
788 244 7 10 0.15842883 
447 500 14 25 0.15602694 
706 236 9 13 0.15357636 
767 45 44 36 0.14327773 
888 341 6 10 0.14273699 
901 388 7 12 0.14152712 
320 298 43 64 0.1375218 
692 195 11 15 0.13633582 
916 402 9 14 0.13214801 
230 228 17 25 0.12894568 
409 266 15 26 0.12542444 
512 319 21 32 0.12380882 
706 404 13 18 0.120837145 
771 193 11 16 0.118209876 
767 341 8 16 0.118114635 
307 449 38 52 0.1171357 
995 406 13 13 0.116061464 
876 359 6 9 0.1044008 
641 336 17 22 0.10423057 
847 346 6 10 0.104126 
729 308 10 11 0.1022207 
646 107 7 8 0.0985967 
895 341 6 8 0.09388018 
769 235 7 10 0.092713 
707 196 10 15 0.09192985 
763 251 6 10 0.0906772 
625 260 7 10 0.08742602 
845 378 6 10 0.087300785 
702 319 10 16 0.07884197 
351 296 23 40 0.078742534 
773 272 7 11 0.07843176 
735 212 8 12 0.07826743 
946 342 11 13 0.07740874 
636 292 11 15 0.07644066 
717 302 8 10 0.07382593 
661 58 38 31 0.07290258 
714 333 12 16 0.07229601 
945 351 9 14 0.068247706 
677 235 7 11 0.06721618 
817 55 34 42 0.064286366 
726 214 11 14 0.06355393 
1002 449 21 45 0.06325377 
833 352 7 13 0.06251637 
1032 427 16 24 0.062359206 
709 331 11 16 0.061024506 
878 340 6 11 0.060948607 
718 237 8 12 0.0604267 
756 218 8 11 0.060424898 
788 300 7 12 0.06018639 
737 435 7 12 0.059970934 
670 315 7 11 0.05910318 
730 96 8 11 0.058663573 
964 394 9 13 0.05751871 
898 386 6 10 0.057493977 
766 112 8 9 0.056650948 
926 341 8 12 0.056625735 
663 419 12 14 0.055852976 
695 230 6 12 0.055582236 
472 477 18 24 0.054124616 
746 272 10 13 0.053727042 
872 360 6 9 0.053502668 
537 312 9 14 0.053362414 
723 196 9 13 0.052321948 
846 373 5 9 0.05213678 
741 235 7 10 0.051343605 
834 346 5 10 0.05094986 
704 305 9 11 0.05083878 
474 403 33 51 0.05035968 
724 263 7 8 0.05011905 
852 387 5 7 0.049632628 
193 448 42 54 0.049243852 
960 391 9 13 0.049159095 
737 257 6 8 0.04913578 
940 343 9 11 0.04910523 
675 218 9 13 0.0490962 
934 169 8 17 0.048628666 
709 54 12 13 0.048586626 
625 303 13 13 0.04853864 
769 243 6 9 0.04844335 
706 71 12 11 0.04819791 
770 213 6 9 0.04779433 
933 404 7 11 0.047566496 
819 337 8 14 0.04701059 
788 256 6 9 0.046407554 
645 258 6 9 0.04608167 
704 223 8 13 0.04555428 
775 244 5 9 0.045000266 
737 197 8 12 0.044662062 
896 346 6 9 0.044620305 
838 347 6 10 0.04448955 
645 225 5 10 0.044416435 
67 136 31 44 0.044297367 
685 423 8 10 0.044239946 
404 138 6 10 0.044007275 
764 262 6 10 0.04390818 
514 286 13 13 0.043693356 
707 301 9 12 0.04326401 
941 357 7 11 0.043243065 
854 391 5 8 0.043195583 
666 263 6 10 0.042077944 
764 440 22 22 0.041567005 
842 90 10 15 0.041431297 
1019 309 6 11 0.041335974 
846 350 5 10 0.041236665 
711 114 8 10 0.041176584 
705 230 8 12 0.04113319 
721 250 9 9 0.041052446 
1056 344 10 18 0.04104069 
929 359 8 11 0.040540263 
438 278 10 14 0.04043247 
897 314 5 9 0.040290013 
12 599 11 13 0.04025113 
755 194 10 13 0.040160768 
520 303 35 39 0.039941557 
903 358 6 10 0.039857693 
960 335 9 15 0.039313175 
603 287 18 22 0.039169498 
866 360 5 8 0.038881842 
853 342 5 9 0.03872801 
927 376 9 13 0.03852451 
932 353 8 10 0.038449533 
870 320 7 11 0.038194727 
746 448 8 12 0.03804359 
957 230 5 11 0.037814457 
919 354 9 12 0.037752572 
931 363 9 13 0.037212614 
977 419 8 13 0.036909066 
850 351 5 9 0.03680574 
761 343 9 14 0.036699653 
940 396 8 11 0.036641616 
1085 410 10 18 0.036507953 
1057 334 9 17 0.03645769 
857 391 5 9 0.036370046 
897 308 5 8 0.036220282 
1030 414 17 23 0.03616357 
832 393 6 8 0.035905365 
883 423 8 10 0.035838205 
1058 323 8 15 0.035526954 
728 235 11 13 0.03550485 
802 99 18 20 0.035437137 
560 328 25 26 0.035334513 
745 339 12 16 0.035226915 
773 337 9 15 0.035142206 
620 287 10 12 0.034977715 
1002 269 5 9 0.03494876 
723 399 11 17 0.0343975 
806 93 12 13 0.03438566 
706 275 6 8 0.034317028 
738 216 9 11 0.034297783 
643 260 8 16 0.03418178 
371 291 37 44 0.034104526 
642 105 7 9 0.03396694 
825 358 8 11 0.033927005 
841 380 5 8 0.033798054 
855 103 7 9 0.033753242 
1057 435 12 18 0.03364338 
710 91 8 9 0.03357065 
544 300 29 24 0.033491526 
269 187 5 7 0.033415787 
673 287 7 11 0.033304892 
765 254 7 12 0.033264786 
1054 421 11 18 0.033234116 
747 121 8 10 0.033186704 
845 343 6 9 0.033162538 
1052 405 12 20 0.033049412 
925 351 9 11 0.032979574 
824 334 7 13 0.032941643 
665 314 8 11 0.032808527 
840 384 6 9 0.032763954 
947 406 6 12 0.032719042 
534 331 13 15 0.03256246 
789 262 6 9 0.03249243 
276 179 6 9 0.032114398 
266 185 4 7 0.032009777 
302 241 12 16 0.031956527 
958 426 9 14 0.031769242 
828 405 10 14 0.03164921 
352 391 47 66 0.03163213 
930 405 6 9 0.0315926 
275 187 6 9 0.03156168 
878 352 5 9 0.031378914 
733 230 10 13 0.030877883 
562 340 14 17 0.030804878 
940 315 6 9 0.030742535 
706 457 10 15 0.030728005 
908 339 7 10 0.03067057 
1077 379 13 23 0.030519847 
662 324 10 14 0.030497005 
559 348 37 35 0.030442238 
1078 427 12 21 0.030380514 
871 153 6 9 0.030237928 
557 301 15 13 0.030231372 
724 258 6 7 0.030135142 
883 334 5 9 0.030070659 
134 513 29 60 0.030045994 
866 116 5 9 0.030040001 
669 39 9 8 0.029976603 
620 297 11 14 0.029937709 
441 255 330 395 0.029838 
789 274 6 10 0.0298294 
890 391 5 8 0.029768646 
867 327 4 10 0.029764568 
687 329 12 16 0.029760987 
659 135 8 10 0.029722523 
870 422 8 11 0.029679613 
773 281 9 12 0.029666211 
983 427 8 14 0.029579883 
849 411 16 28 0.029546857 
831 366 7 10 0.029510746 
760 229 8 14 0.029291332 
865 334 5 9 0.02910379 
768 312 9 12 0.02909304 
707 396 12 16 0.029048523 
748 103 9 10 0.028981857 
1057 354 12 20 0.028979307 
696 323 11 16 0.028943926 
890 386 5 7 0.02893175 
463 268 10 16 0.02865111 
679 269 7 11 0.028489232 
662 216 8 12 0.028437195 
837 391 6 8 0.02833368 
649 104 8 10 0.028220445 
1090 363 9 18 0.027943853 
310 329 39 52 0.027927365 
768 268 7 13 0.027888834 
735 333 10 17 0.02781981 
466 496 17 26 0.027760938 
719 218 13 15 0.02773569 
1016 401 9 15 0.02769472 
699 293 7 10 0.027689064 
722 307 7 10 0.027405173 
543 529 18 29 0.027353363 
934 339 7 11 0.02734533 
470 343 12 15 0.027236337 
644 114 10 14 0.02721411 
658 199 9 11 0.02710015 
434 265 13 17 0.02708086 
724 268 7 11 0.027067143 
927 368 10 14 0.027049128 
211 217 30 41 0.026982918 
962 433 9 13 0.026818246 
659 150 9 10 0.026745515 
643 245 5 8 0.02655689 
1009 458 10 20 0.026521249 
320 183 6 11 0.026460811 
710 277 5 8 0.02643512 
886 380 5 7 0.026399316 
768 223 9 14 0.026360052 
1028 353 12 22 0.026268324 
316 174 5 10 0.026147008 
603 309 12 15 0.026067523 
785 188 18 24 0.026026467 
582 344 24 23 0.025926307 
824 212 7 12 0.025921429 
837 69 20 33 0.025816396 
947 362 7 12 0.02565011 
1083 460 10 18 0.025606738 
720 241 10 12 0.025347436 
309 311 10 15 0.025305964 
758 223 8 13 0.025215993 
57 229 55 52 0.025195854 
903 340 6 9 0.025148897 
641 251 5 7 0.025138482 
516 274 11 11 0.025066447 
649 313 10 13 0.024985367 
642 228 7 12 0.024832767 
613 305 9 12 0.024831645 
743 269 7 11 0.024783487 
851 411 7 13 0.024766225 
805 195 9 13 0.024748538 
729 437 8 13 0.024638576 
643 290 8 11 0.02447531 
707 312 10 13 0.024461076 
940 401 9 14 0.024412865 
1002 235 14 27 0.024348952 
751 331 10 14 0.024340106 
596 288 18 14 0.024333417 
697 301 9 12 0.024165412 
644 236 6 10 0.024127621 
482 483 11 16 0.024124535 
1018 356 9 16 0.0241203 
749 212 7 9 0.024094844 
782 238 6 9 0.024078786 
898 319 5 7 0.024048679 
873 290 4 8 0.023992307 
572 455 8 8 0.023918489 
264 232 5 9 0.023842907 
429 314 22 24 0.023715612 
1088 495 9 19 0.023623858 
677 336 10 15 0.02361537 
1020 308 15 24 0.023612097 
770 316 12 16 0.023611462 
1019 344 8 14 0.023608338 
1013 450 20 37 0.023588883 
1005 253 8 16 0.023581957 
904 410 5 9 0.023557292 
642 219 5 9 0.023479683 
683 270 8 13 0.023453133 
819 356 8 12 0.023306105 
735 88 9 9 0.02324411 
584 301 17 15 0.023186607 
663 368 9 13 0.023179058 
1018 340 16 25 0.023135407 
1058 311 8 14 0.023128264 
774 263 7 11 0.02312325 
708 251 7 9 0.023097122 
682 335 12 17 0.023090962 
0 565 4 8 0.022972444 
919 399 8 12 0.02292742 
504 531 7 13 0.022817388 
130 341 28 34 0.02271963 
660 258 6 9 0.022715284 
897 359 6 8 0.022671772 
519 468 80 136 0.022564288 
250 391 35 57 0.022545436 
764 13 13 12 0.022522716 
824 349 8 14 0.0225213 
839 342 6 10 0.022480525 
952 409 7 12 0.022478135 
1013 309 4 9 0.02247672 
967 209 6 11 0.022473438 
653 250 6 8 0.022438526 
811 350 8 14 0.022386804 
619 305 11 12 0.02237958 
33 165 73 87 0.022363942 
754 343 10 14 0.022350539 
1008 231 6 9 0.022282071 
741 437 8 13 0.022278825 
704 103 9 9 0.02226556 
965 373 12 17 0.022245836 
642 257 5 8 0.022243453 
823 255 7 12 0.022161426 
865 112 5 7 0.022149533 
643 177 9 14 0.022121798 
459 272 17 30 0.02206161 
668 44 10 10 0.022023307 
793 48 44 41 0.021999298 
504 270 10 14 0.021998694 
819 365 7 9 0.021860713 
733 302 9 12 0.02182878 
910 313 5 8 0.021761695 
755 213 8 10 0.021752615 
660 252 6 7 0.021747008 
729 258 6 7 0.021712704 
932 334 7 10 0.021689747 
789 288 7 9 0.021676466 
740 83 9 9 0.021663995 
728 250 7 9 0.021629797 
766 230 14 22 0.021576209 
742 312 10 14 0.021510694 
459 331 33 38 0.021460008 
698 428 7 10 0.021406459 
724 98 8 9 0.021393392 
745 214 16 22 0.021370847 
0 609 4 10 0.021368148 
663 377 10 15 0.021346828 
641 119 8 12 0.021318404 
141 282 20 25 0.021287313 
646 464 8 15 0.021284776 
928 334 7 10 0.021258183 
754 289 7 9 0.021204952 
950 349 10 13 0.021172175 
896 335 6 9 0.021169512 
662 91 10 9 0.02114443 
616 322 21 26 0.021030188 
599 340 22 23 0.021024652 
645 220 5 9 0.020958291 
707 355 11 17 0.02095568 
513 301 20 28 0.02095536 
930 315 4 7 0.02094222 
617 379 31 41 0.020940794 
700 447 6 10 0.02090637 
398 403 47 69 0.020905599 
641 104 17 20 0.020890819 
954 415 7 12 0.020887503 
885 385 6 7 0.020872789 
675 459 10 17 0.02083589 
696 45 10 8 0.020784527 
271 193 4 8 0.020705616 
815 403 5 9 0.020664752 
653 319 16 23 0.020646138 
669 332 9 13 0.020548787 
709 365 11 18 0.020516122 
669 41 28 23 0.020490045 
675 203 9 12 0.020456798 
1021 254 14 26 0.020414645 
897 405 6 10 0.020348288 
717 230 9 12 0.020324925 
509 272 11 13 0.02031132 
297 188 4 6 0.020245865 
909 113 6 10 0.020240393 
691 217 7 10 0.0202296 
923 303 4 6 0.020228019 
205 280 22 35 0.020185973 
917 322 5 6 0.020118859 
739 428 9 16 0.02006801 
725 211 37 48 0.020047521 
738 226 15 21 0.020019889 
