21_Festival_Festival_21_604
2936
202 496 10 15 0.9865001 
205 625 26 26 0.98266506 
27 497 12 14 0.9740441 
71 590 17 23 0.96514046 
925 534 15 14 0.9597121 
11 545 16 19 0.9466864 
138 475 10 12 0.9381543 
61 504 13 16 0.9320976 
101 538 11 16 0.9226317 
763 555 16 23 0.91736025 
952 522 10 16 0.9101472 
164 628 19 22 0.90997803 
732 585 15 21 0.90966403 
295 497 9 13 0.89649826 
947 463 11 15 0.8945963 
862 510 11 15 0.88595486 
56 561 17 23 0.88185954 
8 477 11 14 0.87171376 
764 445 8 9 0.87135285 
687 503 13 16 0.86516005 
849 484 9 11 0.84182185 
896 460 9 12 0.83836985 
739 504 12 13 0.7781764 
696 577 12 18 0.7227825 
243 465 10 11 0.7077987 
252 578 10 19 0.6892258 
19 628 19 24 0.6698532 
760 516 12 12 0.6687073 
909 490 10 11 0.65078187 
218 453 9 11 0.65041304 
291 561 12 20 0.64303356 
256 490 10 12 0.6425251 
343 468 9 8 0.63856244 
200 539 13 15 0.61798924 
64 478 10 12 0.5910196 
804 512 10 13 0.58322865 
209 596 12 16 0.58134943 
717 580 13 19 0.57889485 
42 482 10 12 0.56539804 
657 494 9 14 0.5583216 
217 479 9 12 0.549513 
685 460 9 10 0.54341054 
135 588 13 18 0.5339726 
189 515 10 12 0.53292155 
241 429 8 8 0.5263415 
508 439 8 13 0.52366877 
752 466 9 10 0.5183682 
989 473 10 11 0.51135945 
52 510 9 13 0.5082907 
895 486 8 11 0.5077629 
206 438 8 8 0.50526345 
796 647 23 22 0.49885833 
715 505 10 11 0.49878004 
889 660 26 19 0.48753008 
831 535 10 15 0.47821608 
273 627 17 24 0.4577132 
967 483 10 15 0.45750877 
707 551 15 15 0.45712537 
830 417 6 8 0.45527464 
844 451 8 9 0.45408925 
948 503 8 12 0.446381 
243 485 8 11 0.44523513 
222 507 10 17 0.44405112 
89 558 11 16 0.4402569 
848 451 10 11 0.43991143 
740 421 6 8 0.43661293 
990 455 10 12 0.43233505 
960 643 16 25 0.42885244 
843 478 8 11 0.42768055 
294 471 9 11 0.42618287 
745 537 17 20 0.42614314 
998 402 7 7 0.4256853 
106 556 12 16 0.42427787 
158 453 8 8 0.4213039 
875 460 9 10 0.42050123 
57 465 9 10 0.4197275 
740 608 15 22 0.4180858 
232 107 26 28 0.41337422 
961 446 8 9 0.41328013 
343 490 8 11 0.4129062 
652 472 8 13 0.4075441 
447 421 5 8 0.39250022 
287 454 7 10 0.39120355 
414 460 11 15 0.3838822 
107 473 10 12 0.37960044 
920 453 8 11 0.37240475 
703 478 9 10 0.36666933 
857 403 6 7 0.36541575 
476 556 19 28 0.3558604 
773 435 7 8 0.35318878 
68 122 43 67 0.35287258 
909 466 8 9 0.349043 
729 428 6 8 0.3412936 
732 529 12 17 0.34036854 
803 521 10 16 0.33788574 
786 441 6 7 0.3347718 
26 434 8 8 0.33289018 
759 491 12 10 0.33252308 
850 541 10 15 0.32808793 
330 484 9 10 0.31972277 
20 453 11 10 0.31932333 
62 430 9 9 0.3167467 
748 452 10 11 0.3161903 
209 576 12 15 0.31280738 
657 473 8 11 0.31264222 
864 495 9 12 0.3116912 
305 480 9 10 0.31040618 
312 446 8 9 0.30961108 
97 519 14 18 0.30550522 
664 457 10 11 0.30443394 
35 568 10 20 0.30389452 
908 453 7 10 0.30345213 
208 562 13 17 0.30309305 
215 513 11 14 0.30242306 
293 527 10 14 0.3017433 
637 463 9 17 0.29982805 
932 428 7 7 0.29831737 
76 516 13 21 0.29720283 
282 440 7 8 0.28942522 
266 454 9 11 0.28931862 
80 472 10 12 0.289202 
826 402 6 6 0.28785846 
43 427 7 6 0.28693268 
405 408 6 8 0.28605056 
48 470 10 9 0.28502685 
328 429 6 7 0.28496504 
180 422 7 9 0.28309953 
462 376 4 6 0.28274935 
966 527 12 13 0.28221276 
905 512 9 15 0.28205532 
223 427 7 7 0.28133008 
9 635 14 15 0.2811643 
248 599 12 17 0.27966106 
36 510 10 12 0.27790782 
775 440 5 7 0.2770174 
40 538 13 18 0.27449748 
102 440 8 10 0.27231702 
97 447 8 10 0.2719602 
174 491 12 13 0.27019987 
882 397 7 6 0.26947916 
908 435 7 8 0.2694358 
294 492 9 11 0.26770434 
356 454 7 8 0.26644754 
1004 480 9 11 0.26264343 
247 559 10 15 0.25940257 
201 473 8 11 0.25846955 
241 452 9 9 0.25811908 
319 531 8 16 0.25507185 
903 446 8 9 0.25035033 
197 454 8 9 0.24998797 
1003 435 7 8 0.24902941 
820 470 6 8 0.24789625 
52 450 7 10 0.24613756 
278 491 9 12 0.24505311 
752 417 5 6 0.24336326 
921 422 6 7 0.2423105 
927 471 9 11 0.24103339 
749 447 9 8 0.23767461 
702 552 12 14 0.23649985 
39 423 8 8 0.23603639 
195 554 10 17 0.2337353 
789 551 12 18 0.2331578 
843 415 7 7 0.23266008 
824 446 7 8 0.23229134 
286 509 9 13 0.22942303 
341 551 12 18 0.22923307 
758 486 12 10 0.22788219 
96 410 5 7 0.22680315 
326 482 8 11 0.22328001 
867 398 5 5 0.22235687 
811 541 10 15 0.22227043 
783 441 6 8 0.2222094 
978 397 7 6 0.22185312 
399 446 7 9 0.2207558 
883 403 7 6 0.22064216 
299 403 7 7 0.22038732 
15 398 5 5 0.21866024 
20 391 6 6 0.21744159 
148 434 7 9 0.21700901 
864 428 7 7 0.21660495 
170 371 5 5 0.21659712 
1014 539 9 16 0.21631786 
858 409 7 7 0.21529941 
395 621 10 14 0.21477033 
275 634 24 30 0.21370491 
26 404 7 7 0.21338215 
431 416 6 8 0.21335362 
900 488 9 12 0.21218346 
300 478 9 10 0.21011086 
888 528 10 14 0.20954819 
173 372 4 5 0.20853171 
236 448 8 9 0.20817672 
865 519 13 16 0.20746414 
942 440 8 10 0.20686224 
395 428 6 8 0.20668553 
869 429 8 8 0.20558427 
854 403 5 6 0.2052771 
993 430 7 7 0.20415094 
166 472 8 10 0.2030988 
287 439 8 9 0.2024706 
771 499 12 15 0.20244457 
882 509 8 14 0.2007197 
260 442 9 8 0.19944653 
905 439 9 10 0.19893073 
806 553 10 18 0.19823238 
256 445 8 8 0.19803864 
242 561 8 14 0.19788598 
206 398 6 6 0.19714706 
1008 391 5 5 0.19620511 
792 448 7 8 0.19476539 
915 453 8 10 0.19380935 
849 441 8 7 0.19356506 
871 464 8 9 0.19347952 
830 492 8 10 0.19130333 
26 397 6 5 0.19122224 
43 497 9 12 0.19094568 
986 448 6 7 0.19004822 
75 415 7 9 0.18983176 
566 408 4 8 0.1896562 
94 484 10 14 0.18951854 
889 408 6 6 0.18912691 
722 448 8 8 0.18904474 
629 443 11 14 0.188159 
284 403 7 7 0.18790649 
751 443 6 7 0.1877908 
817 430 7 7 0.18664216 
416 445 7 10 0.18626983 
932 467 7 10 0.18578114 
376 469 9 11 0.18470865 
178 453 8 9 0.18440434 
825 454 7 10 0.18377677 
902 391 6 5 0.1835028 
266 428 8 8 0.18138729 
826 479 8 11 0.18048982 
947 540 8 10 0.18004303 
818 498 7 10 0.17949009 
72 393 6 8 0.17921071 
174 417 5 6 0.17863354 
768 422 6 7 0.1786118 
158 479 7 8 0.17669168 
275 459 7 9 0.1752626 
826 443 6 7 0.17372459 
85 415 7 10 0.17361678 
767 472 11 9 0.17355618 
1012 428 8 8 0.17332937 
955 434 6 7 0.17306423 
998 398 6 6 0.17265461 
893 495 10 13 0.17258707 
999 423 7 7 0.17158093 
978 391 6 6 0.17156123 
172 471 8 10 0.17145102 
695 422 7 8 0.17115016 
986 385 7 6 0.1709306 
771 513 11 14 0.17049536 
888 428 7 8 0.16992877 
645 471 8 13 0.16988468 
831 460 7 9 0.16933185 
967 372 4 5 0.16924432 
696 426 7 9 0.1686 
838 434 8 8 0.16837016 
772 429 8 9 0.16815247 
889 441 8 10 0.16703068 
200 378 5 6 0.166758 
179 416 6 6 0.16529782 
157 366 4 5 0.16524793 
195 544 11 16 0.16514906 
192 459 8 10 0.1647239 
253 465 9 9 0.16369997 
8 390 5 6 0.16329403 
707 476 10 12 0.16328707 
949 402 6 7 0.16289356 
273 510 10 13 0.16238464 
811 416 7 7 0.16203694 
967 378 5 5 0.16189776 
216 440 8 9 0.16148458 
750 421 6 6 0.16147293 
211 520 9 12 0.16061036 
35 446 8 9 0.1604624 
972 504 9 13 0.16000816 
795 424 6 7 0.15969583 
729 433 6 8 0.15966576 
819 434 6 8 0.15963584 
373 530 12 13 0.1596346 
265 490 9 12 0.15954424 
131 549 12 18 0.15854958 
457 377 4 5 0.15844685 
941 453 8 11 0.15837002 
153 555 16 24 0.15834096 
737 417 7 8 0.15808749 
248 462 9 10 0.15789343 
662 495 9 14 0.15701316 
267 423 7 7 0.15692191 
947 398 5 6 0.1568902 
387 511 11 16 0.15657827 
912 508 11 14 0.15644997 
800 459 6 8 0.1564233 
838 507 8 12 0.15597737 
288 502 9 12 0.15537374 
270 371 5 5 0.15528211 
487 608 45 68 0.15517808 
812 480 8 10 0.15387225 
941 379 4 4 0.15271603 
874 482 9 10 0.15269963 
943 416 5 6 0.15262918 
661 454 8 8 0.15262724 
107 479 11 19 0.1522283 
860 563 12 18 0.1522235 
313 453 9 9 0.15185606 
461 427 7 10 0.15164421 
283 597 19 25 0.15153143 
323 555 15 25 0.15145607 
9 386 4 5 0.15130445 
888 455 7 9 0.15094905 
871 411 6 6 0.15081726 
844 434 8 8 0.15059464 
671 443 7 7 0.14928627 
450 374 5 6 0.14912441 
814 429 7 7 0.14898005 
864 386 5 4 0.14896113 
58 359 5 5 0.1488818 
734 399 6 6 0.14859183 
231 417 6 6 0.14810066 
146 447 7 9 0.14736646 
835 465 8 9 0.14728764 
834 373 4 5 0.14721121 
991 385 6 5 0.14716844 
232 448 7 8 0.14711255 
921 385 5 5 0.14709468 
976 502 11 12 0.14685601 
311 397 5 6 0.14669959 
948 371 5 5 0.14650778 
801 439 7 8 0.14602873 
731 397 5 7 0.14585562 
257 410 7 7 0.14565277 
822 448 6 7 0.14536206 
479 465 7 11 0.1450459 
813 453 7 8 0.14495328 
225 497 7 12 0.1442509 
321 504 8 11 0.14410266 
936 372 4 4 0.14360327 
268 409 7 6 0.14356703 
846 385 4 5 0.14330752 
1015 466 8 11 0.14317839 
217 473 8 10 0.14296393 
864 424 7 7 0.1429267 
20 372 4 5 0.14221251 
378 447 7 10 0.14159372 
837 390 6 7 0.14091624 
767 417 6 5 0.14061414 
331 429 6 6 0.14031185 
915 427 8 8 0.14026499 
147 463 8 10 0.14000496 
190 441 8 10 0.13978529 
804 435 7 8 0.13962805 
192 434 6 8 0.13962626 
254 429 7 7 0.13919951 
552 380 4 6 0.13914458 
72 506 11 17 0.13876167 
553 382 4 7 0.1381954 
793 453 7 8 0.13782413 
712 421 5 8 0.13760248 
789 447 6 8 0.13747759 
118 553 13 15 0.13745789 
884 392 5 5 0.1373692 
14 385 5 5 0.13702793 
917 367 6 5 0.13689803 
819 453 8 10 0.13687369 
236 473 8 9 0.13686816 
27 385 5 4 0.13675134 
177 471 8 10 0.13653408 
187 446 7 8 0.13622779 
146 452 7 10 0.13574843 
25 392 6 5 0.13572368 
140 454 8 9 0.1355994 
918 503 11 13 0.13547644 
923 409 6 7 0.13547023 
806 494 8 13 0.1354043 
27 470 8 9 0.13526645 
882 538 9 15 0.1349211 
952 403 6 7 0.13486932 
284 379 5 5 0.13479406 
27 360 4 4 0.13454121 
881 497 7 10 0.13416952 
899 496 9 12 0.13402541 
844 482 10 11 0.13378018 
308 460 6 8 0.13340886 
840 448 7 8 0.13305946 
532 469 8 15 0.13304617 
77 446 7 8 0.13261913 
928 448 6 9 0.13174556 
975 368 5 4 0.1311865 
175 359 4 4 0.13085666 
264 380 5 4 0.13052708 
985 472 8 11 0.13046977 
299 422 7 7 0.13046096 
854 448 9 9 0.12901282 
839 422 6 7 0.12849666 
813 448 6 7 0.12834033 
28 378 4 5 0.12777478 
27 373 4 4 0.12737817 
259 514 10 12 0.12720379 
321 409 7 6 0.12703913 
34 385 5 5 0.12690127 
40 365 6 5 0.12655465 
926 453 7 9 0.12638336 
861 593 15 18 0.12593171 
319 380 6 5 0.12573934 
723 403 6 7 0.12554914 
193 404 5 6 0.12538755 
379 410 4 6 0.124255754 
89 483 9 14 0.12425163 
363 538 9 13 0.12331301 
139 495 10 13 0.12321288 
264 390 5 7 0.12295212 
840 416 6 6 0.12165785 
347 448 6 7 0.12147637 
246 372 4 5 0.12145824 
170 435 10 9 0.12102729 
731 424 5 6 0.12102069 
314 471 9 10 0.12101368 
419 417 5 7 0.12085174 
735 402 6 6 0.1207926 
954 386 4 5 0.120463334 
993 404 5 6 0.120389745 
161 553 12 19 0.12034563 
289 379 5 5 0.12009714 
337 439 7 8 0.120077334 
418 421 5 7 0.1199124 
245 510 8 11 0.11982589 
885 545 9 14 0.11947192 
845 397 5 6 0.11939357 
935 404 5 6 0.11918616 
865 483 8 10 0.1191 
823 466 8 10 0.11904138 
975 391 5 5 0.118881576 
774 422 6 7 0.11873695 
279 479 8 9 0.1185014 
280 423 7 6 0.11817175 
933 424 6 6 0.11684959 
946 417 6 7 0.116689146 
877 441 7 7 0.116572395 
405 390 4 5 0.11644352 
160 365 4 6 0.11612719 
139 593 17 21 0.116012484 
985 606 22 21 0.115620874 
972 449 6 7 0.11561025 
776 405 4 5 0.11470739 
825 385 5 6 0.1145785 
709 442 6 8 0.11424579 
443 397 5 6 0.11418223 
30 399 7 5 0.11400528 
192 397 5 5 0.11384112 
339 460 7 7 0.11371709 
1012 471 8 9 0.11355722 
693 408 6 7 0.11351404 
273 454 7 9 0.113379456 
745 397 5 6 0.113362834 
985 452 10 11 0.11300355 
58 429 8 8 0.11273678 
21 449 7 7 0.11247445 
954 430 6 7 0.1124554 
833 435 6 8 0.11235421 
441 432 7 9 0.112329505 
746 645 13 18 0.11156914 
891 373 5 4 0.111544095 
325 461 8 8 0.11143729 
237 372 4 5 0.11075787 
193 477 8 10 0.11062782 
706 422 5 8 0.11056863 
263 458 8 8 0.11056383 
94 526 14 22 0.110264495 
987 391 6 5 0.110023774 
340 472 8 7 0.109532245 
29 406 9 9 0.10924494 
964 534 11 15 0.10919765 
281 436 7 8 0.10917142 
18 397 6 6 0.10908946 
870 448 7 8 0.10878026 
922 473 8 10 0.10874845 
230 421 6 8 0.10872232 
335 522 10 11 0.108523786 
1008 367 4 5 0.10821439 
5 411 7 8 0.10801445 
959 472 8 12 0.10774162 
946 485 8 11 0.10765139 
848 458 8 9 0.10760243 
865 404 5 5 0.10755159 
711 408 4 7 0.10730358 
320 480 7 9 0.10727695 
949 369 4 4 0.1071846 
929 378 5 5 0.107184336 
661 435 6 8 0.1069122 
852 391 5 5 0.10688683 
742 428 6 8 0.10674011 
729 495 10 12 0.10629926 
967 650 20 25 0.10629028 
9 452 9 9 0.106275514 
846 379 5 5 0.10617945 
675 538 11 16 0.105993725 
798 423 7 7 0.10566053 
891 489 8 13 0.105534546 
32 378 5 5 0.10542817 
320 516 7 12 0.10525631 
430 371 4 6 0.10492336 
234 534 12 14 0.10492054 
238 490 7 10 0.10481719 
764 496 13 11 0.104626976 
832 473 8 9 0.104602695 
935 391 5 5 0.10455667 
719 403 5 6 0.10451206 
1012 536 8 12 0.10430564 
830 515 7 11 0.1041379 
26 366 5 4 0.10399863 
853 398 4 5 0.10397914 
109 411 5 6 0.10394955 
394 481 11 13 0.103478536 
999 372 4 5 0.10336957 
317 447 8 8 0.1032432 
91 428 7 9 0.10229065 
204 378 6 6 0.10225617 
710 502 10 11 0.10221241 
46 379 5 6 0.10217883 
187 373 5 4 0.102136314 
993 366 5 4 0.10207004 
718 447 6 8 0.102011696 
188 366 4 4 0.10198045 
1007 371 5 5 0.10181789 
680 421 5 7 0.10177795 
321 484 7 9 0.10157275 
943 373 4 4 0.101316415 
191 504 9 11 0.101273835 
904 410 5 6 0.1010214 
0 460 4 10 0.10076135 
820 557 11 19 0.10060376 
723 452 8 9 0.100468636 
919 427 7 8 0.10032899 
466 401 5 8 0.10005321 
202 599 14 18 0.099933036 
77 429 7 8 0.09992608 
850 468 7 9 0.099625826 
684 445 9 9 0.09954802 
785 544 11 18 0.09944267 
716 422 5 7 0.09923333 
238 432 7 8 0.09923294 
14 391 5 5 0.09906981 
869 480 9 10 0.09902702 
462 402 6 8 0.0987593 
125 614 11 19 0.098716184 
314 497 7 11 0.09869044 
863 410 7 6 0.098676324 
851 372 5 5 0.09795812 
19 386 6 5 0.09791658 
193 366 4 4 0.09788298 
298 530 10 16 0.09761835 
359 448 7 6 0.09724889 
142 448 6 7 0.097175695 
981 642 33 36 0.09684792 
881 458 8 10 0.096481204 
838 373 5 5 0.09636684 
206 366 4 4 0.09623189 
293 440 6 7 0.096071124 
954 373 5 4 0.09590051 
267 434 8 7 0.0958624 
117 367 4 5 0.09579911 
994 360 4 5 0.0956141 
354 422 5 7 0.09556486 
755 408 5 7 0.095179975 
357 423 5 7 0.09505793 
831 447 7 8 0.09505611 
903 403 5 6 0.09490701 
870 404 5 5 0.094877966 
860 385 5 5 0.09483792 
738 447 6 8 0.09483112 
462 409 5 7 0.094684176 
883 421 7 6 0.094528265 
191 430 7 7 0.09443524 
865 372 4 5 0.09443047 
965 415 6 8 0.094254866 
919 447 8 10 0.09410131 
988 397 5 5 0.09404914 
755 490 10 9 0.093999706 
39 479 8 9 0.09395813 
618 443 8 16 0.09393619 
947 422 6 7 0.0937789 
267 405 7 6 0.093716554 
226 502 9 15 0.093679644 
885 428 6 7 0.093629144 
808 416 6 7 0.093627974 
45 415 7 6 0.093583874 
135 379 5 5 0.093570285 
358 504 7 8 0.093387045 
979 371 5 5 0.093284585 
97 414 5 7 0.093284294 
723 415 6 7 0.09323294 
179 378 6 5 0.09312428 
456 427 6 10 0.092966326 
904 416 6 6 0.09294205 
877 416 6 7 0.09277108 
876 448 7 7 0.092657566 
992 379 5 5 0.09234902 
884 379 4 4 0.09217437 
277 210 13 17 0.09191468 
825 521 8 13 0.091813944 
813 617 12 15 0.09173333 
671 483 10 12 0.091614775 
752 595 12 19 0.0914325 
864 379 4 5 0.09133452 
191 464 8 9 0.09127974 
164 570 11 17 0.091153435 
322 430 5 7 0.090864494 
924 489 9 12 0.090857945 
226 385 4 5 0.090830505 
152 460 7 9 0.09080158 
1017 378 6 8 0.09071633 
929 424 6 6 0.09060968 
1003 457 10 11 0.090586826 
502 557 10 20 0.090498425 
936 408 5 7 0.09046264 
345 509 8 9 0.090396196 
1019 410 5 6 0.09037856 
98 486 12 15 0.090371974 
47 391 5 6 0.09025797 
713 474 9 10 0.09014327 
249 373 5 5 0.09007877 
47 411 6 6 0.09006221 
27 355 4 4 0.08999094 
340 497 9 10 0.089588806 
19 378 5 5 0.08942291 
311 479 9 10 0.08933652 
255 435 7 6 0.08928286 
71 459 8 9 0.089279 
398 442 7 8 0.08923676 
265 385 4 4 0.088986814 
276 434 7 7 0.08894521 
980 386 5 5 0.08891911 
998 392 5 5 0.08876666 
52 416 7 6 0.088509984 
64 379 5 5 0.08848403 
207 361 4 4 0.08831908 
175 384 5 5 0.08816819 
313 467 9 9 0.08804762 
975 371 5 5 0.08802343 
219 384 5 5 0.08793983 
527 379 4 6 0.0879111 
935 397 4 5 0.08763396 
180 412 5 5 0.087580346 
1011 385 6 5 0.08739081 
372 447 6 7 0.08715451 
357 512 9 11 0.08707515 
789 412 5 4 0.087013885 
799 427 7 7 0.08685369 
430 366 4 4 0.08684389 
768 428 7 9 0.086790234 
992 397 5 5 0.086746536 
840 411 6 6 0.086695775 
385 416 5 6 0.086665586 
53 339 4 5 0.08639695 
775 409 5 5 0.08636289 
248 428 8 7 0.08634739 
74 494 10 14 0.086335495 
709 595 11 21 0.086305276 
41 372 5 5 0.0859562 
884 408 6 6 0.08595095 
134 399 5 5 0.085947596 
860 379 4 4 0.08591651 
351 447 6 7 0.085849844 
844 411 6 6 0.085746504 
239 340 4 4 0.0856078 
172 510 8 12 0.08494786 
300 466 8 9 0.08491842 
858 497 9 11 0.08488008 
723 409 6 8 0.08467801 
797 552 11 16 0.08460942 
264 545 13 15 0.08443954 
167 379 5 5 0.08419961 
238 366 4 5 0.08412114 
888 434 7 8 0.08406095 
226 378 4 4 0.084056765 
920 367 6 5 0.084014155 
384 424 5 6 0.08390853 
941 410 5 5 0.08386123 
871 368 4 3 0.08385987 
126 590 18 23 0.0837471 
812 496 7 12 0.083744645 
746 484 9 9 0.083698854 
280 509 10 13 0.08357522 
160 433 7 8 0.08352124 
269 380 4 5 0.083481945 
423 360 3 5 0.08338647 
858 416 6 5 0.08338474 
806 478 7 12 0.08331109 
717 442 6 8 0.08315413 
287 407 6 7 0.08307266 
198 435 6 8 0.08300999 
353 458 8 8 0.08294715 
730 401 6 7 0.0829303 
539 377 5 5 0.08256818 
996 429 8 7 0.082362376 
921 417 6 7 0.08213851 
374 546 10 15 0.08208104 
958 538 12 16 0.08207214 
1012 371 5 5 0.08206166 
843 545 13 13 0.08205563 
839 385 5 5 0.08194179 
116 384 6 6 0.08193709 
882 417 8 7 0.081907764 
0 446 4 9 0.081866674 
109 372 5 4 0.08154347 
354 444 5 6 0.08154229 
884 435 7 8 0.081517465 
973 453 7 8 0.08150305 
743 434 6 7 0.08148028 
974 386 5 4 0.081462756 
269 384 5 5 0.08145846 
993 441 7 7 0.08141664 
453 434 7 11 0.08127588 
199 383 6 6 0.08124069 
368 397 5 6 0.08120157 
812 378 6 7 0.081178 
312 458 8 8 0.081177235 
746 530 11 14 0.0811297 
936 379 4 5 0.08081154 
1018 442 6 9 0.080625005 
89 384 5 7 0.080521084 
105 436 9 8 0.0804787 
950 385 5 5 0.08031845 
826 493 8 9 0.08023206 
959 429 6 6 0.08015145 
828 420 6 7 0.080148526 
265 552 12 18 0.080077454 
845 403 5 6 0.08002499 
985 423 7 6 0.08000894 
980 541 11 12 0.079970226 
434 422 5 7 0.079924785 
865 433 6 7 0.079719655 
852 386 4 5 0.079692855 
61 440 9 10 0.07964604 
148 399 4 5 0.0796079 
46 383 6 6 0.07957482 
104 429 6 6 0.07928885 
275 372 5 5 0.07926539 
322 405 5 5 0.07923293 
769 411 5 5 0.07917781 
978 367 5 5 0.07872396 
34 497 11 13 0.07849039 
142 359 4 4 0.07838255 
753 518 14 15 0.078364715 
44 366 5 5 0.07831772 
992 392 6 6 0.078269005 
287 448 7 7 0.07820663 
412 442 6 8 0.078196675 
980 415 6 7 0.07802028 
217 405 6 6 0.07801517 
149 379 5 6 0.077984646 
858 423 6 6 0.07768316 
16 379 5 5 0.07764346 
987 404 6 6 0.07762286 
679 534 10 15 0.077490054 
146 428 7 8 0.077370875 
793 480 7 8 0.0772399 
995 373 4 4 0.07715244 
663 501 9 15 0.07711181 
666 426 7 8 0.0769433 
33 361 5 4 0.07683589 
244 398 4 5 0.07681649 
280 427 7 8 0.0768136 
556 384 4 5 0.07681081 
270 417 6 6 0.07657509 
399 411 4 6 0.07649115 
834 378 4 5 0.07648091 
181 374 4 4 0.07643562 
238 384 4 5 0.0763906 
916 422 7 8 0.076371126 
188 361 3 4 0.07626289 
395 433 7 9 0.076113544 
463 415 5 7 0.076014176 
45 372 5 5 0.07592804 
359 428 5 6 0.07585483 
807 403 6 6 0.07569869 
977 467 10 16 0.07554933 
217 436 6 8 0.07550691 
745 500 11 10 0.07530676 
123 423 5 5 0.075303994 
411 429 5 6 0.075282745 
358 443 6 6 0.07514925 
930 372 5 5 0.07504006 
326 404 6 7 0.07496721 
333 516 9 11 0.07494676 
749 458 7 8 0.07493993 
922 404 5 6 0.074893355 
246 377 5 5 0.07486467 
7 403 6 6 0.07483095 
126 478 7 10 0.07482841 
281 446 8 9 0.074753255 
1019 398 5 6 0.07467733 
250 378 4 5 0.07451638 
962 368 4 4 0.07450174 
448 419 5 6 0.07437473 
175 506 10 13 0.074341856 
52 409 6 6 0.07407067 
712 390 5 7 0.0739254 
417 364 4 5 0.07386716 
833 396 6 7 0.073690474 
827 436 6 6 0.073660925 
11 458 8 10 0.073582545 
836 492 8 9 0.07356939 
20 403 6 6 0.07351648 
829 373 4 4 0.07351396 
876 565 10 13 0.07335775 
864 448 8 8 0.07333905 
751 404 5 6 0.07316295 
943 421 5 7 0.07314702 
666 441 7 7 0.07312084 
31 423 8 6 0.07311662 
363 449 7 6 0.073064014 
954 379 4 4 0.07292832 
711 405 4 6 0.072920255 
1014 380 5 5 0.07291083 
384 429 5 7 0.07288548 
392 432 6 9 0.07287949 
839 429 7 7 0.07274962 
359 397 5 6 0.072636545 
320 383 5 6 0.07260552 
764 428 5 7 0.072564125 
269 514 9 11 0.072544865 
855 535 10 15 0.072542235 
348 553 10 16 0.072527155 
784 398 4 5 0.07250336 
795 459 6 7 0.07223232 
914 458 8 9 0.0721695 
890 423 6 6 0.07215223 
787 416 6 6 0.07215184 
294 379 5 5 0.07213649 
180 392 5 5 0.07199789 
160 430 6 7 0.07197282 
930 434 6 7 0.07194597 
179 384 5 5 0.07188696 
836 529 9 14 0.07180357 
808 422 5 6 0.071697146 
954 448 7 8 0.071575575 
111 354 5 5 0.07155593 
329 386 5 4 0.071521476 
2 410 5 9 0.0714925 
35 471 9 10 0.07147902 
148 423 6 7 0.071443014 
21 368 4 4 0.071391374 
197 448 8 8 0.07137747 
83 594 14 20 0.07137628 
72 420 6 8 0.07136628 
102 389 5 8 0.071016915 
1013 411 5 6 0.07100951 
379 391 5 6 0.07096989 
37 403 7 7 0.07090731 
945 513 11 15 0.070847236 
820 379 5 5 0.07079774 
192 372 4 5 0.070714526 
239 347 4 5 0.07066963 
104 367 5 5 0.070618525 
816 478 9 12 0.07056647 
390 404 5 5 0.07041935 
137 359 4 5 0.070199475 
864 464 7 9 0.07018076 
1012 415 6 6 0.07013845 
785 502 8 11 0.07012286 
352 479 7 8 0.07006999 
781 460 8 7 0.07004648 
677 417 5 7 0.07002417 
213 479 8 11 0.0700173 
181 360 4 4 0.07000362 
872 392 4 4 0.0699872 
880 379 3 4 0.06995383 
54 360 4 4 0.0699228 
210 430 6 7 0.069801554 
277 613 17 26 0.069701396 
857 398 5 5 0.069645084 
854 471 8 11 0.06958637 
488 585 86 158 0.06952655 
186 392 6 6 0.06938807 
741 483 10 9 0.06927936 
51 428 8 7 0.069202036 
43 509 8 12 0.06917285 
949 507 12 14 0.06911084 
277 423 6 6 0.06909271 
266 442 8 7 0.068953514 
218 366 4 5 0.06882047 
814 411 5 6 0.06881815 
949 429 6 6 0.06878435 
100 452 8 8 0.06870612 
165 434 9 9 0.06867303 
878 404 6 5 0.068641 
683 468 11 12 0.06864013 
205 373 5 4 0.06859727 
859 634 13 18 0.06857452 
872 372 4 5 0.06855851 
711 416 5 8 0.06851446 
1004 405 6 6 0.06847618 
108 453 9 9 0.068398654 
295 554 12 19 0.06839607 
420 446 7 9 0.068390034 
680 429 6 7 0.06833406 
85 476 10 13 0.06830975 
174 367 3 4 0.06826981 
300 453 7 8 0.06810243 
45 441 7 7 0.06790852 
877 435 6 7 0.06789613 
47 355 3 3 0.06788297 
787 490 8 11 0.06784881 
171 486 12 12 0.067828454 
236 423 7 6 0.06773574 
231 378 5 5 0.067720726 
276 385 5 4 0.0675952 
244 346 4 5 0.067432985 
989 449 8 8 0.06735887 
782 455 6 7 0.06724602 
710 459 7 9 0.06712964 
356 383 5 6 0.067099094 
319 443 6 8 0.06707583 
808 378 5 8 0.06695754 
463 397 6 7 0.06693024 
243 341 4 4 0.066889375 
147 402 5 6 0.06676501 
763 484 12 10 0.06662115 
921 371 6 6 0.0665567 
222 540 11 13 0.066538 
0 402 5 7 0.06649503 
368 479 9 11 0.06649009 
844 430 7 6 0.06637916 
249 424 7 6 0.066358715 
421 361 3 5 0.06613739 
85 373 4 5 0.0660249 
683 429 6 8 0.06601231 
12 435 6 7 0.065964796 
955 391 4 4 0.06594983 
34 355 4 4 0.065912925 
333 435 7 7 0.06589649 
45 436 6 6 0.0658155 
227 538 13 15 0.06575327 
169 360 3 4 0.06569413 
690 442 7 8 0.065687366 
192 392 5 6 0.065620884 
812 422 6 6 0.06560472 
879 368 4 3 0.065581895 
817 492 7 10 0.06554561 
265 374 4 4 0.06551495 
169 558 10 18 0.065442935 
871 415 6 6 0.065336734 
126 619 18 29 0.065207 
169 367 4 4 0.06518855 
69 429 7 8 0.0649655 
668 455 9 10 0.06494928 
894 441 8 9 0.06492616 
722 466 7 7 0.064899504 
59 460 10 11 0.064875185 
1007 416 6 6 0.064863205 
74 394 7 9 0.064787485 
840 379 4 4 0.06472931 
367 404 4 5 0.06468293 
897 402 5 6 0.06462633 
339 478 9 9 0.06458381 
186 378 5 5 0.064539336 
986 409 7 7 0.06448227 
225 374 4 4 0.064477555 
174 379 5 5 0.06441756 
206 403 6 5 0.06418714 
726 397 4 6 0.06413613 
47 340 5 4 0.064081185 
985 433 8 8 0.06406454 
284 454 6 8 0.0638714 
895 422 6 6 0.06384452 
922 379 5 5 0.063839726 
45 361 5 4 0.063786834 
130 418 6 6 0.063553564 
957 436 7 6 0.06352472 
241 480 8 10 0.06341896 
533 377 4 6 0.063336045 
578 390 4 6 0.06333223 
903 452 8 11 0.06332679 
897 398 5 5 0.06332409 
212 379 5 5 0.0633088 
212 404 6 5 0.063255385 
910 430 7 7 0.063130975 
736 442 6 7 0.06311866 
727 453 9 10 0.063117474 
266 368 5 4 0.06299053 
78 352 6 7 0.06296834 
143 404 4 5 0.06296723 
399 416 4 6 0.062912025 
323 521 8 13 0.06286243 
162 399 5 4 0.062777676 
876 454 8 8 0.06263577 
33 339 5 5 0.062452793 
766 477 11 11 0.062383812 
280 461 8 8 0.06234668 
150 604 17 26 0.062338717 
239 337 3 3 0.062185664 
2 554 5 10 0.062066574 
24 430 8 7 0.062039215 
256 471 7 9 0.06201817 
733 457 8 10 0.06196768 
82 428 8 9 0.061898492 
171 540 11 14 0.061889444 
295 428 7 6 0.061784666 
421 420 5 8 0.061716363 
876 411 6 5 0.06165524 
14 366 5 4 0.061649226 
468 475 7 13 0.06163855 
845 422 6 7 0.061604235 
216 448 8 9 0.061471418 
268 391 6 5 0.061459925 
918 370 5 6 0.061319027 
987 373 5 4 0.061178163 
940 485 8 11 0.0606625 
800 450 6 7 0.060630966 
838 440 7 7 0.060614023 
372 443 6 5 0.060593173 
984 417 7 6 0.060444508 
225 410 5 5 0.060368787 
379 415 5 6 0.06035576 
167 403 6 7 0.060280256 
887 508 9 13 0.060279213 
392 409 5 6 0.060189184 
201 373 4 4 0.06013094 
444 393 5 5 0.060082167 
782 435 6 8 0.05999896 
398 424 5 6 0.059958834 
953 409 6 6 0.059929036 
188 397 5 5 0.05992898 
795 576 12 19 0.059793178 
53 373 4 4 0.059765384 
678 458 8 10 0.059731353 
335 410 5 5 0.05970982 
903 397 6 6 0.059644878 
354 397 5 6 0.05963301 
454 387 4 5 0.05948665 
90 378 4 5 0.059386786 
381 423 4 6 0.059365507 
611 384 3 5 0.05929963 
950 474 10 13 0.059270106 
895 429 7 7 0.05924373 
764 422 6 6 0.059119117 
976 577 15 16 0.059112396 
951 638 18 26 0.05911125 
938 536 10 12 0.05908021 
357 379 6 6 0.059041362 
770 406 5 4 0.05903863 
225 405 5 6 0.058971066 
999 434 6 7 0.058931887 
953 546 10 15 0.058900755 
879 373 4 4 0.05888202 
918 385 5 5 0.0588791 
176 356 3 4 0.058724716 
721 443 7 8 0.058693856 
105 412 5 5 0.058624946 
437 429 5 7 0.058525827 
962 397 5 6 0.05848936 
735 649 19 25 0.058468398 
279 484 9 10 0.058406856 
219 372 4 5 0.058370326 
1019 404 5 8 0.05833964 
878 386 4 4 0.05830439 
788 397 5 6 0.05828479 
154 372 5 5 0.058271065 
276 396 5 6 0.058066048 
941 384 5 5 0.057989936 
74 635 24 34 0.057986744 
788 421 6 8 0.057956632 
903 518 9 15 0.057951394 
159 484 7 10 0.057942834 
403 424 5 5 0.05791067 
340 410 5 5 0.057876524 
49 576 19 27 0.057839848 
830 454 7 8 0.05773509 
359 436 5 6 0.057732932 
438 433 6 7 0.057676986 
693 594 12 20 0.057484314 
832 442 6 7 0.057477854 
454 389 5 6 0.057460092 
866 234 6 13 0.057456147 
298 593 16 23 0.057443015 
805 429 7 6 0.05744148 
737 411 5 5 0.057441365 
568 403 5 8 0.057278007 
447 434 7 10 0.057267245 
212 384 5 5 0.057224292 
667 423 6 8 0.05722298 
469 408 5 8 0.05719976 
722 459 8 9 0.057151742 
32 454 9 9 0.057103842 
52 405 6 6 0.05706238 
960 385 5 4 0.057001572 
705 416 6 7 0.056921646 
311 361 3 3 0.056829948 
344 523 9 13 0.0568092 
998 609 14 16 0.05668206 
319 459 7 9 0.05659212 
516 456 6 12 0.056508146 
872 387 5 3 0.056493 
284 384 4 5 0.056355603 
167 398 5 5 0.05632131 
484 543 19 32 0.05631947 
602 398 4 6 0.056295875 
223 491 7 12 0.05619469 
875 492 9 11 0.056092422 
89 528 11 20 0.05608503 
347 417 5 6 0.05603859 
694 512 11 14 0.05600268 
21 409 6 6 0.055991642 
643 482 9 15 0.055968978 
0 465 5 11 0.05593476 
950 540 11 13 0.0558094 
283 398 5 5 0.05580731 
232 353 4 4 0.05562618 
719 452 6 8 0.055601608 
51 379 5 5 0.055586025 
237 379 4 5 0.055477083 
497 561 10 19 0.0554764 
1004 429 7 7 0.055465378 
677 446 9 9 0.055408254 
334 423 6 7 0.055354606 
334 473 7 7 0.05533734 
355 379 4 6 0.055326797 
962 412 5 5 0.05529158 
59 355 4 4 0.055241108 
131 379 4 5 0.055190954 
387 403 5 5 0.05514951 
724 434 6 8 0.055117525 
967 403 6 6 0.055097416 
896 373 5 4 0.05508726 
884 385 5 5 0.05506571 
283 366 4 4 0.055043727 
127 473 7 10 0.054928068 
319 491 8 9 0.054900143 
965 411 6 7 0.054890577 
814 442 5 6 0.05487337 
276 391 5 5 0.054871175 
71 340 5 5 0.05484088 
846 391 5 6 0.054786056 
939 479 6 9 0.054752454 
961 391 4 5 0.054752246 
144 496 11 14 0.0547463 
866 392 4 3 0.05472922 
1012 405 5 5 0.05471774 
284 340 3 5 0.054690987 
135 384 5 5 0.054682788 
52 423 7 6 0.05468233 
54 469 10 11 0.05461754 
385 434 5 7 0.05458453 
707 405 5 5 0.054472137 
782 446 6 7 0.05441056 
56 422 7 7 0.054360233 
109 368 5 5 0.054271434 
40 361 4 4 0.054253414 
443 379 4 5 0.05423751 
157 523 11 14 0.054178227 
694 405 5 6 0.05397081 
440 443 9 13 0.05389872 
868 423 7 7 0.053828556 
229 428 7 7 0.053813446 
936 385 5 5 0.053771418 
883 440 7 8 0.053700328 
33 336 4 5 0.05367918 
908 397 5 6 0.053646132 
950 380 3 3 0.05352087 
289 473 8 9 0.05351657 
449 390 5 6 0.053480107 
987 379 5 5 0.053479478 
899 392 5 4 0.053440742 
245 335 3 4 0.053434696 
31 476 9 10 0.053427123 
206 354 4 4 0.05333621 
84 409 6 7 0.053314544 
654 490 9 13 0.053285126 
220 423 6 7 0.053250454 
321 398 5 5 0.053150903 
885 374 4 3 0.0531121 
137 373 3 5 0.053101417 
257 398 5 5 0.053061236 
902 435 8 7 0.053056218 
40 570 11 18 0.053051163 
21 355 4 3 0.053044565 
404 404 5 6 0.053034525 
206 430 6 7 0.05297161 
781 421 6 7 0.052966632 
546 378 4 5 0.052953668 
70 346 5 5 0.05289505 
87 421 7 8 0.05281466 
732 385 4 5 0.05281452 
830 404 6 6 0.052813005 
1007 488 10 15 0.052758228 
198 429 6 7 0.05272713 
367 410 4 5 0.052720994 
292 454 8 8 0.052690275 
232 473 7 9 0.052671485 
309 373 4 4 0.0526526 
257 414 7 7 0.052645642 
821 373 3 4 0.05263299 
973 380 5 4 0.052613363 
16 372 5 5 0.052603096 
876 429 6 7 0.052556496 
162 361 3 4 0.05252808 
334 404 5 5 0.05248756 
827 534 9 14 0.052473854 
142 472 9 12 0.052441712 
99 366 4 5 0.052420456 
194 385 5 5 0.05232183 
130 398 4 6 0.052290514 
50 384 6 6 0.05228822 
917 417 6 6 0.05228157 
602 402 5 8 0.052262872 
206 409 5 6 0.052245725 
191 483 8 10 0.05221954 
150 359 4 5 0.05220177 
250 416 6 6 0.052178618 
963 373 4 4 0.05215012 
751 460 10 9 0.05212364 
908 410 6 6 0.05211575 
31 428 7 7 0.05210281 
954 417 6 6 0.05208721 
901 550 11 15 0.0520674 
966 398 5 6 0.052066762 
277 380 4 4 0.052013613 
230 384 5 6 0.052010495 
320 434 6 6 0.051995073 
944 445 8 10 0.05192834 
446 397 5 7 0.051919613 
893 368 3 4 0.051849432 
153 379 5 6 0.05182822 
141 373 5 5 0.051793024 
1011 368 5 4 0.051787157 
347 398 5 5 0.051758386 
160 627 11 19 0.051755983 
1017 531 8 12 0.05164814 
351 510 8 10 0.0516374 
398 477 10 13 0.05161742 
271 335 4 6 0.051527556 
31 418 7 6 0.05145983 
935 478 7 10 0.051428933 
780 429 6 8 0.051417537 
111 553 15 19 0.051400322 
175 411 5 5 0.051343188 
117 372 5 4 0.051341522 
445 373 3 5 0.0512486 
675 416 5 7 0.051227834 
764 410 4 6 0.051225584 
813 373 5 5 0.05120134 
213 374 5 3 0.051183745 
243 442 8 7 0.051133312 
294 487 8 10 0.05110595 
751 410 5 6 0.05107524 
99 378 4 5 0.051036946 
340 405 5 4 0.051027402 
104 372 4 5 0.05099043 
392 423 4 6 0.050982904 
45 447 8 9 0.050900504 
40 356 4 3 0.050891854 
184 466 8 9 0.05089144 
814 434 6 7 0.050861795 
290 352 4 5 0.05080869 
678 466 9 12 0.050802495 
775 558 12 18 0.05079351 
142 379 4 4 0.05078154 
365 429 5 6 0.05077309 
194 361 4 4 0.05077268 
48 503 11 15 0.05075438 
14 360 4 4 0.05072599 
707 409 5 6 0.05071746 
916 410 6 6 0.050683886 
32 374 4 4 0.0506258 
997 440 7 8 0.050602224 
878 391 5 5 0.050597187 
85 368 4 5 0.050522085 
829 484 8 9 0.05051996 
765 451 8 9 0.050514147 
243 423 7 6 0.050419368 
398 379 4 4 0.050402567 
740 527 9 16 0.050392024 
949 392 4 4 0.05036783 
186 428 6 8 0.050362244 
782 417 6 6 0.05036076 
20 503 9 10 0.050275434 
163 381 4 4 0.050211247 
32 391 6 5 0.050192084 
59 392 5 5 0.050156485 
384 443 5 7 0.050138425 
173 420 6 7 0.05008098 
403 428 5 7 0.050034396 
1012 396 5 6 0.049996186 
21 429 7 6 0.04999554 
416 378 5 7 0.04998766 
247 489 9 12 0.04991848 
1089 458 9 15 0.04991561 
254 540 12 15 0.049859904 
139 467 9 11 0.04984876 
59 378 5 5 0.04983539 
132 416 7 7 0.049818344 
232 452 7 9 0.049722873 
821 385 5 6 0.049699977 
989 367 4 4 0.04968058 
54 355 3 3 0.049610186 
231 404 6 6 0.049551483 
292 246 10 13 0.04952223 
39 398 5 6 0.04942044 
31 441 8 8 0.049286358 
857 442 7 7 0.048996974 
302 461 7 7 0.04899672 
261 415 7 6 0.048959278 
796 404 5 5 0.048945352 
295 449 6 7 0.048921257 
314 429 6 7 0.04886907 
41 657 27 26 0.048822004 
33 365 5 5 0.048778817 
921 441 7 7 0.048761766 
391 441 5 8 0.048720445 
952 453 8 9 0.04868918 
838 521 9 14 0.0486862 
246 502 9 13 0.048593022 
944 368 3 4 0.04857586 
46 477 11 12 0.04854137 
872 361 4 4 0.048388638 
899 587 13 17 0.048312124 
810 586 17 24 0.04827914 
1003 449 9 10 0.04826996 
311 564 11 19 0.048217498 
268 473 7 9 0.048202828 
908 404 5 5 0.048173744 
460 423 7 9 0.048105802 
775 418 5 5 0.048079908 
64 445 7 8 0.048050392 
799 404 6 6 0.048050273 
51 396 6 6 0.047998518 
889 503 9 12 0.047971178 
660 397 6 8 0.047937803 
271 360 4 4 0.04793629 
2 377 4 7 0.04793492 
182 367 3 4 0.047914527 
704 447 7 7 0.047912516 
188 356 4 3 0.047910064 
786 436 6 7 0.04788134 
148 384 5 5 0.047872286 
282 418 6 5 0.0478487 
372 404 5 6 0.04783088 
40 620 18 27 0.047750752 
417 372 4 5 0.047748707 
721 478 9 11 0.047730885 
404 489 10 15 0.04769083 
227 353 4 4 0.04765946 
155 449 6 8 0.047648 
297 361 3 4 0.047555737 
354 393 5 5 0.047547948 
417 393 4 5 0.04743382 
201 556 13 20 0.047426175 
993 424 6 5 0.04742096 
159 423 6 6 0.04736048 
49 442 7 8 0.047321215 
149 597 12 18 0.04730359 
1054 544 12 20 0.047232807 
186 433 8 9 0.04717672 
679 434 6 7 0.047156647 
322 416 5 6 0.04712813 
84 405 5 6 0.047113497 
954 422 5 6 0.047095675 
941 405 5 5 0.047071707 
872 380 4 3 0.04703452 
294 385 5 5 0.04701942 
436 447 7 10 0.047019213 
1007 386 5 4 0.046997093 
788 452 7 8 0.046988208 
905 598 13 17 0.046958845 
330 372 4 5 0.04691789 
147 439 7 9 0.046889085 
825 389 5 7 0.046820242 
232 484 7 10 0.046791077 
149 367 3 5 0.046778105 
432 387 4 5 0.046773586 
1093 425 7 12 0.04676705 
7 421 7 8 0.04675487 
362 504 8 9 0.04670812 
13 401 6 6 0.0466871 
858 392 5 5 0.04668328 
317 384 4 5 0.046660706 
1053 557 12 20 0.04665381 
136 454 7 8 0.046652317 
990 480 11 15 0.04658849 
182 484 9 10 0.046574622 
584 396 5 9 0.046558417 
260 480 8 8 0.046535023 
99 373 4 4 0.04653485 
800 410 6 5 0.046527945 
279 465 8 8 0.046518125 
964 472 7 12 0.046496462 
276 430 6 7 0.046493124 
364 460 7 7 0.04643861 
235 366 3 4 0.046365585 
334 417 5 5 0.046304855 
820 442 6 7 0.04627433 
2 385 4 5 0.046170805 
59 374 4 4 0.046170123 
337 423 7 7 0.046167046 
924 510 11 11 0.04613263 
671 422 6 8 0.046127763 
63 474 9 10 0.04600993 
697 442 6 7 0.04597932 
164 476 8 10 0.045964222 
157 361 3 3 0.04593842 
878 422 6 6 0.045930386 
706 428 5 6 0.045927662 
968 369 3 3 0.045916006 
805 473 7 9 0.045902606 
369 540 9 14 0.045833062 
219 409 5 5 0.045798864 
585 359 4 5 0.0457731 
66 353 4 5 0.045738276 
579 380 3 5 0.045694932 
992 410 6 5 0.045682944 
560 397 4 6 0.045681946 
249 435 7 7 0.045681387 
246 183 14 14 0.045477502 
794 410 5 5 0.045407113 
291 391 4 5 0.045388337 
553 411 5 7 0.045340113 
97 434 6 7 0.04530316 
181 356 4 3 0.045298476 
245 368 3 4 0.045283776 
334 379 4 5 0.045257717 
464 385 4 5 0.045213077 
67 346 4 6 0.045200277 
77 411 6 7 0.045177944 
357 417 6 5 0.045144685 
726 393 4 5 0.04514345 
864 602 15 17 0.04509012 
1019 508 7 11 0.04508425 
193 424 5 5 0.045050543 
71 454 8 9 0.04503648 
346 430 6 5 0.045019057 
262 436 8 6 0.044975825 
28 335 4 6 0.044943944 
302 372 4 5 0.044892225 
813 384 5 6 0.04488945 
457 409 4 6 0.044845264 
363 453 7 8 0.04482512 
325 417 7 6 0.04481531 
96 405 4 5 0.044808008 
276 367 4 5 0.044793252 
848 374 4 4 0.0447595 
955 368 4 3 0.044738576 
734 483 10 10 0.04467727 
961 415 6 7 0.04464136 
717 391 5 7 0.0446373 
8 378 4 5 0.044630907 
839 482 9 11 0.04461723 
359 485 7 8 0.044613935 
67 341 4 5 0.044552714 
162 404 5 5 0.044540513 
210 399 7 5 0.044497963 
176 435 8 9 0.044491522 
985 442 7 7 0.044445153 
328 391 5 5 0.044436604 
320 393 5 4 0.044424385 
762 405 4 6 0.04439023 
463 390 5 6 0.044386752 
760 480 10 10 0.044385232 
38 385 6 5 0.044347774 
297 424 5 5 0.044300366 
395 500 9 14 0.044243246 
361 510 9 10 0.044232897 
744 588 11 18 0.044194598 
822 399 4 6 0.044183258 
301 418 6 5 0.044126485 
979 402 6 6 0.044076633 
543 391 5 7 0.044070408 
7 428 6 7 0.044036683 
317 380 4 4 0.0439666 
207 334 4 5 0.04393522 
38 417 6 6 0.043929882 
697 405 5 6 0.04390691 
866 369 4 3 0.043875072 
557 410 4 7 0.04386609 
340 378 5 6 0.043859955 
270 354 4 4 0.043835435 
175 454 6 7 0.04381779 
717 427 5 7 0.043760076 
916 379 6 5 0.043708965 
669 502 9 13 0.043687932 
121 384 6 5 0.043679148 
116 411 5 5 0.04366862 
659 415 5 7 0.043624785 
399 483 11 15 0.043575075 
899 386 4 4 0.043551132 
295 391 5 6 0.043499958 
398 385 4 5 0.043477815 
509 428 4 7 0.043436248 
706 578 11 17 0.04342739 
115 354 4 5 0.04333994 
977 453 8 8 0.043325905 
903 386 5 4 0.04330722 
683 423 6 6 0.04329197 
301 398 5 5 0.0432707 
348 526 9 13 0.043270234 
983 535 11 13 0.04324738 
969 385 4 4 0.043178927 
547 516 7 11 0.04312151 
859 361 4 3 0.0431036 
135 410 6 6 0.043062888 
262 473 7 8 0.043005466 
684 404 5 7 0.042993017 
125 360 3 4 0.042960867 
304 355 3 3 0.042921513 
485 465 6 10 0.042904723 
772 483 9 9 0.04280211 
845 466 8 9 0.042798307 
179 458 6 8 0.04273992 
1019 372 5 7 0.042686857 
122 446 7 8 0.042676922 
416 428 5 7 0.04265122 
290 348 3 5 0.042573806 
224 391 5 5 0.042573404 
853 607 25 23 0.042545497 
1085 440 8 14 0.04253664 
657 465 11 12 0.042523414 
219 380 4 4 0.042436007 
371 470 10 11 0.042434894 
617 398 4 7 0.042382613 
35 467 10 9 0.042377196 
868 240 6 10 0.0423478 
105 491 12 17 0.04234538 
913 470 8 10 0.042343978 
699 447 6 8 0.042329907 
632 455 10 17 0.042316318 
880 398 5 5 0.04226499 
386 397 4 5 0.04226114 
174 623 13 17 0.042247243 
108 428 6 7 0.042197693 
378 385 4 5 0.04218212 
274 417 6 6 0.04217605 
347 393 4 4 0.042169314 
372 409 5 6 0.042168118 
246 330 3 3 0.042137153 
297 374 4 4 0.042130668 
278 339 3 5 0.042119425 
199 367 4 4 0.042104512 
100 582 11 18 0.04207268 
273 410 6 7 0.042067274 
52 634 12 17 0.04206457 
181 397 4 5 0.042057876 
258 373 4 4 0.042049658 
321 365 4 6 0.042013027 
114 468 8 9 0.04197197 
128 421 6 6 0.041947667 
299 427 7 7 0.04193451 
149 507 12 15 0.04193101 
368 377 4 6 0.041886486 
91 374 3 4 0.041801546 
999 408 6 6 0.041761644 
493 442 5 8 0.041728158 
183 520 11 12 0.041727673 
3 391 4 4 0.041689746 
0 630 17 25 0.041668456 
716 465 8 9 0.041667823 
418 404 4 6 0.041666877 
332 460 8 7 0.041642636 
245 354 3 4 0.04159673 
40 341 5 4 0.04159321 
438 360 4 4 0.04159184 
437 366 4 5 0.041582797 
386 392 4 5 0.041581217 
357 553 9 15 0.041565526 
214 453 6 7 0.0415628 
827 410 5 6 0.04154095 
117 428 5 6 0.041533995 
781 404 5 6 0.04152946 
186 410 5 6 0.04151821 
76 391 5 7 0.04151695 
921 435 7 8 0.041499432 
287 485 7 10 0.041489903 
793 441 6 7 0.04136569 
12 440 7 9 0.041363962 
8 448 6 8 0.04133647 
852 379 4 4 0.041315056 
54 448 8 8 0.0413019 
79 384 4 6 0.04127921 
0 398 5 6 0.041243512 
759 600 10 17 0.04117694 
703 454 7 8 0.041171443 
693 417 5 5 0.041162897 
184 416 6 7 0.04113778 
284 361 4 4 0.04108511 
312 526 10 19 0.04105414 
732 440 6 8 0.04104421 
223 434 7 8 0.04103013 
904 373 4 4 0.040972188 
315 360 3 4 0.040962894 
199 361 4 3 0.040923126 
166 486 9 10 0.040917933 
322 423 5 5 0.04090028 
47 534 10 16 0.04087317 
193 408 5 6 0.040852804 
136 403 5 5 0.040848143 
2 371 3 6 0.040793046 
1010 506 8 11 0.040788986 
308 443 6 7 0.04078246 
405 415 5 6 0.040773593 
231 398 5 5 0.04068888 
809 610 12 19 0.040681068 
244 403 5 5 0.040673036 
405 387 4 4 0.040668767 
240 574 18 23 0.040624652 
258 392 4 5 0.040612355 
427 373 3 5 0.040592365 
822 368 3 4 0.04058869 
316 365 4 6 0.040571705 
104 360 5 4 0.040539835 
718 436 5 7 0.040521465 
51 392 5 6 0.04048082 
700 593 13 24 0.040458705 
987 530 12 13 0.040456396 
36 489 11 13 0.040431906 
930 393 5 4 0.04041937 
228 564 10 14 0.04039365 
18 466 8 9 0.04037426 
1016 528 17 24 0.040363815 
751 541 18 23 0.04036195 
284 373 4 4 0.040326536 
130 385 4 5 0.040304188 
317 582 12 22 0.04030193 
341 373 4 4 0.04029861 
408 466 10 15 0.0402587 
1011 448 7 7 0.04017616 
654 382 5 8 0.040162858 
302 367 3 4 0.040157188 
727 484 10 11 0.040141698 
267 447 8 8 0.04013387 
387 386 5 5 0.040131986 
801 417 6 6 0.040118065 
293 436 7 7 0.040103555 
104 415 5 6 0.040088378 
800 472 7 9 0.040086232 
154 484 7 9 0.04005217 
788 479 7 8 0.040048946 
252 353 4 5 0.040006097 
411 392 4 5 0.040002037 
909 393 5 4 0.03999911 
306 464 8 10 0.039967936 
849 429 7 7 0.03995841 
149 372 4 5 0.039957047 
375 477 9 12 0.039931472 
329 379 5 4 0.039910786 
705 459 7 8 0.039857656 
105 355 4 4 0.0398315 
372 372 4 6 0.03980248 
333 386 4 4 0.039780583 
578 384 4 5 0.039761223 
415 434 6 8 0.039735593 
232 411 5 4 0.039715823 
229 570 11 17 0.039713338 
327 424 6 6 0.039653674 
447 427 6 9 0.039633274 
287 398 6 5 0.039625816 
298 367 3 3 0.039620537 
54 367 4 4 0.03960392 
827 380 4 4 0.039594073 
104 424 6 5 0.039523885 
851 367 5 4 0.039383844 
309 386 4 4 0.039371427 
671 558 10 19 0.03936188 
435 385 5 5 0.039353173 
841 403 5 6 0.039313562 
544 428 5 8 0.039294377 
287 478 8 9 0.039273113 
56 496 10 13 0.039262615 
843 474 8 9 0.03924528 
75 442 8 9 0.039169397 
654 404 4 6 0.039162032 
255 424 7 6 0.039127886 
168 422 6 6 0.039115056 
131 373 4 4 0.03911294 
672 428 5 7 0.039112646 
933 440 7 9 0.039111603 
252 386 4 4 0.039094664 
143 356 3 4 0.03905749 
169 418 5 5 0.039026182 
232 478 7 9 0.038969103 
864 416 6 5 0.03893766 
234 373 4 4 0.038911965 
512 454 7 10 0.03890046 
856 466 7 10 0.0388734 
73 373 4 5 0.038784128 
796 435 6 6 0.03877681 
103 379 5 5 0.038774453 
345 517 8 10 0.03871104 
377 462 7 9 0.0386969 
890 417 6 7 0.038657036 
920 498 10 12 0.038570065 
564 398 4 5 0.038567323 
79 378 4 5 0.03856467 
814 458 8 9 0.038537435 
263 642 12 14 0.038534068 
1019 365 6 7 0.03852713 
253 341 4 4 0.038522247 
162 409 5 6 0.038506493 
903 421 7 6 0.038504887 
379 442 5 6 0.038490593 
456 423 5 7 0.03848988 
872 522 9 12 0.038455356 
616 401 4 8 0.03844807 
41 379 5 4 0.03842524 
450 387 5 5 0.03842011 
831 503 8 12 0.038407784 
21 361 5 4 0.03840286 
150 520 11 16 0.03838359 
1090 535 11 16 0.038380288 
391 386 5 5 0.03834885 
173 398 4 4 0.03821022 
328 398 5 5 0.03816234 
122 380 5 5 0.038058076 
706 390 5 6 0.038037706 
522 380 4 5 0.038037628 
85 378 4 5 0.038033973 
48 570 13 18 0.038023613 
910 379 5 5 0.037985053 
81 496 8 13 0.037962113 
1058 512 9 16 0.03794571 
412 424 4 6 0.037938308 
579 359 4 6 0.03791008 
962 380 4 4 0.037860304 
257 404 5 5 0.03783776 
554 405 4 5 0.03781031 
837 396 7 7 0.037809264 
743 410 5 6 0.037801858 
483 459 7 11 0.037775856 
116 360 4 4 0.03774395 
181 491 9 10 0.037726905 
809 372 4 5 0.03772617 
999 387 5 4 0.037671592 
142 385 4 5 0.037665132 
389 505 10 14 0.037629504 
870 472 8 8 0.03758882 
676 556 10 18 0.037569057 
678 517 8 12 0.037544638 
439 380 4 4 0.037534997 
354 418 5 6 0.037509438 
890 378 5 4 0.037468277 
0 441 5 9 0.037467267 
109 415 6 5 0.037432145 
85 342 4 5 0.037400097 
313 492 8 10 0.03739673 
344 462 7 7 0.037393592 
38 288 6 6 0.037376344 
96 423 6 7 0.037375946 
399 374 3 4 0.03732735 
346 452 7 7 0.03728633 
571 397 4 7 0.037242755 
493 467 6 9 0.037234522 
383 500 7 9 0.037213326 
1011 432 7 8 0.03720783 
0 422 4 8 0.037202068 
411 372 4 5 0.037196163 
310 366 4 4 0.03719473 
65 373 4 4 0.03718992 
859 427 6 7 0.037178714 
215 366 4 5 0.03717513 
697 417 5 7 0.03716844 
807 411 5 5 0.0371595 
137 357 4 4 0.037156362 
966 422 6 6 0.037131667 
112 488 8 13 0.03711702 
264 405 5 5 0.03710862 
800 478 8 11 0.037107643 
296 354 3 4 0.03709322 
214 600 16 21 0.037029788 
1057 499 9 15 0.037020214 
957 466 7 10 0.0370073 
75 466 10 10 0.037006788 
198 467 7 9 0.037002776 
281 474 7 8 0.03699996 
595 409 4 7 0.036959566 
367 393 5 5 0.03694468 
1018 415 6 7 0.036924243 
319 498 8 10 0.03690256 
835 385 4 4 0.03689873 
310 392 4 4 0.036896862 
749 609 12 17 0.036784004 
232 349 4 4 0.036769796 
342 533 10 12 0.03672096 
1056 534 10 18 0.03669656 
379 436 6 6 0.03669643 
732 492 11 11 0.036693156 
362 546 11 17 0.036676034 
365 485 6 9 0.036670282 
998 367 5 5 0.03663845 
242 591 12 19 0.036611583 
129 366 5 5 0.036595877 
20 434 8 7 0.03657517 
896 434 8 7 0.03657413 
201 348 4 4 0.03657198 
1006 380 5 4 0.036549494 
28 339 4 5 0.036477342 
695 565 13 18 0.036469746 
679 408 6 8 0.036420085 
124 397 4 6 0.03641735 
373 362 4 4 0.03640582 
520 385 4 6 0.03638303 
600 398 3 5 0.036373578 
79 374 4 4 0.036357313 
150 356 4 4 0.036258027 
432 389 4 6 0.036250256 
689 584 10 18 0.03620966 
159 440 7 7 0.036198832 
118 473 10 11 0.036198486 
276 361 4 4 0.036180124 
391 418 4 5 0.036153626 
572 386 3 5 0.036128268 
224 398 5 5 0.036040246 
313 402 6 6 0.036023904 
194 379 4 5 0.036013145 
19 416 8 6 0.03598203 
854 624 12 15 0.03595467 
966 452 7 10 0.035952717 
82 480 10 15 0.035928853 
1005 495 9 14 0.035920512 
684 408 6 7 0.035860952 
943 464 8 11 0.0358552 
170 356 3 4 0.03584193 
317 564 15 25 0.035828754 
422 443 6 8 0.035827518 
365 466 8 8 0.035825 
853 408 6 7 0.035792615 
665 447 8 8 0.035753023 
936 368 4 4 0.0357342 
141 549 16 21 0.03570516 
443 402 5 7 0.0356673 
968 458 7 10 0.03565808 
898 379 5 4 0.035637543 
276 336 4 5 0.03560989 
98 508 13 13 0.035598427 
491 498 10 16 0.035569113 
100 551 13 18 0.035563193 
897 563 11 17 0.03556122 
109 424 5 5 0.035533905 
58 339 5 5 0.035516314 
905 369 4 3 0.03548962 
391 391 5 5 0.03546165 
155 410 4 5 0.03543813 
557 381 4 5 0.03543207 
291 459 8 9 0.035402745 
756 436 6 6 0.03537677 
237 362 4 4 0.03535454 
288 417 6 6 0.035354197 
435 390 5 6 0.035308987 
422 429 6 7 0.035307594 
337 509 9 11 0.0352787 
153 421 6 7 0.03521551 
860 355 4 4 0.0352149 
731 392 4 5 0.035207253 
10 365 4 5 0.035149496 
743 404 5 5 0.035142574 
247 480 8 10 0.035128746 
235 417 7 6 0.03509681 
219 360 3 5 0.035082355 
334 399 5 5 0.03508053 
10 360 4 4 0.035080276 
812 404 6 6 0.035077143 
837 473 7 10 0.03504397 
129 360 4 5 0.035013128 
201 453 8 8 0.034993667 
38 435 6 7 0.034991726 
931 397 5 5 0.0349699 
188 405 5 5 0.034952063 
831 410 6 6 0.03494248 
584 391 4 6 0.034909103 
986 430 8 6 0.034904927 
266 595 11 15 0.034901135 
55 409 7 7 0.034892052 
210 465 7 10 0.034880135 
1017 471 17 22 0.03486161 
149 418 5 6 0.034860168 
735 564 11 15 0.034819193 
300 507 8 12 0.034794707 
354 428 6 6 0.03479117 
323 499 8 10 0.034784283 
11 429 7 7 0.034749705 
718 417 4 7 0.03470613 
179 468 7 9 0.034695216 
21 349 3 3 0.03463728 
661 472 10 11 0.034592267 
445 418 4 5 0.034573402 
198 483 7 11 0.03456335 
136 392 5 5 0.034562074 
933 452 7 10 0.03455975 
18 441 8 8 0.034540724 
1036 565 16 22 0.034539595 
367 417 4 5 0.03452249 
1035 377 8 12 0.034518193 
661 430 5 7 0.034464706 
112 384 4 5 0.034447744 
247 448 8 7 0.034433804 
102 472 10 11 0.03443199 
86 384 4 7 0.03441683 
266 359 4 5 0.03441285 
684 434 7 7 0.034337968 
789 522 10 14 0.034317106 
15 355 4 3 0.034314997 
884 368 4 4 0.034264315 
263 397 6 6 0.034253865 
637 453 9 13 0.03424845 
981 379 4 5 0.034226637 
199 391 6 6 0.034208834 
738 537 15 17 0.03419624 
810 521 9 14 0.034159955 
367 373 4 4 0.034101516 
668 463 10 12 0.03404873 
398 398 5 5 0.034045186 
25 416 8 7 0.034024958 
118 624 18 36 0.034007654 
813 392 5 5 0.034006905 
247 454 8 8 0.033994447 
111 359 4 5 0.033994038 
572 391 4 5 0.033983395 
379 366 4 5 0.03398307 
130 510 11 13 0.033943795 
699 385 5 6 0.03391961 
206 392 5 5 0.033905227 
183 471 8 10 0.03388595 
282 393 5 4 0.03388307 
239 398 5 4 0.033880223 
219 416 6 6 0.033839606 
264 341 4 4 0.033839256 
315 373 4 4 0.03382861 
658 487 9 13 0.03379279 
899 472 9 10 0.0337893 
64 423 6 7 0.033775374 
234 337 4 4 0.033749126 
405 398 4 5 0.03370627 
198 440 6 8 0.033701 
67 547 12 17 0.033685055 
780 540 12 15 0.033679772 
457 405 4 5 0.03365216 
163 540 13 14 0.03361579 
290 360 3 5 0.03359293 
121 427 6 7 0.033564664 
400 450 9 11 0.033559706 
444 384 4 5 0.033559397 
347 404 5 5 0.033546478 
411 434 6 7 0.033512507 
233 578 11 14 0.03345513 
1039 531 13 19 0.03342193 
546 414 5 7 0.03341947 
776 507 10 15 0.033410326 
940 510 10 12 0.03337826 
338 454 7 7 0.03335779 
252 335 4 4 0.033299237 
219 398 5 5 0.03329405 
253 550 15 22 0.033280335 
340 504 8 10 0.03326552 
443 366 4 5 0.03325802 
810 152 11 18 0.033253312 
1002 583 12 12 0.03325078 
968 391 5 5 0.03324027 
85 390 5 6 0.03323047 
155 385 5 5 0.033213045 
31 624 19 25 0.033204775 
750 428 5 7 0.033162784 
512 428 5 8 0.03313517 
65 360 4 5 0.03312056 
726 430 5 6 0.033114452 
936 416 5 6 0.033113357 
739 467 8 9 0.033110067 
1058 524 10 17 0.03310961 
1053 569 12 21 0.03310255 
525 382 4 6 0.033058528 
566 413 5 8 0.033046436 
304 527 10 17 0.03304284 
791 495 9 11 0.03303086 
996 508 9 11 0.033015955 
72 379 4 4 0.033003867 
98 360 4 5 0.03299479 
159 473 7 10 0.032978058 
552 500 4 8 0.032946758 
212 583 12 17 0.032937568 
981 465 10 13 0.032934494 
993 418 6 5 0.03292848 
827 430 6 6 0.032917198 
543 320 6 7 0.03291578 
808 398 5 5 0.03291197 
342 392 4 4 0.032896478 
646 421 6 9 0.032884788 
39 391 5 5 0.032850213 
836 544 12 13 0.032824602 
181 405 5 5 0.032809436 
910 385 5 5 0.032790158 
718 398 5 5 0.032752875 
58 365 5 5 0.03274783 
65 392 5 6 0.03273017 
953 399 5 5 0.03271741 
1035 389 8 11 0.032713167 
379 397 5 5 0.032712188 
697 472 10 12 0.03268453 
71 352 5 6 0.032678735 
634 375 4 7 0.032659754 
28 349 3 3 0.032646477 
644 460 7 11 0.032562498 
448 403 5 6 0.032562234 
134 579 11 18 0.032550875 
162 385 5 4 0.032541104 
338 428 6 6 0.032530684 
215 485 10 16 0.032527495 
161 372 4 4 0.03249961 
236 410 5 6 0.03247098 
406 372 4 5 0.032456446 
52 640 30 33 0.032443713 
142 443 6 7 0.03244181 
849 367 3 4 0.03244102 
413 366 3 4 0.032373115 
334 373 4 5 0.032366637 
425 365 3 4 0.0323514 
421 169 8 11 0.032340925 
917 392 5 4 0.032334242 
918 399 4 4 0.032323804 
412 378 4 6 0.032305386 
290 367 4 4 0.032293316 
1009 590 12 13 0.03227673 
165 430 6 6 0.032222934 
121 619 10 21 0.032208167 
737 383 5 7 0.03216093 
1018 484 8 12 0.032126304 
0 365 4 6 0.032109074 
876 502 10 12 0.03208508 
728 466 8 9 0.03207276 
805 453 7 8 0.032048926 
174 392 5 5 0.03204113 
914 432 7 9 0.03202771 
194 355 3 4 0.032013673 
1045 438 9 13 0.031950638 
726 580 11 17 0.031921305 
163 454 8 8 0.03191119 
269 468 6 6 0.031907234 
1006 397 5 5 0.031892214 
1040 520 12 19 0.03188448 
737 427 6 8 0.031829365 
819 424 5 6 0.031828728 
167 410 5 5 0.0318173 
67 433 7 8 0.031764172 
841 503 9 13 0.0317316 
748 470 10 11 0.031702124 
320 373 5 5 0.031676974 
82 346 5 6 0.031672496 
814 367 4 4 0.031664096 
488 340 5 5 0.031661984 
221 392 4 5 0.031646967 
545 479 7 11 0.03164523 
204 384 6 6 0.031591322 
244 393 4 4 0.031580288 
921 613 36 39 0.031572822 
443 360 3 4 0.03154241 
1090 565 10 15 0.031542044 
290 374 4 4 0.031524777 
350 467 7 7 0.031503942 
589 402 5 9 0.03149612 
958 459 8 10 0.031406205 
252 392 4 4 0.031397745 
813 397 5 6 0.03137562 
286 519 10 15 0.031374473 
212 472 7 10 0.031345386 
168 384 4 5 0.031313345 
919 404 4 5 0.03130306 
172 404 6 6 0.031293813 
258 385 4 4 0.03128423 
111 405 4 5 0.031274054 
177 478 9 11 0.031265248 
926 415 7 7 0.031262178 
122 442 7 8 0.031259343 
994 353 5 5 0.031258464 
1020 392 5 6 0.03124681 
472 471 8 12 0.03124443 
193 508 11 13 0.031225856 
592 407 5 9 0.031223962 
172 477 9 11 0.031200686 
856 492 9 10 0.031178605 
1018 433 7 9 0.031175153 
212 409 5 6 0.03116664 
896 417 5 6 0.03116522 
584 384 4 6 0.031142643 
67 539 11 14 0.031131336 
247 470 9 10 0.03111371 
460 453 6 10 0.0310941 
805 501 10 16 0.031063093 
442 410 5 5 0.031041225 
1018 382 5 7 0.031039186 
234 361 4 4 0.030999389 
123 366 4 5 0.030995507 
89 448 8 8 0.030992337 
850 511 7 11 0.03098201 
449 359 4 5 0.030976927 
206 348 3 4 0.030974701 
431 361 3 3 0.0309573 
933 446 8 11 0.030954126 
569 413 5 9 0.030933676 
430 427 6 7 0.030897219 
865 501 12 16 0.03089046 
794 398 5 5 0.030866278 
763 659 24 20 0.030852204 
308 411 6 5 0.030835452 
557 403 4 7 0.030828001 
525 338 5 6 0.030814542 
1019 505 15 21 0.030804846 
445 440 8 12 0.030788787 
358 393 5 5 0.030778257 
378 405 5 5 0.030767715 
176 323 114 123 0.030761668 
12 465 8 9 0.030738363 
900 478 8 10 0.030706838 
120 594 13 17 0.030700974 
537 475 7 13 0.03069843 
926 459 8 8 0.030683942 
290 384 4 5 0.030678453 
735 436 6 7 0.03062104 
338 487 8 9 0.030572256 
719 378 4 6 0.03056033 
184 461 8 8 0.030503966 
302 379 4 4 0.030489009 
186 386 5 4 0.030486438 
250 572 10 16 0.030485174 
44 452 8 9 0.030433852 
296 398 5 4 0.030425295 
199 410 5 5 0.030419156 
265 353 4 5 0.030401165 
725 372 4 6 0.030385274 
852 418 5 5 0.030369215 
199 424 5 5 0.030366989 
821 390 5 6 0.030341668 
858 436 6 6 0.030326596 
567 386 3 5 0.030321937 
368 361 3 4 0.030313132 
466 434 6 8 0.030304076 
364 442 6 6 0.03028489 
761 435 6 6 0.030258235 
981 448 6 7 0.030224914 
385 411 4 5 0.030203264 
819 521 9 13 0.030197622 
813 472 8 9 0.03017925 
936 333 5 5 0.030176677 
706 436 5 6 0.030165056 
229 435 7 7 0.030160787 
871 347 5 4 0.030145455 
430 411 5 6 0.030141285 
333 392 5 4 0.030129084 
154 418 5 6 0.03012191 
759 502 12 12 0.030119233 
757 588 18 26 0.030112423 
749 436 6 6 0.030108828 
124 418 5 5 0.030090438 
234 340 3 4 0.030061098 
772 468 9 8 0.030029004 
1031 547 13 21 0.030015541 
229 441 7 8 0.029964656 
238 467 7 9 0.02994216 
56 554 11 18 0.02993869 
843 516 8 12 0.029920336 
252 368 4 4 0.029910075 
998 418 6 5 0.02989763 
20 423 7 6 0.029840814 
309 453 7 8 0.029827273 
1057 488 9 14 0.029809713 
1006 410 6 6 0.029797288 
216 503 11 16 0.029781923 
162 392 4 5 0.02977605 
1036 401 8 12 0.029766759 
143 423 5 7 0.029752748 
730 634 15 28 0.029722597 
596 384 4 6 0.029714638 
742 453 7 8 0.02967552 
229 490 8 12 0.029652806 
980 412 5 5 0.029641993 
1039 508 12 18 0.029639123 
37 408 7 7 0.029634427 
70 446 7 7 0.02959554 
115 397 6 7 0.029577829 
436 410 4 6 0.029551322 
734 471 9 8 0.029541736 
533 385 4 5 0.02952875 
272 594 17 22 0.029518437 
929 384 4 5 0.029490953 
425 378 4 6 0.029453307 
107 446 8 10 0.029430967 
733 612 14 19 0.029416662 
481 429 5 6 0.029411335 
455 416 5 6 0.029405793 
972 435 7 7 0.029397648 
238 353 4 4 0.029382713 
819 411 5 6 0.029369816 
163 356 3 3 0.0293576 
709 466 8 9 0.029340973 
722 528 11 14 0.029325133 
226 416 5 6 0.029257998 
658 504 10 17 0.029255355 
105 516 12 14 0.02925499 
236 424 17 17 0.02924466 
790 541 11 17 0.029244598 
501 446 5 8 0.029243425 
262 468 6 7 0.029214837 
172 428 7 7 0.029214285 
150 551 14 17 0.029176982 
929 404 5 6 0.02916908 
306 586 15 24 0.029147923 
157 547 13 16 0.02910942 
998 379 6 5 0.029102806 
1058 440 7 11 0.029099 
890 393 5 4 0.029095324 
757 523 15 16 0.029075315 
805 527 15 22 0.029070016 
1035 414 9 12 0.029060906 
186 511 10 12 0.02905079 
860 374 5 4 0.029039456 
890 386 5 4 0.029007263 
81 352 5 7 0.029003376 
445 355 3 3 0.028997807 
204 430 14 18 0.028976833 
908 479 8 10 0.028974162 
968 435 7 7 0.028973844 
365 435 5 6 0.028970055 
697 557 12 16 0.0289531 
437 405 5 5 0.028923655 
922 399 5 4 0.028923064 
207 340 4 5 0.028895646 
287 532 11 15 0.028855776 
299 449 7 7 0.028836511 
326 538 9 13 0.028835205 
406 378 4 5 0.028829437 
768 460 7 8 0.028814452 
198 405 5 5 0.028812466 
155 473 7 10 0.028799227 
1084 504 12 19 0.028775362 
328 360 4 5 0.028766423 
934 483 8 12 0.028748667 
46 395 6 7 0.02872762 
117 380 5 5 0.02872644 
308 436 6 6 0.028703516 
5 464 8 11 0.028692735 
742 384 6 6 0.028690225 
275 448 7 8 0.028681949 
315 434 6 7 0.028672146 
24 422 8 7 0.028654514 
286 347 3 4 0.028625794 
701 526 9 15 0.028604852 
234 564 10 15 0.028596878 
982 621 18 21 0.028570239 
359 372 4 5 0.028563637 
901 430 7 7 0.028542005 
381 451 7 10 0.028533489 
865 355 4 4 0.028521214 
310 402 5 6 0.028507177 
110 380 5 5 0.02850078 
972 464 9 13 0.02845013 
866 361 4 3 0.028446965 
832 430 6 6 0.02844349 
66 367 4 4 0.028421912 
165 447 8 9 0.028391736 
201 355 3 3 0.02838362 
418 410 5 6 0.02837295 
221 340 3 4 0.02837113 
240 568 10 17 0.02837044 
1004 507 8 12 0.028327923 
90 390 4 6 0.028289866 
251 347 4 4 0.028246982 
155 406 4 4 0.028240649 
391 398 4 5 0.028233461 
628 538 9 16 0.028212164 
149 392 4 4 0.028211456 
605 391 3 6 0.028187152 
23 334 4 6 0.028175943 
353 436 5 6 0.028120011 
393 374 3 4 0.028098455 
222 235 11 10 0.028074032 
793 417 5 5 0.028042758 
7 546 10 16 0.028037671 
510 558 9 19 0.028016211 
143 367 4 4 0.028004523 
756 535 13 15 0.027926734 
80 348 4 5 0.027866388 
347 379 4 5 0.027862983 
0 453 4 10 0.027852064 
340 385 5 5 0.027822167 
975 429 5 5 0.027740847 
566 330 29 41 0.027730674 
692 436 6 7 0.02771264 
795 393 4 4 0.02768547 
1041 460 11 15 0.027682569 
259 379 4 5 0.02767782 
341 541 11 16 0.02767059 
884 448 6 7 0.027668364 
59 385 5 5 0.027623657 
809 393 4 5 0.027609672 
1086 481 11 18 0.027584054 
930 368 4 4 0.027576704 
774 455 7 7 0.02757585 
851 423 6 6 0.02755607 
83 552 10 16 0.027548268 
1035 426 9 14 0.027525682 
930 510 11 12 0.02746534 
973 526 12 15 0.027447928 
341 399 5 4 0.027393952 
322 508 9 13 0.027376337 
807 450 6 6 0.02735901 
809 367 4 4 0.027350854 
860 540 9 14 0.027342044 
327 442 7 7 0.027337264 
1029 558 14 21 0.027332071 
539 387 5 4 0.027311279 
997 359 5 6 0.02725583 
840 368 3 4 0.02725013 
964 443 7 9 0.027243638 
430 405 5 5 0.027228715 
223 440 7 8 0.027215762 
310 356 3 3 0.027205693 
1022 608 18 26 0.027193623 
432 356 3 3 0.027193546 
463 359 3 5 0.027173245 
540 390 6 8 0.02716884 
68 496 12 15 0.027161142 
167 491 9 11 0.027150037 
96 473 8 10 0.027129855 
1052 432 6 10 0.02711406 
994 629 25 34 0.027042782 
1036 552 16 22 0.027032517 
380 429 5 6 0.02702003 
756 429 5 7 0.0270184 
1019 352 6 7 0.027017787 
175 600 12 18 0.027000723 
483 423 4 6 0.026976794 
329 365 4 5 0.026962373 
373 365 4 5 0.026956407 
31 663 25 25 0.026946736 
256 368 4 4 0.026936466 
787 474 7 7 0.02689834 
880 478 7 10 0.026896114 
132 499 12 14 0.026896039 
488 435 5 7 0.026878046 
949 530 12 16 0.026872622 
103 385 5 5 0.026871374 
961 564 14 18 0.02685527 
129 403 5 5 0.026851637 
467 378 4 6 0.02683225 
649 533 11 15 0.02679057 
117 424 5 5 0.02677737 
711 385 5 6 0.026765889 
122 373 5 5 0.02675526 
179 450 6 7 0.026748246 
53 591 19 28 0.026736388 
500 421 5 5 0.026733888 
60 348 4 4 0.026732817 
1049 591 14 22 0.026721023 
903 380 5 4 0.02671785 
203 447 8 8 0.026702572 
1058 463 8 13 0.026701318 
167 439 8 8 0.026674682 
455 480 6 10 0.026663208 
986 579 15 13 0.026656946 
696 434 7 9 0.02664203 
11 527 11 15 0.026638161 
50 435 8 7 0.026632603 
979 347 8 6 0.026618285 
957 441 6 6 0.026615279 
249 539 10 15 0.026610775 
854 362 3 3 0.026608398 
933 460 7 9 0.026603937 
438 355 3 3 0.026573215 
639 439 6 11 0.026562661 
779 480 7 9 0.026562216 
545 314 6 6 0.026545987 
254 453 9 9 0.02653013 
908 335 11 7 0.026507223 
544 458 7 14 0.026504233 
165 461 8 8 0.026488476 
124 542 14 13 0.02645467 
645 433 7 10 0.026420882 
359 411 5 5 0.026415143 
862 56 7 9 0.02641316 
782 410 5 5 0.02640667 
418 397 4 5 0.026391558 
969 568 18 22 0.02638507 
696 467 9 9 0.026356991 
301 409 6 5 0.026350891 
379 378 4 6 0.026345357 
646 397 6 8 0.026333278 
206 535 11 15 0.026330084 
315 392 4 5 0.026317155 
10 422 7 7 0.026315188 
288 490 8 10 0.026312292 
1050 580 14 21 0.026292643 
301 393 5 4 0.026288498 
195 592 12 16 0.026273215 
474 436 5 7 0.026251411 
354 412 5 4 0.026242528 
877 534 10 17 0.026176067 
141 409 5 6 0.026171364 
372 393 4 5 0.026152475 
801 391 5 5 0.026134988 
848 363 3 2 0.026124796 
928 441 7 8 0.026118528 
239 538 52 62 0.026115276 
944 398 4 5 0.026111938 
277 354 3 5 0.026071182 
155 392 5 4 0.026056815 
143 448 16 19 0.02604913 
896 456 7 9 0.026044466 
9 398 4 5 0.026034476 
115 391 5 6 0.026025482 
560 392 3 5 0.025999282 
545 375 4 5 0.025992427 
48 337 4 4 0.025989778 
127 497 8 11 0.025977783 
907 339 12 8 0.02596901 
939 518 12 14 0.025968583 
450 367 4 5 0.025951197 
258 336 4 5 0.025942616 
92 405 5 5 0.025912745 
310 379 3 4 0.02591091 
800 467 7 9 0.025910042 
978 429 7 6 0.025896022 
141 391 5 5 0.025890961 
922 391 5 4 0.02588905 
251 411 6 6 0.02587579 
916 535 10 13 0.0258745 
430 377 3 5 0.025866618 
489 441 4 8 0.025843993 
230 459 6 8 0.025835328 
718 453 19 20 0.02583493 
24 485 10 11 0.025810558 
46 294 5 6 0.025804037 
648 402 5 7 0.025795078 
696 547 13 15 0.025794027 
1012 423 8 8 0.025790948 
908 501 11 15 0.025777927 
305 497 7 11 0.025775295 
736 391 5 5 0.02575685 
35 458 10 10 0.025726367 
34 289 6 5 0.025713436 
42 635 18 25 0.025705323 
710 436 5 7 0.025700778 
789 486 6 8 0.025698293 
781 379 5 6 0.025695072 
227 349 4 4 0.025680369 
324 465 8 8 0.025665326 
1014 442 6 7 0.02565474 
72 367 4 4 0.025654545 
534 376 4 4 0.025653787 
54 624 19 25 0.025647402 
979 441 8 8 0.02563074 
979 362 5 4 0.025617516 
136 448 7 7 0.025592074 
239 392 4 5 0.025585415 
46 405 6 5 0.025583845 
371 461 7 8 0.025576537 
850 522 8 13 0.025556544 
72 360 4 5 0.025531145 
738 378 5 6 0.02553089 
809 382 5 6 0.02551684 
351 516 9 10 0.025499452 
232 542 13 17 0.025487682 
789 392 4 5 0.025470436 
105 589 11 17 0.025463125 
641 433 6 10 0.02546138 
351 474 7 6 0.02545519 
250 561 17 24 0.025449691 
279 553 9 16 0.025413392 
210 461 7 8 0.025410712 
1024 598 17 23 0.025408166 
828 368 3 4 0.02539627 
993 348 5 5 0.025391126 
386 379 3 4 0.025379028 
258 341 4 4 0.025359323 
242 519 10 14 0.025357885 
265 249 13 13 0.025355732 
714 587 18 28 0.02534643 
526 445 6 12 0.025344701 
7 373 4 5 0.025330504 
53 348 4 4 0.025322706 
483 340 3 5 0.025320157 
316 356 3 3 0.02531828 
296 410 6 5 0.02531197 
702 467 9 9 0.025302295 
428 442 6 8 0.02529285 
329 545 17 25 0.025287656 
15 479 7 10 0.025257926 
414 450 10 15 0.025233116 
722 533 17 20 0.025232827 
15 349 4 3 0.025229333 
752 497 10 10 0.025224023 
1027 588 15 21 0.025208745 
615 384 4 6 0.025201885 
666 416 6 7 0.025192 
676 542 16 25 0.025175449 
380 529 9 13 0.025166163 
346 412 5 4 0.025156464 
729 411 6 6 0.025146348 
394 353 3 4 0.025139067 
863 442 7 7 0.025125539 
371 377 5 6 0.025108539 
111 541 12 14 0.025107551 
335 558 16 26 0.02510534 
584 380 3 5 0.02507196 
351 484 7 9 0.025057327 
525 334 4 7 0.025057215 
612 381 3 4 0.025054468 
488 471 6 10 0.025050746 
58 396 5 6 0.02502466 
393 365 3 5 0.025010098 
656 415 5 6 0.024984248 
773 460 7 8 0.024976678 
891 397 5 5 0.024973422 
835 369 3 3 0.024970116 
1084 584 11 18 0.02494074 
237 442 7 7 0.024911232 
1057 450 8 12 0.024909673 
449 354 3 3 0.02489367 
110 391 5 7 0.024885017 
429 463 8 14 0.024883132 
735 514 10 14 0.024869304 
731 378 4 6 0.024830082 
516 390 4 6 0.024816044 
787 371 6 7 0.024815476 
429 399 4 5 0.024798881 
82 512 17 21 0.024798693 
1033 538 12 19 0.024798688 
163 579 15 26 0.024795925 
948 410 6 5 0.024793489 
73 410 5 6 0.024780603 
465 451 7 10 0.02477073 
244 386 5 4 0.02474692 
839 550 19 21 0.024728347 
917 362 4 4 0.024716336 
93 583 12 17 0.024711287 
111 396 5 6 0.024704076 
729 472 8 8 0.024698723 
1033 499 11 17 0.024692092 
271 339 4 5 0.024672009 
271 542 11 14 0.024667569 
352 404 5 4 0.024664247 
578 395 4 8 0.02465948 
981 583 21 23 0.024615146 
346 434 6 7 0.02461466 
112 447 8 8 0.024608167 
58 335 4 5 0.024588177 
870 453 7 7 0.024584746 
617 391 4 6 0.02457167 
358 454 34 40 0.024526555 
466 414 6 8 0.024520945 
257 354 4 5 0.024517672 
195 519 9 13 0.02451214 
727 478 10 10 0.024487086 
910 373 5 4 0.024481863 
889 578 19 27 0.024478829 
806 596 17 26 0.024473187 
265 348 4 4 0.024452409 
794 633 22 24 0.024447598 
245 361 4 4 0.024434304 
1018 429 17 20 0.024405804 
770 493 12 10 0.024382316 
864 229 6 11 0.02437502 
248 442 8 6 0.024339108 
1042 447 11 14 0.02432418 
72 385 5 4 0.02430146 
120 482 10 12 0.024297092 
750 379 5 5 0.024294594 
566 391 3 5 0.02425722 
425 397 4 6 0.024252007 
677 443 7 7 0.024244232 
905 525 10 16 0.024243452 
0 427 5 9 0.02422273 
314 424 5 6 0.024202103 
41 349 4 3 0.024199367 
711 428 5 7 0.02418426 
854 478 9 12 0.024178643 
340 449 6 6 0.024164563 
238 263 12 9 0.024141457 
863 453 7 7 0.024123086 
326 449 6 6 0.024121877 
303 361 3 3 0.024114674 
33 349 4 3 0.02409381 
277 249 12 12 0.024084963 
703 488 10 12 0.024065001 
739 491 12 11 0.024059335 
720 409 4 6 0.024044635 
330 355 3 4 0.024040481 
731 418 5 5 0.024035234 
168 393 4 4 0.02402337 
412 385 4 5 0.024001535 
1034 438 10 14 0.02400148 
941 629 22 23 0.023992756 
897 369 4 3 0.023971265 
99 391 5 6 0.023959855 
152 439 7 8 0.023946038 
244 418 6 5 0.023933835 
7 441 6 7 0.023922443 
799 490 8 12 0.023901027 
870 620 20 25 0.023891343 
740 472 9 9 0.02387765 
1041 473 11 16 0.023854895 
399 403 5 6 0.023846488 
744 392 7 7 0.023844691 
980 351 7 5 0.023838969 
119 496 10 14 0.0238176 
721 473 8 9 0.023816086 
241 181 12 13 0.02378882 
230 467 7 9 0.023780035 
1016 587 16 22 0.02376981 
124 600 13 18 0.023750715 
324 573 17 24 0.023742875 
762 397 5 6 0.023730509 
136 368 4 4 0.02372667 
746 490 11 10 0.02372371 
562 452 6 10 0.023716705 
840 535 11 15 0.023700625 
864 524 16 25 0.023686184 
254 162 12 15 0.023670647 
1033 509 11 18 0.023662942 
235 501 9 14 0.023629684 
546 512 6 10 0.023560785 
170 590 9 17 0.023541866 
496 540 18 33 0.023539899 
393 379 4 4 0.023535179 
218 567 16 23 0.023484627 
1056 414 5 8 0.023480166 
742 378 5 6 0.023476232 
437 373 4 4 0.023450328 
792 534 9 13 0.023443328 
781 384 5 6 0.023430144 
1019 522 7 11 0.023408653 
132 599 20 29 0.023406707 
126 465 8 9 0.023404887 
814 361 4 4 0.0233908 
163 526 11 13 0.02338883 
598 380 3 4 0.023381293 
-1 510 5 15 0.02335896 
999 574 14 15 0.02335624 
509 519 14 28 0.02335109 
233 369 20 24 0.023349203 
182 526 11 14 0.02334504 
269 397 6 5 0.023332639 
691 371 6 8 0.023294143 
1018 490 8 13 0.023292221 
986 483 8 13 0.023282109 
961 424 5 5 0.02325117 
531 427 5 9 0.023248356 
333 468 6 6 0.02324631 
980 423 6 5 0.023241848 
399 392 4 4 0.023228357 
134 492 9 12 0.023215331 
559 361 3 4 0.023212554 
86 566 14 18 0.023212481 
285 353 3 5 0.023198295 
862 255 9 15 0.023177512 
684 543 20 25 0.023160135 
675 479 9 10 0.023142138 
1020 448 15 22 0.023105036 
673 436 6 7 0.023084939 
47 349 4 3 0.023066213 
788 404 5 4 0.023063147 
1056 425 6 8 0.023059443 
779 519 9 14 0.02305609 
646 416 6 7 0.023038585 
425 404 4 6 0.0230185 
1018 547 17 24 0.02299291 
379 372 4 6 0.022991406 
843 526 8 14 0.022978965 
1038 542 14 21 0.022971237 
996 484 9 13 0.022961605 
185 480 7 9 0.0229538 
711 456 6 7 0.022946443 
859 183 4 10 0.022923306 
692 397 5 5 0.022897359 
248 655 19 27 0.022893082 
375 442 15 19 0.022891311 
367 366 4 4 0.0228708 
1020 392 16 20 0.02286949 
141 570 17 24 0.022864584 
792 502 8 10 0.022837726 
116 405 5 5 0.022797463 
230 392 5 5 0.022777298 
725 378 4 6 0.02274198 
190 540 12 17 0.022730898 
528 375 4 4 0.022725254 
156 356 3 4 0.022676513 
425 356 3 4 0.022669448 
160 418 5 5 0.022664376 
134 625 20 31 0.02262744 
69 385 16 19 0.022607539 
854 396 19 20 0.022603463 
25 438 9 10 0.02259177 
777 667 12 11 0.022582907 
734 422 39 47 0.022572992 
1013 359 5 5 0.022539252 
803 460 7 8 0.022528626 
859 58 5 8 0.022517344 
80 489 9 14 0.02251517 
845 640 20 27 0.022483656 
876 473 8 9 0.022477651 
434 458 8 15 0.022453783 
90 409 6 7 0.02245182 
697 370 6 7 0.022447377 
481 440 5 8 0.022435538 
203 460 8 9 0.022427088 
288 429 6 6 0.022423591 
793 372 5 6 0.022415992 
871 443 6 6 0.02238736 
34 575 16 25 0.022376487 
988 573 16 13 0.02237636 
204 570 12 16 0.022369945 
183 453 7 8 0.022364559 
1047 605 16 22 0.022359397 
-1 592 6 18 0.022358699 
199 398 5 5 0.022330511 
543 472 6 11 0.022317054 
102 466 8 10 0.022315731 
592 173 20 32 0.022302322 
1019 517 16 23 0.022298241 
78 367 5 5 0.022296825 
346 385 5 5 0.022272002 
10 354 3 4 0.022250673 
287 176 12 15 0.022235842 
237 404 5 5 0.02218815 
598 405 3 6 0.022187825 
399 367 3 4 0.022184053 
121 454 8 7 0.022167942 
352 505 8 10 0.0221616 
202 623 15 17 0.02215157 
97 355 5 4 0.022149596 
764 411 20 20 0.022134144 
1059 430 6 10 0.022126656 
265 358 27 34 0.022117713 
271 348 3 4 0.022117374 
371 417 6 6 0.02210417 
26 320 5 6 0.022075046 
621 455 7 13 0.022065936 
619 222 17 27 0.022042254 
398 459 7 11 0.022030035 
1018 460 8 12 0.022028932 
411 361 4 4 0.022012366 
630 377 4 5 0.022003904 
471 503 6 10 0.02200366 
372 437 5 5 0.021999687 
776 446 5 7 0.021964772 
700 503 11 12 0.02195329 
78 358 5 6 0.021947203 
84 398 5 6 0.021943312 
325 454 7 7 0.021934595 
585 363 3 6 0.021920051 
300 556 15 26 0.02190659 
804 591 13 16 0.021888822 
44 605 17 28 0.021888351 
416 384 4 5 0.021875778 
101 459 8 9 0.021833373 
315 411 5 5 0.021832222 
837 514 9 14 0.021828037 
66 396 5 6 0.021818288 
684 485 8 9 0.02180455 
991 509 9 12 0.021802375 
735 414 16 19 0.021782065 
65 409 5 6 0.021772213 
65 405 5 6 0.021770395 
747 581 8 13 0.021752723 
237 458 8 9 0.02173835 
279 195 14 12 0.02173641 
212 392 5 5 0.021734424 
244 410 6 6 0.021697713 
652 512 9 15 0.021676023 
296 349 3 4 0.021667598 
65 384 5 5 0.021655729 
401 434 7 9 0.021647524 
391 95 26 24 0.021634482 
195 349 3 4 0.021630485 
22 341 4 5 0.021626588 
124 460 9 9 0.021615535 
588 358 4 7 0.021606011 
224 560 9 16 0.021598171 
978 434 8 9 0.021582926 
71 464 9 10 0.0215651 
899 600 12 19 0.021539709 
129 391 4 5 0.021524683 
451 410 4 6 0.021508316 
264 634 21 25 0.021505225 
827 409 16 20 0.021493573 
225 368 4 4 0.021491956 
919 543 13 15 0.021477925 
143 400 4 4 0.021473464 
311 574 13 21 0.021462353 
11 504 9 11 0.021440484 
83 359 5 6 0.021437325 
124 355 4 4 0.02140209 
59 321 4 5 0.021375533 
1035 463 10 16 0.021359695 
61 489 11 13 0.021342563 
759 566 22 28 0.021340478 
494 446 5 8 0.021337677 
230 196 8 14 0.021335585 
72 404 6 6 0.021324849 
520 510 5 11 0.021317413 
462 449 6 8 0.021314083 
906 462 16 18 0.021270487 
815 533 10 16 0.021265356 
439 398 4 4 0.021260658 
864 224 5 9 0.021256108 
858 459 7 10 0.021226775 
893 513 11 15 0.021226687 
101 560 10 19 0.021222973 
942 392 4 5 0.021211397 
781 474 6 6 0.021205844 
98 340 4 5 0.021197373 
1001 448 17 19 0.021177098 
308 423 6 6 0.021173235 
397 465 9 10 0.021161133 
105 347 4 5 0.021152562 
988 521 12 14 0.021149058 
264 336 4 5 0.02112745 
532 495 6 12 0.021116082 
213 361 4 4 0.02109566 
103 524 13 16 0.021092115 
1021 404 16 20 0.02108857 
609 390 4 6 0.02108563 
142 349 4 4 0.021047648 
1036 476 10 16 0.02103405 
395 104 328 371 0.021030752 
250 404 6 5 0.021022955 
1058 476 8 13 0.021017706 
347 422 5 6 0.021015458 
310 429 5 6 0.021002674 
696 540 10 14 0.020995878 
243 369 21 23 0.020977769 
196 371 19 19 0.020973932 
663 538 10 15 0.020971565 
347 442 5 7 0.020968147 
793 473 7 8 0.020967804 
469 334 4 5 0.020932468 
122 410 5 5 0.020929253 
698 452 7 9 0.020929085 
436 442 6 9 0.020916846 
259 571 10 17 0.02089395 
756 397 5 6 0.020890819 
892 522 9 13 0.020864265 
742 458 8 10 0.020861432 
290 614 19 29 0.02086036 
975 416 5 5 0.020851757 
576 407 6 9 0.020849003 
758 466 9 10 0.020848006 
23 392 20 19 0.020847254 
643 398 4 7 0.02084551 
406 366 3 5 0.020839605 
401 402 15 21 0.020824714 
584 405 6 11 0.020813223 
34 608 18 26 0.020788068 
1040 484 12 17 0.02078771 
92 398 4 5 0.02076769 
493 429 5 7 0.020762004 
993 584 15 14 0.020743757 
698 398 5 5 0.020741008 
185 504 9 12 0.020734394 
1010 629 25 37 0.020728203 
603 380 3 4 0.02072478 
176 416 16 18 0.020718457 
897 91 5 6 0.020716218 
660 449 7 7 0.020709356 
802 398 4 5 0.020686118 
907 542 10 12 0.020681363 
342 367 3 5 0.02067494 
1007 397 20 21 0.020645838 
200 335 4 4 0.020636525 
305 598 19 33 0.020627128 
165 359 18 24 0.020620199 
1035 488 10 16 0.020588133 
488 562 14 21 0.02058571 
1029 573 14 21 0.020580307 
110 347 4 5 0.02057138 
103 395 5 7 0.020539168 
284 251 12 14 0.02050891 
326 422 18 19 0.02050584 
0 504 5 11 0.02050047 
688 492 9 11 0.020488111 
399 353 4 4 0.020470131 
739 570 11 14 0.020468047 
0 434 5 8 0.0204587 
801 623 19 24 0.020439439 
355 353 4 5 0.020437287 
216 495 9 14 0.020433154 
975 459 11 13 0.02042448 
226 341 4 4 0.020419184 
506 448 7 13 0.020400783 
474 440 5 8 0.020399906 
302 387 5 3 0.020398404 
783 436 17 19 0.020379698 
713 372 4 6 0.02037709 
113 459 9 9 0.020373683 
597 390 4 6 0.02037126 
875 663 26 25 0.02036719 
1002 651 21 28 0.020352911 
645 454 7 10 0.020352697 
33 514 10 11 0.020330327 
664 234 9 15 0.020320218 
415 410 14 20 0.020312516 
178 522 11 11 0.02027622 
258 582 10 17 0.020274037 
108 458 8 9 0.020274002 
90 341 4 4 0.02026657 
686 417 5 6 0.020264326 
660 460 15 18 0.020232521 
166 514 11 13 0.020223534 
489 524 18 32 0.020217078 
347 365 4 6 0.020201886 
111 342 4 4 0.020200083 
815 467 7 9 0.020188011 
129 429 6 6 0.020186653 
749 409 17 21 0.020178193 
878 362 4 3 0.020176224 
212 335 4 6 0.020173686 
689 484 7 9 0.020153735 
1035 451 10 15 0.020120429 
89 442 7 7 0.020114085 
427 172 7 11 0.020110277 
1015 485 15 24 0.020110153 
414 169 9 12 0.020107845 
467 392 5 6 0.020107156 
884 362 5 3 0.020098845 
984 377 21 19 0.020089667 
467 384 4 6 0.020087495 
153 428 7 8 0.020087011 
1 476 7 13 0.020079536 
541 321 5 7 0.020076156 
133 421 6 7 0.020074673 
610 404 4 6 0.020056276 
151 618 11 21 0.020048505 
110 585 15 23 0.020043643 
883 529 10 15 0.020043237 
143 433 6 8 0.020043029 
361 530 13 13 0.02002725 
55 477 10 11 0.020023713 
155 399 4 4 0.020009656 
229 580 20 23 0.020009574 
126 441 7 8 0.020003872 
