21_Festival_Festival_21_97
133
134 604 49 50 0.99934 
506 575 37 59 0.9986443 
263 610 43 54 0.9979225 
233 29 46 65 0.99640095 
817 528 51 41 0.28226495 
610 757 11 20 0.18663412 
378 92 81 110 0.15135394 
625 765 12 21 0.12393803 
631 713 8 12 0.08521611 
71 667 47 49 0.0779157 
849 665 69 153 0.06540331 
603 991 4 6 0.056965843 
614 757 14 27 0.049365006 
595 972 4 6 0.04829886 
589 952 6 8 0.04561325 
194 587 38 58 0.044263136 
513 993 7 10 0.044169568 
590 965 5 7 0.04293235 
16 493 9 13 0.04181543 
603 987 4 6 0.04180524 
849 551 40 54 0.040828623 
595 992 3 6 0.040799428 
827 922 48 116 0.040545173 
374 357 8 11 0.040055886 
626 769 17 33 0.03978797 
618 714 7 10 0.039258737 
573 752 9 14 0.03914133 
583 972 5 8 0.039096538 
589 946 5 7 0.038598895 
128 428 9 8 0.038401905 
178 549 76 86 0.038293514 
583 965 4 7 0.037508097 
595 954 6 7 0.035111036 
582 991 5 8 0.035083123 
589 979 4 6 0.03457901 
655 992 3 5 0.034437705 
582 997 4 7 0.033952236 
583 986 4 7 0.0334928 
654 985 4 7 0.03341638 
583 960 6 7 0.032824267 
610 979 4 7 0.032369338 
584 977 4 7 0.03160599 
663 960 5 7 0.03123538 
414 636 30 41 0.031219656 
590 972 4 7 0.031157907 
785 705 41 74 0.031155268 
591 991 4 8 0.030504985 
609 972 4 6 0.030318601 
807 577 45 63 0.030233959 
596 997 4 7 0.030033186 
854 741 19 34 0.029922009 
594 985 4 6 0.02987986 
575 966 4 8 0.029825667 
405 1010 4 6 0.028833082 
589 985 4 7 0.028772643 
656 740 10 16 0.028594125 
622 972 5 7 0.02810815 
603 972 5 7 0.027686305 
622 788 21 33 0.02704326 
664 742 9 16 0.026403995 
584 947 5 7 0.026402725 
583 1005 4 9 0.026392723 
119 433 23 22 0.026357219 
586 747 13 19 0.026311314 
359 355 6 10 0.026184341 
664 964 6 7 0.026098885 
456 734 8 10 0.025999503 
756 7 98 96 0.025930809 
437 231 11 14 0.02579996 
451 705 21 28 0.025360158 
583 953 6 7 0.02503127 
110 442 4 5 0.024777481 
661 953 4 7 0.024730837 
594 967 5 7 0.024727225 
777 215 131 308 0.024636388 
622 978 4 6 0.024624286 
636 973 4 7 0.024604114 
6 863 33 84 0.024534741 
577 989 4 9 0.024501061 
598 1010 4 7 0.024421759 
577 1005 4 7 0.024303429 
607 991 4 7 0.024074718 
129 424 6 6 0.023920706 
588 959 5 7 0.02352114 
623 986 4 6 0.023473687 
670 741 7 13 0.023260573 
673 967 4 6 0.023252854 
665 974 7 9 0.023213709 
590 928 5 6 0.022932319 
833 569 45 58 0.022680031 
575 971 5 8 0.022561548 
570 802 9 16 0.02247473 
640 940 7 9 0.022386389 
143 465 9 8 0.02234062 
595 978 4 8 0.022165257 
818 676 65 126 0.022084707 
226 493 12 10 0.022020092 
639 778 8 16 0.02195327 
941 696 23 26 0.021843784 
527 1010 5 6 0.021843607 
530 1010 5 7 0.02172813 
477 251 11 24 0.02159665 
613 979 4 7 0.02153464 
405 1006 4 5 0.021470457 
628 987 3 5 0.021387238 
695 220 121 282 0.021287352 
660 965 5 6 0.021266716 
332 325 69 87 0.021255163 
579 997 4 8 0.021245245 
568 947 6 7 0.0211203 
127 432 9 10 0.021100082 
663 846 17 36 0.02109477 
628 947 6 8 0.020949682 
275 144 26 43 0.020936951 
572 965 5 9 0.0209259 
602 941 5 6 0.020875439 
658 811 8 18 0.020741751 
363 356 6 9 0.02073539 
633 940 5 8 0.020677289 
639 286 88 171 0.02064461 
565 704 20 24 0.02058044 
552 1006 3 6 0.020573802 
274 485 6 7 0.020482635 
608 952 5 7 0.020459808 
648 999 3 6 0.020444991 
551 1010 4 6 0.020438265 
576 727 9 14 0.020401606 
572 970 5 9 0.020242922 
165 456 6 6 0.020227946 
646 980 4 6 0.020159759 
569 952 6 8 0.020146834 
648 1011 3 5 0.020129004 
632 742 6 10 0.02000957 
