21_Festival_Festival_21_785
108
330 423 271 342 0.9999342 
755 1298 11 18 0.1715869 
500 1271 13 13 0.15366678 
669 1253 6 9 0.1088951 
716 1243 7 11 0.10226139 
550 1275 8 10 0.09970658 
675 1254 6 9 0.0986742 
686 1255 7 9 0.087456755 
731 1221 8 12 0.078901015 
759 1330 13 22 0.0743646 
645 1282 7 11 0.073688716 
658 1278 7 11 0.07238744 
677 1245 5 7 0.07185877 
675 1261 7 10 0.07050053 
677 1284 6 9 0.06711779 
587 1270 8 11 0.0660281 
583 1271 7 10 0.06483802 
688 1260 6 8 0.06474053 
666 1306 8 14 0.064651676 
659 1274 6 8 0.062410228 
628 1262 7 9 0.05935859 
697 1302 8 12 0.056113146 
668 1282 6 10 0.05481472 
599 1284 7 9 0.05393058 
689 1274 6 8 0.053795107 
717 1236 6 8 0.050914086 
669 1261 6 9 0.04719902 
100 567 52 75 0.04717331 
695 1261 6 9 0.045549743 
571 1275 5 7 0.045384035 
666 1273 5 8 0.045001734 
646 1288 7 11 0.044785358 
669 1246 5 8 0.04422863 
601 1289 6 9 0.04181077 
753 1279 9 13 0.040708378 
685 1281 7 10 0.040564563 
751 1212 7 12 0.040437188 
686 1246 5 7 0.0376681 
628 1256 6 7 0.037419695 
739 1319 11 16 0.037064806 
707 1245 6 8 0.03698618 
677 1289 5 9 0.035738315 
732 1244 7 9 0.035606194 
734 1281 9 12 0.03496183 
530 1278 7 10 0.034524336 
697 1245 5 7 0.03430058 
714 1308 9 16 0.034149554 
670 1289 6 10 0.03407524 
659 1265 5 7 0.03368773 
695 1254 7 9 0.03268412 
703 1306 9 15 0.03258886 
623 1263 5 7 0.03209333 
702 1301 8 12 0.03140351 
630 1271 6 9 0.03137347 
500 1326 36 41 0.030886106 
728 1218 6 8 0.030560168 
639 1271 7 9 0.029901225 
721 1250 9 13 0.028949756 
659 1302 7 11 0.02807501 
722 1244 7 9 0.027987262 
592 1302 6 9 0.027937146 
589 1266 7 9 0.027816415 
677 1319 9 14 0.027474767 
748 1213 7 10 0.027410343 
676 1303 7 10 0.027277283 
561 1275 6 8 0.027209189 
660 1255 5 7 0.027160224 
677 1238 5 6 0.027005998 
800 1306 9 16 0.026935091 
770 1327 9 15 0.02683753 
781 1321 10 16 0.02681847 
508 1274 10 10 0.026722463 
660 1308 7 12 0.02667233 
656 1291 6 9 0.026268603 
571 1281 6 7 0.025890058 
724 1263 8 10 0.025847787 
686 1290 6 9 0.025663935 
617 1290 6 9 0.025538096 
669 1237 4 7 0.025202394 
724 1291 8 12 0.025002208 
707 1235 5 7 0.024957614 
754 1275 7 9 0.024826745 
523 1274 9 10 0.024719983 
640 1289 7 10 0.024717355 
610 1290 7 10 0.02465134 
693 1273 7 9 0.02452986 
620 1274 5 8 0.024511667 
559 1298 9 11 0.024340345 
687 1303 6 10 0.023042038 
116 799 108 241 0.023009324 
511 1279 9 9 0.022552079 
593 1309 8 9 0.022194128 
81 722 457 616 0.022074474 
646 1274 6 8 0.02200117 
725 1279 8 11 0.0219262 
590 1292 6 8 0.021920782 
667 1315 9 15 0.021611469 
629 1302 6 9 0.021549702 
734 1273 7 9 0.021539358 
724 1272 7 9 0.020797955 
591 1282 7 10 0.020750588 
698 1236 5 7 0.020622617 
676 1273 6 8 0.020612324 
546 1279 7 9 0.020572543 
620 1302 5 9 0.020513944 
623 1257 5 7 0.020445067 
705 1252 7 9 0.020357326 
659 1246 5 7 0.020119572 
