21_Festival_Festival_21_140
239
520 494 40 55 0.90908045 
431 459 21 30 0.79834837 
818 633 62 107 0.61620533 
1007 516 17 37 0.57039255 
347 480 24 25 0.4341495 
771 662 32 70 0.3578955 
949 447 11 19 0.32322356 
856 559 17 27 0.21582434 
628 668 13 24 0.18585505 
26 851 11 18 0.17379479 
362 479 16 22 0.1102585 
698 721 34 50 0.10373781 
781 654 54 95 0.09749243 
330 516 14 24 0.08563625 
432 469 28 43 0.084741764 
137 706 8 15 0.08365815 
438 521 28 47 0.082114495 
208 764 19 39 0.08121958 
119 733 8 13 0.077339225 
122 724 6 11 0.07474092 
159 741 7 14 0.07004235 
691 646 8 12 0.061801735 
617 641 21 43 0.061076608 
799 501 14 25 0.06023329 
342 535 50 76 0.060228307 
602 650 19 44 0.05948558 
143 706 9 15 0.05772567 
304 445 13 19 0.056545 
685 639 8 13 0.05539852 
95 732 8 13 0.05474406 
591 646 20 45 0.05365638 
102 696 9 16 0.051235147 
426 454 15 26 0.049820267 
430 418 17 22 0.0492816 
143 696 9 15 0.049234387 
405 1165 17 18 0.049077686 
390 581 13 23 0.04767105 
516 436 16 26 0.047239766 
124 732 10 16 0.047187526 
138 698 9 14 0.04692503 
46 373 17 21 0.04632149 
30 860 11 19 0.046014495 
162 767 7 14 0.045649074 
435 1217 59 61 0.044585004 
115 733 7 13 0.044033572 
61 885 8 14 0.04369074 
755 475 16 25 0.043154057 
424 421 14 19 0.043062646 
243 708 17 26 0.042645697 
41 849 12 20 0.042349443 
996 508 19 41 0.042329036 
157 748 7 12 0.042314716 
182 587 13 24 0.04199125 
78 552 7 13 0.04193426 
875 557 17 17 0.041711126 
459 421 15 23 0.041370627 
301 467 9 15 0.04072023 
659 638 8 14 0.040217564 
806 683 66 106 0.039695002 
391 412 9 8 0.03963931 
611 67 100 154 0.03903237 
983 460 20 37 0.038719602 
361 1166 14 18 0.038473777 
663 669 11 18 0.038262542 
153 706 8 14 0.038148113 
790 487 11 22 0.037900425 
280 825 11 17 0.03751787 
65 514 14 28 0.037104793 
703 591 8 16 0.03674891 
161 1059 11 22 0.036067706 
57 839 11 15 0.036046777 
176 1344 14 20 0.035641078 
58 561 12 22 0.035361182 
38 561 7 14 0.03530183 
662 643 10 15 0.035264235 
682 660 10 16 0.035256535 
586 641 13 33 0.034836907 
844 559 16 22 0.033584923 
664 655 9 13 0.03355492 
735 580 5 12 0.03324248 
45 610 7 16 0.03313314 
28 907 15 21 0.033002373 
612 641 13 31 0.032966457 
9 835 8 14 0.032433577 
339 894 24 31 0.032305915 
128 668 389 578 0.03216698 
136 789 10 20 0.03213043 
745 559 8 15 0.031136658 
299 439 10 17 0.031076903 
797 552 15 25 0.030941913 
502 495 26 41 0.030901734 
920 504 37 65 0.030675618 
288 799 11 20 0.03055454 
113 739 9 15 0.030484024 
74 581 10 19 0.030358817 
329 841 16 29 0.030341825 
391 416 10 11 0.030333547 
104 424 28 40 0.029754546 
263 848 12 20 0.029383175 
289 869 10 16 0.029337509 
803 466 9 12 0.028976025 
66 883 12 20 0.02887897 
599 532 10 21 0.028878754 
166 849 13 26 0.028852297 
982 504 19 42 0.028842723 
765 472 13 22 0.028520295 
484 1187 16 19 0.028400503 
346 472 46 60 0.028388599 
77 561 7 13 0.028272752 
298 528 8 14 0.028222738 
240 688 26 37 0.02808093 
125 347 12 19 0.027858488 
119 366 21 41 0.027770935 
40 652 15 25 0.027631328 
908 570 20 25 0.027580207 
726 679 11 15 0.02749935 
862 549 26 30 0.027440166 
157 734 6 11 0.02735406 
419 423 11 15 0.027279867 
192 770 29 48 0.027198644 
674 668 10 19 0.027168665 
466 441 22 39 0.0270794 
789 484 21 39 0.027020061 
651 635 7 14 0.027000023 
379 1156 16 16 0.026789289 
577 624 10 22 0.026760884 
69 500 10 16 0.026733888 
582 503 7 12 0.02645004 
337 523 15 26 0.026449015 
632 565 10 22 0.026406983 
84 715 8 14 0.026376469 
628 640 13 26 0.02598962 
263 379 13 26 0.025876582 
47 513 10 18 0.025853269 
592 847 78 102 0.025807356 
290 441 8 13 0.025767883 
287 840 12 18 0.025616335 
315 442 10 17 0.025536401 
726 425 10 15 0.025460877 
964 455 12 20 0.02536814 
475 420 13 20 0.025367325 
177 733 13 19 0.025345514 
674 654 9 15 0.02524971 
425 428 26 35 0.025225585 
373 424 10 11 0.02515978 
215 785 81 132 0.025148185 
769 572 10 21 0.025127728 
947 444 19 36 0.024974506 
977 455 13 22 0.024864785 
935 535 14 25 0.024837147 
680 669 11 19 0.024792245 
616 48 68 84 0.024725214 
300 457 11 16 0.024673466 
299 841 10 17 0.024603622 
552 508 10 21 0.02439587 
498 475 19 29 0.024393117 
588 670 13 28 0.024364267 
428 488 41 59 0.02430967 
765 611 11 25 0.024305975 
743 544 7 13 0.02425352 
366 423 10 11 0.024209706 
18 884 9 17 0.024082694 
699 474 9 15 0.02397139 
458 429 23 35 0.0238955 
182 632 14 24 0.023817658 
340 474 13 20 0.023814926 
606 641 11 28 0.023737334 
136 687 20 33 0.02367269 
505 421 40 56 0.023635658 
658 669 10 19 0.023600304 
37 552 7 14 0.023590049 
676 435 19 23 0.023461496 
849 553 20 22 0.02319297 
479 506 40 53 0.023178296 
21 957 14 25 0.023139102 
608 622 8 16 0.023096114 
937 466 10 19 0.023004843 
235 735 12 18 0.022946484 
381 568 24 41 0.022929098 
116 745 11 17 0.022898585 
257 801 10 18 0.02269634 
275 782 8 16 0.022681953 
49 543 9 18 0.022624437 
93 544 7 14 0.022579387 
691 652 9 15 0.02251301 
965 543 9 18 0.022469303 
26 578 7 13 0.022430606 
189 576 22 36 0.022320066 
376 850 9 15 0.022283616 
805 552 16 26 0.022277813 
218 764 11 20 0.022256656 
455 528 36 47 0.022244778 
514 520 35 50 0.022230439 
625 526 8 17 0.022188947 
196 688 12 16 0.022089876 
401 509 38 59 0.022071008 
150 696 11 17 0.02195266 
289 509 9 15 0.021932527 
1013 508 12 29 0.02174423 
969 459 26 50 0.021652468 
174 524 15 25 0.021610426 
160 733 7 14 0.021588303 
87 417 28 34 0.02149027 
394 1153 19 20 0.021281214 
688 601 7 16 0.021235636 
87 545 9 15 0.021201516 
985 551 23 44 0.021160845 
36 587 7 15 0.021135073 
340 1159 28 29 0.02111143 
365 522 42 64 0.021100128 
596 505 9 14 0.021033444 
899 462 8 10 0.02102751 
235 1423 24 37 0.021018263 
976 438 12 17 0.020978475 
26 535 7 13 0.020960798 
335 583 28 48 0.020895652 
60 553 10 18 0.020825205 
960 451 22 40 0.020768996 
663 685 12 22 0.020736089 
19 533 7 14 0.020708213 
111 745 9 16 0.020681605 
952 465 13 25 0.020680293 
438 425 14 22 0.020652352 
630 530 10 21 0.020646237 
117 724 20 32 0.020627115 
883 553 15 17 0.020593354 
176 574 14 22 0.02059123 
24 898 13 22 0.020560019 
742 475 9 16 0.020529721 
866 547 44 55 0.020492349 
865 583 27 38 0.020408126 
9 945 12 21 0.020356132 
446 415 21 32 0.020321015 
704 574 7 16 0.020292586 
116 625 15 22 0.020143501 
686 596 7 14 0.020131266 
247 448 11 16 0.020061811 
299 522 8 13 0.020037869 
105 543 8 13 0.02000929 
