21_Festival_Festival_21_331
109
351 289 47 63 0.9996395 
153 401 92 108 0.9996117 
59 365 43 46 0.9995364 
743 220 61 74 0.9977824 
159 282 23 22 0.99774724 
236 275 33 36 0.9970565 
141 318 29 31 0.995827 
661 277 49 50 0.98768485 
259 271 41 37 0.97278225 
518 295 32 34 0.9530484 
300 388 45 53 0.9498543 
461 270 14 14 0.8706661 
890 239 22 39 0.8172907 
689 288 47 54 0.5768556 
991 276 33 29 0.5352993 
492 292 23 22 0.4958638 
468 318 23 23 0.45501032 
0 283 34 69 0.24056195 
619 323 26 27 0.22645582 
872 231 31 52 0.2232545 
699 264 47 49 0.21315682 
349 446 53 50 0.19549382 
527 264 26 22 0.18966168 
-4 293 20 43 0.18826523 
866 338 23 27 0.18029259 
614 334 24 26 0.17916712 
471 276 25 20 0.17018798 
853 224 35 57 0.1534009 
622 371 38 46 0.13593625 
494 305 25 30 0.12805128 
577 271 8 11 0.11626484 
724 291 30 48 0.11592632 
489 269 26 23 0.11014661 
377 133 38 44 0.10546795 
633 205 37 51 0.0791491 
270 429 28 39 0.07504145 
630 355 26 25 0.07289612 
620 299 37 45 0.069049425 
1003 269 48 57 0.06487468 
69 84 51 50 0.06424476 
879 302 23 26 0.06348313 
0 626 56 129 0.06333846 
644 288 38 42 0.06290711 
642 284 19 30 0.058264125 
423 301 21 35 0.058263857 
276 408 43 54 0.052433234 
722 243 45 49 0.05047144 
213 328 28 35 0.04954683 
651 277 26 31 0.048741333 
623 344 26 28 0.048517633 
129 444 27 32 0.047538184 
616 399 26 30 0.0445366 
632 320 15 16 0.042159293 
267 291 35 34 0.039973173 
209 239 19 23 0.039373998 
732 216 24 36 0.038405403 
480 327 16 16 0.037786074 
480 306 24 21 0.03624421 
901 243 21 30 0.03508957 
612 334 13 16 0.033892043 
503 319 13 18 0.033796642 
929 269 13 17 0.032302942 
452 267 15 13 0.032248806 
489 318 24 28 0.03181219 
848 218 26 35 0.030800465 
230 269 14 16 0.030696172 
1004 283 17 16 0.030515388 
113 359 43 54 0.030514585 
1076 298 15 25 0.030393638 
443 302 12 14 0.029999511 
92 349 44 49 0.029539863 
439 266 23 20 0.028779987 
986 235 21 18 0.028003171 
546 269 13 14 0.027740905 
467 302 11 14 0.0274563 
650 447 21 28 0.027212366 
955 279 19 29 0.026586788 
466 325 40 40 0.026106024 
370 313 40 51 0.025937544 
1084 278 11 19 0.025582276 
998 201 14 13 0.025555287 
1013 520 17 32 0.025442896 
475 265 26 22 0.025148826 
463 281 14 13 0.024838656 
457 284 14 14 0.024835248 
613 312 23 27 0.024651164 
625 267 38 50 0.02461339 
1087 251 11 20 0.024144514 
573 268 15 22 0.024099581 
566 259 8 10 0.023484373 
565 285 21 28 0.023468 
913 243 18 28 0.023285247 
324 265 31 42 0.022717005 
225 272 23 26 0.022365963 
806 369 48 50 0.022323089 
212 481 27 38 0.022280814 
1031 271 29 37 0.022171704 
636 367 26 24 0.022135496 
490 267 14 12 0.02202553 
-6 255 69 117 0.021810882 
1007 269 26 27 0.02172028 
402 282 35 43 0.021580601 
884 251 36 53 0.020841824 
522 268 15 10 0.020778226 
1065 312 21 32 0.020654311 
423 287 20 21 0.020617256 
862 198 29 23 0.020497747 
132 337 46 53 0.020427532 
966 310 48 52 0.020178067 
