21_Festival_Festival_21_585
421
120 332 26 31 0.9850226 
252 339 19 27 0.97161746 
200 316 17 21 0.9543934 
182 337 20 26 0.91961867 
23 236 10 15 0.8964364 
55 350 22 23 0.8772152 
214 291 14 18 0.872285 
113 286 18 17 0.8038128 
26 258 14 18 0.761155 
291 242 12 18 0.748186 
66 230 10 12 0.74701804 
266 261 13 21 0.72810674 
59 257 14 16 0.63514984 
51 235 10 15 0.61069494 
51 205 8 13 0.5908911 
128 203 8 13 0.5851922 
92 198 9 12 0.5813815 
78 286 12 15 0.55036575 
16 302 17 19 0.5186494 
130 283 15 14 0.4983221 
153 192 9 12 0.49485573 
197 193 8 10 0.49308124 
8 207 9 13 0.49098107 
93 258 12 13 0.47541773 
111 238 11 12 0.47040135 
47 288 13 16 0.4672181 
823 436 52 91 0.46203172 
33 207 9 14 0.4583835 
198 243 12 17 0.4572113 
19 322 19 26 0.41988793 
309 276 17 24 0.40869868 
123 303 18 20 0.39662895 
173 189 9 11 0.36919284 
142 262 12 14 0.33743045 
122 161 8 12 0.33242267 
76 221 10 10 0.32425812 
753 192 47 97 0.297269 
103 255 14 12 0.28931737 
251 585 61 57 0.27202082 
80 243 10 13 0.25169063 
250 308 20 25 0.25079295 
191 169 7 10 0.2502554 
374 123 41 67 0.23832053 
116 198 7 11 0.23694412 
339 520 12 13 0.23369867 
165 180 7 9 0.22888589 
566 56 36 28 0.22785074 
0 276 13 27 0.22400293 
158 241 10 13 0.20504816 
180 255 12 15 0.20501067 
308 323 15 18 0.1962977 
124 248 10 12 0.18001221 
443 542 10 14 0.17795861 
30 182 7 11 0.17111959 
73 201 9 10 0.16627294 
175 228 11 14 0.16058691 
208 373 14 19 0.14839868 
163 213 10 13 0.1480179 
546 577 11 13 0.14466645 
0 347 15 28 0.14214036 
101 212 8 11 0.1409226 
60 280 12 14 0.14017688 
95 230 11 12 0.1367296 
109 210 7 12 0.12613513 
206 187 6 9 0.1238289 
111 266 14 14 0.11870563 
57 313 15 23 0.1169225 
91 167 7 11 0.11410804 
35 198 9 13 0.110665806 
322 527 13 16 0.108636536 
186 169 7 9 0.10781099 
221 240 11 15 0.10534689 
73 169 5 9 0.10077841 
76 169 7 10 0.10013072 
287 528 19 21 0.09963131 
505 494 9 12 0.09962587 
206 182 6 9 0.093807615 
165 254 11 13 0.09342586 
100 239 10 10 0.09310071 
21 354 15 19 0.09211625 
119 193 8 13 0.08928905 
26 194 7 11 0.08705638 
83 212 8 9 0.0854161 
563 553 8 8 0.08536889 
127 175 7 11 0.08514969 
231 183 6 7 0.08317351 
140 245 12 12 0.080437094 
188 318 23 23 0.079309985 
544 574 9 9 0.07904169 
51 160 6 10 0.0774011 
66 276 11 13 0.07716037 
204 176 6 8 0.07712273 
114 205 8 12 0.076970905 
94 162 7 10 0.07658517 
141 199 8 10 0.074982524 
148 230 11 12 0.07047295 
276 525 21 22 0.069878526 
231 187 6 8 0.06947294 
0 391 14 29 0.06922714 
347 494 12 11 0.069205 
171 170 6 6 0.06904043 
97 143 6 9 0.06856158 
172 174 7 9 0.068069644 
212 163 5 6 0.06691163 
227 241 11 15 0.066046305 
602 53 27 26 0.06597939 
61 185 8 12 0.0656297 
37 167 6 11 0.065589696 
118 291 19 19 0.06548649 
81 169 7 10 0.063377015 
167 164 6 7 0.062244833 
188 392 35 49 0.0619667 
206 458 20 22 0.061581668 
21 463 13 17 0.061251763 
624 361 21 22 0.059712663 
57 154 6 10 0.0585102 
316 267 17 26 0.058339495 
262 228 10 14 0.05698852 
161 176 6 9 0.056437116 
776 -195 303 366 0.056122698 
90 172 7 11 0.055561673 
77 238 10 11 0.05396947 
811 344 30 23 0.05384131 
251 277 12 18 0.053690784 
200 161 6 9 0.05338536 
550 581 10 14 0.0529338 
270 527 13 17 0.052875612 
180 183 7 8 0.052761447 
77 157 5 9 0.052290168 
342 380 15 15 0.05157013 
104 261 16 14 0.051206756 
550 558 8 9 0.05101 
203 162 7 8 0.05093762 
202 194 7 8 0.050809506 
837 550 94 88 0.05061635 
355 518 12 12 0.04990894 
589 515 6 9 0.049665507 
449 517 8 14 0.04952279 
94 173 7 11 0.04933226 
87 217 10 11 0.049176842 
250 189 6 8 0.049129006 
77 295 15 17 0.04863811 
41 142 5 9 0.04858649 
198 181 6 8 0.04850291 
541 548 8 9 0.04818417 
896 264 22 29 0.04770495 
124 166 8 11 0.04768392 
103 169 6 10 0.047509156 
1007 383 18 28 0.047183838 
19 187 6 11 0.04650575 
88 205 10 10 0.046254653 
211 174 7 8 0.045946248 
53 361 24 28 0.043852624 
74 231 10 12 0.043811787 
232 176 5 7 0.04301922 
24 175 7 9 0.04282428 
512 615 12 13 0.042615917 
226 158 4 5 0.04260791 
143 162 6 9 0.04239359 
361 519 15 12 0.042054027 
378 82 32 54 0.042052638 
189 344 21 28 0.041964848 
62 234 11 14 0.04193597 
594 581 9 14 0.04188662 
237 176 6 7 0.041641522 
74 315 12 19 0.041512236 
108 232 10 11 0.04130915 
32 193 7 12 0.04120921 
244 177 5 6 0.041195154 
113 312 22 24 0.040817127 
210 186 6 9 0.040258996 
124 254 11 14 0.03988261 
193 181 6 8 0.039838485 
992 343 12 18 0.039415535 
135 307 14 19 0.038897898 
563 557 9 10 0.03878155 
577 78 47 63 0.03872574 
49 225 9 15 0.038378987 
44 185 7 11 0.038280543 
467 581 10 12 0.03821791 
192 163 6 9 0.038189914 
116 130 5 8 0.03797203 
244 182 5 7 0.03772063 
165 185 9 12 0.037607756 
133 179 7 10 0.03749544 
146 180 7 9 0.037446566 
566 537 8 13 0.03721733 
176 197 9 13 0.037168976 
194 189 6 8 0.03713114 
266 421 22 28 0.03711166 
181 187 9 10 0.036801383 
97 147 6 11 0.036751486 
199 177 6 7 0.036323257 
244 188 6 8 0.036052525 
83 143 6 9 0.036029067 
76 143 7 10 0.035632122 
430 537 10 12 0.035478972 
59 307 13 16 0.03538644 
153 163 7 8 0.035255402 
121 188 7 11 0.035216644 
191 242 11 17 0.035148136 
581 506 7 8 0.03514279 
229 193 6 8 0.03504775 
233 245 11 17 0.035012104 
54 209 9 13 0.034192886 
237 183 5 7 0.034045864 
37 172 7 13 0.033851504 
573 565 10 14 0.03363192 
163 322 17 23 0.033514004 
181 170 6 7 0.033394273 
205 169 6 8 0.033392422 
200 158 5 7 0.033382952 
568 494 7 8 0.033378508 
247 414 23 21 0.033317864 
105 318 21 25 0.03304261 
143 303 16 23 0.03289144 
255 189 6 8 0.03281756 
555 502 6 8 0.03268833 
548 563 9 11 0.03264038 
205 378 21 35 0.032261606 
225 163 5 6 0.032172658 
217 189 6 8 0.032147795 
483 218 13 17 0.032122232 
0 341 7 18 0.03201068 
457 418 10 10 0.031942997 
305 172 7 12 0.03158779 
37 180 7 12 0.031515922 
84 291 13 16 0.031226711 
64 155 6 10 0.031194702 
74 277 10 13 0.031168006 
212 158 5 6 0.030940693 
95 213 10 10 0.03085989 
258 181 6 7 0.030694066 
161 163 5 8 0.030573716 
233 236 12 15 0.03042694 
636 414 19 36 0.030292515 
336 498 48 42 0.0302838 
118 219 10 13 0.030270288 
204 158 5 7 0.030241437 
253 510 11 14 0.029777247 
155 197 10 12 0.029479899 
95 8 6 12 0.029422803 
474 540 6 9 0.029365586 
41 139 4 7 0.029174868 
171 244 10 13 0.02911288 
103 138 6 7 0.02878312 
469 476 10 12 0.028751906 
353 505 14 13 0.02849027 
67 312 13 19 0.028472183 
-1 257 5 15 0.028290756 
114 155 7 9 0.028179498 
188 164 5 8 0.028162897 
193 157 5 7 0.028162774 
234 500 12 14 0.028062053 
416 395 8 8 0.027753567 
212 169 5 8 0.027666831 
549 513 5 8 0.027654853 
218 164 5 6 0.027477134 
122 172 8 12 0.027432041 
52 149 6 10 0.027380235 
577 505 7 9 0.027318722 
64 148 6 10 0.02729346 
120 204 8 13 0.027232116 
575 0 231 368 0.027217267 
64 144 6 8 0.027213605 
233 387 20 23 0.02721194 
439 526 8 10 0.0270818 
485 454 10 13 0.027061492 
307 524 11 14 0.027024375 
628 247 35 65 0.02674097 
147 194 8 10 0.026646657 
142 180 6 9 0.026514819 
461 582 8 11 0.026462268 
113 150 7 9 0.026445204 
557 570 9 10 0.026390573 
147 157 6 7 0.02636237 
554 528 6 8 0.02630113 
225 169 6 7 0.026241114 
203 445 11 13 0.026149496 
480 487 8 12 0.026116142 
101 142 7 9 0.026027175 
331 544 13 13 0.025957827 
53 283 18 19 0.02593777 
178 175 7 8 0.02593128 
722 150 67 110 0.025859883 
405 176 19 26 0.025838578 
260 254 11 18 0.025828043 
289 187 7 9 0.025753757 
107 242 12 13 0.025743488 
87 250 10 12 0.025702473 
108 168 7 10 0.025656233 
226 176 5 7 0.025535237 
63 161 7 11 0.025489459 
257 449 15 17 0.025448442 
50 291 18 21 0.025412139 
570 506 6 9 0.025411136 
46 309 16 23 0.025374584 
250 175 5 7 0.025266455 
160 169 5 7 0.025226707 
579 575 9 13 0.025170388 
289 194 8 11 0.025096193 
93 262 20 19 0.025046308 
155 176 6 8 0.025038682 
41 307 14 17 0.025022322 
109 249 13 13 0.025018651 
257 176 5 7 0.024977468 
143 236 11 12 0.02487161 
84 148 6 10 0.02484648 
110 150 6 10 0.024775306 
500 181 7 12 0.024757555 
562 545 9 12 0.024709202 
126 185 8 12 0.024678865 
157 233 10 12 0.024621366 
705 105 126 209 0.02460012 
13 238 7 12 0.024569111 
40 148 5 10 0.024567591 
236 187 6 8 0.024535604 
266 250 13 17 0.024335241 
417 458 15 13 0.024327021 
589 584 8 12 0.02422438 
553 532 8 10 0.024163231 
204 461 11 15 0.024095878 
197 231 10 13 0.024048695 
541 275 33 54 0.023863113 
231 163 5 6 0.023843583 
552 269 19 27 0.02374505 
155 269 11 15 0.023696061 
171 252 14 19 0.02363601 
243 192 7 9 0.023621751 
47 155 5 11 0.023557594 
559 51 13 17 0.023439713 
71 143 7 10 0.023363028 
274 181 6 8 0.02333813 
589 399 30 43 0.023299616 
56 160 8 11 0.023241196 
286 237 11 17 0.023205876 
115 161 7 10 0.02317252 
850 428 40 72 0.02313769 
290 539 15 15 0.023091761 
524 442 9 10 0.023056654 
1 230 6 13 0.023033112 
33 167 7 11 0.02281792 
481 502 9 9 0.022804027 
452 497 11 12 0.022775335 
97 138 5 7 0.022668496 
569 569 10 15 0.022659153 
253 263 17 24 0.022476533 
323 267 9 11 0.0224498 
152 237 11 12 0.022434453 
78 139 5 7 0.022412514 
252 162 4 6 0.02236729 
466 385 8 9 0.022349698 
589 503 5 7 0.022344518 
521 456 8 12 0.022278162 
564 596 13 13 0.022263281 
34 151 4 6 0.022200558 
129 320 22 31 0.022174066 
7 353 16 28 0.022024427 
218 183 6 7 0.022009725 
145 529 348 358 0.021989077 
226 183 5 6 0.02195885 
562 520 7 9 0.021914193 
4 212 12 17 0.021842167 
283 181 5 6 0.02182925 
358 70 33 56 0.021766948 
170 182 9 9 0.021756994 
397 395 7 6 0.021723071 
201 249 12 19 0.021716166 
199 358 20 28 0.021695638 
231 170 5 7 0.021686474 
589 56 17 17 0.021657435 
367 501 11 9 0.021616189 
63 219 8 10 0.021607045 
206 242 9 16 0.021559145 
270 196 6 8 0.021499306 
67 300 14 14 0.021488637 
148 187 7 9 0.021488387 
304 246 11 15 0.02145422 
435 494 9 12 0.021427168 
597 571 17 25 0.021404844 
114 224 11 12 0.02140195 
141 231 10 12 0.021359859 
556 552 8 9 0.021231988 
258 319 19 24 0.021177135 
216 174 6 8 0.021174934 
192 339 15 18 0.021169214 
486 464 9 15 0.02115413 
582 582 8 13 0.02107689 
48 218 9 13 0.021068318 
448 577 7 10 0.02103839 
158 208 9 12 0.020992024 
123 118 4 7 0.020982394 
23 226 10 16 0.02094507 
0 210 6 13 0.02093847 
71 257 11 13 0.020930424 
236 170 6 7 0.0209303 
27 91 59 82 0.020904936 
75 147 7 11 0.020877294 
627 93 33 53 0.020852434 
161 157 5 6 0.02084197 
498 520 8 10 0.020813594 
69 211 9 11 0.020740958 
392 521 12 15 0.020738663 
699 230 37 69 0.020610875 
335 320 11 19 0.020401014 
171 164 6 7 0.02037609 
414 545 11 13 0.020330986 
248 183 5 6 0.020323807 
87 266 11 15 0.020307109 
88 148 7 10 0.020300953 
9 249 11 17 0.02024517 
96 243 10 11 0.020226656 
362 415 28 18 0.02020165 
37 229 8 15 0.020149017 
212 343 14 18 0.020145498 
132 257 10 13 0.020133408 
476 534 8 9 0.020123042 
271 336 14 21 0.02011226 
248 287 18 24 0.020097973 
587 381 24 31 0.020071357 
182 210 10 12 0.020028982 
