21_Festival_Festival_21_936
24
381 214 289 385 0.999833 
251 276 102 201 0.99703646 
881 98 120 248 0.24756026 
37 167 138 192 0.24357846 
281 950 598 768 0.12973386 
706 390 194 298 0.12651066 
463 313 434 620 0.11196537 
805 190 28 45 0.07602686 
231 153 25 35 0.074030004 
788 229 20 23 0.064039655 
796 625 15 25 0.061135005 
137 312 100 163 0.05855775 
818 609 29 47 0.050814703 
194 305 104 180 0.039020203 
286 257 168 265 0.030784015 
148 153 31 29 0.030341221 
28 600 65 131 0.029335221 
951 196 67 158 0.027195016 
715 357 146 152 0.027002001 
214 1355 235 185 0.02304948 
970 720 25 48 0.021577932 
189 87 26 35 0.021575756 
117 175 169 282 0.021563523 
117 344 64 78 0.021016331 
