21_Festival_Festival_21_601
93
932 319 24 31 0.99974495 
403 348 26 30 0.99697256 
304 332 27 27 0.9968348 
872 335 16 25 0.99510324 
512 365 16 23 0.9382268 
644 349 16 25 0.9303137 
17 329 15 22 0.5531692 
771 335 18 24 0.54563695 
534 259 28 27 0.4286626 
308 246 17 24 0.28878057 
35 335 9 16 0.26518276 
775 229 34 38 0.2298826 
105 693 30 36 0.14293334 
527 266 23 27 0.1422615 
402 399 21 20 0.105189435 
497 397 16 21 0.09191729 
570 714 41 40 0.08923311 
646 326 9 17 0.088903785 
666 704 39 40 0.08124552 
664 309 9 18 0.064663984 
306 233 6 10 0.06421779 
641 321 8 14 0.06371131 
247 73 30 31 0.0600376 
186 693 37 46 0.05776576 
442 73 38 52 0.045626476 
751 320 34 42 0.04523421 
180 692 6 6 0.04376683 
783 236 16 18 0.042705975 
623 320 9 14 0.040201824 
782 339 12 18 0.039404992 
928 410 41 28 0.037357602 
622 683 40 52 0.037122097 
657 360 9 15 0.036810443 
790 366 17 33 0.036125205 
777 318 14 11 0.035198946 
400 404 12 14 0.035075366 
1000 81 13 20 0.034910467 
0 366 7 19 0.034582008 
771 319 22 25 0.03425474 
105 681 10 11 0.03392609 
629 341 9 16 0.033357993 
755 345 31 56 0.0326313 
329 352 9 17 0.031982057 
678 107 99 102 0.031148162 
180 695 6 7 0.030951507 
789 335 18 27 0.02975593 
655 687 40 44 0.029416967 
101 706 28 52 0.028605534 
429 730 4 6 0.028172553 
387 392 24 26 0.027681729 
866 320 16 27 0.027556755 
778 368 20 34 0.027025087 
93 713 8 12 0.026652116 
664 318 10 17 0.02638616 
204 696 38 54 0.025476983 
469 73 9 12 0.025335869 
191 690 7 6 0.024966056 
740 381 18 36 0.024617221 
171 678 7 6 0.024528781 
306 239 8 15 0.024377175 
552 268 15 17 0.024328088 
112 674 15 11 0.024273736 
423 731 4 5 0.02400846 
123 675 16 11 0.023991572 
310 260 14 17 0.023685882 
626 25 45 53 0.023464907 
372 718 3 4 0.023224384 
373 725 3 4 0.02314597 
721 349 21 40 0.02304295 
918 701 102 98 0.02281532 
398 725 4 4 0.022639157 
392 713 3 3 0.02245458 
187 408 26 21 0.022356588 
411 724 4 5 0.022324026 
417 725 3 4 0.02227043 
437 724 4 5 0.021999054 
932 380 46 45 0.02196998 
687 727 15 14 0.021840386 
417 731 4 4 0.02133893 
1004 383 46 98 0.021313062 
300 229 17 28 0.02087825 
349 463 10 9 0.02081226 
785 229 11 14 0.020791229 
438 729 4 5 0.02071022 
429 724 5 5 0.020704018 
371 713 3 3 0.020625023 
771 254 28 26 0.020486545 
500 699 4 4 0.020385897 
429 718 4 4 0.020267533 
448 48 73 93 0.020262249 
171 20 7 9 0.020255174 
367 712 4 4 0.02013032 
1028 371 32 66 0.02000538 
