21_Festival_Festival_21_373
259
76 185 39 48 0.99935895 
398 203 22 26 0.9977621 
872 181 17 21 0.97984856 
833 171 18 21 0.97611225 
605 214 12 16 0.95741415 
934 167 18 23 0.95190644 
597 269 26 30 0.9128151 
395 246 34 31 0.8621396 
747 190 8 13 0.6482721 
727 188 7 10 0.6220519 
860 219 21 20 0.610661 
492 243 20 21 0.5989399 
552 221 11 17 0.5879218 
807 244 19 26 0.5762793 
648 212 12 21 0.5164786 
692 198 7 10 0.45088798 
492 253 20 29 0.44670314 
684 221 11 15 0.43701077 
543 204 11 13 0.375172 
800 190 11 16 0.37481928 
528 221 10 16 0.2587012 
564 192 9 13 0.23871759 
554 240 13 17 0.21401429 
427 196 18 28 0.20005712 
847 185 12 13 0.14576289 
366 193 18 23 0.13335627 
787 205 9 13 0.13123885 
559 302 18 28 0.11879711 
582 181 8 10 0.11643815 
730 236 7 11 0.11535483 
707 255 7 12 0.1058286 
716 214 7 13 0.10376033 
828 250 24 31 0.103573434 
513 188 7 8 0.09957579 
613 233 11 20 0.09896108 
510 205 9 12 0.09790009 
2 195 9 17 0.09488267 
644 196 10 17 0.09234169 
534 265 15 16 0.08162601 
630 285 12 18 0.08068801 
65 202 13 18 0.07979989 
543 218 11 18 0.0794636 
656 274 9 13 0.07804934 
490 188 7 9 0.074289806 
548 198 10 12 0.068606 
517 181 8 8 0.068505205 
711 180 8 11 0.06744492 
503 186 7 8 0.06238642 
515 191 9 10 0.06229766 
469 326 11 20 0.06097495 
731 232 5 8 0.060894005 
639 241 10 18 0.05971574 
553 191 8 11 0.05816809 
826 182 11 15 0.058163743 
657 291 9 12 0.057275187 
743 187 7 11 0.05607447 
558 237 17 26 0.055315893 
737 186 6 8 0.054655816 
599 191 9 11 0.05123278 
40 198 7 10 0.05048264 
1009 128 10 12 0.049899556 
534 219 10 17 0.04946006 
729 250 7 12 0.048821393 
669 321 9 13 0.048054967 
705 243 6 10 0.048000406 
496 90 8 9 0.047753822 
579 203 13 22 0.047381323 
391 181 7 8 0.04733396 
693 216 11 15 0.04527134 
394 179 9 9 0.044539038 
787 317 24 33 0.044130288 
604 369 13 11 0.0436297 
620 97 5 9 0.04259588 
725 255 6 11 0.042094745 
805 217 17 24 0.04201439 
758 20 6 8 0.04176642 
500 182 8 9 0.04141578 
472 186 7 10 0.04137248 
737 181 5 8 0.0412729 
780 204 8 11 0.040195037 
576 198 9 12 0.03972224 
704 193 6 7 0.039665878 
713 184 9 10 0.038323537 
639 331 6 9 0.03823194 
609 282 15 16 0.038135525 
718 269 7 11 0.03786822 
817 185 9 13 0.037472717 
807 242 37 44 0.037387677 
246 540 5 6 0.037069663 
851 226 28 26 0.036830887 
690 180 7 9 0.03681452 
704 260 7 13 0.036797132 
781 210 7 11 0.0354229 
587 240 8 12 0.035335284 
777 205 6 10 0.03501053 
531 200 7 8 0.034981735 
794 184 9 12 0.03486449 
586 265 24 29 0.03481985 
716 231 6 11 0.034657545 
481 187 6 9 0.03420291 
258 539 5 6 0.034167755 
589 235 8 12 0.034073375 
67 198 24 33 0.033982366 
792 178 8 12 0.03335178 
841 149 12 14 0.033224892 
39 193 7 9 0.03317414 
706 250 7 10 0.032965217 
141 267 29 40 0.032701246 
269 521 6 4 0.032560702 
718 7 7 8 0.032485526 
671 203 7 10 0.03211184 
761 218 6 10 0.0321078 
733 241 7 13 0.031884372 
745 196 7 11 0.031773537 
722 268 7 11 0.031462308 
420 208 22 34 0.031371992 
834 156 12 15 0.031016305 
736 211 6 11 0.03056485 
467 184 7 11 0.030553449 
12 202 7 12 0.030254466 
581 242 8 11 0.03014814 
1005 122 7 10 0.030147899 
534 270 19 24 0.02969754 
479 266 17 27 0.029311389 
384 263 37 48 0.029072767 
688 197 15 22 0.029069599 
792 227 10 16 0.028872602 
619 204 11 14 0.02878796 
813 185 8 13 0.02878768 
438 200 12 19 0.028701594 
838 188 20 24 0.028483981 
550 527 10 7 0.028378876 
541 540 33 20 0.028007053 
667 476 4 4 0.027731279 
263 514 5 5 0.02762589 
0 50 5 14 0.02746845 
565 234 11 16 0.02738645 
523 542 32 23 0.027189396 
551 244 20 30 0.02709281 
834 183 16 18 0.02707154 
803 195 11 20 0.027045716 
748 209 7 10 0.026976483 
653 426 38 41 0.026944937 
471 -34 124 142 0.026807232 
1018 5 8 10 0.026759578 
1014 55 11 15 0.02675948 
40 203 6 8 0.026751095 
818 178 9 13 0.026709285 
248 539 6 7 0.026610283 
257 534 5 4 0.026150685 
625 230 30 44 0.026114488 
734 231 6 10 0.026091825 
537 209 10 16 0.026038256 
673 477 4 3 0.02602277 
661 476 4 4 0.025878537 
1015 127 10 14 0.02567405 
637 22 7 8 0.0256254 
769 180 7 10 0.025605049 
724 231 6 8 0.025524227 
668 34 140 147 0.025264585 
791 229 18 31 0.025096297 
301 509 6 4 0.02498044 
736 206 6 9 0.024944974 
723 262 6 11 0.024904156 
846 173 14 13 0.024778623 
661 463 4 5 0.024748119 
960 6 7 9 0.024540072 
769 7 7 7 0.024533521 
773 183 7 12 0.024517018 
756 205 6 10 0.02451589 
746 24 8 11 0.024510542 
799 181 10 13 0.02448619 
495 86 6 8 0.024481248 
413 225 21 31 0.024452146 
505 78 6 8 0.024386255 
522 179 8 8 0.02431623 
773 7 6 8 0.024301365 
707 -55 157 173 0.024282988 
736 191 6 9 0.024262298 
583 398 12 12 0.024199286 
677 199 6 9 0.024144221 
582 95 7 10 0.024088603 
808 31 128 139 0.023958603 
706 187 5 8 0.023789233 
559 221 11 16 0.023735106 
688 264 7 11 0.023709593 
1091 80 11 18 0.023696482 
575 242 8 12 0.023670444 
655 463 4 4 0.02362284 
642 474 5 5 0.023582296 
53 204 6 8 0.023541303 
566 188 9 11 0.023426482 
762 198 6 8 0.023418874 
508 212 11 18 0.023364952 
314 510 6 4 0.023250943 
728 230 14 23 0.023182273 
1018 122 7 11 0.023121068 
551 187 16 19 0.022982616 
735 21 7 8 0.022905387 
460 183 8 11 0.022901328 
702 21 6 7 0.022881432 
389 207 13 17 0.022836369 
621 318 10 14 0.02283352 
591 205 11 19 0.022729753 
391 235 26 29 0.022669427 
397 177 6 7 0.022666818 
798 198 10 17 0.022638703 
409 261 15 19 0.02262987 
634 241 9 17 0.02257634 
469 263 20 25 0.022441294 
641 471 5 4 0.022326875 
507 83 6 8 0.022315068 
602 179 7 10 0.022308728 
838 147 10 11 0.022294858 
644 7 9 9 0.022213478 
678 8 7 8 0.022141455 
901 223 8 13 0.02210372 
682 12 7 9 0.022056732 
592 372 8 8 0.02200294 
682 247 8 14 0.021978155 
824 191 20 27 0.021907857 
745 53 100 112 0.02185377 
568 237 16 23 0.021654492 
390 286 23 35 0.021649133 
728 268 7 12 0.0216284 
960 133 7 8 0.021619508 
995 51 10 13 0.021528462 
713 232 5 9 0.02150662 
721 212 6 10 0.021443613 
1030 135 12 21 0.021327691 
1009 121 8 11 0.021250445 
385 180 6 7 0.021126818 
613 247 18 29 0.021020686 
780 210 16 25 0.020967329 
734 95 7 9 0.020889921 
275 501 6 6 0.020873485 
724 180 6 8 0.02087162 
660 460 4 3 0.020848032 
717 206 7 10 0.020810988 
617 274 21 27 0.020753361 
593 231 8 13 0.020680882 
742 77 8 10 0.020674799 
0 31 6 13 0.020624952 
729 181 6 8 0.020471292 
719 166 6 8 0.020469384 
913 146 10 12 0.020446459 
729 225 6 10 0.02039916 
276 495 5 5 0.020346086 
679 216 10 15 0.020342138 
667 471 4 4 0.020294832 
666 412 39 42 0.0202522 
651 282 15 23 0.020240651 
764 290 6 9 0.02022045 
562 379 394 441 0.020157691 
637 221 18 28 0.020128503 
683 8 7 8 0.020100038 
862 235 27 33 0.02003573 
927 174 18 27 0.020032255 
506 192 7 9 0.02003161 
