21_Festival_Festival_21_193
1275
203 435 38 46 0.9841434 
629 436 20 41 0.97621423 
714 458 18 34 0.9271854 
251 483 51 54 0.9093342 
816 430 19 25 0.86760765 
396 455 15 36 0.74878675 
440 465 29 45 0.67620426 
56 511 41 57 0.67362857 
987 407 17 23 0.64199376 
208 381 15 21 0.63879746 
277 376 13 17 0.6098584 
361 373 11 14 0.59526914 
377 407 15 22 0.5810626 
956 436 22 30 0.5768285 
239 409 16 24 0.55620897 
386 347 7 10 0.55573785 
4 514 45 63 0.48575327 
685 360 9 10 0.47526088 
947 455 41 51 0.46791843 
339 350 8 10 0.461021 
336 407 15 23 0.4410086 
211 328 6 7 0.43064365 
724 343 6 7 0.41416967 
959 358 11 11 0.4118993 
818 375 10 10 0.41180068 
678 397 10 14 0.41178727 
635 593 42 59 0.4098762 
184 398 18 26 0.4088675 
741 402 10 15 0.39476612 
342 363 9 13 0.3895882 
468 349 6 7 0.37853327 
187 331 7 8 0.3703375 
671 366 9 10 0.36660242 
727 378 10 10 0.3454209 
650 409 11 18 0.3346837 
454 348 7 7 0.33077803 
377 370 10 14 0.32108977 
420 353 8 10 0.31768945 
231 397 15 16 0.31758675 
653 354 9 10 0.31424636 
278 347 9 11 0.31125692 
447 361 9 10 0.30237615 
203 337 6 6 0.29879808 
449 350 6 6 0.29702848 
167 392 19 22 0.28944933 
658 373 10 10 0.28896818 
105 375 11 14 0.28415972 
215 349 8 9 0.27934077 
54 419 19 40 0.27516347 
457 371 9 13 0.27424526 
236 330 7 6 0.26930287 
718 361 7 8 0.26575926 
421 359 9 12 0.26350984 
794 343 8 8 0.26207954 
677 382 12 14 0.26200545 
461 361 8 9 0.26098198 
719 408 11 15 0.2592176 
705 361 7 8 0.25707725 
664 349 6 9 0.2570427 
411 349 5 6 0.25698388 
696 362 7 8 0.2555166 
735 361 8 10 0.25174373 
492 354 9 9 0.2512687 
506 348 6 7 0.25086057 
191 352 9 10 0.25078568 
352 349 7 9 0.24261165 
393 330 5 7 0.23933381 
421 350 7 8 0.23628235 
729 362 8 8 0.23615453 
647 366 8 9 0.2339741 
943 381 14 14 0.23375352 
261 343 8 9 0.23294406 
815 397 12 14 0.228285 
270 330 7 8 0.21972261 
645 347 7 9 0.21935175 
481 342 7 8 0.21887182 
746 374 9 10 0.21522403 
261 367 10 12 0.21397892 
729 343 6 6 0.2106058 
612 415 19 24 0.21015006 
125 61 13 19 0.20905012 
467 378 17 23 0.20872208 
203 341 7 8 0.20863129 
225 336 6 6 0.20736948 
198 330 6 6 0.20652589 
686 418 16 23 0.2028939 
801 407 12 18 0.20134939 
302 293 13 14 0.20108901 
365 336 5 7 0.19528858 
107 349 9 10 0.1943318 
705 354 7 8 0.19357647 
503 391 9 17 0.186978 
304 359 9 10 0.18645023 
398 350 5 7 0.18594512 
813 324 5 8 0.18542875 
634 354 8 9 0.18445975 
639 411 17 20 0.18273343 
326 341 8 10 0.18135835 
384 334 6 8 0.18076204 
216 324 6 6 0.17805447 
873 399 14 19 0.17760621 
569 353 6 7 0.17454338 
417 354 7 8 0.17235486 
773 353 9 10 0.1683775 
962 397 11 12 0.16707833 
658 378 11 13 0.16588555 
315 348 6 8 0.16492715 
353 336 5 6 0.16487327 
832 353 9 13 0.15892848 
731 349 6 7 0.15889804 
959 349 10 10 0.15856618 
731 356 6 7 0.15804766 
486 343 6 7 0.15582202 
353 343 5 7 0.1545753 
793 385 10 11 0.15412113 
782 342 6 6 0.15235391 
987 358 8 10 0.15186907 
752 436 17 25 0.15168424 
499 344 6 6 0.14994691 
42 376 18 22 0.14873289 
224 341 6 7 0.14754015 
411 322 5 7 0.14666714 
735 355 6 8 0.14645845 
583 356 7 7 0.14527118 
749 361 8 7 0.14488041 
504 362 8 9 0.14415699 
344 353 7 9 0.14402898 
448 355 7 7 0.14339967 
400 379 12 16 0.14285083 
455 332 4 4 0.14194453 
589 402 9 16 0.1419232 
443 350 5 6 0.14192122 
724 346 6 8 0.14164644 
215 415 25 29 0.14072596 
608 354 7 7 0.14041074 
772 380 9 10 0.140219 
120 324 12 11 0.1397325 
4 362 12 16 0.13966422 
947 416 15 16 0.13790922 
331 395 12 14 0.13700028 
776 337 4 7 0.13683654 
39 352 9 11 0.1366571 
180 342 6 7 0.1363911 
417 337 5 6 0.13592713 
235 349 8 9 0.13582817 
364 355 7 8 0.1356953 
463 332 4 5 0.13246909 
359 361 8 10 0.13192308 
403 349 5 7 0.1297845 
409 332 5 5 0.1293467 
493 350 7 7 0.1290546 
305 410 15 27 0.12880011 
406 331 4 6 0.12869987 
642 348 6 7 0.1282187 
542 354 8 9 0.12752926 
968 440 21 29 0.12726617 
565 351 6 7 0.12681578 
637 388 14 16 0.12678929 
372 330 5 7 0.12671293 
655 455 15 27 0.12610313 
811 373 10 9 0.12577735 
373 334 5 8 0.12574957 
740 361 7 8 0.12528645 
467 344 5 6 0.12473404 
357 349 6 8 0.12452681 
411 335 5 7 0.12447808 
373 323 4 6 0.12430831 
805 360 8 8 0.12401866 
224 355 6 8 0.122851044 
696 377 9 10 0.12229288 
463 343 5 6 0.12195969 
906 384 10 10 0.121259786 
595 361 8 9 0.12100513 
755 356 6 6 0.11840854 
765 378 11 10 0.11824751 
456 338 5 4 0.11822703 
710 373 9 9 0.117490694 
919 391 11 11 0.11745041 
708 598 108 96 0.11676708 
436 359 7 9 0.11597934 
455 344 5 5 0.11597785 
102 358 9 10 0.115571834 
860 423 20 30 0.11542585 
495 344 5 6 0.115405664 
371 349 6 8 0.11509565 
552 519 27 53 0.11509296 
713 389 10 14 0.11429079 
216 329 7 6 0.11416685 
391 333 6 8 0.11377346 
178 348 8 9 0.11357047 
392 324 3 4 0.11344438 
796 389 13 14 0.11341057 
442 356 6 7 0.11100048 
222 360 8 11 0.1108892 
749 356 6 7 0.110712074 
853 391 11 13 0.11067695 
587 384 8 12 0.11059013 
26 506 38 55 0.1100556 
670 174 9 11 0.10896396 
172 361 9 11 0.10793149 
843 377 11 16 0.10790916 
370 353 7 8 0.10766018 
705 343 7 7 0.10748703 
49 337 13 16 0.10694836 
632 367 7 9 0.10681503 
230 336 6 6 0.106155686 
450 332 4 5 0.10602898 
694 487 13 18 0.10596147 
248 357 10 14 0.10586464 
992 413 20 25 0.10535485 
1004 350 6 6 0.10479987 
966 331 6 7 0.10466342 
418 350 5 6 0.10404629 
441 360 7 8 0.10366967 
290 341 7 9 0.10344397 
674 340 5 7 0.10296058 
674 371 11 11 0.10271625 
593 386 10 13 0.10185222 
744 348 5 7 0.10107328 
301 342 7 9 0.100750305 
873 378 12 12 0.100425094 
638 360 6 8 0.10017218 
225 409 22 22 0.099906094 
759 354 7 8 0.09986266 
467 353 7 8 0.09982994 
925 387 9 9 0.0992384 
937 399 18 19 0.09899685 
450 344 5 5 0.09886477 
494 479 29 54 0.097891964 
200 341 6 8 0.09679695 
601 348 7 8 0.09611389 
225 332 5 5 0.0945662 
792 369 7 8 0.09445971 
309 331 9 13 0.09440821 
685 356 7 8 0.0940348 
494 338 5 5 0.093234584 
628 366 7 10 0.092600435 
191 344 8 7 0.092453256 
694 399 9 13 0.09244966 
411 344 5 7 0.09224494 
773 329 6 8 0.09212906 
236 335 7 7 0.09190958 
708 350 8 7 0.0914469 
500 380 7 11 0.090812 
481 426 16 28 0.09081156 
269 334 7 8 0.09056584 
738 342 5 6 0.09003065 
406 335 4 5 0.08997857 
557 356 7 7 0.08995118 
723 365 8 9 0.08986801 
287 348 7 8 0.08977153 
379 323 4 5 0.08963006 
608 350 6 7 0.08951439 
673 330 5 6 0.08944951 
742 343 5 6 0.08935161 
664 367 8 9 0.089321375 
376 362 9 11 0.088884406 
454 396 9 16 0.088164546 
676 362 8 9 0.087840535 
436 343 5 6 0.08779938 
379 394 13 17 0.08777253 
603 344 5 7 0.08760241 
258 314 10 13 0.08739544 
368 372 10 12 0.087205045 
181 338 5 5 0.086050995 
664 426 12 22 0.085786246 
141 345 9 11 0.085090935 
237 361 7 9 0.084290914 
957 400 12 14 0.08384844 
615 362 6 8 0.083576605 
540 416 13 17 0.08347878 
677 172 9 11 0.08334116 
557 360 7 9 0.08328272 
672 383 9 13 0.083085336 
787 380 7 10 0.08284031 
156 327 6 7 0.08279071 
513 344 5 6 0.08274304 
812 444 37 38 0.082742676 
761 439 13 20 0.08183061 
578 203 10 15 0.08169344 
474 303 23 25 0.08164557 
424 364 9 12 0.08154846 
701 379 8 10 0.0810024 
652 349 8 8 0.08095607 
232 331 5 5 0.08074621 
243 335 7 7 0.080311544 
660 348 7 8 0.07964837 
582 423 16 23 0.07957419 
779 406 11 18 0.0792081 
553 326 4 4 0.078949556 
860 400 13 16 0.07877599 
292 346 9 9 0.078678004 
685 350 6 6 0.07864877 
526 350 5 6 0.07849606 
731 340 4 5 0.07848641 
786 342 6 8 0.078401364 
631 414 15 18 0.07776959 
318 354 7 8 0.077727236 
735 349 6 7 0.07760743 
402 354 7 7 0.07760584 
378 319 5 6 0.07748793 
411 362 6 8 0.0774384 
423 343 5 6 0.07727421 
595 347 7 8 0.07703786 
159 329 7 6 0.076962225 
273 417 16 27 0.07691444 
572 372 11 13 0.07685795 
551 374 7 10 0.07677101 
717 356 6 6 0.07639248 
656 359 8 9 0.076337956 
479 366 9 10 0.076126434 
510 349 6 7 0.07573958 
450 337 4 5 0.07553713 
682 431 17 24 0.075505815 
923 403 13 13 0.0753033 
698 355 5 6 0.07525127 
430 344 5 6 0.07520336 
919 331 9 8 0.07512384 
900 392 9 12 0.07510032 
436 332 5 5 0.07479261 
733 407 13 15 0.074749894 
595 345 5 6 0.07460308 
387 323 4 5 0.07422279 
319 340 8 10 0.074086644 
588 355 7 8 0.07394456 
607 360 7 10 0.07383082 
626 349 6 8 0.07371517 
586 366 10 11 0.073333144 
701 374 9 9 0.07330528 
242 331 7 7 0.07319364 
584 348 6 7 0.07308069 
530 366 9 11 0.072945274 
173 349 8 9 0.07293425 
811 348 6 8 0.07285704 
205 348 5 7 0.072512634 
129 378 22 27 0.07229416 
726 339 4 5 0.07228715 
212 361 8 10 0.07173033 
190 334 6 7 0.071715765 
581 384 9 13 0.07170255 
472 434 21 32 0.07151786 
75 326 10 11 0.07139223 
442 344 5 6 0.07107467 
80 351 10 13 0.070885 
507 346 5 5 0.07080496 
669 391 10 14 0.07060045 
807 349 6 8 0.07044642 
640 379 10 12 0.07028936 
767 385 10 10 0.07000695 
352 331 6 7 0.06978924 
779 348 8 9 0.06955393 
331 347 9 9 0.06883171 
418 342 4 7 0.068587095 
500 348 6 6 0.06852945 
358 343 6 8 0.06852352 
338 376 11 16 0.06850355 
232 325 6 5 0.068482384 
17 346 11 11 0.06831934 
696 366 8 8 0.06830352 
1018 342 8 11 0.06829295 
962 316 5 7 0.06815559 
637 367 8 10 0.06795484 
560 385 11 16 0.06795125 
944 374 11 9 0.067873485 
404 345 5 6 0.067823194 
599 365 7 10 0.06778896 
444 332 4 4 0.06735731 
800 369 7 7 0.067300566 
627 354 7 8 0.06684557 
328 346 7 8 0.06679182 
474 355 6 6 0.06673492 
253 358 10 13 0.0667025 
389 353 7 7 0.06662988 
373 344 5 8 0.06654622 
635 350 5 7 0.066393554 
674 336 5 7 0.06638077 
590 344 6 7 0.06593172 
741 378 8 10 0.06518574 
642 345 5 6 0.06504074 
578 434 28 45 0.06503146 
983 377 11 13 0.064997844 
760 475 49 50 0.06484927 
1005 353 6 8 0.06466957 
782 338 4 6 0.06458704 
610 410 14 18 0.06436306 
364 342 6 8 0.06429576 
476 395 13 20 0.06422725 
777 380 9 11 0.06401112 
215 379 14 17 0.063942865 
767 368 8 8 0.06368976 
412 354 5 6 0.06362218 
690 356 7 7 0.06361371 
533 393 14 18 0.06361318 
802 361 6 7 0.063502476 
645 354 8 9 0.06325045 
539 355 7 8 0.06312071 
444 319 4 4 0.06310216 
452 354 7 7 0.0629387 
1052 408 12 17 0.06288058 
205 354 6 8 0.06278953 
415 359 8 10 0.06278741 
6 364 18 26 0.062579475 
348 343 5 7 0.0623229 
743 356 6 7 0.062257804 
927 379 10 10 0.062190283 
237 402 15 17 0.062055785 
329 384 10 14 0.0620321 
709 344 6 6 0.061993614 
305 364 9 13 0.061811466 
595 409 17 27 0.061394222 
800 354 7 9 0.061305624 
505 353 7 8 0.061187536 
622 348 7 8 0.061129373 
531 405 14 19 0.061068635 
588 199 10 17 0.061040103 
630 330 4 6 0.06075753 
798 348 8 8 0.0606037 
680 354 6 7 0.06053552 
462 338 4 4 0.060293872 
720 345 4 5 0.05998979 
410 468 35 42 0.05992001 
180 380 12 14 0.05987397 
761 363 6 7 0.059793115 
474 362 7 8 0.059762385 
374 318 4 6 0.05960745 
982 404 13 18 0.059433457 
963 331 5 6 0.059339236 
645 372 8 10 0.059292674 
54 362 13 15 0.058744602 
461 349 5 7 0.058683284 
218 320 5 4 0.05863674 
666 361 7 8 0.05860689 
774 360 7 8 0.058425386 
198 326 6 6 0.05837708 
762 367 7 8 0.05826444 
561 362 7 8 0.05806602 
197 384 13 14 0.057943147 
479 357 7 7 0.057940256 
791 361 7 8 0.057886336 
819 329 5 8 0.057697665 
662 409 11 16 0.057667736 
371 367 9 11 0.057616793 
260 374 19 23 0.057583123 
377 347 6 8 0.057525445 
35 380 13 16 0.057223074 
718 349 5 6 0.05714825 
1012 347 8 8 0.05702935 
301 317 12 14 0.05696213 
691 350 6 6 0.05694912 
317 366 10 12 0.056930967 
443 571 31 70 0.056542587 
45 180 6 9 0.05648734 
349 363 9 13 0.05648688 
612 355 7 8 0.056444127 
520 356 6 7 0.05636185 
256 349 7 8 0.056301687 
1010 392 12 13 0.056233138 
195 400 23 29 0.0558716 
239 376 13 13 0.055846617 
365 350 7 7 0.055535708 
314 258 7 7 0.05542528 
616 342 5 6 0.05532362 
462 357 6 7 0.05507498 
914 398 11 14 0.05496983 
788 361 7 9 0.054710083 
665 344 5 6 0.054529034 
280 343 8 9 0.054510325 
449 325 4 4 0.05446756 
132 382 11 15 0.054223854 
953 360 9 10 0.05422039 
587 413 16 25 0.05419457 
518 344 5 6 0.054024614 
756 351 7 7 0.053880043 
719 391 11 12 0.053788867 
802 394 13 15 0.053543586 
937 392 13 14 0.053451054 
748 368 8 8 0.053381894 
973 371 9 10 0.053082574 
772 369 8 8 0.05293142 
864 365 10 12 0.052863635 
805 368 7 8 0.052816696 
412 390 10 15 0.052797113 
404 324 4 6 0.05264389 
905 391 10 13 0.05258348 
380 330 5 7 0.05248557 
597 388 12 14 0.05246721 
218 343 6 7 0.05245186 
347 329 5 7 0.052329328 
788 373 7 9 0.052293703 
254 381 13 17 0.052237052 
656 447 12 20 0.052062914 
443 336 5 5 0.05204123 
436 337 5 6 0.052026205 
258 344 6 8 0.051912773 
751 428 12 19 0.051642723 
424 339 4 5 0.05138974 
716 366 8 9 0.051348433 
143 364 10 11 0.051315118 
429 348 5 7 0.05129045 
845 436 26 24 0.051224668 
274 333 7 8 0.051067945 
748 351 5 6 0.051065177 
324 336 8 10 0.050940447 
723 357 6 6 0.05071965 
810 354 7 10 0.0506841 
292 370 9 13 0.05063233 
690 366 7 8 0.05057994 
326 380 8 12 0.050564583 
167 361 8 10 0.050517555 
155 360 11 11 0.05041315 
860 392 11 13 0.050388757 
390 367 8 9 0.050059523 
445 378 9 11 0.050051726 
444 325 4 4 0.05000972 
59 358 12 16 0.049925264 
963 419 15 16 0.04981593 
438 372 10 12 0.049735125 
627 377 8 12 0.049726292 
745 399 9 12 0.049720444 
686 344 6 6 0.04961603 
592 404 11 20 0.04953931 
940 409 18 15 0.04953255 
266 341 7 9 0.04947675 
1062 383 7 11 0.049461193 
810 386 12 12 0.049447183 
220 412 16 15 0.049308192 
259 360 10 12 0.049234863 
968 353 9 10 0.04918011 
690 379 9 10 0.049001187 
311 341 9 12 0.04897345 
160 326 5 6 0.048938356 
401 368 9 11 0.048854254 
688 384 9 12 0.048769508 
681 351 5 6 0.048599724 
312 365 10 13 0.04849103 
426 398 21 27 0.048482828 
999 403 14 17 0.048461776 
398 324 5 5 0.048288543 
815 383 13 12 0.048164677 
675 418 19 22 0.048136216 
731 422 14 17 0.048135996 
471 375 12 13 0.04805894 
539 422 19 25 0.047980465 
542 377 9 11 0.047904342 
936 478 42 61 0.047829337 
525 354 7 8 0.047750354 
761 375 10 10 0.047609307 
467 333 5 4 0.047604814 
698 351 6 6 0.047525257 
247 373 10 11 0.047476273 
573 389 11 14 0.047435544 
708 379 9 10 0.047419105 
482 338 4 5 0.047401145 
595 356 6 7 0.04738583 
303 389 12 18 0.04738294 
690 564 54 66 0.047130987 
723 375 9 10 0.047122914 
385 408 14 19 0.047061834 
678 337 4 6 0.046909656 
998 366 9 9 0.046880312 
975 411 20 20 0.046787173 
1016 416 17 27 0.046781935 
289 336 6 8 0.046603423 
562 366 8 9 0.046548244 
828 397 9 14 0.046408795 
487 338 5 5 0.04640532 
93 328 7 10 0.046336696 
362 437 12 21 0.04628531 
265 388 12 15 0.046248145 
623 344 4 5 0.046184383 
681 374 11 10 0.04611636 
661 343 5 6 0.04611291 
386 320 4 5 0.04609297 
663 382 9 12 0.046071567 
315 353 7 8 0.046063565 
634 360 7 8 0.04594994 
393 402 13 17 0.04593795 
557 366 7 9 0.0453767 
634 325 4 5 0.045368224 
586 361 9 9 0.045331527 
284 389 11 14 0.04531567 
244 416 21 26 0.045303013 
487 348 6 6 0.045201417 
359 337 5 6 0.04514591 
223 350 7 8 0.045122452 
584 360 7 8 0.045117456 
653 343 6 6 0.04511292 
579 530 68 100 0.0451091 
806 372 8 9 0.045045767 
922 382 8 9 0.045025658 
912 385 9 9 0.044973303 
1065 460 18 25 0.044910572 
332 365 8 13 0.044861794 
520 349 5 5 0.044837467 
786 348 6 8 0.04483196 
864 328 7 11 0.044820324 
1090 417 8 13 0.044723995 
137 355 6 7 0.04469122 
960 426 21 24 0.044644296 
406 383 9 15 0.044635933 
263 337 7 8 0.044486873 
737 196 8 15 0.044441972 
361 367 11 12 0.044396136 
231 352 7 9 0.044335507 
545 350 5 7 0.044324387 
769 354 8 9 0.04422781 
234 373 12 13 0.044198062 
1044 397 12 15 0.04411225 
1033 364 9 14 0.04394336 
183 348 8 9 0.043595757 
970 349 8 9 0.04355298 
743 339 4 5 0.04344211 
1077 438 12 19 0.043367878 
847 372 9 12 0.043351885 
692 374 8 9 0.04329316 
378 335 5 8 0.04320182 
352 324 5 6 0.04310672 
307 370 8 14 0.043069 
1062 371 5 10 0.042919867 
51 180 8 10 0.042825837 
788 368 8 8 0.042791147 
704 384 8 10 0.042745646 
494 384 7 12 0.04272291 
385 343 6 9 0.042715494 
956 420 13 16 0.042697605 
228 360 9 10 0.04257775 
347 408 11 19 0.042541105 
1037 357 8 12 0.04251633 
248 343 6 7 0.042497274 
391 320 4 5 0.042458534 
43 339 12 14 0.042398307 
955 349 7 8 0.042395666 
905 416 10 14 0.042195603 
583 344 6 7 0.04219324 
183 343 7 8 0.0421896 
868 399 11 14 0.042184014 
350 378 7 13 0.042025685 
1003 360 9 10 0.04200397 
294 336 6 7 0.041893788 
627 344 5 6 0.041831326 
388 343 7 8 0.041814495 
633 329 5 6 0.041802917 
695 383 9 11 0.04173809 
738 340 4 4 0.041547596 
823 392 10 13 0.041505814 
814 425 14 17 0.041464698 
354 449 18 29 0.041437082 
396 366 9 11 0.041435968 
448 318 5 5 0.041396372 
674 404 13 18 0.041300587 
542 364 9 12 0.04125888 
501 384 10 17 0.041220564 
695 473 32 49 0.041217834 
980 445 14 20 0.041195545 
808 322 5 9 0.041172195 
207 325 6 6 0.041147225 
608 344 5 6 0.041002944 
250 350 7 8 0.040986337 
469 317 6 7 0.04088991 
821 401 12 14 0.040878475 
479 362 8 8 0.040810738 
753 366 8 9 0.040774453 
815 318 4 6 0.04076577 
433 383 13 16 0.040738117 
494 332 4 4 0.040711317 
265 408 19 27 0.040695354 
81 365 10 13 0.040693626 
929 504 36 61 0.040647585 
802 386 11 11 0.04064066 
280 330 8 9 0.04052199 
574 355 7 7 0.040453803 
462 326 4 5 0.040430315 
955 354 7 9 0.040416878 
500 375 6 10 0.04035639 
672 355 6 7 0.040320743 
197 349 6 8 0.040306445 
771 373 10 10 0.040190242 
427 384 10 15 0.040181357 
679 342 4 7 0.040169146 
933 397 12 13 0.040160894 
489 420 12 25 0.04013752 
241 359 9 12 0.040129505 
340 398 14 15 0.040086173 
138 337 17 19 0.04001256 
347 324 5 6 0.039917007 
794 354 7 9 0.039905515 
1017 377 8 12 0.039854314 
484 385 8 12 0.039727338 
1051 393 8 11 0.039625164 
366 331 5 7 0.039569993 
207 330 4 5 0.039552353 
668 408 12 16 0.039531857 
597 402 13 19 0.039506145 
52 178 6 6 0.039478652 
1054 398 10 15 0.039274458 
947 402 15 15 0.03927315 
212 319 5 5 0.03918968 
991 349 7 8 0.039168477 
463 450 28 54 0.0391416 
530 355 6 6 0.03911482 
473 365 9 11 0.039097775 
923 450 22 26 0.038910985 
382 362 8 8 0.03882336 
444 391 17 23 0.03868921 
1009 353 9 9 0.03865737 
901 381 10 10 0.038541093 
247 335 7 8 0.038533088 
928 403 20 20 0.038505454 
671 199 20 33 0.03846979 
400 394 11 17 0.03840336 
139 369 9 14 0.03838886 
703 365 8 9 0.038365137 
439 378 10 13 0.03834124 
534 330 4 5 0.038291093 
812 343 6 7 0.038233247 
641 331 5 5 0.038209688 
668 331 3 5 0.038163673 
244 342 6 7 0.037759513 
294 418 21 27 0.037638016 
489 411 10 19 0.03763298 
848 366 9 11 0.037592348 
552 329 4 6 0.03755922 
837 446 30 26 0.037506584 
913 334 9 9 0.037362218 
955 383 11 14 0.03731366 
686 399 16 20 0.03730952 
206 318 6 6 0.03729949 
330 401 15 18 0.037252355 
787 389 10 14 0.037230212 
44 345 18 23 0.03708485 
848 384 11 15 0.037030485 
820 335 5 7 0.037006523 
654 405 13 18 0.03695025 
934 330 9 8 0.036877308 
869 373 9 11 0.03676857 
766 390 11 14 0.036713406 
480 398 16 28 0.03664286 
807 318 4 7 0.03657527 
395 334 5 7 0.03650302 
436 367 8 10 0.03641067 
74 321 19 23 0.036404792 
213 353 6 8 0.03639559 
465 379 31 42 0.036287747 
741 442 23 26 0.03619167 
0 373 14 33 0.036191083 
798 372 9 8 0.03617497 
99 380 11 15 0.036154497 
70 340 10 13 0.036142178 
220 375 11 12 0.036084637 
623 412 13 19 0.036068574 
849 393 18 21 0.036035243 
813 597 76 101 0.035981935 
352 372 7 12 0.03597487 
550 351 5 6 0.03591109 
488 332 4 5 0.035877295 
602 353 7 8 0.03582112 
794 446 15 22 0.035800572 
547 326 4 4 0.03579687 
819 323 5 8 0.035751548 
679 389 13 15 0.035466768 
235 326 7 5 0.03537752 
790 318 4 7 0.03537157 
402 362 8 7 0.035364404 
2 365 8 17 0.03535333 
549 355 7 8 0.035353117 
691 344 5 6 0.03533527 
399 344 4 6 0.03526866 
613 379 9 13 0.03517621 
931 385 11 11 0.03514496 
894 379 8 11 0.035037734 
727 394 13 15 0.03501245 
306 348 7 8 0.034922313 
742 367 7 8 0.03488036 
87 371 9 10 0.034867473 
767 362 8 7 0.03478057 
791 406 16 20 0.03472668 
449 313 4 4 0.03472154 
295 329 7 8 0.03471113 
531 351 5 5 0.034667827 
413 367 8 10 0.034650568 
1032 386 12 17 0.03463739 
636 345 4 5 0.0346363 
787 337 6 7 0.034607366 
558 325 4 5 0.03456189 
619 377 10 12 0.034521703 
430 318 4 5 0.03437575 
1059 392 8 13 0.0343432 
120 323 19 24 0.03429626 
975 451 35 49 0.03426353 
852 405 15 17 0.0342495 
316 413 11 19 0.034230415 
616 560 47 74 0.03419649 
796 381 11 11 0.034144722 
640 373 8 10 0.03404967 
867 409 21 27 0.03396976 
15 373 12 18 0.033900432 
498 338 6 5 0.0338842 
345 278 6 9 0.03363569 
284 373 10 13 0.033606675 
452 366 10 11 0.033589102 
300 337 6 8 0.03353779 
527 339 4 4 0.033515837 
625 384 9 13 0.033434007 
616 403 12 15 0.03338302 
74 345 11 16 0.03336409 
614 349 5 7 0.033349942 
61 338 9 13 0.033289958 
129 357 39 46 0.033266164 
655 338 4 5 0.03322294 
809 392 14 14 0.03317849 
239 383 13 13 0.03317789 
240 349 8 8 0.03310998 
593 372 8 10 0.033070568 
134 372 8 13 0.03301973 
324 365 9 13 0.032956578 
276 344 7 8 0.032953497 
511 354 7 7 0.032926057 
337 461 23 33 0.032861885 
492 358 8 9 0.032860335 
822 317 3 6 0.03284777 
527 344 5 6 0.032847535 
1 341 6 13 0.032692537 
365 430 12 17 0.03266779 
359 354 6 7 0.0326196 
864 379 10 11 0.03259406 
405 393 15 23 0.0325508 
769 344 5 5 0.03254868 
514 325 5 5 0.0325016 
975 382 12 14 0.03246177 
579 371 11 12 0.03243892 
482 438 20 34 0.032430112 
172 331 5 6 0.032372206 
1018 441 21 32 0.032347865 
1004 417 19 25 0.032333255 
254 373 9 11 0.032246854 
456 326 4 4 0.032196574 
630 326 4 4 0.03219348 
244 374 18 20 0.032145526 
649 441 12 19 0.03212941 
546 337 5 6 0.03207188 
309 257 6 7 0.032045316 
75 333 9 12 0.031963255 
642 325 4 4 0.031958304 
1051 417 14 21 0.031942 
788 321 5 8 0.031914912 
535 365 8 11 0.031904392 
1008 415 12 15 0.031882077 
80 328 9 11 0.031833265 
166 330 6 6 0.03179547 
1007 401 13 15 0.031791896 
1000 349 6 6 0.031757146 
547 330 4 5 0.031699285 
207 401 24 27 0.03166903 
736 263 5 9 0.031630702 
82 334 8 10 0.031618804 
370 362 7 9 0.031561546 
224 324 6 5 0.031543124 
774 324 5 8 0.03153526 
672 349 5 8 0.03150485 
404 319 4 6 0.031504467 
8 350 19 22 0.031388707 
641 439 13 25 0.031344574 
317 378 11 14 0.031316176 
248 331 7 6 0.031258404 
286 354 8 8 0.031232974 
322 409 17 26 0.031142378 
629 419 21 30 0.031113876 
428 356 7 8 0.031113857 
45 339 32 41 0.03101729 
219 337 6 6 0.031003367 
268 347 7 9 0.030969376 
1018 344 17 19 0.030925103 
159 341 8 9 0.030922586 
531 344 5 6 0.03081013 
303 399 12 22 0.030757897 
343 329 4 6 0.030746214 
1057 386 5 9 0.030686103 
482 332 4 4 0.030641096 
549 396 9 16 0.030565184 
440 365 8 11 0.03052585 
1011 373 9 11 0.030446826 
477 371 10 12 0.03043295 
277 151 5 8 0.030432658 
325 355 8 8 0.03042324 
500 564 31 56 0.03040184 
990 383 10 13 0.030368352 
962 362 11 13 0.030270148 
840 387 12 16 0.030201092 
868 382 10 13 0.030192269 
568 530 45 65 0.030164272 
677 527 40 51 0.030162051 
174 336 5 6 0.030067911 
624 403 11 17 0.030009953 
946 422 22 27 0.029902551 
653 415 16 24 0.02987707 
811 401 19 22 0.029820347 
379 260 6 6 0.029704733 
968 359 10 10 0.029681895 
437 350 5 5 0.02962287 
377 385 10 13 0.029577859 
82 340 8 10 0.029570112 
223 319 7 5 0.02952091 
554 401 9 16 0.02948672 
895 385 8 11 0.029397247 
772 458 37 42 0.029350175 
679 331 4 6 0.029339425 
229 342 7 7 0.029314307 
54 332 17 24 0.02921732 
468 324 5 5 0.029120548 
619 385 9 12 0.029115235 
739 410 13 18 0.029091375 
510 372 9 12 0.029045034 
266 361 9 11 0.02891929 
32 384 22 30 0.028915849 
415 323 5 6 0.028854847 
822 385 10 12 0.028801518 
886 395 10 16 0.028753275 
785 486 39 48 0.028696205 
874 366 9 9 0.028686557 
657 395 11 15 0.028639833 
345 318 6 7 0.028625118 
399 305 4 5 0.028494485 
843 335 6 9 0.028467378 
539 360 7 9 0.028431969 
1024 410 16 23 0.02838255 
672 430 19 21 0.028358819 
604 382 10 14 0.028313104 
461 309 41 43 0.028308613 
514 330 5 6 0.028265838 
211 344 6 6 0.028251572 
383 343 14 18 0.028218215 
750 344 4 5 0.028200021 
236 343 7 8 0.028165175 
621 354 7 9 0.028153233 
760 391 11 11 0.02810413 
212 335 6 7 0.028096076 
1103 398 6 10 0.028057348 
1032 371 11 16 0.02804151 
191 393 10 15 0.027914055 
800 338 6 7 0.027911289 
496 423 17 29 0.027846955 
318 258 8 9 0.027806345 
469 338 4 5 0.027802536 
304 284 9 9 0.027759299 
1016 355 19 20 0.027648551 
1060 358 6 10 0.027641285 
438 384 17 23 0.02757849 
735 376 8 8 0.02756422 
525 403 8 14 0.027542144 
965 372 9 10 0.027405947 
177 387 17 24 0.027380012 
1031 398 13 20 0.027369613 
89 332 8 11 0.027306093 
548 408 9 18 0.027301136 
245 461 46 48 0.027237954 
629 336 5 6 0.027205138 
757 446 20 31 0.027131522 
782 322 5 8 0.027122494 
604 404 14 19 0.027079036 
819 352 8 11 0.027010681 
30 333 7 10 0.026955543 
-4 458 36 58 0.026823416 
193 326 6 6 0.026759619 
710 451 10 24 0.02673504 
311 382 10 15 0.026713684 
770 324 5 7 0.026703317 
252 402 18 21 0.026648767 
664 395 11 14 0.026644973 
483 362 9 8 0.026638458 
731 414 13 16 0.026619103 
619 430 21 33 0.026581682 
422 389 10 15 0.026568655 
190 358 10 10 0.02655338 
433 332 3 5 0.026508944 
948 361 7 8 0.026472224 
141 382 24 30 0.026461562 
160 335 8 8 0.02642766 
259 353 9 10 0.026387742 
879 382 10 13 0.026347242 
360 323 5 7 0.026273983 
895 394 10 16 0.026246266 
376 355 7 8 0.026246073 
175 433 18 27 0.026216537 
491 368 8 8 0.026201326 
52 472 38 57 0.026200004 
18 227 6 7 0.02617857 
692 338 4 5 0.026137782 
366 323 5 7 0.026088618 
157 396 16 17 0.026004294 
509 389 11 16 0.025957886 
431 313 4 5 0.025942191 
771 411 20 22 0.025921792 
225 385 12 13 0.025840016 
742 419 18 23 0.02583986 
647 323 5 5 0.025839793 
1019 336 8 9 0.02579917 
661 338 4 5 0.02575351 
507 332 5 4 0.025723767 
592 378 9 14 0.025696132 
300 281 10 10 0.02569186 
844 362 9 10 0.02568132 
971 330 6 6 0.02563007 
421 370 10 12 0.025628233 
631 372 8 11 0.025600053 
201 394 14 18 0.025565939 
29 169 9 11 0.025542913 
547 502 19 44 0.025500664 
0 372 8 18 0.02549774 
679 198 8 12 0.025474558 
964 479 44 58 0.025405617 
576 350 6 7 0.02533084 
214 356 15 19 0.025285766 
237 391 14 16 0.025192298 
352 318 6 7 0.025126185 
325 395 11 15 0.025112422 
802 321 6 9 0.025097067 
507 325 5 4 0.025090039 
756 343 5 6 0.025076466 
6 353 10 13 0.025076168 
780 359 7 9 0.024958754 
139 361 20 24 0.02495141 
786 354 7 9 0.024917688 
558 330 4 5 0.024878679 
896 459 33 40 0.024876691 
578 338 4 5 0.024812704 
76 176 5 8 0.024812086 
254 396 12 15 0.024810327 
50 329 10 11 0.0248096 
147 356 19 21 0.024803068 
589 389 9 13 0.02477369 
11 317 10 14 0.024768312 
97 356 9 9 0.02473783 
917 432 24 29 0.02473438 
299 326 9 10 0.024710592 
551 359 7 10 0.02466111 
1039 342 7 13 0.024648933 
971 335 6 7 0.02464269 
448 377 17 25 0.02456852 
867 391 10 15 0.024562828 
650 397 10 14 0.024562083 
681 211 8 15 0.024537096 
975 402 14 14 0.024490321 
662 332 4 5 0.024485035 
753 391 10 12 0.024431828 
726 409 12 14 0.024416592 
539 351 5 6 0.024412947 
507 338 5 4 0.02440494 
33 413 13 23 0.024371518 
124 632 22 24 0.0243392 
444 313 4 4 0.024315344 
794 338 6 6 0.02430089 
378 313 4 6 0.024291037 
65 177 6 6 0.024277287 
539 330 4 5 0.024262581 
793 317 4 7 0.024236362 
287 365 9 12 0.024235357 
575 428 16 26 0.02418933 
810 460 22 27 0.024153238 
19 404 27 45 0.02414599 
444 367 16 21 0.024054466 
73 365 11 14 0.024040893 
152 341 8 10 0.024005193 
418 332 3 5 0.023997514 
763 323 4 6 0.02398668 
618 367 8 11 0.023978826 
141 361 8 10 0.023955712 
651 372 10 11 0.02391607 
85 353 9 11 0.023900462 
566 386 11 15 0.02387428 
759 403 12 14 0.023814488 
889 424 11 13 0.0237963 
992 344 7 7 0.023769835 
474 344 5 6 0.02375625 
366 392 8 11 0.023752373 
889 396 17 26 0.023747485 
397 254 5 7 0.023713807 
504 372 8 13 0.023713289 
958 372 9 10 0.023601105 
285 433 25 28 0.02356146 
500 367 7 9 0.023522055 
824 154 7 15 0.02351283 
304 375 14 22 0.0234989 
575 480 23 38 0.023497917 
481 320 7 8 0.023494119 
516 369 10 13 0.023398971 
721 385 10 12 0.023396716 
438 326 4 4 0.023396699 
763 380 19 19 0.02337656 
442 310 33 35 0.02336318 
757 324 3 6 0.023357907 
475 338 4 5 0.023349518 
505 502 25 41 0.023314703 
247 364 10 14 0.023287656 
939 434 25 29 0.023282424 
165 342 7 8 0.023255622 
238 362 18 22 0.023207845 
645 380 17 20 0.023179157 
1012 283 7 8 0.023148969 
550 368 8 10 0.023142133 
1062 183 22 39 0.023089468 
397 258 5 8 0.023066849 
314 323 7 10 0.023061102 
699 482 13 17 0.023031406 
718 199 6 9 0.023029637 
445 356 16 19 0.022978628 
527 332 4 4 0.02296934 
265 428 21 29 0.022945838 
318 360 9 11 0.022942498 
1016 400 16 23 0.022913143 
938 427 12 15 0.02287551 
783 417 12 18 0.022861969 
464 366 9 11 0.02286094 
398 407 13 17 0.022860706 
760 463 27 32 0.022850852 
444 555 19 42 0.022828432 
530 385 8 14 0.022708613 
491 380 15 22 0.022670213 
389 362 7 7 0.02264164 
838 373 8 10 0.022623843 
572 331 4 5 0.022619259 
906 401 11 14 0.022601059 
519 338 5 5 0.022583937 
80 357 11 15 0.022540202 
340 317 7 8 0.02252572 
546 344 5 5 0.022514883 
66 360 12 16 0.022489874 
265 393 18 25 0.022433346 
110 597 44 56 0.022397297 
226 392 14 15 0.022381078 
48 406 20 34 0.022375558 
110 372 11 14 0.022370366 
239 502 44 56 0.02236684 
43 437 29 44 0.022362629 
803 317 4 7 0.022337344 
631 512 19 36 0.022329306 
292 354 9 9 0.022307063 
421 397 10 13 0.02229547 
1008 359 10 10 0.022255711 
492 373 8 9 0.022253232 
137 391 13 17 0.02223871 
334 353 8 9 0.022207431 
649 337 4 6 0.022196047 
299 369 10 13 0.022185013 
803 424 21 24 0.022175614 
950 375 11 10 0.022133145 
72 313 36 44 0.022112742 
825 317 4 8 0.022110172 
643 402 13 18 0.02207628 
269 245 6 9 0.02206491 
539 383 12 14 0.022050826 
475 363 18 17 0.022041019 
578 344 5 6 0.022027466 
768 348 7 8 0.022027384 
650 345 19 21 0.022026332 
187 445 25 31 0.022022167 
1 452 25 33 0.022017857 
189 377 12 14 0.02201726 
319 254 6 6 0.021991411 
710 338 5 5 0.021979101 
620 392 17 21 0.02196076 
438 312 4 4 0.021950142 
818 370 8 7 0.02193483 
778 368 8 9 0.02191724 
204 359 8 10 0.021879422 
431 293 6 7 0.0218647 
1063 489 21 26 0.021853881 
855 370 10 12 0.021776894 
37 189 7 8 0.021732345 
719 331 4 6 0.021715978 
632 384 9 14 0.021703938 
272 459 40 47 0.021675395 
1017 352 10 11 0.02162651 
961 373 19 22 0.021623904 
339 344 6 7 0.021601744 
276 450 32 30 0.021561759 
953 366 8 9 0.021529114 
806 410 18 21 0.021499164 
365 318 5 7 0.021464499 
109 189 7 10 0.021462012 
129 331 17 24 0.0214533 
231 325 20 18 0.021447334 
87 347 9 11 0.021445565 
417 271 4 7 0.021390697 
971 378 11 12 0.021383565 
880 375 8 9 0.021383172 
348 336 5 7 0.02136407 
1018 282 7 11 0.021358265 
475 332 4 5 0.02135371 
674 438 21 26 0.021320537 
166 347 8 8 0.021298006 
553 451 18 31 0.021285871 
1113 372 5 10 0.021217622 
576 201 17 29 0.021180324 
1020 329 6 9 0.021178344 
501 342 17 18 0.021176966 
18 370 17 26 0.02116377 
60 377 17 27 0.021149674 
539 345 5 4 0.021134181 
687 338 4 5 0.021127153 
699 323 4 5 0.021124426 
654 607 27 32 0.02108554 
374 311 4 6 0.021065528 
559 351 5 6 0.021054622 
596 324 5 5 0.021041596 
824 321 6 10 0.021040851 
536 480 18 35 0.021030817 
477 232 16 26 0.021007271 
0 407 13 30 0.020979876 
831 180 8 14 0.020970112 
1046 425 17 26 0.020959852 
623 325 5 5 0.02095357 
1001 353 22 21 0.020937093 
183 325 16 18 0.0209292 
65 170 5 6 0.020924302 
948 386 13 15 0.020912765 
10 325 11 13 0.02089927 
753 373 8 10 0.020888846 
667 171 15 22 0.020887105 
524 391 9 13 0.020886824 
824 442 18 18 0.020882027 
17 333 9 11 0.020850651 
383 391 20 22 0.020826804 
31 221 7 8 0.020820988 
824 351 9 13 0.020814275 
538 350 16 19 0.020810474 
446 330 30 33 0.02077944 
286 330 8 9 0.020779403 
510 367 8 10 0.020773623 
510 362 7 7 0.020766333 
370 265 6 7 0.020734238 
16 226 4 6 0.020712014 
958 391 11 15 0.020698633 
824 328 6 9 0.020693034 
977 349 8 8 0.020684533 
223 376 17 18 0.02067691 
88 341 8 11 0.02063819 
921 413 16 16 0.02063263 
99 427 14 17 0.020613046 
341 322 6 8 0.020577416 
982 398 11 13 0.020572467 
44 329 8 9 0.020566342 
185 352 8 10 0.020557404 
757 328 4 7 0.020545878 
289 355 17 20 0.020543184 
328 234 5 8 0.020536633 
318 316 7 8 0.020521088 
62 346 8 13 0.02051827 
1018 375 16 21 0.020506019 
302 335 15 19 0.020498177 
31 354 9 12 0.020495983 
461 400 20 27 0.020485446 
1058 375 6 9 0.020388683 
488 400 12 19 0.020378593 
175 363 10 12 0.020373207 
431 323 4 5 0.020301633 
529 412 11 20 0.020284744 
590 339 5 4 0.02028446 
996 371 10 11 0.02027407 
313 309 8 10 0.020271067 
831 365 8 10 0.020265032 
450 305 4 5 0.020255733 
736 429 21 23 0.020253962 
315 389 12 16 0.020250725 
568 360 8 10 0.020212077 
707 339 4 5 0.020166697 
315 329 15 21 0.02016386 
807 343 5 7 0.02015702 
520 331 4 5 0.020133115 
432 412 12 17 0.020132089 
728 466 40 45 0.020112796 
778 373 8 9 0.020075032 
534 327 4 4 0.020073324 
269 354 7 8 0.02007258 
540 254 13 13 0.020065654 
967 324 5 7 0.020020427 
