21_Festival_Festival_21_100
70
677 114 125 158 0.99647576 
442 458 122 142 0.9687066 
80 181 19 29 0.7790263 
98 174 25 37 0.2983044 
394 70 69 102 0.21734835 
696 645 11 13 0.15868908 
184 484 40 71 0.15019235 
25 238 24 33 0.1491747 
308 285 23 40 0.12696432 
491 555 30 25 0.119654976 
202 272 341 487 0.118189104 
15 243 22 28 0.10811458 
565 382 10 15 0.08795799 
150 231 59 98 0.07763261 
684 650 10 13 0.07687128 
692 452 93 110 0.06931322 
35 409 10 22 0.06385045 
725 652 10 13 0.0624133 
335 82 94 84 0.060753 
681 640 9 11 0.060461476 
244 328 7 13 0.06011313 
120 319 38 54 0.058219824 
557 661 15 15 0.058165427 
163 160 20 24 0.056503963 
488 559 15 15 0.050988402 
185 373 10 17 0.050095797 
594 663 19 26 0.049792487 
539 313 77 132 0.04752898 
645 651 19 24 0.044839766 
549 442 39 72 0.04099375 
325 116 108 125 0.04019503 
718 100 29 26 0.039036673 
670 652 10 12 0.038849093 
851 224 174 255 0.03837148 
726 658 11 17 0.03789644 
1 201 23 40 0.035781477 
569 639 39 44 0.035230618 
153 354 11 18 0.033468302 
3 247 33 56 0.033190604 
477 534 59 53 0.032491907 
903 120 27 33 0.032287862 
695 0 29 18 0.030727644 
762 648 9 12 0.030309167 
875 356 115 114 0.029833771 
317 605 76 91 0.029180698 
657 0 29 22 0.028769907 
653 140 10 12 0.028241983 
511 428 71 106 0.027622031 
561 383 17 28 0.027601313 
309 489 42 57 0.02688678 
190 364 8 15 0.026791787 
309 396 43 45 0.025994372 
380 357 23 31 0.025847344 
967 0 45 58 0.02543924 
56 8 10 18 0.02521859 
694 104 22 22 0.024110567 
1031 302 16 28 0.023580333 
58 511 35 67 0.02294052 
136 552 39 47 0.02284858 
265 322 13 20 0.022537978 
516 596 7 7 0.022165133 
661 664 12 13 0.022024665 
957 373 10 18 0.021952879 
634 647 73 84 0.021148669 
658 654 21 22 0.021110844 
1010 524 41 52 0.020881198 
901 11 24 43 0.02081597 
713 41 11 8 0.020756314 
546 490 13 22 0.020576233 
234 395 10 17 0.020310955 
