13_Interview_Interview_On_Location_13_610
32
321 144 170 281 0.96092004 
570 231 104 253 0.9513659 
447 151 162 321 0.11176145 
266 1140 12 21 0.06461001 
455 937 598 650 0.057944268 
60 492 415 807 0.043652523 
1012 627 9 21 0.041203853 
930 717 29 48 0.04054627 
271 1124 8 15 0.03963901 
254 1111 9 18 0.03909104 
902 293 12 25 0.037909154 
298 1151 9 15 0.03741988 
521 561 426 514 0.035042483 
994 377 9 17 0.032806225 
390 1093 14 17 0.03223977 
780 860 19 23 0.031068841 
273 1526 15 20 0.030154927 
332 414 33 42 0.029942004 
194 952 392 771 0.02877733 
966 348 9 17 0.026804771 
237 259 45 48 0.026690733 
489 1481 30 42 0.025810653 
961 325 10 19 0.024198722 
957 1296 16 20 0.02416836 
305 1122 10 17 0.023760594 
1007 982 12 25 0.023176912 
410 1111 14 18 0.022638952 
244 1153 9 14 0.021763125 
327 1150 12 20 0.021010024 
729 1476 7 12 0.020948166 
994 1267 11 19 0.02035225 
890 355 10 24 0.020299895 
