13_Interview_Interview_Sequences_13_2
124
492 169 50 68 0.9995666 
747 289 76 97 0.9992187 
268 187 52 75 0.9970126 
944 21 53 54 0.99586403 
327 26 29 46 0.995557 
657 27 34 43 0.9952643 
552 199 26 42 0.99351805 
647 146 27 41 0.99345654 
565 27 44 51 0.9933828 
-2 25 26 43 0.9933171 
317 137 21 37 0.9923753 
638 236 50 80 0.99236566 
127 267 46 67 0.9855181 
918 222 32 43 0.98419815 
235 31 38 41 0.9806146 
227 188 23 42 0.9794902 
12 242 21 23 0.96400714 
-2 133 15 38 0.6600452 
50 172 21 29 0.29604778 
449 -5 35 23 0.275064 
375 150 13 16 0.25691307 
27 152 17 29 0.23618446 
232 99 21 28 0.23234901 
374 175 19 28 0.21744286 
189 69 17 28 0.18607605 
174 266 26 58 0.1817902 
118 -7 35 24 0.18066974 
994 113 19 25 0.15480609 
631 -31 270 383 0.14674965 
574 522 15 25 0.14581497 
50 146 13 16 0.11626369 
683 649 39 45 0.11105653 
893 176 13 15 0.10479766 
109 108 17 14 0.096558064 
288 427 30 27 0.086283125 
98 272 52 62 0.08508143 
970 12 51 58 0.06753184 
344 158 18 32 0.06503514 
29 448 48 34 0.064818084 
328 175 27 51 0.06202035 
17 158 19 33 0.059320968 
740 85 12 16 0.05925805 
426 512 11 25 0.058147207 
441 176 21 27 0.055029146 
277 102 17 28 0.051983584 
709 187 26 33 0.05185951 
713 158 19 25 0.049699686 
64 454 59 37 0.04823639 
880 210 29 41 0.04668064 
11 173 20 36 0.04618832 
887 215 13 16 0.04495807 
0 183 7 21 0.043988865 
139 172 19 26 0.042396702 
677 174 25 31 0.04224493 
584 12 44 57 0.040784623 
829 298 39 69 0.04059935 
200 228 30 50 0.040400814 
695 335 33 51 0.040201753 
151 253 36 71 0.03980575 
163 83 7 10 0.039676193 
561 102 17 25 0.039308704 
408 588 6 12 0.038851433 
411 176 18 30 0.037952583 
343 355 36 44 0.037717897 
537 196 24 37 0.03727867 
29 243 11 17 0.036936246 
937 106 20 27 0.035836533 
424 560 8 19 0.03509503 
254 184 37 53 0.035062864 
560 33 10 14 0.03460353 
295 432 45 46 0.03423034 
113 50 13 13 0.0339526 
177 79 8 15 0.033845626 
791 549 22 25 0.033748977 
199 156 15 23 0.03321682 
521 620 42 44 0.032580424 
257 561 12 15 0.03242525 
1004 22 47 65 0.03214634 
243 107 22 26 0.03208669 
869 282 33 49 0.030625507 
557 643 50 50 0.03040667 
185 75 9 18 0.030073648 
412 654 41 39 0.029683754 
206 153 12 18 0.029567339 
937 26 11 17 0.029510912 
700 260 34 67 0.028841516 
203 77 9 19 0.028565196 
151 110 10 10 0.028111719 
28 16 36 42 0.028063027 
202 187 12 15 0.027445225 
883 216 10 14 0.026269536 
711 158 31 51 0.02610985 
0 581 5 21 0.026097048 
831 231 9 13 0.025627177 
372 154 23 35 0.025559962 
81 260 42 58 0.025490627 
362 363 34 43 0.024955524 
4 234 36 46 0.024875676 
-1 300 7 18 0.024648221 
335 226 33 56 0.024480486 
138 108 13 12 0.023880325 
694 666 16 19 0.023826541 
430 360 32 47 0.023811119 
933 26 24 37 0.023748826 
103 83 11 10 0.023345208 
105 173 19 25 0.022451831 
73 508 35 44 0.022297187 
390 368 6 8 0.022200903 
210 199 18 32 0.022158843 
336 379 25 35 0.022141032 
452 9 30 35 0.021994032 
613 226 8 15 0.021967923 
1026 248 15 27 0.021704035 
666 245 50 88 0.021502178 
347 396 20 31 0.021456681 
26 252 21 27 0.021259004 
409 160 34 56 0.021232314 
116 84 8 8 0.021197155 
2 227 23 30 0.020998335 
272 11 37 50 0.020792319 
885 181 21 25 0.020643767 
0 127 6 19 0.020444818 
338 167 18 35 0.020083562 
72 284 17 35 0.02006235 
