13_Interview_Interview_2_People_Visible_13_285
93
535 244 131 215 0.9994849 
999 1359 9 23 0.13205773 
995 137 9 23 0.12741537 
19 1132 9 24 0.12378379 
998 1310 9 25 0.09657809 
273 939 8 16 0.094919086 
18 1040 10 25 0.07994685 
995 180 10 24 0.07051243 
18 1085 10 26 0.06731443 
298 944 8 11 0.066013426 
375 397 22 30 0.065087 
379 389 17 22 0.063603625 
995 223 10 27 0.06325332 
993 1017 19 56 0.056188583 
422 281 28 41 0.054501504 
999 1395 7 13 0.054056074 
996 762 10 31 0.052502617 
18 995 10 25 0.050118238 
997 538 9 31 0.04794386 
18 1173 10 28 0.047831576 
18 766 10 30 0.046693385 
997 113 6 12 0.04661714 
275 945 10 16 0.045619864 
997 1259 9 28 0.044917665 
996 716 10 33 0.044271406 
320 945 7 10 0.0439372 
705 544 15 19 0.04357869 
996 312 9 29 0.042548858 
858 193 17 26 0.042511716 
17 946 10 29 0.042466626 
843 1004 8 10 0.040657263 
996 269 9 26 0.04058689 
991 111 8 13 0.038196508 
997 851 10 32 0.036942124 
998 1125 10 27 0.035327334 
995 357 9 29 0.03490355 
719 997 6 10 0.034818433 
993 1152 18 59 0.03427596 
802 1007 4 7 0.034094047 
16 222 10 31 0.03283609 
744 991 4 8 0.032649763 
274 936 6 9 0.032441206 
993 751 18 60 0.03222558 
621 1069 6 10 0.03213437 
996 625 9 25 0.03211366 
18 679 9 28 0.032032065 
996 579 11 33 0.03190949 
996 671 10 32 0.031854212 
994 929 18 58 0.0314599 
17 855 11 32 0.031375818 
996 987 10 32 0.031361375 
996 942 10 31 0.030906076 
992 1061 19 59 0.030813273 
16 312 10 31 0.03054561 
993 1112 19 60 0.030392032 
997 897 10 31 0.030340688 
17 1357 12 27 0.03025176 
666 1004 8 12 0.030141752 
15 137 10 24 0.029575847 
631 1062 5 7 0.028975213 
827 644 14 21 0.028735157 
992 565 19 63 0.028539604 
996 806 10 34 0.028222319 
991 473 20 68 0.027759776 
18 813 9 29 0.027268233 
780 1005 6 9 0.027199553 
16 177 10 29 0.026975738 
998 1216 10 30 0.026463304 
188 951 6 8 0.025977101 
745 995 5 10 0.024968993 
601 1074 6 10 0.024959533 
995 883 18 58 0.024688525 
992 701 19 64 0.024573196 
996 125 7 15 0.024269162 
17 721 10 29 0.023977544 
17 629 10 32 0.023406405 
983 761 32 115 0.023064582 
18 1218 11 29 0.02292593 
583 1059 4 9 0.0229047 
999 1345 5 11 0.022732303 
18 1268 10 27 0.022243679 
995 490 11 34 0.022056656 
996 1073 9 26 0.022027805 
843 1000 8 8 0.021251213 
973 107 5 10 0.021217614 
996 402 9 30 0.021059798 
16 493 11 31 0.020680854 
11 108 10 19 0.020664778 
108 959 12 19 0.020390358 
335 941 7 11 0.020359974 
566 1061 4 8 0.020317461 
327 336 180 316 0.020249581 
830 863 6 7 0.02015816 
