13_Interview_Interview_On_Location_13_56
35
473 204 93 133 0.99990046 
363 20 81 87 0.48610285 
666 123 30 50 0.18555963 
787 475 20 46 0.14350499 
683 244 16 29 0.14267321 
759 87 55 82 0.08961673 
393 -90 379 357 0.072380446 
596 188 154 252 0.06352598 
720 99 22 43 0.060939636 
591 215 20 38 0.06064596 
63 188 9 16 0.050491717 
867 626 43 71 0.047589302 
295 342 314 416 0.045217298 
920 489 10 15 0.041144047 
150 285 263 457 0.03941143 
68 190 9 17 0.03755724 
71 135 81 144 0.03697145 
709 639 80 113 0.034210287 
947 518 18 39 0.032203272 
728 577 24 32 0.0318261 
138 253 12 17 0.030452767 
457 409 298 365 0.027072234 
599 12 288 419 0.02660491 
302 55 198 269 0.024137586 
932 473 16 29 0.023874905 
618 224 59 85 0.023646366 
670 53 16 24 0.023443498 
831 615 61 97 0.023331165 
929 489 36 74 0.022628589 
61 485 9 20 0.021797819 
830 509 12 19 0.021633487 
820 508 28 54 0.020980394 
943 696 25 52 0.020909395 
941 538 19 38 0.020233596 
892 685 31 53 0.020027457 
