13_Interview_Interview_Sequences_13_7
69
476 247 28 30 0.9999238 
105 245 25 30 0.999874 
636 192 39 52 0.99978393 
253 204 38 50 0.9997578 
382 264 23 23 0.9993161 
864 243 22 25 0.98534936 
914 256 25 21 0.86090547 
784 278 10 19 0.39219016 
768 297 10 14 0.14755216 
860 233 20 22 0.12969996 
384 293 20 31 0.07972605 
771 335 11 15 0.075735345 
718 343 18 28 0.07440331 
891 284 28 27 0.07429992 
875 281 11 16 0.06322457 
967 410 59 107 0.0561735 
777 312 10 14 0.04931955 
874 238 11 10 0.045685954 
971 235 20 24 0.04258965 
862 231 11 12 0.04079376 
554 284 12 20 0.040322684 
780 350 14 26 0.038794015 
664 262 34 46 0.038784787 
854 275 15 23 0.037618943 
955 221 11 16 0.037439007 
580 417 16 30 0.0372207 
926 260 15 12 0.036931522 
936 270 25 22 0.03314355 
757 305 7 11 0.03232417 
877 251 14 16 0.03215152 
350 334 12 15 0.03083241 
710 346 18 30 0.030708611 
946 260 12 11 0.029997382 
926 263 25 23 0.029776923 
841 272 12 16 0.029746119 
908 250 10 10 0.029056607 
908 249 21 20 0.028593702 
886 264 13 13 0.028416052 
874 230 8 8 0.028289067 
931 289 24 21 0.026834743 
659 414 8 18 0.026690032 
240 221 10 19 0.026394168 
983 277 11 18 0.026045946 
129 277 21 30 0.02572993 
943 266 15 12 0.025405137 
870 224 8 9 0.025296645 
136 306 36 58 0.025285134 
151 232 219 342 0.024751186 
875 223 8 10 0.024135 
560 279 9 16 0.023469882 
870 284 10 14 0.023211725 
732 350 11 18 0.02289525 
897 278 16 15 0.022871753 
885 255 14 14 0.022854969 
842 277 17 25 0.022461658 
887 273 12 13 0.02228178 
954 125 7 13 0.022269845 
870 231 8 9 0.022067893 
781 291 7 11 0.02187295 
420 327 18 35 0.021690411 
621 31 60 79 0.021667833 
710 179 8 9 0.021412838 
716 323 22 26 0.021255609 
684 338 18 27 0.02097622 
940 254 10 9 0.020845357 
852 248 8 10 0.020700572 
876 216 6 10 0.020617826 
893 274 14 12 0.020373883 
15 54 261 518 0.02005281 
