13_Interview_Interview_Sequences_13_373
142
487 184 73 91 0.9995659 
209 241 18 29 0.3391173 
635 228 18 29 0.22190878 
667 563 20 24 0.18224463 
294 67 9 12 0.13403256 
965 512 7 10 0.108456895 
710 110 27 33 0.10445381 
557 452 32 29 0.09348079 
283 483 294 358 0.09254929 
358 401 27 25 0.082833976 
655 496 14 15 0.077188775 
222 244 18 26 0.072319284 
641 500 13 16 0.06851701 
362 47 7 9 0.06182554 
887 534 8 10 0.06064597 
402 489 5 8 0.05749028 
96 502 4 6 0.057318583 
485 510 6 13 0.051742073 
808 522 6 7 0.04859205 
36 643 9 16 0.04679986 
832 552 9 9 0.046383318 
1010 403 6 10 0.045690592 
582 446 12 14 0.044375792 
1017 401 7 11 0.04418604 
545 461 47 42 0.042780288 
327 54 12 13 0.042683885 
361 57 11 14 0.042438548 
335 50 10 12 0.041881215 
177 465 24 48 0.03969181 
78 508 6 7 0.039039884 
575 442 25 27 0.038915675 
94 525 7 9 0.03750747 
358 51 8 10 0.03681968 
337 207 11 22 0.036315616 
88 526 6 9 0.03589979 
755 486 33 23 0.035326228 
810 540 6 7 0.03493168 
788 526 7 6 0.034889363 
1007 270 7 9 0.034672786 
806 525 8 8 0.03427901 
802 577 9 9 0.03411132 
552 444 81 70 0.03376816 
627 447 30 46 0.0336605 
359 20 8 14 0.03318419 
778 558 10 11 0.032989662 
390 398 8 9 0.032903153 
10 648 7 11 0.032705124 
51 667 9 16 0.032655224 
830 171 8 14 0.032255746 
807 564 8 10 0.03163127 
830 181 7 15 0.031139426 
359 648 7 10 0.031032203 
853 547 10 13 0.030893251 
742 517 10 13 0.030883897 
83 514 5 7 0.030461397 
99 497 3 5 0.030216571 
85 521 5 6 0.03001638 
773 552 8 9 0.029881593 
537 460 20 27 0.029707953 
108 539 6 8 0.02959572 
97 553 5 8 0.029181005 
807 546 8 7 0.028870814 
89 521 5 7 0.028545203 
311 510 9 13 0.02848467 
442 382 40 58 0.02807187 
775 540 6 7 0.028003976 
762 528 5 6 0.02780707 
51 658 7 15 0.027743472 
142 547 7 8 0.027722944 
86 531 7 9 0.027645186 
443 360 4 7 0.027571721 
800 534 8 7 0.027258085 
795 546 7 7 0.027250526 
343 52 8 11 0.027190693 
63 500 5 6 0.027147865 
459 660 8 13 0.027097002 
778 545 8 8 0.027043726 
231 247 10 16 0.027010852 
765 580 9 14 0.026856404 
91 481 37 41 0.026849555 
837 572 7 8 0.026836166 
378 200 17 32 0.026413271 
805 570 8 9 0.026262056 
96 507 5 7 0.026215766 
845 551 7 10 0.026204381 
264 95 9 13 0.025933724 
793 535 7 7 0.025716104 
452 14 10 10 0.025463432 
122 522 5 5 0.02546258 
849 607 9 9 0.02536616 
670 534 8 8 0.025349045 
805 553 8 7 0.025201017 
777 550 9 10 0.025023054 
545 197 38 54 0.024866909 
875 559 12 13 0.024852227 
657 528 9 8 0.024611197 
568 204 22 30 0.024317427 
671 300 9 20 0.024315434 
432 16 7 14 0.024241818 
102 496 4 6 0.024208827 
632 488 23 33 0.024183359 
71 502 5 6 0.024164317 
814 534 5 6 0.024149423 
572 450 10 13 0.024042573 
474 507 4 7 0.0237286 
491 384 6 10 0.023291197 
569 396 33 46 0.023176074 
382 186 7 10 0.02314352 
1020 265 15 21 0.02312209 
63 528 6 7 0.023103897 
128 509 6 7 0.023034235 
889 552 6 7 0.022870151 
792 597 12 11 0.022587152 
253 79 9 15 0.02253576 
111 516 4 5 0.022489743 
856 528 6 8 0.022456959 
811 526 7 6 0.022432227 
887 289 6 9 0.022397919 
573 417 9 13 0.022335758 
779 541 7 7 0.022335077 
352 53 8 11 0.022321993 
845 556 8 10 0.022218948 
368 109 7 12 0.022131952 
801 573 7 8 0.02206999 
791 523 6 6 0.022064138 
211 235 33 57 0.022030553 
813 515 6 5 0.021951439 
1017 376 7 12 0.021799421 
845 541 6 8 0.021755777 
232 648 26 39 0.021751333 
105 534 5 7 0.021456258 
853 531 6 7 0.021350717 
792 552 8 8 0.021295732 
305 235 17 26 0.021127043 
775 546 7 9 0.021039046 
316 60 7 8 0.020840295 
672 489 7 8 0.02058433 
791 527 7 6 0.020480776 
787 535 7 6 0.020387784 
96 514 5 6 0.020315563 
819 533 6 7 0.020179793 
475 503 3 6 0.020053247 
