13_Interview_Interview_2_People_Visible_13_327
19
588 154 162 249 0.9999143 
361 190 173 280 0.9998159 
148 395 288 355 0.25162992 
463 703 20 25 0.11178599 
188 151 26 34 0.07639131 
455 -86 359 409 0.039996143 
424 717 25 31 0.037669044 
879 235 150 164 0.029393554 
121 178 29 46 0.028486729 
940 244 21 27 0.024658358 
1046 309 17 26 0.024032997 
926 178 11 11 0.023966389 
442 691 21 25 0.023500035 
387 649 9 13 0.02274406 
930 200 22 24 0.022395855 
391 716 21 24 0.021849498 
326 696 7 10 0.021374896 
337 708 27 40 0.020295732 
143 760 51 41 0.020118915 
