13_Interview_Interview_2_People_Visible_13_155
42
356 199 291 436 0.99993813 
333 503 260 429 0.16428418 
905 560 3 5 0.032907736 
158 531 89 101 0.030437658 
944 572 3 6 0.029687254 
291 340 61 116 0.028842935 
924 573 3 5 0.027829466 
950 578 3 6 0.027185854 
924 566 3 5 0.026809359 
937 579 3 4 0.026710995 
911 566 3 5 0.026238762 
937 565 3 6 0.025724852 
931 579 3 5 0.025181167 
917 566 3 5 0.025155947 
924 579 3 4 0.024859218 
911 560 3 5 0.02477679 
874 561 3 4 0.02476512 
937 559 3 6 0.024413945 
924 560 3 5 0.024071082 
917 573 3 4 0.023975573 
931 560 2 5 0.023783885 
931 566 2 5 0.023723409 
937 585 3 5 0.02324531 
931 585 3 5 0.023059025 
937 598 3 6 0.023005364 
949 572 3 6 0.022710465 
898 560 3 5 0.02246786 
905 553 3 5 0.022458777 
943 566 3 5 0.022416648 
911 553 3 5 0.022303004 
930 591 3 5 0.022299495 
943 578 3 5 0.022290643 
879 561 3 4 0.022278799 
873 567 3 3 0.021707775 
904 566 4 5 0.021695754 
892 554 3 4 0.021494798 
943 592 3 5 0.021345133 
835 541 3 4 0.02117887 
872 629 3 5 0.020849736 
899 566 3 5 0.020848978 
931 572 3 5 0.020521836 
937 572 3 5 0.020064259 
