13_Interview_Interview_Sequences_13_1032
26
395 141 202 285 0.99866617 
142 560 10 17 0.38203648 
947 545 11 18 0.09340733 
737 994 44 109 0.08923288 
792 500 26 34 0.0672105 
123 553 9 17 0.045983423 
778 486 16 24 0.04575725 
143 569 13 24 0.044542808 
114 551 13 21 0.04066165 
596 910 23 49 0.034903213 
837 533 19 25 0.030787244 
89 912 395 828 0.030628204 
799 604 27 51 0.029910032 
664 892 15 27 0.029118367 
796 1205 91 154 0.029038696 
770 493 17 25 0.028441017 
134 570 13 23 0.025296018 
524 2 19 10 0.023295417 
136 552 19 33 0.023275802 
1005 545 8 16 0.023000246 
788 171 19 22 0.022615377 
1014 541 6 12 0.021346208 
313 0 70 62 0.021057049 
895 582 16 26 0.020679133 
325 739 40 75 0.020273188 
786 488 18 22 0.020072196 
