13_Interview_Interview_On_Location_13_3
356
919 285 65 84 0.99567634 
604 258 364 476 0.07943041 
359 435 4 5 0.061419755 
359 424 4 5 0.06078478 
130 507 3 5 0.047815163 
33 555 5 6 0.047557604 
621 463 4 4 0.046867043 
372 404 4 4 0.04644358 
609 628 3 6 0.04470082 
623 616 3 5 0.04433847 
358 429 4 5 0.043674488 
128 538 3 5 0.042625878 
616 405 3 4 0.04181987 
391 417 4 5 0.04181866 
577 425 3 3 0.040977605 
129 520 3 4 0.040818464 
604 622 3 5 0.040373273 
391 431 4 4 0.039557934 
526 438 3 4 0.039237842 
391 436 5 5 0.03847623 
129 513 4 4 0.03718238 
142 513 3 4 0.037014265 
398 431 4 4 0.036754187 
385 387 3 3 0.03673017 
616 609 3 4 0.03641568 
154 507 4 4 0.036317006 
404 412 4 3 0.036202714 
91 512 5 5 0.03610948 
141 508 4 4 0.03599369 
117 526 4 4 0.03596275 
532 443 3 4 0.0359018 
142 520 3 4 0.03503361 
609 405 3 4 0.033949237 
616 604 3 5 0.033887718 
578 457 2 3 0.033843875 
53 544 4 5 0.033757463 
391 412 3 3 0.033599485 
532 751 7 12 0.03319028 
418 412 3 4 0.033118494 
558 462 3 5 0.032846905 
359 404 4 4 0.0328056 
161 514 4 4 0.032582242 
91 501 5 5 0.03255852 
616 463 3 3 0.032320946 
379 386 4 4 0.032272793 
33 552 4 6 0.03217803 
616 419 3 3 0.032170292 
352 418 3 4 0.032141834 
604 616 2 4 0.032081243 
154 514 3 4 0.031952925 
366 405 4 3 0.03194083 
564 443 3 4 0.03193014 
392 423 4 4 0.031884838 
378 411 4 4 0.031820185 
396 437 4 4 0.031633984 
551 444 3 3 0.03155637 
384 417 4 5 0.03152755 
321 578 4 4 0.031430546 
353 423 4 5 0.031426806 
602 406 3 3 0.031384546 
109 532 4 4 0.031288885 
46 498 5 5 0.031237055 
149 514 3 4 0.031228285 
577 463 3 4 0.031100962 
565 437 3 4 0.031092588 
72 533 5 6 0.031043947 
507 654 4 6 0.03087392 
378 379 4 4 0.0308736 
699 443 3 4 0.030871155 
692 450 3 3 0.030860648 
78 545 4 6 0.030570388 
411 398 4 5 0.030522168 
228 233 317 410 0.03044097 
404 430 3 4 0.030263457 
411 418 3 3 0.030190734 
526 443 3 4 0.030135661 
76 532 5 6 0.0300946 
596 419 3 3 0.029993212 
258 633 4 6 0.029899066 
122 526 3 4 0.029889377 
558 457 2 3 0.02981981 
572 431 3 4 0.029790893 
90 558 4 7 0.029772485 
354 430 4 4 0.029682752 
136 520 3 4 0.029431805 
360 400 3 3 0.02939651 
571 469 3 4 0.02935133 
623 620 4 6 0.029338457 
693 445 3 3 0.029290238 
346 423 5 5 0.02925637 
629 457 3 3 0.029166462 
533 687 3 4 0.029131228 
803 280 4 8 0.029096588 
51 539 4 5 0.029081587 
315 585 3 4 0.029009212 
634 450 3 4 0.02899955 
148 520 4 4 0.028956184 
550 750 8 13 0.02886966 
378 435 5 4 0.02874555 
577 419 3 3 0.028477112 
620 374 4 5 0.028436609 
539 443 3 4 0.028404852 
385 412 3 3 0.028403103 
340 424 4 4 0.028184315 
372 399 3 3 0.027910022 
628 463 3 4 0.027870031 
414 753 7 11 0.027786115 
623 610 2 4 0.027713723 
116 538 4 5 0.027690325 
782 274 5 7 0.027472079 
591 463 3 3 0.027441913 
309 512 4 5 0.027419413 
501 660 3 5 0.027413774 
84 564 4 7 0.02731243 
92 525 4 5 0.027267344 
104 526 5 5 0.027149523 
776 652 4 7 0.02705157 
609 616 2 5 0.027041668 
615 411 4 4 0.02703484 
629 597 3 4 0.02687135 
571 464 3 3 0.026776623 
38 557 4 6 0.026768213 
572 458 2 3 0.026685294 
78 549 4 7 0.026665175 
117 522 3 4 0.026646594 
51 564 5 7 0.026626429 
123 546 4 5 0.026613778 
571 648 3 4 0.02649783 
149 508 3 4 0.026489817 
405 426 2 3 0.026486121 
347 399 3 4 0.026418103 
565 469 3 4 0.026383901 
154 520 4 4 0.026364129 
129 437 3 4 0.026282264 
616 616 3 4 0.026273556 
397 406 3 3 0.026152102 
116 532 4 4 0.026119264 
255 753 10 13 0.026063506 
660 463 3 3 0.025982602 
127 533 4 4 0.02581889 
628 450 3 4 0.025766721 
661 468 3 4 0.025748063 
124 533 4 4 0.025712734 
635 456 3 4 0.025640894 
583 476 3 4 0.025527941 
48 538 4 5 0.025504975 
367 275 48 53 0.025458695 
45 568 6 7 0.025417594 
340 418 3 4 0.025398102 
52 551 5 6 0.025394725 
341 610 3 4 0.025371877 
680 426 3 3 0.02531776 
609 399 2 4 0.025316522 
622 468 4 5 0.025308372 
698 674 4 6 0.02527994 
635 463 3 4 0.02526516 
700 456 3 4 0.025247414 
358 411 5 4 0.025214875 
347 404 4 4 0.025197316 
347 616 3 4 0.025086228 
623 449 3 4 0.025065318 
785 269 4 7 0.025036301 
308 754 6 9 0.02503508 
354 411 4 4 0.024958361 
609 622 2 5 0.024930814 
552 456 3 4 0.024903545 
629 444 3 3 0.024866309 
340 411 3 4 0.024858171 
123 550 5 6 0.024855522 
73 536 5 6 0.024789128 
336 572 3 4 0.024772549 
656 463 3 4 0.024752961 
628 412 4 3 0.024746452 
123 521 3 4 0.024746265 
156 494 3 4 0.024720524 
636 628 4 5 0.024692222 
559 660 4 5 0.02467335 
500 665 3 6 0.024665829 
531 488 4 5 0.02464457 
679 712 4 4 0.024610216 
334 577 4 4 0.024609186 
636 615 3 5 0.02459016 
378 423 5 5 0.02454469 
795 267 5 7 0.024538664 
630 603 3 5 0.024518536 
339 615 4 5 0.024495121 
526 753 5 10 0.02447497 
617 424 2 3 0.024462545 
552 437 3 4 0.024430534 
128 500 4 5 0.02430522 
398 411 3 3 0.024301512 
584 616 3 5 0.024190214 
353 404 4 4 0.024111617 
416 404 4 4 0.024067897 
366 603 4 4 0.024064345 
610 469 3 4 0.024053251 
603 418 3 3 0.024042461 
47 552 3 5 0.023993785 
576 430 4 4 0.023986824 
393 449 4 4 0.023971964 
124 500 4 4 0.023964409 
397 418 4 4 0.02392797 
116 545 4 5 0.023903377 
583 424 4 3 0.02386803 
347 417 5 4 0.023803385 
532 438 3 4 0.023789251 
404 437 3 4 0.023783881 
629 425 3 3 0.023647292 
667 467 3 5 0.023635611 
686 445 3 3 0.023571728 
142 436 3 5 0.023561275 
535 748 7 12 0.02355226 
135 526 4 4 0.023516897 
552 425 2 4 0.023504855 
841 260 6 10 0.0234836 
302 519 4 5 0.0234448 
597 412 3 3 0.023430448 
680 716 5 6 0.023363823 
648 602 4 6 0.023363557 
635 412 4 3 0.023333078 
565 431 2 3 0.023318378 
604 628 3 5 0.023300938 
335 615 3 5 0.023287063 
417 418 3 4 0.023244275 
135 508 3 4 0.023222955 
636 622 3 5 0.023176413 
519 494 3 5 0.023158934 
59 755 5 8 0.023158504 
430 503 3 3 0.023137696 
776 641 4 6 0.023094662 
610 411 3 4 0.023088446 
634 444 3 3 0.023077553 
577 653 3 6 0.02307064 
687 450 3 3 0.023052735 
109 526 4 5 0.023037955 
559 590 3 5 0.023023937 
616 622 3 5 0.023002546 
135 514 3 4 0.023000237 
622 457 3 3 0.022951104 
-19 219 317 404 0.02294261 
377 406 4 3 0.022842215 
378 430 4 5 0.022739787 
679 430 4 4 0.022710849 
591 457 3 4 0.02270312 
66 550 5 6 0.022625426 
704 546 4 5 0.022617828 
641 463 3 4 0.022554234 
353 399 3 4 0.022552267 
527 488 3 5 0.022536937 
626 616 3 4 0.022529889 
368 751 8 12 0.022520823 
118 614 4 7 0.022461623 
512 654 3 5 0.022444688 
944 259 9 8 0.022427972 
603 469 3 4 0.022409778 
404 385 4 5 0.022396566 
610 610 2 4 0.02234136 
256 621 4 7 0.022322923 
674 450 3 4 0.022300953 
614 628 4 5 0.022286315 
673 431 3 3 0.022274353 
558 425 3 3 0.022250228 
622 412 4 3 0.02214884 
672 464 3 3 0.02214789 
596 610 3 4 0.022104427 
366 411 4 5 0.022071999 
564 464 3 3 0.022033524 
411 506 3 4 0.022019785 
129 527 3 3 0.022000251 
622 405 2 4 0.021977533 
78 568 5 6 0.021891924 
410 431 3 3 0.02180691 
340 405 3 4 0.021791589 
825 384 6 6 0.021783784 
404 417 3 4 0.02172568 
781 263 4 6 0.021703487 
52 556 5 6 0.021698492 
142 550 4 7 0.021686474 
321 584 4 4 0.021662336 
538 712 4 5 0.02163437 
590 590 3 5 0.021615636 
367 430 4 4 0.021578042 
565 418 4 4 0.02151126 
595 424 4 3 0.021489358 
71 544 4 6 0.02146738 
409 412 3 4 0.021450276 
633 603 3 5 0.021382881 
628 610 3 4 0.021378191 
507 658 3 6 0.021349039 
105 531 4 5 0.02131879 
384 431 4 4 0.021235595 
347 412 3 4 0.021225745 
698 450 4 4 0.021223828 
615 458 3 3 0.02118848 
577 647 4 5 0.021170726 
161 508 3 3 0.021120992 
655 692 4 6 0.021108562 
397 424 4 4 0.021093365 
302 507 3 4 0.02105197 
598 405 3 4 0.021038923 
257 616 3 5 0.021022582 
564 590 3 5 0.021012073 
640 628 3 5 0.021011848 
59 538 4 5 0.021004707 
111 551 4 6 0.02100252 
571 436 4 4 0.020958487 
103 506 5 5 0.020939924 
604 424 3 4 0.020901568 
109 522 4 4 0.02089806 
429 506 3 4 0.02089079 
37 532 5 7 0.020876106 
359 417 4 4 0.02087283 
608 424 4 4 0.020842837 
538 439 3 3 0.02083554 
10 -27 376 289 0.02079476 
372 411 4 4 0.020776939 
673 467 3 4 0.02075708 
66 545 4 6 0.020747012 
442 755 5 9 0.020741245 
385 406 3 4 0.020732094 
597 443 3 3 0.020729987 
591 424 3 4 0.020715684 
83 568 4 6 0.020708375 
622 424 2 3 0.020699548 
383 423 4 5 0.020592518 
673 438 3 3 0.02058784 
711 628 4 6 0.020533785 
666 457 3 3 0.020524655 
615 475 3 5 0.020515826 
648 419 3 3 0.020505348 
622 474 4 6 0.020492401 
700 545 3 5 0.02049153 
610 418 3 4 0.020484611 
668 463 3 4 0.020476375 
360 603 3 4 0.020463634 
321 628 3 5 0.020463355 
327 629 4 4 0.020453917 
78 506 4 5 0.020433716 
365 379 5 4 0.020408314 
538 688 3 4 0.02040535 
667 698 3 5 0.02038591 
316 634 4 7 0.020366678 
557 418 3 4 0.020328142 
411 425 3 3 0.02032398 
680 463 3 4 0.020230003 
403 405 3 4 0.020214967 
270 635 4 5 0.020188922 
307 577 4 4 0.020176567 
648 412 4 3 0.020173997 
708 752 8 11 0.020171406 
513 660 4 5 0.020152265 
698 678 4 5 0.020133229 
642 418 3 3 0.020082954 
27 417 6 6 0.020069191 
359 392 3 4 0.020051906 
602 411 3 4 0.020005334 
