13_Interview_Interview_2_People_Visible_13_409
29
311 134 331 535 0.9995197 
473 867 85 119 0.96922517 
691 292 81 129 0.70411706 
217 275 15 20 0.6697779 
104 658 373 479 0.30395538 
72 251 12 18 0.16651328 
-70 35 406 541 0.069551066 
805 434 30 50 0.06675451 
239 278 11 18 0.058712117 
507 870 210 329 0.043879423 
-96 670 396 627 0.043875825 
168 421 14 23 0.03957308 
146 261 12 20 0.03803991 
426 236 61 85 0.037805654 
995 184 11 20 0.037194144 
255 264 11 21 0.033523474 
260 244 39 72 0.030876024 
375 455 396 686 0.02868661 
960 233 11 21 0.028385712 
935 288 20 34 0.028322542 
969 308 13 20 0.025930943 
402 192 43 69 0.024064409 
542 636 436 442 0.023836369 
955 235 10 19 0.022121215 
308 239 52 88 0.021360183 
735 398 48 91 0.020832576 
978 180 9 17 0.020746304 
152 413 41 74 0.020305144 
851 55 95 179 0.02016293 
