13_Interview_Interview_On_Location_13_394
18
695 144 84 125 0.9997681 
604 232 77 96 0.9995931 
285 122 56 113 0.39952832 
502 555 9 17 0.092219464 
242 50 95 109 0.08395276 
814 231 53 77 0.056709584 
795 555 24 28 0.056364056 
476 562 10 17 0.047384035 
191 135 7 11 0.03634973 
785 300 85 153 0.033620667 
667 192 36 64 0.031879026 
385 377 80 97 0.029096844 
708 285 37 62 0.02513312 
887 701 134 129 0.024218686 
531 540 6 9 0.021187749 
187 135 6 9 0.020953333 
216 351 67 163 0.020559672 
674 612 6 10 0.02016276 
