13_Interview_Interview_Sequences_13_864
26
609 133 41 52 0.9710803 
554 91 44 67 0.9359362 
729 286 48 59 0.14571568 
520 90 39 67 0.08516503 
407 399 11 11 0.057674363 
752 237 31 27 0.053603534 
384 402 41 43 0.05294865 
479 603 33 26 0.049561374 
698 284 51 64 0.04944855 
580 112 42 57 0.04627947 
98 -27 365 589 0.042943683 
738 242 42 49 0.040063813 
322 123 35 51 0.03686503 
600 305 46 51 0.036257725 
493 371 50 43 0.03550325 
771 279 36 46 0.03527034 
724 248 34 36 0.03109545 
430 450 32 47 0.027947534 
407 403 46 42 0.026020696 
996 295 63 125 0.025993554 
454 197 80 105 0.025451602 
468 433 30 45 0.024762392 
544 629 40 52 0.024567539 
403 388 8 8 0.024209233 
401 395 23 22 0.023212023 
546 90 28 52 0.021798734 
