13_Interview_Interview_Sequences_13_111
27
291 169 26 35 0.99958545 
390 218 21 29 0.9994723 
123 210 24 30 0.99943274 
212 150 36 48 0.9991602 
595 29 41 56 0.9981406 
763 115 28 43 0.9884814 
506 177 26 32 0.9811499 
547 351 20 22 0.11726087 
509 392 9 19 0.110499255 
723 275 23 31 0.05945272 
534 128 28 62 0.047869526 
706 218 29 55 0.041753188 
264 308 32 69 0.039811473 
559 359 10 13 0.038806733 
462 329 10 12 0.03646333 
460 249 15 27 0.034556005 
450 345 11 13 0.0314827 
178 219 17 27 0.031472053 
561 366 9 13 0.0298212 
549 396 10 16 0.02928798 
548 248 30 64 0.02807258 
536 183 16 27 0.024905443 
456 255 31 58 0.024544902 
475 485 25 27 0.021764465 
705 343 22 33 0.021120537 
510 376 6 8 0.020937845 
507 375 6 9 0.020026 
