13_Interview_Interview_Sequences_13_884
17
253 181 51 68 0.9983517 
272 258 54 131 0.36854532 
204 462 57 55 0.17089564 
661 -56 332 442 0.10752489 
253 371 367 343 0.100127846 
908 71 46 62 0.047754485 
657 292 407 472 0.03701312 
399 228 58 114 0.028735854 
404 264 19 40 0.026787063 
529 176 23 28 0.025778355 
621 237 15 27 0.025291432 
547 193 12 19 0.024865242 
876 85 7 12 0.024689293 
179 447 58 48 0.02418377 
918 120 39 72 0.024091437 
-46 287 454 437 0.023983307 
910 176 8 11 0.02002019 
