13_Interview_Interview_On_Location_13_284
24
453 64 83 118 0.99989104 
109 226 32 57 0.9862738 
488 217 47 44 0.062110074 
615 370 13 20 0.050782777 
358 361 39 96 0.046896048 
308 198 4 9 0.035567485 
3 5 36 29 0.033879753 
33 4 7 8 0.033253886 
663 386 12 16 0.03224483 
306 216 10 21 0.029679146 
16 3 11 8 0.029562486 
696 413 21 27 0.02718332 
37 5 6 7 0.02713784 
59 2 6 6 0.026113575 
60 71 14 16 0.024042863 
138 62 22 25 0.02390197 
56 4 11 10 0.023741366 
63 1 5 5 0.021930585 
49 0 22 20 0.021683162 
554 126 9 19 0.021182297 
19 0 7 6 0.02102862 
646 223 5 10 0.020772524 
700 91 6 11 0.02069542 
11 5 10 8 0.020559618 
