13_Interview_Interview_Sequences_13_37
32
795 195 62 68 0.99868757 
257 181 72 105 0.9933028 
493 175 68 73 0.98472863 
360 128 33 38 0.66897297 
578 64 313 414 0.4571704 
781 497 60 51 0.21880016 
687 137 26 33 0.18285342 
531 170 74 85 0.12947407 
58 368 65 104 0.11674847 
5 470 430 382 0.11350492 
139 -58 423 431 0.11323449 
595 503 575 445 0.07312872 
602 131 102 137 0.05793216 
185 522 125 107 0.05645497 
571 179 15 15 0.049940556 
654 -59 424 409 0.046772163 
764 216 37 55 0.04599367 
202 229 101 83 0.04510833 
244 476 582 470 0.04438465 
380 131 27 33 0.03881974 
579 174 47 66 0.038061865 
750 467 37 57 0.034969795 
365 415 40 81 0.034646943 
291 133 18 34 0.034578096 
383 309 18 35 0.033582665 
537 194 27 41 0.030147336 
712 428 62 101 0.029847097 
134 515 19 34 0.02571999 
60 453 11 23 0.024327468 
765 481 49 53 0.023321241 
535 120 21 34 0.022129146 
641 281 39 63 0.0205965 
