13_Interview_Interview_On_Location_13_138
206
96 261 20 21 0.95676374 
497 249 18 20 0.8361619 
55 340 33 38 0.74809235 
334 232 19 16 0.64928836 
669 279 24 20 0.52862597 
434 292 23 28 0.3954026 
65 536 12 19 0.21999258 
357 274 10 11 0.1717346 
417 248 7 11 0.15892611 
143 590 30 33 0.14761502 
327 273 26 19 0.14662331 
166 139 18 27 0.13009702 
453 322 23 35 0.12627359 
769 27 30 56 0.12318705 
591 281 16 10 0.11968543 
12 534 38 37 0.08259525 
52 501 21 24 0.08178548 
369 307 21 32 0.07906927 
370 279 12 14 0.07549949 
621 295 16 11 0.07419129 
343 614 24 21 0.0731982 
811 318 15 11 0.07281998 
408 256 7 10 0.06900441 
208 424 56 68 0.064599015 
291 125 11 11 0.06399299 
725 316 14 16 0.06385133 
606 313 8 7 0.062767185 
305 153 11 13 0.06257975 
218 205 10 16 0.0600996 
295 606 21 30 0.057014953 
423 301 28 30 0.05662114 
245 173 12 16 0.056167096 
330 229 14 15 0.054090038 
245 398 74 100 0.053750847 
508 251 19 21 0.050815392 
849 323 13 13 0.050766252 
642 288 11 9 0.050066542 
376 262 8 9 0.049322095 
100 370 11 8 0.049085904 
595 316 6 5 0.048875973 
323 320 11 20 0.04624055 
527 261 11 9 0.045908947 
711 311 53 44 0.04547921 
580 273 11 8 0.045266442 
400 333 42 38 0.04406874 
752 400 31 25 0.043221712 
103 364 11 10 0.042455383 
102 155 6 10 0.042422384 
96 137 7 11 0.042365253 
662 255 9 10 0.041781954 
70 375 30 19 0.041247316 
500 38 322 406 0.039820265 
230 159 23 29 0.038390826 
63 551 24 31 0.03742241 
714 470 10 8 0.036882024 
876 48 17 30 0.03684504 
603 314 6 6 0.036832396 
521 247 10 12 0.03678883 
201 174 9 14 0.036672603 
341 259 13 11 0.036590397 
632 289 26 22 0.036124613 
85 379 35 23 0.035459414 
1006 571 41 71 0.035358652 
372 261 7 8 0.03503551 
123 142 5 8 0.03499425 
78 354 15 15 0.034744475 
674 345 27 21 0.03454189 
51 458 31 30 0.033838477 
31 40 24 52 0.033730995 
571 279 28 18 0.033493254 
530 270 25 18 0.033395145 
241 151 20 35 0.033384554 
968 584 35 61 0.032853413 
211 177 10 13 0.03265492 
261 136 6 7 0.032603458 
431 311 28 33 0.032453608 
517 257 20 19 0.032187797 
54 369 30 28 0.03158454 
330 201 10 14 0.03144608 
805 572 27 20 0.031431463 
410 240 4 5 0.03130545 
668 308 13 14 0.031290267 
298 162 12 13 0.031192254 
306 148 10 11 0.031088812 
56 593 18 30 0.030906815 
573 282 13 10 0.030821167 
623 302 13 11 0.030708775 
38 11 9 14 0.030606814 
388 270 10 12 0.030309867 
131 627 13 16 0.030255048 
247 138 21 34 0.030242776 
644 279 11 10 0.029658506 
220 183 10 14 0.029428795 
97 158 6 9 0.029328313 
411 251 6 8 0.029292498 
382 262 7 11 0.028852824 
647 621 14 12 0.028764173 
361 275 16 17 0.028585197 
0 596 7 19 0.02853842 
808 367 12 10 0.028486848 
648 269 10 7 0.02842429 
63 324 31 35 0.028419323 
92 366 25 20 0.028225705 
666 164 9 12 0.028201463 
410 243 5 7 0.028076543 
613 312 9 8 0.027813585 
148 568 46 55 0.027812533 
296 586 41 42 0.027702056 
287 150 10 11 0.027685765 
0 54 5 14 0.027660526 
642 293 12 11 0.02763507 
320 310 13 20 0.027244728 
270 136 6 7 0.02705263 
567 628 15 14 0.027006282 
617 313 11 9 0.026824443 
91 265 11 12 0.026444823 
807 599 11 14 0.026425753 
340 282 15 14 0.026312592 
342 624 15 13 0.02608449 
804 320 24 18 0.025965882 
350 279 12 11 0.025926376 
234 172 13 15 0.025889931 
364 260 8 9 0.025880752 
524 541 5 5 0.025631333 
279 594 27 32 0.025535006 
370 257 19 20 0.025532335 
650 279 11 9 0.025450667 
917 405 34 40 0.025434706 
681 179 14 15 0.025386732 
540 308 13 10 0.02534079 
607 288 9 7 0.025303058 
195 111 21 31 0.02529785 
623 288 12 9 0.025201838 
402 259 10 13 0.025192924 
93 378 11 8 0.025181327 
354 618 11 13 0.025167946 
409 281 9 13 0.024959102 
362 557 10 8 0.024946677 
60 379 14 15 0.02462968 
373 258 5 6 0.024608623 
376 257 6 7 0.024557633 
308 135 6 7 0.024234375 
411 247 15 21 0.024189519 
268 210 7 9 0.024139863 
294 189 12 15 0.024085475 
323 217 9 13 0.024021868 
620 294 27 22 0.02395801 
963 599 19 34 0.023897674 
105 626 11 12 0.023848983 
830 325 12 10 0.023520717 
227 196 8 14 0.023470638 
658 250 17 20 0.023463428 
645 274 10 9 0.023327356 
787 372 10 9 0.023320666 
811 192 23 26 0.0232838 
588 315 6 6 0.023266489 
556 283 27 17 0.023129044 
559 276 12 8 0.023097085 
90 384 18 10 0.023063164 
603 310 7 6 0.022991376 
820 40 15 35 0.022928672 
541 274 27 19 0.022891568 
343 176 12 14 0.022757543 
361 269 10 11 0.02274169 
255 139 8 11 0.022701427 
607 293 9 8 0.022682764 
601 297 22 19 0.022650998 
769 402 15 12 0.022495965 
845 302 5 6 0.022312216 
636 350 26 22 0.022295995 
312 276 26 20 0.022274418 
681 346 14 12 0.022188155 
57 596 30 49 0.022171823 
632 294 11 10 0.022158673 
658 172 12 15 0.022022007 
1 624 6 17 0.021989953 
339 519 45 36 0.021731848 
612 287 8 7 0.02161555 
844 588 14 13 0.021606533 
648 279 25 21 0.021558892 
585 271 10 7 0.021543106 
522 253 10 12 0.02148795 
636 619 11 11 0.021226924 
511 261 422 346 0.021187874 
330 276 38 37 0.021175409 
379 279 19 23 0.021105185 
368 287 13 16 0.0210359 
417 388 25 32 0.021030203 
1018 492 7 11 0.020982636 
623 312 11 11 0.020926014 
611 295 11 8 0.020864503 
596 319 6 6 0.020840278 
390 255 7 10 0.020807328 
390 251 6 7 0.020800827 
38 548 24 28 0.020788059 
646 257 5 5 0.020568557 
566 276 11 7 0.020559989 
100 376 11 8 0.02051528 
115 141 5 7 0.020510165 
523 295 8 8 0.020419806 
269 139 9 8 0.02031494 
556 281 11 8 0.020314755 
512 294 10 9 0.020226605 
343 614 12 13 0.020170532 
85 399 14 12 0.020152446 
475 185 5 8 0.020021897 
