13_Interview_Interview_Sequences_13_55
55
636 135 131 319 0.99959964 
545 365 51 82 0.9985379 
632 430 19 35 0.96180826 
23 279 11 19 0.43572193 
995 454 27 34 0.37120816 
931 118 112 278 0.16678745 
467 396 31 57 0.10628107 
54 439 17 25 0.1005774 
116 89 22 20 0.08131436 
483 405 30 56 0.07405275 
277 630 19 22 0.072284386 
17 6 16 26 0.061204627 
26 273 12 12 0.059456382 
308 630 13 17 0.05707558 
13 199 44 47 0.053601623 
509 449 21 31 0.051118642 
447 362 17 32 0.04987434 
496 422 28 54 0.047578506 
259 576 15 15 0.046248972 
299 454 26 31 0.042933084 
248 -10 281 347 0.04122917 
1005 462 15 17 0.034909613 
353 597 8 16 0.034460794 
475 456 10 15 0.033661585 
130 169 9 13 0.031741776 
17 434 41 45 0.031610932 
30 32 15 25 0.030552143 
61 177 9 9 0.030501233 
251 626 19 22 0.030108457 
1003 455 43 62 0.029605726 
472 460 11 17 0.029310634 
940 277 79 180 0.029107522 
43 267 11 11 0.028227054 
216 599 50 47 0.028144553 
472 383 17 34 0.027106088 
143 520 36 49 0.02689865 
299 625 18 25 0.026406191 
489 418 58 97 0.025726562 
2 296 10 18 0.025400996 
335 604 66 86 0.025054978 
598 380 30 60 0.024528272 
120 285 16 28 0.024213696 
454 285 338 427 0.023642454 
46 280 20 25 0.023622148 
512 364 41 73 0.023417098 
69 240 9 10 0.023072818 
310 594 11 16 0.022518814 
311 432 69 87 0.022431929 
223 569 8 7 0.022177909 
312 630 17 24 0.022071587 
288 634 12 17 0.022040818 
294 445 21 28 0.022008404 
317 469 9 12 0.021525193 
-46 31 287 335 0.021501923 
67 216 10 11 0.020709706 
