13_Interview_Interview_2_People_Visible_13_442
33
221 528 12 21 0.8904483 
958 431 6 10 0.06842436 
845 399 7 16 0.064737365 
203 530 9 19 0.058869455 
211 523 15 25 0.050408635 
128 3 6 9 0.05032033 
89 210 12 16 0.0459715 
245 105 11 16 0.043470297 
918 378 3 7 0.034906473 
132 4 6 9 0.03221922 
89 5 5 7 0.03213028 
956 432 5 9 0.031839993 
59 217 19 22 0.030701006 
908 313 20 48 0.028917702 
240 93 6 8 0.028872658 
210 531 8 16 0.027621223 
967 421 8 12 0.027571471 
680 -8 364 398 0.02686243 
68 6 6 7 0.026706582 
84 6 5 6 0.025852626 
918 381 4 8 0.025514467 
870 403 7 12 0.024633953 
155 12 5 9 0.023571193 
155 6 4 6 0.023160331 
78 7 4 6 0.023078296 
958 422 6 10 0.022996614 
911 372 3 6 0.022518756 
102 627 20 32 0.021669 
921 399 4 9 0.02123083 
123 4 6 8 0.021066347 
109 5 6 8 0.02055156 
969 442 4 6 0.020222958 
910 377 3 7 0.020076014 
