13_Interview_Interview_On_Location_13_559
22
536 206 91 124 0.9997603 
367 19 19 44 0.43523395 
484 338 23 46 0.14738847 
952 105 14 14 0.05986667 
303 82 19 40 0.052594285 
353 34 30 48 0.045206334 
871 33 15 14 0.044598103 
831 20 25 24 0.03596685 
833 41 28 27 0.034031954 
496 479 69 161 0.033782493 
578 250 10 14 0.033694554 
897 53 17 24 0.031662736 
784 169 26 42 0.03064941 
341 39 24 33 0.029564545 
530 390 23 48 0.028897047 
511 418 9 22 0.022818621 
154 269 4 6 0.022263806 
305 38 27 27 0.022057703 
877 36 24 28 0.021718623 
343 36 12 18 0.020871205 
339 19 25 28 0.020833472 
155 266 3 6 0.020133913 
