13_Interview_Interview_Sequences_13_541
45
485 252 21 27 0.9917937 
961 79 10 15 0.25731322 
752 323 8 15 0.09865995 
182 93 32 50 0.08382558 
754 277 8 12 0.078498766 
30 83 19 34 0.07446535 
322 104 8 14 0.04870218 
74 78 17 29 0.048320286 
513 89 11 14 0.03783579 
759 274 9 14 0.03659784 
267 349 400 375 0.03560126 
503 257 11 17 0.034151427 
751 308 9 16 0.03344995 
750 273 6 13 0.032825794 
547 80 9 12 0.03032449 
623 324 16 32 0.028576069 
471 446 13 14 0.028338326 
626 323 9 17 0.028240465 
127 106 23 40 0.028143106 
559 92 9 13 0.027970664 
831 238 8 14 0.027749322 
811 270 16 25 0.024792718 
22 84 16 30 0.024640815 
700 372 17 28 0.023913242 
879 92 35 44 0.023252802 
919 138 22 43 0.023173597 
528 360 366 377 0.023082547 
529 404 10 16 0.022983478 
703 340 10 16 0.022639042 
684 337 10 21 0.022324484 
494 121 45 62 0.022225268 
727 335 10 13 0.022213848 
747 85 36 46 0.021966785 
253 103 20 32 0.021496002 
440 76 7 10 0.021356687 
413 329 12 11 0.02102896 
510 353 20 33 0.0210277 
42 351 368 394 0.020767612 
788 297 7 12 0.020746596 
695 294 11 20 0.020531313 
1025 317 18 37 0.020431325 
278 198 18 31 0.020424033 
684 105 19 26 0.0202932 
749 240 7 11 0.020112876 
837 257 8 15 0.02001691 
