13_Interview_Interview_On_Location_13_478
43
453 55 119 165 0.99894816 
936 550 10 14 0.19562238 
465 422 273 396 0.1475115 
835 389 11 13 0.080821276 
447 452 113 112 0.052826323 
969 366 6 8 0.051312376 
999 376 7 12 0.043895252 
860 357 12 16 0.04333829 
970 369 6 9 0.041221414 
997 370 6 10 0.03850759 
904 360 5 7 0.03637084 
560 347 4 8 0.03628576 
464 395 11 13 0.03429204 
138 461 27 22 0.03189112 
998 367 4 6 0.030888183 
959 372 5 8 0.029884426 
723 371 51 80 0.028566295 
952 369 7 12 0.028159473 
407 160 19 22 0.028126985 
909 365 6 7 0.027134914 
1006 364 4 7 0.027029824 
837 383 11 12 0.026462456 
994 369 5 8 0.025974547 
1003 376 6 11 0.025664845 
1011 532 8 9 0.025123062 
954 366 5 8 0.025099238 
705 26 304 360 0.02476485 
1022 371 14 23 0.0240545 
1005 361 4 5 0.023697093 
978 359 4 6 0.023453213 
1019 371 4 8 0.022771271 
967 492 76 95 0.02242642 
946 365 6 10 0.022421751 
218 473 6 9 0.022041446 
901 365 6 8 0.022033894 
877 356 9 12 0.02150772 
142 501 24 25 0.021248491 
465 583 9 13 0.020961553 
858 136 186 209 0.020739274 
306 325 262 450 0.020522444 
944 554 34 37 0.020490455 
993 566 19 25 0.020250106 
297 316 10 14 0.02000375 
