13_Interview_Interview_On_Location_13_554
49
292 107 297 421 0.9991364 
689 70 65 54 0.12507433 
808 177 69 60 0.12330334 
947 185 30 44 0.06950291 
623 1129 61 81 0.06874298 
10 -7 484 497 0.058827676 
954 425 23 22 0.047200315 
230 1052 487 446 0.041326795 
825 53 22 18 0.0377094 
659 909 11 20 0.035628106 
950 552 36 46 0.03531825 
161 878 29 44 0.033500444 
876 182 41 48 0.03344569 
615 4 76 50 0.033022862 
485 910 6 9 0.029250627 
512 68 497 416 0.028175984 
715 912 9 16 0.02786179 
559 1015 8 11 0.027480885 
414 901 5 7 0.027378464 
639 1067 52 76 0.026934776 
995 130 22 24 0.026589751 
944 309 37 38 0.026372448 
852 1036 6 10 0.02630108 
722 1215 58 71 0.025997756 
984 516 16 20 0.025472129 
544 226 15 17 0.025180666 
674 34 121 103 0.024939124 
740 134 41 34 0.024854321 
807 1027 5 9 0.024333483 
377 901 4 7 0.02422818 
396 947 4 7 0.024222516 
836 1035 6 9 0.02393563 
385 900 4 7 0.023087574 
991 17 21 22 0.023063205 
991 2 25 20 0.022997908 
404 901 4 8 0.0229933 
857 198 47 45 0.02263419 
703 100 49 37 0.022465806 
909 186 37 36 0.02243357 
468 951 8 13 0.022315988 
621 1114 33 56 0.022111353 
1012 388 11 21 0.021891497 
539 1063 6 9 0.021707747 
826 1007 6 11 0.02168478 
406 871 5 10 0.021140471 
938 60 55 71 0.021076435 
798 1026 6 9 0.020657595 
1003 625 16 21 0.020148791 
395 954 5 8 0.020006157 
