13_Interview_Interview_On_Location_13_921
257
659 386 26 35 0.99981517 
754 391 25 35 0.9997373 
202 391 19 25 0.9983364 
936 386 16 32 0.9751561 
624 371 9 19 0.49612793 
417 341 20 31 0.35133904 
71 379 8 13 0.30139425 
811 327 13 13 0.204786 
584 361 10 13 0.17370911 
160 377 7 9 0.15602024 
182 401 15 24 0.137145 
544 384 10 19 0.1205275 
82 380 7 14 0.11346932 
960 331 16 23 0.10957232 
260 419 10 12 0.09480937 
764 298 8 10 0.09212529 
543 374 9 16 0.08646138 
638 400 16 26 0.08506998 
496 360 18 20 0.079730794 
149 368 6 7 0.07924807 
602 332 6 10 0.07786095 
235 400 7 9 0.07731898 
229 402 7 9 0.07477998 
508 386 8 18 0.074576855 
788 292 6 10 0.06842906 
152 366 5 7 0.06713069 
545 405 8 13 0.06569607 
191 367 9 12 0.062439535 
689 383 11 16 0.061937544 
600 353 10 20 0.0610192 
159 371 5 7 0.060196973 
263 390 4 7 0.058259103 
153 376 6 8 0.057947367 
498 379 17 28 0.05794324 
636 351 18 23 0.057863995 
159 365 4 7 0.055151753 
134 385 4 6 0.055005927 
601 386 8 15 0.054858502 
590 381 10 16 0.052905794 
289 371 5 7 0.052330278 
74 381 10 17 0.0507432 
787 406 17 22 0.048988994 
169 339 4 7 0.048162274 
280 387 7 11 0.048108026 
869 354 7 11 0.04771021 
225 402 8 12 0.047333576 
628 307 5 7 0.04700394 
164 377 5 8 0.04635 
296 404 5 7 0.04588955 
629 337 10 12 0.045665693 
159 359 5 5 0.045304917 
703 361 11 13 0.04497656 
153 356 5 7 0.044440683 
231 494 8 16 0.043615565 
203 467 11 19 0.042353865 
149 376 6 8 0.04219234 
971 330 10 15 0.04092419 
169 352 4 7 0.040435817 
130 383 5 7 0.040045608 
132 370 7 8 0.040040873 
159 483 14 29 0.040030185 
261 403 5 7 0.0395136 
595 335 6 10 0.039336987 
725 353 33 44 0.03923951 
285 395 6 8 0.039136164 
525 358 4 8 0.03900069 
149 357 5 6 0.03895746 
270 365 5 7 0.038872734 
269 370 4 7 0.038693853 
649 375 12 16 0.038291864 
586 342 7 11 0.03816656 
299 404 4 7 0.037826736 
642 349 11 13 0.0377069 
704 385 20 29 0.037646398 
459 419 10 14 0.037636492 
141 390 4 6 0.03747216 
135 389 5 7 0.037035845 
630 350 9 11 0.03699465 
851 380 6 10 0.03665084 
102 362 6 10 0.036616307 
87 349 7 9 0.036559094 
260 407 7 11 0.03634382 
264 394 4 8 0.03599975 
639 336 9 10 0.035888348 
102 400 7 9 0.03575245 
133 366 6 7 0.035364248 
799 432 8 10 0.03527846 
529 362 5 8 0.03511948 
84 346 7 9 0.034758504 
548 366 8 14 0.034647338 
269 359 5 7 0.03459618 
843 347 15 24 0.034386832 
243 401 8 9 0.03423489 
296 389 5 9 0.03422401 
244 388 5 7 0.034074757 
277 384 5 9 0.03387253 
248 399 10 11 0.03373117 
117 382 6 8 0.033557188 
160 353 5 5 0.03320519 
286 389 6 9 0.032875344 
943 478 40 56 0.03228716 
334 343 6 10 0.031925756 
633 304 5 8 0.031715006 
163 419 9 12 0.031622507 
254 401 6 8 0.031609263 
576 338 6 7 0.031493183 
325 383 4 8 0.031190714 
519 361 6 13 0.030903481 
132 377 6 7 0.03082752 
175 377 4 7 0.030630719 
658 343 10 13 0.0304847 
597 326 4 6 0.030471891 
275 371 4 7 0.030460695 
625 363 7 15 0.03035796 
104 358 5 7 0.030263653 
540 392 15 25 0.030245075 
313 407 5 7 0.029849034 
599 342 9 18 0.029644558 
179 363 6 9 0.029460993 
153 390 5 6 0.029031169 
168 356 5 7 0.028945444 
249 388 5 7 0.028906194 
602 327 5 7 0.028881589 
195 364 7 11 0.028708713 
128 358 5 6 0.028691657 
647 303 6 9 0.028557265 
573 358 7 9 0.028549388 
598 355 6 14 0.02812813 
698 303 7 9 0.028065303 
268 376 4 7 0.028004495 
268 389 4 8 0.027904069 
119 377 5 8 0.027861156 
877 280 5 8 0.027675472 
90 362 16 25 0.027643949 
691 379 18 24 0.027556274 
847 362 10 17 0.027485153 
151 416 9 18 0.026915744 
130 365 5 8 0.026894236 
168 365 4 7 0.026842656 
570 402 23 34 0.026791085 
269 384 4 8 0.026790358 
632 332 8 10 0.026674656 
292 508 8 14 0.026613815 
644 333 8 9 0.026553059 
310 407 4 7 0.026456328 
107 358 6 7 0.026391303 
569 340 5 7 0.026211644 
577 334 6 7 0.026177293 
66 373 45 74 0.02616121 
95 393 7 10 0.026153916 
525 361 6 9 0.026061155 
120 359 5 6 0.025837813 
814 292 6 9 0.025666853 
116 387 7 11 0.025603756 
805 295 5 7 0.025450768 
161 346 5 6 0.025350649 
168 345 5 7 0.025224129 
321 380 6 12 0.025172124 
155 413 15 23 0.02509471 
832 297 6 8 0.025085354 
538 391 9 15 0.025084157 
190 357 5 7 0.024881305 
334 338 5 9 0.024828587 
835 381 8 10 0.024798656 
187 357 6 7 0.024788264 
818 294 5 9 0.024724882 
819 544 8 18 0.024680253 
133 360 19 20 0.024657056 
582 340 6 8 0.024419976 
277 376 4 6 0.024352973 
698 401 23 26 0.024290094 
281 376 5 7 0.024270596 
978 325 7 10 0.02420261 
473 309 10 10 0.024185315 
581 401 7 9 0.024177358 
174 365 4 7 0.024134913 
698 378 8 8 0.024122495 
337 340 6 8 0.02411284 
556 353 8 12 0.02409468 
335 370 4 8 0.024012813 
130 389 4 6 0.023861647 
587 376 8 13 0.023841606 
339 377 4 9 0.02377426 
861 360 14 25 0.02375973 
574 385 20 25 0.02364473 
580 387 9 12 0.023614714 
591 390 9 14 0.023611536 
813 379 22 25 0.023599613 
192 354 4 6 0.023595415 
81 369 8 14 0.023558892 
582 366 10 13 0.023534225 
308 394 28 48 0.023332085 
558 336 5 8 0.023323556 
331 329 7 11 0.023320774 
267 396 5 8 0.023320388 
747 331 6 7 0.023196006 
140 365 7 7 0.023181077 
178 376 5 8 0.023152461 
257 341 4 5 0.02313939 
116 359 6 7 0.023094166 
626 361 15 27 0.023091005 
619 547 10 17 0.022914084 
736 396 15 26 0.022913668 
651 349 8 11 0.022832049 
286 401 6 8 0.022790834 
142 365 18 20 0.022708949 
776 295 4 7 0.022670632 
264 372 6 9 0.02239579 
323 351 6 9 0.02235974 
864 351 8 11 0.022331446 
940 400 21 25 0.022284092 
255 356 5 6 0.022256078 
167 371 4 6 0.022198437 
877 277 4 7 0.022186773 
431 396 29 39 0.022167763 
530 378 9 17 0.022141648 
186 353 6 7 0.022081694 
671 332 8 7 0.02206215 
832 386 8 10 0.0219942 
378 461 6 11 0.021955037 
492 347 10 13 0.021953858 
277 340 63 91 0.021931555 
282 344 6 8 0.021825634 
140 358 6 7 0.021757742 
276 376 15 24 0.021745076 
438 350 19 20 0.021709554 
319 408 5 6 0.021634754 
639 305 6 7 0.021616591 
321 370 6 11 0.02153024 
120 363 5 8 0.021508558 
639 343 11 13 0.021475285 
844 379 7 10 0.02132409 
294 371 5 7 0.021321384 
825 442 4 5 0.021260995 
635 303 5 6 0.021196505 
979 347 7 15 0.02116302 
102 389 5 8 0.021098545 
268 400 5 9 0.02105819 
650 334 9 10 0.021022119 
335 384 4 7 0.020958923 
172 356 4 7 0.020895103 
140 386 5 5 0.020884711 
559 376 19 26 0.020861445 
549 379 16 27 0.020820808 
144 395 18 26 0.02074831 
568 343 6 9 0.02072732 
148 399 7 10 0.020651843 
133 358 6 7 0.020558529 
743 331 6 7 0.020505777 
161 341 4 5 0.020340152 
146 391 5 6 0.020334201 
833 443 4 5 0.020286158 
290 365 4 6 0.02028255 
171 345 4 7 0.02018423 
827 376 18 23 0.020147372 
281 400 7 10 0.020134807 
596 343 6 13 0.020128252 
