13_Interview_Interview_Sequences_13_929
47
795 169 78 104 0.99948335 
485 154 60 76 0.99935836 
71 157 73 127 0.9975501 
177 168 68 88 0.99089116 
864 279 77 152 0.6844573 
810 303 42 81 0.34202555 
725 247 34 36 0.33036226 
112 161 62 100 0.2553748 
449 345 84 122 0.24715926 
408 285 10 18 0.115512334 
768 256 53 51 0.088571034 
835 309 67 103 0.059996467 
426 278 9 13 0.056750193 
641 361 18 14 0.049377076 
445 242 10 14 0.04685618 
313 -76 381 373 0.045908112 
443 243 6 12 0.036833867 
527 338 8 15 0.03575998 
784 271 57 78 0.032522567 
0 188 15 29 0.032490436 
164 116 61 40 0.032469906 
421 285 10 16 0.029941434 
432 291 8 13 0.02937302 
558 465 48 65 0.02917602 
72 272 25 29 0.02669366 
715 253 23 37 0.026290251 
151 170 49 72 0.026057545 
397 340 9 14 0.025688507 
465 362 9 19 0.025553307 
421 278 9 13 0.025505686 
37 176 68 95 0.025278917 
420 441 10 17 0.025017016 
413 277 10 14 0.025001703 
188 345 33 24 0.024080094 
432 269 10 15 0.02307867 
605 301 11 13 0.022962276 
-17 315 394 317 0.022803582 
265 339 14 17 0.022549203 
333 126 9 12 0.022348536 
-2 75 73 73 0.022262353 
768 210 82 110 0.022183586 
73 456 12 17 0.021398153 
623 330 9 11 0.021239439 
414 292 9 15 0.021213822 
584 307 5 8 0.020654257 
638 367 16 14 0.020312795 
509 351 10 18 0.020055119 
