13_Interview_Interview_Sequences_13_209
66
867 65 80 101 0.9998753 
426 57 53 79 0.99901116 
89 117 69 88 0.997993 
283 166 31 54 0.98978275 
520 193 29 48 0.94604814 
686 175 26 46 0.86127454 
449 197 12 17 0.470464 
703 55 67 63 0.4613022 
394 192 12 18 0.23784843 
721 266 38 73 0.22787167 
637 259 13 14 0.19732548 
469 47 10 17 0.16811006 
424 193 10 14 0.14430992 
698 183 30 44 0.12683718 
583 32 26 34 0.118202545 
649 251 12 11 0.09927113 
788 105 36 58 0.074993156 
639 248 23 19 0.054212887 
512 203 20 35 0.053621892 
3 211 10 19 0.052823063 
543 52 15 29 0.05214066 
720 186 29 44 0.048747167 
535 214 26 40 0.044581156 
564 60 9 15 0.043714628 
703 132 10 13 0.040785547 
458 297 8 10 0.039919484 
739 70 50 57 0.039347872 
275 150 490 454 0.03674536 
725 157 23 38 0.036052953 
521 49 8 16 0.035222575 
676 72 9 15 0.034701914 
62 419 115 141 0.03417738 
453 298 9 10 0.03409436 
541 383 13 13 0.0331445 
577 545 6 5 0.03052293 
543 533 7 4 0.029233506 
524 533 7 5 0.029075718 
779 470 9 7 0.02883664 
562 551 7 5 0.028671721 
449 301 7 9 0.028565902 
574 40 36 55 0.027627341 
561 4 21 26 0.027538575 
561 546 8 5 0.027403787 
545 380 23 22 0.027102053 
882 53 12 13 0.027077567 
772 469 10 7 0.02553236 
347 179 7 8 0.025053237 
582 387 8 10 0.024402712 
608 539 6 5 0.023635734 
555 197 19 36 0.022762284 
858 192 50 45 0.022527983 
602 539 5 5 0.022283183 
175 199 10 14 0.022257525 
476 245 34 48 0.02223303 
13 250 19 29 0.021853223 
449 293 20 22 0.021702217 
233 195 17 25 0.021310356 
705 223 39 56 0.021136189 
528 545 9 5 0.021091713 
942 80 18 31 0.02066711 
673 70 8 13 0.020522332 
757 472 7 6 0.02046582 
531 533 6 5 0.020397278 
709 200 25 38 0.020322006 
596 540 6 4 0.020288149 
577 310 11 16 0.020088073 
