13_Interview_Interview_Sequences_13_867
184
392 272 226 330 0.99900717 
283 403 35 47 0.99592555 
214 453 21 33 0.96724665 
173 420 19 27 0.9670396 
16 455 27 33 0.9620719 
880 424 23 38 0.86010116 
241 417 18 25 0.8482399 
998 370 15 20 0.8465521 
104 55 62 104 0.72913444 
11 439 13 22 0.7034223 
599 66 11 14 0.60025567 
878 471 13 17 0.51486325 
630 41 8 12 0.45388314 
576 73 10 14 0.42767495 
1014 366 10 18 0.3839677 
951 289 45 66 0.35403758 
121 388 10 17 0.3511157 
938 433 9 16 0.32496595 
753 7 11 12 0.29559252 
650 40 9 11 0.289491 
984 434 10 15 0.25114864 
921 470 21 27 0.23318228 
557 72 7 11 0.2153167 
827 7 13 12 0.215099 
663 33 12 12 0.18374246 
231 420 19 28 0.18022671 
943 398 16 26 0.17183013 
124 451 13 16 0.13844427 
391 134 9 12 0.1303408 
453 112 8 10 0.12789112 
110 382 19 26 0.12326288 
262 391 8 14 0.1131216 
618 49 7 9 0.11250302 
981 386 10 14 0.10371192 
679 27 13 12 0.08436802 
174 597 9 13 0.07900371 
227 433 15 18 0.07894804 
186 427 13 18 0.06829536 
190 525 10 19 0.0681286 
136 394 11 19 0.06695176 
556 118 8 9 0.06334119 
848 446 7 10 0.06292779 
767 0 19 18 0.06258019 
189 390 9 15 0.0603511 
810 4 9 9 0.057937637 
312 5 13 10 0.057061154 
957 387 8 13 0.057016715 
3 424 10 12 0.055784244 
969 390 10 14 0.055417087 
328 50 11 15 0.054454878 
234 396 12 15 0.054128498 
265 218 8 15 0.05211268 
924 464 14 19 0.0516398 
105 385 13 19 0.05109042 
1009 369 11 17 0.050869208 
965 572 38 75 0.04956873 
377 158 9 15 0.0482899 
747 533 126 239 0.046032686 
12 420 8 11 0.045242544 
30 292 7 10 0.044585228 
0 615 5 15 0.044340435 
199 222 4 6 0.04371996 
181 218 4 6 0.043530956 
222 436 12 15 0.043478698 
574 116 9 13 0.04305277 
252 422 18 31 0.04225493 
489 98 8 10 0.04215493 
0 480 8 22 0.042100806 
842 448 18 29 0.041614674 
719 27 11 13 0.039266523 
849 3 8 8 0.03886068 
533 70 10 15 0.038651768 
644 34 11 11 0.0380655 
949 388 17 28 0.037589297 
196 387 9 16 0.036923792 
126 635 60 118 0.03691632 
650 22 9 11 0.03690357 
398 172 10 14 0.036839396 
224 418 9 14 0.03654408 
9 431 10 17 0.03517487 
1027 354 18 31 0.034935866 
607 102 6 9 0.03484857 
882 327 24 25 0.034600742 
861 396 14 19 0.033904005 
4 627 9 25 0.033754542 
207 234 5 8 0.0332543 
984 354 11 13 0.032896843 
656 41 8 10 0.032302316 
232 403 17 28 0.032016214 
381 137 8 13 0.031963177 
845 449 10 15 0.031879388 
413 141 17 34 0.03154504 
945 372 16 22 0.031396355 
226 419 14 21 0.031388022 
516 74 7 9 0.031201996 
223 452 32 45 0.030636579 
960 360 9 11 0.030493116 
283 377 10 15 0.030266186 
214 419 9 12 0.029908571 
193 218 3 5 0.029524466 
24 303 7 11 0.029438213 
267 437 14 26 0.029155543 
819 10 9 8 0.028836273 
895 653 8 12 0.028812485 
193 221 4 5 0.028781427 
1017 609 8 14 0.027874101 
785 9 8 9 0.027872419 
1022 376 17 30 0.027532319 
222 443 19 29 0.027306972 
890 656 6 9 0.027135437 
965 386 9 13 0.02697252 
237 430 28 41 0.026952328 
16 421 7 8 0.026868451 
831 442 7 11 0.026835375 
187 222 3 5 0.026808651 
269 417 24 29 0.026806936 
185 217 4 6 0.026568105 
195 585 7 11 0.026388532 
5 420 17 22 0.026319318 
1010 587 30 66 0.026289994 
435 123 8 9 0.026266262 
100 381 32 53 0.026254538 
976 359 17 23 0.025997462 
649 59 8 12 0.025961384 
77 429 8 14 0.025883947 
915 641 7 11 0.025733778 
491 95 7 8 0.025572473 
0 420 6 12 0.025170358 
22 323 12 16 0.024764026 
988 364 36 47 0.024763957 
615 53 8 8 0.024696525 
1016 534 11 17 0.024683785 
836 443 34 53 0.024616962 
644 94 9 12 0.024582068 
26 290 8 12 0.024343053 
805 8 8 9 0.024336321 
448 131 8 11 0.024309916 
205 404 15 18 0.024165947 
640 31 9 9 0.023971884 
1025 333 20 35 0.023944939 
107 508 10 19 0.023910731 
262 377 5 8 0.023758763 
260 439 11 22 0.023756461 
784 2 9 10 0.023571527 
33 465 13 20 0.02354818 
856 434 9 15 0.023547035 
206 562 20 34 0.023540746 
255 389 10 15 0.023500979 
50 401 7 14 0.023425562 
975 66 8 15 0.023408359 
301 395 26 44 0.023295019 
419 143 10 16 0.023103716 
957 372 8 14 0.022953507 
0 429 7 13 0.022889595 
553 69 15 21 0.022727901 
76 455 8 13 0.022727147 
265 388 8 11 0.022642693 
199 219 4 5 0.02234182 
44 294 7 12 0.022264095 
488 96 6 7 0.022254402 
102 330 6 9 0.022229832 
552 73 7 12 0.022045974 
523 74 8 9 0.021944098 
64 358 18 23 0.02168177 
439 120 7 8 0.021636141 
480 117 7 8 0.021421466 
60 72 19 24 0.021334179 
63 307 10 14 0.021250514 
24 424 9 10 0.021065451 
125 380 10 20 0.02097984 
1019 517 15 28 0.020974645 
108 446 15 24 0.02089278 
237 225 3 4 0.020865278 
1039 410 25 43 0.020856136 
207 229 5 6 0.020810528 
210 82 7 11 0.020684136 
154 622 7 13 0.020598756 
961 294 69 92 0.020542452 
144 492 17 35 0.020540018 
1018 609 15 30 0.020508148 
320 394 35 55 0.020473346 
338 67 8 11 0.020188529 
944 363 14 19 0.020156946 
218 223 4 6 0.020016106 
