13_Interview_Interview_On_Location_13_569
36
253 378 338 489 0.99456304 
757 607 35 34 0.9005589 
849 649 52 50 0.74854416 
761 655 46 64 0.4719489 
798 605 40 59 0.43863717 
895 687 32 34 0.26427776 
821 729 56 49 0.17739452 
732 692 67 79 0.1042144 
806 700 30 31 0.073884025 
784 686 17 28 0.07305342 
745 768 17 22 0.051042303 
816 627 31 43 0.05080534 
779 614 26 34 0.04138697 
674 319 47 41 0.04039919 
869 654 24 25 0.03522037 
731 666 33 37 0.034979776 
718 335 62 63 0.034687053 
783 677 49 56 0.033971094 
854 678 36 39 0.032527186 
809 650 32 39 0.030818675 
779 640 46 63 0.030486183 
775 609 18 19 0.027970366 
815 606 18 25 0.027494958 
912 687 21 23 0.026243452 
805 707 55 55 0.026151596 
540 655 532 872 0.024399644 
759 723 54 60 0.023954915 
748 1263 22 38 0.023922648 
877 678 35 37 0.022857824 
832 227 36 26 0.022422712 
698 359 35 47 0.021963686 
910 696 29 35 0.021780668 
808 226 61 57 0.021575045 
719 702 44 43 0.021441814 
846 726 35 30 0.020378005 
714 641 41 40 0.020041939 
