13_Interview_Interview_Sequences_13_609
41
481 80 179 257 0.9999479 
214 168 400 483 0.33020464 
66 552 7 13 0.11955273 
437 228 298 487 0.11562833 
13 426 7 11 0.050969318 
50 557 8 13 0.049510404 
90 575 9 15 0.042525485 
56 558 6 13 0.039641183 
45 559 7 12 0.039483912 
64 575 7 12 0.037379496 
37 -11 359 551 0.037013132 
40 524 5 10 0.029116033 
1 533 3 11 0.028720336 
39 560 5 11 0.028116036 
34 536 3 8 0.027922504 
98 278 316 448 0.027530909 
32 554 6 12 0.027385015 
40 567 5 10 0.02698499 
39 528 5 10 0.026755307 
557 228 8 11 0.02669383 
505 7 6 6 0.025930341 
14 376 6 9 0.025768291 
517 5 7 7 0.0255164 
58 535 7 12 0.025296476 
1 363 4 8 0.025235541 
90 558 8 14 0.025173891 
1 358 4 8 0.024888918 
0 420 5 10 0.024742875 
11 408 6 10 0.024726931 
660 355 86 79 0.02436255 
36 556 6 10 0.024229031 
33 530 5 9 0.023592368 
32 577 6 13 0.023502873 
102 567 9 14 0.022438772 
65 558 6 13 0.022005556 
13 414 5 8 0.022004077 
1 574 5 11 0.021512859 
8 405 6 12 0.021132529 
30 549 6 12 0.020870676 
58 567 5 11 0.02047865 
59 528 5 9 0.02030869 
