13_Interview_Interview_Sequences_13_557
143
507 350 93 96 0.99972874 
97 135 19 32 0.45267513 
130 142 25 35 0.36067966 
89 215 9 13 0.3124452 
105 286 9 14 0.28414652 
107 310 8 15 0.18855292 
769 287 16 14 0.16866161 
93 319 10 15 0.15401831 
631 534 9 17 0.12909308 
806 125 8 15 0.10284611 
156 297 8 12 0.09836782 
156 365 27 26 0.08939336 
942 440 9 11 0.08493 
783 58 11 15 0.08098244 
802 33 8 14 0.07901699 
1015 291 9 19 0.073497646 
767 429 11 13 0.07238567 
204 338 9 13 0.06875015 
92 211 9 12 0.06539577 
76 150 8 11 0.06409675 
988 401 10 16 0.06318811 
109 234 8 13 0.0624502 
121 162 22 29 0.062397156 
0 169 18 32 0.06092846 
30 200 9 15 0.060673874 
0 249 5 10 0.059602585 
26 357 7 12 0.05846455 
76 157 9 12 0.057790466 
72 252 8 12 0.055872448 
122 315 8 14 0.05518825 
25 181 8 13 0.05454033 
129 214 10 14 0.053634007 
99 337 8 14 0.052669585 
838 5 10 11 0.051783316 
76 323 7 10 0.051047042 
0 310 7 15 0.050536655 
1008 258 7 14 0.04927096 
92 219 10 12 0.046404112 
120 150 21 25 0.045688935 
97 310 132 165 0.042939786 
123 151 9 12 0.042759597 
339 645 14 24 0.042554725 
644 480 42 45 0.042417653 
176 341 12 12 0.0422936 
870 61 9 11 0.041666973 
747 465 8 12 0.04140337 
131 133 11 16 0.041191373 
978 419 7 12 0.04060862 
998 31 8 11 0.03750186 
4 405 17 35 0.037205916 
69 233 10 12 0.0365386 
878 76 8 12 0.036511373 
107 131 8 14 0.03642231 
1013 379 15 26 0.035595767 
83 241 8 10 0.035133626 
817 39 9 14 0.03483001 
808 120 8 13 0.03376609 
799 50 9 16 0.033266023 
28 143 9 18 0.033182487 
55 314 9 14 0.033055127 
254 635 9 16 0.032366965 
118 177 27 39 0.032266088 
142 297 7 12 0.032217216 
164 349 29 26 0.032151178 
114 250 7 11 0.03172781 
786 299 11 10 0.030999526 
25 144 16 30 0.030102788 
963 339 20 27 0.03002947 
113 404 9 12 0.02926129 
931 426 10 13 0.029179974 
147 188 20 29 0.029178023 
4 323 7 14 0.02905426 
132 141 12 21 0.028898044 
1 363 4 11 0.028786832 
0 97 7 21 0.028697506 
761 292 10 9 0.028452622 
948 425 9 11 0.028410248 
237 638 25 28 0.028209284 
84 220 9 11 0.02760605 
955 75 7 10 0.02709987 
329 648 10 20 0.02708043 
119 262 10 15 0.02697134 
248 426 12 10 0.02664224 
36 217 9 13 0.026627729 
987 432 13 13 0.0264232 
540 590 7 16 0.026384586 
20 188 9 12 0.026358351 
1016 165 9 16 0.026262833 
401 472 35 31 0.025800236 
828 144 10 16 0.0256789 
831 11 8 11 0.025573988 
82 322 6 12 0.025543217 
824 419 8 11 0.025535746 
226 311 6 11 0.025301686 
299 430 9 7 0.025167959 
26 303 8 11 0.025132054 
24 164 10 18 0.024967179 
18 327 8 13 0.02467404 
776 318 9 11 0.02432973 
727 284 11 12 0.024085723 
36 150 10 17 0.024015935 
115 301 6 12 0.023929385 
624 175 304 504 0.02389576 
802 328 12 12 0.023876587 
812 5 7 8 0.023783522 
1011 167 9 14 0.023744356 
814 37 7 11 0.023636656 
0 121 12 24 0.0234405 
792 35 7 11 0.023330335 
143 225 13 14 0.02331143 
189 462 26 25 0.023170566 
0 328 5 13 0.023051279 
273 417 30 22 0.023030581 
140 354 10 15 0.02301987 
37 136 10 16 0.022757376 
846 65 9 14 0.022750024 
960 26 9 11 0.022725323 
911 54 10 13 0.022459462 
114 255 10 16 0.02245202 
758 431 10 12 0.02243402 
20 133 15 27 0.022144586 
924 81 8 11 0.02192037 
482 273 35 59 0.02189028 
87 258 8 11 0.021826172 
489 534 10 19 0.021800794 
71 324 7 11 0.021786619 
238 429 9 8 0.021759847 
15 213 9 15 0.021638459 
94 273 7 11 0.02161273 
831 6 8 9 0.02156775 
439 637 9 17 0.021465093 
1 374 5 11 0.021417093 
816 428 9 11 0.021232834 
1027 290 18 35 0.021161264 
119 163 12 17 0.021075802 
975 434 12 12 0.021062251 
88 335 17 23 0.02102893 
51 85 8 14 0.02087001 
785 304 10 11 0.020730132 
725 425 10 12 0.02059145 
798 40 9 14 0.020488298 
805 53 9 13 0.020387715 
474 140 309 378 0.020037644 
