35_Basketball_Basketball_35_653
51
208 313 46 68 0.99966824 
379 292 52 72 0.99943584 
734 40 52 77 0.99939156 
814 277 46 73 0.9992943 
655 269 49 72 0.9988059 
870 31 54 75 0.9986059 
95 268 50 78 0.99832314 
267 41 53 76 0.9980167 
100 31 53 77 0.99792504 
535 293 58 76 0.9974916 
924 273 54 83 0.99680007 
461 66 51 80 0.9961159 
598 21 56 81 0.99594337 
368 45 58 79 0.9956939 
706 243 36 78 0.25834242 
38 345 33 47 0.22465806 
179 307 25 33 0.13538386 
857 338 31 53 0.0999457 
137 289 37 56 0.07724823 
687 262 36 65 0.06142756 
603 375 31 51 0.0611879 
31 114 45 53 0.06080152 
258 68 10 17 0.05717658 
820 327 38 58 0.056822434 
886 421 37 68 0.056212872 
160 293 34 52 0.05315316 
800 158 49 49 0.04244276 
860 319 24 44 0.03725063 
1008 351 60 96 0.036512196 
-1 495 13 32 0.035186395 
672 584 7 17 0.03233693 
372 327 10 15 0.029978711 
530 308 9 17 0.028565127 
362 68 8 17 0.028160412 
501 468 24 26 0.027688488 
192 324 23 36 0.02745024 
621 477 28 33 0.025717547 
453 451 42 63 0.025562242 
928 65 7 11 0.024680754 
198 338 7 12 0.023327075 
996 354 42 60 0.022826716 
59 330 33 49 0.022657553 
335 169 135 196 0.021694021 
799 -205 281 317 0.021247411 
197 344 9 15 0.020819934 
982 277 36 53 0.02078564 
265 148 56 95 0.020528564 
854 288 33 59 0.02034267 
529 304 18 29 0.020340633 
163 452 60 97 0.020131478 
476 403 35 56 0.020051034 
