35_Basketball_playingbasketball_35_127
64
319 56 28 38 0.9988894 
597 182 49 67 0.9987618 
887 64 24 36 0.99797064 
532 165 35 49 0.9968263 
637 31 30 48 0.99556595 
493 112 34 46 0.9936714 
1004 114 15 35 0.98380893 
850 5 27 30 0.9734672 
91 19 16 25 0.97211534 
168 3 20 21 0.9649944 
16 66 15 19 0.8819865 
759 14 20 24 0.7460248 
417 70 22 38 0.48954386 
823 23 20 29 0.322297 
399 4 26 24 0.21850124 
471 147 12 18 0.21372437 
402 66 18 33 0.11089174 
829 18 13 19 0.10239872 
408 137 19 28 0.08966505 
674 9 29 42 0.08491979 
370 146 18 30 0.0839555 
815 68 24 40 0.07686745 
1011 112 19 39 0.067908086 
286 14 33 40 0.057305362 
734 5 71 102 0.056803912 
348 208 19 26 0.0498015 
367 6 23 27 0.049531262 
74 60 10 20 0.04760395 
600 337 56 47 0.045685485 
95 39 21 37 0.04537195 
372 217 10 16 0.04100035 
190 30 21 34 0.03988971 
465 134 11 17 0.039658938 
662 574 23 25 0.03882979 
166 45 16 26 0.035914097 
396 42 10 19 0.035526928 
497 580 10 17 0.03366244 
83 110 16 31 0.032884706 
368 70 12 20 0.032392513 
464 198 22 31 0.031522434 
83 47 17 31 0.03090156 
165 20 20 29 0.030080417 
10 89 10 19 0.0299753 
837 16 21 27 0.029339895 
129 5 14 15 0.028250648 
113 39 18 29 0.028177211 
863 140 24 36 0.027880529 
648 247 36 70 0.026093503 
14 90 16 28 0.026011856 
401 14 14 19 0.025578475 
371 66 21 32 0.02490116 
126 122 10 16 0.024667097 
136 10 19 27 0.023987083 
784 43 17 30 0.023709007 
114 3 20 21 0.022994075 
119 32 10 15 0.022970745 
460 138 18 30 0.02253516 
379 7 16 15 0.022009289 
379 17 35 48 0.021605862 
157 39 33 50 0.021147614 
574 191 38 54 0.021044811 
614 385 59 40 0.020270858 
10 75 15 28 0.020217065 
74 103 11 18 0.020215234 
