35_Basketball_basketballgame_ball_35_287
1879
648 448 11 14 0.9655762 
258 435 11 15 0.95399946 
812 419 12 14 0.9525841 
951 423 11 13 0.95056826 
273 425 13 14 0.9429666 
769 387 13 14 0.92403066 
609 408 12 15 0.9158975 
304 412 9 11 0.90839314 
633 408 12 14 0.8801873 
870 362 9 11 0.8745216 
836 360 12 16 0.8488675 
792 358 11 12 0.8384887 
701 401 9 12 0.81834865 
395 358 9 14 0.80931956 
11 422 22 38 0.80789536 
685 441 10 17 0.80632293 
311 437 9 14 0.80471206 
964 329 8 9 0.77437943 
714 356 10 11 0.7722206 
239 428 11 17 0.763645 
931 401 10 13 0.7492047 
922 349 10 12 0.7338159 
985 328 10 10 0.72802407 
425 357 10 19 0.7208028 
889 445 14 15 0.70146227 
897 380 10 13 0.6985856 
200 398 9 14 0.69273615 
810 303 8 10 0.6917952 
939 316 8 11 0.690271 
1001 366 10 10 0.6862997 
297 428 11 13 0.6793899 
941 297 6 9 0.6758343 
671 401 10 15 0.6741156 
683 336 9 11 0.6553677 
696 413 8 13 0.61831164 
797 426 9 12 0.61040324 
927 370 10 13 0.60707015 
998 426 9 10 0.6044026 
55 364 11 16 0.58631563 
674 371 13 13 0.58135563 
970 452 11 12 0.57623905 
894 320 10 12 0.5722715 
657 433 10 11 0.56557393 
662 374 9 12 0.56306314 
584 322 8 14 0.55995446 
572 315 9 14 0.5462344 
686 386 8 12 0.5390781 
802 449 13 17 0.5200728 
832 303 7 8 0.5060893 
982 400 9 11 0.5055831 
244 402 8 12 0.50445706 
993 406 10 12 0.50387824 
377 386 8 13 0.4997319 
913 362 10 11 0.49463004 
696 323 8 10 0.4613056 
383 372 10 16 0.45895144 
1007 381 9 9 0.4515366 
701 343 10 11 0.44444245 
727 341 8 8 0.4435048 
662 417 9 13 0.44301948 
217 448 9 11 0.43329567 
63 374 16 28 0.43151322 
389 323 7 10 0.42683986 
953 382 8 9 0.42467245 
979 385 9 9 0.42440474 
887 321 9 12 0.4132385 
736 386 8 11 0.41174957 
948 355 8 11 0.40597582 
965 375 11 11 0.39288417 
942 294 5 6 0.3895954 
746 331 10 9 0.3864928 
627 453 13 13 0.3824852 
984 347 8 8 0.37978455 
206 461 10 11 0.37765467 
889 359 9 11 0.3743821 
919 312 8 9 0.3657618 
65 321 7 11 0.36131436 
786 297 8 8 0.35937235 
972 298 6 7 0.35466126 
951 394 9 11 0.35252237 
628 426 14 12 0.35098806 
774 356 10 11 0.34696227 
966 357 11 8 0.3395369 
972 304 7 8 0.33119464 
972 294 6 7 0.33109966 
708 381 9 12 0.33004436 
759 367 10 10 0.3286898 
416 378 15 28 0.32834786 
722 384 11 12 0.3201174 
724 414 9 14 0.31753728 
909 311 7 9 0.3153226 
616 298 6 9 0.3069483 
748 347 7 8 0.3059488 
768 305 8 7 0.30565885 
608 298 5 8 0.30474284 
919 332 9 12 0.30338022 
67 305 5 8 0.30264506 
185 442 10 11 0.301258 
773 369 10 11 0.296424 
822 369 11 13 0.29500145 
956 293 5 5 0.2929607 
786 308 12 12 0.29193917 
309 271 6 9 0.29088494 
988 374 10 9 0.2902735 
611 334 9 14 0.2806281 
852 330 7 8 0.27907097 
731 435 14 15 0.27530977 
775 291 6 6 0.27241725 
57 314 7 10 0.26911926 
279 323 10 10 0.26651144 
726 400 9 13 0.2661664 
1003 417 10 11 0.26387483 
820 403 9 13 0.25679085 
744 373 11 11 0.25677878 
916 306 6 6 0.25649035 
27 328 8 14 0.25590843 
748 310 8 7 0.2550737 
895 311 7 8 0.24991423 
812 300 6 7 0.2490607 
959 293 5 6 0.24901196 
802 335 10 11 0.24761635 
372 391 7 11 0.24740021 
542 291 16 28 0.24530174 
977 328 8 9 0.24035132 
282 303 6 8 0.23959817 
68 322 8 11 0.23431477 
432 392 8 14 0.23429269 
891 306 6 7 0.23367904 
874 310 10 10 0.22490813 
939 342 9 12 0.22361825 
755 308 7 6 0.22105512 
939 312 7 9 0.22026423 
312 303 5 8 0.21924777 
686 313 9 13 0.21773064 
891 214 8 9 0.21615955 
874 350 10 9 0.21588191 
788 305 7 8 0.2156153 
981 312 6 7 0.21504681 
796 349 9 12 0.21267658 
443 299 4 6 0.21150349 
895 307 6 6 0.20888731 
650 403 9 11 0.2077344 
363 356 6 9 0.20427155 
657 320 7 11 0.19835651 
868 344 10 8 0.19768038 
831 291 7 6 0.19767085 
84 311 6 7 0.19645223 
985 318 8 6 0.19610822 
895 387 10 14 0.19362989 
300 455 10 14 0.19318706 
608 303 5 8 0.18878192 
318 358 7 7 0.18798417 
872 293 6 7 0.18763033 
764 372 10 10 0.18718515 
450 328 6 8 0.18673505 
784 399 11 11 0.18509169 
948 366 9 11 0.18453296 
0 322 5 11 0.18348897 
832 323 6 8 0.18255216 
784 233 5 9 0.18254827 
385 350 6 9 0.18140517 
658 398 8 12 0.18082204 
402 324 6 9 0.18032356 
957 317 9 9 0.17952944 
300 350 6 7 0.17947091 
773 347 9 9 0.17570798 
918 391 10 13 0.17062712 
609 320 7 11 0.16856547 
611 434 10 12 0.16815408 
1011 430 9 10 0.16814123 
988 369 10 9 0.16754098 
276 493 8 13 0.16395971 
917 315 7 9 0.16392672 
870 312 9 8 0.16387613 
635 293 4 6 0.1626081 
661 412 8 10 0.16214809 
442 366 8 17 0.16157335 
842 393 18 21 0.16142428 
895 342 8 9 0.16028947 
337 375 8 8 0.16010189 
521 547 14 16 0.1574063 
328 363 11 11 0.15689445 
258 274 5 7 0.15679394 
844 331 7 7 0.15579471 
672 448 9 13 0.15472029 
209 444 8 10 0.15438573 
854 335 9 9 0.15352847 
766 329 11 10 0.15288179 
826 316 8 9 0.15147534 
793 378 10 10 0.15095964 
345 368 7 10 0.149978 
366 342 7 11 0.14985165 
831 180 7 10 0.14722379 
724 337 8 9 0.14720047 
859 311 7 8 0.14688003 
395 390 14 26 0.14652641 
884 195 8 9 0.14599197 
75 325 12 15 0.14592378 
572 294 3 6 0.1458805 
316 375 11 9 0.14276326 
648 308 7 10 0.14154561 
702 220 8 10 0.1405467 
876 182 7 8 0.14054328 
443 311 7 8 0.14006916 
945 348 9 10 0.1389488 
889 366 8 11 0.13872631 
755 363 8 8 0.13813245 
19 409 18 29 0.1377282 
442 360 7 13 0.13761239 
938 336 8 9 0.13647157 
687 252 5 8 0.13630107 
732 308 11 10 0.13495654 
587 377 10 18 0.13462317 
971 245 8 14 0.13443117 
446 358 8 13 0.13320401 
715 380 8 13 0.13234778 
563 298 7 10 0.13198154 
70 318 7 9 0.1317985 
761 234 6 9 0.13017865 
289 442 10 16 0.12938355 
781 293 6 6 0.12930733 
698 248 5 7 0.12860332 
403 317 5 7 0.12793687 
1017 392 8 11 0.12780294 
845 342 9 9 0.12746817 
640 217 5 6 0.12641224 
278 299 5 7 0.12625839 
323 311 6 8 0.12618439 
769 323 8 9 0.12598923 
932 363 9 10 0.12570028 
386 324 5 9 0.12364997 
435 303 5 7 0.123479694 
311 337 7 8 0.123399444 
883 318 7 9 0.123377495 
972 318 7 7 0.12315996 
807 308 7 9 0.12303878 
647 293 4 6 0.122681096 
805 317 7 9 0.122293256 
57 303 5 8 0.12188789 
1008 424 10 11 0.12166888 
891 309 7 9 0.12129092 
927 323 7 8 0.12111428 
742 356 7 8 0.12057195 
825 366 17 21 0.12049401 
694 239 5 8 0.120057635 
641 293 5 6 0.1198206 
854 348 10 10 0.119633175 
847 183 5 9 0.118963145 
776 260 5 6 0.118687615 
871 170 6 7 0.11806368 
959 323 8 9 0.117757946 
418 326 6 11 0.11703407 
935 341 8 10 0.11489949 
761 307 6 6 0.11396964 
937 300 5 7 0.11266425 
356 387 7 11 0.11237811 
737 330 7 8 0.1120363 
29 310 7 11 0.11071023 
760 329 9 8 0.109484166 
594 343 8 12 0.10893662 
620 315 7 11 0.10862395 
652 306 5 9 0.10825624 
887 171 8 9 0.10821716 
630 300 5 7 0.10802105 
20 350 8 14 0.107527025 
995 399 10 12 0.10723385 
716 323 8 9 0.10718405 
85 308 4 5 0.107102804 
614 330 7 12 0.10699092 
339 355 8 10 0.1069236 
60 382 11 18 0.10651947 
889 374 8 12 0.106181204 
992 395 8 7 0.10609237 
463 305 4 6 0.10521381 
621 322 7 12 0.10432028 
984 411 10 12 0.10372229 
261 319 6 8 0.10364102 
872 166 6 6 0.10323827 
245 429 10 15 0.10320252 
945 409 11 11 0.10257602 
852 303 7 7 0.10204373 
676 381 9 14 0.101653434 
760 310 8 7 0.101439744 
844 228 6 8 0.10130001 
641 197 5 6 0.100664064 
625 471 12 14 0.10031888 
613 318 7 10 0.10015711 
980 316 7 8 0.10013105 
904 404 10 15 0.100045845 
882 349 8 9 0.09978057 
355 380 6 10 0.09971477 
856 304 7 7 0.09946659 
661 210 4 6 0.09921316 
679 343 7 8 0.09860868 
634 438 13 11 0.098399304 
591 300 4 6 0.098283865 
633 298 5 8 0.09802767 
587 342 9 12 0.09762462 
296 330 5 6 0.09687144 
832 364 10 13 0.09640291 
979 426 9 10 0.09556892 
972 394 9 10 0.09533617 
920 323 8 10 0.0949378 
582 305 5 8 0.0941429 
989 333 8 9 0.09406697 
820 330 7 9 0.09379985 
910 366 8 10 0.09362392 
778 342 9 10 0.093470134 
884 241 6 7 0.092659615 
652 391 9 12 0.09239959 
928 307 6 6 0.09227829 
322 457 10 13 0.0921894 
340 349 7 7 0.091716595 
1016 437 8 11 0.091529496 
332 350 7 5 0.091379665 
853 300 6 6 0.091304466 
884 254 6 7 0.09085184 
643 184 5 6 0.09042892 
864 182 7 9 0.090417095 
828 308 11 13 0.09019788 
674 428 8 14 0.08993115 
768 310 8 7 0.08946909 
877 306 8 8 0.08886043 
784 328 10 10 0.088768445 
837 311 7 10 0.088655956 
687 339 9 11 0.088580415 
702 322 9 11 0.08839317 
728 328 8 8 0.08792496 
296 325 5 7 0.087527275 
700 253 4 6 0.08731964 
844 336 8 7 0.087148964 
952 344 8 9 0.08699035 
982 381 10 10 0.086757526 
302 344 5 5 0.08660277 
688 380 11 14 0.08615914 
704 383 9 13 0.08545955 
851 310 8 9 0.085012436 
926 392 10 11 0.08468675 
914 323 8 10 0.08438778 
898 261 4 7 0.0843578 
745 324 9 9 0.083938755 
652 431 10 12 0.08331809 
314 343 6 6 0.083225355 
84 315 7 8 0.08309431 
946 298 6 8 0.082780905 
571 324 8 14 0.08250106 
630 285 4 6 0.082053624 
955 323 7 8 0.08148966 
399 324 5 8 0.08136394 
1059 415 6 10 0.08121487 
721 330 8 8 0.08085619 
963 425 10 11 0.080751285 
344 347 7 8 0.08074367 
645 184 6 7 0.08069987 
752 329 10 9 0.08057963 
466 306 6 7 0.080562614 
285 411 11 10 0.08051475 
600 347 7 10 0.080420956 
1060 392 6 9 0.08041418 
628 210 4 6 0.08038742 
728 315 10 11 0.07984371 
785 347 10 12 0.079685986 
652 316 9 14 0.07963766 
864 334 8 9 0.079581924 
989 379 9 9 0.07953802 
827 304 7 8 0.07950814 
599 330 7 10 0.07936711 
380 323 5 8 0.07928577 
642 475 12 14 0.079149865 
690 429 9 14 0.078712784 
901 356 8 9 0.07808088 
916 330 8 10 0.07784936 
826 292 7 6 0.07784129 
610 294 3 6 0.07782425 
609 203 5 6 0.07766472 
935 304 6 7 0.07732431 
993 460 12 12 0.07724395 
1061 405 5 8 0.07724017 
747 317 9 8 0.07710003 
273 443 9 12 0.07709103 
694 380 11 13 0.07697713 
1057 362 5 6 0.0769531 
865 178 5 6 0.07666958 
869 183 7 8 0.07638544 
365 387 7 10 0.07633243 
671 164 7 9 0.07632317 
518 296 9 13 0.076204054 
990 317 7 7 0.076140225 
711 228 6 8 0.07581939 
339 292 6 7 0.0758 
1019 412 6 9 0.07562478 
630 274 4 5 0.075361095 
707 342 9 10 0.075234406 
676 407 9 15 0.07520591 
716 183 6 7 0.074220166 
65 308 7 10 0.07419435 
970 379 12 10 0.0741172 
762 238 6 8 0.074109584 
979 307 6 7 0.07379421 
69 309 6 9 0.073632695 
418 307 3 5 0.07310118 
771 310 10 8 0.07290271 
861 208 7 10 0.07287607 
337 397 9 12 0.07279973 
741 241 7 10 0.07262628 
874 344 10 8 0.072621 
813 288 5 5 0.07247575 
276 277 5 8 0.072455406 
984 313 6 7 0.0723748 
815 388 12 15 0.07232045 
642 287 3 5 0.07189666 
940 302 7 8 0.07174278 
930 376 10 12 0.07165545 
75 317 7 8 0.07158695 
820 293 6 6 0.07148224 
310 301 5 6 0.071462885 
698 353 8 10 0.07141149 
768 318 7 7 0.07103467 
299 418 10 10 0.07090995 
642 297 5 7 0.07082025 
415 449 9 12 0.07071771 
598 184 5 6 0.07071006 
927 311 6 6 0.07069211 
424 385 14 23 0.070484616 
808 446 14 17 0.07032894 
1000 363 8 8 0.070292786 
830 229 6 7 0.07026347 
628 214 4 7 0.07018965 
287 437 10 14 0.070156045 
570 296 5 9 0.0700493 
901 188 8 11 0.06972643 
1057 385 5 7 0.06963838 
953 329 6 8 0.06928585 
974 324 7 8 0.0691549 
629 279 5 7 0.06905319 
554 307 8 14 0.06881793 
975 376 11 9 0.06877504 
807 288 7 6 0.06823974 
689 328 10 10 0.06812174 
444 304 5 7 0.06799302 
632 302 5 10 0.067945704 
354 7 30 54 0.06793533 
1059 426 7 10 0.06773828 
1060 381 5 8 0.06752426 
1018 355 7 9 0.067399845 
845 327 5 6 0.06733834 
300 324 6 8 0.06712597 
969 294 5 5 0.06687383 
381 319 5 6 0.066791184 
901 183 7 9 0.06668237 
934 233 7 12 0.06651939 
0 328 6 16 0.06643698 
915 206 7 9 0.06643131 
521 288 10 17 0.066094875 
587 354 7 11 0.06586095 
462 300 4 5 0.06574851 
1057 448 9 14 0.06533025 
910 381 6 9 0.065102555 
843 298 8 7 0.064984374 
1058 375 4 6 0.06469886 
635 204 5 5 0.06458855 
758 233 5 8 0.064452805 
626 328 5 9 0.063895434 
188 451 10 10 0.06369793 
807 292 6 6 0.06366205 
342 345 6 6 0.063652046 
980 344 8 8 0.06358027 
921 307 5 5 0.06353375 
998 355 8 7 0.063487396 
310 330 6 8 0.06337342 
805 200 7 10 0.06327279 
869 356 10 10 0.063210405 
725 238 7 11 0.063087754 
432 306 4 5 0.0630684 
642 190 5 6 0.06302448 
969 299 5 6 0.06295639 
766 349 10 10 0.06290728 
399 318 5 7 0.06286675 
329 350 6 6 0.062772155 
690 253 5 8 0.06265107 
587 319 7 9 0.062642425 
797 375 10 10 0.06262596 
761 391 9 13 0.062462315 
584 319 6 10 0.062401783 
1057 460 9 14 0.062398728 
452 326 7 8 0.06237517 
675 274 4 5 0.062236547 
629 260 5 6 0.062235575 
702 416 7 12 0.062047668 
959 313 8 7 0.061998747 
651 473 10 12 0.06185522 
158 412 6 12 0.06178142 
597 303 5 8 0.06177965 
799 341 9 10 0.061774705 
719 431 10 14 0.061758343 
1018 374 7 9 0.061738677 
274 395 9 10 0.061556563 
951 374 8 10 0.061456844 
890 344 8 8 0.061302863 
1058 437 8 13 0.061109837 
719 359 10 10 0.06097272 
674 183 4 7 0.060946114 
334 380 7 7 0.060891643 
448 306 5 6 0.0608838 
691 411 8 12 0.060877457 
913 418 11 15 0.060872916 
1055 396 6 7 0.060289178 
424 343 6 7 0.060203362 
776 247 5 7 0.060126517 
617 204 4 6 0.0600466 
565 313 14 25 0.06002412 
795 242 4 6 0.05971686 
771 317 9 9 0.059626285 
909 163 9 10 0.059621807 
711 286 5 7 0.059352357 
887 349 9 7 0.059348457 
634 274 4 5 0.059297893 
752 389 11 15 0.059266828 
632 445 13 11 0.059230942 
417 364 9 16 0.05918717 
446 314 6 9 0.05908967 
379 362 6 9 0.05894034 
976 357 10 9 0.058826964 
383 362 6 11 0.05879914 
84 340 8 11 0.05870667 
758 325 9 8 0.05864419 
616 216 4 7 0.058631476 
845 221 6 8 0.058476284 
614 165 5 7 0.05834562 
800 316 7 9 0.05826676 
742 334 10 10 0.05825167 
715 342 9 9 0.05824914 
591 294 3 4 0.058235407 
444 295 4 5 0.05802131 
745 360 10 10 0.05795166 
902 252 5 7 0.057931773 
883 376 8 11 0.0577765 
998 350 7 8 0.05777157 
1061 369 5 9 0.05748687 
932 392 10 12 0.057486262 
593 389 10 16 0.057413295 
895 171 8 8 0.05724758 
735 336 8 9 0.057143573 
776 255 5 8 0.057139464 
761 316 8 8 0.056902837 
819 362 8 10 0.05677501 
818 377 10 13 0.05673837 
210 447 11 12 0.05662985 
686 429 8 14 0.05654279 
313 324 6 8 0.05652318 
990 348 8 9 0.056014102 
640 203 5 6 0.055973925 
565 185 4 4 0.055970974 
714 350 10 9 0.05594352 
875 385 9 12 0.055918343 
864 189 6 8 0.055902183 
914 177 7 7 0.055881854 
636 287 3 6 0.055705246 
757 177 5 8 0.05569162 
849 187 7 9 0.05558892 
658 423 11 13 0.05555074 
971 387 11 9 0.05549132 
316 434 11 16 0.055461533 
306 426 9 10 0.055397898 
29 322 8 15 0.05538046 
743 344 9 8 0.05529963 
744 307 5 6 0.055116206 
1057 484 10 16 0.055067115 
637 217 4 6 0.05506297 
680 197 5 7 0.054814056 
1053 406 6 8 0.05477398 
946 293 5 6 0.05476899 
613 248 5 6 0.0546333 
636 281 4 6 0.0545963 
782 229 5 8 0.054569777 
88 317 6 8 0.054518424 
928 318 6 7 0.054517407 
781 288 6 6 0.054507222 
996 475 9 11 0.054367363 
636 247 4 6 0.054278594 
966 350 8 7 0.054069154 
286 324 7 9 0.053986557 
743 349 7 7 0.053927343 
871 208 6 7 0.053892348 
325 479 10 16 0.05382084 
849 342 11 10 0.053802505 
705 201 6 8 0.053767536 
1018 455 8 12 0.053636547 
875 203 7 8 0.053593643 
640 282 4 5 0.053545557 
338 414 7 9 0.053243782 
714 318 8 10 0.05314038 
693 247 5 8 0.05310506 
863 196 6 8 0.05291217 
591 223 5 6 0.052898657 
988 438 10 10 0.05289848 
826 299 6 6 0.05281474 
868 331 8 9 0.052805863 
902 349 7 8 0.05274985 
682 380 10 14 0.052658197 
863 316 7 7 0.05251514 
852 326 7 8 0.052152846 
63 317 7 11 0.05211932 
884 192 6 7 0.05179598 
696 236 6 8 0.05175843 
382 390 7 12 0.05171096 
859 184 5 8 0.051669247 
1061 356 6 9 0.051654037 
598 189 5 6 0.05156128 
962 336 6 7 0.051448174 
662 203 4 6 0.05142714 
881 216 7 7 0.05136601 
551 333 18 37 0.051349286 
622 184 5 5 0.051325977 
884 362 8 11 0.05116993 
469 249 5 7 0.051131226 
647 297 5 7 0.050965827 
1009 376 9 9 0.050952993 
957 343 9 9 0.05095159 
741 378 9 12 0.050687425 
712 292 6 8 0.050589718 
339 303 6 7 0.050464142 
724 196 5 7 0.050317835 
680 202 6 6 0.050205383 
602 303 5 8 0.050186362 
1057 472 9 15 0.05009444 
776 208 5 6 0.050029848 
1019 440 15 22 0.050017737 
658 405 7 10 0.05001691 
987 324 10 9 0.049912035 
911 260 4 6 0.049903926 
1003 373 10 9 0.049865697 
880 310 7 9 0.0498204 
481 293 6 6 0.049799155 
812 293 6 5 0.04977843 
1008 414 8 9 0.04977046 
616 295 4 6 0.04976213 
15 385 17 27 0.04973975 
371 331 6 9 0.04966667 
1051 416 7 9 0.04956468 
769 300 6 7 0.049563855 
389 463 7 8 0.04953599 
425 312 5 6 0.049462922 
358 411 9 10 0.049459822 
890 221 9 12 0.04904884 
891 301 5 5 0.049045563 
635 209 4 5 0.04902046 
890 210 8 9 0.04901096 
836 207 6 9 0.048936374 
428 312 6 6 0.048892535 
634 228 4 7 0.04886678 
886 200 8 10 0.048806164 
966 368 10 9 0.048764788 
373 319 4 7 0.048668724 
434 385 9 15 0.048618726 
327 298 6 7 0.04860658 
881 354 8 9 0.04859508 
2 307 5 13 0.04847802 
977 208 9 10 0.048426185 
781 298 7 7 0.048397347 
195 437 11 12 0.04834886 
708 321 10 11 0.048344344 
960 299 6 6 0.048335444 
883 175 9 9 0.04832583 
906 398 9 13 0.04828979 
437 302 4 5 0.04827154 
428 427 8 12 0.04825003 
951 405 11 11 0.0482482 
674 279 6 7 0.04822507 
787 287 6 6 0.04815002 
641 210 4 5 0.048111346 
765 334 10 10 0.048025995 
306 364 8 6 0.04797805 
353 374 6 10 0.047868136 
665 203 5 6 0.047830492 
424 349 7 10 0.047828346 
920 190 6 8 0.04782644 
675 393 9 13 0.047789905 
961 355 8 8 0.047737412 
435 335 8 11 0.047724776 
1012 393 8 9 0.047718544 
845 165 5 6 0.04767266 
687 258 5 8 0.04765607 
610 198 3 5 0.04765038 
770 261 4 5 0.047556225 
958 349 9 8 0.047547445 
668 169 5 8 0.047496866 
679 347 8 10 0.0474512 
294 337 6 7 0.04742391 
936 367 9 10 0.047357973 
830 233 6 7 0.04734251 
1038 378 7 10 0.047331296 
778 310 9 9 0.04718549 
950 349 9 9 0.047090605 
968 305 6 6 0.047073342 
1054 346 6 8 0.047003526 
1019 405 7 11 0.04699486 
826 288 7 6 0.046900857 
261 291 8 10 0.046885718 
344 317 7 10 0.046877094 
678 273 5 6 0.046857048 
866 347 6 8 0.04677784 
948 312 6 7 0.046765987 
253 466 10 12 0.04676422 
694 426 11 19 0.046758123 
806 347 8 10 0.04675795 
803 354 9 12 0.04670847 
753 349 8 8 0.0466909 
876 209 6 7 0.04668395 
771 292 5 6 0.04662041 
759 349 12 11 0.046599306 
813 375 9 10 0.046596393 
954 298 6 7 0.046573844 
917 189 6 8 0.046490736 
403 314 5 6 0.046469763 
610 165 5 6 0.04629602 
321 316 6 8 0.04618836 
924 335 8 9 0.04603579 
79 312 5 7 0.045990635 
972 310 7 8 0.045936212 
611 171 4 6 0.0458594 
661 184 4 6 0.045777027 
283 309 5 8 0.04573302 
204 440 9 10 0.0456058 
665 197 5 7 0.045589563 
984 355 8 8 0.045480248 
577 253 4 6 0.045359 
935 228 6 10 0.045330036 
773 300 7 7 0.04529953 
875 373 9 12 0.04528374 
764 417 12 16 0.045276728 
900 328 8 10 0.045112755 
590 241 5 7 0.04508531 
820 287 6 6 0.045025926 
252 425 9 12 0.04498635 
884 272 5 5 0.044928685 
718 373 8 11 0.044890407 
662 286 4 5 0.04480746 
1036 478 14 19 0.044759642 
778 259 6 8 0.044729188 
350 315 7 9 0.04470887 
982 229 9 12 0.044667996 
311 401 8 8 0.0446277 
769 172 4 6 0.04451388 
221 470 9 9 0.044425033 
609 311 5 7 0.04436244 
836 304 6 7 0.044315144 
345 292 6 8 0.044202738 
954 305 6 6 0.04416369 
870 177 7 7 0.04410455 
794 286 6 6 0.04407585 
859 188 6 8 0.044074345 
1037 388 8 10 0.044072587 
534 215 5 6 0.043983996 
779 222 5 7 0.043977685 
862 306 8 8 0.043777224 
720 324 9 9 0.043727856 
1004 336 6 7 0.043504678 
628 197 4 6 0.04349004 
320 287 6 7 0.043354012 
627 242 4 6 0.043224346 
1013 357 6 7 0.04317805 
1039 453 12 18 0.043060098 
577 237 4 5 0.04303853 
75 336 10 15 0.043009486 
574 333 7 11 0.04289032 
703 217 7 8 0.042865127 
309 325 5 6 0.04284034 
369 346 8 10 0.042828932 
920 366 8 11 0.042812776 
668 176 5 7 0.042781852 
911 256 4 5 0.042775888 
839 330 6 7 0.04272772 
809 300 6 5 0.042709384 
706 197 6 7 0.04270868 
369 335 8 11 0.04258083 
353 391 7 10 0.04257822 
953 180 8 10 0.042561583 
685 417 6 11 0.04252974 
282 351 6 6 0.042476263 
384 344 7 10 0.042393234 
715 327 10 11 0.04238285 
473 247 5 7 0.042297214 
899 248 5 7 0.042292394 
878 273 5 5 0.042282227 
319 291 6 6 0.04226392 
709 197 6 7 0.042206414 
1038 365 7 10 0.041970693 
726 182 5 9 0.041908108 
1012 435 8 11 0.04188567 
309 311 5 6 0.04185406 
4 294 7 14 0.041842237 
875 298 6 7 0.041825835 
878 268 5 6 0.041816674 
1044 434 10 14 0.04179708 
705 249 5 6 0.041796025 
1037 399 8 12 0.04177037 
838 326 6 7 0.041730437 
1018 397 8 13 0.041679118 
411 319 4 6 0.041672997 
894 368 9 10 0.04166752 
930 445 13 12 0.041642055 
784 341 10 11 0.04156735 
715 411 9 14 0.041529022 
677 360 12 14 0.04143948 
655 216 4 6 0.041391473 
997 388 9 8 0.041340474 
776 242 4 6 0.04130952 
917 301 4 5 0.041308045 
816 208 5 8 0.04129437 
814 410 12 16 0.04127833 
392 321 5 7 0.041234512 
616 184 5 6 0.04121942 
862 202 6 8 0.04120593 
601 184 5 6 0.04116279 
388 348 7 10 0.04105418 
496 217 4 6 0.041031733 
623 209 4 6 0.04102184 
256 291 7 10 0.041019473 
657 385 8 13 0.040999364 
446 374 8 17 0.04097672 
269 297 6 8 0.040974345 
647 315 8 14 0.040949635 
865 172 5 6 0.04091548 
448 300 4 6 0.04090896 
309 343 5 5 0.04081223 
340 370 7 8 0.040808927 
496 220 5 8 0.04080884 
14 382 7 15 0.04079859 
875 165 6 7 0.040784612 
713 336 10 10 0.040773403 
1041 442 12 17 0.040693313 
903 262 4 6 0.04060861 
597 310 6 10 0.040474262 
999 336 7 7 0.040370286 
595 222 5 7 0.040296525 
913 169 8 10 0.04029272 
473 310 8 8 0.040253293 
624 240 4 7 0.04015241 
895 209 6 8 0.040058196 
276 326 8 9 0.040045433 
196 463 11 9 0.040035527 
712 216 6 7 0.040029727 
325 286 6 7 0.040003527 
281 499 9 11 0.039940167 
781 273 5 5 0.039933145 
341 287 4 6 0.039894417 
404 387 16 26 0.039853584 
288 301 5 6 0.039755408 
709 164 6 9 0.039718747 
788 374 9 11 0.039673924 
796 165 4 6 0.039580084 
800 291 8 8 0.039537944 
217 464 9 10 0.039481755 
326 315 6 8 0.03947786 
718 177 5 7 0.039469898 
204 451 9 10 0.039453387 
420 367 10 21 0.039392922 
672 435 8 13 0.03934992 
1050 426 7 11 0.039331924 
946 207 7 9 0.039322015 
287 304 5 7 0.039268207 
622 235 4 7 0.039261762 
844 294 8 6 0.03926001 
672 177 5 7 0.03925848 
910 307 5 6 0.03924672 
636 244 3 5 0.03922862 
898 266 5 6 0.039203506 
446 384 8 15 0.039180864 
899 254 5 6 0.039078113 
592 372 9 17 0.0389911 
378 348 7 9 0.038966257 
334 293 5 6 0.038902882 
938 406 10 11 0.038846545 
522 459 8 9 0.038824555 
301 318 6 6 0.038814638 
901 312 7 7 0.03877458 
689 405 8 13 0.038721927 
475 254 5 8 0.03869173 
679 269 5 5 0.0386576 
610 191 4 6 0.038652208 
797 311 8 9 0.038642608 
801 234 5 7 0.03859095 
699 226 6 8 0.038566526 
1010 406 8 9 0.038553305 
897 184 7 7 0.0385376 
602 190 4 6 0.03849925 
1018 330 7 9 0.03849382 
1035 422 9 15 0.03849301 
738 245 6 11 0.0384915 
526 209 5 6 0.038426057 
960 306 6 6 0.038424592 
312 426 9 11 0.03838028 
910 324 7 9 0.038348474 
590 237 4 5 0.038301032 
595 333 9 12 0.038247388 
629 203 4 5 0.03819839 
352 310 6 9 0.038183875 
577 250 4 5 0.038144514 
278 448 10 15 0.03811714 
440 374 9 17 0.037914652 
920 374 8 10 0.037890825 
709 168 6 10 0.037874408 
620 304 5 7 0.03786677 
887 240 7 8 0.037820574 
938 391 8 11 0.03781186 
635 189 5 6 0.03771759 
614 171 5 6 0.03771651 
602 172 5 6 0.0376497 
793 420 9 10 0.037611708 
568 340 7 12 0.03755441 
628 184 5 6 0.037466936 
617 222 4 6 0.03743505 
192 487 26 26 0.03743411 
1020 388 14 21 0.037404083 
674 190 4 6 0.037387487 
728 348 8 8 0.03736315 
295 317 5 6 0.037290916 
743 310 6 7 0.037232213 
765 482 10 13 0.037221655 
697 273 5 7 0.03721682 
1059 497 9 16 0.037165303 
838 190 6 9 0.03714119 
326 356 7 7 0.037120264 
989 363 9 8 0.037092034 
847 202 5 8 0.037086703 
1016 428 16 20 0.037003543 
1038 352 7 10 0.036974657 
180 439 9 11 0.036774807 
683 202 6 6 0.036742166 
874 336 9 8 0.036732826 
605 299 4 7 0.036714617 
958 194 8 10 0.03664833 
314 361 8 7 0.03654812 
621 204 4 5 0.03654167 
955 385 10 11 0.036488697 
1036 412 9 13 0.03648795 
662 197 4 6 0.03647068 
663 398 8 13 0.03642497 
0 282 14 34 0.036307234 
845 216 6 7 0.036305025 
31 429 9 19 0.036290474 
457 301 4 4 0.036232103 
322 306 6 6 0.03622953 
512 197 4 5 0.03621395 
618 406 9 12 0.036178987 
299 355 7 6 0.036173105 
895 347 8 9 0.03613677 
747 211 8 10 0.036108218 
370 367 6 10 0.036077715 
950 412 12 11 0.03605749 
360 360 6 8 0.036050268 
709 329 9 10 0.036043923 
769 241 4 7 0.036022063 
346 362 7 8 0.03600738 
910 177 7 7 0.03598736 
970 212 8 11 0.03596801 
195 470 12 10 0.035961 
278 303 5 7 0.035914592 
411 323 5 8 0.03585537 
716 293 5 6 0.03585299 
1061 342 5 10 0.03583752 
679 367 11 13 0.03582591 
346 323 6 8 0.03580448 
864 223 4 6 0.035786215 
966 316 7 9 0.03576598 
991 313 6 7 0.03573393 
792 292 8 8 0.03573233 
356 373 8 11 0.035686523 
60 361 10 13 0.03558175 
283 355 6 7 0.035549186 
717 188 5 7 0.035542943 
862 213 6 8 0.035540197 
802 388 11 10 0.035498895 
622 179 5 5 0.03549699 
780 248 5 6 0.035460137 
752 373 10 11 0.03545499 
1103 341 6 10 0.035450432 
600 311 6 9 0.035415385 
646 215 5 7 0.035389945 
914 183 6 8 0.035343286 
339 298 7 8 0.035288244 
289 344 5 6 0.0352853 
864 228 5 6 0.035262056 
1101 311 7 13 0.035258353 
759 229 4 7 0.035148267 
725 172 5 6 0.03514784 
766 394 10 15 0.035114445 
813 324 7 8 0.035092708 
844 304 7 8 0.035055958 
900 206 7 10 0.03503111 
637 222 3 5 0.035021376 
690 348 9 10 0.03500177 
1037 465 14 19 0.034999356 
577 408 13 17 0.034992076 
934 202 6 8 0.034963988 
882 306 6 7 0.034938656 
597 171 5 6 0.034878094 
994 267 5 6 0.034855824 
838 299 8 7 0.034842733 
709 201 6 8 0.034836907 
884 269 5 6 0.034719445 
292 453 9 15 0.03466843 
645 188 6 8 0.03466584 
354 260 4 8 0.034648404 
268 442 9 12 0.03464724 
558 235 4 6 0.034610696 
1093 279 8 16 0.034534167 
705 164 6 8 0.03451313 
202 468 12 11 0.034502357 
437 329 7 10 0.03449523 
790 299 8 8 0.034478765 
643 262 4 6 0.03447649 
475 241 4 7 0.034463685 
956 289 4 5 0.03444282 
352 306 5 7 0.03440089 
760 377 11 12 0.034393907 
295 313 5 6 0.034393363 
603 216 4 6 0.034388892 
744 210 7 7 0.034378547 
579 305 4 8 0.034364242 
259 276 7 9 0.034306962 
192 407 6 11 0.034292888 
597 210 4 5 0.03419752 
832 329 7 8 0.034122344 
615 191 4 6 0.034086794 
781 216 5 6 0.03407099 
68 331 10 15 0.034022216 
299 367 10 8 0.033987693 
270 429 10 12 0.033913158 
743 317 7 8 0.033868853 
717 216 5 7 0.033864327 
757 248 5 7 0.033792246 
914 357 9 9 0.033786755 
725 229 6 7 0.033758484 
826 160 5 6 0.03370827 
616 197 4 5 0.03367656 
780 403 13 14 0.03367364 
748 385 11 13 0.033621415 
630 268 4 5 0.03359308 
904 228 6 9 0.033583548 
850 203 5 8 0.033538517 
325 306 6 6 0.033528224 
908 386 7 10 0.033418577 
597 196 4 7 0.033378482 
676 443 9 14 0.03337634 
752 413 10 15 0.033343364 
855 368 8 10 0.033299282 
0 346 5 15 0.03325992 
948 304 6 7 0.033251464 
316 292 5 6 0.033222657 
300 364 7 6 0.033139486 
455 306 5 5 0.033135924 
641 248 4 6 0.03313498 
916 373 7 10 0.03304699 
1006 369 10 9 0.032898318 
936 322 7 9 0.03289275 
623 216 4 6 0.032883298 
978 226 10 13 0.032857295 
735 342 7 8 0.032826107 
660 215 4 6 0.032812964 
343 392 9 11 0.03279797 
850 352 11 13 0.032750476 
1020 323 6 8 0.03265784 
1018 360 8 9 0.03263997 
603 197 4 6 0.03260485 
776 267 4 6 0.032597147 
1004 436 9 12 0.032570995 
902 232 7 9 0.03256947 
645 196 6 8 0.032549065 
435 425 7 11 0.03251489 
942 157 6 7 0.032489117 
1082 249 11 21 0.032480646 
262 417 8 11 0.03244833 
908 375 7 9 0.032421026 
961 360 9 9 0.032412842 
679 191 4 5 0.03239178 
477 307 8 11 0.032380946 
883 327 8 11 0.032323003 
978 336 7 7 0.03224285 
1019 369 8 10 0.03222797 
642 267 4 5 0.032195482 
666 449 9 11 0.03218134 
705 286 5 7 0.032179195 
939 330 7 8 0.03216583 
54 303 6 9 0.03215738 
654 196 5 7 0.03212525 
881 345 9 8 0.0321202 
820 298 6 6 0.03211419 
586 242 4 6 0.032110717 
966 311 7 7 0.03208929 
902 266 5 6 0.031966254 
872 273 5 6 0.031949103 
958 406 10 10 0.031929154 
679 282 46 59 0.03192251 
328 293 5 6 0.03188159 
751 334 9 9 0.031863388 
301 339 6 7 0.031855237 
898 436 13 17 0.0318439 
353 298 5 7 0.031842314 
591 197 4 6 0.031782128 
871 279 6 8 0.03175476 
596 203 5 7 0.031741742 
706 175 5 8 0.031735033 
864 272 6 6 0.03173351 
428 444 10 16 0.031729065 
88 311 6 8 0.03171658 
467 309 7 8 0.03170347 
699 259 5 9 0.03170043 
647 211 4 5 0.031698324 
935 208 7 9 0.03167664 
845 169 6 8 0.031617332 
626 315 6 10 0.031601127 
533 210 4 6 0.0315943 
860 249 5 6 0.031580683 
814 214 7 10 0.031579677 
629 248 4 5 0.03157788 
1038 492 14 18 0.031545475 
326 279 6 8 0.031523652 
628 190 4 6 0.03150947 
427 316 7 8 0.031492192 
781 268 5 7 0.031489532 
1035 434 10 15 0.031484067 
596 300 4 7 0.03146556 
324 404 10 11 0.03145611 
726 189 5 7 0.031444248 
852 177 5 6 0.031421605 
384 268 5 6 0.031418897 
610 184 4 6 0.031414934 
769 247 5 7 0.03137535 
903 178 6 6 0.03132141 
307 357 7 5 0.031303063 
777 178 4 7 0.031292006 
655 203 4 6 0.031284448 
1060 327 7 11 0.031202666 
853 315 6 8 0.03120061 
709 348 8 9 0.031167606 
286 356 7 8 0.031138899 
864 286 6 6 0.031117393 
621 229 4 5 0.031111045 
686 273 5 6 0.03106705 
665 209 5 7 0.03103977 
647 202 5 6 0.031006575 
772 337 8 9 0.030911116 
210 477 10 9 0.03082236 
945 163 7 10 0.030818276 
788 402 15 13 0.03078848 
411 312 4 6 0.030769486 
596 294 4 5 0.03075595 
400 313 4 6 0.030732865 
548 284 10 19 0.030688068 
954 312 6 7 0.030679606 
519 209 4 6 0.030661581 
68 301 4 7 0.030659145 
345 286 5 6 0.03065702 
781 182 6 9 0.030652229 
597 166 5 5 0.03064053 
610 159 4 5 0.030638942 
673 210 5 6 0.030583914 
827 321 7 9 0.030578984 
338 389 9 9 0.030554872 
317 450 10 14 0.030548992 
386 368 8 13 0.03052061 
743 182 5 9 0.030518886 
605 295 4 5 0.030484086 
777 272 5 6 0.030476792 
760 342 9 9 0.030422948 
312 449 10 15 0.030401967 
778 393 10 10 0.030389935 
406 416 15 26 0.030354796 
673 160 5 7 0.030328255 
315 351 6 5 0.030285325 
972 336 8 8 0.03028489 
761 177 5 7 0.030254265 
377 329 6 8 0.030251943 
957 175 7 10 0.030251386 
631 228 4 6 0.030164102 
655 221 5 7 0.030161127 
991 356 9 7 0.03015904 
960 289 5 6 0.030155439 
721 348 8 8 0.03013573 
860 197 5 7 0.03011782 
194 459 21 18 0.030089786 
919 226 7 10 0.03004765 
631 292 4 6 0.030013995 
1019 318 7 8 0.029997783 
965 343 8 9 0.029920887 
791 386 11 10 0.029911974 
554 268 4 6 0.029888723 
439 323 9 11 0.0298569 
858 172 6 6 0.02983986 
602 316 6 9 0.029828502 
23 340 10 14 0.029772492 
711 222 5 7 0.029750437 
709 247 5 7 0.029742653 
966 233 6 8 0.029717807 
296 364 6 5 0.029701015 
640 320 7 12 0.029662987 
631 256 3 6 0.029643537 
699 210 5 6 0.029634466 
725 175 5 8 0.029616443 
784 333 12 13 0.029594619 
875 170 6 7 0.029541712 
585 334 12 14 0.02952802 
884 248 5 6 0.029493067 
287 328 7 8 0.029461239 
264 454 10 14 0.029399153 
754 344 7 9 0.02939708 
762 254 5 6 0.029377697 
922 246 5 8 0.029361915 
680 210 5 6 0.02934578 
686 267 5 7 0.029336846 
957 457 10 10 0.02929838 
313 379 11 9 0.029298235 
589 367 8 13 0.029266162 
751 380 11 12 0.029249603 
878 196 6 7 0.029247608 
643 426 10 10 0.029245138 
276 294 5 7 0.029238433 
955 398 9 11 0.029214796 
333 346 5 6 0.029201202 
745 436 12 14 0.029154703 
295 343 6 6 0.029148132 
1020 349 7 9 0.029140778 
676 474 11 12 0.029131215 
1101 365 6 10 0.029128335 
172 437 6 9 0.029127764 
703 253 5 6 0.029082961 
336 305 4 6 0.029055899 
629 223 4 6 0.029045578 
801 196 6 8 0.0290341 
661 189 4 7 0.029033786 
398 268 4 6 0.029022807 
416 343 5 7 0.028999463 
690 259 5 9 0.028970433 
848 250 4 5 0.028935114 
413 307 4 5 0.028900614 
590 216 5 6 0.028893374 
907 195 6 8 0.028872836 
852 249 4 6 0.028853398 
853 253 5 6 0.028824283 
871 286 6 7 0.028763827 
1053 331 6 10 0.028753223 
718 197 6 7 0.02875165 
591 203 5 6 0.028735876 
781 326 8 8 0.028716171 
705 291 6 9 0.028715402 
896 302 5 5 0.028712044 
712 272 4 7 0.028709657 
948 330 7 8 0.028702851 
416 319 5 8 0.028700888 
591 211 4 5 0.028696071 
925 163 7 9 0.028638365 
1002 400 7 9 0.028624605 
301 427 14 18 0.0286046 
433 364 8 14 0.02859193 
788 273 5 6 0.028545858 
847 371 13 13 0.0285439 
299 379 9 8 0.02850141 
331 403 9 10 0.028478852 
88 320 7 11 0.028415227 
819 176 6 8 0.028397504 
623 197 4 5 0.028370485 
839 273 6 5 0.028340496 
689 484 8 9 0.0283072 
936 331 6 8 0.028297318 
540 210 4 6 0.028280718 
922 195 6 8 0.028261611 
762 249 5 7 0.028258327 
860 223 5 5 0.028244428 
777 226 5 7 0.028222391 
693 274 5 7 0.028219089 
259 322 5 8 0.028190104 
736 350 8 7 0.028168695 
675 269 4 5 0.028154813 
616 179 4 5 0.028082607 
307 351 6 6 0.028066257 
766 381 11 12 0.028053153 
830 341 9 10 0.028037807 
482 296 6 8 0.028016606 
421 254 5 8 0.028007066 
1003 356 7 8 0.028006606 
566 295 4 8 0.027982036 
424 318 6 7 0.027976027 
621 223 4 6 0.02795359 
901 170 8 8 0.027873706 
321 300 5 6 0.02785781 
721 368 10 12 0.027804412 
794 170 6 7 0.027802201 
617 229 4 5 0.027795753 
328 324 6 8 0.027793974 
306 318 5 7 0.027787492 
606 347 7 11 0.027778085 
866 360 9 11 0.02777307 
313 310 5 8 0.02776506 
544 324 10 19 0.027762989 
610 441 11 14 0.027753942 
777 171 4 6 0.027749712 
563 320 9 14 0.027746595 
655 288 3 4 0.027736776 
1010 461 8 11 0.027713792 
958 181 7 9 0.027705822 
925 447 21 22 0.02766497 
604 203 4 6 0.027615229 
345 298 7 8 0.027572576 
928 200 7 9 0.027540356 
795 247 4 7 0.027504344 
516 209 4 6 0.027389217 
357 369 8 10 0.027386839 
800 271 7 8 0.027376654 
367 267 5 6 0.027367009 
1078 228 11 22 0.027354663 
996 419 11 12 0.027346997 
415 183 7 9 0.02734361 
1003 406 8 10 0.027315788 
487 228 6 8 0.027241262 
332 318 7 8 0.027240543 
697 337 10 10 0.027151063 
883 229 6 7 0.027139483 
514 298 20 26 0.0271016 
933 213 8 10 0.027100729 
738 235 4 7 0.027099408 
827 163 4 6 0.027088916 
335 268 5 6 0.027077453 
1017 381 8 10 0.027044354 
700 216 5 6 0.027028805 
756 261 5 6 0.026990872 
846 208 5 7 0.026942924 
351 331 6 7 0.026889434 
859 254 4 6 0.026886068 
992 278 6 7 0.026868258 
331 356 9 8 0.026798993 
634 255 5 6 0.026758164 
498 217 5 7 0.026704589 
938 373 7 9 0.026698241 
376 342 8 11 0.026684565 
514 215 5 7 0.026652852 
342 399 9 11 0.026629204 
782 280 7 7 0.026625514 
676 322 8 10 0.026623132 
836 176 7 9 0.026616503 
334 418 7 9 0.026560111 
998 311 5 7 0.026542768 
527 198 3 4 0.026516957 
1009 481 8 9 0.026482796 
417 310 4 7 0.026441239 
989 417 10 10 0.026437225 
199 435 18 19 0.026401816 
370 372 7 11 0.02639656 
411 185 5 7 0.026396526 
617 208 4 6 0.026367214 
859 229 5 5 0.026365304 
289 461 8 11 0.026356222 
823 334 9 9 0.026351415 
947 226 8 11 0.026336798 
649 254 4 6 0.026274448 
943 289 4 5 0.026267366 
674 204 4 5 0.0262382 
641 274 4 5 0.026218485 
411 343 6 7 0.026196366 
405 184 6 8 0.026188338 
777 181 4 9 0.026179956 
800 286 7 7 0.026174668 
1103 450 5 9 0.026168453 
273 402 10 12 0.026117424 
604 236 4 6 0.02611567 
627 310 6 10 0.026105098 
286 369 7 8 0.02608861 
624 275 3 4 0.026060127 
597 216 4 6 0.026049035 
278 322 17 20 0.02603245 
583 210 5 5 0.026031116 
844 310 7 9 0.026025549 
520 228 4 6 0.026016854 
481 214 6 8 0.025991533 
558 192 5 5 0.025976943 
414 394 9 17 0.02594957 
479 241 6 7 0.02594893 
593 324 8 10 0.025943497 
884 165 7 6 0.025937362 
986 279 7 6 0.025934856 
603 177 4 6 0.02590554 
1038 341 7 10 0.02590507 
868 188 7 9 0.025889825 
282 346 5 5 0.025855137 
576 294 4 5 0.025846748 
954 259 6 7 0.025839934 
617 235 4 6 0.025826197 
189 472 24 21 0.025826046 
782 171 4 6 0.025825432 
781 209 4 6 0.025824685 
789 261 4 7 0.025818035 
655 228 5 7 0.025729021 
486 214 5 7 0.025720295 
208 423 8 11 0.02571215 
958 452 11 9 0.025707781 
674 196 5 6 0.025699485 
578 205 4 5 0.025698842 
811 394 18 21 0.025695156 
822 391 10 13 0.025689783 
765 342 10 9 0.025689663 
653 299 5 7 0.025631927 
297 351 6 5 0.025624137 
683 197 6 7 0.02562283 
565 254 4 5 0.025605366 
667 190 4 6 0.02559447 
897 203 7 8 0.025584131 
609 330 7 11 0.025580065 
571 222 6 8 0.02555715 
347 305 6 6 0.025552398 
610 208 4 6 0.025541563 
753 357 8 9 0.025502888 
558 197 4 5 0.025483735 
851 293 6 6 0.025464373 
371 260 5 7 0.025460366 
718 201 6 7 0.025456095 
705 189 5 6 0.025447816 
656 210 4 5 0.025408437 
623 191 4 5 0.025393788 
758 166 4 5 0.025390845 
796 237 5 5 0.025369303 
743 177 5 7 0.025366796 
289 338 6 7 0.025363417 
788 267 5 7 0.025349487 
54 311 6 10 0.025333054 
791 344 9 9 0.025269032 
909 183 7 7 0.025257107 
478 254 6 8 0.025241662 
933 196 7 8 0.025226062 
832 185 7 12 0.025220517 
296 307 4 5 0.025218867 
790 395 11 9 0.025218602 
640 221 5 6 0.025207017 
581 346 17 25 0.025188634 
885 236 6 7 0.02516923 
845 287 6 5 0.02516231 
725 247 5 7 0.025152953 
626 398 8 11 0.02514824 
1015 425 10 13 0.02514723 
389 342 7 11 0.02514363 
312 369 9 8 0.025141753 
906 189 7 9 0.025114117 
974 320 17 16 0.025112776 
348 368 9 10 0.02510205 
571 190 4 6 0.025101103 
365 382 7 10 0.025095874 
537 216 5 6 0.025093962 
761 229 5 8 0.025085151 
668 235 4 6 0.025067061 
777 166 4 5 0.025054907 
371 362 7 9 0.024998412 
922 242 5 7 0.024970373 
258 295 6 9 0.024920337 
228 472 10 11 0.02490055 
662 282 4 5 0.02490036 
237 420 10 13 0.024883669 
634 185 5 5 0.024864534 
847 359 12 13 0.02486202 
1060 514 9 14 0.024847204 
789 240 5 7 0.024841689 
277 319 6 7 0.0248322 
716 398 8 12 0.024798311 
892 397 18 26 0.024794955 
769 255 4 6 0.024778781 
507 203 4 6 0.024776217 
559 185 4 5 0.024774347 
769 288 5 5 0.024730917 
809 343 10 9 0.024723087 
800 241 4 7 0.024722364 
863 292 7 7 0.024707593 
692 196 6 7 0.024696253 
51 335 6 12 0.02466983 
597 178 5 5 0.024631971 
921 343 9 11 0.024631899 
992 273 6 7 0.02463133 
930 215 7 9 0.024621822 
751 236 4 6 0.024598 
818 325 6 7 0.024585553 
679 215 5 6 0.024584018 
799 165 5 5 0.024575133 
640 228 5 7 0.02457201 
777 304 9 8 0.024510063 
879 261 5 6 0.024470747 
462 294 4 5 0.024452044 
733 368 8 10 0.02443785 
862 248 6 7 0.024437355 
761 259 6 7 0.02443591 
1017 418 8 12 0.024416184 
635 269 4 5 0.024377448 
974 226 6 9 0.02437721 
1092 467 8 13 0.024366785 
832 223 5 7 0.02436253 
270 344 5 6 0.024356 
447 353 16 25 0.024329295 
970 426 9 10 0.024326788 
648 261 4 6 0.024316564 
0 405 4 12 0.024302477 
875 331 8 8 0.024300449 
864 235 6 6 0.024258733 
571 185 4 5 0.024215516 
196 409 10 14 0.02418007 
623 348 7 11 0.024178023 
375 335 8 11 0.024156015 
852 171 5 7 0.024136245 
702 259 6 9 0.024096686 
900 369 8 9 0.02408926 
884 258 6 7 0.024067897 
665 286 4 7 0.024045035 
482 222 5 7 0.024042597 
704 185 5 6 0.024036365 
333 387 8 8 0.024009505 
301 306 5 6 0.024008958 
985 363 8 7 0.0239962 
771 208 5 6 0.023973467 
373 255 4 6 0.023968693 
628 235 4 7 0.023959268 
983 394 9 10 0.023947684 
737 157 5 8 0.023937546 
666 216 4 5 0.023916854 
352 369 15 22 0.023894915 
1070 202 14 27 0.023887288 
1105 394 5 9 0.023883482 
425 308 3 4 0.023881478 
998 306 5 7 0.023879567 
937 294 4 6 0.023872439 
1010 496 9 10 0.023861285 
425 378 9 16 0.023857059 
865 340 18 16 0.023855815 
729 247 5 8 0.023841996 
799 299 7 7 0.02382204 
316 466 12 15 0.02381354 
378 385 14 24 0.023793994 
914 341 8 10 0.023793668 
278 350 4 5 0.023788663 
659 222 5 7 0.023733323 
583 223 5 6 0.023714088 
916 222 6 9 0.023711532 
740 246 9 14 0.023710951 
390 336 7 10 0.023692753 
836 349 8 10 0.023652101 
557 268 4 7 0.023633344 
30 404 11 20 0.02361876 
899 335 8 9 0.023602435 
967 175 8 10 0.023586355 
789 329 9 10 0.023585241 
881 417 10 13 0.023579301 
392 355 6 11 0.023572598 
953 337 7 7 0.023569142 
814 159 5 6 0.023563096 
545 198 4 5 0.023541208 
1020 401 14 21 0.023539744 
899 344 8 8 0.023530437 
1034 446 10 16 0.023519257 
958 171 8 8 0.023509048 
729 171 5 6 0.023486834 
930 189 6 7 0.023458865 
400 400 18 32 0.023445522 
1011 398 8 11 0.023434667 
836 343 8 8 0.023429409 
963 410 11 11 0.023422737 
814 171 5 7 0.023390135 
978 299 6 7 0.023383874 
997 343 8 8 0.023377024 
585 248 4 6 0.023366889 
653 293 4 6 0.023361364 
385 261 4 6 0.023358611 
916 261 4 6 0.023353957 
794 202 5 7 0.023353789 
544 210 4 5 0.023339203 
654 190 5 7 0.02332877 
749 203 5 7 0.023318876 
650 426 10 11 0.023314804 
731 202 6 7 0.023312021 
351 335 8 10 0.023301093 
1010 361 7 8 0.02329405 
402 537 8 8 0.023282737 
716 221 5 8 0.023273299 
290 313 4 6 0.023271643 
907 356 8 8 0.023251755 
610 230 4 5 0.023219645 
601 351 9 13 0.02320666 
850 215 6 8 0.02319992 
983 305 6 7 0.02319272 
978 237 8 11 0.02318986 
417 321 14 22 0.02318232 
620 335 7 10 0.023178078 
836 182 7 10 0.023166923 
282 407 9 10 0.02312975 
752 402 11 17 0.023116926 
563 215 5 6 0.023102744 
798 304 8 8 0.023092614 
700 184 5 6 0.023060277 
479 190 5 8 0.023053113 
782 178 4 7 0.023046087 
850 331 17 17 0.023016045 
339 312 7 8 0.023009984 
610 217 4 6 0.02299912 
998 382 8 8 0.022984192 
625 421 10 12 0.022963967 
785 425 10 13 0.022916768 
1021 310 6 9 0.022913698 
400 386 11 20 0.022913601 
801 332 8 9 0.02289577 
648 289 4 4 0.022871343 
621 293 4 7 0.022865152 
898 273 5 6 0.02284741 
610 178 4 5 0.022824917 
945 317 7 9 0.022820845 
482 226 5 9 0.022819694 
1061 313 6 11 0.022809938 
712 184 5 7 0.022791449 
756 196 5 6 0.022789305 
839 367 15 16 0.022782197 
572 243 3 5 0.02278055 
634 356 6 9 0.022775276 
1010 334 8 9 0.022757903 
249 292 7 9 0.02275537 
728 176 6 9 0.022755349 
428 327 7 10 0.022753282 
865 355 8 10 0.022734765 
349 355 8 10 0.02272646 
578 210 4 5 0.022720024 
786 279 7 8 0.022714745 
973 288 5 6 0.022687374 
328 346 5 5 0.022652859 
673 216 5 5 0.022644 
782 204 5 5 0.022616837 
58 318 8 14 0.022609903 
581 381 12 16 0.022609236 
1002 457 8 11 0.022602595 
286 351 6 6 0.022598825 
762 182 4 7 0.022596616 
970 351 9 8 0.022587711 
635 234 4 7 0.022584302 
684 209 6 7 0.0225814 
922 234 5 7 0.022575233 
699 204 5 6 0.022574939 
377 355 7 9 0.022573855 
509 198 4 5 0.02255966 
769 175 4 7 0.022551088 
940 208 6 8 0.022550331 
242 285 6 9 0.022549812 
754 318 8 8 0.022505324 
869 235 5 6 0.022504402 
51 320 8 13 0.022504259 
841 166 5 5 0.02250126 
456 295 4 4 0.022474566 
931 439 12 10 0.022455184 
859 272 6 6 0.022436535 
31 306 6 9 0.02243461 
283 373 7 9 0.022433816 
702 423 9 15 0.022429628 
299 442 9 14 0.022418454 
332 394 11 12 0.022408001 
582 185 6 5 0.022402277 
858 176 6 7 0.022394668 
944 463 9 11 0.022377137 
987 274 6 7 0.022371825 
565 273 4 6 0.022362033 
439 186 10 13 0.022347173 
794 273 6 6 0.022325598 
349 323 6 8 0.022321777 
202 474 11 10 0.022320779 
694 466 10 15 0.02230943 
365 323 5 8 0.022309273 
870 305 8 8 0.022299837 
718 210 6 6 0.022289282 
883 208 7 8 0.02225927 
590 191 5 5 0.022250513 
617 450 10 11 0.022238702 
820 234 4 7 0.022234458 
1058 269 8 14 0.022234377 
977 368 8 9 0.022191482 
341 280 4 7 0.02218629 
826 223 5 7 0.022184543 
593 241 5 7 0.022184022 
603 159 5 5 0.022182526 
583 159 5 5 0.022153715 
1017 376 16 20 0.02214519 
961 324 17 18 0.022143254 
750 240 5 7 0.022138296 
626 353 6 9 0.022138111 
707 403 9 12 0.022129701 
351 293 6 8 0.022108557 
902 307 5 5 0.02208356 
797 393 13 11 0.022071881 
383 337 7 9 0.02207066 
819 228 5 7 0.022065489 
642 302 5 10 0.022051536 
889 273 6 6 0.022034833 
936 274 4 4 0.022023002 
845 195 6 8 0.02201941 
486 222 5 7 0.022017596 
418 335 6 10 0.021991462 
551 216 4 6 0.021988148 
847 253 5 6 0.021985237 
311 356 20 18 0.021979911 
1020 465 15 21 0.021979727 
768 189 5 7 0.021978304 
901 240 6 7 0.021943267 
488 233 6 8 0.021937408 
346 280 5 7 0.021933656 
346 336 7 9 0.021927655 
350 348 8 8 0.021925798 
320 345 5 5 0.021918302 
173 444 6 8 0.021910258 
782 240 5 7 0.021897433 
397 273 4 6 0.021886617 
780 254 5 8 0.021882737 
764 196 4 7 0.02188201 
801 219 7 9 0.021866217 
577 299 4 7 0.021847064 
938 363 8 9 0.021817558 
886 395 12 17 0.021812106 
839 269 5 6 0.021798013 
602 323 6 10 0.021782214 
519 215 4 7 0.021758476 
367 330 5 8 0.0217575 
566 248 4 6 0.021731371 
696 373 10 12 0.02171151 
982 430 9 10 0.021708198 
883 220 6 8 0.02169487 
891 336 8 9 0.021685539 
376 395 9 13 0.021679193 
717 298 5 6 0.02167714 
30 338 8 12 0.021671908 
609 235 4 6 0.021666184 
674 299 4 7 0.021642536 
955 448 23 19 0.0216135 
887 254 6 7 0.021602467 
840 170 5 7 0.021588892 
918 208 7 9 0.021584352 
419 392 9 17 0.021583676 
240 437 11 17 0.021582935 
635 179 5 5 0.02156802 
673 477 8 9 0.021564204 
820 282 6 5 0.021558028 
958 444 10 8 0.021555426 
311 366 19 18 0.021522975 
802 208 6 8 0.021521065 
675 284 5 9 0.021477073 
785 230 6 8 0.0214735 
192 416 7 11 0.021457491 
859 159 5 5 0.021449808 
840 250 4 5 0.021442253 
553 198 4 5 0.02143626 
995 435 11 12 0.021431431 
448 295 4 4 0.021423912 
670 417 8 12 0.021416496 
189 446 21 20 0.021380715 
553 210 4 5 0.02137157 
876 287 6 7 0.021353357 
572 249 3 5 0.02135253 
300 374 9 9 0.021329412 
610 222 4 6 0.02132578 
641 343 5 8 0.021297684 
954 201 8 9 0.021297308 
1009 342 8 9 0.021253105 
282 294 5 5 0.021245576 
815 253 4 6 0.021240272 
1019 474 8 12 0.021237828 
616 313 5 7 0.021236872 
552 185 4 5 0.021232782 
507 285 18 23 0.021229846 
436 419 8 12 0.021227723 
991 388 8 8 0.021214703 
931 234 6 10 0.021163166 
872 269 5 5 0.021148834 
632 308 6 11 0.021147398 
796 197 5 6 0.02112492 
722 157 6 8 0.021115968 
436 323 18 23 0.021103594 
177 459 8 8 0.021101983 
756 273 6 5 0.021097789 
692 229 5 7 0.02108633 
888 210 15 19 0.0210643 
879 229 6 7 0.021035539 
793 393 23 21 0.021030502 
348 329 6 8 0.021028481 
268 338 7 9 0.021019874 
307 394 7 7 0.021017866 
197 431 9 11 0.02101689 
481 246 6 8 0.02100441 
706 159 5 6 0.020996168 
1020 351 16 19 0.020991651 
320 351 5 5 0.020970859 
659 228 5 7 0.020962525 
276 345 5 6 0.020956608 
891 268 4 5 0.020933742 
256 281 17 23 0.020919308 
864 268 6 6 0.020914346 
294 421 9 9 0.02091044 
361 407 8 10 0.020907814 
184 403 7 13 0.020894852 
271 325 5 7 0.020872578 
814 175 6 9 0.020872371 
558 271 4 7 0.020859318 
909 159 7 8 0.020855218 
577 260 5 6 0.020847892 
1003 342 7 9 0.020822477 
565 190 4 5 0.020820467 
336 315 17 23 0.020783208 
756 191 4 7 0.020771885 
820 273 6 5 0.02076544 
427 336 8 11 0.020756245 
833 202 7 11 0.020746285 
699 177 5 7 0.020745415 
421 336 7 11 0.020733066 
757 239 5 8 0.020702675 
839 214 6 8 0.02068237 
472 213 7 10 0.02068105 
851 208 5 8 0.020665271 
334 272 5 6 0.020601857 
253 272 5 7 0.02058485 
485 209 6 8 0.020578336 
670 481 8 13 0.020574389 
814 164 5 6 0.020567143 
635 401 11 12 0.020560123 
1019 342 8 10 0.020559356 
758 181 4 7 0.020550335 
910 265 5 6 0.020530768 
636 198 4 5 0.020528661 
647 342 7 9 0.020525543 
585 382 15 25 0.020505121 
1004 350 6 7 0.02050046 
596 152 5 5 0.020499697 
737 355 7 8 0.020485053 
371 396 8 13 0.020478537 
927 158 6 7 0.020465925 
67 368 9 15 0.020456742 
711 176 5 7 0.020454468 
322 431 11 15 0.02045314 
966 386 9 10 0.02044733 
301 495 10 11 0.020426426 
711 253 4 7 0.020416921 
484 321 9 12 0.020408185 
304 367 10 8 0.020375213 
871 214 6 7 0.02037216 
816 228 4 7 0.020363415 
499 283 7 10 0.020360487 
295 357 6 5 0.020357428 
821 159 5 6 0.020354481 
533 205 4 4 0.020348886 
752 260 5 7 0.020343395 
752 191 4 6 0.020334138 
744 227 4 8 0.020329086 
990 450 19 21 0.0203105 
651 411 8 11 0.020275574 
807 190 6 7 0.020271523 
859 236 5 6 0.020266684 
879 254 4 5 0.020259961 
930 274 4 4 0.02025755 
386 242 4 7 0.02025488 
611 316 13 21 0.02025348 
409 261 4 7 0.02023447 
731 253 4 7 0.02022593 
667 183 4 7 0.020217283 
596 159 5 5 0.020203864 
736 152 5 6 0.020202609 
693 177 4 6 0.020167565 
532 284 21 27 0.020159684 
334 299 5 7 0.020152712 
538 221 4 7 0.020143295 
216 440 9 10 0.020138303 
913 380 7 9 0.020127077 
654 260 4 6 0.020119958 
737 221 5 8 0.020108948 
576 216 5 6 0.020102179 
710 158 6 7 0.020090215 
0 474 20 32 0.020082159 
883 169 18 19 0.020078747 
692 190 5 6 0.020069405 
603 230 4 4 0.020069078 
624 280 4 6 0.02006378 
311 277 7 8 0.020057432 
553 204 4 5 0.02005432 
480 195 5 8 0.020015188 
84 355 8 11 0.020006843 
476 236 4 7 0.020002894 
