35_Basketball_basketballgame_ball_35_460
20
449 454 204 244 0.99812764 
700 860 185 453 0.18703133 
88 224 61 55 0.17690259 
373 803 60 111 0.122713104 
413 612 245 373 0.066904284 
74 715 389 562 0.060675964 
398 852 37 57 0.051802292 
696 869 49 88 0.045578722 
120 811 131 288 0.0434997 
318 781 104 174 0.035012264 
-99 -43 390 620 0.030570991 
978 1299 13 23 0.029796125 
198 741 161 167 0.026486104 
426 579 27 44 0.024364896 
388 767 100 159 0.02329969 
433 75 33 35 0.022599835 
754 436 15 23 0.02140391 
280 795 36 43 0.020496188 
519 1412 9 15 0.020428604 
554 296 133 144 0.020073064 
