35_Basketball_Basketball_35_635
52
212 317 25 30 0.99935585 
545 288 27 41 0.9991485 
360 333 26 33 0.99911624 
510 476 29 35 0.9990803 
485 321 26 37 0.9988236 
370 413 27 34 0.9983192 
422 316 27 39 0.9974533 
281 310 30 37 0.99733514 
457 277 28 35 0.99724007 
313 448 24 42 0.99641955 
598 264 30 37 0.99635005 
698 341 31 40 0.99606043 
276 273 28 37 0.9959006 
815 301 31 40 0.99510705 
621 305 33 38 0.98884857 
753 314 32 38 0.98757344 
447 418 32 41 0.9827604 
568 444 33 49 0.9757367 
366 531 56 43 0.18052731 
418 443 14 17 0.15680043 
214 392 21 23 0.13164932 
684 308 26 22 0.11640564 
694 298 23 21 0.07694469 
660 328 21 25 0.06924242 
679 301 23 19 0.067346826 
676 300 14 12 0.060040258 
458 581 39 35 0.0536166 
85 325 7 10 0.044260148 
605 520 21 36 0.038616493 
282 371 33 46 0.037397295 
151 281 11 14 0.035250485 
729 326 17 24 0.03318488 
845 306 19 31 0.030878928 
669 298 13 11 0.03021706 
578 531 19 28 0.027898362 
788 302 20 22 0.02743265 
675 296 11 8 0.025841143 
717 385 29 46 0.025234742 
645 291 12 11 0.024715267 
433 291 11 12 0.024660766 
402 292 10 11 0.023999145 
149 281 7 9 0.02365653 
489 296 14 17 0.023543285 
407 367 10 16 0.022574758 
337 290 11 10 0.022443535 
373 290 13 13 0.022302205 
569 572 24 36 0.021611849 
534 501 21 30 0.02118931 
350 343 21 25 0.020738384 
272 313 21 26 0.020696986 
876 317 16 33 0.020218445 
156 280 12 13 0.02008501 
