35_Basketball_Basketball_35_712
81
104 226 19 26 0.9990369 
655 250 21 32 0.99761355 
959 252 20 30 0.99745375 
40 246 20 31 0.99733526 
845 217 19 29 0.99578285 
585 239 20 33 0.99363977 
721 259 18 27 0.99029213 
785 233 19 28 0.98939764 
237 236 20 27 0.9853373 
908 240 20 31 0.98193306 
369 238 18 29 0.9778292 
300 237 17 26 0.9636655 
166 222 22 29 0.90392107 
527 255 18 29 0.8269853 
431 253 18 26 0.7384616 
594 92 6 11 0.09558872 
630 73 7 12 0.081014015 
474 513 9 16 0.06838225 
269 598 6 12 0.06632275 
594 99 6 12 0.06470294 
364 596 8 13 0.06421462 
498 514 9 17 0.062002003 
560 500 13 12 0.060964286 
418 82 6 10 0.059174642 
242 598 5 8 0.05106905 
517 243 5 7 0.0493379 
762 103 5 8 0.047020048 
484 486 10 17 0.042842153 
763 74 5 9 0.04021966 
430 268 19 29 0.039695527 
417 52 6 11 0.03471824 
800 48 3 5 0.033990566 
794 599 7 13 0.033824924 
514 192 4 7 0.033166822 
500 192 4 6 0.03309511 
797 47 3 6 0.03306652 
756 54 6 9 0.031966724 
592 88 15 24 0.03194717 
527 243 4 5 0.030551616 
827 598 6 10 0.028560063 
203 596 5 8 0.028349109 
416 510 8 11 0.02823663 
338 551 17 36 0.027401665 
762 94 4 8 0.027371934 
515 187 3 5 0.027032742 
864 598 5 10 0.027004855 
278 497 7 8 0.026538787 
501 205 4 6 0.026417667 
960 47 5 6 0.026091728 
601 93 5 9 0.025947308 
417 47 4 5 0.025816035 
319 739 8 9 0.025555545 
240 599 4 8 0.025365654 
167 599 4 9 0.025279222 
516 246 7 11 0.025264777 
25 476 10 13 0.02494641 
807 50 4 5 0.02434322 
531 243 5 5 0.024223832 
417 72 7 10 0.024084227 
523 456 101 103 0.02403072 
726 291 23 33 0.023517558 
794 255 19 31 0.02322981 
29 481 10 13 0.022819674 
755 93 4 7 0.022533176 
453 285 10 12 0.022296526 
259 50 4 7 0.022104599 
657 56 6 9 0.021948522 
830 595 5 9 0.021529112 
44 51 5 9 0.021474836 
601 101 5 9 0.021465903 
547 292 11 15 0.021413885 
322 84 5 7 0.021242106 
518 187 4 6 0.021209074 
506 193 4 6 0.020706993 
730 262 12 19 0.02044291 
363 243 11 18 0.020366084 
592 91 4 9 0.020243188 
192 585 6 10 0.020194855 
500 187 3 5 0.020164182 
494 518 15 24 0.020156117 
603 74 6 9 0.02013241 
