35_Basketball_Basketball_35_107
413
932 441 33 40 0.99950707 
422 53 120 184 0.99929786 
892 378 29 33 0.998808 
948 369 26 37 0.99844664 
45 204 74 112 0.9981477 
850 386 28 32 0.994796 
605 513 39 61 0.99176437 
689 544 47 58 0.9802493 
852 304 22 27 0.96212906 
664 443 29 37 0.96179086 
222 70 12 17 0.9580806 
619 449 29 37 0.95642024 
790 350 15 21 0.9534518 
167 71 13 19 0.9445887 
685 79 12 17 0.93979704 
232 119 17 19 0.9365997 
818 94 15 18 0.9342217 
319 66 15 20 0.9307654 
274 69 11 18 0.93066347 
263 167 12 20 0.92943805 
734 351 21 23 0.92483217 
292 40 12 19 0.9147864 
847 135 17 21 0.9116076 
745 481 22 37 0.9092661 
335 124 16 20 0.8903238 
312 164 14 20 0.8893792 
816 409 24 23 0.88220966 
857 353 19 30 0.8809627 
293 121 13 19 0.87888855 
920 359 22 29 0.87532526 
915 122 21 22 0.8716138 
209 100 18 19 0.86184007 
194 23 11 19 0.8585743 
614 108 15 18 0.8557041 
748 11 11 16 0.8548268 
677 18 12 18 0.827514 
144 42 13 19 0.8206103 
879 92 16 20 0.7985741 
293 11 17 19 0.7649403 
783 162 18 19 0.7612275 
225 357 22 25 0.75841165 
686 204 19 20 0.7468168 
1006 345 14 25 0.73054206 
678 510 28 42 0.724615 
319 98 14 19 0.72146493 
272 2 12 15 0.7193976 
787 12 15 15 0.7096642 
164 286 20 25 0.68719405 
185 65 11 17 0.6747012 
260 31 12 19 0.6737813 
953 490 36 57 0.64312685 
200 44 12 16 0.6404579 
773 96 18 16 0.639099 
202 328 16 23 0.6022081 
629 80 13 18 0.57794493 
747 78 15 14 0.5694386 
807 367 12 19 0.5501566 
337 30 12 18 0.52863026 
744 48 13 17 0.52741665 
746 381 22 20 0.5273751 
705 56 10 15 0.517213 
994 496 34 62 0.5066325 
779 222 19 24 0.4622729 
727 233 20 23 0.4426199 
365 92 17 26 0.41567156 
270 126 14 20 0.39618012 
388 29 15 22 0.38881683 
813 154 17 19 0.372142 
839 220 16 23 0.35867622 
250 101 11 16 0.34034225 
1006 102 15 24 0.3356357 
194 -1 14 12 0.33415338 
798 1 14 16 0.33204088 
745 154 16 17 0.33045077 
308 139 12 21 0.320432 
357 125 11 16 0.31787252 
231 13 14 17 0.30739716 
739 198 17 18 0.3065624 
800 391 17 20 0.29685986 
692 12 12 16 0.29319885 
676 42 11 19 0.27401996 
779 190 13 15 0.2729646 
865 71 15 18 0.2718445 
720 89 11 17 0.2716398 
832 193 18 19 0.27027935 
240 98 13 16 0.2527647 
649 119 11 16 0.25067097 
836 166 15 16 0.24535255 
1002 392 20 42 0.24439994 
1009 384 11 21 0.23502944 
729 124 16 16 0.23100685 
817 127 14 17 0.22874892 
404 118 12 21 0.22819969 
747 104 17 18 0.2279473 
762 135 13 14 0.22560224 
790 112 18 16 0.22299553 
725 153 13 16 0.21425106 
769 364 18 14 0.21261543 
871 114 13 14 0.20902039 
778 141 13 16 0.20874152 
798 186 18 18 0.20783083 
224 83 13 18 0.20193602 
152 10 13 19 0.19734047 
181 9 11 16 0.19628583 
879 332 22 24 0.19225603 
713 363 13 17 0.19147 
799 110 16 15 0.1911978 
241 200 13 19 0.18951687 
586 29 14 18 0.18873917 
981 149 12 18 0.18860653 
310 117 12 21 0.18364298 
883 141 13 16 0.18321794 
252 118 12 18 0.18137185 
251 274 144 228 0.17815034 
201 136 15 13 0.17311022 
310 54 11 18 0.16417877 
707 74 12 17 0.15952705 
973 132 12 18 0.15448526 
99 160 18 18 0.15022552 
678 99 15 20 0.13807975 
909 202 28 34 0.1372848 
623 63 11 14 0.13699037 
914 344 22 27 0.13581102 
798 378 17 20 0.12624241 
725 10 13 18 0.12239572 
841 65 15 18 0.119194925 
840 211 15 17 0.11544601 
589 1 15 16 0.11508427 
228 184 15 17 0.111970946 
649 88 12 18 0.111895025 
277 154 14 18 0.10974485 
172 95 9 16 0.10885118 
723 82 11 14 0.10667119 
911 339 14 20 0.10611407 
291 198 12 18 0.10371971 
178 145 14 17 0.10353616 
692 33 12 18 0.102359496 
908 61 14 15 0.09887021 
137 11 14 18 0.09701429 
207 43 11 16 0.090564206 
902 357 12 17 0.090426624 
817 338 21 23 0.08988952 
140 253 12 19 0.08976276 
646 -2 16 11 0.0895639 
202 109 13 16 0.08584408 
202 68 13 19 0.085771404 
261 22 13 16 0.08442607 
809 322 14 15 0.08078215 
731 74 13 14 0.08059707 
761 172 14 17 0.0796516 
249 27 10 15 0.07916141 
643 149 12 21 0.07865575 
191 66 12 16 0.075696774 
864 209 20 17 0.07497589 
761 2 12 14 0.07492976 
5 173 9 18 0.07396184 
866 134 11 18 0.069593996 
626 256 13 26 0.06952334 
759 0 11 10 0.068945795 
718 250 13 15 0.06800823 
38 174 9 16 0.066978 
909 369 27 34 0.066242926 
596 492 24 43 0.06558698 
777 384 24 23 0.06375864 
707 481 24 27 0.06253946 
244 361 12 19 0.060884647 
685 16 12 17 0.060166147 
847 360 15 23 0.059997093 
865 345 21 28 0.058806214 
286 94 13 18 0.05848227 
638 29 13 19 0.05836206 
891 360 21 32 0.05831894 
247 41 10 15 0.056907773 
663 252 12 15 0.055359058 
911 171 12 14 0.054548923 
311 104 10 17 0.05427864 
381 75 12 15 0.054122616 
200 194 15 19 0.053691205 
929 37 14 19 0.05281024 
933 364 21 32 0.05258678 
337 197 13 19 0.052471817 
716 66 11 14 0.051825818 
1002 380 12 23 0.050414626 
968 453 21 30 0.05032293 
874 19 10 18 0.05031837 
686 105 14 18 0.049920674 
872 58 14 16 0.04985845 
301 118 12 18 0.049822427 
115 50 10 14 0.049641915 
832 224 14 21 0.0495122 
279 203 17 16 0.049157303 
772 170 14 15 0.049067706 
117 23 11 19 0.049065135 
200 146 14 16 0.048500586 
763 158 11 16 0.04658722 
670 78 11 18 0.045096368 
207 64 12 17 0.04490973 
968 18 14 20 0.044698585 
804 397 22 26 0.04439124 
339 52 12 20 0.04403805 
142 49 13 23 0.043652844 
868 217 19 18 0.042893335 
246 6 13 16 0.042778645 
108 52 18 28 0.041910365 
355 54 11 17 0.041390166 
762 119 14 16 0.041350815 
763 196 12 14 0.041035462 
888 349 20 27 0.039977815 
733 0 11 10 0.039802276 
351 64 10 17 0.039636537 
657 512 38 59 0.039610013 
731 67 13 13 0.03957677 
681 85 12 19 0.039434247 
725 936 12 15 0.03914546 
2 563 11 14 0.038611248 
254 109 12 18 0.038604923 
740 163 17 19 0.038179446 
165 737 515 409 0.03810255 
709 65 12 15 0.038098004 
909 363 15 18 0.037873108 
700 11 13 16 0.037865862 
883 177 17 18 0.037545793 
292 86 14 20 0.037271958 
185 133 15 17 0.037040696 
200 338 20 33 0.037020523 
783 151 17 20 0.036337238 
700 273 13 19 0.036322463 
678 5 11 16 0.03599307 
722 278 13 17 0.03581316 
608 445 22 34 0.03578726 
891 55 13 16 0.03576822 
749 158 18 23 0.035691265 
305 105 11 16 0.03567652 
754 277 15 20 0.03560549 
701 42 10 17 0.03529238 
794 142 15 16 0.035281345 
687 48 8 16 0.03483056 
315 103 14 24 0.034643106 
798 156 22 23 0.034553897 
910 102 41 45 0.034454018 
779 2 14 15 0.034330398 
159 72 11 16 0.03432809 
233 36 9 14 0.03424427 
813 319 25 23 0.03403526 
142 276 13 21 0.033975646 
870 103 14 17 0.033946034 
614 80 13 15 0.033875406 
275 120 12 16 0.03359955 
218 43 9 14 0.033257484 
780 120 13 14 0.033199586 
810 132 14 17 0.033163972 
231 0 14 9 0.033046003 
723 479 38 50 0.033020627 
579 771 192 252 0.032850426 
825 231 15 17 0.032790843 
1006 436 21 38 0.032673556 
637 459 15 22 0.032657046 
741 486 40 63 0.03256818 
777 100 21 22 0.032489914 
276 143 13 16 0.032446854 
640 521 29 38 0.032273978 
711 46 9 14 0.03201613 
993 94 21 31 0.03191169 
688 518 34 46 0.031863842 
98 47 13 19 0.03185825 
762 74 14 15 0.031599794 
139 147 13 18 0.031468295 
639 20 11 17 0.0314385 
702 0 11 9 0.031434115 
801 148 13 16 0.031404525 
872 332 16 19 0.031399958 
664 73 13 18 0.03132126 
264 12 12 15 0.031067865 
648 57 10 12 0.03090246 
688 39 11 19 0.030635105 
137 92 15 17 0.030530503 
811 337 15 18 0.030496217 
614 252 17 30 0.030158415 
728 227 14 16 0.030091124 
691 453 14 19 0.030012315 
237 187 13 18 0.029982677 
280 93 12 17 0.029975716 
652 112 13 17 0.029863045 
630 263 15 25 0.029855119 
230 4 15 17 0.029812844 
777 58 14 14 0.029619522 
950 125 11 18 0.029421333 
785 0 16 11 0.029324904 
954 0 14 11 0.029192349 
988 179 13 15 0.029174685 
404 53 11 23 0.028800674 
754 180 23 25 0.028728995 
715 73 12 16 0.028564706 
233 434 11 18 0.028536098 
303 146 12 19 0.028224014 
770 3 12 14 0.028126996 
783 381 15 15 0.027879953 
695 296 15 18 0.027587956 
215 135 13 15 0.027481366 
347 56 11 17 0.027307972 
757 126 15 16 0.02709742 
153 171 14 21 0.027013099 
726 462 16 16 0.026955005 
874 79 19 23 0.026903389 
700 34 10 16 0.026806368 
88 67 9 15 0.026570035 
716 181 17 18 0.02656932 
830 323 15 16 0.026526881 
814 142 15 20 0.026516834 
897 416 22 32 0.026478985 
772 396 26 24 0.02644378 
709 80 17 25 0.026401086 
737 423 16 17 0.02637301 
34 240 9 18 0.02609274 
72 72 10 15 0.02597442 
748 148 13 14 0.025842996 
695 489 39 49 0.025602845 
240 335 86 134 0.025595196 
677 63 13 18 0.025308937 
370 136 14 17 0.025209863 
609 472 9 18 0.025195342 
554 0 13 10 0.025178015 
716 95 16 22 0.025085764 
733 165 12 15 0.025061792 
820 196 19 26 0.024920883 
959 356 22 31 0.024868585 
642 219 11 14 0.024855163 
1007 354 18 29 0.02485442 
887 164 15 16 0.02460376 
719 3 11 16 0.024558702 
279 40 10 17 0.024483139 
950 3 12 16 0.024427976 
859 376 29 32 0.024423273 
1015 441 10 23 0.024367718 
636 229 8 10 0.024344098 
263 -14 91 80 0.024293253 
772 194 11 15 0.024264473 
717 484 25 32 0.024238285 
608 329 37 62 0.024168624 
916 432 22 32 0.02412314 
708 12 12 15 0.024115363 
808 193 15 16 0.024099916 
687 270 12 18 0.023987614 
892 132 14 17 0.023882536 
826 129 21 26 0.023813669 
894 328 22 29 0.02377865 
603 447 14 20 0.023767013 
696 47 10 17 0.023677094 
295 0 12 9 0.023537636 
787 73 13 15 0.023485372 
757 373 23 21 0.023329552 
602 153 15 21 0.023266066 
831 18 11 17 0.023202976 
763 67 13 12 0.023102112 
206 140 15 15 0.023035398 
884 154 17 19 0.022944862 
709 277 11 19 0.022939602 
640 544 29 37 0.0228997 
219 368 13 23 0.022867927 
726 -1 11 10 0.022865195 
395 173 14 17 0.022756591 
745 497 72 96 0.022741588 
221 169 25 28 0.022739694 
322 113 18 26 0.022735564 
267 18 13 16 0.022653772 
0 176 17 36 0.022633405 
578 -1 16 10 0.022525625 
977 183 12 14 0.022501547 
652 78 19 26 0.022444835 
703 82 12 20 0.022350663 
193 134 15 15 0.022343235 
148 675 58 76 0.022062652 
174 7 13 18 0.022026023 
111 43 10 16 0.022025011 
664 41 10 16 0.021990057 
777 126 14 15 0.021860283 
910 413 27 30 0.021851808 
156 275 35 48 0.021816185 
195 117 14 16 0.021763258 
663 93 11 18 0.02171372 
947 190 14 14 0.021711363 
622 103 13 16 0.02158846 
216 361 35 55 0.02158374 
547 112 11 21 0.021484992 
679 0 12 9 0.02143225 
848 276 13 17 0.021398144 
703 27 9 14 0.02117245 
737 133 14 15 0.021107249 
279 637 8 12 0.021049963 
141 1032 57 46 0.021041384 
831 172 23 24 0.020794783 
733 489 12 18 0.020719988 
833 88 14 15 0.020708933 
372 125 12 16 0.02068886 
480 824 67 147 0.020648316 
658 448 15 21 0.020644581 
91 14 18 18 0.020640383 
682 188 28 30 0.02062907 
932 -1 12 10 0.020625832 
993 547 11 19 0.020615727 
815 197 13 18 0.02049609 
724 489 13 17 0.020480044 
141 134 11 17 0.020441765 
774 225 13 17 0.020300107 
598 426 25 37 0.020295542 
838 79 15 18 0.020221105 
979 91 22 32 0.020210546 
265 578 6 8 0.020154968 
192 9 15 23 0.020138444 
277 8 12 16 0.020092135 
38 806 37 60 0.020090133 
364 85 13 17 0.02007509 
758 60 10 12 0.020045437 
