35_Basketball_playingbasketball_35_732
60
647 261 33 42 0.9019997 
761 318 22 39 0.1777829 
708 556 16 23 0.08432815 
435 252 5 8 0.05127171 
878 198 3 5 0.050753698 
696 197 10 11 0.05036785 
742 199 5 5 0.041421775 
859 231 5 5 0.039245203 
605 321 39 60 0.03877901 
693 238 22 21 0.037027948 
310 80 17 28 0.036488283 
863 231 5 5 0.035651773 
699 201 11 11 0.03525951 
231 190 5 7 0.034673348 
552 235 344 374 0.03434921 
669 242 24 22 0.033645183 
661 246 24 40 0.03242674 
690 197 18 19 0.031884268 
325 88 6 8 0.031152114 
710 198 8 9 0.030836556 
878 195 4 5 0.028835589 
775 207 4 5 0.02814555 
872 199 3 5 0.027832916 
332 90 9 9 0.027238864 
857 236 7 6 0.026666025 
186 205 5 6 0.026563827 
698 195 6 6 0.026475003 
599 210 11 12 0.025460735 
270 72 6 12 0.02527071 
845 231 27 23 0.025209596 
692 202 9 9 0.025208486 
865 226 4 4 0.025093544 
968 204 5 6 0.025083326 
745 552 18 38 0.024973195 
320 84 5 9 0.024830451 
865 199 4 5 0.024810487 
850 238 6 5 0.024780799 
698 238 9 8 0.02475235 
710 194 6 6 0.02408728 
302 83 5 11 0.023951748 
769 211 4 6 0.023832675 
365 90 6 7 0.023551403 
754 193 4 4 0.023494171 
749 329 27 39 0.023434885 
775 209 5 6 0.023432573 
187 201 5 5 0.023109702 
1034 277 13 22 0.02307714 
253 350 10 16 0.022719152 
788 205 7 6 0.022386258 
726 321 32 41 0.022043075 
569 238 36 42 0.021916963 
850 204 6 7 0.02181273 
739 199 4 5 0.021571279 
232 188 4 5 0.021500392 
514 257 3 4 0.021347009 
153 212 5 5 0.021269709 
336 94 11 11 0.020724908 
514 264 3 5 0.020641793 
871 204 4 6 0.020262081 
749 198 4 5 0.020097457 
