35_Basketball_basketballgame_ball_35_64
154
690 219 74 90 0.9996282 
947 181 82 114 0.99952304 
590 207 70 91 0.9993326 
32 242 55 66 0.99908614 
102 198 37 52 0.9981998 
806 184 36 50 0.9978452 
476 224 62 78 0.9977209 
127 284 56 79 0.9965379 
294 236 61 81 0.9952695 
97 129 23 33 0.9935819 
467 65 23 29 0.99310535 
388 67 26 33 0.9928483 
272 126 27 34 0.9922044 
870 59 25 35 0.98840195 
536 15 23 38 0.9882167 
56 192 18 30 0.9848487 
526 91 23 39 0.9797876 
396 149 28 30 0.97639114 
344 154 26 31 0.969384 
905 173 57 91 0.9670396 
239 245 30 45 0.9586825 
139 109 24 29 0.9511619 
658 104 32 45 0.94770306 
492 153 37 53 0.94602084 
25 79 18 23 0.9455738 
411 14 27 28 0.94315255 
412 114 27 35 0.94093513 
-1 244 30 42 0.93797785 
440 108 30 46 0.9338573 
-1 292 36 65 0.93121386 
565 188 35 64 0.91987956 
151 141 25 29 0.91334647 
300 96 20 23 0.9031082 
591 78 27 35 0.8958759 
89 43 19 26 0.8506933 
278 219 26 45 0.83634377 
214 106 28 29 0.8118958 
449 7 23 27 0.76624846 
47 43 19 30 0.71547604 
209 11 14 22 0.679678 
74 208 34 46 0.6372354 
241 70 26 29 0.5969348 
455 45 18 29 0.5934919 
537 155 29 53 0.46285906 
0 108 19 38 0.4384226 
158 8 17 21 0.39792666 
268 7 21 25 0.38567647 
194 218 26 34 0.34147888 
715 80 51 55 0.3321774 
236 191 31 39 0.32562816 
623 7 26 27 0.32448786 
36 157 22 25 0.32234377 
807 400 50 41 0.28994292 
191 170 18 30 0.26831532 
39 47 33 48 0.23648204 
659 419 55 36 0.23333436 
489 8 20 25 0.23283902 
7 96 18 30 0.20336406 
181 77 20 26 0.16167206 
837 692 46 54 0.16145335 
458 311 24 28 0.13818017 
55 222 44 55 0.1374609 
177 124 20 31 0.13588202 
555 607 20 33 0.13222261 
292 0 22 19 0.12326918 
140 213 21 28 0.119667396 
204 402 133 295 0.11609495 
380 613 11 17 0.11262401 
388 203 21 35 0.09893405 
68 -2 15 15 0.09812237 
210 121 35 52 0.0848366 
658 229 19 27 0.08478789 
268 295 33 56 0.08477672 
699 189 30 27 0.0827096 
531 111 28 41 0.077652894 
80 260 26 37 0.07713909 
796 684 40 53 0.07653868 
459 57 21 25 0.076434135 
555 431 36 27 0.07227172 
205 51 24 36 0.06860317 
750 68 49 57 0.06261791 
377 169 20 25 0.05683909 
337 0 21 24 0.056378666 
203 107 21 28 0.055992145 
443 210 15 18 0.055790678 
190 230 32 49 0.05272769 
83 450 30 27 0.051144022 
896 381 17 23 0.050142888 
262 105 26 29 0.04972773 
493 118 29 46 0.048996314 
975 697 23 29 0.047852766 
218 92 22 27 0.046081375 
621 28 27 43 0.0459026 
200 47 18 26 0.042689994 
308 86 22 28 0.04220471 
962 -1 12 12 0.040523645 
502 437 30 27 0.040459726 
692 193 49 69 0.039128903 
190 82 22 29 0.037294947 
585 193 23 44 0.03630794 
689 71 13 20 0.035102636 
476 658 52 48 0.034913052 
274 -1 32 32 0.03483067 
298 43 12 18 0.03479199 
149 154 25 34 0.034479644 
250 165 24 38 0.03446761 
80 463 18 19 0.03324197 
86 174 20 30 0.03245819 
283 11 12 16 0.031848796 
863 675 44 57 0.0314173 
692 607 74 108 0.030764684 
185 251 33 57 0.03001376 
644 214 36 59 0.029871302 
762 251 22 29 0.02879647 
148 362 42 62 0.02865882 
509 101 27 47 0.028275065 
285 222 43 65 0.027990105 
36 301 22 35 0.027980907 
798 434 33 28 0.026521752 
233 79 23 27 0.026191458 
251 59 24 34 0.026019897 
356 211 22 33 0.025495788 
27 62 30 39 0.024749132 
-6 257 36 70 0.024719343 
350 170 23 30 0.02460911 
1009 84 22 33 0.024234364 
125 9 12 18 0.023910314 
1014 156 12 16 0.023876445 
682 62 32 45 0.023695635 
572 207 47 79 0.023663843 
204 244 31 54 0.023611316 
576 121 22 37 0.023431376 
30 158 14 16 0.023400996 
207 233 22 35 0.023249557 
2 213 24 40 0.023164334 
273 289 24 30 0.023037333 
34 288 26 27 0.022970779 
808 309 47 64 0.022664767 
538 257 19 36 0.02212028 
553 702 11 13 0.021967843 
420 87 22 30 0.021808235 
75 47 32 46 0.021617759 
824 59 11 19 0.021504404 
501 8 13 20 0.021321462 
1021 716 20 36 0.020984942 
845 48 23 27 0.020961378 
993 234 54 82 0.020865196 
168 150 13 21 0.020455776 
260 227 32 48 0.020430787 
257 267 30 57 0.020337358 
523 155 24 40 0.020178316 
272 260 64 89 0.02013145 
526 4 19 28 0.020107713 
351 253 22 36 0.020058068 
