35_Basketball_basketballgame_ball_35_446
57
469 314 110 166 0.9993771 
829 744 16 23 0.8808024 
882 811 18 27 0.5186429 
762 829 14 24 0.34356657 
863 780 15 23 0.27751237 
762 744 17 19 0.24865286 
868 847 24 34 0.21446817 
927 760 13 24 0.20071419 
730 875 16 21 0.18966109 
235 851 17 23 0.1826934 
254 807 19 20 0.1723598 
904 772 15 27 0.1506293 
807 813 21 31 0.10381457 
780 781 14 19 0.10305598 
635 1141 201 143 0.10192177 
668 849 14 22 0.08902333 
316 813 18 22 0.08048614 
722 823 14 21 0.074411124 
758 900 15 25 0.07306404 
718 779 14 19 0.067388706 
102 290 62 52 0.06382175 
862 899 25 31 0.060532838 
808 870 15 21 0.05917477 
213 1065 30 52 0.055535845 
714 857 17 26 0.051945716 
791 941 19 24 0.051248904 
697 732 17 24 0.048753932 
689 868 16 22 0.04781146 
354 844 29 37 0.04711479 
909 744 13 20 0.043904487 
276 1090 29 32 0.042063743 
814 783 16 20 0.039679065 
214 908 17 21 0.037499677 
574 1311 12 16 0.03701697 
787 797 14 22 0.036138125 
644 597 43 57 0.035690103 
422 214 340 632 0.035110213 
209 286 29 41 0.03385679 
303 867 24 32 0.03168098 
446 1273 14 17 0.03150224 
857 696 15 22 0.030682905 
224 1032 267 246 0.030607635 
497 500 52 69 0.030121088 
494 1021 456 419 0.029617421 
79 907 11 18 0.029374149 
194 182 37 48 0.028663397 
335 771 32 40 0.02748913 
773 870 16 23 0.026091529 
837 774 15 26 0.025407111 
884 955 18 30 0.025018118 
731 997 16 20 0.023906581 
-47 913 427 660 0.022722883 
131 1133 37 36 0.02262744 
840 1100 29 39 0.022170402 
388 1293 10 13 0.021026645 
903 989 22 35 0.020482086 
204 932 17 20 0.020296434 
