35_Basketball_basketballgame_ball_35_937
26
209 187 101 130 0.9999088 
419 179 103 117 0.99988174 
710 135 109 148 0.9996407 
542 89 112 153 0.9990208 
5 50 16 32 0.19644675 
617 105 112 167 0.096160114 
410 160 244 438 0.088390775 
468 36 11 12 0.064021915 
463 132 109 145 0.059456237 
-1 25 11 35 0.05143413 
14 360 70 100 0.0503 
172 110 41 62 0.04361862 
10 78 12 20 0.041802365 
156 73 5 6 0.037629504 
366 145 13 15 0.03524373 
102 97 6 10 0.029630681 
486 43 9 12 0.026053 
350 143 12 10 0.025827816 
118 104 10 16 0.02503227 
3 21 17 36 0.024046725 
6 68 11 23 0.023565987 
-1 577 29 62 0.023238542 
706 440 28 41 0.022421198 
136 105 11 16 0.022006687 
103 64 6 10 0.02126091 
110 88 7 12 0.02014114 
