35_Basketball_Basketball_35_185
370
292 429 59 74 0.99907815 
717 477 59 72 0.96980244 
610 718 17 30 0.9632038 
559 751 21 35 0.7642732 
458 633 46 57 0.62962735 
674 441 31 33 0.49470523 
19 730 9 17 0.4911886 
346 768 11 23 0.2519304 
599 766 10 19 0.19685556 
422 723 19 34 0.1686115 
209 868 27 58 0.1637632 
652 717 12 21 0.14041963 
379 731 7 16 0.12974624 
35 707 6 9 0.11605636 
55 740 8 16 0.10605469 
41 764 8 17 0.1045072 
51 666 8 13 0.09532896 
21 696 6 13 0.09442631 
992 732 9 17 0.09419452 
644 860 9 16 0.08841632 
41 705 6 11 0.0837707 
26 829 4 6 0.082368165 
58 840 6 12 0.0798087 
24 829 3 7 0.07724789 
36 835 4 7 0.07663975 
27 834 4 8 0.074822016 
1010 643 7 13 0.07433607 
33 609 7 11 0.074283555 
501 559 10 17 0.073380694 
14 828 4 7 0.073062636 
57 835 4 8 0.071903184 
56 683 7 13 0.069382116 
29 607 7 11 0.06892826 
13 631 6 11 0.06752479 
163 886 61 87 0.06702339 
14 834 4 7 0.06603197 
14 682 6 12 0.06418714 
646 719 11 18 0.06379731 
699 794 9 17 0.063155 
25 697 6 12 0.062332522 
33 603 6 11 0.061998524 
23 834 3 7 0.06142028 
52 681 6 12 0.060130637 
36 593 7 10 0.06010992 
374 764 10 17 0.05936858 
651 697 7 12 0.059079025 
50 615 7 11 0.059052803 
952 526 5 9 0.058877114 
946 525 6 10 0.05853065 
43 830 4 6 0.058089834 
2 828 4 9 0.058050558 
628 739 10 19 0.056377217 
40 732 7 16 0.05534991 
29 666 7 13 0.05460814 
60 656 5 9 0.051807553 
44 841 4 9 0.050466236 
56 678 6 10 0.050452203 
73 612 4 7 0.0500696 
379 719 7 15 0.049628656 
636 732 10 20 0.049591042 
31 708 4 8 0.04949227 
41 595 6 10 0.04883633 
592 748 13 19 0.047893427 
67 675 5 11 0.04705977 
5 782 5 13 0.04699599 
38 830 3 6 0.046704486 
50 829 3 6 0.046478756 
75 664 6 9 0.046454843 
45 601 5 10 0.046328012 
638 0 7 6 0.045237824 
71 674 7 12 0.045224085 
14 625 6 11 0.044838164 
5 630 5 11 0.04482052 
614 1 10 8 0.044152565 
1005 624 7 13 0.044099584 
554 721 12 20 0.043187916 
664 739 10 18 0.04235502 
5 832 3 8 0.041727144 
96 627 4 8 0.041271668 
3 654 6 12 0.041033104 
53 834 3 7 0.041033067 
44 630 6 9 0.040763598 
15 705 5 12 0.04058192 
665 764 10 18 0.040521473 
272 501 12 19 0.04010293 
352 725 9 17 0.03995584 
43 612 6 9 0.038898647 
36 702 6 10 0.038668927 
41 589 6 9 0.038505346 
13 850 4 7 0.038486723 
70 712 7 13 0.037875116 
649 447 48 48 0.03776636 
620 718 19 32 0.0377508 
12 842 4 9 0.037652247 
960 508 5 7 0.03748541 
36 616 6 9 0.03747563 
683 712 6 12 0.037328072 
22 637 6 11 0.037214205 
36 575 5 8 0.03708254 
945 515 6 7 0.037055217 
42 721 6 12 0.03698997 
631 6 7 10 0.03696292 
57 662 6 9 0.036625836 
242 682 12 15 0.036512483 
4 626 5 10 0.03617868 
42 834 4 7 0.0359467 
42 616 6 9 0.035820603 
15 733 7 15 0.03570274 
661 732 9 19 0.035676416 
571 831 10 17 0.03555941 
34 714 5 11 0.03552565 
74 670 7 12 0.035497505 
1006 644 6 12 0.03529924 
635 697 8 15 0.035179432 
49 602 6 9 0.035120472 
25 849 5 8 0.034959357 
12 638 5 9 0.03489285 
35 655 6 10 0.034624934 
556 138 20 37 0.034549505 
962 536 5 9 0.034532238 
14 661 5 11 0.034310326 
682 0 8 7 0.034158804 
41 685 6 11 0.034087736 
367 741 8 16 0.034036357 
7 586 5 9 0.033913 
946 464 3 5 0.03390741 
67 611 4 8 0.03390658 
953 515 5 7 0.033870317 
22 559 4 7 0.033869006 
1011 705 5 10 0.033764992 
670 694 4 6 0.03374198 
59 827 4 7 0.0337404 
632 1 7 6 0.033682793 
660 56 9 14 0.033476416 
945 470 4 6 0.033169758 
5 735 6 15 0.032956593 
653 664 5 8 0.03295267 
49 654 6 10 0.032937814 
58 611 4 8 0.03286083 
1 849 3 8 0.032856073 
73 655 5 8 0.032838684 
88 646 6 10 0.032816745 
945 508 5 6 0.03278597 
20 633 6 10 0.032708127 
316 472 45 69 0.032635946 
12 718 7 14 0.03249329 
82 595 5 8 0.0322752 
36 840 4 9 0.032206584 
0 843 4 9 0.03193433 
808 460 10 9 0.031904407 
80 610 4 8 0.03168528 
80 657 6 7 0.031532727 
945 478 4 6 0.03150833 
35 754 7 15 0.03142324 
384 717 8 16 0.03133257 
425 781 6 9 0.031315416 
362 701 10 16 0.031278156 
960 514 6 8 0.031024028 
1011 722 7 12 0.030949406 
364 721 7 12 0.030912 
961 520 5 8 0.03064514 
14 712 6 14 0.030607635 
977 543 5 10 0.03058502 
23 850 4 8 0.030517794 
1005 679 5 9 0.030465344 
13 587 4 8 0.03038741 
73 581 5 8 0.030297693 
35 580 5 7 0.030224439 
560 744 12 20 0.030204026 
369 725 8 16 0.030193314 
353 714 8 15 0.030113049 
676 5 9 11 0.030012798 
159 684 6 10 0.029983468 
58 634 5 9 0.029763617 
670 700 5 9 0.029581027 
4 677 5 11 0.02940468 
987 712 7 14 0.029356763 
31 863 6 9 0.029347418 
65 633 5 9 0.029331123 
967 515 6 8 0.02931553 
653 1 8 7 0.029249236 
13 618 5 9 0.02921118 
16 700 5 11 0.02915548 
67 618 5 8 0.028989285 
96 657 5 9 0.028963404 
34 663 5 10 0.028943328 
85 596 5 8 0.02888617 
15 691 5 10 0.028845543 
448 160 12 18 0.028691327 
6 642 5 9 0.028676232 
923 486 4 6 0.02855726 
707 40 8 16 0.028323868 
28 841 4 9 0.028310228 
21 648 5 9 0.028260387 
678 715 5 10 0.028024875 
109 604 6 8 0.0279546 
3 705 6 13 0.027879456 
29 626 6 9 0.027863933 
12 582 5 8 0.027812513 
88 669 6 10 0.027768318 
711 778 8 16 0.027700853 
659 717 7 13 0.027600097 
4 647 6 10 0.027588679 
676 700 4 8 0.02735566 
65 626 5 8 0.027211256 
1 856 3 8 0.027200922 
703 822 11 22 0.027070431 
1 625 5 11 0.02700012 
29 714 6 11 0.026998164 
62 660 7 10 0.02695446 
367 721 17 30 0.026917148 
52 849 3 7 0.026898663 
34 859 4 7 0.026897691 
1013 608 6 11 0.02680089 
57 730 7 13 0.026757384 
87 657 5 9 0.026724702 
997 693 5 8 0.026612546 
64 739 6 14 0.02658377 
56 617 6 10 0.02656351 
75 766 6 11 0.026521862 
711 7 8 9 0.026492983 
19 684 6 10 0.026482048 
102 845 7 13 0.026220322 
137 683 7 11 0.026158132 
15 668 5 11 0.026094757 
87 663 5 9 0.026081298 
57 583 6 8 0.025990002 
28 618 6 8 0.025760656 
523 688 9 16 0.025743516 
434 271 374 499 0.0256873 
982 523 6 9 0.025657857 
74 604 5 7 0.025572738 
53 843 3 8 0.025556395 
96 632 5 8 0.02550463 
4 670 5 9 0.025479969 
27 560 5 7 0.025470272 
281 471 10 20 0.02543487 
961 530 4 7 0.025294382 
983 508 5 6 0.025079 
47 625 6 10 0.025041882 
27 566 4 8 0.025033595 
5 609 6 11 0.024994586 
57 649 5 8 0.02499185 
347 719 18 30 0.024828862 
953 508 5 6 0.024800926 
990 699 6 11 0.024787398 
36 648 5 10 0.024651509 
27 685 6 10 0.02464546 
29 857 5 8 0.024585698 
59 625 5 8 0.024562323 
27 654 6 10 0.024538007 
104 632 6 10 0.024511969 
980 543 6 11 0.024408944 
369 720 7 12 0.02422242 
101 617 5 8 0.02419851 
931 536 5 8 0.024196435 
947 501 4 6 0.024129283 
988 707 7 11 0.02412025 
52 582 5 8 0.024053054 
51 633 5 9 0.023963843 
7 617 5 9 0.023943037 
59 820 4 8 0.023907604 
36 719 6 13 0.023881316 
41 714 6 10 0.023878885 
1013 689 6 13 0.023748772 
1018 720 6 12 0.0237115 
652 705 7 11 0.023555746 
417 843 3 6 0.023530327 
664 695 3 7 0.02347195 
25 720 8 14 0.023444321 
668 705 6 10 0.023420386 
73 784 8 14 0.023413314 
632 14 6 9 0.023361374 
694 700 6 11 0.023348758 
37 730 6 13 0.02331326 
930 493 5 7 0.023291197 
14 597 5 10 0.023282684 
150 676 5 9 0.023247732 
19 713 6 12 0.02323878 
36 685 7 12 0.023212256 
952 501 4 6 0.023183832 
664 706 5 9 0.023143236 
977 501 3 5 0.023135945 
346 758 9 19 0.022955714 
1012 683 6 12 0.022754902 
20 670 5 10 0.022697402 
118 642 4 8 0.02262556 
4 730 5 10 0.022547467 
19 678 5 10 0.022404205 
22 566 5 8 0.022381729 
604 459 35 29 0.022340383 
529 701 13 19 0.022299333 
22 654 6 10 0.022286654 
26 632 7 11 0.022278871 
990 693 5 8 0.022252928 
43 865 4 6 0.022202719 
205 616 8 14 0.022174424 
27 675 7 12 0.022147026 
36 677 6 10 0.022133956 
66 827 4 8 0.022091093 
104 603 5 8 0.022054698 
939 471 4 6 0.022048634 
677 1 8 6 0.022013132 
51 820 3 7 0.021984197 
73 545 4 6 0.021969048 
157 604 5 9 0.021895997 
443 870 9 10 0.021889077 
428 780 6 10 0.021850571 
50 647 6 10 0.021816943 
13 856 5 8 0.021804659 
28 589 6 9 0.021786507 
633 19 7 11 0.021741902 
940 479 3 6 0.021721993 
961 544 5 8 0.021685861 
119 625 5 7 0.02168131 
684 729 6 12 0.021656035 
666 726 7 15 0.021639002 
65 685 5 12 0.02163159 
938 551 4 8 0.021629862 
445 157 19 39 0.02161736 
28 594 6 9 0.02160911 
65 604 5 7 0.021608809 
967 551 5 8 0.021537991 
975 514 5 8 0.02145072 
80 686 6 11 0.021441733 
514 663 18 34 0.021433225 
490 644 39 65 0.021413522 
939 486 3 6 0.021315947 
65 848 5 8 0.021315882 
754 472 63 67 0.021268038 
650 664 5 7 0.021267561 
43 654 6 12 0.021263069 
961 551 5 8 0.021054264 
89 604 4 7 0.021008482 
264 502 24 38 0.020899115 
1007 713 5 11 0.02088168 
1010 715 6 9 0.02086127 
67 546 3 6 0.02083332 
95 603 4 7 0.020826474 
377 724 15 30 0.020796264 
1007 707 5 9 0.020785851 
351 512 13 19 0.020723978 
576 760 11 20 0.020702124 
66 567 4 7 0.02069456 
669 714 5 11 0.020671207 
569 822 19 33 0.020653164 
441 671 23 42 0.020607142 
153 676 5 9 0.02056082 
59 551 4 7 0.020541174 
6 849 3 6 0.020526307 
1012 632 6 11 0.020522496 
644 729 10 20 0.020517956 
765 444 9 10 0.020415276 
108 633 5 9 0.020408181 
405 710 11 16 0.020391405 
59 546 4 6 0.020385077 
742 659 419 483 0.020349227 
13 647 5 10 0.020340474 
21 581 5 7 0.020284276 
22 723 7 14 0.020220172 
628 712 11 18 0.020206979 
638 714 7 12 0.020202024 
397 717 9 16 0.02016441 
940 508 4 6 0.020126577 
51 858 4 8 0.020117696 
22 842 4 9 0.020101614 
48 727 6 14 0.020079521 
952 471 4 5 0.020070361 
14 559 4 7 0.020036312 
6 747 6 15 0.020015098 
