35_Basketball_playingbasketball_35_495
442
742 990 24 32 0.9998325 
173 1115 25 36 0.9991709 
340 751 64 79 0.99875546 
206 965 23 31 0.99870527 
738 1058 25 30 0.99826247 
828 819 59 75 0.9982243 
183 923 21 29 0.9966198 
235 1155 23 32 0.99486107 
540 401 99 70 0.9914902 
263 772 20 28 0.981389 
832 632 13 20 0.97908175 
738 753 17 21 0.97861576 
861 764 18 20 0.97835815 
903 815 22 29 0.9730785 
670 986 21 26 0.97098947 
169 632 18 24 0.9680703 
263 607 15 21 0.96297014 
728 814 19 23 0.9610364 
206 608 18 24 0.9581626 
741 600 15 20 0.95233905 
20 784 69 61 0.9493742 
221 588 14 18 0.9481454 
989 694 15 22 0.9479178 
793 757 19 19 0.9473699 
254 1104 23 30 0.9449671 
845 606 13 18 0.9410523 
242 705 20 21 0.9390631 
803 727 16 19 0.932266 
676 823 18 23 0.9257022 
919 672 15 21 0.9193119 
169 568 14 21 0.9191444 
288 581 14 19 0.91848075 
819 657 16 20 0.91530174 
835 794 17 23 0.9140571 
711 623 15 20 0.91210544 
691 692 14 21 0.9069049 
935 696 15 18 0.9068646 
202 434 15 20 0.8988317 
872 661 14 22 0.89858943 
173 705 22 25 0.8979041 
972 895 19 27 0.89409417 
947 863 16 22 0.8919266 
986 639 11 18 0.8801396 
106 624 21 25 0.87940276 
233 640 18 21 0.87916946 
951 830 16 21 0.87818855 
106 574 16 22 0.8730206 
721 901 21 19 0.86144334 
285 671 17 24 0.8597807 
693 753 19 23 0.8524754 
784 818 17 21 0.84759945 
227 742 20 26 0.8458747 
865 705 13 17 0.83464277 
994 660 14 22 0.82965213 
941 792 19 26 0.8292572 
338 733 22 29 0.8273706 
867 731 17 20 0.8252614 
289 704 17 22 0.80305266 
724 850 16 20 0.8008173 
291 452 13 20 0.7758233 
1009 897 14 24 0.7727221 
790 645 14 20 0.76692986 
763 895 23 25 0.75898767 
875 632 14 19 0.75391716 
995 609 11 17 0.75323796 
964 737 13 19 0.7514269 
932 731 19 18 0.74721104 
135 673 17 22 0.74401987 
348 473 15 21 0.7368419 
771 856 19 24 0.713654 
286 742 20 25 0.70606726 
124 446 14 18 0.7039732 
218 460 14 19 0.69756323 
125 615 19 27 0.69565135 
935 607 11 17 0.65499705 
702 473 18 29 0.65089315 
685 961 21 25 0.634553 
144 436 13 19 0.6224052 
946 631 13 20 0.61972094 
975 843 14 20 0.6165624 
1006 1193 18 35 0.60442126 
856 484 14 17 0.60034394 
321 614 15 22 0.58025056 
116 21 81 64 0.57935816 
679 439 16 20 0.5610528 
47 570 14 18 0.5564521 
1013 832 12 21 0.55216604 
764 964 22 34 0.5459307 
47 623 20 28 0.54504645 
359 425 14 18 0.50561476 
726 659 15 18 0.5050437 
798 81 13 18 0.45749316 
187 482 19 26 0.44484258 
696 795 18 18 0.4361621 
735 792 19 19 0.42946318 
352 581 14 23 0.42347854 
663 861 16 20 0.41282502 
305 634 15 20 0.40488628 
163 610 15 19 0.3794776 
794 705 13 17 0.37135175 
680 174 13 21 0.36865526 
974 658 12 16 0.36745456 
892 679 14 16 0.33260196 
238 482 15 18 0.3305649 
752 827 14 16 0.3302168 
776 666 15 20 0.30531934 
520 154 15 18 0.30480668 
884 691 13 15 0.30437198 
159 494 14 16 0.299299 
592 713 17 25 0.29655704 
999 760 16 22 0.29453135 
344 721 21 27 0.29065794 
840 658 15 22 0.28647485 
591 686 15 21 0.28528664 
893 709 16 17 0.25067508 
86 475 14 17 0.22669917 
54 451 11 17 0.2262938 
851 503 15 22 0.21383913 
784 797 14 17 0.20652819 
948 576 13 19 0.20513688 
840 709 15 21 0.19758567 
303 792 39 53 0.19711125 
812 796 12 17 0.1955203 
684 853 19 29 0.18857148 
739 901 17 18 0.18201639 
884 708 17 18 0.17869118 
845 770 16 17 0.1756975 
766 799 15 19 0.17426993 
608 63 15 23 0.17275971 
654 482 14 22 0.17135723 
819 996 42 55 0.16394667 
465 1014 35 56 0.16355455 
49 457 13 18 0.15603605 
45 464 12 20 0.15510412 
41 628 14 21 0.14977764 
899 770 21 23 0.14723115 
1005 1095 16 26 0.14281091 
760 981 24 36 0.13883974 
96 616 21 29 0.13610101 
876 739 14 17 0.13220873 
711 1002 14 18 0.12942559 
256 835 25 39 0.1285745 
708 879 16 22 0.12683639 
181 463 12 16 0.12576188 
924 630 13 20 0.1256126 
907 851 24 33 0.124272384 
326 702 18 29 0.12333501 
700 721 15 21 0.12168228 
903 731 13 19 0.12032652 
973 853 22 31 0.12025504 
659 803 17 21 0.11786534 
753 703 24 22 0.11379879 
224 606 15 23 0.109889 
990 878 13 18 0.10878818 
114 496 16 20 0.10762001 
-15 781 240 515 0.105418876 
286 783 38 52 0.103943214 
725 794 17 16 0.10235335 
825 774 13 15 0.10066972 
731 988 22 33 0.09920297 
340 894 95 164 0.09778046 
254 854 16 27 0.0971432 
745 659 14 19 0.09693037 
87 606 13 21 0.09570522 
912 643 10 16 0.0954019 
725 997 14 22 0.0870435 
280 454 14 19 0.085009 
778 489 14 19 0.084871426 
707 818 15 20 0.08472098 
242 738 23 25 0.08256205 
119 793 12 19 0.08120672 
668 146 13 21 0.08035368 
777 674 19 26 0.07976216 
976 717 13 18 0.07889529 
815 744 16 20 0.078443736 
4 444 12 21 0.07783269 
699 184 13 21 0.07756222 
336 725 44 61 0.07736121 
706 655 15 19 0.072405845 
741 865 14 16 0.07183715 
161 1209 25 30 0.0714216 
519 474 28 37 0.07138191 
445 907 20 43 0.069589145 
999 858 16 22 0.06818252 
266 692 15 20 0.068034224 
752 973 23 32 0.067195386 
765 454 15 20 0.066922404 
799 665 13 19 0.06537447 
313 659 14 21 0.064353496 
227 786 17 21 0.06417952 
365 646 12 24 0.06407553 
697 855 15 22 0.062394794 
780 772 15 16 0.062240425 
991 635 10 17 0.06210339 
141 592 15 21 0.060693216 
83 841 27 35 0.060428876 
213 667 17 22 0.060314287 
716 1083 26 33 0.05938597 
696 652 13 17 0.058685537 
716 654 18 23 0.058432996 
351 717 14 18 0.05752403 
970 725 14 19 0.056730457 
222 733 20 21 0.05501678 
259 785 27 37 0.054869916 
886 761 13 21 0.05462947 
58 629 15 21 0.053417105 
83 449 12 17 0.052972894 
631 164 13 16 0.05273127 
105 584 20 27 0.05175029 
237 489 21 23 0.0514562 
762 460 21 32 0.050509892 
785 875 13 18 0.05020998 
330 802 13 21 0.049537603 
8 638 15 26 0.049455676 
306 711 15 23 0.04922787 
245 1027 23 38 0.04904161 
729 858 20 23 0.048158687 
368 455 21 24 0.04738276 
891 820 19 23 0.047335986 
326 676 12 18 0.046905316 
669 0 25 34 0.046033483 
747 810 13 19 0.04602925 
938 614 12 19 0.04541722 
329 718 25 34 0.04516243 
138 519 15 19 0.044562995 
182 471 19 26 0.043850675 
835 78 11 15 0.04350031 
208 1094 20 29 0.043112427 
31 851 56 76 0.043100752 
594 702 14 23 0.042911764 
883 786 16 21 0.04246953 
230 1131 24 35 0.042311452 
884 732 15 19 0.041950893 
942 578 12 18 0.041343536 
987 761 11 20 0.041310653 
171 834 14 23 0.041224316 
178 609 14 18 0.041217484 
286 818 26 30 0.041143585 
232 472 15 20 0.039600194 
949 601 9 18 0.03921488 
668 197 13 19 0.03894079 
790 897 17 20 0.038761273 
232 467 11 15 0.03816663 
129 452 15 19 0.037484955 
1004 908 20 35 0.03707024 
677 84 15 22 0.036707617 
890 763 20 26 0.036659308 
137 501 17 16 0.036261026 
608 131 15 20 0.03576598 
587 786 28 38 0.035650246 
305 645 21 28 0.03545923 
976 874 20 26 0.03543582 
946 757 14 21 0.035065345 
21 902 122 241 0.035012756 
601 795 15 19 0.034699447 
950 753 22 33 0.034260225 
507 448 55 58 0.034193717 
56 445 11 15 0.03416534 
874 760 19 25 0.03410317 
929 609 11 16 0.03397309 
685 -1 24 34 0.033956774 
228 585 13 20 0.033826746 
848 747 15 18 0.033609137 
88 658 25 29 0.033295818 
223 903 11 20 0.03308976 
972 706 13 14 0.03305586 
240 898 22 43 0.03303936 
685 641 10 14 0.032802343 
863 625 12 17 0.032588642 
310 615 14 20 0.032578412 
899 799 15 22 0.032321982 
856 630 11 19 0.032169938 
984 837 14 20 0.032118965 
702 748 22 25 0.032068655 
1013 961 10 22 0.03158961 
1000 652 10 16 0.031554196 
831 714 15 20 0.03153402 
243 1096 40 59 0.03140624 
37 617 17 22 0.031380743 
886 861 23 31 0.03137824 
62 37 177 188 0.03129117 
985 862 14 20 0.030966468 
229 623 22 28 0.030884298 
352 464 24 28 0.030858973 
828 654 16 23 0.030696465 
146 477 15 16 0.030652832 
754 631 14 20 0.030604592 
203 1126 19 29 0.030509796 
329 603 13 19 0.030333323 
277 798 27 34 0.030298337 
271 481 13 18 0.030067444 
899 519 14 19 0.02998618 
956 741 20 31 0.029875455 
0 789 29 39 0.029826347 
322 785 27 45 0.029803596 
201 1076 30 35 0.02968733 
991 606 9 15 0.029633656 
846 794 14 21 0.029471168 
156 616 14 23 0.02940991 
214 602 15 23 0.029347934 
278 482 13 16 0.029296577 
788 764 15 16 0.028616264 
693 627 12 14 0.028516859 
298 707 15 22 0.0284487 
775 615 16 21 0.028422268 
314 666 19 28 0.028417243 
913 670 13 18 0.028274585 
239 860 13 24 0.028261378 
729 803 18 19 0.028259372 
876 648 12 21 0.028218834 
34 630 13 20 0.028138913 
144 495 18 17 0.028067958 
55 810 54 61 0.027560031 
246 501 15 17 0.02747697 
79 481 24 28 0.027409382 
685 737 12 20 0.027303563 
769 118 12 17 0.02729337 
528 1007 52 55 0.027269375 
285 653 19 30 0.027215006 
591 673 29 39 0.027130125 
839 687 14 22 0.027120752 
160 469 14 18 0.026887253 
591 117 15 21 0.026729502 
202 839 14 20 0.026709735 
154 568 12 19 0.026670622 
749 50 19 32 0.026541991 
868 720 16 18 0.026482075 
775 874 16 20 0.026396666 
818 778 13 17 0.026223749 
273 473 12 15 0.026213506 
140 657 17 17 0.02610913 
201 694 14 18 0.026044352 
19 483 22 28 0.02601087 
131 506 24 24 0.025862895 
379 36 93 90 0.025788324 
921 740 17 17 0.02569396 
946 809 21 31 0.025680095 
747 801 15 17 0.025526611 
687 795 15 15 0.025389923 
218 631 14 20 0.025370425 
249 887 12 25 0.02533077 
686 180 13 22 0.02525247 
839 777 21 22 0.025244536 
156 594 13 19 0.025234742 
171 616 21 25 0.025122 
262 122 51 59 0.024933772 
679 848 15 25 0.024904048 
620 954 27 31 0.024860494 
870 743 16 20 0.02477581 
184 897 17 21 0.024765166 
683 448 15 23 0.024745032 
230 613 16 20 0.02466111 
349 693 45 63 0.02462523 
678 972 26 27 0.024619939 
956 857 21 28 0.024586005 
230 822 15 22 0.024402007 
941 748 13 18 0.024372073 
973 869 14 21 0.024252854 
829 780 15 17 0.02424579 
49 473 13 21 0.02419326 
894 602 13 15 0.024146367 
886 626 12 18 0.02397512 
1000 614 12 18 0.023954542 
945 841 22 29 0.023796415 
815 693 14 18 0.023783205 
340 457 22 29 0.023608712 
928 855 24 30 0.02354518 
285 446 15 18 0.023398282 
694 990 22 27 0.023352008 
63 448 11 16 0.023325691 
993 627 10 16 0.023297235 
1005 642 9 14 0.023110377 
1001 717 13 18 0.023066452 
475 1035 48 53 0.022950344 
712 1052 15 19 0.02293189 
979 761 12 22 0.022892145 
170 753 14 23 0.02285941 
80 616 13 20 0.022799948 
992 833 12 21 0.022738643 
995 739 12 17 0.022627776 
134 717 31 26 0.022601653 
789 69 21 29 0.022591343 
303 610 12 20 0.022548106 
223 754 23 27 0.022510577 
978 734 12 19 0.022435658 
655 849 13 21 0.02236257 
92 468 12 17 0.022294967 
866 794 23 34 0.022221345 
848 800 22 28 0.02219056 
113 891 24 29 0.022163622 
782 188 11 15 0.02202003 
207 886 16 22 0.021945018 
941 672 13 17 0.021940071 
668 850 15 23 0.021932328 
168 586 16 19 0.021894094 
340 80 97 124 0.021883894 
534 710 27 50 0.021819385 
753 660 14 20 0.021735944 
978 703 13 16 0.021692546 
269 638 15 23 0.021686511 
122 501 15 16 0.021677284 
740 877 15 18 0.021647656 
712 986 23 34 0.02151913 
63 441 11 15 0.021489503 
301 670 12 19 0.021397406 
939 597 12 19 0.021384697 
267 506 17 19 0.021269819 
875 533 13 16 0.021245992 
918 718 14 18 0.021206653 
314 708 19 29 0.021186395 
53 575 13 19 0.021183902 
788 672 18 27 0.02117164 
215 772 13 21 0.021130063 
223 552 15 22 0.021121839 
144 679 15 20 0.02110869 
292 755 16 24 0.021084795 
685 837 14 20 0.021064695 
440 475 18 34 0.021045312 
783 835 15 21 0.021038467 
1008 988 14 26 0.021005645 
680 692 12 21 0.020994792 
308 905 45 74 0.020990299 
701 1070 29 36 0.020975007 
211 616 20 28 0.020864675 
965 754 20 34 0.020686153 
32 609 14 19 0.020600097 
931 637 11 18 0.020558164 
670 187 12 18 0.020556724 
915 636 16 25 0.020463813 
317 607 15 19 0.020385373 
714 634 16 20 0.020359369 
811 662 12 19 0.020357698 
274 465 12 16 0.020353565 
691 834 13 17 0.020323738 
899 715 13 17 0.020189926 
253 807 27 36 0.020183833 
224 856 14 20 0.02015206 
71 498 14 17 0.020146552 
95 566 20 28 0.020141179 
693 83 13 21 0.020135768 
890 726 15 17 0.020130944 
483 1008 64 64 0.020110484 
