35_Basketball_basketballgame_ball_35_80
79
492 95 104 118 0.9999112 
260 128 47 70 0.9994885 
809 75 53 62 0.99897707 
293 12 39 49 0.99774975 
383 17 36 49 0.99326307 
33 114 37 47 0.9930167 
167 1 37 51 0.99217623 
91 186 40 44 0.9897183 
8 168 37 48 0.98289603 
891 73 41 53 0.9797165 
905 375 36 51 0.95681286 
135 151 36 43 0.94423646 
167 231 38 50 0.89323133 
1 235 30 55 0.8868711 
66 208 45 54 0.882058 
437 217 28 35 0.7885763 
1 363 42 54 0.48359406 
346 144 31 39 0.39666116 
138 32 27 51 0.3549193 
510 10 29 37 0.3480348 
182 172 26 56 0.31934974 
84 475 37 30 0.21425371 
360 112 40 55 0.18456672 
521 6 18 22 0.12897871 
204 55 24 35 0.1241741 
84 285 31 44 0.11505331 
457 48 34 56 0.110121936 
697 195 43 62 0.10993808 
699 201 15 22 0.10573368 
197 283 40 49 0.092250206 
115 632 462 429 0.08169002 
387 125 15 20 0.0807136 
550 44 30 33 0.07867436 
101 489 19 21 0.07551778 
6 269 24 41 0.071838595 
395 164 11 21 0.06612094 
443 210 15 22 0.060612794 
455 75 24 36 0.058371194 
745 36 32 32 0.046902776 
172 252 47 59 0.04439532 
222 283 45 54 0.041734576 
142 234 38 54 0.04133064 
703 443 50 86 0.040823717 
111 175 40 46 0.039910115 
400 154 10 19 0.03990067 
389 174 19 41 0.038480252 
666 274 29 33 0.037468903 
60 178 23 36 0.036777183 
94 34 31 38 0.036102433 
490 -2 31 20 0.035041284 
158 1255 7 8 0.03489643 
422 161 15 18 0.033020478 
985 291 21 41 0.032984078 
252 16 22 42 0.031902567 
20 138 42 60 0.03152206 
662 191 16 21 0.030592399 
14 534 11 24 0.030508632 
457 1132 102 125 0.030059693 
255 -5 26 33 0.029967945 
1000 449 27 53 0.029357892 
918 276 53 94 0.028818026 
153 160 17 21 0.027189063 
415 153 44 64 0.026969936 
85 243 34 44 0.02687024 
120 220 28 38 0.026423873 
511 28 46 66 0.026189994 
886 25 49 61 0.026098805 
102 236 42 52 0.026067376 
610 183 46 62 0.025293168 
1002 329 21 39 0.024671135 
406 153 10 17 0.02372062 
986 243 17 41 0.02301177 
388 144 23 38 0.022289937 
138 214 28 39 0.022139719 
28 389 15 20 0.021889882 
483 764 44 63 0.021194253 
202 473 23 42 0.020749453 
413 80 25 36 0.020577347 
625 189 21 19 0.020208113 
