35_Basketball_basketballgame_ball_35_208
19
609 -18 106 111 0.99993336 
603 223 112 144 0.99971277 
254 222 123 165 0.9989491 
275 2 48 27 0.09485806 
858 424 40 73 0.09429603 
1011 114 12 15 0.07450486 
840 -27 169 187 0.049075305 
973 125 21 31 0.038867634 
894 164 51 44 0.03469503 
743 314 68 90 0.03303982 
851 169 41 56 0.028041277 
964 122 41 60 0.026573692 
1012 104 19 28 0.026416725 
921 145 26 32 0.025390232 
988 117 18 30 0.022733158 
933 402 58 115 0.022391638 
881 420 53 108 0.021606991 
963 153 12 17 0.020592662 
1016 127 22 41 0.020391334 
