35_Basketball_playingbasketball_35_19
74
527 251 35 33 0.94525063 
118 301 29 55 0.8624591 
408 148 11 16 0.22003736 
414 141 10 14 0.12980536 
98 344 41 70 0.12021396 
872 83 11 19 0.10811353 
349 97 10 17 0.08240283 
803 590 39 38 0.074110225 
719 102 9 14 0.07366721 
342 125 17 27 0.07153924 
937 72 9 18 0.06866469 
77 80 6 6 0.04390862 
925 76 7 15 0.04206547 
76 317 20 47 0.039039094 
377 156 8 16 0.038746353 
644 80 9 17 0.037175585 
79 78 3 5 0.036693357 
920 82 8 15 0.035932444 
418 154 9 15 0.035666585 
690 101 8 16 0.03528434 
381 262 11 19 0.03407737 
919 89 8 15 0.03393631 
656 76 10 17 0.03391168 
73 108 4 5 0.032923553 
690 83 7 12 0.032873694 
791 100 10 19 0.03202378 
678 69 7 12 0.031172317 
403 147 9 14 0.030430334 
1030 44 14 27 0.029812368 
647 67 6 8 0.029667495 
96 93 5 8 0.027027233 
383 181 10 19 0.026922982 
1016 54 11 20 0.026852263 
60 114 4 7 0.026232537 
71 119 5 8 0.025904255 
93 94 4 6 0.02511037 
686 77 8 12 0.025053743 
917 84 6 12 0.024752049 
733 122 10 19 0.02457831 
96 99 4 6 0.02436221 
84 88 5 7 0.024161853 
232 67 5 9 0.024126051 
1047 68 17 31 0.023899326 
78 87 6 7 0.02386416 
65 120 4 7 0.023690639 
685 84 8 11 0.023614885 
346 82 16 30 0.023187784 
378 105 9 16 0.022929288 
686 96 9 15 0.022816315 
683 109 8 13 0.022295905 
82 99 5 7 0.02198817 
381 155 10 17 0.021958834 
64 125 4 7 0.021829246 
71 88 6 6 0.021709 
888 83 7 14 0.021619033 
73 82 4 5 0.021414626 
88 420 23 39 0.021370389 
97 125 5 9 0.02136129 
79 119 4 6 0.021294763 
689 92 8 13 0.021250343 
631 82 10 15 0.021231046 
1025 129 18 33 0.021136366 
678 115 8 12 0.020992037 
0 224 6 15 0.020902427 
652 66 7 10 0.02087569 
91 89 5 5 0.020720873 
638 76 10 16 0.020642735 
79 99 5 7 0.020295622 
1085 138 10 18 0.020264061 
91 125 4 8 0.020258645 
663 83 8 14 0.020121261 
715 84 8 16 0.0200971 
45 142 5 9 0.020056479 
59 100 5 8 0.020011805 
