35_Basketball_basketballgame_ball_35_290
996
641 117 31 50 0.99874216 
58 203 20 25 0.99703467 
906 136 35 39 0.9925419 
411 255 40 47 0.9743602 
473 180 30 44 0.967393 
143 328 11 14 0.9672171 
5 315 12 18 0.8340777 
9 268 10 13 0.79007965 
6 237 10 14 0.6890387 
153 309 9 12 0.68247586 
138 302 9 13 0.59549254 
535 228 23 39 0.5950015 
6 224 7 10 0.52390206 
123 281 9 14 0.50305057 
32 267 10 12 0.47396818 
104 213 5 9 0.36588848 
33 234 8 11 0.34216216 
56 156 6 9 0.33447915 
54 286 8 13 0.3095045 
12 205 9 13 0.24915272 
59 236 8 12 0.24282852 
201 259 10 17 0.2421215 
40 223 8 10 0.22806297 
198 221 5 7 0.22002509 
591 192 7 11 0.20737672 
114 238 8 11 0.20548801 
75 130 6 8 0.20523599 
130 237 5 10 0.20320004 
122 276 7 11 0.20139314 
124 344 14 14 0.19497326 
39 156 5 7 0.19440064 
162 347 12 17 0.1932616 
273 251 7 7 0.18447371 
131 187 6 10 0.18222734 
0 231 5 12 0.18191476 
117 135 6 6 0.17989239 
44 131 5 7 0.17934124 
163 300 9 14 0.17923053 
229 239 5 8 0.17471106 
847 336 6 7 0.16969363 
14 83 5 7 0.16496776 
157 307 8 12 0.16440862 
199 164 5 5 0.161593 
569 320 8 12 0.15687124 
230 243 5 9 0.15609014 
25 199 8 9 0.1509909 
59 135 6 8 0.14954147 
63 187 7 9 0.14925852 
111 225 6 9 0.14806695 
145 260 9 13 0.14690772 
120 241 8 13 0.14668624 
261 262 6 8 0.14660013 
460 323 9 9 0.14567585 
821 330 5 6 0.14545994 
218 256 7 10 0.14155084 
190 250 6 10 0.14028671 
181 238 6 9 0.13965534 
133 206 6 9 0.13949211 
114 232 7 9 0.13943267 
163 250 8 12 0.13848132 
364 239 6 8 0.13843776 
205 238 6 9 0.13818078 
212 238 5 8 0.13761246 
20 191 8 11 0.13516976 
48 327 11 15 0.13507935 
23 231 8 10 0.132199 
200 251 6 9 0.13157804 
832 333 6 8 0.13076891 
434 365 9 11 0.13038939 
90 199 7 8 0.12665322 
44 194 6 8 0.12534751 
6 229 9 13 0.123148635 
567 242 7 10 0.122998096 
128 148 6 8 0.12208021 
123 225 5 8 0.121776156 
185 221 5 7 0.12096073 
128 212 7 9 0.120888755 
84 173 5 7 0.120452076 
167 180 6 8 0.12018705 
103 143 6 8 0.1201801 
453 223 8 11 0.11831993 
23 153 6 9 0.117565654 
217 239 5 8 0.1169621 
107 144 6 7 0.11484053 
39 194 7 8 0.113982424 
837 330 6 6 0.11308234 
452 212 8 10 0.11196121 
115 218 6 9 0.111434735 
88 137 5 8 0.10777694 
193 182 5 6 0.10642467 
27 163 5 7 0.106313 
383 240 6 8 0.1061658 
24 204 9 11 0.105955124 
25 149 6 9 0.10483925 
820 333 5 7 0.103257075 
110 229 7 10 0.10278602 
161 295 8 12 0.101404026 
134 243 6 10 0.10013522 
563 193 7 10 0.10012527 
223 256 5 10 0.09998172 
130 233 6 8 0.09944404 
561 196 7 12 0.09903115 
834 331 5 6 0.09868323 
436 213 8 7 0.0984241 
174 245 5 8 0.097362235 
629 310 5 5 0.09555219 
77 197 7 11 0.09536625 
158 276 8 12 0.094929844 
161 148 5 7 0.0946178 
65 104 5 6 0.09406614 
159 231 6 9 0.09364687 
850 340 5 8 0.092147544 
588 245 5 7 0.09214485 
608 315 5 6 0.09195248 
58 131 5 8 0.09131779 
161 145 5 6 0.09052584 
434 392 9 11 0.088977434 
148 242 7 10 0.08877612 
295 241 6 6 0.08843533 
110 175 4 6 0.08841675 
828 334 6 7 0.0879191 
846 339 7 9 0.087186955 
25 268 7 11 0.08692443 
25 211 8 11 0.08636706 
19 84 5 7 0.08626791 
146 143 6 7 0.086127646 
569 193 5 8 0.085352115 
838 334 6 7 0.08489308 
868 336 6 9 0.08425618 
200 239 5 8 0.08416903 
84 111 4 7 0.084076256 
224 161 5 6 0.083768845 
98 181 5 7 0.08327224 
109 180 6 8 0.08290292 
78 193 6 8 0.0825113 
24 333 8 14 0.082452275 
136 170 5 6 0.0813847 
449 212 6 8 0.08084123 
423 208 5 5 0.08013439 
620 351 8 10 0.07987124 
206 168 5 5 0.07923081 
202 273 9 15 0.07914553 
635 291 5 7 0.078957565 
268 291 12 13 0.07882489 
408 227 7 6 0.07842922 
120 136 6 6 0.077574894 
64 286 7 14 0.07678834 
886 335 6 7 0.07670045 
780 262 9 12 0.07614292 
184 164 6 5 0.07590653 
398 194 4 5 0.07563528 
648 291 6 8 0.07538292 
371 214 6 7 0.07530895 
9 181 9 9 0.07480482 
30 216 7 10 0.07454826 
219 252 6 9 0.07444684 
23 226 8 8 0.07400709 
43 300 8 11 0.073578835 
385 221 5 6 0.07348297 
223 199 6 7 0.07323566 
372 218 6 8 0.072551854 
130 170 4 6 0.072184786 
287 240 6 6 0.07203519 
357 213 5 6 0.07199539 
640 294 5 7 0.07198355 
604 310 4 7 0.07169362 
351 224 6 7 0.071506515 
198 186 6 7 0.07140578 
593 197 6 9 0.071212284 
69 174 6 7 0.070806995 
0 288 5 10 0.07049069 
208 233 5 7 0.070113674 
875 481 23 20 0.06967396 
173 265 7 11 0.06957913 
124 151 5 6 0.06943996 
578 246 6 6 0.06924201 
281 231 6 7 0.06851433 
393 240 5 6 0.06846347 
39 174 6 8 0.06835394 
364 222 5 6 0.06834921 
113 193 5 8 0.06824483 
22 150 5 7 0.06796532 
123 169 4 6 0.06764324 
115 156 5 6 0.06735644 
605 314 4 6 0.06672064 
109 186 6 9 0.06660031 
2 224 5 10 0.06653757 
417 202 4 5 0.06640458 
391 227 6 6 0.066316985 
345 211 5 7 0.06599614 
110 240 8 12 0.06582257 
180 124 5 6 0.06528074 
385 225 6 7 0.065190256 
15 288 6 9 0.06504595 
108 214 5 7 0.064826615 
361 220 5 7 0.06462654 
109 207 5 8 0.06457728 
0 436 6 9 0.064462535 
396 227 7 7 0.06428847 
186 244 6 8 0.06383477 
770 232 10 15 0.063822016 
25 244 8 11 0.063724175 
558 194 7 11 0.06263489 
198 255 9 16 0.0625436 
579 331 9 12 0.062446598 
595 303 5 7 0.06182757 
160 287 8 11 0.061819937 
271 169 5 7 0.06176373 
622 321 4 6 0.061634608 
200 244 5 7 0.061437864 
422 213 7 8 0.06135844 
86 180 5 8 0.060766608 
131 145 5 5 0.060264684 
407 357 10 15 0.060055796 
257 136 4 7 0.06003449 
20 117 6 8 0.059946425 
210 261 7 11 0.059904616 
230 249 6 9 0.059636045 
172 283 7 10 0.059519596 
96 197 7 10 0.05949766 
192 247 5 7 0.059441254 
127 217 6 9 0.059349053 
31 192 8 10 0.05902066 
142 174 5 6 0.058946133 
30 248 9 13 0.058932163 
204 242 6 8 0.058565915 
592 305 4 6 0.05851124 
84 106 4 5 0.058464102 
65 109 6 9 0.058432773 
121 232 6 9 0.05805164 
857 347 4 6 0.057963934 
390 202 5 6 0.057737 
218 170 5 5 0.057507996 
6 194 5 6 0.057328854 
184 255 8 10 0.057297565 
590 188 6 9 0.05719199 
230 256 6 9 0.05690517 
112 157 5 6 0.056777734 
554 239 9 15 0.05673444 
395 239 6 7 0.05643135 
600 298 5 6 0.056261647 
83 187 6 7 0.055877022 
33 162 5 7 0.055724375 
222 292 7 11 0.055562288 
140 253 8 13 0.055458087 
0 213 3 8 0.055264987 
460 219 7 9 0.0549783 
437 218 7 7 0.054409865 
200 168 5 5 0.054207213 
224 158 4 5 0.05397832 
239 163 4 5 0.05389005 
180 169 5 6 0.05375774 
351 239 6 7 0.053626083 
27 131 6 7 0.053595997 
36 241 9 13 0.053590354 
0 284 5 8 0.053523254 
411 207 4 5 0.05324902 
380 240 5 8 0.05317624 
404 354 19 25 0.053010527 
111 235 15 22 0.053006973 
213 169 5 6 0.052868113 
22 188 8 9 0.052805625 
70 181 6 8 0.052655414 
98 143 6 7 0.052460875 
621 332 6 8 0.052450813 
18 196 10 11 0.052384194 
602 303 4 6 0.052300766 
258 170 4 6 0.05175712 
109 218 6 9 0.051579718 
30 175 7 9 0.051512465 
116 215 5 7 0.051461343 
61 239 8 14 0.051428284 
209 332 8 13 0.051332083 
422 217 8 8 0.05106297 
8 187 6 7 0.050968193 
151 314 11 16 0.050836693 
598 219 5 7 0.050690547 
141 262 8 11 0.05066411 
12 110 6 10 0.05038577 
122 132 4 6 0.050373815 
26 293 6 10 0.050360475 
790 213 5 8 0.050336715 
413 203 3 5 0.05031116 
404 227 6 7 0.05021641 
391 290 46 47 0.05017878 
173 224 5 7 0.050106883 
49 197 8 11 0.050071612 
260 259 5 7 0.049867157 
28 197 9 10 0.04963532 
53 134 5 7 0.049499452 
165 149 5 5 0.04947218 
396 347 39 46 0.049433086 
206 198 5 7 0.04929728 
610 238 5 5 0.049195845 
207 165 4 5 0.049043443 
607 310 5 7 0.048991367 
641 314 7 9 0.048643004 
173 221 5 6 0.04840607 
224 252 6 8 0.048385907 
384 214 5 5 0.048282523 
111 259 5 8 0.0481134 
40 123 6 7 0.04791538 
490 142 16 31 0.047816526 
121 163 5 7 0.047805257 
66 169 5 6 0.04745858 
198 200 5 6 0.04742849 
409 213 6 7 0.04742444 
211 164 5 5 0.04728377 
348 189 4 7 0.04715396 
100 198 7 10 0.04699361 
373 225 6 8 0.04694755 
19 143 5 7 0.046483196 
65 269 6 10 0.046312988 
646 235 6 10 0.04627807 
78 188 5 7 0.04620126 
572 212 4 8 0.046173297 
341 240 5 5 0.046120774 
621 317 5 6 0.045799084 
156 231 6 8 0.045711435 
610 234 4 6 0.045611024 
140 171 6 6 0.04556749 
116 162 5 6 0.04555048 
893 449 11 13 0.045473475 
841 341 5 8 0.04543526 
205 221 5 6 0.045350812 
43 155 6 7 0.04526356 
152 251 7 11 0.04517017 
76 124 5 8 0.045141153 
130 201 5 7 0.04513794 
134 295 9 13 0.045085743 
402 262 9 16 0.045001123 
195 224 5 6 0.044957306 
367 234 4 6 0.04480304 
185 169 5 5 0.044598684 
79 112 4 6 0.04445904 
615 322 5 6 0.044358656 
152 238 7 10 0.04418024 
220 200 4 7 0.04397178 
1005 226 5 7 0.04395625 
179 243 6 9 0.043917947 
385 195 4 4 0.043511227 
255 245 6 7 0.043168776 
225 213 5 8 0.04294868 
122 154 5 7 0.04286944 
25 123 5 6 0.042865947 
839 346 5 7 0.04283857 
426 219 7 7 0.042770628 
28 144 5 6 0.04274235 
66 182 6 7 0.042499892 
321 230 7 8 0.042254604 
610 202 4 5 0.042237625 
213 258 6 10 0.04206793 
2 193 4 7 0.041756377 
81 193 6 9 0.041687034 
232 464 28 31 0.04163215 
246 234 4 6 0.041590683 
194 200 5 6 0.041589677 
51 231 7 11 0.04153745 
669 124 21 38 0.041516617 
437 209 5 6 0.041486166 
283 219 4 6 0.041481134 
15 168 6 7 0.041325334 
220 288 6 10 0.041236386 
598 208 4 6 0.041206893 
888 455 11 11 0.04118366 
36 272 8 11 0.040999826 
69 186 7 9 0.040870532 
595 308 5 7 0.040837172 
464 219 7 9 0.040693738 
597 329 5 7 0.040587727 
1 219 5 9 0.040551517 
61 105 4 5 0.040539697 
448 220 8 9 0.04048642 
103 232 6 9 0.040477816 
158 352 11 15 0.04041406 
399 208 4 5 0.040309582 
182 221 4 6 0.04024307 
322 200 5 8 0.040177934 
133 148 6 8 0.040099647 
40 151 4 6 0.03996073 
805 335 6 8 0.03989711 
413 351 11 12 0.039756123 
38 169 6 8 0.03961751 
179 251 7 9 0.03961347 
238 259 4 7 0.039603595 
440 226 7 7 0.039598007 
165 245 6 9 0.039359976 
583 245 5 7 0.039311644 
124 214 5 7 0.039269615 
194 233 5 7 0.039219685 
347 234 5 5 0.039194703 
566 189 5 7 0.039179694 
458 365 8 9 0.03904997 
166 145 5 6 0.038944643 
1 153 5 9 0.038849365 
185 263 8 12 0.03860079 
397 214 5 5 0.03851219 
585 77 6 9 0.038430087 
228 267 9 14 0.038347013 
27 309 6 9 0.038258944 
826 330 5 6 0.038093954 
296 219 6 7 0.037977383 
45 175 6 8 0.037953194 
776 302 13 18 0.03790794 
187 175 5 6 0.0378963 
284 239 5 6 0.03782972 
92 115 5 7 0.037794817 
20 235 8 11 0.037793487 
299 241 6 6 0.03770033 
399 191 4 5 0.037687812 
405 208 4 5 0.037686914 
97 186 6 8 0.03768133 
44 123 6 7 0.037649438 
361 224 5 7 0.037636213 
18 268 8 12 0.037550386 
858 213 4 6 0.03753199 
212 243 6 8 0.037460215 
161 237 6 9 0.03743889 
1004 219 5 7 0.037400026 
85 141 6 8 0.037253004 
70 170 4 6 0.037203714 
353 234 4 6 0.03719661 
56 276 7 11 0.03717323 
213 201 5 6 0.037005547 
170 306 8 13 0.036996458 
184 194 6 7 0.036966838 
83 199 6 9 0.03690854 
447 343 6 7 0.036840167 
123 219 5 8 0.036716226 
46 162 6 8 0.036619697 
136 163 5 6 0.036616005 
252 246 5 6 0.036614828 
168 206 5 7 0.036475044 
123 272 5 8 0.036425665 
569 197 5 10 0.03634673 
823 368 3 5 0.03625758 
611 291 4 4 0.036219753 
450 215 15 21 0.036142293 
35 155 5 7 0.035960313 
616 329 5 7 0.03592632 
191 257 15 23 0.035817076 
301 227 6 7 0.03580706 
220 195 5 6 0.035779204 
181 233 6 8 0.03576843 
0 200 5 8 0.035684023 
425 350 10 12 0.035679832 
764 226 18 26 0.035664193 
127 272 6 7 0.03557378 
421 356 24 27 0.03551507 
385 191 4 4 0.035507347 
577 214 5 6 0.03543695 
551 189 5 7 0.035371594 
476 164 5 7 0.03535066 
276 181 5 7 0.03533891 
11 257 9 13 0.035315067 
317 175 4 6 0.035297293 
283 228 4 5 0.03528993 
191 176 5 5 0.035266973 
609 336 5 6 0.035251696 
352 189 5 6 0.035239138 
17 293 6 11 0.03509507 
164 275 7 11 0.035030577 
437 187 5 5 0.035030544 
206 226 4 6 0.03502414 
1019 226 5 9 0.034953754 
111 135 5 6 0.03490716 
449 194 6 7 0.03475688 
603 251 5 6 0.0347236 
78 115 5 8 0.034703456 
41 135 4 6 0.034594927 
111 161 5 6 0.03449364 
49 167 6 8 0.034335386 
224 169 5 6 0.034173425 
282 214 5 7 0.034101155 
196 164 5 4 0.03400822 
755 231 33 45 0.03400723 
12 175 7 8 0.033993933 
426 361 12 16 0.033912055 
171 182 6 7 0.033868086 
395 243 7 9 0.033860292 
163 300 16 25 0.033805203 
300 244 5 6 0.0337297 
490 192 23 34 0.03371446 
853 345 5 7 0.033705372 
857 201 5 6 0.03363759 
97 205 6 8 0.03350824 
51 210 8 12 0.033494662 
156 150 5 5 0.033486754 
278 233 5 6 0.033478554 
198 232 6 8 0.033467896 
360 234 4 5 0.033368103 
145 250 9 13 0.03333346 
137 174 4 6 0.0333136 
142 219 5 8 0.03330574 
173 430 36 41 0.033285566 
129 174 5 6 0.033263262 
219 233 5 7 0.033119947 
135 248 8 12 0.033070184 
189 261 9 14 0.03295563 
257 173 5 6 0.032862384 
96 116 4 6 0.03285998 
610 207 4 5 0.032766182 
89 181 5 7 0.032675855 
249 309 7 10 0.032675397 
572 183 4 5 0.0326433 
182 225 5 6 0.032582514 
275 256 6 7 0.032577768 
1018 200 5 8 0.03253567 
97 176 5 7 0.03253148 
145 147 7 7 0.032452647 
601 219 5 7 0.032351997 
37 314 10 13 0.032294594 
870 200 5 5 0.032164983 
181 182 5 6 0.03209939 
833 326 16 21 0.032094236 
609 339 5 7 0.032088384 
45 150 5 7 0.032067917 
550 191 7 11 0.031994004 
593 189 6 8 0.03196973 
386 201 5 6 0.031958643 
349 220 5 7 0.031958114 
161 176 6 6 0.03194073 
419 207 4 5 0.031929944 
20 131 6 6 0.031889588 
615 290 5 5 0.031804863 
74 142 7 9 0.0317284 
333 226 5 7 0.03172699 
64 248 7 11 0.031687595 
232 169 4 5 0.031551998 
155 279 8 11 0.031484388 
65 254 7 13 0.031440068 
1 189 4 7 0.03142149 
288 233 5 5 0.03141922 
1005 214 5 6 0.031407494 
172 186 6 6 0.03140537 
250 176 4 5 0.0313431 
24 118 5 8 0.031289086 
569 188 5 7 0.031266045 
180 281 7 10 0.031151665 
288 243 6 7 0.03112023 
214 314 17 26 0.03109701 
166 177 6 6 0.031092664 
143 207 5 7 0.031055767 
585 234 4 5 0.031023715 
448 353 6 6 0.0310011 
391 206 5 6 0.030979294 
22 122 5 7 0.030960178 
65 276 6 9 0.030947564 
231 233 5 7 0.03093363 
80 106 4 5 0.030928928 
886 209 4 6 0.030928591 
30 313 8 11 0.030915689 
186 214 4 7 0.030901225 
632 309 6 6 0.030864058 
71 111 5 7 0.030863428 
5 287 6 11 0.030799482 
980 171 9 13 0.030785477 
194 195 4 6 0.030689955 
392 222 4 5 0.030636182 
583 239 5 6 0.030626025 
611 220 4 6 0.03062059 
376 220 6 7 0.030552082 
57 151 5 7 0.030491438 
141 238 6 8 0.030400155 
453 242 7 10 0.030376663 
584 322 6 7 0.030362483 
352 192 6 7 0.030345106 
73 136 6 7 0.03034463 
828 226 4 8 0.030278701 
195 186 5 7 0.030266494 
193 169 5 5 0.030224962 
1017 256 8 13 0.030215383 
578 219 4 6 0.03020284 
218 149 5 6 0.030196806 
427 342 10 9 0.030189833 
273 137 4 7 0.030167285 
52 118 5 6 0.030116845 
1 241 7 13 0.030116031 
816 329 4 6 0.03009429 
20 101 5 9 0.03006574 
622 310 5 6 0.030059993 
115 143 6 7 0.03001356 
630 291 4 6 0.029943496 
611 322 4 6 0.029940173 
124 173 5 7 0.02990938 
113 198 6 9 0.029892582 
252 164 4 6 0.029872123 
534 -79 356 378 0.029855127 
68 285 8 15 0.029839376 
590 308 6 7 0.029815918 
296 226 6 7 0.029810458 
52 161 5 8 0.029792672 
571 309 5 7 0.02970345 
319 175 5 7 0.029668527 
123 207 4 7 0.029651769 
626 328 6 9 0.02964279 
855 202 4 5 0.029528309 
69 267 7 13 0.02947216 
333 245 5 7 0.029400963 
361 240 6 6 0.029355163 
118 168 4 6 0.029350406 
175 170 5 6 0.029348452 
630 296 4 6 0.029289298 
952 131 10 14 0.029223494 
116 150 5 6 0.029189108 
234 333 10 16 0.029137304 
44 269 7 9 0.029125175 
635 304 5 6 0.029098246 
296 214 5 6 0.029078448 
105 174 5 7 0.029062673 
289 404 29 28 0.029060503 
878 349 5 7 0.029013228 
28 135 5 7 0.02900514 
836 347 4 6 0.029001957 
21 337 8 13 0.02892186 
205 175 6 6 0.028875973 
110 197 6 10 0.028761398 
865 347 5 7 0.028717903 
71 191 7 9 0.028607098 
165 239 6 8 0.028571991 
57 268 7 11 0.028556306 
275 214 5 8 0.028553989 
615 233 5 7 0.02855145 
27 178 7 9 0.028542565 
230 329 10 15 0.02852093 
611 214 4 6 0.028476559 
319 214 5 7 0.028431257 
251 169 4 5 0.02840538 
300 220 6 6 0.02839325 
614 238 5 6 0.02839031 
832 213 5 8 0.02838691 
33 150 4 7 0.028322306 
903 347 7 9 0.028307503 
220 205 5 8 0.028231803 
440 209 6 6 0.028182382 
273 246 7 8 0.028149523 
244 260 5 6 0.028146014 
384 251 6 8 0.028140107 
597 214 5 6 0.028134283 
57 299 9 14 0.028071197 
263 170 4 6 0.028061708 
115 263 5 7 0.028054757 
8 205 7 11 0.028029336 
211 278 8 13 0.028001823 
220 163 4 5 0.027980369 
170 219 4 7 0.027931783 
223 261 7 12 0.027924672 
102 181 6 8 0.02790433 
1017 44 9 13 0.027851794 
21 243 7 10 0.027800933 
565 319 7 12 0.02779613 
179 174 6 5 0.027747897 
437 225 6 6 0.027670776 
12 281 7 11 0.02765183 
153 182 5 6 0.027643751 
225 232 5 7 0.027616447 
450 209 6 7 0.027552562 
603 208 4 5 0.027521905 
391 231 6 6 0.027472716 
17 142 4 6 0.027373869 
181 187 5 6 0.027274996 
115 175 5 6 0.027158482 
852 220 4 6 0.027146695 
0 160 5 9 0.027136082 
178 262 9 13 0.027132284 
590 205 5 7 0.027125262 
62 375 12 15 0.0270925 
610 226 4 6 0.027084097 
104 130 5 6 0.02704007 
603 246 4 6 0.026996385 
103 207 5 8 0.026982633 
51 251 6 10 0.026932934 
239 157 4 6 0.026898535 
83 305 9 13 0.026870877 
305 414 50 40 0.026842343 
49 224 9 12 0.026836976 
884 345 7 9 0.026803987 
290 294 20 19 0.026795965 
780 203 6 9 0.026769776 
646 265 4 6 0.026756406 
386 207 5 6 0.026716832 
110 132 6 6 0.02669987 
1013 227 5 6 0.026698995 
390 252 7 8 0.026672775 
128 250 6 10 0.026663939 
288 226 6 6 0.026631573 
52 123 6 6 0.026618814 
23 274 8 10 0.026605329 
589 250 4 6 0.026595859 
708 198 38 48 0.026537076 
10 83 5 7 0.026501102 
589 316 5 7 0.026475698 
344 245 6 7 0.026428107 
0 180 4 7 0.026360199 
48 299 9 13 0.026338188 
622 291 4 5 0.026323155 
127 226 5 8 0.026320832 
19 136 5 7 0.026262196 
277 175 4 6 0.026259238 
577 327 7 10 0.02625284 
73 125 4 6 0.026202869 
528 215 23 35 0.026134493 
216 274 8 13 0.026066713 
206 182 5 6 0.026000287 
613 219 5 6 0.025986161 
634 286 5 6 0.025985032 
166 309 9 14 0.025914965 
52 112 4 5 0.025901994 
245 168 4 6 0.025874417 
10 225 8 10 0.025872882 
38 188 7 9 0.025845429 
608 305 5 5 0.025822712 
289 221 5 6 0.025761804 
103 185 6 10 0.025734747 
99 212 5 7 0.025695192 
86 130 4 6 0.02565822 
142 149 6 7 0.025650263 
115 187 5 8 0.025646625 
61 188 5 7 0.025641276 
51 180 6 7 0.02559173 
617 352 7 9 0.025424745 
505 202 10 15 0.025420183 
19 262 7 11 0.025405528 
143 213 5 7 0.02540195 
570 392 5 6 0.025382135 
245 237 6 7 0.025372539 
378 231 5 6 0.025333377 
584 308 5 6 0.0253023 
651 294 7 8 0.025290277 
295 232 5 6 0.025255064 
867 220 4 6 0.02521802 
0 135 4 8 0.025167082 
597 323 4 5 0.025159875 
867 197 4 4 0.025103413 
115 207 5 6 0.025073444 
134 201 5 8 0.025026591 
245 176 5 6 0.025017494 
92 191 15 21 0.02496796 
448 347 5 6 0.02495092 
789 217 6 9 0.024922771 
252 225 5 7 0.024877409 
67 331 10 17 0.024860576 
0 176 4 7 0.02484366 
769 247 32 48 0.02482592 
365 208 5 6 0.024804432 
148 245 15 22 0.02472053 
579 264 3 6 0.024711877 
161 195 5 6 0.024672203 
857 343 5 6 0.024657039 
584 264 4 6 0.0246309 
610 329 4 6 0.024579419 
870 197 4 5 0.024530828 
372 231 6 6 0.024509393 
200 195 4 6 0.024505887 
21 160 6 8 0.02447198 
454 321 21 24 0.024453696 
24 319 9 13 0.024435466 
183 273 8 12 0.024385134 
70 105 5 6 0.024306096 
892 260 10 13 0.024280751 
614 214 4 6 0.02420528 
576 182 4 6 0.024186814 
166 288 8 11 0.024151087 
25 253 10 13 0.024137681 
839 220 4 6 0.024074282 
74 312 8 13 0.024066132 
589 227 5 5 0.02406182 
150 182 5 5 0.024036152 
588 335 6 7 0.02401899 
249 233 5 6 0.024017578 
8 176 6 7 0.023996752 
45 282 7 12 0.023952782 
361 243 6 9 0.023931803 
379 214 5 6 0.023927653 
409 396 10 11 0.023890162 
0 268 5 10 0.023849022 
37 280 8 12 0.02384738 
371 239 5 7 0.02384516 
123 188 5 7 0.023831224 
57 124 5 6 0.023827849 
616 317 5 5 0.023816476 
161 189 5 4 0.023803262 
156 227 5 7 0.023794558 
147 175 5 6 0.023782551 
826 135 4 6 0.023777267 
371 245 5 7 0.023741774 
385 231 6 6 0.02372566 
229 280 7 11 0.023709174 
341 233 5 5 0.023686493 
1019 210 7 11 0.023681125 
90 186 5 8 0.023672076 
174 174 5 6 0.02366536 
60 111 5 7 0.023597898 
368 350 39 48 0.023578065 
15 163 5 6 0.023537975 
958 130 6 10 0.023536922 
866 208 4 6 0.02353467 
816 335 5 6 0.023533888 
76 182 6 7 0.02351057 
198 215 5 6 0.023491852 
604 238 4 5 0.023490524 
589 240 5 7 0.023462744 
136 262 7 10 0.023461195 
111 249 6 9 0.02342025 
589 182 4 6 0.023395747 
263 213 4 7 0.023378612 
58 282 15 23 0.023344152 
584 304 5 6 0.023338962 
1085 151 11 19 0.023310967 
68 239 9 16 0.023292445 
223 271 9 15 0.023292005 
42 228 8 12 0.02326378 
833 217 4 8 0.023261288 
168 213 5 7 0.023240441 
0 206 4 9 0.02321331 
667 256 6 9 0.023193527 
162 179 6 7 0.023191754 
213 320 7 12 0.023121845 
212 227 4 6 0.023109417 
105 170 5 6 0.023097524 
79 169 5 6 0.023088617 
884 338 8 10 0.023081962 
914 296 22 37 0.023072146 
212 250 5 9 0.023070373 
427 225 8 7 0.02304491 
615 286 5 5 0.023038356 
31 135 5 7 0.022997873 
60 166 5 7 0.02298874 
878 459 14 13 0.02298674 
135 182 5 6 0.022944817 
33 167 5 7 0.022898523 
276 238 5 6 0.022868294 
568 314 14 21 0.022818781 
295 193 6 8 0.022800712 
868 213 3 6 0.022800032 
604 234 4 6 0.02278384 
270 212 6 9 0.022774456 
303 199 6 8 0.022767449 
223 206 5 7 0.02275451 
252 219 5 8 0.022736652 
934 134 22 29 0.022732582 
871 347 5 7 0.02272429 
59 141 6 7 0.022721149 
879 239 4 5 0.022691797 
572 219 5 7 0.022666417 
69 313 9 12 0.022634378 
159 220 5 7 0.022595312 
50 175 6 7 0.022580486 
173 240 6 7 0.022545582 
63 114 7 8 0.022520604 
378 250 7 9 0.022509845 
855 214 4 5 0.02247878 
867 200 4 5 0.022458255 
301 189 5 7 0.022457937 
319 415 21 13 0.022456143 
846 207 3 6 0.022450102 
148 139 5 5 0.022425707 
360 195 4 5 0.022416854 
118 275 5 9 0.022415012 
58 192 6 9 0.022408321 
54 198 11 15 0.022398684 
641 276 6 8 0.022392618 
213 204 5 8 0.022357529 
347 238 5 6 0.022337027 
114 312 9 12 0.022335919 
123 193 5 7 0.022332907 
231 227 5 5 0.022309449 
243 163 5 5 0.022308035 
885 238 5 7 0.022289138 
641 311 6 7 0.022287922 
47 143 5 6 0.02225855 
194 214 5 6 0.022256628 
342 244 5 7 0.022248592 
897 354 6 7 0.022116823 
237 275 6 11 0.022112666 
419 197 3 5 0.022094488 
91 175 4 6 0.022092728 
820 348 4 6 0.022081822 
555 192 14 22 0.02206781 
176 336 11 17 0.022059578 
576 65 5 10 0.022053583 
564 289 6 8 0.022023598 
162 137 5 6 0.022005161 
333 182 4 6 0.021984106 
586 201 4 7 0.021938685 
572 177 4 5 0.021935362 
262 269 6 8 0.02191752 
832 207 4 6 0.021877628 
52 143 5 7 0.021824893 
71 305 8 13 0.021798624 
615 307 28 36 0.021798244 
438 184 3 5 0.021794809 
578 260 4 6 0.021772588 
137 154 6 7 0.021769714 
284 416 30 31 0.021760946 
591 215 4 6 0.021756804 
1019 218 6 9 0.021746933 
90 203 7 9 0.021741936 
815 341 5 6 0.021689968 
937 148 11 16 0.0216899 
812 200 5 7 0.021689048 
589 341 7 10 0.021647839 
31 188 7 8 0.021642536 
226 182 5 6 0.021600042 
182 215 4 5 0.021597829 
560 237 15 21 0.021591203 
803 338 5 9 0.02158461 
584 220 4 6 0.021569286 
393 196 4 4 0.021552337 
585 316 5 6 0.02154025 
1015 201 5 5 0.02153306 
294 251 6 7 0.021525806 
449 229 7 9 0.021515593 
104 138 5 6 0.021484165 
616 334 4 7 0.021361373 
142 301 10 12 0.021345068 
621 343 7 7 0.021343134 
605 202 4 6 0.021315513 
1002 219 4 7 0.02129119 
413 348 22 24 0.021287668 
316 214 5 7 0.021266142 
440 359 22 24 0.021253977 
80 173 5 7 0.02124498 
44 243 6 11 0.021244375 
164 260 9 14 0.021236487 
414 225 9 8 0.021216229 
281 252 6 7 0.021204712 
616 311 5 5 0.021199103 
230 183 4 5 0.021146115 
1012 230 6 7 0.021142332 
832 340 5 7 0.021111557 
230 140 5 8 0.021102082 
250 388 36 43 0.021085996 
244 156 4 6 0.021085992 
889 329 6 8 0.021082332 
327 213 5 7 0.02107144 
827 325 4 5 0.021071322 
460 239 7 10 0.021040607 
221 157 4 5 0.021026442 
602 214 4 6 0.021016557 
232 175 4 5 0.020983675 
406 203 4 5 0.02096889 
134 288 8 11 0.020966312 
820 324 5 6 0.020966182 
114 245 8 11 0.020949129 
38 306 10 12 0.020948313 
454 198 6 9 0.020942196 
627 314 6 7 0.020918291 
335 199 5 8 0.02089261 
205 215 5 5 0.020870868 
342 208 5 7 0.020777414 
889 236 6 9 0.02077055 
408 220 6 6 0.020685557 
185 188 5 6 0.020676497 
120 339 12 14 0.020641254 
333 187 5 8 0.020639015 
325 225 7 9 0.020624012 
597 235 5 5 0.020618655 
1018 45 16 24 0.020611154 
295 392 31 27 0.020607911 
88 236 7 12 0.02060781 
444 328 6 7 0.020605428 
571 259 4 6 0.020587536 
627 323 5 6 0.020569392 
127 153 6 7 0.02052988 
168 250 17 26 0.020496404 
334 258 6 7 0.020480024 
338 227 6 7 0.020473035 
288 194 6 7 0.02043693 
453 208 6 8 0.020436585 
244 247 5 6 0.020403787 
838 129 5 8 0.020389318 
932 323 23 40 0.02036957 
456 361 6 8 0.020357419 
51 270 6 9 0.020340303 
349 183 4 5 0.02031867 
994 446 8 12 0.020314721 
156 283 16 23 0.02029177 
62 130 6 8 0.020247784 
226 142 5 7 0.020247113 
889 208 5 6 0.02023525 
646 269 5 7 0.02020829 
456 326 8 8 0.020198941 
216 315 8 16 0.020194566 
364 368 23 27 0.02017304 
1020 238 16 25 0.020160615 
633 322 6 7 0.02010621 
854 207 4 5 0.020096788 
622 213 5 6 0.02007734 
1019 318 21 41 0.020073941 
44 213 8 10 0.020042505 
140 289 8 11 0.020035703 
15 90 5 8 0.020030392 
321 218 5 7 0.020010656 
18 217 8 10 0.020007186 
860 197 3 4 0.02000467 
