35_Basketball_Basketball_35_449
1008
490 244 24 27 0.99473107 
80 411 11 12 0.9217501 
906 416 9 14 0.9120272 
858 396 8 14 0.75784415 
766 460 7 11 0.7518948 
889 426 8 15 0.7203979 
982 410 10 12 0.64051753 
564 425 6 9 0.63621956 
289 391 9 11 0.6237055 
433 451 10 12 0.41541258 
262 454 6 9 0.3874029 
762 475 6 10 0.36912832 
783 450 6 10 0.30166796 
799 492 7 12 0.30039722 
628 455 5 9 0.2990844 
608 454 5 7 0.2876398 
839 449 6 8 0.27944627 
332 475 9 11 0.27715975 
959 457 6 8 0.2729416 
842 501 8 15 0.26213378 
852 438 8 13 0.25905198 
370 424 10 12 0.24975742 
374 420 11 14 0.24665514 
110 385 6 7 0.24396041 
512 480 4 8 0.22940871 
97 542 26 25 0.22695772 
225 416 6 7 0.21876414 
106 458 10 13 0.20932758 
414 427 7 9 0.20235819 
30 437 9 14 0.19825771 
103 404 7 8 0.18004765 
74 437 14 15 0.1794418 
806 478 7 11 0.17501865 
512 461 5 7 0.16070417 
955 453 7 11 0.16012461 
57 403 6 7 0.1590155 
186 452 6 9 0.15862654 
807 472 7 9 0.15472029 
178 445 7 10 0.15200771 
166 454 7 9 0.15006949 
855 459 7 10 0.14928351 
219 391 5 6 0.14788367 
628 480 4 7 0.1453591 
187 448 6 8 0.14533982 
243 421 6 6 0.14501545 
27 398 5 6 0.14415374 
799 471 6 9 0.1396867 
259 454 5 8 0.13276316 
966 438 7 10 0.13252695 
748 473 5 8 0.12865289 
27 401 6 6 0.127453 
146 427 6 8 0.12656331 
635 467 5 8 0.12538743 
590 462 4 7 0.12418348 
461 479 5 7 0.123581566 
269 396 6 6 0.12275704 
610 435 4 6 0.121839486 
206 411 5 5 0.121405296 
895 451 8 14 0.1196625 
609 459 5 7 0.118950814 
232 393 5 5 0.11705479 
68 426 8 9 0.115136914 
416 459 7 10 0.11489262 
623 481 4 6 0.11345996 
809 502 8 12 0.11312801 
383 487 8 9 0.11278384 
783 486 5 8 0.109200545 
390 493 10 15 0.10856485 
629 447 5 6 0.10826622 
601 473 5 8 0.10798922 
220 395 5 6 0.10787893 
482 479 4 7 0.10753592 
240 422 4 5 0.107013576 
773 495 8 12 0.10568463 
277 454 5 8 0.10552806 
321 414 7 9 0.103498206 
820 498 6 11 0.102883376 
115 465 8 9 0.10259786 
597 436 5 7 0.10251238 
755 467 5 7 0.100459 
564 432 7 9 0.10020764 
646 455 5 7 0.099320434 
144 453 8 10 0.09846887 
642 455 5 7 0.098458655 
66 394 6 8 0.09819623 
224 396 5 6 0.097764604 
18 421 7 7 0.09631474 
171 454 7 9 0.09613034 
640 473 6 9 0.094991975 
615 480 4 7 0.094674885 
224 404 5 6 0.09445292 
742 472 7 11 0.09392211 
768 491 6 11 0.09332367 
888 484 9 13 0.09278764 
197 416 6 6 0.09092113 
98 403 7 7 0.09054483 
142 383 5 6 0.090132505 
174 459 7 8 0.089687504 
601 479 5 7 0.08925199 
243 418 5 6 0.08904351 
435 497 7 9 0.088895485 
1 488 19 24 0.08869337 
288 422 5 6 0.08818591 
622 459 5 6 0.087635376 
301 390 5 7 0.08750835 
605 455 4 6 0.087233715 
427 498 7 10 0.087131366 
32 397 6 7 0.087067716 
642 477 5 8 0.08598244 
228 416 6 7 0.08585179 
114 385 6 6 0.08549319 
350 492 8 9 0.082559414 
107 408 7 7 0.08189503 
546 497 6 9 0.08144811 
244 404 6 6 0.08016557 
796 471 6 10 0.07989561 
45 402 6 6 0.0796286 
231 395 6 6 0.07941322 
499 496 6 10 0.07932098 
236 391 6 6 0.07881517 
483 475 5 7 0.07881288 
285 502 7 12 0.07825475 
624 456 4 6 0.07824112 
946 458 6 9 0.07740697 
53 401 5 7 0.07739008 
211 404 5 5 0.076675944 
623 485 4 6 0.076633886 
365 503 8 10 0.07644571 
275 396 6 7 0.07593615 
319 390 6 8 0.07587868 
257 391 6 5 0.075755194 
602 467 4 6 0.07558671 
226 410 4 5 0.07525912 
557 435 5 7 0.07499534 
243 448 7 8 0.07464393 
485 445 8 8 0.07462908 
14 396 5 5 0.07429727 
415 446 8 9 0.074189335 
190 446 6 9 0.07418204 
777 473 5 8 0.07314734 
370 488 7 10 0.07264376 
616 473 4 7 0.07254485 
615 461 5 6 0.07250788 
763 509 8 13 0.07231908 
1018 457 8 13 0.07205647 
647 474 5 8 0.07183842 
267 454 5 8 0.07140198 
481 485 5 8 0.07113083 
123 386 4 5 0.07066746 
707 491 10 13 0.07045393 
123 416 6 7 0.06996579 
585 454 4 7 0.06979892 
482 492 5 8 0.069769695 
592 435 4 6 0.06971128 
894 484 7 12 0.069644146 
881 468 9 15 0.069386736 
858 515 8 12 0.069333136 
178 434 6 7 0.069102556 
193 429 5 8 0.068979904 
984 453 6 10 0.06849842 
122 389 5 6 0.06847053 
55 444 10 11 0.06763855 
513 465 5 8 0.06742705 
802 486 5 9 0.06703652 
339 122 18 30 0.06699883 
26 416 8 7 0.0668824 
614 455 5 6 0.06674252 
230 434 5 8 0.066562265 
634 447 5 7 0.06654331 
284 422 5 7 0.0664505 
926 448 10 13 0.066384874 
808 468 5 8 0.06625727 
187 442 5 7 0.0660845 
97 433 8 10 0.06578218 
825 479 6 9 0.065295786 
167 495 12 17 0.06519098 
501 494 5 7 0.06502503 
615 484 4 7 0.064891495 
257 435 6 6 0.06416872 
388 486 9 10 0.06416397 
563 453 9 12 0.06387805 
519 498 6 9 0.063852295 
127 411 6 7 0.063844204 
270 428 7 7 0.063785546 
889 501 9 14 0.063715115 
486 473 5 8 0.063707754 
546 478 5 7 0.0635937 
224 392 5 5 0.06348843 
199 411 4 6 0.063449964 
796 467 5 8 0.062948614 
212 416 5 6 0.062901966 
616 467 5 7 0.06281278 
244 408 6 6 0.062203206 
211 410 5 6 0.06219473 
408 473 7 9 0.062090706 
206 414 6 6 0.06177923 
802 478 6 10 0.061278958 
905 464 7 12 0.061203346 
366 421 8 12 0.06109726 
971 433 8 12 0.060423236 
599 479 4 7 0.06036985 
934 440 7 11 0.06034009 
550 473 5 7 0.060315304 
589 454 4 6 0.06020954 
19 403 5 6 0.060064636 
797 491 5 10 0.05939875 
262 434 6 6 0.05935191 
757 473 5 8 0.059123743 
586 461 4 7 0.058940284 
18 418 6 6 0.05884759 
493 498 6 9 0.058792874 
244 391 6 5 0.05872742 
228 460 6 10 0.05871586 
416 453 7 9 0.058653276 
257 423 6 5 0.058445074 
77 434 21 24 0.058339063 
632 455 5 7 0.058210123 
187 416 5 6 0.05792105 
157 426 8 10 0.057890184 
521 503 4 7 0.05724501 
67 391 5 7 0.05689168 
116 404 6 6 0.056668688 
175 435 5 7 0.05655101 
61 446 9 12 0.056479156 
275 391 6 5 0.05638564 
601 436 5 7 0.05622941 
294 386 6 7 0.05599041 
13 390 6 7 0.055942148 
602 440 5 6 0.05589223 
300 394 6 9 0.055721506 
282 454 5 8 0.055439893 
512 473 5 6 0.05540564 
52 398 5 7 0.05539157 
46 398 5 7 0.055172164 
782 489 6 11 0.05511406 
776 478 5 7 0.05472626 
97 407 7 7 0.05449163 
389 460 10 10 0.05437653 
621 467 5 7 0.053824842 
630 466 4 8 0.053818032 
633 459 5 7 0.053774185 
736 475 6 10 0.053626463 
137 383 5 6 0.053508975 
834 451 6 10 0.05340307 
0 443 6 12 0.053311586 
550 485 6 8 0.053149544 
564 416 6 8 0.053001154 
610 466 4 6 0.05298719 
615 447 4 7 0.05294192 
611 480 4 7 0.052680813 
636 471 5 8 0.05265821 
371 459 6 7 0.052611943 
525 505 4 7 0.052522443 
855 444 7 13 0.052411105 
861 502 7 13 0.05235222 
238 447 6 8 0.052121695 
780 471 5 10 0.0520859 
289 385 7 7 0.051983617 
220 385 4 5 0.051926162 
38 383 5 6 0.051766306 
577 440 6 9 0.05174843 
207 404 4 5 0.0517296 
26 420 7 8 0.05128601 
230 422 5 7 0.051117774 
127 384 5 6 0.050796676 
421 407 7 8 0.05078171 
826 514 8 11 0.050686248 
161 389 5 7 0.05057158 
340 498 7 10 0.05042149 
474 461 7 6 0.05031813 
240 417 4 6 0.050301146 
152 446 6 8 0.050125904 
145 408 7 8 0.050041646 
50 447 9 8 0.0499375 
199 383 5 6 0.049852066 
765 491 5 8 0.049795087 
147 421 7 10 0.04976368 
621 473 5 8 0.04970191 
903 458 6 10 0.049529556 
519 486 5 7 0.049443036 
53 378 5 7 0.049245648 
57 397 6 6 0.04921513 
258 379 4 4 0.04913538 
583 448 4 6 0.048781242 
194 433 5 7 0.048761662 
226 420 5 8 0.04871486 
423 497 7 10 0.048684232 
418 490 6 10 0.048629493 
764 465 6 8 0.048622668 
441 486 5 7 0.048391443 
610 448 4 6 0.048301447 
984 415 10 14 0.04821947 
836 457 8 11 0.047934745 
766 476 6 10 0.047847733 
116 388 6 7 0.047511034 
47 364 4 6 0.047239948 
166 449 6 7 0.047107954 
601 512 7 10 0.046702392 
20 397 4 6 0.046347935 
795 487 5 7 0.04620884 
243 436 5 6 0.046089992 
219 464 6 10 0.0460814 
550 479 4 7 0.046068955 
476 479 4 7 0.04603918 
251 417 5 5 0.04599712 
267 458 5 9 0.045946352 
578 445 5 9 0.045928154 
195 410 4 6 0.04529546 
248 403 7 7 0.045164336 
195 403 4 6 0.04505142 
486 478 4 8 0.04503099 
622 443 5 5 0.044805184 
566 422 7 9 0.044726957 
156 385 5 5 0.044717684 
141 379 5 6 0.044649404 
281 436 6 7 0.04449865 
853 463 6 10 0.04443157 
420 446 8 9 0.04442479 
21 378 5 6 0.044368412 
514 492 5 7 0.044309475 
257 384 6 6 0.044281617 
100 438 7 9 0.044218168 
598 455 4 6 0.04402768 
843 510 9 15 0.043943327 
591 440 4 7 0.04372526 
343 470 7 11 0.043651707 
250 429 6 6 0.043632906 
124 410 5 6 0.04346115 
301 412 8 12 0.04333224 
17 425 9 10 0.043286107 
74 427 9 10 0.04323823 
287 454 5 8 0.043200415 
276 436 6 6 0.043070376 
194 415 5 6 0.04275874 
573 505 4 6 0.042590022 
462 492 5 8 0.04256467 
481 497 6 8 0.042557854 
147 390 4 7 0.04248957 
419 459 7 9 0.04245825 
871 402 6 11 0.042421162 
226 428 5 8 0.042267628 
509 484 5 7 0.042123772 
916 444 7 12 0.04210465 
146 404 6 7 0.041901384 
178 474 8 11 0.041846424 
249 409 6 6 0.041667122 
33 377 6 6 0.041581787 
112 440 8 9 0.041388027 
239 428 4 6 0.041144814 
544 428 5 8 0.04111824 
245 385 4 5 0.041063067 
179 451 7 10 0.041011658 
192 454 5 8 0.040971998 
603 484 5 9 0.040932167 
26 391 5 5 0.040913414 
976 502 8 12 0.040866934 
550 447 5 7 0.04084522 
353 441 7 7 0.04082434 
598 484 4 8 0.04074475 
243 441 6 7 0.0407322 
175 441 7 8 0.04073048 
823 502 7 13 0.040721145 
965 442 8 13 0.040665336 
972 427 8 11 0.040620178 
31 401 6 7 0.04060447 
224 385 4 5 0.040557656 
357 460 10 11 0.040524375 
187 410 4 6 0.04052235 
1054 469 10 18 0.040458005 
781 467 6 9 0.040375616 
132 434 8 10 0.040275168 
416 442 6 8 0.04027493 
160 385 5 6 0.040191717 
599 465 3 7 0.040185068 
58 391 5 7 0.04009591 
783 509 5 10 0.04009556 
628 473 4 7 0.04007314 
199 403 5 6 0.040011268 
578 423 4 6 0.039819516 
32 453 8 10 0.039745543 
513 499 5 8 0.039735537 
372 403 6 8 0.039716247 
257 449 5 6 0.039640684 
652 472 5 8 0.039627988 
384 501 7 10 0.0395805 
598 440 4 6 0.03955309 
603 461 4 5 0.039475694 
341 249 74 184 0.03942773 
230 429 5 7 0.039323412 
519 492 5 8 0.039135803 
270 423 6 6 0.038921107 
546 467 4 7 0.038896292 
894 514 10 14 0.038894836 
122 420 7 7 0.038742658 
668 399 14 16 0.038741622 
263 450 5 6 0.038665026 
1018 422 10 15 0.038579296 
893 433 8 17 0.038564645 
523 498 5 8 0.03851402 
135 398 5 5 0.038473405 
590 448 4 7 0.038444653 
1041 484 10 17 0.038429458 
33 391 6 6 0.03834421 
341 503 10 11 0.038271762 
880 415 5 9 0.038270094 
257 429 6 6 0.038223654 
226 452 5 8 0.03812084 
177 466 7 9 0.038096868 
58 407 6 8 0.0380903 
842 452 6 10 0.03785622 
370 455 6 7 0.03783755 
613 510 6 9 0.037770025 
598 462 3 6 0.037728343 
569 434 6 9 0.037697185 
616 442 5 6 0.03765706 
941 458 7 13 0.037646253 
71 371 5 5 0.037645828 
883 410 5 8 0.037628278 
479 461 6 7 0.037601847 
53 450 11 13 0.03755179 
232 379 4 5 0.037495393 
147 415 7 9 0.03748858 
161 455 7 8 0.037474208 
557 416 5 7 0.037411258 
628 484 5 7 0.037292693 
334 460 5 8 0.037282635 
414 433 7 8 0.03725312 
199 398 4 6 0.03724874 
197 434 5 8 0.037220508 
1055 448 10 15 0.037160944 
2 383 4 8 0.03712839 
363 458 8 10 0.037084974 
325 408 7 9 0.037065975 
568 457 7 9 0.037033986 
301 385 6 7 0.036964923 
469 474 5 6 0.036881413 
94 416 7 7 0.036823977 
289 417 4 6 0.036720723 
660 457 7 10 0.03669305 
5 427 8 10 0.03665451 
1054 458 10 16 0.036615655 
369 498 7 11 0.03657685 
443 505 5 7 0.036562823 
457 480 5 6 0.036494847 
191 441 6 9 0.03648982 
1086 519 8 14 0.036445525 
214 429 4 7 0.036432482 
244 379 4 4 0.036365017 
270 392 5 5 0.03633109 
611 473 4 7 0.036330104 
461 475 5 6 0.03626321 
920 445 10 14 0.036195062 
213 378 5 5 0.036188956 
58 364 5 6 0.036165133 
218 417 5 5 0.03607809 
194 384 4 5 0.036077756 
394 490 9 11 0.03597907 
244 427 5 6 0.035883866 
135 404 5 6 0.03584654 
250 385 5 5 0.03583454 
509 462 5 6 0.03583297 
172 409 5 7 0.03582051 
175 446 7 9 0.035759963 
487 497 5 9 0.0356324 
608 483 6 9 0.035558254 
14 421 7 8 0.035450544 
971 415 7 9 0.03544688 
31 372 5 6 0.03537731 
295 415 6 8 0.035363667 
782 504 6 10 0.03529061 
971 421 8 9 0.03527628 
526 511 5 7 0.035274804 
489 441 8 8 0.035253342 
822 479 5 9 0.035235867 
320 408 6 10 0.035199482 
768 486 5 8 0.035064366 
892 507 10 16 0.034983877 
246 451 7 10 0.034812216 
256 417 5 5 0.03479043 
826 473 5 8 0.034787558 
389 408 6 9 0.034774534 
66 422 7 8 0.034755632 
149 379 4 5 0.03473457 
582 505 5 8 0.034687422 
46 378 5 6 0.03463465 
128 428 6 8 0.03460298 
419 485 9 10 0.03447105 
264 417 5 5 0.03446892 
557 453 7 10 0.034419287 
239 378 5 5 0.034255944 
807 507 8 12 0.03421516 
633 480 5 7 0.034155868 
842 447 6 9 0.03408851 
186 384 5 6 0.03397309 
1044 500 10 15 0.033870425 
20 383 6 7 0.033812568 
476 486 5 7 0.033791352 
200 455 4 7 0.03372869 
207 391 5 6 0.03364573 
220 403 5 6 0.033641737 
15 402 6 6 0.03355117 
642 486 5 8 0.03341773 
377 486 8 9 0.033411875 
513 504 5 7 0.03329135 
551 467 5 7 0.03327784 
474 475 5 6 0.03327716 
582 441 4 8 0.033270154 
35 384 5 5 0.03326046 
231 448 5 8 0.0331932 
941 451 7 12 0.033179708 
217 429 6 7 0.033157714 
518 480 5 6 0.03312858 
487 468 6 6 0.03306754 
480 465 5 7 0.03300374 
430 509 7 10 0.032979608 
155 378 4 5 0.03293172 
59 384 4 6 0.032889444 
277 385 5 6 0.032834165 
676 478 8 10 0.03282058 
236 395 6 6 0.0328049 
884 489 9 13 0.032728348 
69 433 9 12 0.03269116 
552 453 5 9 0.032661956 
961 438 8 12 0.032637972 
401 498 7 10 0.032628022 
585 465 4 7 0.032587986 
324 419 7 10 0.03258567 
262 391 6 5 0.03252444 
227 433 5 8 0.032515462 
127 438 9 10 0.032485954 
26 454 8 10 0.03239827 
212 391 5 6 0.032382082 
590 429 4 6 0.0323743 
307 390 5 6 0.032279596 
239 385 4 5 0.032252174 
509 474 4 6 0.032251 
462 496 6 10 0.032231223 
546 485 5 7 0.032207 
959 463 7 12 0.03214974 
556 505 5 8 0.03207895 
57 378 5 7 0.032043837 
264 396 6 6 0.03202287 
138 379 4 5 0.0319799 
219 455 4 7 0.031922188 
245 396 5 5 0.031906564 
282 459 5 7 0.031903937 
341 466 5 9 0.03185354 
188 421 5 7 0.031830914 
66 378 5 6 0.0317316 
577 428 5 6 0.031707287 
195 398 4 5 0.03160407 
427 433 7 8 0.031592708 
239 404 5 6 0.03157839 
86 418 11 10 0.031542335 
629 445 4 4 0.031536233 
327 477 9 11 0.03150453 
27 483 15 15 0.031497918 
249 390 6 6 0.031428162 
313 485 8 10 0.03141522 
364 486 10 11 0.031393662 
229 452 6 8 0.03134668 
778 494 7 12 0.0312635 
233 386 4 4 0.031172302 
308 396 5 7 0.031171178 
219 378 4 5 0.031087585 
261 430 7 7 0.031081393 
765 485 5 9 0.031072985 
86 492 11 15 0.030916443 
146 433 6 7 0.030869577 
344 466 7 9 0.03082356 
150 443 6 7 0.030779693 
143 404 5 6 0.030774156 
7 414 6 8 0.030772917 
225 379 5 5 0.030662183 
946 471 7 14 0.030609842 
521 453 5 7 0.030591752 
238 435 5 6 0.030469498 
19 390 6 7 0.030444743 
28 372 5 6 0.030444281 
927 440 8 12 0.030435866 
524 492 5 9 0.030430567 
554 510 5 8 0.030418659 
147 384 4 6 0.030353643 
910 430 6 11 0.030340493 
996 432 9 11 0.030326972 
70 442 11 14 0.030277064 
634 445 5 4 0.030246962 
148 448 6 8 0.030177053 
547 448 4 6 0.030176355 
351 462 11 11 0.030074064 
655 447 6 8 0.030070677 
205 384 5 6 0.029962528 
419 451 9 11 0.02992756 
776 486 5 8 0.02991496 
256 441 5 6 0.029886482 
229 465 6 9 0.029857542 
687 380 12 20 0.02983458 
38 379 5 6 0.029609364 
459 517 7 9 0.029607898 
857 452 7 12 0.029501265 
144 390 4 6 0.029428802 
549 492 7 10 0.029360231 
130 404 4 5 0.029336628 
972 497 8 15 0.029329507 
432 528 12 12 0.029309856 
71 376 6 7 0.029274657 
102 397 6 7 0.029245859 
610 441 4 5 0.029185966 
1055 483 10 18 0.029134376 
513 448 5 7 0.02913244 
52 365 5 5 0.029104937 
861 404 8 13 0.029089801 
523 453 7 8 0.029086825 
422 466 6 8 0.02894784 
756 462 5 7 0.028917294 
583 485 4 8 0.028863188 
584 480 4 7 0.02882036 
505 498 6 8 0.02882028 
428 447 8 10 0.028816884 
161 378 5 5 0.02877095 
977 433 7 10 0.028671866 
878 408 5 8 0.028642707 
38 390 6 7 0.028577348 
999 492 5 9 0.028552363 
262 385 6 5 0.028530497 
143 414 6 7 0.028524417 
757 477 6 9 0.028504469 
269 434 6 6 0.028482242 
6 421 8 8 0.028468177 
45 370 5 7 0.028435003 
255 396 7 6 0.028422572 
438 486 5 7 0.028417516 
926 455 8 13 0.02840405 
520 448 5 7 0.028388236 
523 458 7 10 0.028384225 
576 435 5 7 0.028360443 
94 437 10 13 0.028333785 
913 431 7 13 0.028256388 
806 497 7 10 0.028172884 
263 379 4 4 0.028172445 
274 423 6 7 0.028156608 
589 484 5 8 0.028152425 
376 461 6 7 0.028134968 
796 490 14 22 0.028132442 
115 421 6 7 0.028111918 
353 447 7 7 0.028070351 
945 463 7 12 0.028037107 
25 384 5 7 0.02803582 
250 423 5 5 0.028010823 
688 359 12 16 0.027996551 
429 429 6 7 0.027916271 
206 398 4 5 0.027914124 
121 428 7 9 0.0279092 
109 398 6 6 0.027883913 
623 448 5 5 0.027866283 
966 416 7 8 0.027843894 
543 433 6 9 0.027790824 
42 450 20 24 0.027722154 
377 403 6 8 0.027717354 
195 379 4 5 0.027701493 
334 446 5 8 0.027693084 
67 372 4 5 0.027692819 
264 442 5 5 0.027576081 
6 410 6 7 0.027561104 
621 505 5 8 0.027533092 
486 493 5 8 0.027518088 
200 379 4 5 0.027481927 
667 376 17 25 0.027471678 
199 421 5 7 0.027468003 
114 447 7 7 0.027452538 
385 408 6 8 0.027407333 
240 409 4 6 0.027387626 
121 438 9 10 0.027377523 
290 435 5 6 0.027370991 
211 422 5 6 0.027350003 
27 410 6 6 0.027342178 
84 371 5 5 0.02732699 
596 429 5 7 0.027210802 
396 486 8 9 0.027186302 
301 435 5 7 0.027177997 
239 374 4 5 0.027170109 
1019 450 16 24 0.027102927 
935 464 7 12 0.027080445 
505 493 5 7 0.026968034 
514 455 5 5 0.026956426 
37 453 8 10 0.026941177 
65 470 13 14 0.026907483 
121 404 6 6 0.026900092 
610 431 4 5 0.026856614 
614 436 4 5 0.026790347 
976 439 9 11 0.026738651 
268 417 6 5 0.026671104 
366 455 7 8 0.026659211 
837 463 6 10 0.026634105 
832 477 7 12 0.026511075 
153 420 7 10 0.026450496 
293 441 6 7 0.026415823 
819 517 6 9 0.026402846 
280 384 6 6 0.026390241 
134 453 7 7 0.02637957 
1041 471 10 17 0.026340099 
356 435 7 9 0.026319709 
3 436 10 15 0.02630037 
577 461 4 6 0.026166273 
585 429 4 5 0.026150651 
1 403 4 7 0.026143987 
206 449 5 7 0.026143737 
283 428 5 6 0.026121946 
129 397 5 6 0.026120486 
419 510 7 9 0.026108583 
269 442 5 6 0.026100436 
105 384 5 6 0.026075648 
869 551 21 28 0.026061822 
577 473 5 7 0.026023505 
199 429 5 7 0.025912868 
135 391 6 6 0.025827691 
204 428 6 8 0.025801387 
1047 515 9 14 0.025774654 
13 416 6 7 0.02571628 
116 417 6 6 0.02569962 
213 384 5 6 0.025677186 
66 385 4 5 0.025672173 
12 426 8 10 0.025622992 
275 449 6 7 0.025614034 
412 440 6 9 0.025607772 
473 498 6 8 0.02560035 
564 478 7 9 0.025586221 
126 421 7 8 0.025583493 
821 507 6 13 0.025581717 
468 498 6 7 0.025565132 
1057 512 9 16 0.025550678 
908 442 7 13 0.02554807 
417 413 7 8 0.025534563 
346 486 8 11 0.025513548 
463 523 11 12 0.0254796 
439 498 6 8 0.025472898 
764 456 5 7 0.025467154 
954 464 7 11 0.025299424 
128 390 5 6 0.025259199 
384 403 5 8 0.02521051 
415 446 16 21 0.025140582 
224 463 7 11 0.025030779 
467 467 6 6 0.025028277 
206 422 6 7 0.024965547 
301 400 8 13 0.024960868 
874 506 8 15 0.024950119 
886 426 6 12 0.024913665 
413 461 6 6 0.024836466 
64 433 8 9 0.024819592 
53 383 5 6 0.024782458 
726 488 9 16 0.0247619 
653 466 6 9 0.02475287 
26 377 5 6 0.024744846 
782 457 7 11 0.024681868 
883 420 5 10 0.024568126 
788 472 6 10 0.02456439 
179 429 6 9 0.024535157 
572 512 4 7 0.024524536 
421 441 8 9 0.024521086 
300 407 16 23 0.024512257 
563 439 7 9 0.024510564 
312 406 8 12 0.024456913 
582 491 4 7 0.024445435 
976 419 11 11 0.024435375 
579 492 5 7 0.024426015 
922 482 6 12 0.024425391 
783 515 6 10 0.024367496 
657 455 16 26 0.024355784 
134 415 6 7 0.024350487 
531 446 7 10 0.024335712 
952 508 8 13 0.024304405 
283 417 5 6 0.024214623 
643 491 5 8 0.024167027 
799 460 6 7 0.024144057 
120 433 8 11 0.02414195 
401 453 7 8 0.024097236 
553 422 4 6 0.024084244 
167 473 6 7 0.024079625 
4 467 10 16 0.024063969 
633 484 5 8 0.02403547 
552 442 5 8 0.02399425 
461 484 5 8 0.023982173 
436 479 6 8 0.023971688 
153 452 6 8 0.02396572 
154 409 7 7 0.023938693 
364 472 9 10 0.02393251 
105 488 12 15 0.023928532 
192 422 5 7 0.023893466 
304 405 9 14 0.02386318 
289 442 6 7 0.023806626 
1033 512 11 17 0.023792785 
1091 495 8 14 0.023791378 
173 429 6 7 0.023787502 
439 490 7 10 0.02376874 
71 488 12 15 0.02376083 
37 397 6 6 0.02375988 
111 460 9 10 0.023742383 
193 465 5 9 0.023728533 
115 409 6 6 0.023714298 
71 409 6 7 0.023690728 
679 460 6 8 0.02366835 
418 404 6 8 0.023652423 
91 367 4 4 0.023593405 
181 378 5 6 0.023522729 
282 397 6 6 0.023519129 
331 480 9 13 0.023513606 
292 514 9 12 0.023505488 
398 449 6 6 0.023488747 
899 516 10 14 0.023482056 
42 366 4 4 0.023438957 
774 507 6 11 0.023434922 
73 445 16 16 0.023432178 
24 373 84 89 0.023388654 
418 496 6 10 0.023361158 
330 509 9 10 0.023346953 
453 521 10 13 0.023330962 
386 459 7 9 0.02332652 
794 510 6 9 0.023318484 
684 477 9 11 0.02331412 
133 429 6 8 0.02329061 
570 416 5 7 0.023286903 
261 422 7 6 0.02327674 
539 487 5 6 0.023250781 
544 454 6 8 0.023226595 
781 479 5 8 0.023216126 
518 474 5 6 0.023193171 
8 396 6 6 0.023189513 
315 389 6 7 0.02318924 
100 429 7 8 0.023184983 
432 450 20 21 0.023181904 
801 511 5 9 0.023180993 
356 490 9 11 0.023178918 
430 457 8 11 0.023163712 
1020 434 15 23 0.0231381 
289 379 5 5 0.023115292 
1056 497 9 17 0.02309689 
239 442 5 7 0.023056474 
67 366 4 5 0.023045797 
78 419 9 10 0.023029013 
62 429 42 44 0.02299341 
242 458 8 11 0.022988163 
764 497 5 8 0.02291748 
1085 546 9 14 0.022886971 
71 367 5 5 0.022878964 
417 518 7 7 0.022875158 
292 398 8 12 0.022870721 
289 428 6 6 0.02285851 
1034 436 10 17 0.0228565 
295 447 7 9 0.022850089 
365 509 8 9 0.0228308 
690 478 7 10 0.0228308 
951 501 7 15 0.022792734 
128 380 5 5 0.022790037 
941 515 8 13 0.022772564 
380 425 9 10 0.022769341 
467 460 7 7 0.022759227 
672 486 33 42 0.022751138 
535 446 6 9 0.022717653 
794 504 5 10 0.022713395 
552 504 5 8 0.022706116 
863 464 7 10 0.022696469 
293 421 5 7 0.022682685 
454 473 7 8 0.02267153 
556 517 5 7 0.022649381 
786 457 6 11 0.022615474 
603 449 5 6 0.022548553 
519 459 5 8 0.022541758 
812 467 5 8 0.022511384 
232 374 4 4 0.022445174 
488 512 5 6 0.02242465 
638 467 6 8 0.022410238 
961 415 8 9 0.022367518 
767 503 8 13 0.022328919 
666 503 8 12 0.022313247 
85 367 5 5 0.022258284 
984 425 9 11 0.02223785 
369 479 9 9 0.022215938 
181 383 5 7 0.022205703 
1018 444 8 13 0.02220008 
578 500 4 7 0.02218255 
804 517 8 11 0.022163644 
282 466 6 8 0.022159321 
328 461 5 7 0.022143912 
719 490 18 31 0.022137605 
652 478 5 7 0.022073388 
367 402 6 9 0.022070508 
509 467 4 6 0.022068357 
755 509 7 12 0.022052461 
565 485 5 7 0.022047842 
201 448 5 8 0.022035306 
282 441 6 6 0.022027103 
493 466 6 7 0.021996303 
94 479 10 14 0.021986093 
124 380 4 5 0.021980435 
1012 445 7 10 0.021966709 
194 459 6 8 0.021963542 
157 389 4 6 0.021942757 
101 462 10 14 0.021942751 
118 470 8 10 0.021937244 
1035 448 10 18 0.021935094 
248 459 6 9 0.021916147 
759 508 16 22 0.02185882 
238 466 5 8 0.02185642 
872 503 6 13 0.0218394 
269 401 6 7 0.02183149 
707 449 19 27 0.021795334 
327 483 8 9 0.021787852 
514 512 5 7 0.021787776 
417 505 6 9 0.021779513 
652 443 37 53 0.021771003 
557 440 5 8 0.02173468 
625 518 7 8 0.021730369 
485 485 5 8 0.021717494 
582 500 4 7 0.02171593 
731 477 7 9 0.021712014 
194 390 4 6 0.021709224 
592 512 4 8 0.021693401 
475 492 5 7 0.021677786 
198 439 5 10 0.02166 
481 452 8 8 0.021632982 
554 416 4 6 0.021628173 
589 472 5 8 0.021599842 
839 512 8 14 0.02157435 
46 384 5 5 0.021490641 
617 500 4 6 0.021480747 
185 457 7 10 0.021449557 
915 457 7 11 0.021442253 
786 510 6 9 0.021441493 
320 471 6 9 0.02143369 
714 495 9 17 0.02141102 
370 439 8 10 0.021410992 
4 383 6 8 0.021396676 
967 494 7 14 0.021387044 
863 450 7 12 0.021386731 
249 397 6 6 0.021359496 
648 466 5 9 0.021355426 
492 473 6 7 0.021342328 
46 447 8 8 0.021139385 
218 410 5 6 0.02113538 
54 391 4 6 0.021109864 
347 435 5 7 0.02109499 
283 402 6 6 0.02108456 
352 452 8 8 0.021061232 
525 446 6 9 0.021051513 
254 403 7 6 0.021050109 
426 440 8 9 0.021046873 
614 505 5 9 0.021025216 
801 516 7 9 0.021013929 
332 466 7 9 0.021013446 
186 390 5 6 0.020990603 
661 470 6 10 0.020980932 
1054 535 10 17 0.020977573 
252 379 4 5 0.020937597 
1 387 5 8 0.020933496 
102 417 6 6 0.020931954 
536 414 5 9 0.020930441 
922 500 6 14 0.020920595 
377 497 8 11 0.020901028 
818 496 13 23 0.020885898 
287 484 9 13 0.020882228 
110 445 7 8 0.020833569 
434 503 6 9 0.020825932 
281 493 15 23 0.020813446 
212 397 4 6 0.020775108 
836 480 8 12 0.020722095 
492 454 7 9 0.020706546 
622 437 4 5 0.02062241 
414 94 29 56 0.020616632 
642 409 107 143 0.020610884 
1013 485 5 8 0.020590628 
481 447 10 9 0.020574827 
284 447 5 8 0.020536352 
230 403 5 6 0.02053324 
383 395 6 10 0.020511035 
114 434 8 9 0.02049384 
961 431 16 20 0.02048625 
672 388 22 29 0.020451821 
553 459 4 7 0.020444084 
559 423 4 7 0.020430483 
40 371 6 6 0.020381032 
921 471 7 13 0.0203727 
1055 436 9 15 0.02037019 
198 458 4 8 0.020344742 
526 516 5 8 0.020329028 
591 517 5 7 0.020314958 
15 376 5 7 0.020305352 
663 490 10 13 0.020300776 
268 473 6 7 0.020272931 
142 373 5 5 0.020260302 
583 424 5 6 0.020237973 
18 409 7 7 0.020204667 
562 447 8 10 0.020201162 
58 435 8 9 0.020193426 
282 472 6 10 0.020191766 
327 466 6 8 0.020185718 
890 448 8 15 0.020172488 
219 422 4 6 0.02009507 
116 397 6 6 0.020089889 
852 399 8 13 0.020086387 
969 409 18 20 0.02008451 
387 455 18 19 0.020074816 
582 510 5 8 0.020070577 
404 477 8 9 0.020056438 
188 404 4 6 0.020048935 
1032 522 12 20 0.020017043 
489 505 4 7 0.020009372 
532 505 4 7 0.020003324 
1020 487 16 28 0.020003174 
