35_Basketball_basketballgame_ball_35_542
24
319 256 40 54 0.99952567 
552 256 42 51 0.99950945 
87 261 42 43 0.55354655 
383 250 7 10 0.13816443 
843 252 5 9 0.09491039 
854 252 3 7 0.044099804 
634 249 3 6 0.033882413 
704 671 8 16 0.03184016 
434 272 4 7 0.029368319 
791 343 46 57 0.027936513 
137 585 11 14 0.026529057 
664 273 4 7 0.025727645 
802 211 202 235 0.02397877 
434 290 6 9 0.023753785 
858 253 4 6 0.023299854 
671 291 4 7 0.022899905 
614 249 5 7 0.02237885 
634 289 6 8 0.022346094 
405 251 5 8 0.02231566 
635 251 4 8 0.02167486 
641 252 3 7 0.021356286 
455 786 15 28 0.02065195 
896 714 22 30 0.020644624 
684 851 9 13 0.020376895 
