35_Basketball_basketballgame_ball_35_82
875
287 251 46 63 0.9993529 
770 408 22 26 0.999087 
801 406 19 29 0.9989235 
439 189 45 64 0.9987973 
706 311 19 28 0.9978397 
603 411 18 22 0.9914818 
651 405 17 26 0.9908483 
48 176 12 16 0.981472 
610 217 11 14 0.96328837 
114 212 12 18 0.9618721 
192 121 13 14 0.9610269 
110 371 17 18 0.95103866 
184 250 13 15 0.9497147 
249 168 14 15 0.9464246 
33 373 13 20 0.9388375 
648 321 14 18 0.93670183 
514 187 10 16 0.93434966 
193 159 11 15 0.92914003 
655 250 13 16 0.9194906 
142 230 12 15 0.9039702 
437 136 12 14 0.8879999 
44 94 10 14 0.8728 
29 207 13 17 0.8712896 
633 376 14 18 0.8547171 
106 296 12 18 0.8473178 
131 73 10 11 0.83809316 
31 117 11 14 0.8252859 
155 304 11 19 0.81895286 
77 207 12 15 0.7966211 
142 267 13 17 0.7930197 
207 264 10 12 0.7897655 
77 403 11 15 0.7842405 
47 220 13 17 0.76964265 
552 185 15 13 0.7650431 
756 275 12 17 0.7364749 
170 271 12 15 0.732732 
50 76 11 13 0.71735734 
240 240 12 15 0.7112956 
343 222 11 15 0.7102035 
152 108 11 12 0.69252247 
93 210 11 17 0.68640524 
164 42 8 11 0.66268486 
267 6 10 14 0.66237456 
602 146 10 13 0.65900576 
798 210 13 15 0.656264 
741 326 15 18 0.64795184 
34 140 15 17 0.64523166 
109 126 9 14 0.64364964 
673 152 13 14 0.635199 
648 217 10 13 0.63119006 
706 256 10 14 0.6265761 
755 123 10 12 0.62379974 
40 160 10 13 0.6217233 
735 144 9 10 0.6207522 
681 194 12 13 0.60963804 
89 317 11 16 0.60576874 
802 274 13 16 0.5776699 
252 229 10 13 0.5752849 
57 44 11 14 0.5697138 
123 107 11 10 0.56758153 
764 223 12 14 0.5594502 
29 24 10 14 0.55764335 
227 66 9 13 0.55700904 
392 139 12 15 0.553406 
102 231 12 15 0.5529637 
174 228 11 15 0.53657526 
11 286 14 23 0.532646 
55 368 11 16 0.52735186 
290 202 17 24 0.52655923 
166 102 10 12 0.52019894 
595 230 10 12 0.5172602 
571 174 12 12 0.47872669 
86 97 10 12 0.47348237 
44 261 10 15 0.4721669 
427 127 12 12 0.4610252 
497 95 12 15 0.4598129 
680 373 17 25 0.45813158 
638 238 12 13 0.45137846 
66 109 10 13 0.44385543 
397 103 10 14 0.42087042 
260 143 11 13 0.41836604 
744 271 9 13 0.41807285 
13 62 10 14 0.40072832 
208 293 14 18 0.39339516 
726 215 12 13 0.38939407 
153 204 11 14 0.38887706 
538 39 10 10 0.38780603 
662 142 11 12 0.37828788 
195 236 15 16 0.3725804 
561 412 20 24 0.36960423 
619 399 12 16 0.3687681 
0 141 7 15 0.3674783 
605 193 12 13 0.35811386 
93 140 9 13 0.35733575 
747 392 14 27 0.3570513 
630 154 11 12 0.35467973 
104 150 10 12 0.34319368 
494 120 14 13 0.34132677 
221 148 11 14 0.3298889 
359 36 23 26 0.32869112 
405 121 11 14 0.32540247 
399 153 17 17 0.32452485 
86 185 14 17 0.32404408 
196 188 11 13 0.3215957 
514 177 15 18 0.31812844 
203 141 11 12 0.30984637 
227 172 15 15 0.2883362 
996 -6 43 76 0.28625903 
92 74 10 13 0.28389436 
746 159 12 15 0.28236437 
156 336 19 20 0.27506033 
241 86 10 11 0.2750602 
45 27 10 12 0.27271906 
121 143 8 12 0.27151987 
656 385 15 25 0.26856816 
198 53 10 11 0.26231435 
223 25 11 12 0.26115018 
127 213 9 14 0.25813133 
782 28 12 12 0.25647682 
466 114 12 13 0.25630412 
661 163 10 11 0.2518769 
622 231 10 14 0.24319384 
801 96 10 14 0.2399111 
37 325 12 15 0.23128138 
246 129 13 14 0.23123616 
4 81 11 15 0.23052384 
132 191 10 17 0.22851154 
102 34 10 12 0.22208844 
75 309 10 19 0.22065015 
186 4 8 10 0.21831031 
590 187 12 13 0.21788532 
786 387 16 25 0.21588731 
642 199 9 12 0.21420437 
46 2 10 12 0.20673963 
695 141 13 10 0.20575857 
61 155 10 12 0.20403986 
752 40 11 10 0.20335118 
265 71 9 14 0.2031739 
69 342 11 20 0.20313013 
690 178 12 14 0.20234889 
4 131 9 12 0.20174403 
194 305 11 15 0.2007583 
640 174 10 12 0.19957705 
176 287 10 14 0.1994157 
613 175 11 11 0.19743769 
296 197 11 15 0.19591714 
99 46 13 14 0.19438545 
225 178 14 17 0.19266245 
703 393 17 30 0.19050045 
31 287 16 24 0.1875304 
737 116 12 11 0.18513766 
677 319 18 20 0.18433994 
143 45 9 11 0.1843221 
631 212 11 14 0.18358369 
202 97 11 10 0.1815441 
343 523 15 20 0.17828129 
780 360 12 15 0.17782009 
585 166 16 13 0.17651768 
741 283 10 13 0.17626798 
116 187 14 16 0.17345233 
413 194 9 14 0.17267422 
686 229 12 17 0.16667281 
570 125 9 10 0.16514416 
683 261 11 16 0.16037995 
724 195 12 12 0.16014849 
719 124 12 13 0.15573856 
11 172 9 16 0.15561529 
240 120 12 12 0.15124454 
248 191 10 12 0.15041909 
107 80 11 14 0.14595225 
251 272 12 17 0.14408216 
604 127 11 12 0.1440715 
116 165 11 14 0.14403515 
81 11 8 14 0.14265765 
226 98 11 12 0.1416825 
237 108 12 12 0.13903841 
732 307 12 14 0.13897732 
49 308 11 18 0.13773108 
1 187 8 17 0.1373553 
592 14 9 12 0.13112594 
518 90 17 14 0.1292654 
221 166 10 13 0.12922427 
549 130 10 11 0.1276124 
600 131 10 11 0.12707733 
164 409 37 51 0.12689799 
812 235 11 16 0.1262402 
12 192 10 17 0.12584314 
179 117 8 11 0.12407026 
120 335 15 24 0.12401569 
145 160 14 16 0.12343218 
274 179 10 12 0.122771464 
15 386 12 20 0.12229101 
54 124 10 11 0.1220734 
67 390 10 16 0.11911271 
209 40 12 11 0.119001284 
739 236 11 12 0.11847012 
0 439 6 16 0.116903745 
691 219 9 12 0.11518167 
684 142 10 10 0.11496207 
75 82 9 13 0.11427679 
62 136 12 13 0.11299173 
227 273 12 14 0.112759426 
572 129 10 11 0.112528615 
380 5 10 12 0.11188748 
247 86 8 10 0.108544916 
102 333 9 15 0.10814986 
254 84 9 11 0.10730307 
269 166 10 12 0.106186874 
208 5 11 12 0.10298006 
201 102 12 12 0.10177717 
76 122 8 12 0.10130175 
673 292 12 17 0.101069905 
258 210 10 15 0.10025047 
678 245 10 17 0.098238766 
886 239 24 25 0.097785 
62 25 8 12 0.097187586 
739 52 10 11 0.09631637 
650 345 13 17 0.09384712 
682 119 10 10 0.093472816 
69 268 10 21 0.09335824 
67 164 12 17 0.092809506 
151 327 10 15 0.092362195 
72 159 12 17 0.091924146 
82 128 9 12 0.09145557 
748 187 10 11 0.09091169 
771 139 11 13 0.09074648 
701 157 10 10 0.09002653 
79 305 14 22 0.08987496 
689 116 11 11 0.088367395 
769 220 10 12 0.08806148 
692 274 13 18 0.087784484 
104 338 10 16 0.087573186 
240 210 13 16 0.08717644 
202 12 9 13 0.08706794 
423 332 29 38 0.08643934 
121 286 10 18 0.08506512 
152 319 10 14 0.08487101 
37 171 9 14 0.084745534 
669 181 10 12 0.083567254 
642 543 14 18 0.08340541 
504 165 12 16 0.0830916 
101 390 10 14 0.082862705 
675 407 10 18 0.08165122 
640 288 12 16 0.08162304 
726 282 9 14 0.08078467 
769 184 13 14 0.080099374 
195 195 13 16 0.07968601 
639 307 11 14 0.07874769 
211 85 7 10 0.078217015 
40 51 9 17 0.07745392 
708 187 13 12 0.07731508 
586 215 11 15 0.07657305 
233 151 13 13 0.07595894 
148 333 9 13 0.075923055 
871 30 18 32 0.075816974 
125 435 10 15 0.07527243 
715 213 9 12 0.074421234 
273 236 10 17 0.07394172 
64 115 11 13 0.07378741 
485 161 10 13 0.073492065 
784 249 12 13 0.07344459 
754 87 10 11 0.07317267 
18 282 16 26 0.072414465 
674 131 11 10 0.07224802 
183 212 11 14 0.07144469 
208 91 8 11 0.070772566 
203 297 14 20 0.070625104 
746 79 8 10 0.07051162 
438 157 12 15 0.07021552 
618 194 10 12 0.069644004 
235 51 9 12 0.06882473 
649 176 9 12 0.06821227 
380 414 24 28 0.06808636 
188 104 8 10 0.06743443 
590 174 13 11 0.06730504 
101 116 8 10 0.06705192 
695 322 10 18 0.06681182 
388 171 13 16 0.06672907 
634 124 10 10 0.06632294 
147 14 7 12 0.0663219 
167 337 17 17 0.06628295 
148 9 7 10 0.066228285 
255 64 8 12 0.06606397 
778 233 10 10 0.066042215 
739 306 10 15 0.06560461 
990 303 39 62 0.06518136 
95 124 9 12 0.06499451 
396 209 10 18 0.06488847 
780 323 29 42 0.06481822 
239 38 9 12 0.064470194 
14 111 11 14 0.06441948 
724 365 17 26 0.06427643 
73 65 9 12 0.06414425 
206 279 12 16 0.06339459 
29 76 13 13 0.06330032 
767 36 12 11 0.06327566 
529 155 10 11 0.06308481 
243 65 8 12 0.06302736 
602 330 7 12 0.0629483 
768 136 10 12 0.06292841 
33 185 11 16 0.06285453 
154 27 8 13 0.062164452 
644 222 13 16 0.061712097 
16 136 8 13 0.061464697 
735 232 9 12 0.061296802 
720 105 9 10 0.061246496 
714 145 10 9 0.060491655 
132 352 10 17 0.06045794 
779 399 20 26 0.06020568 
703 265 16 23 0.059947547 
153 214 10 18 0.05981934 
686 254 11 16 0.05973464 
150 342 14 15 0.058765452 
829 282 10 13 0.058294564 
738 207 12 11 0.05814047 
581 408 12 16 0.058053035 
73 363 13 21 0.057794504 
95 52 10 10 0.057493728 
99 428 11 17 0.057276405 
124 189 14 18 0.057183918 
550 173 17 13 0.05702576 
631 130 10 10 0.056890436 
751 155 11 12 0.056888174 
113 52 11 10 0.056599494 
133 33 7 9 0.05658489 
641 229 13 15 0.056530464 
-13 59 73 80 0.056424677 
628 541 9 11 0.056366675 
182 153 10 13 0.056315698 
410 366 18 23 0.05627974 
23 259 15 29 0.056239482 
637 156 9 11 0.056218684 
535 129 10 10 0.056208313 
60 6 9 12 0.05620724 
194 205 12 13 0.056023914 
605 244 12 14 0.055632476 
107 181 12 12 0.05536729 
45 106 9 14 0.05516841 
265 15 11 18 0.055148054 
417 218 18 25 0.054922312 
159 3 6 8 0.054554228 
932 632 9 9 0.054388866 
159 124 9 10 0.054327272 
715 161 10 12 0.054252476 
125 231 10 18 0.05421841 
646 345 9 15 0.054068446 
98 205 11 16 0.054060817 
101 122 9 13 0.053976852 
744 233 10 13 0.053901613 
414 172 12 16 0.053872544 
658 194 9 12 0.05387056 
141 28 6 10 0.05386037 
664 172 9 12 0.05364782 
726 237 10 11 0.05362072 
778 114 11 12 0.053384818 
629 39 13 12 0.053250376 
87 130 10 13 0.053013556 
0 111 6 13 0.05259219 
132 247 10 16 0.05247593 
709 182 12 10 0.05236287 
101 77 10 13 0.052017704 
662 318 12 17 0.051526524 
156 219 12 19 0.050733417 
5 159 10 13 0.050523102 
134 267 9 15 0.050419677 
477 115 11 13 0.050118096 
626 143 10 12 0.049849547 
26 179 10 15 0.049820457 
682 249 11 16 0.04956898 
630 136 10 11 0.049529206 
216 21 10 11 0.049418654 
779 33 12 11 0.049237512 
559 162 12 11 0.04923347 
790 338 8 13 0.049012434 
684 102 12 12 0.04865977 
182 130 9 11 0.04856822 
742 393 10 20 0.048334844 
720 110 9 11 0.047691345 
611 357 10 13 0.047675982 
0 227 4 12 0.047618248 
687 323 13 17 0.04739777 
598 167 11 12 0.047368173 
89 242 8 14 0.047336616 
759 206 10 11 0.04666259 
740 226 10 11 0.046543747 
197 72 9 11 0.046530843 
4 19 7 13 0.04642775 
91 181 10 12 0.04641306 
501 179 32 46 0.046169512 
725 128 10 11 0.04610488 
657 210 9 14 0.04607162 
132 302 12 19 0.046055228 
126 305 12 18 0.0460528 
371 412 19 28 0.046050303 
207 200 10 13 0.045885246 
240 52 8 13 0.04570116 
508 167 17 20 0.045659274 
1006 23 49 81 0.045358803 
735 282 9 13 0.04492253 
534 151 9 10 0.044756442 
838 243 8 13 0.044706874 
644 156 9 10 0.04450192 
845 228 9 16 0.044175617 
162 328 12 15 0.043954484 
613 295 12 14 0.043927107 
73 334 10 15 0.043711655 
581 163 12 11 0.043619793 
137 295 16 26 0.043455143 
472 75 10 14 0.04336728 
528 160 10 13 0.04331301 
92 190 11 16 0.04320175 
105 191 12 14 0.04311619 
151 15 6 11 0.043008726 
55 141 11 12 0.04288803 
778 281 12 13 0.042625394 
397 174 15 14 0.042504057 
764 239 12 13 0.04244575 
265 37 12 18 0.04230432 
816 735 13 14 0.0421044 
72 59 8 11 0.041891195 
115 339 10 16 0.041754127 
22 405 11 18 0.041558366 
811 146 9 16 0.041195516 
729 144 9 10 0.041159663 
794 396 13 20 0.04094557 
143 80 10 9 0.040898506 
727 159 10 13 0.040888254 
93 103 9 13 0.04074354 
983 32 40 60 0.04059717 
773 116 9 11 0.040567644 
694 249 11 15 0.04047739 
63 71 9 12 0.040404584 
626 168 10 11 0.039900545 
841 106 11 15 0.039561156 
207 214 12 16 0.039442677 
787 150 9 10 0.039358206 
131 106 10 10 0.039225172 
79 356 12 21 0.03880837 
232 294 13 14 0.03878596 
483 114 11 13 0.03861351 
727 102 10 11 0.038471345 
829 788 30 21 0.038352385 
183 286 11 14 0.038261674 
479 136 10 12 0.03801069 
688 169 10 11 0.037819892 
790 224 9 10 0.03779333 
198 35 8 10 0.037542574 
75 234 17 23 0.03750486 
632 554 10 12 0.037290525 
739 147 9 10 0.037262876 
706 277 13 18 0.037204538 
149 129 11 11 0.03715546 
650 197 9 13 0.037046008 
86 446 11 16 0.03701199 
772 284 8 11 0.036957286 
677 396 10 18 0.03681682 
761 107 8 9 0.036702152 
193 58 9 11 0.036578894 
639 205 11 14 0.036567207 
733 129 9 10 0.036485393 
637 324 10 16 0.036482736 
4 58 10 16 0.036444537 
165 135 10 11 0.036425654 
475 88 11 15 0.036303625 
793 354 9 12 0.036299206 
62 196 11 15 0.036058173 
131 362 10 15 0.035966255 
700 118 9 10 0.035928167 
6 288 11 17 0.035727475 
213 35 10 10 0.035717584 
142 21 6 11 0.03562683 
688 148 11 9 0.03547612 
119 61 9 10 0.035430245 
160 9 7 10 0.035426445 
232 99 12 13 0.035421416 
779 162 10 10 0.035414804 
540 125 11 10 0.035383675 
170 40 8 12 0.03527736 
25 30 10 14 0.035252593 
145 344 12 15 0.035216942 
7 26 7 13 0.034909554 
709 149 11 9 0.03489516 
148 203 10 15 0.03474797 
68 71 9 12 0.03473431 
41 271 11 19 0.03470049 
125 369 10 17 0.034680072 
206 241 10 16 0.03467829 
100 192 11 15 0.034654073 
144 53 9 9 0.034458607 
185 26 9 12 0.034347497 
138 73 9 11 0.034316976 
38 407 11 18 0.034311134 
422 129 11 12 0.034275997 
810 781 14 13 0.034218423 
293 38 10 15 0.034192912 
442 130 12 13 0.03413127 
760 245 11 12 0.03408072 
743 85 9 11 0.034024544 
526 96 11 13 0.033994462 
259 85 9 12 0.03395032 
127 59 9 9 0.03387213 
1012 321 27 48 0.03379147 
125 262 8 14 0.033775683 
407 204 16 26 0.033744536 
779 92 11 10 0.03364378 
75 136 9 13 0.033572562 
704 237 10 14 0.033277407 
754 151 9 10 0.033217683 
163 255 8 14 0.03307407 
40 291 11 21 0.033026446 
633 363 18 24 0.032954413 
87 65 11 12 0.03286526 
623 409 15 25 0.03284094 
626 132 9 9 0.03280092 
605 202 12 14 0.032723665 
577 255 11 16 0.032713976 
559 566 386 334 0.03253753 
163 13 7 11 0.032459628 
85 298 15 20 0.032458328 
42 338 9 15 0.032431394 
580 41 7 10 0.03240494 
241 133 12 13 0.032377288 
514 115 12 13 0.032353062 
748 37 9 10 0.03231693 
0 197 7 17 0.032173384 
142 142 7 10 0.03215822 
754 58 10 9 0.032090805 
143 351 13 16 0.032065235 
87 60 10 10 0.032059133 
814 194 9 13 0.032016113 
720 144 9 10 0.03174542 
118 151 11 15 0.03155807 
128 33 7 10 0.031511426 
4 185 14 22 0.031471696 
0 298 5 12 0.031421732 
351 434 18 29 0.03135295 
172 239 10 16 0.031254355 
87 14 8 12 0.031166444 
596 234 14 17 0.031153169 
610 238 11 12 0.031114161 
246 103 10 13 0.031093018 
179 300 9 13 0.03109018 
138 124 9 11 0.031018814 
706 555 11 13 0.030954126 
742 186 11 11 0.030930264 
684 174 11 12 0.030909972 
63 408 10 16 0.030860482 
0 473 7 17 0.030858966 
118 117 11 12 0.030837752 
688 298 12 18 0.030787796 
203 72 8 11 0.03071334 
843 217 8 13 0.03063346 
696 122 10 11 0.030579045 
262 66 8 14 0.030534474 
580 129 10 11 0.030494876 
223 94 9 11 0.030485265 
111 133 10 13 0.030470805 
146 25 7 12 0.03046034 
721 100 8 9 0.030367017 
118 79 8 11 0.030359823 
56 210 11 17 0.030283784 
56 148 11 13 0.030232295 
795 53 10 11 0.030201009 
766 79 10 9 0.030112617 
104 257 12 19 0.030109942 
558 397 19 26 0.030075984 
767 284 8 11 0.029990034 
41 137 10 13 0.0299622 
650 156 9 10 0.02995976 
776 69 36 35 0.029926522 
55 382 9 17 0.02978078 
681 148 11 11 0.029760782 
64 171 10 15 0.029748064 
11 21 7 13 0.029726634 
229 391 11 17 0.029687628 
137 105 9 10 0.029521812 
372 455 12 18 0.029374149 
509 111 11 12 0.029299766 
247 34 7 12 0.02917439 
682 292 11 17 0.029125338 
188 21 9 12 0.029097695 
501 117 11 13 0.029086359 
733 123 11 10 0.02904504 
593 27 9 11 0.029037578 
101 367 10 17 0.029025115 
827 775 17 12 0.02901934 
613 169 10 10 0.02895528 
184 301 11 13 0.028953535 
669 318 12 18 0.0289405 
242 244 16 22 0.02894013 
98 143 10 11 0.028938679 
627 162 9 10 0.028932683 
55 3 10 12 0.028904548 
208 401 18 23 0.028897818 
790 97 9 12 0.028829057 
638 246 12 15 0.02881655 
200 58 10 11 0.028586028 
137 357 12 15 0.028537262 
604 135 11 12 0.028496273 
789 405 20 26 0.028399508 
567 402 22 27 0.02838232 
439 160 18 24 0.028271927 
589 18 8 12 0.028238535 
184 199 9 13 0.028235713 
689 388 10 17 0.028208721 
180 8 6 9 0.028202971 
141 165 11 14 0.028135583 
67 155 11 14 0.028112527 
35 130 10 13 0.028106404 
561 41 9 11 0.028059686 
170 314 11 13 0.028057748 
97 33 8 12 0.027945967 
201 49 10 10 0.027943391 
700 623 58 44 0.027796071 
230 137 10 9 0.02778495 
16 41 9 12 0.0277379 
241 191 12 14 0.027699795 
191 41 9 9 0.027697405 
96 238 9 14 0.027688397 
728 206 11 13 0.027625415 
542 168 13 13 0.02760093 
708 144 10 9 0.027569573 
413 129 11 14 0.027562119 
612 129 9 10 0.02736468 
115 148 9 12 0.027321197 
658 158 8 9 0.027300593 
242 57 9 14 0.027240247 
82 65 9 12 0.027224028 
681 330 13 16 0.027208341 
49 11 11 14 0.02715833 
133 136 9 12 0.0271142 
227 278 16 21 0.027066804 
201 205 12 14 0.027008887 
968 9 38 67 0.026982615 
611 402 15 21 0.026963813 
146 382 19 14 0.026952097 
64 385 9 16 0.026931109 
926 632 10 10 0.02689978 
93 20 7 13 0.026772425 
5 173 11 15 0.026707137 
671 158 10 14 0.026698438 
607 338 10 15 0.026650848 
210 52 10 11 0.02664676 
149 136 11 10 0.026569838 
188 295 17 20 0.026549162 
253 89 10 12 0.026528047 
490 99 12 15 0.026515959 
152 21 7 12 0.026444228 
427 139 11 12 0.026404792 
172 116 9 12 0.026331602 
766 111 8 9 0.026316509 
398 135 11 16 0.026315188 
197 65 8 10 0.026228081 
704 194 10 11 0.026224818 
151 61 8 9 0.026192289 
33 326 9 15 0.025961373 
139 33 7 9 0.025948256 
696 393 15 26 0.025843682 
0 353 6 13 0.025842745 
5 383 15 26 0.02581594 
148 263 12 18 0.025758116 
388 183 12 15 0.02575178 
129 429 12 17 0.025750928 
95 146 9 13 0.025702713 
784 354 10 14 0.025669113 
98 424 8 14 0.025629409 
796 134 10 13 0.025606073 
268 180 10 11 0.025594926 
167 27 7 11 0.025534697 
0 383 8 17 0.025530603 
50 136 8 12 0.025526756 
73 377 10 15 0.025519302 
234 143 11 11 0.025516044 
191 233 11 13 0.025491847 
55 272 10 19 0.02543747 
78 222 11 17 0.025426747 
843 235 9 15 0.025407227 
115 433 17 21 0.025378916 
56 104 10 12 0.02533636 
607 318 11 15 0.025304941 
618 164 10 9 0.025292646 
687 266 15 21 0.025279462 
111 355 19 24 0.02524537 
117 171 13 15 0.025235042 
548 190 13 13 0.02521917 
92 97 9 12 0.025171723 
134 46 8 9 0.025132125 
767 357 9 14 0.025108222 
531 126 9 10 0.025100974 
81 1 7 9 0.025069898 
743 155 10 13 0.025051106 
144 74 9 9 0.024984775 
18 12 10 16 0.02496359 
586 129 9 10 0.02494304 
758 54 11 10 0.024904782 
189 200 12 14 0.024838777 
786 345 9 12 0.024799684 
791 49 10 8 0.024781547 
620 145 9 9 0.024779854 
565 200 12 14 0.024759784 
105 51 12 12 0.024736805 
207 167 10 12 0.02463857 
21 33 18 25 0.024591785 
777 98 18 21 0.024569144 
34 456 16 25 0.024535924 
67 147 11 13 0.024500752 
613 65 32 44 0.024473423 
48 341 7 12 0.024453245 
777 339 11 16 0.024452163 
105 327 10 17 0.02444718 
198 94 9 9 0.02435787 
687 184 12 14 0.02432299 
808 270 9 15 0.024282299 
31 37 10 16 0.024237927 
165 36 9 12 0.024179814 
671 194 9 10 0.024163533 
5 447 6 11 0.02409371 
791 158 12 15 0.024090912 
213 46 12 11 0.024041679 
266 82 8 14 0.024035068 
230 51 9 11 0.024033418 
18 228 10 19 0.023954375 
694 146 12 11 0.023951493 
737 327 11 15 0.023915228 
1 16 7 13 0.023896052 
720 118 9 10 0.023893047 
89 54 9 9 0.023867978 
123 181 10 13 0.023824543 
15 167 9 16 0.02381813 
624 34 13 14 0.023800882 
400 200 9 13 0.023796726 
927 92 73 131 0.023700928 
3 196 10 17 0.023653809 
223 237 11 16 0.02364378 
779 88 20 19 0.02362104 
766 250 11 11 0.023514215 
695 351 13 19 0.023490466 
778 142 9 13 0.023468105 
741 131 9 9 0.023462957 
22 428 9 17 0.023459123 
146 9 15 24 0.023449458 
735 250 9 14 0.023434613 
406 173 12 14 0.023399297 
442 37 8 16 0.023397893 
633 296 11 12 0.023364078 
100 375 10 19 0.02335922 
308 217 13 16 0.023349874 
637 215 11 14 0.023347104 
165 324 18 22 0.023300702 
700 300 11 16 0.02327131 
457 152 13 16 0.023264894 
143 363 35 34 0.023202965 
674 179 10 12 0.023198644 
173 335 21 26 0.023175858 
187 261 13 15 0.023171574 
246 118 10 12 0.023145834 
182 137 9 11 0.023131467 
68 401 11 16 0.023127439 
14 44 8 13 0.023117715 
478 160 11 14 0.023022592 
151 142 12 11 0.023021905 
34 25 9 14 0.022992145 
772 240 9 10 0.022989962 
74 180 10 13 0.022975972 
539 43 12 12 0.02295844 
131 53 9 10 0.022954635 
153 99 9 9 0.022939451 
626 322 10 16 0.022932345 
274 228 18 27 0.022852723 
248 96 9 12 0.022841731 
796 330 18 29 0.022807237 
396 161 10 12 0.02279932 
46 264 16 27 0.022742543 
383 176 10 16 0.022720162 
686 281 17 24 0.022671752 
912 332 41 65 0.022620015 
253 245 9 12 0.02260486 
208 72 8 10 0.022563737 
227 123 10 11 0.022500688 
162 170 10 15 0.022497794 
780 59 12 11 0.022482693 
36 336 11 18 0.022362169 
268 241 30 39 0.022309106 
754 99 9 8 0.02230331 
250 79 17 21 0.022285348 
57 22 8 11 0.022245351 
154 160 12 14 0.02224412 
172 36 7 9 0.022239769 
62 632 8 8 0.022220599 
260 194 11 13 0.02220904 
712 191 12 13 0.02220277 
676 145 11 11 0.022190355 
209 131 11 11 0.022153966 
637 479 16 23 0.022142623 
617 30 29 37 0.022120226 
869 34 11 23 0.022087414 
784 160 11 13 0.022086423 
745 79 18 19 0.022039063 
111 58 12 12 0.022036621 
273 23 10 18 0.02201513 
587 333 9 14 0.022005323 
254 199 9 13 0.021997524 
684 163 8 10 0.0219789 
88 271 9 17 0.021960864 
491 77 10 11 0.021955606 
707 230 10 13 0.021950142 
12 139 8 14 0.021861272 
595 134 10 12 0.021827212 
594 261 73 87 0.021771725 
707 198 12 11 0.021699628 
771 131 10 12 0.021674722 
1016 142 9 15 0.021665571 
170 148 9 11 0.021661174 
757 159 11 14 0.021636248 
101 306 9 16 0.02162091 
581 157 10 10 0.021610674 
363 489 12 16 0.02151314 
706 138 10 10 0.021508371 
126 348 12 19 0.021481257 
625 43 12 12 0.021452066 
358 123 7 10 0.021448992 
239 254 11 15 0.021444919 
99 165 11 14 0.021440092 
203 316 20 24 0.02143025 
629 185 11 13 0.021398053 
869 237 23 28 0.021310968 
86 205 14 19 0.02130692 
61 130 10 12 0.021296136 
556 254 17 26 0.02127209 
622 193 12 12 0.021259978 
878 90 61 95 0.021232698 
137 243 10 14 0.021226345 
794 727 37 41 0.021209177 
260 20 16 25 0.021195987 
214 125 8 10 0.021178298 
722 254 10 16 0.021161351 
249 81 8 10 0.021123165 
711 105 8 8 0.021117847 
184 66 7 10 0.021076543 
151 80 8 8 0.021067142 
682 344 16 26 0.021057162 
541 97 8 11 0.02101618 
58 440 9 15 0.020988742 
591 65 32 43 0.020958202 
696 278 20 24 0.020951482 
928 644 23 22 0.020933611 
688 137 12 11 0.020919004 
419 186 30 43 0.020909127 
558 218 13 15 0.020816663 
548 180 15 14 0.020783216 
741 264 10 15 0.020767868 
736 66 9 10 0.020725673 
752 386 9 17 0.020723227 
162 306 10 15 0.020707117 
106 396 10 12 0.020705687 
154 3 6 8 0.020693416 
618 129 10 10 0.020662898 
675 314 12 17 0.020602295 
396 181 31 43 0.020551333 
767 174 10 10 0.020545311 
760 143 8 10 0.02046094 
219 97 7 10 0.02038382 
48 66 17 19 0.020371942 
695 131 11 11 0.020355022 
542 193 10 12 0.020263651 
379 28 21 25 0.020259248 
681 386 13 21 0.020232288 
626 182 9 12 0.020218663 
234 129 11 11 0.020214668 
23 45 10 16 0.02010279 
635 149 11 13 0.020094318 
60 236 11 16 0.020076703 
407 131 11 15 0.020034906 
143 16 5 10 0.02002883 
561 143 9 9 0.020014375 
