35_Basketball_playingbasketball_35_764
21
489 246 32 38 0.991999 
305 189 26 36 0.9323427 
285 189 27 33 0.33039966 
432 442 16 31 0.13100748 
435 432 17 27 0.06794095 
368 221 7 13 0.06084197 
602 432 15 15 0.0469782 
408 251 41 47 0.039383434 
619 414 10 14 0.029799731 
370 240 9 12 0.0281764 
492 258 41 54 0.028041461 
456 233 14 13 0.026697205 
475 375 6 9 0.025973056 
442 376 4 6 0.02595517 
430 449 9 17 0.023566436 
290 205 15 24 0.02346275 
615 279 21 35 0.023004264 
592 357 19 25 0.022943174 
1035 386 14 20 0.0224784 
365 221 14 23 0.021406027 
610 425 12 14 0.02013525 
