35_Basketball_playingbasketball_35_876
260
460 99 85 129 0.9997956 
68 101 71 109 0.99905187 
711 501 21 30 0.9930636 
773 500 18 27 0.9928584 
732 525 21 27 0.9895837 
857 486 19 25 0.98827094 
207 529 22 26 0.9871292 
957 506 17 27 0.98620844 
657 502 22 32 0.9849659 
265 531 20 29 0.9832998 
888 514 20 30 0.96547717 
898 461 17 24 0.9457294 
883 403 17 23 0.9407465 
868 449 15 24 0.90039015 
981 519 18 29 0.856767 
932 519 16 26 0.84247094 
932 415 14 21 0.84073365 
967 345 16 21 0.81475085 
802 505 19 30 0.79540795 
954 401 14 19 0.7831471 
931 452 15 20 0.75578034 
334 73 14 14 0.7376281 
678 182 13 14 0.735146 
233 182 12 13 0.72529244 
820 451 16 18 0.7234637 
965 449 14 20 0.721482 
851 424 16 23 0.6915476 
890 322 16 18 0.6880624 
924 491 15 21 0.6715221 
954 316 16 19 0.6607263 
136 465 17 20 0.6426271 
725 231 11 15 0.6119175 
212 491 15 20 0.599821 
1010 505 13 20 0.59442765 
725 182 11 15 0.5844881 
793 491 15 24 0.4849125 
684 232 13 13 0.47310245 
866 265 10 15 0.4719627 
817 258 13 16 0.46319234 
913 430 17 21 0.46270096 
328 153 14 14 0.4384391 
994 434 13 18 0.4380275 
1003 417 13 19 0.42700362 
299 232 12 15 0.41162828 
997 382 12 18 0.39200372 
285 177 12 15 0.39189786 
159 482 17 23 0.38824156 
827 477 14 22 0.38525724 
813 290 11 16 0.3478403 
288 84 12 14 0.3119004 
944 342 15 19 0.2976682 
946 223 13 18 0.29670456 
208 242 16 17 0.29322743 
628 247 11 16 0.2558437 
257 206 11 14 0.24276313 
664 259 13 14 0.22796321 
776 281 11 16 0.2204715 
780 209 11 13 0.21407133 
836 461 12 18 0.21350361 
909 269 10 16 0.21167473 
983 465 12 17 0.20922446 
270 477 13 18 0.20850798 
770 186 11 13 0.17898673 
90 468 17 24 0.17022774 
624 403 16 27 0.16654953 
244 82 12 15 0.15980221 
1000 179 10 16 0.15125602 
981 220 11 16 0.15087101 
634 186 12 16 0.14581716 
104 476 16 23 0.14354786 
770 247 11 12 0.13670798 
236 227 13 14 0.12936135 
957 199 11 16 0.12140189 
847 362 17 23 0.10584701 
717 254 12 15 0.08589927 
281 144 10 13 0.078412354 
299 200 13 14 0.07645702 
955 150 11 15 0.0747491 
1007 345 12 18 0.07100101 
732 319 12 17 0.07057776 
587 178 11 16 0.0702908 
1014 509 17 28 0.06564732 
190 158 11 14 0.06536252 
843 319 12 17 0.06323971 
950 450 10 17 0.06257708 
1058 444 7 13 0.058070604 
1004 554 10 18 0.056608886 
274 565 12 18 0.056361914 
1058 457 8 13 0.05507051 
316 557 12 17 0.054509755 
841 466 12 18 0.05174219 
741 396 53 58 0.046030257 
779 321 13 16 0.04590088 
1056 431 8 13 0.04553027 
290 573 15 19 0.044129618 
286 498 12 18 0.043531235 
151 156 10 14 0.043089386 
1058 469 8 14 0.042274002 
649 220 12 12 0.041893043 
693 232 12 13 0.04179765 
1051 353 14 24 0.041194495 
790 287 10 16 0.040744852 
1055 516 11 18 0.039809458 
1057 481 8 14 0.039733276 
989 463 12 17 0.039489236 
1017 487 9 15 0.03829989 
1088 248 11 20 0.038038667 
1053 371 12 21 0.03777255 
251 544 12 19 0.037619345 
378 161 13 12 0.03747344 
1037 432 8 14 0.037467435 
1012 345 15 23 0.0374575 
778 233 13 12 0.036936317 
856 461 10 18 0.036735747 
194 371 20 32 0.0361248 
343 177 14 13 0.035882503 
1032 505 11 19 0.035852302 
235 499 11 17 0.035793263 
316 175 14 13 0.035633508 
289 620 15 16 0.035453547 
946 169 10 12 0.034886744 
1054 387 11 17 0.034364447 
1007 357 12 17 0.03392338 
815 313 12 18 0.03385124 
1049 336 15 27 0.03384915 
1058 211 9 16 0.033674136 
674 246 11 12 0.033562288 
1055 503 10 17 0.033557836 
1036 444 8 15 0.033315618 
1054 527 11 20 0.03315101 
1064 543 16 30 0.031684827 
1059 200 9 15 0.031566683 
1035 456 9 15 0.031461626 
1062 480 11 21 0.03136036 
1057 417 8 14 0.03133466 
990 400 9 16 0.031161044 
1056 492 9 16 0.030938266 
725 189 12 18 0.030613732 
703 283 12 13 0.030458692 
298 524 13 17 0.030283922 
782 494 16 25 0.030115679 
298 211 13 15 0.030113209 
1034 495 11 18 0.029938012 
291 123 13 14 0.029791074 
1081 262 14 25 0.02962888 
1055 402 10 15 0.02957898 
956 342 15 22 0.029353298 
668 228 13 13 0.029241314 
176 487 11 17 0.029212061 
868 313 13 18 0.029130189 
251 530 11 19 0.029085463 
1064 504 12 23 0.029064532 
1036 218 13 22 0.028978525 
303 537 14 20 0.028886715 
1030 525 14 24 0.028834082 
1060 522 15 29 0.028611187 
1095 231 9 17 0.028420424 
830 468 12 19 0.028182173 
1037 421 8 13 0.028024489 
771 259 11 13 0.02783072 
1037 394 8 14 0.027814262 
-3 187 30 79 0.027809175 
1010 487 10 15 0.027549349 
891 377 15 17 0.027524536 
831 283 10 15 0.027480474 
787 283 9 15 0.027376952 
942 377 13 17 0.027259111 
1071 587 17 30 0.027193075 
1018 476 9 15 0.027029164 
536 264 39 59 0.027024683 
1043 210 11 18 0.026835324 
1063 451 11 20 0.026754402 
1059 188 8 14 0.026740829 
285 567 13 20 0.02670327 
676 523 19 28 0.026635813 
1031 320 14 25 0.026558654 
279 84 13 14 0.026515223 
809 474 13 17 0.026312519 
786 188 10 13 0.026269287 
822 290 9 14 0.026255105 
636 221 10 11 0.026198229 
370 182 12 14 0.026075961 
1019 443 8 14 0.026000794 
926 290 13 15 0.025831198 
1053 537 13 22 0.025819898 
1029 549 16 27 0.025763238 
274 163 11 12 0.025665458 
1017 490 15 25 0.025545098 
1036 379 9 15 0.025515899 
192 74 10 12 0.02548033 
841 288 9 16 0.025376663 
1018 305 16 24 0.025334189 
847 350 17 23 0.025304835 
1033 351 12 19 0.025271514 
202 474 11 14 0.025068713 
848 263 10 14 0.025018001 
220 202 12 10 0.02498353 
1057 221 10 18 0.024949277 
807 289 9 15 0.024906108 
1036 468 9 17 0.024880782 
1073 427 10 19 0.02479673 
1037 407 8 14 0.024587588 
1015 355 15 23 0.024453511 
790 162 10 14 0.024414139 
208 472 11 12 0.024140919 
1029 226 17 26 0.02406458 
1019 411 8 15 0.023881102 
977 492 11 17 0.023570437 
675 240 11 12 0.023466945 
1020 434 14 24 0.023446418 
811 464 10 14 0.023266857 
991 379 11 17 0.023254897 
767 264 10 13 0.023247123 
766 228 11 12 0.023136215 
1034 364 10 17 0.023103716 
1032 336 14 22 0.023063775 
152 492 11 18 0.023034332 
309 545 14 18 0.022991722 
1077 367 15 25 0.022988258 
1067 565 17 30 0.02291774 
732 231 11 15 0.02291213 
931 398 11 16 0.022901531 
224 170 9 11 0.022839358 
646 227 10 12 0.022688074 
1009 336 10 16 0.022672174 
680 282 14 14 0.02261338 
1018 524 16 27 0.022504559 
1079 340 17 27 0.022460528 
1020 378 14 22 0.022448713 
1036 483 10 17 0.022423701 
740 492 13 17 0.022347257 
195 546 12 16 0.022259835 
874 270 9 15 0.022243278 
1020 458 14 23 0.022129048 
747 353 18 12 0.022103569 
630 194 14 18 0.022098744 
941 225 9 15 0.021922344 
233 468 10 15 0.021729428 
619 244 12 15 0.021652175 
215 207 12 10 0.021428518 
984 402 10 16 0.02138017 
220 482 13 19 0.021376258 
1043 466 11 16 0.021233696 
265 571 12 16 0.021135533 
1079 399 11 20 0.020969938 
1017 554 16 26 0.020957137 
861 465 11 19 0.020950424 
281 499 10 17 0.0209343 
593 63 18 29 0.020905362 
209 482 11 16 0.020826703 
1017 327 10 16 0.020766115 
238 555 19 23 0.020689609 
815 477 15 24 0.02068709 
648 250 12 14 0.020590411 
901 289 10 15 0.02049821 
977 378 10 16 0.02031568 
1037 176 9 15 0.020222504 
887 284 11 15 0.020087508 
789 234 12 12 0.020075388 
333 104 16 13 0.020058928 
