35_Basketball_playingbasketball_35_794
104
750 87 45 57 0.9998585 
100 155 26 40 0.9987079 
283 173 29 42 0.9981152 
512 134 29 40 0.998064 
557 123 30 37 0.99576193 
425 176 20 25 0.99540615 
-1 167 23 47 0.98611706 
442 199 17 29 0.96441853 
836 142 32 39 0.9320946 
187 162 15 29 0.91356164 
243 179 18 35 0.8814349 
324 164 17 25 0.8434857 
267 146 14 29 0.8213314 
394 144 17 27 0.81097245 
382 171 16 26 0.49174583 
143 24 22 30 0.3732955 
165 179 17 30 0.33590123 
401 462 13 14 0.2128679 
383 467 9 10 0.20416994 
382 187 18 31 0.18931395 
365 394 14 16 0.17324468 
512 200 27 46 0.15375876 
115 27 23 37 0.14030957 
245 110 6 10 0.12830131 
385 153 18 29 0.10196584 
424 397 21 30 0.091201976 
376 207 23 37 0.08158875 
0 255 14 15 0.07533883 
138 130 12 18 0.0654332 
176 121 15 28 0.06434083 
-1 504 18 39 0.06271094 
395 195 10 17 0.062370397 
133 125 11 18 0.061044496 
271 153 22 34 0.059895582 
443 263 11 20 0.0587604 
70 198 9 15 0.056919012 
131 77 10 18 0.054879516 
10 244 11 13 0.0542713 
4 248 13 16 0.04798795 
484 205 20 36 0.047513917 
586 55 129 231 0.047408618 
176 71 15 27 0.04696591 
600 172 24 34 0.045013197 
145 138 10 14 0.04443566 
107 42 7 13 0.04212088 
404 151 13 22 0.041637845 
250 232 17 36 0.040965874 
1014 453 13 18 0.040007412 
828 186 33 70 0.037286095 
185 144 10 16 0.03671347 
199 173 12 21 0.035578836 
383 164 11 18 0.035541877 
560 214 39 50 0.034711663 
135 75 16 26 0.033760343 
243 103 14 23 0.033635315 
851 350 29 43 0.032219425 
795 635 19 20 0.030760447 
181 170 30 49 0.030109087 
333 167 12 19 0.030051768 
390 147 10 17 0.02992429 
571 451 10 14 0.029358149 
0 545 4 9 0.028573878 
125 31 34 53 0.028531037 
232 274 36 79 0.027735882 
444 212 22 36 0.02718704 
375 223 13 22 0.026486397 
493 204 33 48 0.026354227 
145 88 9 15 0.026321335 
146 168 18 36 0.025739208 
583 218 35 50 0.025703046 
153 177 19 36 0.025621522 
71 225 17 30 0.025203371 
61 120 19 38 0.024889536 
141 81 17 28 0.024495503 
353 74 19 33 0.024395972 
182 504 30 26 0.024310812 
167 108 20 33 0.023977742 
386 474 10 9 0.023659516 
384 200 22 31 0.023399875 
79 219 11 21 0.023289278 
4 504 10 17 0.023179205 
174 183 10 18 0.022880029 
112 398 13 16 0.022613512 
875 71 7 14 0.02259495 
180 139 27 49 0.02247986 
88 164 23 28 0.022447186 
113 37 11 20 0.022346042 
-1 144 17 44 0.022107737 
139 140 12 16 0.022007342 
159 118 8 15 0.021923447 
419 376 8 13 0.021762637 
143 137 18 27 0.021712294 
133 72 8 14 0.021649119 
351 423 23 23 0.02126611 
119 34 12 20 0.021114012 
764 127 36 51 0.021061216 
180 165 14 29 0.021054195 
144 237 23 53 0.02075959 
122 77 8 14 0.020667413 
229 175 18 28 0.020382077 
234 196 26 48 0.02014867 
136 164 18 35 0.020137196 
184 74 16 30 0.020122834 
336 470 12 13 0.020013895 
