35_Basketball_basketballgame_ball_35_256
73
937 354 42 57 0.9990428 
529 53 63 98 0.9986242 
227 73 56 65 0.9976037 
762 351 47 58 0.9966955 
987 340 30 57 0.9884574 
873 330 37 51 0.9750437 
890 372 33 53 0.9703626 
463 156 53 76 0.95743394 
358 150 35 53 0.7707413 
279 139 22 40 0.61067426 
225 149 38 49 0.597328 
953 51 31 44 0.5070154 
778 111 34 44 0.4087762 
976 512 21 27 0.40379578 
361 54 39 53 0.35101828 
953 155 45 60 0.3442431 
426 27 26 32 0.2895064 
734 149 37 52 0.22872376 
133 339 72 144 0.21634164 
923 121 26 44 0.16111541 
317 184 29 60 0.13114731 
29 653 11 19 0.11700778 
19 242 37 86 0.10070468 
117 676 22 26 0.089000955 
852 191 29 45 0.06775985 
756 331 32 60 0.06738422 
4 291 18 42 0.059156112 
664 110 40 52 0.056708083 
238 116 41 63 0.050941948 
1010 554 11 18 0.0493546 
215 86 21 32 0.049116664 
997 444 25 39 0.048996355 
556 164 94 212 0.048172034 
662 564 52 137 0.04561371 
65 372 45 85 0.04481597 
291 136 21 43 0.04446808 
819 436 32 54 0.043326534 
688 264 23 51 0.042284455 
789 364 33 43 0.041070692 
1014 299 16 30 0.040399604 
803 665 9 17 0.03868735 
1015 495 11 20 0.037255485 
-3 329 40 68 0.033921164 
970 315 29 49 0.031214127 
846 392 30 46 0.030776339 
827 399 34 45 0.028228963 
257 144 32 52 0.028015118 
217 95 11 16 0.0270377 
1017 459 35 57 0.026768522 
1023 506 21 35 0.02646609 
589 429 261 394 0.0259111 
972 519 32 43 0.0247014 
921 11 24 35 0.024601636 
776 419 34 57 0.024278898 
1027 539 17 30 0.024099382 
151 286 80 120 0.024093928 
1023 304 19 36 0.023552403 
932 127 37 63 0.023170026 
658 572 32 81 0.022924498 
23 653 24 44 0.022606052 
765 309 35 57 0.022296404 
996 543 12 17 0.022259088 
163 148 36 48 0.02220088 
489 0 24 30 0.022095622 
1028 496 33 55 0.022076389 
502 104 38 56 0.02162838 
454 502 24 25 0.021343255 
1025 205 19 34 0.02131982 
811 325 32 49 0.02122697 
802 433 33 55 0.021054063 
1001 542 17 26 0.020753412 
925 462 27 40 0.020618707 
240 230 30 44 0.020548265 
