35_Basketball_playingbasketball_35_13
19
443 166 88 115 0.9976204 
749 23 95 132 0.13345292 
649 105 123 138 0.0714939 
977 1092 10 20 0.0628536 
978 1121 6 12 0.038411397 
998 1119 7 13 0.031173276 
796 73 73 73 0.030787976 
-7 112 166 367 0.030120293 
813 772 14 15 0.02807541 
798 1345 69 60 0.024580646 
338 1171 63 43 0.024258219 
13 435 199 327 0.024255652 
139 1005 64 63 0.02412529 
998 1083 8 14 0.023415735 
997 1112 6 12 0.022809189 
284 121 13 19 0.022743654 
645 29 36 42 0.021821788 
695 56 129 157 0.021092769 
263 115 15 21 0.02001708 
