35_Basketball_basketballgame_ball_35_391
52
206 58 86 109 0.99997044 
373 100 80 102 0.9999651 
531 81 89 106 0.9999635 
701 91 84 113 0.9998969 
479 67 18 23 0.25040507 
265 498 107 303 0.21385202 
888 604 36 49 0.19778734 
992 249 16 32 0.12166519 
398 70 27 33 0.11015541 
757 39 11 13 0.08127998 
514 63 12 16 0.07226812 
905 599 35 44 0.06530737 
984 174 14 27 0.060822047 
1011 96 10 13 0.058410764 
884 582 29 32 0.05674421 
996 91 10 13 0.05635171 
542 52 13 15 0.046367537 
615 107 20 35 0.044375226 
494 352 38 48 0.043599755 
995 301 38 66 0.042505294 
855 604 35 48 0.04138367 
250 427 74 91 0.0394107 
940 140 11 18 0.0363952 
1016 533 11 24 0.036062386 
755 315 21 31 0.03401605 
1006 590 42 93 0.033647083 
943 181 12 18 0.033578094 
0 227 6 16 0.032630257 
787 111 23 38 0.03209362 
676 40 9 12 0.03053189 
454 147 10 20 0.030504812 
53 65 13 22 0.030321445 
969 267 19 32 0.029550774 
454 259 28 33 0.029206386 
1015 319 39 64 0.027039398 
873 168 11 13 0.025570668 
245 408 27 27 0.025335701 
305 535 66 140 0.024257356 
878 571 30 25 0.023466732 
869 621 43 50 0.022844726 
165 326 30 31 0.022681251 
0 679 6 17 0.022515267 
1016 267 10 21 0.02220896 
0 394 12 23 0.021703891 
914 566 20 24 0.021444134 
75 163 36 62 0.021406678 
273 399 23 24 0.021374337 
1030 388 31 62 0.021004139 
241 396 26 24 0.020902447 
861 93 9 11 0.020642795 
512 67 17 29 0.020526461 
986 129 20 31 0.02044808 
