35_Basketball_basketballgame_ball_35_393
398
417 301 12 17 0.97758144 
856 283 17 21 0.9191883 
51 334 9 13 0.91794425 
22 329 10 12 0.90019006 
703 298 13 21 0.865649 
125 313 10 12 0.8605993 
2 326 9 16 0.85160065 
119 226 8 12 0.82206243 
94 315 8 11 0.80284023 
676 285 13 20 0.7683753 
109 334 9 12 0.757902 
82 334 9 12 0.7316183 
715 291 9 16 0.7228013 
68 226 8 11 0.72252136 
165 290 11 20 0.5932462 
50 254 7 11 0.589766 
19 241 8 9 0.58699775 
110 236 8 11 0.56499237 
95 229 7 10 0.55564314 
80 281 8 10 0.5394386 
11 288 9 9 0.4992557 
45 281 10 10 0.44687042 
64 268 8 10 0.44531795 
780 289 10 15 0.42665872 
14 303 8 10 0.4078522 
564 281 5 9 0.327337 
77 246 8 14 0.29940292 
74 239 7 11 0.2566852 
671 288 11 16 0.23064536 
39 299 10 12 0.21558006 
563 300 5 8 0.2108833 
605 274 4 6 0.18170556 
72 348 7 10 0.17913353 
14 271 9 10 0.1643234 
133 331 8 11 0.16246058 
400 304 7 12 0.15867746 
15 287 11 9 0.14744185 
594 274 5 7 0.14561734 
783 307 16 33 0.13550738 
583 276 5 7 0.13477091 
62 348 6 11 0.13427319 
571 310 6 9 0.12755874 
63 239 7 10 0.12370937 
665 295 9 14 0.12174879 
56 293 8 10 0.120721914 
958 118 7 14 0.117700696 
68 303 9 10 0.11567074 
85 331 8 11 0.111699425 
123 339 5 7 0.110082835 
137 291 9 11 0.10909919 
119 324 8 11 0.106990986 
44 319 7 10 0.10521687 
88 365 5 7 0.104202285 
572 293 5 8 0.09979223 
571 286 5 9 0.09638794 
95 376 8 10 0.09493887 
6 304 8 10 0.09375062 
63 305 8 10 0.09071889 
49 325 8 10 0.088250645 
94 323 8 11 0.08511416 
81 292 7 10 0.08496041 
572 274 5 7 0.08491715 
594 271 4 5 0.08113912 
91 300 7 9 0.07951922 
590 288 4 6 0.07900138 
591 274 4 6 0.078509726 
154 381 7 9 0.07821919 
70 356 6 10 0.07773191 
48 320 8 9 0.07709164 
102 326 7 9 0.07590321 
707 28 7 14 0.07561382 
462 347 5 6 0.07437302 
71 235 7 11 0.07186187 
84 369 5 7 0.07095212 
410 304 10 13 0.06965185 
569 282 5 7 0.06702035 
658 38 6 8 0.066781506 
433 354 10 10 0.066713154 
44 357 6 10 0.06632667 
70 253 7 9 0.06567467 
447 353 7 7 0.06515252 
788 291 12 13 0.0641752 
77 376 6 8 0.06370967 
604 271 4 5 0.06362303 
80 274 8 10 0.063282005 
0 357 5 9 0.06268433 
738 173 4 5 0.06196304 
89 326 7 9 0.061944336 
39 355 6 11 0.061808787 
575 270 3 5 0.061788145 
409 385 4 6 0.061350685 
39 350 6 10 0.06076325 
77 372 5 6 0.06074989 
712 168 3 4 0.059211638 
11 281 10 9 0.059047982 
17 292 10 8 0.057427637 
591 292 4 8 0.056388438 
591 271 4 5 0.05637301 
104 370 5 7 0.055937655 
89 369 5 7 0.055903792 
875 147 5 8 0.054837357 
63 370 5 8 0.054600112 
904 133 5 10 0.05451017 
573 270 3 5 0.05367571 
65 355 6 10 0.0531654 
86 395 8 10 0.05312449 
64 364 5 8 0.051223688 
596 282 4 6 0.051156983 
71 247 8 12 0.050878037 
84 326 7 10 0.04952034 
48 299 9 9 0.04837583 
576 275 5 7 0.048201658 
173 333 3 6 0.048029453 
157 223 8 17 0.048005763 
161 350 8 11 0.047743578 
409 388 5 7 0.047603652 
659 321 8 9 0.047167327 
700 421 8 8 0.046891015 
575 293 4 8 0.04646719 
90 350 7 9 0.04606067 
33 341 8 11 0.04602207 
682 29 6 8 0.04571982 
95 331 7 9 0.04553539 
76 324 81 77 0.04550191 
77 380 7 11 0.045285422 
178 375 5 8 0.0452166 
784 295 18 25 0.045140743 
126 339 6 7 0.045117598 
36 338 6 10 0.045047484 
571 299 4 7 0.04497633 
77 268 7 8 0.04487342 
0 319 6 12 0.04468091 
20 248 11 10 0.044646062 
121 357 6 7 0.044579275 
891 141 4 5 0.04448882 
675 310 8 14 0.0440676 
89 248 6 9 0.043773495 
811 321 8 16 0.04359934 
589 306 5 8 0.04336761 
129 359 7 8 0.04335575 
32 256 8 8 0.043108992 
65 376 6 8 0.042994253 
440 355 7 8 0.04297987 
602 280 5 7 0.042760026 
710 17 5 8 0.042711634 
82 267 8 9 0.04259342 
81 240 79 77 0.042471338 
574 288 5 7 0.04233124 
75 345 6 9 0.041815072 
634 268 4 5 0.041807488 
49 293 9 10 0.04126872 
94 230 4 7 0.04116687 
595 287 5 6 0.04094234 
109 268 8 8 0.04087357 
132 318 8 10 0.04057047 
564 277 4 6 0.04037876 
97 372 5 6 0.04034304 
563 295 4 7 0.040118866 
462 350 5 6 0.03997181 
89 378 6 7 0.03993396 
107 370 5 7 0.039886963 
652 23 5 7 0.039851435 
35 260 8 10 0.039521962 
129 364 6 7 0.039470516 
174 252 7 14 0.039098457 
740 173 6 7 0.038668834 
134 325 7 10 0.03860714 
601 288 5 6 0.038360957 
583 300 3 7 0.037846517 
122 342 6 10 0.037824802 
64 263 6 8 0.03774158 
0 286 4 8 0.03749114 
601 293 5 9 0.037402023 
708 12 6 8 0.037400514 
95 338 7 8 0.03720703 
582 294 4 8 0.03712032 
58 310 8 10 0.03699447 
66 254 6 9 0.036691185 
173 345 5 7 0.036655672 
69 261 8 10 0.036527935 
573 306 6 9 0.03617663 
57 260 6 9 0.03615051 
38 372 5 6 0.035409994 
397 303 6 8 0.035267957 
36 255 8 9 0.034843035 
133 361 8 9 0.034786202 
1 283 5 7 0.034657847 
706 0 4 7 0.03429377 
895 147 5 6 0.034273397 
39 323 7 10 0.03385191 
710 -1 5 7 0.03353656 
560 283 4 6 0.033522625 
102 366 5 6 0.033512905 
561 301 4 7 0.033388574 
83 378 6 8 0.033310376 
90 357 6 8 0.033304695 
558 308 3 6 0.03310104 
797 285 11 12 0.032787234 
121 333 6 8 0.032680042 
59 365 6 8 0.032117482 
69 325 7 9 0.031985722 
14 248 6 8 0.03192213 
850 140 6 9 0.031704094 
174 340 3 5 0.031640235 
75 356 6 9 0.031599745 
607 270 4 6 0.031333588 
70 364 5 7 0.03131462 
31 267 9 9 0.03107705 
159 379 5 7 0.030971091 
466 351 4 6 0.030943325 
411 255 6 8 0.030728593 
109 380 7 10 0.030559272 
11 329 8 13 0.030486139 
1 305 5 9 0.030470679 
116 351 6 9 0.030389378 
7 291 9 10 0.030356525 
676 301 8 14 0.03022466 
60 370 5 7 0.030104093 
103 234 6 10 0.030082006 
23 253 10 10 0.029916419 
87 265 9 12 0.029836575 
64 285 7 9 0.029748846 
597 293 4 8 0.029667534 
413 259 9 13 0.029312685 
73 228 7 10 0.029300328 
465 347 5 6 0.02929546 
16 237 16 17 0.029268116 
91 345 6 8 0.02926038 
67 382 6 9 0.029180884 
99 319 8 9 0.028778847 
96 226 5 7 0.028477032 
577 280 4 7 0.028379729 
143 343 5 9 0.02830538 
423 396 4 6 0.028109979 
657 290 11 15 0.028076857 
424 331 6 10 0.028068868 
115 321 7 7 0.02802648 
114 378 5 8 0.027925257 
39 363 5 8 0.027898027 
129 332 6 8 0.02786622 
46 331 8 11 0.02782739 
140 363 6 8 0.02774455 
126 343 6 9 0.027539808 
175 356 5 9 0.027529381 
417 382 4 8 0.027483609 
414 413 11 13 0.02747366 
489 397 427 238 0.027449934 
102 346 6 8 0.02742882 
160 291 10 16 0.027395818 
598 300 4 6 0.027363935 
392 304 5 10 0.027334709 
81 298 8 11 0.027268253 
897 134 4 7 0.027140448 
16 243 6 7 0.02700358 
120 350 6 11 0.026943807 
718 31 5 11 0.026906634 
416 331 6 11 0.026892893 
855 325 21 26 0.026696261 
6 282 7 7 0.026640289 
648 8 4 6 0.026594352 
589 301 4 7 0.026589379 
553 309 3 7 0.0264821 
907 136 6 10 0.026346697 
779 281 12 14 0.026335802 
456 347 6 5 0.026113424 
717 60 6 16 0.026110087 
904 128 5 7 0.026094904 
730 141 4 6 0.025944497 
65 248 6 9 0.025936037 
737 177 4 5 0.025897356 
60 269 5 7 0.025821468 
6 260 9 10 0.025806766 
635 265 4 5 0.025713144 
882 285 9 13 0.025643349 
668 173 3 5 0.02552454 
54 256 7 9 0.02551991 
409 414 19 24 0.02549531 
70 236 15 20 0.025454313 
721 394 7 8 0.025423149 
167 238 6 12 0.025191357 
427 338 6 8 0.025187772 
0 312 5 9 0.025163233 
414 256 7 8 0.025150115 
904 155 4 6 0.02512916 
94 357 6 8 0.025032945 
699 18 5 7 0.02490242 
83 318 6 9 0.024896853 
128 371 5 6 0.024769751 
590 282 4 6 0.024700692 
453 352 6 6 0.024668796 
424 392 4 6 0.024649149 
893 135 3 5 0.024589676 
706 168 3 4 0.024512539 
77 325 7 10 0.024480453 
791 302 20 32 0.024415065 
717 0 3 6 0.024410527 
89 281 6 9 0.024291348 
0 361 6 10 0.02421562 
92 235 5 8 0.024138397 
428 351 8 9 0.024138065 
584 288 4 6 0.024089467 
452 358 7 7 0.024084825 
148 392 5 7 0.024073977 
674 23 16 24 0.024066215 
93 224 14 19 0.024034686 
19 365 7 8 0.023996184 
713 163 2 3 0.023988789 
648 154 3 4 0.023908561 
179 357 5 9 0.023710892 
169 332 4 7 0.023706002 
64 278 8 10 0.02370421 
148 221 6 15 0.023695504 
58 355 7 10 0.023647424 
959 80 5 11 0.023566497 
884 147 4 7 0.023536135 
563 312 6 8 0.023524672 
61 293 7 9 0.023479423 
142 370 5 7 0.023474732 
117 391 6 8 0.023400234 
431 405 4 6 0.02338834 
705 17 5 8 0.023365356 
69 279 7 8 0.02330819 
0 243 2 6 0.023162585 
816 320 10 16 0.023148924 
427 371 6 7 0.023141561 
671 302 15 26 0.023135029 
77 365 5 7 0.02313274 
699 14 3 5 0.023083583 
642 12 4 7 0.022912258 
591 312 4 7 0.022871854 
37 276 7 7 0.02278665 
716 19 5 8 0.022672111 
559 286 4 7 0.022580864 
698 6 4 5 0.022533102 
660 174 2 4 0.02250243 
705 24 7 12 0.022497332 
22 299 10 11 0.022488007 
388 286 60 78 0.022473369 
583 271 4 4 0.022471372 
673 148 3 4 0.022286976 
91 242 6 9 0.0222168 
872 142 4 5 0.022165641 
679 148 3 4 0.02212741 
23 364 8 9 0.022111455 
442 344 7 6 0.022049392 
0 237 2 6 0.022022286 
668 148 3 5 0.022015125 
655 175 2 4 0.021994077 
126 228 6 10 0.021989835 
703 19 14 26 0.021947267 
117 357 5 6 0.02192279 
391 301 5 7 0.02179915 
730 146 4 7 0.021633536 
139 359 6 8 0.02157348 
115 366 4 5 0.021536397 
954 115 6 11 0.021489061 
4 254 17 21 0.021464145 
959 109 6 10 0.0214456 
175 373 4 6 0.021435939 
153 215 6 12 0.021327283 
600 306 5 9 0.021326438 
895 141 4 6 0.021216743 
466 358 4 6 0.021149766 
82 304 8 10 0.021111907 
805 325 10 17 0.021075219 
673 173 2 5 0.02105673 
409 258 17 26 0.021039257 
127 285 55 74 0.021014659 
153 221 7 16 0.020990862 
750 173 5 6 0.020928081 
98 365 4 6 0.02079928 
172 241 5 10 0.020784589 
99 380 7 11 0.020742243 
545 283 3 6 0.020705728 
154 293 6 9 0.020689683 
598 307 4 7 0.020666715 
802 309 17 27 0.020657595 
556 312 5 7 0.020593941 
416 337 5 11 0.020583207 
603 265 3 4 0.02057832 
108 244 9 12 0.020540593 
686 148 3 5 0.02046699 
660 149 2 4 0.020432252 
38 309 9 11 0.020417161 
408 332 9 16 0.020406686 
649 44 5 8 0.020310624 
693 147 3 6 0.02030468 
419 397 3 5 0.020288073 
410 379 4 6 0.02026387 
642 143 3 4 0.020252712 
711 171 4 5 0.020214278 
126 351 17 21 0.020211704 
47 304 9 10 0.020191714 
544 286 4 7 0.020152982 
639 267 5 7 0.0201338 
658 51 5 7 0.020102577 
0 343 5 11 0.020026907 
173 349 6 10 0.020001644 
