35_Basketball_Basketball_35_457
1956
609 141 41 52 0.97418106 
377 324 9 16 0.90383047 
939 319 14 18 0.8860691 
50 380 10 11 0.81566334 
120 355 9 13 0.8034145 
213 401 13 14 0.73508024 
246 388 8 12 0.696142 
379 348 7 14 0.5431144 
193 369 8 11 0.48750693 
435 329 5 9 0.48532647 
138 285 7 11 0.47629994 
884 361 7 12 0.4758079 
113 265 7 11 0.46747383 
160 300 6 9 0.46565676 
336 310 8 14 0.4399759 
358 327 9 16 0.4344822 
151 297 7 11 0.43303996 
184 354 7 11 0.408628 
428 349 6 9 0.4069484 
127 252 8 12 0.40419513 
212 360 8 11 0.40411276 
58 259 8 14 0.3985787 
20 245 7 11 0.39724874 
55 248 8 11 0.37716585 
263 278 5 9 0.37694535 
441 324 5 8 0.36760902 
321 281 4 8 0.3637588 
311 293 6 9 0.3625715 
18 196 7 9 0.3596485 
179 298 6 9 0.3522347 
69 273 7 11 0.35069492 
160 339 7 11 0.3464899 
25 207 7 11 0.33859095 
408 336 8 11 0.328608 
113 230 7 9 0.3271013 
453 327 5 8 0.3232209 
114 360 9 12 0.32145795 
80 256 9 14 0.32131118 
457 341 6 10 0.31517214 
473 319 6 9 0.3143751 
64 302 9 13 0.3052615 
366 341 8 14 0.29840076 
168 389 8 10 0.29179248 
354 281 5 8 0.29066202 
199 304 6 10 0.28603598 
284 369 10 13 0.28061712 
18 274 16 19 0.2804498 
153 351 7 9 0.28021678 
443 300 4 7 0.278439 
422 349 6 9 0.2769312 
517 388 6 8 0.27637887 
255 331 8 9 0.27487987 
62 223 6 10 0.2730425 
347 306 6 11 0.26971677 
371 288 5 8 0.26724398 
2 197 7 10 0.2659085 
324 300 6 10 0.26316345 
137 296 9 13 0.25967646 
142 332 7 11 0.25901493 
94 210 7 9 0.2571559 
41 354 9 13 0.25715372 
90 279 8 12 0.25574917 
39 222 7 10 0.25414383 
127 269 9 12 0.25047192 
205 388 9 13 0.24898529 
397 313 5 8 0.24799053 
269 360 7 11 0.24731565 
325 282 5 8 0.24282555 
36 190 7 9 0.24050036 
467 370 6 9 0.24037388 
126 383 7 10 0.23982589 
206 336 6 10 0.23879367 
321 338 7 10 0.23759602 
462 302 4 6 0.23672274 
423 308 4 7 0.23005334 
171 403 11 13 0.22993398 
511 358 6 8 0.22808231 
449 330 6 10 0.22673325 
333 288 5 8 0.2261757 
82 207 8 9 0.22611241 
135 384 7 10 0.2255008 
157 370 7 10 0.22313255 
205 318 7 10 0.22294657 
435 313 5 7 0.22279128 
50 223 7 10 0.22102778 
51 246 7 10 0.22085094 
427 389 7 11 0.2180704 
447 302 4 6 0.21750444 
123 229 6 8 0.21715553 
326 262 3 6 0.21640809 
460 376 5 7 0.2139528 
81 306 7 12 0.21380076 
25 222 7 10 0.21376589 
26 214 8 12 0.21339166 
237 280 4 8 0.21246158 
8 240 7 13 0.20875083 
493 330 5 8 0.20844814 
56 253 8 12 0.2083163 
87 359 7 9 0.20679973 
58 222 6 10 0.20598055 
364 275 4 7 0.2057041 
417 306 4 8 0.20551766 
507 338 6 10 0.20480189 
31 259 8 12 0.2047327 
488 343 4 8 0.20373073 
217 319 6 9 0.20218 
127 370 8 10 0.20152822 
62 433 8 13 0.20009738 
48 243 8 9 0.19936511 
454 313 5 8 0.1992986 
94 289 8 12 0.1991014 
259 376 8 12 0.19444436 
139 243 6 8 0.19389135 
232 314 6 8 0.19237883 
155 224 4 5 0.19166794 
0 349 6 12 0.19090986 
435 276 3 5 0.18960863 
108 209 8 10 0.18895492 
358 318 6 11 0.1886296 
0 251 7 19 0.18759017 
486 314 5 7 0.18754296 
237 244 3 5 0.18751197 
488 301 4 6 0.18664059 
475 302 4 7 0.18637474 
80 344 8 11 0.18387373 
475 294 3 5 0.18368448 
475 306 5 6 0.18347882 
450 326 5 8 0.18327561 
282 287 6 9 0.18199016 
20 176 6 8 0.18017165 
492 344 6 8 0.17966774 
288 299 5 7 0.17911577 
185 360 8 11 0.1789347 
482 294 3 5 0.17837608 
218 278 6 10 0.17832433 
165 272 7 9 0.17808077 
443 296 4 6 0.17611727 
65 228 6 9 0.17597847 
340 300 6 9 0.17579484 
443 283 3 5 0.17561264 
321 269 5 6 0.17480426 
36 197 8 9 0.17447428 
69 209 6 9 0.17442119 
512 383 6 9 0.17434847 
448 288 4 6 0.1739063 
37 202 7 10 0.1729578 
434 296 4 6 0.17268442 
389 282 4 7 0.17192236 
468 351 5 8 0.17132008 
185 218 5 6 0.17056894 
481 290 3 5 0.16937706 
510 339 6 8 0.16908936 
242 317 8 9 0.16824788 
24 245 7 11 0.16787565 
531 363 5 8 0.16766216 
493 382 6 7 0.165541 
456 308 3 5 0.16533573 
244 238 4 5 0.16521396 
101 260 7 12 0.16478088 
321 304 6 9 0.16470803 
441 362 7 8 0.16436817 
493 296 4 5 0.16389267 
492 301 4 5 0.16360277 
340 280 4 7 0.16358647 
313 343 7 10 0.16357276 
312 298 6 8 0.16257533 
4 201 7 11 0.16160697 
251 281 4 6 0.16068336 
198 232 4 6 0.16055936 
187 274 5 8 0.16046011 
0 414 8 13 0.16037439 
372 306 6 9 0.16028273 
480 307 3 5 0.16020398 
126 225 7 8 0.16011828 
474 314 4 6 0.159406 
287 294 5 8 0.15908659 
200 300 5 8 0.15875421 
302 342 6 9 0.15871985 
327 286 5 8 0.15849581 
544 349 6 10 0.1578981 
218 219 4 5 0.15787867 
256 374 7 11 0.15782428 
450 358 5 8 0.15772584 
513 327 4 7 0.15674482 
493 359 4 6 0.15595269 
524 327 5 8 0.15594336 
462 314 4 7 0.15573476 
536 382 5 9 0.1551901 
41 252 8 11 0.15517788 
321 256 4 5 0.15470609 
383 298 5 8 0.1546648 
304 363 7 11 0.15466088 
231 249 4 6 0.15437561 
438 396 8 10 0.15421952 
14 391 14 14 0.15404622 
481 357 5 7 0.15392478 
187 255 6 8 0.15314262 
116 303 7 10 0.1528759 
486 318 5 7 0.15285453 
216 311 6 8 0.15232365 
467 290 3 4 0.15186425 
462 288 4 6 0.15143593 
487 363 5 7 0.1513796 
472 371 5 8 0.15038157 
83 229 7 8 0.15023136 
402 319 5 9 0.14913559 
391 308 4 8 0.1489831 
398 318 6 9 0.14897852 
461 307 4 6 0.14885195 
178 244 5 6 0.14850958 
368 287 5 8 0.14849366 
261 344 9 10 0.14830188 
486 359 5 6 0.14822938 
430 294 4 7 0.14774929 
198 275 6 8 0.1476047 
474 323 6 9 0.14739262 
232 244 3 5 0.14662637 
352 275 4 6 0.1456161 
166 342 8 11 0.14544341 
159 402 7 11 0.14510086 
246 254 4 8 0.14504339 
363 318 7 11 0.14473283 
271 311 5 9 0.14372814 
154 255 5 7 0.1433144 
470 319 4 8 0.1429396 
246 251 4 6 0.14249118 
376 306 6 10 0.14246096 
49 204 7 8 0.14238197 
236 315 6 8 0.14131078 
90 285 8 13 0.14120246 
276 295 5 7 0.14062655 
540 308 5 7 0.14058745 
390 287 5 7 0.14047366 
0 331 7 14 0.14029841 
123 224 6 7 0.14024119 
338 368 10 20 0.14001447 
203 305 6 9 0.13929571 
430 314 4 7 0.13928695 
348 275 4 6 0.13920392 
319 275 4 7 0.13912897 
184 269 5 7 0.13810782 
377 310 7 9 0.13801529 
191 256 5 8 0.1377472 
191 276 5 8 0.1371755 
448 393 7 10 0.13713458 
0 234 4 9 0.13686414 
29 284 9 13 0.13670012 
76 235 7 9 0.13607357 
61 215 7 9 0.1358251 
281 362 7 10 0.1357214 
954 303 8 10 0.13475257 
243 275 5 7 0.13419318 
292 329 6 10 0.13359179 
345 294 5 7 0.13317671 
20 201 7 10 0.13298552 
373 281 5 7 0.13281836 
274 312 5 7 0.13265064 
347 269 4 6 0.1321769 
379 293 4 7 0.13202064 
442 346 4 7 0.13170952 
449 306 3 6 0.1316974 
248 252 4 5 0.13162781 
65 210 7 9 0.13120149 
82 265 8 13 0.13080947 
436 299 4 7 0.13058183 
200 235 4 6 0.1300633 
325 317 6 11 0.13005431 
184 307 5 8 0.1297487 
113 366 8 13 0.12974203 
154 237 4 6 0.12897907 
218 324 6 9 0.12793778 
453 357 5 8 0.12792122 
123 254 7 9 0.12712823 
26 174 6 7 0.12680265 
399 324 5 8 0.12672962 
282 292 6 8 0.12670279 
499 315 4 6 0.12612642 
186 250 5 6 0.12560302 
437 309 4 6 0.12473935 
487 296 4 5 0.1241075 
248 255 4 7 0.12394548 
68 204 6 9 0.123806104 
335 305 5 9 0.12360902 
454 318 4 7 0.123397924 
69 234 7 10 0.12303628 
468 302 3 6 0.122885466 
467 364 6 9 0.12262822 
443 288 4 5 0.122467145 
190 364 8 10 0.12095662 
44 155 5 7 0.1209407 
442 305 5 7 0.12078796 
9 227 6 10 0.12051232 
212 281 5 8 0.12051024 
467 307 4 6 0.120416574 
232 350 6 8 0.119513616 
434 350 5 8 0.11926324 
467 355 6 9 0.11909265 
421 380 6 12 0.11905986 
532 315 3 5 0.11872678 
358 258 3 4 0.118342355 
531 359 4 7 0.11808308 
288 275 4 7 0.11780503 
467 345 5 8 0.11769827 
133 229 6 7 0.11723447 
177 339 6 9 0.11722877 
30 243 6 9 0.11597204 
223 240 4 4 0.115905106 
950 334 9 16 0.115740135 
352 287 5 7 0.11568467 
512 307 4 6 0.11498042 
48 210 7 9 0.11443161 
437 288 3 5 0.114073336 
181 286 6 8 0.11402604 
372 265 3 5 0.11372615 
403 324 5 8 0.11335926 
248 319 7 9 0.113323696 
251 286 4 7 0.11303096 
87 253 7 13 0.11302952 
204 237 4 5 0.11291466 
384 270 3 6 0.112824656 
134 249 6 8 0.11253772 
64 182 8 9 0.112286635 
95 241 6 10 0.11225161 
251 343 6 8 0.11220476 
456 288 3 6 0.112170294 
30 222 5 10 0.11212358 
95 194 5 6 0.112102404 
35 299 7 11 0.11182884 
218 242 5 7 0.11181534 
428 375 5 10 0.11161059 
224 242 4 6 0.11160712 
209 268 6 8 0.11127686 
204 376 7 9 0.11112609 
175 243 5 6 0.11100891 
249 376 6 10 0.1104459 
37 186 6 7 0.110187136 
315 280 5 8 0.11005976 
481 302 4 6 0.10989437 
513 330 5 7 0.10966098 
376 280 4 8 0.10899466 
332 336 6 8 0.10863355 
437 282 3 6 0.10855483 
312 288 6 7 0.10830301 
326 258 4 5 0.10828391 
29 277 8 13 0.108278446 
91 235 6 8 0.10816434 
499 319 4 5 0.1080038 
423 371 6 10 0.107921965 
97 266 6 11 0.10741767 
11 275 10 14 0.10715211 
1011 394 6 7 0.107051186 
406 337 5 9 0.106873155 
520 314 4 5 0.10686423 
341 257 4 6 0.10677733 
315 331 6 9 0.10644978 
83 224 6 7 0.10641548 
462 295 4 6 0.106342204 
456 376 5 8 0.10599617 
201 268 5 7 0.10599029 
360 276 4 6 0.10557887 
269 306 6 9 0.105316 
254 326 7 10 0.10501809 
476 291 3 4 0.10480466 
468 314 4 6 0.104760155 
97 228 6 8 0.10427121 
82 247 8 13 0.10421194 
206 273 5 8 0.104171485 
149 293 7 10 0.103993565 
478 324 5 9 0.103260726 
221 280 5 9 0.10322115 
345 263 4 6 0.10317783 
338 288 5 7 0.103045166 
398 290 4 6 0.10299531 
153 286 6 8 0.10285895 
120 302 8 11 0.102482334 
414 293 5 8 0.10234452 
173 340 6 9 0.102230296 
88 230 6 8 0.10193032 
411 292 5 8 0.101765335 
142 225 5 5 0.10071222 
180 305 7 9 0.10040551 
204 300 5 8 0.100257225 
167 317 6 9 0.099326365 
270 251 4 5 0.09930674 
315 313 4 8 0.09923603 
159 225 4 5 0.09896068 
224 287 4 8 0.09891409 
365 270 3 5 0.098816186 
101 292 7 10 0.09878978 
507 302 4 5 0.0981474 
80 285 8 13 0.097837865 
410 275 4 6 0.09777701 
418 270 3 5 0.0977159 
487 307 4 6 0.09763026 
492 340 4 7 0.09760917 
126 258 8 12 0.09754932 
209 273 6 9 0.09735926 
257 244 3 5 0.09679619 
283 275 5 7 0.09673583 
507 358 5 7 0.09671592 
448 294 4 6 0.09666712 
103 204 5 7 0.09634057 
474 344 5 8 0.096141815 
181 351 8 10 0.096138775 
301 251 4 5 0.096069306 
494 307 4 6 0.09585838 
381 376 6 11 0.09570347 
327 354 7 12 0.095548764 
354 263 3 5 0.095406495 
441 313 4 7 0.095243484 
244 300 6 8 0.09509639 
454 391 5 9 0.09509142 
432 276 3 5 0.094611384 
193 307 6 7 0.094393656 
544 345 5 9 0.09401597 
340 261 5 7 0.093926124 
233 281 5 7 0.09392002 
132 253 7 10 0.09374105 
351 270 4 5 0.09353878 
508 307 4 6 0.093399756 
468 295 3 4 0.09328602 
412 306 4 8 0.09322052 
430 319 4 6 0.09317055 
422 326 4 6 0.09304133 
481 340 4 7 0.09285774 
526 358 4 7 0.092721626 
96 197 6 7 0.09258353 
530 390 5 8 0.09252609 
205 269 6 8 0.09237467 
366 281 4 7 0.092256315 
127 305 7 10 0.09220055 
289 338 7 11 0.09216007 
180 248 5 8 0.092075825 
111 332 5 9 0.09206989 
447 336 5 8 0.09199486 
306 342 5 9 0.091906 
295 244 3 5 0.09188108 
30 173 6 7 0.09186115 
526 314 3 5 0.09155483 
479 320 4 7 0.09152858 
318 332 6 9 0.091519244 
474 389 8 10 0.09133643 
101 223 7 10 0.09121307 
41 259 8 12 0.09113287 
217 255 5 7 0.09109602 
424 301 4 6 0.090969816 
378 276 4 6 0.09088349 
291 244 3 5 0.090752676 
403 288 5 7 0.090610184 
461 283 2 4 0.09059247 
383 274 5 7 0.09011762 
263 257 3 5 0.09007751 
376 288 5 7 0.08997793 
224 306 7 8 0.08982425 
290 422 6 9 0.0895525 
195 231 4 6 0.08929314 
457 302 3 5 0.08907125 
428 381 6 10 0.08903911 
500 359 4 7 0.08852212 
320 318 5 10 0.0884524 
257 260 4 6 0.08835779 
82 198 6 7 0.08828491 
37 330 8 9 0.08810158 
511 302 4 5 0.08806508 
475 383 7 8 0.08798531 
326 294 5 6 0.087971404 
249 238 3 4 0.087801024 
462 373 5 7 0.08763478 
93 272 7 13 0.08762314 
66 233 6 11 0.08757028 
542 308 5 6 0.087541334 
520 327 5 7 0.08747265 
361 271 3 5 0.087289244 
519 309 3 5 0.086923145 
94 236 5 8 0.08668454 
341 294 5 7 0.08653764 
72 216 6 9 0.08640844 
207 313 5 9 0.08626231 
923 372 4 7 0.086223155 
401 313 5 7 0.08595138 
43 221 7 11 0.085861035 
321 285 5 7 0.085781716 
520 320 4 6 0.08568477 
500 295 3 5 0.085620016 
526 392 5 7 0.085596345 
239 276 4 7 0.08532768 
35 317 9 12 0.08506485 
256 286 5 8 0.08504397 
499 392 5 6 0.085041575 
326 268 4 6 0.085020415 
78 203 6 8 0.08478656 
281 318 5 7 0.08471747 
42 346 7 9 0.08457058 
519 359 4 7 0.08452119 
212 245 4 6 0.084423214 
198 263 5 6 0.08415719 
309 329 5 10 0.08406829 
474 376 6 8 0.08390311 
450 314 4 6 0.08388335 
422 395 6 9 0.08380218 
225 220 3 4 0.08367836 
902 350 5 8 0.08362596 
206 243 4 6 0.08361986 
480 314 4 6 0.08356613 
456 284 3 4 0.083563715 
135 211 5 6 0.08332483 
448 320 5 7 0.083211735 
159 243 5 7 0.08312863 
121 339 7 9 0.08312017 
89 399 9 10 0.08310628 
507 314 4 6 0.083085045 
532 319 4 6 0.08308127 
889 379 3 6 0.08305517 
211 298 5 8 0.08266769 
410 271 3 5 0.082613856 
256 282 4 6 0.08251198 
436 271 3 5 0.08247133 
312 326 6 10 0.082455665 
422 276 4 5 0.08222168 
156 243 5 6 0.08217852 
239 261 4 8 0.08202537 
492 364 4 6 0.081828944 
283 281 5 7 0.08160399 
175 299 5 8 0.081602156 
366 312 5 9 0.081419945 
243 260 5 8 0.08127069 
114 336 6 9 0.08118326 
309 319 5 8 0.0810759 
316 275 4 7 0.08104716 
193 312 6 9 0.08103679 
263 305 6 9 0.08098042 
52 316 9 13 0.080953985 
499 327 5 7 0.08095188 
295 299 4 6 0.08094522 
18 193 6 8 0.08092249 
333 282 4 6 0.08088139 
182 268 5 7 0.08078917 
187 279 6 8 0.08078085 
383 296 4 6 0.08058058 
326 312 6 10 0.08057161 
1018 394 6 8 0.079917334 
418 311 4 7 0.07976992 
920 313 9 11 0.07964531 
31 177 5 7 0.079339825 
12 204 6 9 0.07927213 
384 311 5 8 0.07916504 
302 295 4 7 0.079160005 
211 383 8 11 0.07908924 
382 395 6 10 0.07895279 
171 275 6 8 0.0787389 
379 379 6 11 0.07873186 
218 223 4 6 0.078638874 
525 351 4 7 0.078565024 
482 353 4 7 0.078403726 
258 239 3 3 0.07836315 
52 178 6 8 0.07830768 
507 297 3 4 0.07824375 
316 254 3 6 0.078190334 
243 269 4 6 0.07800093 
331 351 5 8 0.07795843 
448 284 3 4 0.07749642 
232 239 3 4 0.077470206 
306 255 4 6 0.07745368 
416 301 4 7 0.077356525 
267 347 8 11 0.07734146 
442 350 5 8 0.0771836 
257 258 4 4 0.07691442 
493 351 5 7 0.07691151 
204 383 7 10 0.0766329 
37 413 10 16 0.07639927 
455 295 3 5 0.07624031 
423 388 6 11 0.07615855 
461 395 8 10 0.07612639 
494 314 4 6 0.07600475 
480 344 4 6 0.07598696 
931 402 4 7 0.075588524 
154 250 5 6 0.07550131 
308 244 3 4 0.075448535 
45 216 7 9 0.07537969 
444 338 4 7 0.07526635 
430 290 3 5 0.07512705 
537 321 4 5 0.075073436 
229 357 6 8 0.07507306 
93 381 8 9 0.07505998 
346 251 3 5 0.074857965 
416 288 4 6 0.07473288 
91 210 6 8 0.074531056 
163 269 5 8 0.07441389 
319 312 5 9 0.07441344 
429 299 4 7 0.07434516 
166 232 3 4 0.07429226 
268 281 4 6 0.07428404 
428 308 4 6 0.074283086 
546 362 5 9 0.074164845 
230 292 6 9 0.07415623 
209 421 8 13 0.07414929 
234 346 7 9 0.074059874 
239 239 3 4 0.07404065 
205 295 4 7 0.07403615 
301 299 4 6 0.07391218 
391 317 6 9 0.07373628 
383 354 5 10 0.07366371 
313 318 5 9 0.073512316 
500 351 4 6 0.07349443 
431 330 5 7 0.0732894 
297 249 3 6 0.073230125 
217 329 8 11 0.07322297 
102 200 4 5 0.07314713 
495 290 3 4 0.07303665 
379 299 4 8 0.07287967 
178 262 5 8 0.07281337 
489 378 5 6 0.07281266 
441 332 5 8 0.072797924 
538 313 4 6 0.07276867 
370 310 6 10 0.07259516 
160 248 4 6 0.07257782 
422 282 3 6 0.07219616 
393 292 4 7 0.07215352 
220 238 4 5 0.07211413 
436 389 6 9 0.072064914 
456 270 3 5 0.07199592 
393 269 3 6 0.07186908 
133 226 6 6 0.07166429 
268 301 4 6 0.0715832 
109 225 6 7 0.071579196 
173 255 6 8 0.07151292 
345 281 4 6 0.07140782 
302 245 3 4 0.07135759 
162 273 6 8 0.07135297 
495 320 4 5 0.071265176 
150 255 4 6 0.07116018 
256 275 5 7 0.071033694 
545 356 5 10 0.070984066 
348 288 4 7 0.07096601 
283 270 4 5 0.07089722 
520 331 4 7 0.07088159 
302 325 5 9 0.070873454 
148 219 4 5 0.07082066 
217 295 4 7 0.070441194 
525 320 4 5 0.07032801 
372 251 3 5 0.070305824 
316 252 3 5 0.07025304 
405 275 3 5 0.070131175 
135 206 4 6 0.07010846 
224 311 7 9 0.06982874 
473 352 4 7 0.06951696 
437 346 4 6 0.069379106 
91 214 7 9 0.06927787 
303 255 4 7 0.06911483 
372 268 4 5 0.06904341 
263 262 4 6 0.068942904 
367 265 3 4 0.06884602 
390 339 4 7 0.06876387 
277 256 3 6 0.068717785 
405 271 3 5 0.06867921 
241 313 7 9 0.06865851 
250 234 3 3 0.06859433 
243 244 3 4 0.068263635 
211 312 6 8 0.06819383 
164 300 6 9 0.06818188 
876 337 4 8 0.06814465 
3 409 14 20 0.067960404 
508 382 6 7 0.0679371 
344 257 4 5 0.06764883 
257 251 4 4 0.067441545 
186 262 5 7 0.06743948 
215 389 8 9 0.06732065 
398 275 3 6 0.06724599 
245 279 4 7 0.06709514 
324 342 6 10 0.06699781 
314 306 5 8 0.066987865 
404 293 4 7 0.06689044 
456 263 2 4 0.066801965 
197 256 4 7 0.06653572 
154 221 4 4 0.06647609 
877 334 4 7 0.06645889 
902 346 4 6 0.06639156 
38 207 6 9 0.06634842 
110 260 7 12 0.066207044 
373 302 4 6 0.066203594 
229 300 5 7 0.066127874 
529 394 6 9 0.066122435 
474 340 5 7 0.066108555 
194 225 3 5 0.066071786 
128 310 7 11 0.066045865 
237 286 4 8 0.065997876 
113 345 6 8 0.06595875 
766 215 44 57 0.065948255 
206 371 6 9 0.06562837 
201 408 8 11 0.065606765 
45 237 7 9 0.06547949 
200 294 5 8 0.06544951 
539 345 4 6 0.06525454 
134 237 6 7 0.06524772 
226 302 5 6 0.065238096 
167 237 4 5 0.06521583 
179 282 6 7 0.06516973 
161 431 9 14 0.06501738 
354 319 6 9 0.06488388 
361 323 9 13 0.064851396 
238 232 3 3 0.06453476 
83 244 7 8 0.06435814 
513 296 3 4 0.06429542 
68 230 6 8 0.06423263 
274 250 3 5 0.064212725 
499 290 3 4 0.06419559 
173 305 7 9 0.06412872 
391 344 5 8 0.06412032 
507 328 4 6 0.06409431 
418 275 4 5 0.06400935 
236 226 3 4 0.06379556 
249 277 4 6 0.063635886 
379 269 4 5 0.06327008 
275 275 5 7 0.06324086 
257 312 6 8 0.06312281 
198 225 3 4 0.063091256 
553 309 2 5 0.06300044 
125 185 4 7 0.06299849 
410 262 3 6 0.062978335 
242 307 6 7 0.06297382 
247 382 8 12 0.06282533 
254 350 7 9 0.062810965 
154 231 4 5 0.062806554 
231 226 4 4 0.062765844 
431 270 3 5 0.06270438 
425 296 3 6 0.06270337 
1 281 5 11 0.06267102 
513 321 4 6 0.0625889 
264 251 3 4 0.06253593 
328 383 6 9 0.062442552 
125 299 7 10 0.06243755 
185 311 6 8 0.06232712 
175 261 5 8 0.062137153 
358 262 3 5 0.062054243 
538 326 4 6 0.062032834 
173 279 5 8 0.06196524 
424 320 4 7 0.061938733 
199 220 4 4 0.06186774 
192 260 5 7 0.061615184 
295 269 4 5 0.061615027 
373 277 4 6 0.06157042 
115 190 4 7 0.061458133 
526 338 4 7 0.061336882 
418 324 5 7 0.061273243 
52 184 6 8 0.061239716 
173 248 6 7 0.061223343 
222 274 5 8 0.061217114 
97 310 7 10 0.061212268 
115 351 7 9 0.06118175 
294 239 3 5 0.061173357 
469 324 5 8 0.061060507 
104 209 6 8 0.06099165 
114 223 6 8 0.060888033 
160 281 6 8 0.060853876 
406 333 4 7 0.06080753 
179 362 8 12 0.060660917 
519 338 5 7 0.06049375 
10 358 9 10 0.06046627 
200 320 5 9 0.06039094 
422 287 4 6 0.060339306 
336 444 9 11 0.060325418 
531 327 4 6 0.060284995 
65 159 4 6 0.06023885 
525 345 5 7 0.06014559 
473 356 5 8 0.06009554 
58 280 6 11 0.060073074 
377 257 3 5 0.059944108 
212 249 4 5 0.059845958 
922 376 4 6 0.059809934 
342 252 2 4 0.0597434 
253 336 8 9 0.05971987 
1006 339 5 6 0.059687715 
533 378 5 8 0.05968551 
886 379 3 5 0.059537794 
166 256 6 7 0.059530556 
239 406 9 14 0.05952279 
368 318 7 11 0.05947976 
245 234 2 3 0.059453018 
217 369 6 10 0.05934304 
342 267 4 7 0.05930068 
108 403 6 8 0.05927162 
14 192 5 8 0.059238695 
236 293 6 9 0.05920906 
413 420 7 13 0.05916384 
527 363 5 7 0.05914086 
314 338 6 8 0.05907197 
183 219 3 4 0.059002526 
421 399 5 9 0.05897829 
411 289 4 6 0.058778215 
357 285 5 8 0.058720324 
309 288 5 8 0.058572415 
127 190 5 6 0.058528632 
290 264 3 5 0.058497675 
135 217 4 5 0.058433328 
507 378 5 7 0.05843219 
456 351 4 7 0.058390643 
178 254 6 8 0.058297142 
487 290 3 4 0.05824893 
44 248 8 10 0.05821436 
207 281 4 7 0.05819707 
435 384 5 9 0.058090772 
116 187 4 7 0.058083188 
135 292 8 12 0.058075305 
344 299 5 9 0.058033634 
161 238 4 6 0.05793275 
5 251 6 15 0.057776764 
65 278 6 12 0.05767203 
557 356 5 9 0.057642806 
251 244 3 5 0.057638925 
442 277 2 4 0.057615478 
396 307 4 8 0.057508808 
82 233 7 9 0.057504997 
545 378 4 7 0.057486795 
309 297 6 9 0.05739358 
191 251 4 5 0.057360943 
197 374 7 10 0.057351332 
149 251 5 6 0.05725941 
392 275 4 6 0.057231933 
482 363 5 7 0.05717433 
236 249 4 6 0.057054512 
15 196 6 7 0.057036765 
556 309 3 5 0.056903582 
77 209 5 8 0.056819793 
334 276 4 6 0.05677216 
531 340 4 6 0.05673847 
396 346 5 7 0.056670748 
282 263 4 4 0.056637444 
498 383 5 6 0.056610506 
526 309 3 5 0.056518447 
257 358 6 8 0.056440063 
153 269 5 8 0.05643552 
184 300 5 7 0.05634457 
275 281 4 6 0.056255937 
214 255 4 7 0.05606666 
226 251 3 5 0.055986702 
885 398 3 5 0.05598557 
417 283 4 5 0.055962693 
200 243 4 7 0.05574631 
71 166 5 9 0.055654004 
190 351 6 9 0.055629354 
537 296 3 4 0.055614956 
518 394 5 8 0.055530563 
397 270 3 5 0.055429794 
320 252 2 4 0.055310875 
268 275 5 7 0.055310603 
374 257 3 4 0.055250462 
446 345 5 8 0.0550923 
383 368 6 11 0.054971218 
538 379 3 7 0.054736365 
513 290 3 4 0.05457308 
277 318 5 7 0.054383546 
249 351 7 8 0.054312453 
78 231 6 8 0.054173164 
392 263 4 6 0.05411478 
300 274 6 9 0.054062374 
448 363 5 7 0.05405252 
379 368 4 9 0.05404024 
84 193 5 7 0.05401785 
408 325 5 8 0.054009777 
551 377 4 8 0.053940583 
121 218 5 6 0.05388442 
391 325 5 8 0.053814456 
192 318 6 8 0.053809937 
243 356 7 9 0.053692322 
19 228 7 10 0.053628046 
486 353 4 6 0.053612582 
289 269 3 6 0.05355346 
463 364 5 7 0.05354181 
140 211 4 5 0.053512413 
80 390 10 10 0.053449336 
500 364 4 6 0.053306557 
269 367 8 13 0.053272855 
251 262 3 5 0.05319696 
315 244 3 4 0.053023502 
500 371 6 7 0.053006265 
270 238 3 4 0.052946735 
0 211 5 10 0.0528332 
254 345 7 8 0.052806225 
231 288 5 8 0.05255707 
270 245 4 4 0.05252136 
404 283 4 5 0.05250941 
142 218 4 6 0.052505363 
372 244 2 5 0.05244709 
114 269 8 15 0.05222844 
199 288 4 7 0.052205898 
214 219 4 5 0.05217329 
461 278 2 4 0.051948983 
225 358 6 7 0.051903512 
199 248 4 7 0.051711857 
437 359 5 7 0.051709868 
242 400 8 12 0.05169556 
307 252 3 4 0.051634748 
51 173 5 7 0.05162424 
31 228 6 10 0.051549703 
42 332 6 8 0.051540293 
350 310 5 9 0.05153574 
225 225 4 5 0.05148665 
538 341 4 6 0.051397353 
211 307 7 8 0.051384225 
545 383 5 7 0.05131358 
282 244 3 4 0.05123176 
286 280 5 7 0.051204246 
335 302 4 7 0.05109376 
102 272 7 13 0.05109092 
482 270 3 5 0.050785273 
269 264 4 5 0.050672278 
147 361 7 10 0.05061225 
211 367 7 11 0.050565902 
147 224 4 5 0.05052613 
205 234 3 4 0.050507512 
456 276 4 5 0.05039113 
500 301 4 6 0.05037922 
142 230 4 5 0.050306216 
72 403 13 10 0.050226744 
197 310 6 10 0.050204903 
1019 312 5 9 0.050060943 
74 388 11 10 0.05003977 
886 353 4 6 0.050008167 
165 261 6 7 0.050005894 
170 319 7 9 0.04996753 
366 293 5 7 0.04988041 
506 332 4 6 0.04987189 
274 349 7 10 0.04986494 
0 262 5 12 0.04978865 
437 320 3 6 0.049658407 
294 263 4 6 0.049638607 
889 353 4 6 0.049567964 
405 343 5 9 0.049477022 
124 375 6 10 0.049399182 
41 154 5 6 0.049379785 
327 275 4 6 0.04937103 
160 287 5 8 0.04935112 
404 256 3 5 0.049321063 
82 215 6 9 0.049264394 
19 291 9 11 0.049255867 
230 327 6 8 0.04923348 
130 204 4 6 0.049168937 
954 374 6 12 0.049028814 
447 381 5 9 0.049002476 
321 349 7 11 0.048806872 
334 256 4 5 0.04862058 
651 221 49 57 0.048599564 
355 258 3 5 0.048492145 
273 356 7 12 0.04844122 
540 350 4 8 0.048437767 
188 356 8 10 0.04842686 
262 245 4 4 0.04841272 
506 283 3 4 0.048384268 
533 308 3 5 0.04833388 
265 234 2 3 0.048312146 
96 205 5 6 0.048299607 
206 263 5 6 0.048210435 
198 279 4 7 0.048191883 
551 370 4 8 0.048173748 
300 270 5 6 0.04816754 
461 351 5 7 0.048058473 
424 264 3 4 0.048022326 
468 284 3 4 0.047987282 
348 238 4 5 0.047953792 
502 283 3 4 0.047928546 
15 167 4 6 0.047907453 
218 231 4 5 0.04787897 
214 223 4 5 0.04784707 
228 307 6 7 0.04783153 
368 307 5 8 0.04778174 
33 197 7 8 0.047772758 
916 313 7 10 0.047691047 
129 397 6 7 0.047685105 
270 269 4 5 0.047647025 
520 296 3 4 0.04763304 
81 276 9 14 0.047622595 
174 220 3 4 0.047541343 
282 257 3 6 0.04753725 
419 350 5 8 0.047488663 
462 263 3 5 0.0474805 
520 352 4 6 0.04746802 
281 314 4 7 0.047455236 
332 372 8 16 0.0474142 
12 223 6 9 0.04728014 
455 372 5 6 0.047237024 
889 358 5 9 0.047190417 
389 357 5 9 0.047135025 
422 270 3 5 0.047078915 
155 260 5 7 0.04703704 
169 394 10 11 0.04700039 
209 332 7 10 0.046937563 
493 283 3 4 0.04691902 
850 370 4 7 0.046593875 
865 316 3 5 0.04658846 
398 251 4 5 0.046514887 
424 339 5 8 0.046463393 
551 314 3 4 0.04646031 
494 269 3 5 0.046367384 
43 310 8 12 0.046267603 
301 284 6 9 0.04621759 
423 332 5 7 0.046180997 
91 194 5 6 0.04617621 
109 277 7 13 0.046105236 
334 252 2 4 0.04606138 
295 274 5 7 0.045987673 
156 345 6 9 0.04596104 
171 383 8 9 0.045947567 
334 264 3 5 0.045913145 
453 364 5 7 0.045883074 
512 313 4 6 0.045858905 
193 220 3 5 0.045804303 
161 230 5 5 0.045796983 
531 332 4 5 0.04578044 
427 372 5 8 0.045684714 
123 387 8 8 0.045621414 
498 347 4 6 0.045617167 
475 270 3 4 0.045509245 
276 270 3 5 0.045264553 
84 161 5 7 0.045196287 
151 362 10 11 0.045190122 
244 352 6 7 0.045177378 
284 250 3 5 0.045152355 
76 222 6 8 0.0451318 
398 281 3 6 0.04512632 
232 275 4 7 0.045117028 
485 397 5 7 0.045027275 
19 223 7 8 0.044983115 
31 413 7 14 0.044982865 
327 243 3 5 0.044931374 
510 379 5 6 0.0449226 
24 199 5 7 0.044807173 
225 293 5 7 0.044806518 
187 213 4 5 0.0447729 
165 406 9 11 0.044727277 
431 281 3 5 0.044716828 
261 339 7 8 0.0447149 
531 352 4 7 0.04469819 
550 383 4 7 0.044694487 
328 251 3 5 0.044670634 
512 353 5 6 0.044637036 
505 353 5 6 0.04461971 
276 288 5 7 0.04457771 
417 250 3 5 0.044409692 
222 412 9 14 0.04436547 
322 244 4 5 0.044213016 
507 319 3 5 0.04418915 
229 370 7 10 0.044148017 
377 264 3 4 0.044141144 
820 353 44 64 0.044063613 
899 347 4 6 0.044032298 
319 324 6 9 0.04396845 
54 399 9 11 0.043899342 
218 250 4 5 0.043842215 
545 341 3 5 0.043834955 
96 306 7 10 0.043774188 
462 358 5 7 0.043697935 
79 178 5 7 0.04368467 
538 301 3 5 0.04359372 
872 422 5 8 0.043542158 
15 217 4 8 0.043528367 
352 238 3 5 0.043487817 
915 354 4 5 0.04342468 
994 331 6 8 0.043419734 
359 252 3 4 0.04331155 
180 275 5 7 0.043279514 
270 296 4 5 0.043197233 
15 171 6 7 0.043184843 
147 287 6 9 0.043163083 
549 364 4 8 0.043158133 
417 321 5 7 0.043040317 
538 404 5 7 0.04302105 
296 280 5 8 0.04301697 
131 321 8 14 0.042777617 
371 328 9 15 0.042684402 
468 340 4 7 0.04268141 
386 286 4 7 0.042678926 
512 343 5 8 0.042651583 
889 367 5 8 0.04262713 
148 231 4 5 0.04247541 
360 294 3 6 0.042455304 
207 248 4 7 0.042451117 
222 319 7 7 0.042422924 
997 332 5 7 0.04235922 
88 387 10 10 0.042347457 
126 293 7 11 0.04231471 
289 249 3 5 0.042308975 
411 301 4 7 0.042244222 
52 166 5 6 0.0421863 
160 294 5 9 0.04214866 
474 264 3 4 0.04208198 
533 344 4 7 0.042080536 
533 302 4 5 0.041976422 
392 350 5 9 0.041922785 
352 243 3 5 0.041845717 
487 371 5 7 0.041821003 
309 240 2 4 0.04180727 
39 236 5 8 0.041798335 
90 197 6 7 0.04170901 
519 291 3 4 0.0416939 
863 396 5 7 0.041643422 
111 336 6 8 0.041642573 
960 251 3 4 0.041606043 
327 333 5 8 0.041599877 
240 268 3 6 0.04158477 
543 404 5 8 0.041531764 
70 222 7 9 0.041441545 
185 376 6 9 0.041301433 
139 422 7 11 0.041295126 
248 356 7 9 0.04127412 
115 217 6 7 0.041270364 
219 269 4 7 0.04122573 
276 245 3 4 0.04121116 
823 11 8 8 0.04119948 
18 235 7 10 0.04105937 
234 387 8 11 0.04105238 
76 186 5 7 0.040810216 
499 378 5 7 0.040809464 
65 198 7 8 0.04079789 
122 268 6 10 0.040748272 
198 412 8 12 0.040688194 
531 371 4 6 0.040534046 
32 431 9 15 0.04051478 
410 282 4 5 0.040459525 
884 331 3 7 0.04045592 
367 251 3 5 0.040452994 
1020 308 5 8 0.04038613 
33 167 4 6 0.04031506 
211 263 4 6 0.040186897 
450 262 3 5 0.040117286 
108 206 6 7 0.040106907 
44 197 6 7 0.04007478 
537 388 4 7 0.040066108 
879 397 3 5 0.04005513 
455 259 3 4 0.039978545 
391 331 4 8 0.039969705 
205 219 3 4 0.03986795 
250 269 4 6 0.039833125 
558 313 3 4 0.039809577 
429 340 4 6 0.039792966 
339 277 4 5 0.039778683 
1018 318 6 10 0.039767254 
288 395 7 9 0.039763894 
418 264 3 5 0.03972546 
444 263 3 5 0.039710935 
359 366 6 12 0.039693043 
224 372 5 8 0.03959934 
89 206 5 6 0.039584965 
472 364 5 8 0.039557256 
263 238 3 4 0.039456572 
396 350 5 8 0.03940069 
34 289 8 13 0.039318863 
507 363 4 7 0.03928858 
114 319 4 9 0.03927865 
256 270 4 6 0.039273076 
314 239 3 4 0.039192934 
147 282 6 8 0.03917991 
342 362 9 16 0.03914463 
20 266 9 11 0.03910858 
469 264 3 3 0.039106306 
159 256 5 7 0.039078884 
327 239 3 5 0.03907284 
351 345 6 12 0.039041635 
498 395 6 7 0.03902205 
230 220 3 4 0.038992614 
899 392 3 5 0.038818505 
194 235 5 6 0.03878052 
282 300 5 7 0.03877967 
139 261 6 8 0.03877137 
39 159 5 7 0.038765326 
57 184 7 8 0.038727827 
250 325 7 8 0.03866911 
882 356 13 22 0.038656738 
520 346 3 6 0.038619958 
329 426 5 7 0.038552508 
210 324 7 10 0.03847891 
890 398 3 5 0.038444456 
440 390 6 9 0.038435977 
368 244 3 5 0.03836192 
910 353 4 6 0.038345404 
449 370 5 7 0.038187582 
172 324 6 8 0.03814791 
231 255 4 7 0.03795914 
7 192 6 8 0.03795779 
449 278 3 3 0.03792989 
382 346 5 8 0.03792319 
291 239 3 5 0.03789585 
129 218 4 4 0.037875295 
1020 344 6 9 0.037856814 
162 312 6 10 0.037817482 
244 295 4 7 0.037794486 
106 384 6 8 0.037773173 
307 280 5 9 0.037772417 
78 173 6 8 0.037754152 
261 362 6 8 0.037717592 
5 276 8 14 0.03760522 
436 252 3 4 0.03746121 
364 367 5 10 0.037426986 
178 343 6 8 0.03741066 
545 370 4 7 0.037405133 
508 290 2 4 0.037336294 
869 445 9 11 0.037325483 
481 285 3 3 0.03727427 
128 235 7 8 0.03724147 
65 166 5 7 0.037175186 
359 348 6 12 0.0371485 
348 244 3 4 0.037096854 
91 325 6 9 0.03708982 
232 231 4 4 0.03702047 
501 271 3 4 0.037003558 
74 324 7 11 0.03695902 
221 394 8 11 0.03681624 
463 259 2 4 0.036814563 
173 239 4 5 0.03679894 
475 332 5 7 0.036767647 
448 352 4 6 0.036748428 
92 295 9 13 0.036690656 
187 222 4 6 0.036673676 
130 212 4 6 0.036615986 
520 302 3 4 0.03658374 
895 365 4 6 0.03654633 
410 258 3 5 0.036533963 
244 287 4 6 0.036487624 
479 394 7 9 0.036412716 
335 232 3 4 0.03634687 
185 346 7 7 0.036336217 
260 370 7 10 0.03630993 
104 236 4 7 0.036305428 
138 378 6 8 0.036287736 
889 403 3 4 0.036266357 
406 263 3 5 0.03626101 
526 296 2 4 0.036222003 
180 331 6 9 0.036218222 
399 255 3 6 0.03620632 
238 307 6 6 0.036194876 
863 391 3 5 0.03614807 
504 372 5 6 0.036143947 
1010 275 4 7 0.036132485 
137 350 9 11 0.036106404 
277 262 3 5 0.036062554 
5 207 7 11 0.036050625 
321 296 4 5 0.0360457 
437 363 6 7 0.036040563 
269 255 4 5 0.035993736 
372 367 5 8 0.03594168 
181 224 4 5 0.035935625 
149 237 5 5 0.035862368 
270 287 5 6 0.035844218 
890 392 3 4 0.035829574 
863 384 4 6 0.035784703 
51 199 6 7 0.03578409 
184 295 5 7 0.03574732 
63 189 8 9 0.03573112 
191 346 6 7 0.035556242 
886 384 3 6 0.035533138 
45 226 7 10 0.035499312 
185 407 8 14 0.035479084 
494 391 5 7 0.035464942 
350 293 5 7 0.03545947 
0 291 4 10 0.035456654 
902 391 4 6 0.03543792 
125 414 9 10 0.035426628 
249 371 7 9 0.03538299 
333 244 4 5 0.03535842 
316 270 3 5 0.03525989 
867 473 26 27 0.035229266 
398 357 5 8 0.035227783 
496 395 4 6 0.03522077 
263 269 4 6 0.03517911 
33 202 6 9 0.03514884 
1010 339 5 6 0.035101023 
489 277 2 4 0.03509641 
236 418 10 17 0.03505857 
872 345 5 9 0.03496214 
487 270 3 4 0.034925524 
489 283 3 4 0.03487621 
309 314 4 7 0.034778826 
359 315 6 8 0.034739014 
911 314 4 7 0.034639943 
161 220 2 4 0.034574293 
289 307 4 6 0.034551747 
325 324 6 8 0.034532923 
257 308 5 7 0.034529626 
872 384 5 7 0.034514133 
487 402 5 7 0.034508683 
82 178 5 7 0.034461353 
301 321 4 7 0.034452297 
117 247 7 9 0.03442729 
922 310 6 7 0.034398485 
366 300 4 7 0.034391075 
480 332 4 7 0.034353703 
164 413 9 10 0.03434847 
231 261 4 7 0.034345135 
-1 339 13 23 0.034210935 
998 302 5 6 0.03415714 
544 313 3 5 0.034137607 
135 377 6 9 0.034119952 
334 238 3 5 0.034063995 
475 284 2 4 0.034007892 
123 260 6 9 0.033997536 
415 333 4 8 0.03396627 
548 350 5 9 0.03394581 
533 296 3 4 0.033941448 
133 401 6 9 0.033846747 
493 278 3 4 0.033788454 
875 446 7 9 0.03376366 
114 206 5 6 0.033723164 
877 358 4 6 0.03368798 
236 299 7 9 0.0336871 
347 232 3 4 0.033674583 
295 255 4 7 0.03365366 
366 368 16 29 0.033626813 
436 257 3 4 0.03361722 
276 239 3 4 0.033534754 
100 317 6 11 0.033533864 
545 321 3 5 0.033526734 
896 397 4 5 0.033492643 
302 240 3 4 0.033448942 
47 172 5 7 0.033418607 
413 337 5 9 0.0334017 
48 236 7 9 0.033384245 
540 372 3 6 0.033337176 
101 307 5 8 0.03332804 
442 270 3 5 0.0333095 
79 310 6 10 0.033297863 
871 327 3 5 0.033280782 
449 258 3 4 0.033269368 
269 317 5 7 0.033251263 
330 362 10 17 0.033223253 
646 76 17 27 0.03316706 
122 234 6 7 0.033156343 
184 368 8 11 0.0331412 
167 305 5 8 0.03310322 
162 425 10 13 0.03306001 
865 319 3 5 0.032964636 
52 160 5 6 0.032931082 
322 238 3 5 0.032910865 
404 299 5 7 0.0328944 
32 233 6 10 0.03288985 
180 376 6 9 0.032844316 
213 232 3 5 0.03284286 
955 297 4 5 0.032806456 
866 352 4 7 0.032773837 
343 436 6 8 0.03273614 
88 224 6 8 0.03266683 
114 397 7 8 0.032650944 
219 406 10 12 0.03264087 
171 312 6 8 0.032637708 
228 415 9 16 0.032597456 
480 371 5 7 0.032588847 
148 269 5 8 0.032545876 
142 274 6 8 0.03254093 
269 233 2 4 0.03252336 
0 275 4 10 0.03249113 
391 257 4 5 0.032432154 
229 363 7 9 0.032419164 
120 332 6 9 0.03230305 
107 292 7 11 0.032214522 
955 256 5 7 0.032181744 
360 232 3 4 0.03218084 
222 326 6 8 0.03215752 
192 301 5 7 0.032150883 
148 350 7 10 0.032097105 
238 256 4 7 0.03206884 
392 301 4 6 0.032054987 
96 185 4 6 0.03203699 
288 312 5 8 0.03201715 
166 331 7 10 0.03201127 
889 384 3 6 0.031972755 
90 240 6 9 0.031944092 
876 351 4 7 0.031927753 
505 401 7 9 0.031920664 
111 191 5 7 0.031907998 
1019 237 5 6 0.03185054 
44 192 6 7 0.031830866 
876 379 4 6 0.031745523 
991 357 4 8 0.031707797 
418 356 5 9 0.03156405 
1021 340 14 21 0.031520728 
23 326 7 8 0.03150504 
885 392 3 4 0.0314314 
333 269 4 4 0.03139797 
392 250 3 6 0.031309992 
896 371 4 6 0.031298656 
56 165 5 8 0.031274118 
302 261 4 6 0.031246092 
179 239 4 5 0.031217935 
19 144 5 7 0.031202003 
359 340 7 13 0.031178135 
288 218 3 4 0.0311688 
94 254 7 12 0.031162929 
121 249 6 8 0.031128243 
601 403 6 7 0.031079812 
461 270 2 4 0.031052774 
478 378 5 7 0.030998912 
83 316 7 11 0.030982263 
353 251 3 4 0.030915573 
79 159 4 7 0.0309091 
359 375 6 13 0.030900052 
875 344 4 8 0.03089423 
55 180 7 7 0.03088632 
1020 339 5 7 0.030851932 
397 264 3 5 0.030832652 
69 199 6 8 0.030831197 
111 234 5 8 0.030820457 
171 268 6 7 0.030818269 
74 318 8 11 0.03081616 
242 332 6 9 0.030784896 
68 309 7 11 0.030783245 
296 319 4 7 0.030745495 
316 232 3 5 0.030735163 
1006 344 4 7 0.030734353 
111 348 6 10 0.030689897 
38 312 8 12 0.030684253 
293 272 16 25 0.0306525 
870 442 6 8 0.030590817 
57 270 9 14 0.030590434 
872 389 4 6 0.030556489 
526 302 2 4 0.03049361 
102 378 5 6 0.03048525 
431 251 3 4 0.030422363 
276 375 5 9 0.030405303 
916 405 3 5 0.03036718 
291 374 8 11 0.030345755 
67 279 9 17 0.030281095 
328 374 7 13 0.030210467 
1005 335 4 5 0.030183982 
193 294 5 7 0.030164313 
877 370 4 6 0.030138731 
262 286 5 7 0.03013734 
133 414 7 9 0.030136732 
91 377 8 9 0.030126922 
210 409 11 15 0.030110864 
119 397 8 7 0.030082516 
327 360 9 14 0.030070003 
553 302 2 4 0.030067487 
135 200 3 5 0.030041702 
220 286 4 7 0.030001752 
20 251 7 11 0.029960575 
1017 390 16 21 0.029841242 
512 397 5 7 0.02983866 
23 287 12 13 0.029830862 
436 338 5 7 0.029825823 
955 251 3 4 0.029762557 
51 154 5 6 0.029706465 
29 210 6 9 0.02968162 
52 283 8 13 0.029656222 
351 452 10 12 0.029586956 
550 358 4 7 0.029583417 
320 232 3 4 0.029547878 
166 279 5 8 0.029544849 
220 214 3 4 0.029515712 
132 370 6 9 0.029460438 
499 308 3 5 0.029406503 
307 262 4 6 0.029395385 
309 231 2 5 0.029379547 
77 190 6 7 0.029339362 
960 311 6 9 0.029316923 
403 307 4 7 0.029304743 
423 364 5 7 0.029195331 
492 371 5 7 0.02918948 
11 209 6 9 0.029115127 
177 389 7 9 0.029050939 
551 321 3 6 0.029049046 
256 293 5 7 0.029048208 
207 214 3 4 0.029013297 
147 213 3 5 0.029002657 
246 396 9 14 0.02897407 
13 313 8 9 0.028962681 
319 427 5 7 0.028953569 
307 269 4 6 0.028938271 
995 328 4 6 0.028898379 
199 381 7 11 0.02881397 
959 255 4 6 0.028801722 
455 427 12 17 0.028733974 
279 350 6 9 0.028673416 
671 461 28 28 0.02862431 
366 258 3 4 0.02862418 
861 383 3 6 0.028623477 
885 346 4 6 0.028614871 
878 392 3 4 0.028611505 
343 356 7 12 0.028511034 
342 445 10 13 0.028501227 
389 395 5 8 0.028496621 
289 257 3 5 0.028410014 
422 355 6 10 0.028336657 
11 235 7 12 0.028329393 
525 403 5 7 0.028325003 
999 337 5 7 0.028295044 
468 332 4 7 0.028257506 
1004 353 4 6 0.02823922 
369 339 13 23 0.02822041 
341 245 2 4 0.02821174 
79 408 10 9 0.028194472 
461 326 4 7 0.02812697 
370 394 5 10 0.028061688 
111 357 7 10 0.028040718 
879 365 3 7 0.028024372 
255 318 7 9 0.028024254 
531 401 6 8 0.028003827 
0 241 4 13 0.027992724 
366 239 3 4 0.02798614 
178 381 7 10 0.02795304 
18 216 6 9 0.027924439 
417 257 3 5 0.027873881 
24 232 9 12 0.02785038 
956 354 14 25 0.027809942 
359 245 3 4 0.02779468 
207 255 4 6 0.02778894 
136 190 4 6 0.027780317 
343 440 7 9 0.027742667 
397 301 4 6 0.027725752 
957 301 6 8 0.027654268 
1006 392 5 7 0.027648283 
865 357 4 7 0.027580358 
429 264 3 4 0.027578263 
42 337 8 10 0.027552063 
306 274 5 7 0.027536921 
378 244 4 5 0.027519122 
33 160 5 6 0.027483488 
282 239 2 5 0.027477551 
369 388 6 10 0.027442869 
353 361 7 13 0.027438914 
34 186 5 7 0.027426213 
348 350 5 10 0.027398959 
424 383 13 22 0.027382467 
536 364 4 7 0.02734648 
871 320 2 5 0.027289206 
74 278 8 13 0.027287884 
859 397 4 7 0.027281398 
339 338 5 8 0.027269816 
148 389 6 7 0.027259983 
946 368 6 10 0.02721442 
934 204 20 24 0.027207498 
865 372 3 5 0.027121192 
345 337 6 10 0.027110476 
103 338 6 8 0.027107075 
899 350 4 7 0.027069824 
174 224 3 4 0.027045425 
167 250 4 5 0.027038258 
302 225 3 4 0.027003728 
408 321 5 7 0.026978178 
392 449 14 13 0.026974011 
60 420 10 11 0.026970476 
6 216 5 8 0.026958141 
910 366 3 5 0.02695682 
918 341 4 5 0.026948743 
423 426 6 8 0.026935317 
921 342 4 4 0.02693113 
9 362 7 10 0.026926799 
1021 274 14 24 0.026890669 
155 201 3 4 0.026888028 
820 7 7 7 0.026882634 
917 372 4 5 0.02685193 
258 344 17 19 0.02677496 
22 207 6 10 0.026747115 
216 396 10 12 0.026743524 
176 395 9 11 0.026685432 
860 379 4 6 0.02666312 
17 357 7 8 0.02666234 
443 257 3 4 0.026629062 
18 167 5 6 0.026623292 
550 388 4 8 0.02661748 
347 345 5 9 0.02661295 
424 250 3 4 0.026583727 
309 307 4 7 0.02655985 
225 231 3 4 0.026517184 
482 275 3 5 0.026505904 
1021 280 5 8 0.026465915 
397 340 4 6 0.026464725 
285 217 3 5 0.026459403 
158 364 7 9 0.026455197 
559 327 3 6 0.026436297 
245 213 3 4 0.026407247 
863 378 4 6 0.026390487 
999 306 4 6 0.026383663 
418 376 6 13 0.026382653 
121 243 5 8 0.026378404 
140 312 6 9 0.026360432 
469 270 3 4 0.026324162 
993 338 6 7 0.026320282 
886 402 4 6 0.026285106 
493 402 7 8 0.0262806 
488 265 3 3 0.0262563 
114 402 7 7 0.026253836 
443 378 5 8 0.026250571 
80 330 7 11 0.026224414 
140 238 4 6 0.02619708 
976 381 16 26 0.026196718 
110 257 14 20 0.026181232 
1019 369 6 9 0.026171217 
94 364 6 8 0.026161125 
910 357 4 6 0.026151331 
41 368 11 11 0.026128499 
103 296 7 11 0.02611159 
340 232 3 4 0.02607084 
262 368 14 22 0.026001325 
494 266 2 3 0.02599138 
250 214 3 4 0.025986955 
961 290 4 4 0.025970874 
58 191 6 7 0.025957761 
339 238 3 4 0.02593187 
111 362 7 11 0.025931159 
284 364 8 11 0.025916986 
140 301 8 12 0.025914818 
93 330 7 10 0.025867157 
124 361 9 11 0.02585824 
1021 350 5 8 0.025847007 
995 447 9 8 0.025844619 
1006 364 5 7 0.025837656 
338 331 5 9 0.025835855 
71 319 7 9 0.025828358 
64 289 9 14 0.025774987 
927 371 5 7 0.0256748 
217 262 5 7 0.025630234 
883 340 4 5 0.02562402 
545 389 5 7 0.025604544 
102 193 4 5 0.025575634 
533 291 3 4 0.025563564 
883 327 4 7 0.025553722 
960 269 5 6 0.025537549 
824 8 6 6 0.025532497 
138 256 6 8 0.02552682 
423 258 3 4 0.025482891 
1019 364 5 7 0.025469845 
950 250 3 5 0.025463419 
507 271 3 4 0.025450898 
250 218 3 4 0.02542738 
405 363 9 11 0.025399648 
226 263 3 6 0.025377607 
185 245 4 5 0.025370758 
1020 369 15 22 0.025362834 
538 332 4 5 0.025335504 
57 161 5 5 0.02532385 
318 344 15 21 0.025294712 
91 171 5 7 0.02529296 
873 333 5 8 0.025282675 
71 328 8 12 0.02526988 
206 224 3 5 0.0252546 
215 336 7 10 0.02523028 
205 424 8 14 0.025193142 
30 364 7 8 0.02518234 
386 239 3 5 0.025175085 
140 207 4 4 0.025037358 
482 265 2 3 0.02502583 
1012 334 3 5 0.025001716 
191 417 8 13 0.024953092 
181 214 3 4 0.02492218 
391 391 5 7 0.02490374 
96 172 5 7 0.024874622 
225 255 4 6 0.02484733 
127 316 8 14 0.024842987 
859 328 67 94 0.02483824 
59 213 6 8 0.024830064 
13 411 11 16 0.024762409 
349 356 14 24 0.024749678 
852 321 3 4 0.024724847 
882 540 24 28 0.02471772 
459 332 5 8 0.024704823 
42 400 8 10 0.024685457 
332 345 5 8 0.024681414 
412 251 3 4 0.024665495 
56 423 9 13 0.024653023 
919 378 3 5 0.02463628 
910 317 5 9 0.02463472 
159 333 8 10 0.024632478 
257 233 2 3 0.024623202 
1015 320 4 7 0.024602694 
643 88 20 37 0.024598839 
1005 358 4 7 0.024591863 
27 153 6 8 0.024556722 
69 160 33 41 0.024546484 
461 384 5 7 0.024545558 
527 291 2 4 0.024541538 
89 267 6 11 0.024522409 
909 346 4 5 0.024521532 
527 371 4 6 0.024519095 
904 356 4 7 0.024500309 
1011 377 4 7 0.02442021 
1005 307 4 6 0.024398254 
129 242 6 7 0.024389705 
282 324 6 11 0.024387598 
460 390 5 8 0.02434244 
140 354 8 11 0.024320463 
147 274 5 7 0.024305804 
167 226 3 4 0.024304029 
178 436 11 16 0.024301639 
417 346 4 7 0.024289064 
455 383 4 7 0.024247987 
96 180 5 6 0.024247978 
418 374 14 23 0.024215754 
916 357 4 6 0.024175696 
395 390 5 8 0.024161816 
301 308 4 6 0.024161117 
76 165 5 8 0.024155805 
39 241 5 8 0.02413714 
538 358 4 8 0.024136549 
954 368 7 12 0.02413092 
32 370 7 8 0.024109362 
872 365 3 6 0.024104094 
128 401 8 8 0.024053844 
147 285 83 84 0.024017664 
55 313 9 12 0.024015605 
551 325 4 6 0.024006942 
212 238 4 4 0.024000835 
167 243 4 6 0.023976248 
124 372 15 21 0.023955978 
403 251 4 5 0.023946384 
307 286 15 22 0.02389157 
1010 280 4 7 0.023880886 
82 173 5 7 0.023874957 
79 401 10 10 0.023856364 
486 391 5 7 0.023831438 
37 273 7 12 0.023810597 
51 190 7 7 0.02380457 
201 337 5 7 0.023799285 
81 297 9 13 0.02375906 
27 168 4 5 0.023751745 
292 354 7 11 0.023751508 
434 423 7 10 0.023737371 
1022 292 14 24 0.02372629 
10 252 6 12 0.023674566 
76 394 11 9 0.02367451 
160 261 5 7 0.023652378 
192 268 5 6 0.0236334 
526 378 4 7 0.02363161 
303 231 3 5 0.023630679 
974 249 4 6 0.023609502 
506 397 5 7 0.023560734 
437 264 2 4 0.02348121 
155 205 3 5 0.02344537 
346 330 5 10 0.023444807 
89 319 6 9 0.02342982 
89 166 5 7 0.023429168 
880 476 9 10 0.023427874 
327 386 5 9 0.023398757 
499 401 7 8 0.023376497 
78 155 4 5 0.023354646 
910 372 3 6 0.023348339 
35 423 9 16 0.023338217 
716 405 6 9 0.02332127 
409 414 14 24 0.023320004 
442 382 6 8 0.023303775 
252 333 6 8 0.023301207 
379 386 6 11 0.023282506 
1 306 7 10 0.02326415 
488 333 4 6 0.023261292 
87 368 8 9 0.02325624 
123 311 6 11 0.023229828 
392 244 2 4 0.02320406 
1021 274 4 8 0.023180135 
960 295 4 6 0.02314582 
377 251 3 5 0.023121793 
102 241 5 9 0.023104606 
859 320 3 5 0.023091389 
871 350 5 8 0.023085676 
423 246 3 4 0.023080805 
904 365 3 6 0.02302148 
489 382 5 6 0.02298269 
295 233 2 4 0.022982359 
247 300 6 8 0.022969464 
325 305 13 23 0.022962425 
403 358 5 8 0.022922818 
469 259 2 4 0.02291657 
475 402 6 9 0.022912113 
355 341 14 25 0.02289792 
1002 357 4 7 0.022884896 
149 244 4 6 0.022876801 
955 260 5 8 0.022844385 
27 364 6 7 0.022842754 
968 514 11 9 0.022801207 
123 213 4 5 0.022783581 
791 3 11 12 0.022781055 
169 422 11 14 0.022744386 
21 203 15 20 0.022734948 
552 336 29 46 0.022728832 
156 339 6 9 0.022720197 
217 375 7 8 0.022716181 
414 441 6 10 0.022705084 
147 303 7 9 0.022662697 
294 312 5 8 0.022652393 
288 355 7 11 0.022651564 
11 152 6 9 0.022635795 
46 217 15 20 0.022627395 
559 331 5 8 0.022614054 
300 373 9 11 0.022602037 
468 277 3 4 0.022601215 
80 337 8 11 0.022593739 
417 246 3 4 0.022585236 
70 159 4 7 0.022581901 
110 223 16 20 0.022567319 
64 240 6 10 0.022538753 
1019 359 5 8 0.022535434 
237 357 6 8 0.022517843 
39 264 8 13 0.022512643 
488 327 4 6 0.022497876 
66 172 5 6 0.02248895 
391 427 4 7 0.022461899 
168 323 6 9 0.022452172 
873 479 12 11 0.022449963 
916 366 4 6 0.022448009 
386 244 3 4 0.02244344 
431 257 3 5 0.022424087 
223 269 4 6 0.022418993 
953 340 17 24 0.02237451 
142 268 4 8 0.022373738 
351 301 4 8 0.022367472 
316 305 14 24 0.022356339 
423 345 15 22 0.022350246 
548 345 5 8 0.022317879 
922 404 4 6 0.02230578 
1020 292 6 10 0.022273798 
558 351 4 9 0.02227055 
125 191 4 6 0.022221863 
897 379 3 5 0.022216072 
915 310 5 6 0.022184746 
890 409 4 7 0.022182005 
193 244 4 6 0.022160154 
1021 299 5 8 0.022154093 
116 242 6 9 0.022131065 
417 370 5 10 0.022121517 
358 313 15 21 0.022118535 
165 419 10 14 0.02210034 
110 323 6 9 0.022097114 
354 323 6 12 0.022089457 
198 346 5 7 0.022061402 
544 303 3 4 0.022043739 
139 317 6 11 0.02200095 
184 381 7 10 0.021976631 
915 307 15 22 0.0219747 
417 386 6 9 0.021968981 
143 339 86 79 0.021960577 
76 265 8 12 0.021951996 
46 167 5 6 0.021945475 
75 329 8 11 0.021932088 
25 359 6 7 0.021920335 
87 416 8 8 0.021887528 
467 385 6 7 0.021882787 
352 366 6 13 0.02186832 
148 369 7 10 0.021853631 
318 333 14 20 0.021838393 
1020 287 6 9 0.02180948 
1018 419 7 9 0.021801973 
242 337 8 9 0.021794342 
116 254 7 10 0.021774251 
320 293 15 22 0.02176984 
295 286 6 8 0.021753391 
1006 383 4 7 0.021753186 
156 294 14 20 0.02172445 
21 217 14 19 0.021703234 
383 389 6 10 0.021691589 
302 312 3 7 0.021677755 
54 218 15 19 0.021677738 
557 302 2 5 0.021657003 
881 469 10 11 0.021640534 
411 311 4 7 0.021619212 
56 198 6 8 0.02160113 
83 353 14 18 0.021557983 
123 204 4 6 0.02155418 
443 252 3 4 0.02154698 
103 216 7 8 0.021487411 
501 277 3 4 0.021445947 
151 365 14 18 0.02143615 
853 316 3 5 0.021434166 
184 417 10 14 0.021415597 
385 251 3 4 0.02139082 
256 227 3 3 0.02138178 
964 363 10 16 0.021363385 
352 376 6 12 0.021359336 
942 365 6 9 0.021338051 
153 389 6 8 0.02131715 
239 200 4 4 0.021300603 
308 226 3 4 0.0212827 
506 277 3 4 0.021273492 
454 333 12 21 0.021268364 
742 196 41 48 0.021259198 
34 323 8 10 0.0212523 
35 278 7 12 0.021242855 
1011 371 5 6 0.021229038 
282 307 4 6 0.021225072 
258 218 3 4 0.02121849 
224 213 3 4 0.021217063 
890 347 3 5 0.021215728 
131 306 7 10 0.02120948 
289 349 7 11 0.021176714 
331 424 4 7 0.021150941 
121 368 8 11 0.021147419 
133 259 7 10 0.021139868 
417 362 5 9 0.021123536 
983 338 6 7 0.02112059 
279 280 15 22 0.021100825 
258 212 3 5 0.02108336 
884 430 4 6 0.021077761 
464 400 7 9 0.021076316 
103 187 3 5 0.021065034 
500 340 5 6 0.021039698 
784 8 11 11 0.021033753 
87 248 6 11 0.02103327 
91 181 5 5 0.021011638 
6 157 6 10 0.020999353 
107 256 6 9 0.020993592 
12 158 6 9 0.020992333 
917 300 5 5 0.020981943 
195 299 15 21 0.020973569 
512 368 6 8 0.020931335 
78 424 9 13 0.020912753 
1020 307 14 23 0.020853987 
244 369 7 9 0.020850264 
565 356 5 10 0.020827005 
475 276 3 4 0.020796621 
371 354 6 12 0.020786056 
359 299 5 8 0.020783862 
312 397 6 7 0.020757768 
378 370 12 22 0.020752165 
36 217 15 20 0.020738179 
397 330 4 7 0.020720463 
180 310 6 8 0.020708213 
62 414 10 11 0.020674832 
898 385 4 5 0.020646134 
97 317 6 10 0.020611765 
38 180 4 6 0.020584285 
197 351 6 8 0.02055052 
922 366 5 6 0.02053723 
98 255 14 22 0.02052482 
944 302 3 5 0.020510312 
512 284 3 4 0.020485954 
119 402 8 8 0.020472365 
339 345 5 7 0.020466365 
923 418 4 6 0.020453067 
14 142 4 5 0.020449772 
385 264 3 4 0.020448627 
537 396 5 7 0.020444615 
398 244 2 4 0.020439357 
872 371 4 5 0.0204371 
1001 353 4 7 0.020419395 
647 385 4 5 0.020412434 
439 293 16 25 0.02039429 
915 208 30 40 0.02039342 
559 15 29 54 0.020391556 
33 357 6 9 0.020387981 
470 313 15 21 0.020375818 
242 288 75 80 0.020345546 
552 296 3 4 0.020343082 
114 324 5 9 0.020317337 
206 364 6 8 0.020308 
519 377 5 7 0.020244118 
933 370 5 8 0.020194616 
0 224 3 8 0.020186871 
0 401 6 11 0.020185973 
389 369 6 9 0.020159896 
26 412 8 14 0.020144928 
353 335 6 12 0.02014191 
232 213 3 3 0.020130059 
68 188 8 9 0.020122027 
450 270 3 5 0.020109609 
148 384 6 7 0.020085406 
244 219 4 4 0.020068629 
188 231 4 4 0.020059004 
245 345 17 20 0.020037903 
63 388 10 11 0.020018198 
311 338 17 23 0.020016532 
146 288 13 19 0.020004183 
