35_Basketball_playingbasketball_35_366
20
418 325 29 42 0.7606528 
394 334 26 39 0.19450745 
545 177 35 44 0.13154653 
403 322 24 28 0.067683995 
428 786 33 52 0.049814712 
637 123 38 76 0.043197036 
716 8 16 28 0.043025754 
0 86 7 17 0.03379987 
724 0 15 16 0.031327453 
484 525 9 15 0.027514834 
393 307 58 71 0.026298026 
706 19 19 36 0.026231067 
628 110 8 16 0.025313906 
672 143 6 10 0.022755697 
620 207 47 43 0.022562914 
569 41 21 31 0.022526566 
464 519 30 52 0.021673776 
611 420 6 11 0.021086132 
482 529 30 53 0.02047279 
39 385 5 17 0.020353679 
