35_Basketball_playingbasketball_35_377
64
567 654 47 66 0.97765464 
580 1159 10 16 0.0654146 
545 1128 15 21 0.056121454 
568 1168 9 16 0.051717155 
419 1174 5 10 0.05067081 
390 1202 7 11 0.05034969 
237 1228 9 13 0.050042138 
382 1182 6 10 0.048174452 
409 1181 6 9 0.04806563 
669 1153 8 13 0.04732693 
903 1018 124 205 0.044936534 
626 1107 16 24 0.04166164 
401 1184 5 8 0.037384596 
391 1182 5 9 0.03703382 
920 1128 14 22 0.03686526 
310 1149 10 12 0.035408393 
926 1181 14 29 0.03517783 
372 1193 5 9 0.034534533 
353 1183 6 9 0.034470852 
938 1103 7 12 0.03411099 
408 1209 7 11 0.03144127 
358 1185 6 8 0.031330466 
400 1209 6 10 0.030896794 
339 1239 10 12 0.029696379 
331 1149 9 12 0.02881118 
520 1092 27 47 0.027954806 
167 1237 7 13 0.027912203 
411 1176 5 9 0.027599534 
617 1103 12 16 0.027556755 
430 1220 6 11 0.026476061 
504 1095 29 47 0.026296843 
321 1150 9 12 0.026208779 
360 1192 6 8 0.026101574 
419 1180 5 9 0.026063189 
155 1239 7 12 0.026009236 
244 1257 10 13 0.025871499 
535 884 79 96 0.02571683 
153 1270 11 20 0.025629045 
408 1190 6 9 0.025403718 
777 1141 15 26 0.024808014 
371 1202 6 9 0.024681592 
390 1229 8 12 0.024350027 
578 1165 11 21 0.024251057 
414 1234 9 12 0.024223823 
415 1210 7 11 0.023810266 
260 1179 148 139 0.023675976 
409 1235 9 12 0.023173327 
242 1237 8 13 0.023041073 
118 1279 9 14 0.022863453 
618 1201 9 13 0.02282767 
465 1075 11 15 0.02275844 
561 1151 8 14 0.022753598 
390 1175 5 9 0.022575414 
535 1096 27 45 0.022436682 
397 1203 7 11 0.02228764 
391 1192 5 9 0.022205692 
937 1113 10 17 0.021982716 
532 1153 6 12 0.021849917 
428 1174 6 9 0.021337787 
525 1144 8 12 0.020988388 
456 1162 7 10 0.020774815 
371 1154 6 9 0.020770712 
438 1174 6 9 0.02058449 
242 1303 235 178 0.020094376 
