35_Basketball_playingbasketball_35_252
45
597 52 46 69 0.9997104 
104 12 43 60 0.99066 
481 62 45 87 0.97708935 
558 0 36 45 0.96923894 
512 75 37 71 0.28276157 
455 277 83 98 0.26556548 
859 89 62 60 0.2533358 
453 17 49 63 0.13519186 
391 12 15 20 0.10921048 
250 235 34 29 0.09756896 
294 305 355 358 0.082805626 
490 33 45 68 0.080269486 
-48 0 323 427 0.07402078 
530 4 37 44 0.065471716 
767 336 12 13 0.06465688 
362 188 40 102 0.05475398 
1005 75 21 24 0.054318942 
584 3 28 31 0.04801742 
201 84 278 416 0.04790978 
-54 307 407 268 0.04514262 
420 15 27 41 0.044603366 
399 9 33 46 0.043265793 
60 136 52 81 0.04113158 
383 145 41 72 0.04095897 
536 77 38 63 0.039459832 
438 79 58 72 0.034502845 
57 10 17 23 0.033687606 
433 401 53 52 0.032951392 
432 137 44 62 0.03163239 
246 342 10 18 0.031466827 
386 433 92 102 0.030403363 
351 8 17 16 0.029767789 
372 49 35 54 0.027667526 
595 213 95 81 0.02722628 
557 90 34 64 0.026996296 
515 49 23 38 0.026344916 
507 7 41 52 0.025126388 
220 342 11 16 0.024399485 
1016 77 21 30 0.024108484 
804 338 9 14 0.023910282 
565 97 19 31 0.02316053 
70 -2 27 21 0.022315016 
334 82 65 86 0.021871034 
990 78 40 46 0.020988673 
354 42 37 44 0.020543225 
