35_Basketball_playingbasketball_35_449
83
341 152 97 129 0.99721897 
724 269 54 101 0.770887 
841 328 35 78 0.14215401 
787 980 17 30 0.072011515 
761 282 80 124 0.04869391 
622 1278 21 21 0.04705747 
903 1306 9 11 0.045543786 
809 1296 13 10 0.045248155 
934 1305 8 7 0.045030538 
505 1303 23 16 0.044576652 
543 1304 14 12 0.041086633 
805 214 69 68 0.039223786 
637 1282 32 28 0.03919254 
307 1288 17 15 0.038122755 
557 1302 19 17 0.03804907 
463 1305 15 12 0.037732244 
724 592 14 20 0.036819667 
415 1296 13 12 0.036425024 
25 590 10 14 0.03635865 
601 1034 6 10 0.036262058 
909 1284 9 11 0.035415586 
487 1330 22 16 0.034353573 
497 1298 20 13 0.03394291 
456 1286 11 10 0.033703882 
659 1281 16 17 0.03314769 
469 1296 17 12 0.03241969 
982 1318 7 9 0.03192642 
713 252 30 63 0.03162379 
914 1297 8 9 0.03141461 
599 1029 6 8 0.031160379 
742 1311 18 15 0.030597715 
768 1296 18 11 0.029828442 
38 968 20 23 0.029742377 
176 237 14 11 0.029106367 
915 1305 8 9 0.028692616 
994 1242 11 16 0.028570585 
702 627 31 39 0.028204527 
177 232 11 10 0.027508246 
303 1285 35 28 0.027079966 
743 1309 37 24 0.026962087 
183 1288 16 16 0.02683808 
457 1306 31 25 0.026774004 
623 1301 16 18 0.026307095 
124 368 21 17 0.02536732 
452 1306 15 12 0.025236899 
212 1295 13 13 0.025114387 
122 1324 15 14 0.024936114 
127 1179 16 22 0.024926888 
174 165 7 8 0.024916686 
174 172 9 9 0.024564836 
926 1307 7 7 0.024446314 
546 1294 15 11 0.024422323 
908 1278 8 11 0.023883536 
161 442 145 219 0.023850596 
557 1289 11 9 0.02373357 
129 238 12 10 0.02346676 
946 1299 7 7 0.023434155 
790 1298 10 7 0.023128575 
224 1301 15 14 0.02285131 
392 1272 13 13 0.022842778 
118 258 15 12 0.022712369 
456 1278 10 11 0.022670789 
174 290 12 11 0.022578508 
437 939 9 14 0.022284245 
482 1290 10 9 0.022273451 
818 296 70 138 0.021999247 
415 1290 10 10 0.021994228 
493 1303 17 12 0.02154563 
637 1103 6 11 0.02147176 
498 1308 20 16 0.021360299 
221 1332 14 11 0.021282135 
537 1330 15 13 0.02125858 
445 1305 12 12 0.021051118 
927 1300 7 8 0.020914147 
347 1294 19 15 0.02067165 
225 1284 10 11 0.020588718 
295 1254 52 50 0.020491907 
250 1296 15 12 0.02033639 
639 1112 7 12 0.020290233 
127 354 15 13 0.020229414 
650 1297 19 18 0.020217612 
631 1091 8 13 0.020168897 
460 1312 17 13 0.020074787 
