35_Basketball_basketballgame_ball_35_178
1734
83 393 27 33 0.99895334 
839 187 28 37 0.99753356 
197 471 20 25 0.9959997 
456 381 27 35 0.9714475 
303 485 18 22 0.8377079 
582 241 12 13 0.7007595 
55 659 8 9 0.49964195 
32 655 7 10 0.40863973 
603 678 4 7 0.36451262 
550 686 5 6 0.3368675 
45 665 6 8 0.32341066 
26 676 8 8 0.29655066 
583 268 25 25 0.29481983 
733 659 4 5 0.2751097 
603 699 5 7 0.26573217 
13 658 7 9 0.26501247 
551 690 4 6 0.25536072 
12 676 7 9 0.24701715 
122 675 6 8 0.24680606 
110 664 7 12 0.24607053 
844 671 5 8 0.2372414 
113 666 7 9 0.22634675 
745 641 4 5 0.22339082 
736 660 4 5 0.21378568 
474 673 4 6 0.21035573 
114 684 7 11 0.20763005 
350 672 3 6 0.20660335 
727 678 5 6 0.19671904 
45 646 6 7 0.19426596 
77 666 7 9 0.1936516 
679 691 7 7 0.18973237 
602 702 5 7 0.1884962 
903 674 5 6 0.18812194 
680 671 5 7 0.180341 
994 628 5 6 0.17954819 
538 678 4 6 0.1792707 
540 665 4 6 0.17731535 
691 388 25 25 0.17729263 
482 685 4 6 0.1733389 
64 647 6 7 0.17319846 
129 487 11 15 0.17185499 
718 691 5 6 0.1687131 
724 653 4 5 0.16787858 
757 661 4 4 0.16757989 
603 682 4 7 0.16730179 
59 645 5 7 0.1668542 
50 664 7 8 0.16599748 
533 679 4 6 0.16518945 
646 676 5 7 0.1639947 
960 652 6 7 0.16385312 
897 584 4 4 0.16313797 
565 667 5 5 0.1629847 
783 661 3 5 0.16202426 
467 692 4 6 0.16179231 
884 673 4 6 0.16035905 
652 692 5 6 0.15999383 
833 678 5 8 0.15993944 
577 672 5 7 0.15962538 
1011 645 5 7 0.15931328 
653 640 5 5 0.15637356 
649 691 4 6 0.15602525 
642 671 5 8 0.15582775 
551 678 4 6 0.15557224 
998 641 5 6 0.15482846 
45 640 6 6 0.15429062 
941 610 5 4 0.15423058 
494 685 4 6 0.15391177 
45 659 6 8 0.15321119 
623 653 4 5 0.15311906 
45 669 7 9 0.15268211 
630 660 4 5 0.15235384 
634 696 5 7 0.15120415 
629 647 4 5 0.15077099 
737 685 5 6 0.1467414 
795 653 4 6 0.14620875 
83 652 6 7 0.14298645 
47 652 6 7 0.1425811 
37 658 7 8 0.1419542 
629 653 4 6 0.14082211 
763 680 5 5 0.14018804 
934 670 5 7 0.14012547 
641 647 4 5 0.14011572 
610 691 4 7 0.13968529 
992 602 5 6 0.13886735 
620 692 5 7 0.13879204 
75 690 7 10 0.1384928 
621 671 4 7 0.1377076 
362 672 4 6 0.13656902 
341 641 3 5 0.13570322 
1010 633 5 6 0.13533394 
564 671 5 6 0.13525061 
340 691 5 6 0.13519181 
584 653 4 5 0.13468099 
616 653 4 6 0.13348016 
123 666 4 6 0.1333259 
373 667 4 5 0.13122079 
935 604 4 4 0.13055642 
717 678 5 6 0.13053833 
635 647 4 5 0.13025954 
764 660 4 5 0.13000512 
111 659 5 8 0.13000096 
653 698 5 5 0.12951685 
380 695 5 8 0.12946463 
790 692 4 7 0.1283363 
128 672 6 8 0.12685834 
778 661 3 4 0.1264349 
660 686 4 6 0.12607664 
923 667 4 5 0.124280125 
621 697 5 6 0.1242045 
30 640 7 6 0.123972796 
634 653 5 6 0.12364945 
660 704 5 7 0.12172054 
722 692 6 5 0.12057644 
384 672 4 6 0.120546974 
370 697 5 8 0.12033913 
603 646 4 5 0.119179994 
616 679 5 6 0.11803067 
547 685 5 6 0.11800371 
577 685 4 6 0.11791555 
617 660 4 5 0.11699827 
769 648 5 5 0.116897 
669 648 4 4 0.116337724 
563 696 6 7 0.11566457 
622 666 4 6 0.114980824 
918 673 4 5 0.11493896 
134 672 7 8 0.11483542 
354 692 4 6 0.11421621 
545 665 5 6 0.113808095 
737 648 4 4 0.11366284 
58 642 6 6 0.11356257 
328 647 4 5 0.11347186 
47 635 6 6 0.11328819 
982 640 4 5 0.112301745 
392 667 4 4 0.11165348 
769 661 3 4 0.11091441 
931 671 4 6 0.11088099 
783 635 4 4 0.11026613 
560 654 3 5 0.11021239 
471 672 4 5 0.10978499 
751 661 3 4 0.10935884 
737 665 4 5 0.10822185 
610 685 4 6 0.10780472 
745 635 4 4 0.10768293 
692 693 6 5 0.10746546 
768 679 5 5 0.10739895 
724 659 4 5 0.107005395 
578 691 4 6 0.10579042 
634 677 5 7 0.10572604 
648 686 4 6 0.10551553 
769 673 5 6 0.10530812 
40 645 6 7 0.10529265 
666 678 4 6 0.104889356 
842 648 3 5 0.104625374 
597 698 4 6 0.10450601 
872 691 4 7 0.104472056 
745 654 4 4 0.104328424 
328 691 5 7 0.10419503 
31 646 6 7 0.103323944 
335 654 3 5 0.10314607 
591 672 4 6 0.103025794 
81 665 7 9 0.10241836 
19 647 6 7 0.10222894 
558 672 5 5 0.10199022 
746 660 4 5 0.10162352 
788 661 4 5 0.10157258 
1011 640 5 7 0.10116215 
760 704 5 7 0.10075171 
794 690 5 8 0.100685924 
422 693 5 6 0.100042194 
435 691 4 8 0.1000353 
776 630 5 4 0.099983945 
493 678 4 6 0.09973131 
898 589 4 5 0.099649355 
544 661 4 5 0.099619694 
887 590 3 4 0.099599876 
617 691 4 7 0.09958474 
325 705 5 6 0.09924731 
679 659 4 6 0.09894127 
873 679 4 6 0.098623656 
539 692 4 5 0.098291524 
925 609 4 5 0.098202154 
892 673 4 5 0.097459115 
985 640 5 5 0.09736971 
950 596 3 5 0.09736361 
980 596 4 4 0.097335204 
371 702 5 7 0.09714642 
83 657 7 8 0.09648097 
660 641 5 5 0.0961036 
622 660 4 5 0.09603414 
745 665 5 6 0.09602025 
341 698 4 7 0.095986344 
598 647 3 5 0.09584294 
583 691 4 6 0.09516736 
770 666 4 5 0.09477795 
546 653 4 5 0.09456643 
405 676 5 8 0.09323644 
492 653 5 6 0.09321814 
935 668 4 5 0.0930313 
873 684 5 7 0.09302889 
565 653 4 5 0.092869796 
565 694 5 5 0.09225276 
349 648 3 4 0.09212339 
725 649 3 4 0.09211384 
898 673 4 6 0.092009194 
738 642 4 4 0.09185614 
654 648 4 4 0.09183422 
661 691 5 6 0.091829374 
70 664 7 9 0.09177103 
71 639 6 7 0.091760546 
833 682 5 8 0.09175067 
41 664 6 8 0.09149497 
366 673 4 5 0.09143844 
800 689 5 9 0.091412276 
604 659 4 6 0.0910161 
604 642 3 4 0.09094671 
567 265 31 22 0.09093278 
477 691 3 5 0.090917684 
29 672 7 8 0.09067331 
502 678 5 6 0.09047731 
570 627 4 5 0.08988972 
361 667 4 5 0.089846775 
814 690 4 8 0.089745864 
659 647 5 5 0.08973528 
732 656 3 3 0.089409396 
729 674 5 6 0.0893872 
597 710 4 6 0.08923539 
937 610 4 4 0.08915198 
609 697 4 7 0.08908318 
674 634 4 5 0.08904282 
750 647 4 5 0.089019075 
828 647 3 5 0.089009166 
264 505 14 19 0.08897508 
328 666 3 5 0.08852865 
329 659 4 5 0.08795533 
347 13 127 164 0.08790205 
789 634 4 5 0.08779437 
968 648 5 5 0.08760213 
985 635 4 6 0.08747568 
630 696 4 7 0.0874319 
796 649 3 4 0.08733598 
585 642 3 5 0.08733464 
781 629 4 4 0.08717181 
993 591 4 4 0.087145515 
661 698 5 5 0.08707502 
337 642 3 4 0.08705214 
642 676 5 7 0.08684491 
783 698 4 5 0.086708084 
864 673 4 7 0.0867054 
546 679 5 5 0.08622059 
609 672 4 7 0.086045615 
654 636 4 4 0.086034946 
397 431 8 13 0.08593741 
572 635 4 5 0.085830234 
750 666 4 5 0.08541056 
641 641 4 5 0.08539964 
133 691 7 10 0.085082814 
328 685 4 6 0.0848748 
609 678 4 7 0.08469002 
675 673 4 5 0.08449388 
993 647 5 5 0.08419914 
1000 596 4 4 0.08409981 
980 591 4 4 0.0838794 
397 698 4 7 0.08379607 
119 683 7 11 0.08375976 
329 654 4 5 0.08332023 
943 616 3 3 0.08330272 
994 596 4 4 0.082901746 
571 692 5 6 0.08286753 
380 667 3 4 0.08274352 
745 692 4 6 0.082728125 
1009 647 4 5 0.08254691 
663 679 4 5 0.082470745 
564 679 5 5 0.08219792 
673 647 4 4 0.08206013 
616 684 4 6 0.08190453 
342 654 3 4 0.08169441 
570 667 5 6 0.081671335 
684 693 6 6 0.08160643 
845 648 4 5 0.08159565 
923 660 4 5 0.0814527 
538 673 4 5 0.081395954 
530 384 24 34 0.08127606 
1008 640 5 5 0.08127581 
899 604 3 3 0.08123672 
572 680 4 5 0.08118033 
781 624 4 3 0.08108344 
777 679 3 5 0.08103882 
642 661 4 5 0.081013784 
891 590 3 4 0.08084276 
917 597 3 4 0.08064304 
546 691 5 5 0.08053982 
936 598 3 4 0.0804328 
546 648 3 5 0.08036501 
467 696 5 6 0.08030434 
762 692 5 5 0.08023946 
910 603 4 4 0.080107205 
931 668 3 5 0.079928294 
367 667 3 5 0.07974914 
668 654 4 5 0.07969859 
540 640 4 6 0.07954331 
955 597 3 4 0.07952746 
737 654 4 4 0.079484776 
1013 603 4 5 0.07932698 
775 674 5 5 0.07920166 
135 664 5 6 0.07918101 
917 577 3 5 0.07885506 
789 673 4 5 0.07876749 
944 622 3 4 0.07855819 
558 679 5 5 0.07853304 
904 597 3 4 0.07801655 
916 617 4 4 0.07791443 
813 684 4 6 0.07790194 
336 649 3 4 0.077751145 
641 653 4 5 0.0777029 
552 653 4 5 0.07764294 
665 697 5 6 0.077281214 
665 692 5 6 0.07717016 
962 615 4 5 0.07712075 
797 685 4 6 0.07699272 
764 684 4 5 0.076837435 
923 673 3 4 0.07679508 
973 647 5 6 0.07678635 
800 685 5 7 0.07672928 
982 636 4 4 0.07671736 
476 687 3 5 0.07661542 
782 654 4 4 0.07659181 
407 691 4 6 0.076575644 
617 649 3 4 0.076539524 
893 585 3 4 0.07651731 
757 665 4 5 0.076397836 
372 679 4 6 0.0763064 
368 692 4 6 0.076142184 
579 653 3 6 0.07604529 
944 597 3 4 0.07601968 
930 578 4 5 0.07598805 
567 624 3 4 0.075911686 
406 654 4 5 0.07584597 
131 584 4 5 0.07581607 
781 649 4 4 0.07521213 
873 634 4 5 0.07512992 
617 665 4 5 0.075061366 
630 693 4 6 0.07496358 
860 653 5 6 0.074865 
592 648 3 4 0.07476573 
597 692 4 5 0.07465493 
387 668 3 4 0.0745905 
69 670 7 9 0.07454528 
341 679 4 5 0.07444553 
373 672 3 5 0.07420806 
763 622 4 4 0.07393108 
928 679 5 6 0.073919676 
930 622 4 4 0.07375468 
458 697 4 7 0.07368972 
618 672 4 6 0.07365018 
749 642 4 5 0.07360492 
732 642 5 4 0.07340686 
911 598 4 4 0.07329877 
398 673 3 6 0.073025994 
552 648 3 5 0.07291471 
481 690 4 6 0.07274936 
642 666 4 5 0.07274551 
470 686 4 5 0.07268362 
898 667 4 5 0.07254666 
65 664 7 8 0.072484314 
788 666 4 5 0.072312996 
383 696 5 8 0.07230445 
137 608 5 5 0.07221177 
712 691 5 6 0.07220411 
379 661 4 4 0.07194673 
641 635 4 4 0.07194051 
997 627 5 7 0.071833685 
611 660 3 6 0.071751125 
912 585 3 4 0.07170049 
750 685 5 5 0.07161916 
380 685 4 6 0.07153995 
757 678 5 6 0.07131035 
104 690 6 7 0.07118265 
109 683 8 11 0.07103611 
944 667 4 5 0.07093445 
764 636 4 4 0.07090629 
412 685 4 7 0.07086267 
117 619 5 8 0.07079301 
878 678 5 6 0.07065694 
928 685 4 5 0.07065064 
381 673 4 5 0.070468545 
52 640 5 6 0.070461 
340 685 4 6 0.070253015 
624 649 3 4 0.07022162 
776 648 4 5 0.07021529 
936 660 4 4 0.07011851 
539 685 4 5 0.07009494 
611 647 3 5 0.06999432 
130 662 4 5 0.06981289 
349 667 3 4 0.06971801 
904 591 4 4 0.069618255 
822 684 4 6 0.06958584 
367 678 4 6 0.069559366 
481 673 4 5 0.0694706 
660 628 4 4 0.069436945 
377 427 7 11 0.0693715 
661 665 4 6 0.069252186 
78 652 6 7 0.069247246 
577 666 4 5 0.06911713 
585 648 3 4 0.06902225 
130 665 4 5 0.06892667 
685 697 7 6 0.06884982 
71 660 7 7 0.06867515 
611 653 4 6 0.068624936 
630 643 3 4 0.0685974 
955 610 4 4 0.06858652 
573 685 4 5 0.06847843 
809 647 4 4 0.06845434 
117 676 6 9 0.06840596 
451 679 4 6 0.06837959 
405 648 4 5 0.06835423 
962 591 4 4 0.06826232 
672 641 5 5 0.0682613 
649 697 5 7 0.06818764 
37 684 10 10 0.06804438 
890 596 4 5 0.067830585 
360 653 4 4 0.06775521 
650 640 3 5 0.06768064 
859 677 4 7 0.067573614 
944 603 3 4 0.06739797 
636 673 4 6 0.06710541 
505 679 4 6 0.0670621 
572 653 4 6 0.06702292 
995 633 4 5 0.06698073 
637 635 3 4 0.06690788 
25 634 8 6 0.066844024 
814 681 4 5 0.06682098 
599 685 3 6 0.06661279 
604 692 4 6 0.06658801 
649 653 4 5 0.066490464 
681 666 4 5 0.06644107 
560 634 3 6 0.066245355 
918 667 4 5 0.06616743 
579 648 3 4 0.06614145 
857 684 5 8 0.06582558 
667 659 5 6 0.06567655 
353 678 4 6 0.065655455 
392 685 4 6 0.06558491 
879 597 4 4 0.06538807 
763 616 3 4 0.065369636 
826 684 4 7 0.065358125 
917 621 4 4 0.06534365 
547 673 4 5 0.06530944 
962 597 3 3 0.06504568 
904 603 4 4 0.06502392 
810 684 4 6 0.06496451 
930 604 4 4 0.064888395 
565 648 3 5 0.064815186 
385 685 5 6 0.06469642 
196 668 10 15 0.064653434 
649 635 4 5 0.06464115 
962 604 4 3 0.06457904 
906 661 4 5 0.06454498 
418 672 4 5 0.06447776 
758 643 3 3 0.0643773 
19 651 6 7 0.064271316 
398 677 4 6 0.06421691 
161 521 19 25 0.06417838 
903 666 4 5 0.064113826 
342 636 3 4 0.064037435 
756 630 4 4 0.064024754 
859 628 4 4 0.06401188 
750 283 25 35 0.06389065 
598 704 4 6 0.06382045 
361 649 3 4 0.063780434 
107 688 8 9 0.06374552 
947 666 6 6 0.06372726 
975 652 5 5 0.06372171 
750 635 4 4 0.06371527 
749 692 5 6 0.06361581 
961 609 4 4 0.06359273 
629 664 5 6 0.0634158 
247 662 17 33 0.06335521 
406 673 4 7 0.06334936 
998 646 5 6 0.0632634 
974 603 4 4 0.06320547 
26 646 8 7 0.063118525 
648 702 4 7 0.063103735 
968 603 4 4 0.06307215 
733 648 3 4 0.06285452 
71 646 6 7 0.0628521 
655 628 4 4 0.06283279 
653 659 5 7 0.06280356 
482 679 3 5 0.062752776 
348 642 3 4 0.06272458 
936 623 3 4 0.062666245 
653 653 4 6 0.06261146 
880 674 4 5 0.06257986 
948 622 4 4 0.06245173 
674 691 5 5 0.062385306 
355 648 3 5 0.06228044 
135 661 5 6 0.062029798 
593 329 31 32 0.06197523 
141 607 5 5 0.061904255 
800 615 5 4 0.0618723 
749 654 4 5 0.061829004 
955 616 4 4 0.06173573 
541 660 4 6 0.061719723 
469 660 4 5 0.06169862 
923 685 4 6 0.061558723 
572 647 3 5 0.061382648 
911 591 4 4 0.061229423 
783 665 4 5 0.06118371 
756 673 5 6 0.060984515 
661 660 4 5 0.06094331 
937 592 4 3 0.060876895 
604 666 4 5 0.060869753 
764 654 4 5 0.060865555 
610 703 4 5 0.06083453 
506 671 4 6 0.06082612 
631 678 4 6 0.06074679 
84 632 6 7 0.060703184 
929 616 4 4 0.060680762 
928 610 4 4 0.060644753 
591 665 3 6 0.06063451 
769 653 4 5 0.0604956 
393 679 3 5 0.06043493 
986 659 5 6 0.060412254 
845 652 5 6 0.06035492 
616 697 5 6 0.060262725 
533 683 4 6 0.060232103 
501 672 4 5 0.060175665 
335 635 3 5 0.06012093 
419 692 4 5 0.060081936 
738 689 5 6 0.060048282 
791 654 4 4 0.059813544 
775 641 5 5 0.059811886 
592 697 4 6 0.059587587 
863 658 5 7 0.059503715 
911 674 4 5 0.059396595 
993 607 4 5 0.05936434 
551 667 4 5 0.059332598 
732 686 4 5 0.059324678 
918 686 4 6 0.059250828 
494 673 4 6 0.059221316 
577 679 4 5 0.059154075 
123 622 4 5 0.05913672 
146 683 5 8 0.05909842 
988 603 4 5 0.059017148 
433 693 4 6 0.058850527 
841 651 4 6 0.05880579 
406 659 3 5 0.058805607 
353 667 4 5 0.058733977 
749 697 5 6 0.058729604 
145 677 8 10 0.058715113 
976 591 3 3 0.058707032 
342 666 4 5 0.05863532 
943 591 3 3 0.058551755 
903 576 4 5 0.05854172 
602 710 4 6 0.05853933 
52 645 5 7 0.058525633 
334 659 4 5 0.05847396 
393 648 3 4 0.058423836 
930 657 3 3 0.0582998 
981 584 3 4 0.058286957 
17 663 7 8 0.058239374 
386 628 4 5 0.058210883 
559 640 4 6 0.058134265 
380 648 3 5 0.058094025 
745 696 5 7 0.058021713 
475 654 3 4 0.058016572 
886 596 3 5 0.05792916 
981 602 4 5 0.057919238 
660 655 5 4 0.05786167 
752 630 3 4 0.057853516 
324 646 4 6 0.05782771 
733 665 4 5 0.057803683 
591 653 3 5 0.057783876 
937 584 3 4 0.057683356 
930 660 4 4 0.057647333 
348 678 4 6 0.05764541 
674 654 4 5 0.057615463 
930 598 4 3 0.057601184 
412 698 4 6 0.05759504 
845 675 5 8 0.05751765 
649 648 3 4 0.057496563 
776 666 5 5 0.0574754 
128 627 5 6 0.057086848 
949 616 4 4 0.05708289 
949 610 4 4 0.05703261 
784 686 4 5 0.056948375 
634 660 4 6 0.056778654 
769 636 5 4 0.056756027 
790 630 4 4 0.056728635 
673 687 5 5 0.05669616 
989 648 4 4 0.05661905 
661 636 4 4 0.056592338 
489 686 3 5 0.056576557 
436 685 5 7 0.056430485 
899 578 3 4 0.056429636 
123 660 5 6 0.056370474 
860 667 4 6 0.056355156 
841 635 4 4 0.05632826 
361 678 4 5 0.056100417 
757 634 3 5 0.05609894 
552 673 4 5 0.056027323 
501 668 4 5 0.055948406 
795 635 4 4 0.05594623 
591 685 4 6 0.05593733 
120 477 17 31 0.05591157 
668 642 4 4 0.05590536 
813 648 4 5 0.05584335 
655 665 4 6 0.055830404 
861 673 4 6 0.05566142 
795 630 4 4 0.05560331 
296 506 18 31 0.05548369 
405 685 4 7 0.055473227 
930 584 3 4 0.055467285 
763 666 4 4 0.055441037 
429 678 5 6 0.055323265 
973 615 5 5 0.05531551 
909 691 5 6 0.055221807 
655 687 4 6 0.05522178 
604 654 3 5 0.05519913 
115 659 5 7 0.055162754 
544 699 4 5 0.055150613 
666 673 4 5 0.05509764 
724 686 5 5 0.055048566 
961 642 5 4 0.054994743 
599 643 3 4 0.054847468 
374 429 17 29 0.054841038 
352 686 4 5 0.054822057 
514 678 4 6 0.054760043 
368 696 5 7 0.054695375 
560 698 4 6 0.054681953 
936 616 4 4 0.054664873 
820 635 4 5 0.054596234 
1009 590 3 4 0.054595172 
386 679 4 5 0.054589234 
342 648 3 4 0.054523293 
770 699 5 5 0.054422572 
949 603 4 4 0.054387312 
370 692 5 7 0.054235287 
897 678 5 6 0.054226175 
1018 563 5 7 0.054155964 
966 652 5 6 0.054104824 
648 660 4 6 0.053916227 
853 635 4 5 0.053899843 
885 604 3 4 0.05387625 
950 571 3 4 0.053857446 
494 689 5 7 0.053728394 
726 674 5 5 0.053694222 
758 647 4 5 0.053691898 
917 602 4 5 0.05352589 
930 591 3 4 0.053519066 
674 705 5 6 0.053496074 
559 704 4 6 0.05342903 
904 571 4 5 0.053361166 
78 646 5 6 0.053332265 
326 709 6 7 0.05328043 
342 660 3 4 0.053229894 
148 690 6 9 0.05322293 
584 686 3 6 0.053052016 
592 692 3 5 0.05300769 
955 604 4 3 0.05300477 
892 668 4 5 0.052922424 
974 643 4 4 0.052829195 
750 679 5 6 0.05281283 
717 673 5 6 0.05276736 
591 659 4 6 0.052637555 
968 584 4 4 0.052584045 
504 628 8 7 0.0525291 
597 653 3 5 0.0525018 
506 667 4 6 0.052377474 
620 678 5 6 0.052250687 
488 692 5 5 0.052197438 
399 667 3 5 0.052169733 
718 686 5 5 0.052154876 
583 704 4 6 0.052100264 
564 640 4 6 0.052056625 
761 698 5 6 0.05198562 
842 667 4 6 0.0519629 
975 597 3 4 0.05193543 
674 709 6 7 0.051914822 
425 667 3 5 0.051768407 
968 616 4 4 0.051729772 
690 696 8 7 0.051710766 
450 682 5 7 0.051660206 
642 692 4 6 0.05164083 
17 678 8 8 0.051607247 
545 704 4 6 0.051404864 
674 666 4 5 0.05124139 
880 610 3 4 0.0511305 
462 697 4 7 0.051092986 
374 642 3 4 0.05105311 
1011 628 5 6 0.051041827 
784 692 3 5 0.050968237 
685 702 9 8 0.050866645 
788 623 5 4 0.050858844 
610 666 4 5 0.050840504 
540 697 4 6 0.050834537 
924 590 3 4 0.05075547 
70 635 6 6 0.05072696 
431 698 4 5 0.05059622 
475 660 3 5 0.050414454 
83 647 5 7 0.050346415 
410 654 4 5 0.050344694 
383 691 5 8 0.050344136 
992 653 5 5 0.05030647 
386 648 3 4 0.05027761 
827 629 4 5 0.050172735 
899 598 4 4 0.05015552 
789 696 4 6 0.050136447 
877 692 4 6 0.05006279 
828 680 3 5 0.049983274 
475 678 3 5 0.049963366 
566 660 3 5 0.04988127 
605 672 4 6 0.049865384 
962 572 3 4 0.04985353 
943 654 4 4 0.0498458 
943 660 4 5 0.04981216 
410 691 4 6 0.04980079 
374 653 3 5 0.04966605 
541 710 4 6 0.049653642 
591 704 4 6 0.049635842 
918 591 3 3 0.049625438 
411 660 4 5 0.049589 
778 624 3 3 0.049528733 
564 635 4 5 0.049320173 
341 673 4 4 0.049308103 
1013 596 4 4 0.04924248 
724 698 5 5 0.04923289 
193 540 20 27 0.049180314 
925 585 3 3 0.04916306 
500 641 6 5 0.04908343 
417 685 4 6 0.049074527 
847 636 4 4 0.049070075 
429 673 4 5 0.049053855 
731 636 4 4 0.049040645 
348 653 3 5 0.048978608 
664 705 6 6 0.048911855 
924 604 4 4 0.048907835 
592 710 4 6 0.04884493 
839 677 5 8 0.04869673 
738 635 4 4 0.048677612 
757 698 5 6 0.048553713 
41 641 5 6 0.04851878 
418 667 4 5 0.048497025 
974 610 4 4 0.048470296 
820 641 4 5 0.0483278 
560 648 3 5 0.048300527 
751 622 4 4 0.048253775 
797 615 5 4 0.048184138 
988 597 4 3 0.04817199 
782 617 4 4 0.04816406 
783 679 3 5 0.048140638 
775 609 5 5 0.048052374 
911 666 4 5 0.047983315 
891 603 4 4 0.047971535 
393 661 3 4 0.047854174 
541 654 3 4 0.04783329 
328 642 4 5 0.047797393 
578 660 4 5 0.047780346 
736 431 24 22 0.047766138 
962 577 3 4 0.04767671 
1013 607 5 5 0.04762044 
772 703 5 6 0.04760359 
394 699 3 6 0.04758271 
834 649 3 4 0.047470912 
573 641 3 5 0.04744642 
397 691 4 5 0.047430612 
969 642 3 3 0.047331296 
387 661 3 4 0.04728338 
833 635 4 5 0.04718945 
59 653 5 6 0.04700048 
777 685 4 5 0.04684784 
495 667 4 5 0.04675795 
892 577 4 4 0.04669832 
683 670 5 9 0.046687804 
572 672 4 6 0.046649165 
463 692 4 6 0.046641454 
579 641 3 5 0.04663561 
398 686 4 6 0.046575956 
469 654 4 5 0.046554048 
544 641 4 6 0.04648626 
884 610 4 5 0.046462305 
998 633 5 6 0.046445087 
567 627 4 4 0.04644209 
789 678 4 5 0.04642456 
867 693 4 6 0.046275076 
891 617 4 4 0.046241224 
554 641 3 5 0.046158154 
336 673 3 4 0.04615181 
777 692 5 5 0.046050157 
335 667 3 5 0.046031315 
769 608 37 44 0.04600355 
570 623 4 5 0.045944937 
394 672 4 6 0.045938656 
771 629 3 4 0.04589485 
1001 609 4 5 0.045874402 
1006 653 5 6 0.04582364 
76 641 6 6 0.045782734 
853 673 4 6 0.045731753 
634 705 5 6 0.045716584 
809 643 3 4 0.045712132 
667 635 4 4 0.045549218 
374 648 3 4 0.045530003 
803 648 3 4 0.045494106 
841 629 4 4 0.04546564 
835 652 3 5 0.045426715 
775 636 5 4 0.04540519 
635 666 4 6 0.045334663 
674 678 5 5 0.045249775 
410 678 4 6 0.045232467 
553 660 3 5 0.04522959 
924 578 4 4 0.04518828 
130 623 3 5 0.04509223 
143 623 4 5 0.04495647 
865 676 5 7 0.04489693 
1019 601 5 8 0.044850066 
995 642 4 5 0.044812176 
425 679 4 5 0.04480206 
1008 584 3 5 0.044795007 
950 585 3 4 0.04478608 
937 657 3 3 0.044774387 
873 611 3 3 0.04466029 
647 716 5 7 0.04460803 
544 709 5 6 0.044607818 
136 627 4 5 0.04460473 
653 622 5 5 0.04451885 
910 678 4 5 0.044501737 
738 679 4 5 0.044485275 
391 703 4 7 0.044422302 
375 661 3 4 0.044284843 
957 654 5 5 0.04427834 
969 597 4 4 0.044210214 
1006 608 4 5 0.04408015 
725 641 4 4 0.044063497 
642 629 4 4 0.044043798 
962 648 4 4 0.04384578 
822 680 3 5 0.043802906 
75 659 7 7 0.043780245 
456 685 4 5 0.043724295 
621 685 5 6 0.043649856 
591 642 3 4 0.043649092 
1020 640 5 7 0.043620218 
944 649 4 4 0.043556914 
633 709 5 8 0.04353393 
893 652 5 6 0.04351552 
394 691 3 5 0.043484922 
725 635 4 4 0.04341525 
899 571 4 5 0.043339033 
925 679 4 5 0.043338794 
989 653 4 5 0.0433042 
1019 666 5 8 0.043291144 
968 590 4 4 0.04318603 
88 664 6 10 0.043096386 
312 730 6 7 0.04309419 
502 684 4 6 0.04299135 
1015 564 4 5 0.042880107 
346 699 4 6 0.042854786 
27 691 7 9 0.04280889 
490 653 4 6 0.04276024 
457 691 4 7 0.04272552 
759 617 3 4 0.042698305 
777 654 3 4 0.042629845 
674 660 4 5 0.042616803 
909 661 4 5 0.042581737 
471 679 4 5 0.042440824 
578 705 4 5 0.042431213 
789 641 4 5 0.042289484 
744 680 5 5 0.042224173 
794 695 4 7 0.042190194 
989 591 4 4 0.042173658 
911 570 3 5 0.042074006 
783 674 4 5 0.042050276 
129 616 4 4 0.042012595 
481 667 4 5 0.041968793 
501 655 4 5 0.04193879 
955 635 4 4 0.041891914 
469 667 4 4 0.041821998 
791 649 3 3 0.04163675 
462 679 4 5 0.041627396 
381 426 9 15 0.041624345 
493 705 4 5 0.04161327 
696 697 8 6 0.04160222 
416 698 5 6 0.041562732 
719 696 5 6 0.041403126 
1020 645 5 8 0.041395847 
896 652 4 7 0.041387085 
987 608 5 5 0.04136039 
867 596 3 4 0.041329626 
349 636 2 4 0.04131784 
982 564 3 4 0.0413155 
854 648 4 5 0.04128534 
386 643 3 4 0.04124557 
136 597 4 5 0.041224413 
975 578 3 4 0.041161533 
745 630 3 4 0.041120935 
751 617 4 4 0.041093733 
316 462 6 7 0.041081343 
136 623 4 4 0.041058138 
956 577 3 4 0.041017424 
124 603 4 4 0.040971514 
31 663 7 9 0.040827464 
559 668 4 4 0.040826816 
425 673 3 4 0.0407001 
720 659 4 6 0.040660344 
1020 658 5 7 0.040646162 
1013 621 4 6 0.04063984 
758 655 4 3 0.040636428 
536 673 3 4 0.04062522 
924 622 4 4 0.040596094 
597 660 4 5 0.040495083 
678 654 4 5 0.040372163 
615 703 5 6 0.040343523 
424 696 4 6 0.04031846 
796 659 3 5 0.04022762 
886 585 3 4 0.04022005 
597 666 4 6 0.040117335 
380 642 3 4 0.040094543 
354 696 4 7 0.040058795 
872 597 4 4 0.039945737 
956 572 3 3 0.03987746 
660 708 6 7 0.039867967 
1013 667 5 6 0.039808914 
387 654 3 5 0.0397432 
764 647 4 5 0.03966659 
542 647 3 5 0.039606415 
813 597 4 5 0.039563738 
471 414 11 18 0.039549835 
590 678 5 6 0.039460473 
745 647 4 4 0.039419465 
879 604 4 4 0.03941216 
328 672 3 5 0.039379295 
763 641 4 5 0.039332356 
903 584 4 4 0.039194286 
361 661 4 4 0.03916837 
65 660 6 8 0.03906458 
834 641 4 5 0.039061833 
467 705 4 5 0.039020132 
348 661 3 4 0.03899965 
630 710 5 7 0.038920596 
770 623 3 4 0.038869243 
802 629 4 4 0.03884706 
1007 603 4 5 0.03882144 
462 660 4 6 0.03880955 
399 648 4 4 0.03879445 
969 579 3 3 0.0387641 
814 653 4 5 0.038746923 
822 654 3 5 0.038699195 
368 654 3 4 0.038675517 
822 648 4 4 0.038655445 
885 635 4 4 0.03861534 
380 679 4 5 0.03860991 
423 685 4 5 0.03860357 
411 673 4 5 0.03859017 
783 711 4 6 0.038428627 
745 623 4 4 0.038427085 
635 683 4 7 0.03839039 
1020 550 6 7 0.038384546 
950 578 3 4 0.03835142 
980 609 5 5 0.038348336 
340 702 5 7 0.03823808 
788 610 4 3 0.03816655 
462 686 4 4 0.038131136 
956 591 3 4 0.038025428 
124 596 4 5 0.037981942 
436 695 4 7 0.037978183 
854 684 5 9 0.03797169 
564 685 4 5 0.03796103 
28 657 6 8 0.037954703 
604 635 3 5 0.03795382 
872 628 4 5 0.037904378 
604 628 4 5 0.037886105 
1052 655 7 11 0.037867315 
577 697 5 6 0.037857756 
502 660 3 5 0.037836317 
129 603 4 4 0.0377932 
535 667 4 5 0.037787654 
924 572 4 4 0.03778732 
163 549 22 29 0.037785646 
976 584 3 4 0.037760627 
143 626 4 6 0.037748653 
642 705 3 5 0.03771239 
924 597 4 4 0.03769073 
724 704 6 6 0.037619397 
99 458 17 32 0.037619125 
399 653 3 5 0.037579343 
943 586 3 3 0.037571467 
356 653 3 4 0.03748719 
896 685 5 6 0.037432577 
744 686 4 5 0.03733165 
934 579 4 4 0.037306633 
878 696 5 6 0.037292857 
732 623 4 4 0.037275944 
65 641 5 5 0.037221532 
125 609 3 4 0.037186928 
892 677 4 6 0.03714353 
609 711 4 6 0.037055217 
667 685 5 7 0.037053574 
530 620 6 6 0.03703356 
327 695 5 7 0.037022628 
559 660 4 4 0.037002776 
802 659 4 5 0.036989335 
954 642 5 4 0.03697439 
609 641 3 5 0.036963962 
943 571 4 5 0.036954254 
911 610 4 4 0.03692369 
89 632 6 7 0.03690093 
757 710 5 7 0.03688192 
1008 595 3 5 0.036870006 
1007 558 4 5 0.036858767 
560 628 3 5 0.03682436 
506 641 4 5 0.036791015 
418 654 4 4 0.0367887 
1020 588 5 7 0.03678732 
788 616 5 4 0.03667083 
554 635 3 5 0.036572296 
369 702 4 7 0.036568485 
802 655 3 5 0.03656436 
142 603 4 6 0.03656157 
430 704 4 7 0.036561213 
1013 583 4 6 0.036553584 
1011 589 4 5 0.036517583 
1008 629 4 4 0.036497932 
834 630 3 4 0.03646179 
482 655 4 4 0.036442973 
147 670 8 11 0.0364394 
455 679 4 5 0.03636587 
988 583 3 4 0.03635139 
796 623 4 4 0.036344144 
367 661 3 5 0.036292143 
903 628 4 4 0.03625007 
899 628 4 5 0.036239937 
505 633 6 6 0.036206625 
418 679 4 5 0.036203563 
397 702 5 7 0.036176406 
515 252 12 17 0.036174882 
374 622 3 5 0.036169354 
136 648 6 6 0.036141343 
26 652 7 8 0.036110092 
925 656 3 4 0.036101907 
782 610 4 4 0.03606597 
782 642 4 4 0.03606472 
987 579 4 3 0.036057323 
967 636 4 4 0.03603523 
591 635 3 5 0.03600946 
696 402 18 21 0.036005415 
139 696 6 8 0.03596113 
1000 602 4 5 0.035952907 
7 656 7 11 0.035935573 
9 688 8 11 0.035933346 
457 710 4 5 0.035928767 
328 679 3 5 0.035916373 
994 571 4 4 0.03589551 
919 660 4 5 0.03587007 
267 497 9 11 0.035858255 
719 666 3 5 0.035844173 
949 661 4 5 0.035807002 
863 655 5 6 0.035773616 
918 571 3 4 0.035751894 
387 704 4 7 0.035712544 
942 636 5 4 0.035651375 
288 702 5 7 0.035620857 
768 684 5 5 0.035577446 
630 704 4 6 0.03554953 
807 628 5 5 0.035511162 
36 652 6 9 0.035496626 
854 667 4 5 0.03548304 
646 711 5 6 0.035444852 
334 692 5 6 0.0354409 
667 615 5 5 0.035437576 
696 691 8 6 0.035433408 
815 642 4 4 0.035402536 
147 663 7 10 0.035361607 
368 642 3 4 0.03527437 
917 584 3 4 0.035258923 
899 610 3 4 0.035238 
955 622 4 4 0.03519675 
476 668 3 4 0.03517554 
796 680 4 5 0.035173316 
783 703 4 6 0.035108697 
629 685 4 5 0.035087697 
925 616 3 4 0.035081353 
323 666 4 6 0.03507579 
713 686 4 5 0.035074543 
968 661 5 5 0.03505597 
950 640 3 5 0.03503116 
663 673 4 5 0.03502051 
934 678 5 7 0.034943447 
394 635 3 4 0.034897614 
1020 653 5 8 0.03487639 
943 670 5 6 0.034861695 
594 672 5 6 0.034782834 
677 709 7 8 0.03474569 
296 654 5 6 0.034745086 
1020 557 5 7 0.03471866 
796 642 3 4 0.03470272 
678 686 6 5 0.034647696 
362 643 2 3 0.03462456 
696 286 25 41 0.034540646 
948 653 4 5 0.03448874 
399 641 4 5 0.03447581 
357 704 5 7 0.03445949 
737 674 5 5 0.034440715 
655 703 4 7 0.03441118 
181 703 4 6 0.034391645 
367 685 4 6 0.034363545 
737 623 4 4 0.0342463 
541 705 4 5 0.03423197 
891 621 4 5 0.034205448 
110 677 7 10 0.034178566 
386 614 4 5 0.03412584 
751 673 4 5 0.034067158 
489 680 4 5 0.034054544 
647 629 5 4 0.034026027 
962 636 4 4 0.03397268 
859 634 4 5 0.033965833 
494 660 4 5 0.03391352 
135 584 4 5 0.033900086 
1014 569 4 5 0.033890042 
348 685 4 6 0.033841558 
66 635 6 6 0.03382673 
955 629 4 5 0.033816677 
400 661 3 4 0.03379469 
518 678 5 6 0.033774424 
322 653 4 6 0.03371609 
124 590 3 5 0.03357137 
647 665 4 6 0.03356003 
885 616 4 4 0.033504494 
140 652 6 6 0.033494134 
738 629 4 4 0.03345446 
564 705 5 5 0.033361662 
872 674 4 5 0.033354312 
815 629 3 4 0.033304088 
104 465 26 49 0.033267774 
715 526 31 48 0.033204712 
628 228 9 13 0.0330997 
331 634 3 6 0.033091027 
413 667 4 4 0.033050545 
488 673 5 5 0.033033717 
886 669 4 4 0.033027694 
20 672 7 8 0.033024237 
482 660 3 5 0.033024035 
107 633 6 8 0.033016857 
763 629 4 4 0.032977007 
380 653 3 5 0.032938864 
962 622 4 4 0.032904677 
777 616 4 4 0.03287279 
994 666 5 5 0.03287013 
808 690 5 7 0.032850042 
579 621 3 5 0.03284301 
784 715 4 6 0.03283932 
955 666 4 6 0.03277575 
776 698 4 6 0.03275102 
584 698 4 6 0.032735117 
979 653 4 5 0.032725185 
897 691 4 7 0.032700107 
153 674 8 11 0.032692946 
562 442 43 47 0.0326559 
591 717 4 6 0.032636683 
585 629 3 5 0.032635875 
572 660 3 5 0.032583445 
858 299 44 59 0.032565553 
988 565 3 4 0.032547526 
313 733 5 8 0.032535817 
1007 622 4 4 0.032534953 
994 585 4 4 0.03252674 
1013 577 4 5 0.03250683 
1012 653 4 6 0.032495316 
992 660 5 6 0.03246943 
501 646 5 5 0.032383926 
912 577 4 4 0.03234848 
554 615 4 6 0.032339897 
810 680 4 5 0.032326683 
137 652 5 5 0.032263074 
205 703 5 6 0.032253228 
636 642 4 5 0.032234963 
855 677 3 6 0.03221305 
553 698 4 5 0.03220784 
123 583 4 5 0.03219645 
1020 596 5 6 0.032178804 
847 641 3 5 0.03214305 
418 647 3 5 0.03213841 
636 628 4 4 0.03212259 
642 685 4 7 0.032013383 
745 616 3 5 0.03198583 
912 617 4 4 0.031951047 
19 682 7 8 0.03191058 
559 685 5 5 0.03188927 
796 667 4 5 0.03180793 
963 585 3 3 0.03178584 
511 633 6 7 0.03164027 
489 660 4 5 0.031639423 
130 589 4 5 0.031629123 
869 704 5 8 0.03155412 
725 666 3 5 0.03154651 
891 647 6 7 0.03152144 
461 673 4 5 0.031422686 
764 674 4 5 0.031407014 
138 670 8 11 0.031401727 
603 716 5 6 0.03137114 
918 689 4 7 0.031334545 
381 703 4 7 0.031291094 
321 587 6 9 0.031242028 
903 610 4 4 0.031219833 
1031 712 21 33 0.031193579 
368 648 2 5 0.03116836 
405 667 3 4 0.031166593 
585 665 4 6 0.031161824 
858 690 4 8 0.03113534 
181 715 6 8 0.031131214 
678 704 7 7 0.031130213 
955 585 4 3 0.031106176 
295 488 10 15 0.031091083 
816 635 4 4 0.031051027 
140 691 6 8 0.03099783 
558 693 5 5 0.030983325 
757 685 4 5 0.030972576 
929 572 4 4 0.030944174 
809 660 3 5 0.030929398 
873 616 3 4 0.030859863 
597 716 4 7 0.030814465 
149 607 4 6 0.030742005 
142 589 4 5 0.030684946 
150 627 4 5 0.030602908 
859 697 4 7 0.030584553 
730 713 7 8 0.030568901 
999 622 5 5 0.030542867 
981 630 4 4 0.03053475 
868 708 6 11 0.030508328 
368 636 3 4 0.030406803 
673 698 5 5 0.0303598 
771 617 3 4 0.030335091 
322 659 4 5 0.030329436 
1020 620 5 8 0.030277232 
393 654 3 4 0.030259421 
828 634 4 5 0.030254435 
1001 576 4 5 0.030244961 
720 653 4 5 0.030236015 
864 667 4 5 0.030208942 
968 666 5 5 0.030143773 
730 703 6 6 0.030125936 
141 659 5 7 0.030120568 
911 628 4 5 0.030115515 
905 692 4 5 0.030111901 
419 660 3 5 0.030111745 
306 680 11 14 0.030083671 
762 710 5 6 0.03006826 
476 648 4 5 0.030062128 
809 654 4 5 0.030050205 
729 699 6 6 0.029989226 
809 666 4 5 0.029988017 
424 660 3 5 0.029953666 
703 691 7 6 0.02994045 
623 703 4 6 0.029936802 
538 635 4 6 0.029907698 
1055 670 6 10 0.029898154 
867 697 4 5 0.02988668 
123 631 7 8 0.029878816 
490 705 4 5 0.02986387 
107 638 7 10 0.029819926 
943 629 4 4 0.029814659 
579 616 3 4 0.029799633 
950 591 3 4 0.029790772 
393 642 3 4 0.029730257 
577 636 3 4 0.029719647 
149 623 4 5 0.029703682 
667 666 4 6 0.029703261 
31 635 6 5 0.029618071 
11 681 8 11 0.029592887 
355 642 3 4 0.029590344 
137 603 4 5 0.0295878 
586 636 3 3 0.02955417 
910 687 5 5 0.029522663 
458 673 3 5 0.02949246 
858 604 4 4 0.029469281 
128 609 5 5 0.029345524 
123 616 4 5 0.029337669 
470 579 24 38 0.029318433 
137 578 4 4 0.029317914 
667 629 4 4 0.029193556 
947 647 5 6 0.029160699 
872 695 4 7 0.029135693 
355 636 2 4 0.02912841 
1000 591 3 4 0.029113857 
891 611 4 4 0.029063415 
380 628 3 5 0.029055234 
150 578 4 4 0.029042022 
342 629 3 4 0.02904041 
632 716 6 8 0.028999824 
392 630 4 4 0.028986072 
641 614 6 6 0.028970478 
866 611 4 3 0.028969198 
87 651 6 9 0.028948702 
577 16 132 151 0.028942276 
841 642 3 4 0.02892841 
665 709 6 6 0.028903453 
982 578 3 4 0.028894527 
801 673 4 6 0.028884452 
642 622 4 5 0.028867174 
1037 614 7 13 0.028839359 
827 652 4 5 0.02881134 
141 646 5 7 0.028810898 
76 402 21 28 0.028801985 
968 610 4 3 0.02874116 
892 685 5 7 0.028719911 
136 590 4 4 0.0287168 
904 633 5 6 0.02869322 
943 641 4 4 0.028692102 
874 638 4 6 0.028666554 
125 627 4 7 0.028663171 
137 489 9 12 0.028594464 
52 654 15 18 0.02857462 
40 636 5 4 0.0285682 
979 648 4 5 0.028558794 
1031 684 11 21 0.028537245 
321 718 5 6 0.028532814 
757 692 5 5 0.028527483 
263 492 7 11 0.028473169 
623 642 4 4 0.028468076 
181 711 5 7 0.028398655 
560 609 3 5 0.028398525 
217 609 11 18 0.028385846 
598 635 4 5 0.028350184 
732 616 3 4 0.028338825 
886 622 3 4 0.028301181 
334 629 4 5 0.028291026 
24 682 8 9 0.028284531 
877 635 4 5 0.028271748 
800 678 5 6 0.02825303 
827 643 4 4 0.028237067 
584 659 4 5 0.028209455 
845 668 4 5 0.028195184 
678 647 4 5 0.028175117 
207 650 5 9 0.028165568 
71 651 6 7 0.028132975 
987 622 4 5 0.028130192 
866 634 4 5 0.028123295 
335 686 4 5 0.028099507 
1019 582 5 8 0.028040128 
1056 636 6 9 0.028039765 
917 678 4 5 0.028033132 
1011 678 6 8 0.028029962 
745 704 5 6 0.027975539 
1053 644 6 11 0.027925966 
181 698 4 7 0.027906368 
1013 660 4 5 0.027878169 
883 692 5 6 0.027857209 
904 623 4 4 0.027844531 
796 673 3 5 0.027788214 
77 634 6 6 0.027723644 
225 683 6 8 0.027693776 
803 643 3 4 0.027664466 
235 727 10 15 0.02763407 
283 670 5 9 0.027611414 
69 675 8 9 0.027599182 
27 665 6 7 0.027571548 
501 635 6 6 0.027569694 
1000 585 4 4 0.027526783 
794 710 4 7 0.02751847 
360 608 4 5 0.027511729 
758 623 3 3 0.027458906 
569 709 5 7 0.027414273 
148 659 5 9 0.027360938 
878 591 4 4 0.027237518 
358 692 4 6 0.027181676 
787 716 5 6 0.0271714 
873 604 3 4 0.027169948 
994 565 3 4 0.027149616 
949 629 4 4 0.027116241 
584 679 4 6 0.02709125 
642 709 4 6 0.027076103 
570 705 5 5 0.027024304 
495 641 5 5 0.027009754 
571 697 4 6 0.026998647 
320 55 93 104 0.026950026 
903 696 5 7 0.026942676 
911 624 3 3 0.026906796 
865 628 5 5 0.026889184 
847 659 4 6 0.026869157 
885 629 4 4 0.026843173 
368 622 3 5 0.026827244 
879 623 3 4 0.0268232 
897 661 4 5 0.026792137 
859 639 4 6 0.026776982 
962 559 4 4 0.026747273 
892 571 4 5 0.026741734 
355 661 3 5 0.026715523 
822 666 4 5 0.026707614 
540 589 4 5 0.026702287 
515 674 3 4 0.02667465 
164 515 12 17 0.026654381 
771 610 4 4 0.026653904 
129 597 4 4 0.026622774 
206 711 5 6 0.026614891 
381 636 3 4 0.02660662 
573 616 3 4 0.026561946 
833 691 4 6 0.026475102 
922 691 5 5 0.026450556 
345 580 7 12 0.026442558 
535 639 4 5 0.026425753 
83 684 6 8 0.026405603 
104 634 6 7 0.026382664 
493 649 5 5 0.026299663 
0 625 6 10 0.02628297 
558 708 4 7 0.026274696 
886 641 3 4 0.026259445 
915 628 5 5 0.026210252 
545 636 4 4 0.02619788 
877 640 4 5 0.026176864 
845 685 5 7 0.026173972 
355 603 4 6 0.026119923 
1001 566 3 3 0.026109062 
1020 634 5 7 0.026099758 
45 629 6 6 0.026062004 
122 641 6 7 0.025946494 
639 664 16 23 0.025939457 
718 710 6 6 0.025935592 
481 647 4 5 0.025925793 
960 667 5 6 0.025861816 
506 660 3 5 0.025854638 
1000 660 5 5 0.025850749 
468 648 4 5 0.02580955 
519 674 5 5 0.02580626 
1038 602 6 12 0.02579719 
929 647 5 4 0.025791883 
327 535 7 11 0.025767023 
903 616 4 4 0.025751477 
45 675 7 9 0.025715638 
853 652 5 6 0.025697315 
900 504 7 10 0.025693059 
824 331 22 45 0.025640288 
1036 664 8 13 0.025631797 
873 623 4 4 0.02562771 
826 666 5 6 0.025608081 
858 648 4 5 0.025604483 
722 717 7 6 0.02557596 
154 627 4 6 0.02553888 
769 602 4 4 0.025529737 
1063 633 5 10 0.02552068 
117 644 5 6 0.025518639 
1006 571 4 5 0.02545024 
418 641 4 5 0.025441201 
591 622 4 4 0.025433075 
437 680 4 5 0.025335997 
41 688 9 9 0.02531034 
897 696 5 7 0.025292443 
828 617 4 4 0.025224045 
142 641 5 6 0.025222305 
598 629 3 4 0.025194054 
974 559 4 4 0.025145356 
979 616 5 4 0.025129963 
891 628 4 5 0.025110964 
622 634 4 5 0.025101103 
336 679 3 5 0.025100661 
630 673 3 5 0.025061782 
463 705 4 6 0.025052644 
660 55 65 107 0.025041394 
1037 627 7 12 0.02503064 
866 591 3 3 0.025012596 
994 559 3 4 0.02498928 
530 94 9 13 0.024951318 
1044 706 11 19 0.024932405 
411 649 3 4 0.024910433 
878 585 4 4 0.024910027 
975 564 3 4 0.024900163 
162 534 22 27 0.024884729 
315 653 5 6 0.024870714 
898 617 3 4 0.024823975 
909 633 5 6 0.024816554 
407 696 4 7 0.02475865 
955 660 4 5 0.024725743 
1001 616 4 4 0.024725305 
1014 671 4 5 0.024718609 
660 622 5 4 0.024701877 
1034 675 10 16 0.024669942 
583 709 4 7 0.02466739 
312 561 17 28 0.024648977 
335 697 5 7 0.024624377 
893 660 4 5 0.024591798 
443 680 5 5 0.024552785 
534 635 5 6 0.02453513 
956 647 4 4 0.024531594 
232 733 7 11 0.024516711 
674 629 4 4 0.024504192 
40 669 7 9 0.024457097 
357 697 5 7 0.024422964 
835 528 10 15 0.024406336 
999 667 6 5 0.024393272 
489 668 4 5 0.024376988 
127 631 6 8 0.024354935 
290 652 5 7 0.02435431 
834 673 4 6 0.024326269 
1019 607 5 7 0.02432444 
732 628 4 4 0.024309224 
674 621 4 5 0.024302352 
141 519 112 157 0.024261858 
961 629 5 4 0.024238234 
136 616 4 4 0.024234172 
609 627 4 5 0.024182176 
763 611 3 3 0.024176689 
641 698 4 6 0.024125408 
442 683 5 7 0.0241251 
828 673 3 5 0.0240915 
398 636 3 4 0.024085935 
117 608 4 5 0.024002906 
57 692 6 8 0.023998601 
585 616 3 4 0.023988191 
440 690 5 9 0.023984762 
337 703 4 6 0.023982987 
416 703 4 6 0.023936486 
323 672 4 5 0.023909183 
949 636 4 4 0.02383536 
820 622 3 4 0.023792073 
975 636 4 3 0.02378882 
730 692 5 5 0.023751909 
618 642 3 4 0.02372361 
431 686 5 5 0.023654073 
719 705 5 5 0.023650058 
362 635 3 4 0.02363501 
579 709 4 6 0.023625243 
1006 615 4 5 0.023604281 
821 629 4 5 0.023583708 
956 566 3 4 0.023568537 
279 658 6 9 0.023568274 
821 659 3 5 0.023563314 
929 642 6 5 0.023543963 
815 660 4 4 0.023493148 
861 591 3 4 0.023486694 
394 427 14 23 0.023448154 
660 718 6 6 0.023395725 
1021 653 15 21 0.023374863 
457 704 4 6 0.023365378 
691 728 8 10 0.023363974 
405 642 3 4 0.023332011 
451 675 3 4 0.023282569 
816 703 6 9 0.02325578 
801 611 4 4 0.023244474 
1059 628 5 8 0.023234196 
381 616 3 5 0.02323014 
853 622 4 5 0.02322843 
936 572 4 4 0.02319482 
566 610 3 4 0.023193737 
636 622 4 5 0.023166459 
322 678 5 6 0.023153227 
903 707 5 9 0.023150004 
534 691 4 6 0.023094906 
936 629 3 4 0.023070743 
691 686 5 5 0.023064371 
866 603 4 4 0.023056697 
1000 570 4 5 0.023039345 
388 435 10 18 0.02303001 
583 672 4 6 0.023028014 
323 709 5 7 0.022952173 
1057 708 10 19 0.022947907 
506 646 4 6 0.022937786 
31 683 8 10 0.0229372 
987 559 4 4 0.022926344 
584 717 4 7 0.02289008 
1037 640 7 12 0.02282113 
608 715 5 7 0.022768121 
1038 547 12 16 0.02275136 
238 670 35 45 0.02275133 
210 646 6 9 0.022687087 
591 578 4 5 0.022670843 
890 635 4 5 0.022667699 
994 616 4 5 0.02266236 
505 653 4 6 0.022652708 
554 629 3 4 0.022636922 
801 623 5 4 0.022619052 
905 654 4 5 0.022583291 
379 623 3 4 0.022582106 
655 679 4 6 0.022564398 
760 732 7 9 0.022563599 
859 610 4 4 0.022562327 
659 722 6 7 0.022555519 
584 583 4 6 0.02254885 
88 646 6 8 0.022527998 
679 677 5 6 0.022521242 
795 704 4 8 0.022470856 
1021 639 15 22 0.022463802 
430 667 4 6 0.02244955 
853 640 4 5 0.02238987 
963 565 3 3 0.02238658 
248 702 8 10 0.02237312 
1005 659 6 5 0.022338785 
591 629 3 4 0.022302452 
769 692 4 5 0.02226309 
789 711 4 6 0.022262398 
361 686 4 5 0.022261657 
942 565 4 4 0.022259288 
346 467 5 6 0.022255423 
359 709 4 6 0.022211706 
873 591 4 3 0.02220974 
559 622 4 5 0.0222034 
142 584 4 5 0.022172939 
22 672 16 17 0.02217048 
839 510 9 10 0.022165302 
553 317 18 22 0.022142546 
1056 685 6 9 0.02211717 
694 702 10 9 0.022106834 
694 708 10 9 0.022104584 
298 491 14 18 0.022074608 
796 611 4 4 0.02206171 
462 710 4 5 0.022048514 
763 716 5 7 0.022002067 
142 597 5 5 0.021972043 
988 628 4 5 0.021946136 
598 679 4 6 0.021915052 
929 691 5 5 0.021908732 
1063 622 5 10 0.021860763 
1012 558 4 5 0.021813188 
316 648 4 5 0.02175674 
149 602 4 6 0.021738505 
149 496 12 15 0.021736527 
490 648 4 4 0.021720309 
871 654 4 5 0.02170093 
122 646 5 5 0.021675749 
1018 678 6 10 0.021670274 
808 623 4 4 0.02166574 
355 629 3 5 0.021635449 
832 615 5 5 0.021608526 
394 438 9 18 0.021606723 
895 665 18 23 0.021565298 
1021 544 14 21 0.021549461 
686 678 5 7 0.02154662 
880 616 3 4 0.021545408 
973 666 5 5 0.021544183 
885 660 4 5 0.0215428 
500 690 5 6 0.02152922 
982 560 3 3 0.021492187 
916 642 5 6 0.021461112 
995 622 3 4 0.02145058 
129 577 4 5 0.021419667 
948 670 5 6 0.021416184 
13 654 6 7 0.021399062 
847 629 4 5 0.021387562 
476 641 4 5 0.021372216 
898 622 4 4 0.021355852 
323 699 4 5 0.021325307 
95 632 7 8 0.021306777 
617 634 4 5 0.021280987 
512 640 5 5 0.021276392 
673 615 5 5 0.021259611 
566 616 3 4 0.021211881 
878 628 4 5 0.021186663 
124 577 3 5 0.021182738 
347 702 4 6 0.021180436 
71 685 6 8 0.021151382 
76 686 7 9 0.02114088 
367 616 3 4 0.021138715 
360 605 4 5 0.02111082 
860 617 4 4 0.021085305 
554 622 3 4 0.021054108 
815 617 4 4 0.02102652 
752 610 3 3 0.021024358 
770 641 5 5 0.02101944 
1061 656 6 10 0.021010984 
854 629 4 4 0.020975698 
558 616 4 5 0.020953802 
815 672 4 6 0.020933395 
341 579 7 12 0.02091621 
893 691 4 6 0.020905599 
1063 669 5 10 0.020899588 
725 497 34 55 0.02089113 
810 596 4 5 0.02088465 
426 704 4 7 0.020882627 
873 585 4 4 0.020872138 
260 491 18 26 0.020869965 
50 683 7 8 0.020851392 
295 684 5 7 0.0208105 
266 510 19 31 0.020789007 
218 703 6 7 0.020758606 
834 660 4 6 0.020750882 
449 712 4 4 0.020749845 
813 558 4 5 0.020743864 
1000 654 5 5 0.02074335 
537 569 5 8 0.02073076 
757 730 7 9 0.02072357 
846 691 4 6 0.020704284 
609 734 5 8 0.020704255 
782 605 5 3 0.020696348 
744 673 5 5 0.020695696 
213 698 6 7 0.02069113 
994 577 4 4 0.02066587 
347 692 4 5 0.020649165 
802 667 4 4 0.0206454 
1037 652 7 13 0.020644918 
583 577 5 6 0.02064375 
738 604 4 4 0.02064138 
981 571 4 4 0.020628951 
1013 682 5 9 0.02061445 
852 698 5 6 0.020610124 
744 609 3 4 0.020572051 
1021 613 5 8 0.020548815 
72 416 18 30 0.020545626 
330 628 4 6 0.020539196 
775 604 4 4 0.020507194 
0 560 8 22 0.020476835 
683 706 10 9 0.020466443 
310 730 5 6 0.020462446 
853 617 4 4 0.020433115 
788 686 3 5 0.020426594 
734 703 6 7 0.020401375 
724 711 5 6 0.02034987 
1062 644 5 10 0.020319136 
957 607 21 22 0.020315511 
51 690 7 8 0.02029183 
1061 693 7 12 0.020289693 
917 566 4 4 0.020288855 
373 603 4 4 0.020278886 
624 668 27 41 0.020267053 
604 623 4 4 0.020265236 
731 650 19 22 0.020263426 
757 716 5 7 0.020248549 
313 658 7 7 0.020236215 
43 659 15 19 0.02020983 
802 636 4 3 0.02020367 
975 630 4 4 0.020199645 
373 684 4 6 0.020190297 
551 705 5 5 0.02016763 
534 568 5 9 0.020161299 
630 715 5 8 0.020141607 
865 617 4 4 0.020122685 
332 462 6 7 0.020121185 
866 714 6 10 0.020105861 
185 710 6 8 0.0201004 
1007 577 4 5 0.020089785 
936 635 4 5 0.020089176 
309 736 5 6 0.020084642 
1009 600 20 24 0.02005485 
667 621 5 4 0.02004778 
413 702 4 6 0.02003395 
1022 594 14 22 0.020020612 
361 630 3 4 0.020020325 
405 710 4 7 0.020015078 
731 610 4 4 0.020014241 
372 435 9 16 0.020000577 
