35_Basketball_basketballgame_ball_35_662
187
67 105 40 52 0.99981505 
757 3 29 32 0.99973243 
380 73 27 31 0.9997154 
598 48 48 66 0.9994475 
478 80 52 77 0.9993717 
206 146 45 60 0.99934536 
63 41 27 33 0.99897075 
799 122 51 68 0.99882203 
688 119 48 65 0.99813664 
428 12 24 37 0.99770266 
558 33 23 34 0.9974837 
117 111 30 38 0.9958788 
171 0 30 33 0.9951591 
111 64 30 43 0.9930472 
363 140 31 36 0.99284256 
309 98 32 37 0.9918839 
712 82 28 40 0.99049824 
37 115 26 28 0.98814803 
285 130 31 44 0.9863837 
684 51 31 36 0.9825624 
661 4 26 32 0.97433305 
806 40 30 35 0.9730645 
246 65 31 43 0.9678637 
733 129 45 50 0.95547867 
1 170 22 41 0.92437726 
230 124 30 37 0.9104574 
625 1 19 25 0.86513096 
848 142 24 41 0.80944407 
530 61 24 37 0.55994594 
253 6 20 31 0.5575047 
-2 -6 17 33 0.47155508 
493 -3 26 22 0.4617038 
212 45 21 33 0.4211041 
166 136 25 37 0.3871544 
677 6 21 28 0.38311556 
199 95 22 25 0.316809 
286 -2 25 27 0.31371865 
179 48 28 36 0.29425174 
797 8 25 31 0.26782724 
325 129 31 44 0.25493562 
755 69 20 27 0.24458413 
634 8 20 27 0.23328426 
56 88 24 31 0.22057587 
269 6 34 43 0.21103406 
209 5 19 26 0.18676907 
690 8 17 28 0.1778787 
476 38 20 27 0.15510024 
698 93 43 59 0.14514668 
864 137 33 47 0.1326641 
658 119 39 59 0.12697919 
433 86 25 46 0.12065123 
919 436 36 58 0.11927686 
61 1 27 27 0.11470729 
133 28 35 42 0.10571175 
706 10 22 26 0.099593975 
394 191 20 36 0.09286935 
853 67 39 61 0.08108737 
717 8 19 23 0.075860515 
583 4 20 21 0.075267725 
25 57 23 41 0.07193916 
125 32 21 23 0.07142525 
779 8 27 28 0.06794384 
31 230 17 31 0.06544775 
476 54 23 33 0.06264909 
630 59 24 36 0.061585553 
406 14 18 28 0.06091266 
806 0 35 41 0.060644787 
-2 82 13 31 0.058040474 
41 542 23 19 0.05779817 
240 140 25 43 0.056790587 
0 0 8 19 0.055259697 
448 81 33 56 0.054435827 
333 40 18 30 0.053533968 
309 69 22 24 0.05352775 
1 118 20 39 0.05344623 
324 16 32 45 0.05326235 
388 53 12 17 0.051846404 
702 9 13 20 0.050881073 
409 144 33 50 0.050662044 
137 19 28 24 0.04899439 
641 0 22 24 0.04743576 
836 9 22 34 0.046929643 
645 56 30 47 0.04499074 
203 104 25 32 0.04494993 
580 584 9 8 0.044510253 
739 0 20 21 0.043249898 
755 83 30 39 0.04230839 
416 14 21 31 0.04221487 
162 117 22 28 0.04111652 
1013 388 12 19 0.040626436 
333 11 19 29 0.038887486 
843 73 28 37 0.03842655 
381 53 13 15 0.038178008 
519 2 20 25 0.03691473 
351 124 22 31 0.03656227 
318 10 22 31 0.036523994 
884 251 35 62 0.036096025 
550 87 20 31 0.03585738 
263 133 24 38 0.035831343 
390 61 32 39 0.03530388 
386 106 21 26 0.03456218 
572 21 10 17 0.034029093 
890 88 12 18 0.033995837 
570 39 13 21 0.033774003 
779 89 31 41 0.03283806 
450 21 19 30 0.032238953 
212 115 31 38 0.032004613 
309 1 22 28 0.03176696 
519 265 26 29 0.031587098 
189 78 24 29 0.030484494 
-3 81 29 53 0.029920915 
278 36 31 45 0.029665705 
610 1 18 22 0.029553685 
642 16 24 32 0.029541148 
9 542 20 20 0.029505871 
396 157 36 57 0.029064264 
543 40 28 44 0.028251968 
672 63 31 42 0.028233686 
510 22 34 44 0.0282244 
382 57 21 25 0.027976364 
161 49 32 40 0.027695348 
789 0 24 25 0.027691195 
998 220 9 21 0.027548265 
525 81 34 54 0.027181385 
781 56 24 29 0.02714347 
341 143 22 33 0.027116599 
790 15 41 46 0.027007911 
356 4 31 41 0.026956081 
345 100 23 29 0.026663 
570 62 37 54 0.026620435 
272 18 13 21 0.026339797 
0 64 7 20 0.025773047 
175 68 24 29 0.025763676 
750 54 20 30 0.025652895 
584 26 21 33 0.025248533 
715 18 22 30 0.025119068 
646 26 32 46 0.025118986 
0 41 16 33 0.025083972 
282 25 24 31 0.025021123 
328 103 21 32 0.024991937 
37 128 29 43 0.024975453 
321 154 21 30 0.024845181 
334 108 29 43 0.02478903 
646 570 25 34 0.024762375 
744 22 12 16 0.024742652 
636 254 51 41 0.024679406 
257 0 60 79 0.024428112 
196 43 24 33 0.02430846 
577 586 8 7 0.024133077 
476 57 38 62 0.024007512 
565 108 31 43 0.023916153 
377 56 10 13 0.023806043 
341 137 15 21 0.023722857 
808 4 15 17 0.023715865 
694 23 14 21 0.023595838 
573 590 10 8 0.023536406 
965 3 9 18 0.023404893 
141 53 26 33 0.023389118 
726 10 19 26 0.023211526 
7 66 26 47 0.023098549 
-1 50 7 21 0.023037724 
310 84 24 27 0.022974331 
385 140 20 32 0.02279607 
579 588 10 9 0.02268622 
739 91 20 30 0.022262258 
180 110 33 40 0.022216305 
444 7 13 22 0.022182066 
184 170 31 49 0.022052422 
0 74 6 22 0.022004183 
573 68 12 22 0.021977527 
16 99 29 46 0.021964945 
583 579 7 7 0.021592384 
506 58 38 62 0.021411903 
634 2 15 17 0.021366255 
72 192 85 140 0.02132588 
765 61 24 29 0.021118486 
467 9 20 30 0.02108624 
699 18 21 28 0.02099621 
339 72 30 42 0.02087348 
30 118 13 19 0.020815741 
1012 259 30 65 0.020746004 
7 269 22 34 0.020616645 
1002 224 9 22 0.020531518 
826 47 23 33 0.020483559 
279 108 20 29 0.020264544 
105 116 24 31 0.020249695 
713 -2 21 18 0.020024301 
