35_Basketball_playingbasketball_35_431
35
448 146 42 68 0.9981377 
465 53 70 76 0.9841929 
798 101 25 31 0.6300532 
147 117 25 40 0.34848997 
379 496 43 39 0.22185221 
463 203 34 45 0.16193226 
831 107 19 29 0.129754 
536 58 42 84 0.12138243 
376 482 17 33 0.076417185 
533 513 23 36 0.07135652 
735 306 27 30 0.0680686 
500 68 330 437 0.05389634 
769 166 36 47 0.05074904 
329 397 145 251 0.04347128 
439 61 26 39 0.042849135 
190 356 38 64 0.037270486 
453 446 15 26 0.0367045 
534 59 25 47 0.032896448 
411 181 18 33 0.030663481 
338 397 29 47 0.029057443 
215 348 36 63 0.026714949 
813 102 15 21 0.026613679 
983 731 8 13 0.025685417 
240 393 11 16 0.025361363 
259 353 9 14 0.024727894 
449 99 39 60 0.024668118 
309 115 24 29 0.024299957 
628 96 4 5 0.023972543 
446 108 10 19 0.023649525 
40 723 42 50 0.023284465 
487 108 39 62 0.023247775 
783 149 12 19 0.022563774 
281 221 16 34 0.021434871 
473 686 4 6 0.020679394 
791 170 43 61 0.020579629 
