35_Basketball_playingbasketball_35_219
160
238 676 112 126 0.99990976 
923 859 69 92 0.99831724 
699 1048 70 84 0.9980848 
461 959 72 78 0.9968077 
811 946 76 101 0.9966492 
687 917 22 43 0.98053783 
583 857 31 49 0.97861314 
629 30 12 18 0.6253755 
352 568 23 36 0.36767012 
420 416 14 22 0.24620804 
614 146 14 18 0.21513359 
601 123 12 17 0.18387651 
612 139 14 17 0.14599393 
229 474 12 20 0.14398307 
479 359 14 17 0.13766381 
219 531 13 24 0.13614132 
204 423 15 21 0.12678705 
830 887 23 28 0.121746846 
174 493 11 16 0.11947567 
590 108 12 16 0.112312816 
179 372 13 19 0.093517 
214 473 12 20 0.09078416 
301 349 13 17 0.087177835 
314 373 14 18 0.08693295 
651 130 17 22 0.085958146 
1001 942 19 34 0.08075331 
20 491 11 17 0.07899838 
216 1123 130 112 0.07436275 
203 367 12 17 0.073761806 
235 435 11 14 0.07350061 
497 10 12 17 0.07336277 
264 403 12 15 0.07270211 
228 450 11 15 0.06941051 
739 894 48 66 0.067079164 
632 147 13 18 0.06367588 
43 486 11 14 0.06256703 
54 496 11 13 0.061189327 
12 431 11 15 0.060590915 
15 483 11 18 0.057261474 
238 237 11 17 0.05613651 
486 98 12 15 0.05596033 
278 486 11 17 0.055754844 
6 495 8 14 0.054892346 
437 1 19 13 0.053502582 
482 137 12 20 0.052146766 
23 392 10 12 0.04930016 
30 516 10 16 0.04570263 
481 340 11 15 0.045351528 
210 500 11 20 0.04447168 
227 383 15 16 0.044411406 
500 153 12 19 0.043958113 
984 243 15 25 0.042597074 
367 378 11 19 0.042048078 
631 0 11 9 0.040955663 
357 555 25 34 0.040647425 
435 587 10 13 0.039833248 
287 430 13 17 0.039437525 
440 374 14 14 0.038986783 
224 80 10 12 0.037583344 
453 336 11 14 0.03752841 
146 487 11 16 0.037004147 
505 252 10 13 0.03693158 
502 181 14 19 0.03622069 
25 495 9 15 0.036063503 
607 132 14 16 0.03569301 
684 -1 11 7 0.035513707 
264 492 12 18 0.034720447 
463 311 11 15 0.03385986 
296 491 11 16 0.033297893 
268 273 10 15 0.032694798 
417 1149 50 61 0.03264367 
503 342 15 19 0.03255545 
13 491 10 17 0.03246977 
419 192 16 19 0.03220973 
445 402 14 20 0.03178336 
358 364 14 22 0.031372838 
24 544 12 16 0.030987812 
986 230 21 30 0.03098513 
277 392 12 17 0.03097976 
285 408 20 26 0.030860078 
231 344 13 12 0.029616222 
692 0 10 6 0.029450404 
122 491 11 15 0.029028855 
461 301 9 10 0.028972004 
212 463 12 19 0.02877756 
14 529 10 18 0.028198294 
647 140 15 21 0.027958648 
1006 277 14 24 0.027752386 
190 390 13 16 0.027595911 
512 410 13 18 0.027422935 
788 992 12 24 0.027261749 
404 54 12 15 0.026976364 
793 0 17 9 0.026744379 
15 471 9 13 0.026721451 
684 935 38 68 0.026686506 
6 595 12 21 0.02660117 
747 874 76 118 0.026185209 
1003 869 38 68 0.026062766 
69 366 7 11 0.02600833 
571 912 30 55 0.0259977 
846 1189 22 31 0.02593364 
268 521 16 18 0.025878288 
469 98 13 18 0.025829783 
292 450 14 14 0.025680656 
458 123 12 19 0.0256048 
464 320 11 15 0.025310218 
12 446 10 14 0.025271773 
372 300 15 15 0.0250775 
858 162 11 16 0.024945563 
342 427 12 19 0.024905609 
372 566 11 19 0.024845056 
530 169 12 17 0.024820771 
704 974 26 43 0.024717154 
38 556 12 15 0.02463292 
6 486 10 14 0.024439229 
362 537 12 15 0.024279239 
250 358 14 17 0.024265414 
518 203 13 19 0.023810787 
26 458 11 13 0.023758996 
785 978 23 43 0.023678483 
359 429 13 19 0.02365654 
478 396 14 17 0.023570865 
666 -1 16 10 0.023326786 
2 566 11 19 0.023325194 
364 309 11 13 0.023279462 
446 192 14 16 0.02315203 
170 454 12 15 0.02306226 
365 0 14 7 0.022942552 
608 158 16 19 0.02288825 
400 44 16 17 0.022826912 
383 409 14 18 0.022641847 
456 331 11 12 0.022562075 
507 385 13 16 0.022515826 
229 460 13 21 0.02247253 
231 440 12 15 0.02232186 
429 399 10 13 0.022037957 
206 400 13 16 0.021990258 
3 549 9 14 0.021851825 
405 62 14 17 0.021535244 
270 442 11 14 0.021313304 
461 426 13 20 0.021311475 
639 195 28 36 0.021201072 
0 234 10 16 0.021125542 
605 118 12 16 0.020960072 
762 197 27 41 0.020952165 
698 964 22 33 0.020896394 
524 226 13 16 0.020787051 
265 330 10 11 0.020697054 
46 321 8 10 0.020671302 
35 346 8 11 0.020646201 
402 401 13 21 0.020598289 
139 492 12 16 0.020521251 
438 328 12 14 0.02049622 
403 343 13 16 0.02042903 
88 518 11 16 0.020385953 
892 127 43 69 0.02033481 
435 137 14 20 0.02012538 
615 232 23 26 0.020119345 
432 1160 55 87 0.020027732 
417 106 13 15 0.020006096 
