35_Basketball_playingbasketball_35_350
76
495 152 140 194 0.9991129 
242 168 103 174 0.90067095 
614 92 59 49 0.4955138 
464 739 15 13 0.2140196 
187 10 61 58 0.18188827 
886 22 80 80 0.15351517 
388 727 12 14 0.121945195 
491 753 19 23 0.06569418 
513 724 13 12 0.06486652 
425 678 11 13 0.06274021 
495 686 10 12 0.05839427 
10 84 369 443 0.04988367 
484 711 14 12 0.04843333 
561 735 23 31 0.047388338 
436 753 13 18 0.045601662 
455 724 13 13 0.04093038 
443 707 12 11 0.037824288 
555 692 8 14 0.036417954 
470 714 12 11 0.035964586 
413 751 13 12 0.035938144 
572 234 371 347 0.03561169 
534 649 10 10 0.035594296 
436 721 13 12 0.035584092 
514 687 11 11 0.03513442 
1018 140 48 66 0.034824405 
418 707 13 11 0.03287412 
435 669 9 12 0.03241285 
531 681 9 11 0.031572104 
445 700 13 10 0.03153285 
464 706 12 10 0.031178067 
411 712 14 12 0.03075897 
418 687 10 11 0.029945312 
445 674 11 12 0.029624691 
466 670 10 11 0.0295498 
459 744 14 12 0.029437212 
522 732 13 13 0.02888028 
456 658 12 13 0.028330095 
438 686 11 12 0.0282529 
484 749 11 13 0.027907692 
289 155 130 197 0.027804494 
688 -70 291 406 0.027776957 
477 709 12 10 0.02761096 
516 714 11 10 0.027096553 
469 709 12 10 0.025996061 
444 731 14 12 0.025857795 
380 739 10 12 0.025626497 
677 487 398 320 0.025610788 
463 743 19 20 0.024319733 
369 753 9 14 0.023766339 
87 62 64 102 0.023678899 
437 712 14 12 0.022914825 
521 725 12 13 0.022607258 
802 -19 51 50 0.022485716 
400 730 12 14 0.02247934 
494 713 12 12 0.022470955 
227 146 342 421 0.022358194 
569 719 9 14 0.022185888 
551 755 16 15 0.022142714 
508 652 11 13 0.021994334 
438 673 12 13 0.021972409 
549 678 9 13 0.021592272 
391 734 19 19 0.021371877 
863 21 29 27 0.021184593 
526 636 12 11 0.021165099 
429 676 17 19 0.021145834 
510 693 11 11 0.021135291 
461 716 19 17 0.020798147 
469 725 14 12 0.02058185 
468 752 21 20 0.020423401 
451 694 12 11 0.020410528 
495 746 13 14 0.020383468 
503 720 10 11 0.020382931 
444 755 15 15 0.020295948 
573 717 12 18 0.020276897 
546 759 23 31 0.020274032 
449 751 15 13 0.020226922 
