35_Basketball_playingbasketball_35_36
64
827 51 44 103 0.95418656 
898 70 45 85 0.45732245 
546 635 44 42 0.25121975 
44 334 344 415 0.22537617 
767 1 8 12 0.20347394 
521 642 47 42 0.15036303 
1000 19 18 25 0.12971994 
756 8 6 11 0.11752992 
756 3 5 8 0.10456838 
858 51 50 103 0.09791645 
641 11 75 66 0.07165848 
952 117 27 61 0.061967354 
760 28 9 16 0.05581507 
509 657 37 41 0.052084945 
922 106 35 69 0.04554051 
760 7 6 11 0.043674666 
692 117 15 15 0.043576267 
884 99 68 122 0.043208875 
34 254 20 30 0.040724926 
750 3 4 6 0.038974963 
762 2 6 10 0.03889594 
462 262 40 62 0.037675187 
524 435 24 33 0.037606478 
117 477 85 119 0.037347928 
490 287 17 27 0.036076363 
794 235 45 54 0.034247674 
756 31 7 14 0.03418959 
800 5 8 13 0.031354174 
773 7 6 10 0.031342536 
750 9 4 8 0.030476611 
508 426 20 33 0.029420322 
779 25 7 14 0.029244917 
469 296 36 59 0.027848193 
812 35 8 14 0.027807478 
558 126 4 6 0.027659051 
562 620 25 24 0.026366537 
561 174 18 22 0.025862895 
719 450 38 56 0.02559545 
967 106 32 68 0.025264734 
572 188 12 15 0.02481978 
731 8 5 7 0.024725785 
763 55 5 7 0.02397686 
456 443 46 59 0.023938075 
940 111 22 43 0.023773506 
786 27 7 14 0.02307737 
795 635 21 27 0.022780051 
776 236 12 16 0.022262752 
852 643 25 32 0.022249587 
744 2 5 7 0.022178126 
116 407 82 106 0.022176377 
971 18 9 14 0.022005223 
794 8 6 10 0.021963831 
519 665 18 14 0.021956095 
480 437 44 53 0.021657873 
775 15 4 8 0.021490265 
383 258 29 51 0.021233795 
285 341 120 109 0.021119088 
735 8 5 7 0.020487292 
741 229 11 16 0.02046692 
201 207 9 11 0.02039735 
495 667 9 9 0.02026971 
743 10 4 6 0.020192865 
862 7 9 10 0.020138226 
738 117 5 8 0.02005068 
