8_Election_Campain_Election_Campaign_8_174
804
69 470 44 53 0.99978393 
8 479 45 58 0.9997403 
624 501 40 57 0.9995796 
818 570 84 132 0.99957174 
954 465 39 53 0.9995647 
898 507 59 69 0.9993604 
298 487 42 52 0.99905556 
161 611 90 78 0.9989372 
656 421 22 27 0.9988594 
610 416 22 29 0.9986274 
878 462 36 45 0.99854577 
421 428 26 29 0.99798703 
740 481 59 75 0.99783224 
170 529 72 82 0.9976496 
583 458 40 43 0.9974854 
311 437 30 40 0.99677294 
451 450 41 44 0.9960737 
202 476 35 56 0.9947753 
131 413 30 44 0.9942836 
266 451 31 41 0.99403363 
929 418 30 41 0.993733 
244 417 18 31 0.9928243 
92 393 22 32 0.9905406 
35 384 20 30 0.9905128 
851 386 16 23 0.9903882 
805 413 19 25 0.9894577 
170 452 32 47 0.98614097 
656 397 22 23 0.98613423 
208 432 31 44 0.9860978 
167 422 29 37 0.9851017 
257 421 28 32 0.9837298 
581 414 28 31 0.9835397 
935 338 20 23 0.98247254 
213 402 23 32 0.9815382 
955 418 23 35 0.98103356 
822 436 29 44 0.98094463 
433 383 16 20 0.97415644 
981 407 20 21 0.97276014 
759 415 25 29 0.9714863 
741 440 34 43 0.9713632 
770 380 18 24 0.970057 
728 399 16 22 0.96436566 
391 533 64 90 0.9630449 
694 399 16 23 0.959811 
308 412 25 35 0.9538742 
435 448 27 37 0.94005066 
503 342 31 41 0.9388564 
579 342 10 14 0.9380963 
183 350 8 13 0.9361746 
670 458 21 35 0.92766017 
796 398 17 24 0.92343557 
50 426 21 30 0.91894877 
890 391 15 24 0.9163389 
755 372 15 22 0.91627556 
345 389 14 25 0.91565216 
855 306 11 15 0.9077246 
146 386 18 28 0.9041833 
475 595 81 116 0.8996105 
971 337 10 15 0.8985043 
989 334 13 14 0.88695824 
47 448 27 38 0.8667796 
627 381 13 15 0.85797197 
578 377 13 17 0.85728014 
240 399 16 27 0.85069484 
291 410 22 37 0.84804076 
829 372 16 27 0.8456013 
872 389 12 20 0.84167063 
360 377 11 20 0.8350007 
932 397 23 26 0.830612 
334 377 12 18 0.8287407 
171 372 14 20 0.815911 
597 382 12 16 0.8068975 
163 348 9 14 0.7915449 
897 337 11 14 0.7876362 
176 402 18 25 0.7817936 
639 338 10 16 0.7712921 
1012 363 13 20 0.7549546 
614 360 13 14 0.7316008 
541 373 18 24 0.7220664 
115 342 11 15 0.71872616 
640 381 16 19 0.70696235 
452 334 9 12 0.6979501 
399 396 15 25 0.68481416 
556 357 11 15 0.67893976 
492 331 12 15 0.6657655 
310 377 11 17 0.6320425 
1002 438 24 47 0.62213296 
722 439 21 29 0.57780755 
186 365 10 17 0.5757877 
55 408 17 23 0.5607544 
467 347 12 17 0.51612115 
227 383 14 19 0.4974455 
409 375 12 17 0.49168637 
931 298 8 11 0.4735858 
455 382 17 20 0.4683455 
433 502 41 73 0.46259862 
889 340 9 11 0.44173995 
677 600 56 65 0.41812718 
800 376 13 15 0.40031353 
675 385 15 20 0.4002498 
751 387 18 28 0.39208743 
915 345 9 14 0.37428114 
444 419 26 28 0.36933246 
320 328 5 6 0.36726308 
677 366 11 13 0.36408234 
423 388 12 16 0.35964826 
763 437 21 33 0.35924956 
666 337 9 12 0.35650522 
834 402 17 24 0.35031238 
274 362 7 10 0.34866756 
291 355 9 12 0.34725958 
877 386 16 26 0.33135617 
88 373 13 17 0.31993395 
205 376 15 27 0.31811 
129 371 12 19 0.30920756 
999 385 19 23 0.30203766 
229 357 9 11 0.29633254 
392 328 6 7 0.29362607 
625 348 9 10 0.29356143 
495 381 11 17 0.29340404 
918 394 11 21 0.2908744 
656 375 14 16 0.28997406 
234 374 13 16 0.28960073 
707 374 10 12 0.28775916 
154 333 8 14 0.28445974 
306 340 6 9 0.27592334 
358 333 5 7 0.259205 
476 367 11 18 0.25655216 
319 473 37 53 0.24549778 
74 390 16 24 0.24305813 
438 539 44 65 0.23803182 
159 372 11 19 0.2345143 
290 395 17 31 0.22855082 
443 344 10 17 0.22651446 
755 401 21 28 0.22519927 
0 394 8 18 0.21860643 
723 379 19 27 0.21214932 
358 360 7 11 0.2116494 
191 333 6 8 0.21155767 
208 370 9 18 0.21034646 
219 369 10 14 0.20997696 
920 303 7 8 0.20559496 
353 332 5 8 0.20236714 
388 400 18 26 0.201844 
119 407 12 19 0.20005828 
981 291 10 11 0.19964118 
925 394 16 28 0.19856092 
918 319 8 12 0.19498827 
75 338 8 13 0.19440676 
713 459 27 44 0.19406007 
229 341 6 8 0.17506611 
353 382 14 24 0.1749281 
282 372 8 12 0.17466289 
792 376 11 16 0.17281379 
2 371 11 19 0.1685208 
647 376 17 19 0.16748627 
410 326 7 9 0.16451843 
259 383 11 14 0.1640557 
282 424 21 29 0.1634074 
443 327 7 10 0.16116707 
846 175 10 16 0.15561892 
95 359 11 15 0.15557832 
200 339 7 11 0.1548709 
453 359 9 12 0.14957274 
319 347 7 8 0.14778163 
478 357 11 15 0.14136417 
376 377 11 20 0.14113356 
490 577 55 72 0.13901787 
823 378 13 18 0.13790223 
1018 303 6 9 0.13725565 
219 340 5 8 0.13721582 
260 355 7 9 0.13465592 
729 343 8 10 0.13400152 
943 296 8 11 0.13359004 
341 359 5 8 0.13113245 
402 340 7 9 0.13028778 
396 347 7 10 0.12898964 
718 425 20 24 0.12848553 
351 371 7 13 0.12577912 
231 411 19 31 0.124819696 
489 357 8 14 0.12366813 
484 493 23 35 0.1218212 
906 468 30 37 0.12014076 
357 331 4 6 0.11995173 
387 378 10 19 0.11935468 
571 357 11 15 0.11896343 
123 396 16 25 0.11795225 
596 415 27 38 0.117220305 
269 364 7 10 0.11692823 
868 369 11 13 0.11263577 
21 351 7 12 0.11249788 
435 602 89 156 0.11149469 
879 374 12 19 0.106013745 
418 478 13 19 0.10572107 
567 381 11 16 0.105429195 
261 366 8 11 0.10492725 
925 344 9 13 0.10490987 
375 357 9 12 0.10402811 
104 347 6 11 0.1033642 
255 369 8 11 0.10314522 
414 402 10 19 0.103033416 
318 351 7 10 0.10269423 
832 387 17 28 0.10142066 
649 344 9 12 0.10025439 
685 327 7 9 0.09867033 
816 383 20 28 0.096625485 
319 334 5 7 0.09555406 
256 353 7 9 0.09532878 
316 329 4 5 0.095307864 
299 376 11 14 0.09440979 
115 399 10 17 0.09364322 
998 297 7 9 0.09270976 
249 352 7 9 0.09196228 
370 378 9 15 0.09042882 
635 362 10 13 0.09003915 
54 380 12 19 0.089997284 
807 396 23 27 0.08949023 
253 378 9 12 0.089171045 
841 417 17 29 0.08760547 
659 332 7 12 0.0874921 
217 336 4 6 0.08699639 
271 341 5 8 0.08695939 
287 346 6 9 0.08685923 
420 382 11 16 0.08682972 
259 333 7 9 0.08586137 
742 371 9 14 0.08529445 
376 326 6 8 0.083310746 
96 336 5 7 0.082659334 
782 311 3 5 0.08138144 
309 323 4 6 0.08132755 
428 438 24 34 0.081304476 
396 332 5 8 0.08130305 
469 310 7 9 0.08122717 
278 364 8 11 0.08103057 
224 356 8 13 0.08064845 
690 378 10 11 0.080602765 
372 328 5 6 0.07924139 
391 332 6 7 0.07908634 
224 340 6 9 0.07898087 
231 335 5 6 0.07855701 
992 296 6 8 0.07777614 
251 348 5 8 0.07710806 
789 458 29 38 0.077016816 
454 428 24 27 0.07675026 
709 442 19 24 0.07666542 
401 345 7 11 0.07627676 
274 325 6 9 0.075270474 
38 360 9 13 0.075026125 
132 393 19 27 0.07453283 
64 343 7 11 0.07399732 
451 366 14 17 0.07375809 
347 335 4 6 0.07318008 
613 390 17 23 0.07184994 
83 445 25 37 0.071027406 
436 428 26 32 0.07096624 
188 334 5 8 0.07082696 
113 258 23 20 0.070732154 
559 413 19 37 0.07052064 
366 330 4 5 0.0703454 
316 335 5 6 0.07031216 
913 382 11 17 0.0698587 
573 415 19 27 0.068802655 
432 370 10 14 0.068598405 
271 403 18 24 0.06858996 
13 368 9 16 0.06847777 
254 348 6 7 0.068297714 
793 499 21 41 0.06818076 
592 364 10 12 0.06814432 
235 334 6 7 0.0675021 
274 369 9 13 0.06719434 
903 399 11 19 0.06716672 
966 412 28 42 0.067143865 
119 385 12 18 0.06714088 
220 375 12 17 0.06709731 
334 336 4 5 0.06689955 
756 315 5 6 0.066503316 
328 341 5 7 0.06637961 
832 422 18 30 0.06632256 
403 335 6 7 0.06607208 
51 349 8 11 0.06599264 
147 344 7 14 0.065139085 
203 351 7 12 0.0645607 
294 380 18 30 0.06405697 
300 372 9 10 0.06399236 
203 345 6 9 0.06383778 
695 376 10 12 0.06364866 
716 365 11 11 0.06357543 
671 358 10 14 0.06297577 
957 55 90 129 0.0629493 
352 364 8 11 0.062486056 
864 346 10 18 0.06238013 
328 335 4 6 0.062070496 
781 314 5 6 0.06163001 
623 385 15 25 0.060584392 
302 336 5 7 0.05992718 
124 342 10 15 0.05958041 
175 476 34 56 0.058812566 
426 407 11 17 0.058526028 
1003 301 6 7 0.0582472 
91 338 5 10 0.058132716 
989 378 12 15 0.05795601 
786 400 17 26 0.057536677 
20 346 7 9 0.057264294 
877 313 9 12 0.05717991 
8 342 5 8 0.057001304 
205 364 9 15 0.05682584 
428 345 7 14 0.05632392 
560 485 19 27 0.056149144 
306 336 5 7 0.056046333 
1013 303 5 6 0.05587599 
233 359 9 10 0.05532974 
413 325 8 11 0.055309754 
629 418 11 22 0.05529936 
325 330 4 5 0.05525079 
452 375 15 17 0.05510779 
822 418 18 27 0.05510273 
316 354 5 8 0.055039614 
249 365 8 10 0.054565273 
726 475 38 57 0.054306727 
443 382 12 17 0.054205153 
144 380 14 21 0.053901777 
259 405 14 19 0.053838104 
12 346 5 9 0.053825296 
333 340 5 8 0.05377836 
463 377 10 15 0.053469967 
320 342 5 7 0.05328065 
716 322 6 8 0.05326368 
227 432 22 31 0.05323345 
942 390 14 19 0.052778658 
531 373 10 15 0.052639585 
235 341 6 8 0.05261892 
339 335 4 5 0.05259867 
956 349 11 17 0.05258851 
347 330 4 5 0.05233717 
387 395 10 19 0.05207837 
404 375 9 16 0.05180641 
214 335 4 7 0.051535364 
269 346 7 7 0.05139492 
210 359 8 13 0.051200286 
545 358 17 21 0.051192757 
251 341 4 7 0.05115223 
198 335 6 7 0.050952222 
326 346 5 8 0.050850224 
422 325 8 13 0.05067614 
465 518 32 63 0.0504266 
345 323 4 5 0.05017015 
65 443 25 37 0.04989125 
247 359 8 9 0.049827266 
414 348 6 9 0.0498195 
346 341 4 6 0.049739543 
44 364 8 11 0.049670607 
420 405 9 17 0.049656082 
202 452 31 49 0.049558323 
961 300 6 8 0.04945485 
382 356 8 12 0.049307764 
384 341 7 9 0.04898802 
886 401 19 29 0.048923455 
91 390 14 18 0.048669644 
745 364 9 13 0.04820726 
966 301 8 9 0.04820678 
0 520 5 11 0.048056 
330 363 8 10 0.04800614 
179 570 32 44 0.047914512 
321 325 4 5 0.04784944 
606 377 11 13 0.04783862 
882 377 17 28 0.047496364 
242 353 8 9 0.047463797 
197 369 9 15 0.046913628 
352 342 5 6 0.046871364 
351 347 5 8 0.046427626 
790 372 10 13 0.046395596 
338 362 8 10 0.046199873 
714 325 8 10 0.046185125 
102 340 5 8 0.046119437 
787 376 10 16 0.045847934 
339 341 5 7 0.04563992 
255 339 6 8 0.045466572 
1024 374 17 29 0.04528514 
794 423 19 35 0.045185145 
219 345 7 10 0.044996597 
301 367 8 9 0.04474713 
208 396 17 28 0.044743262 
365 334 4 6 0.04467807 
276 430 14 20 0.044374388 
722 316 4 6 0.044355627 
776 442 11 22 0.04421898 
927 320 7 11 0.044161655 
302 345 5 8 0.044039562 
449 333 7 11 0.044014182 
783 381 10 17 0.043631807 
313 324 4 5 0.043537494 
80 338 6 12 0.043375313 
675 375 13 15 0.043315697 
1019 298 5 7 0.042968266 
398 341 5 8 0.042939547 
1019 299 14 20 0.042877477 
536 374 11 15 0.042836744 
243 358 7 9 0.042796813 
361 353 7 10 0.04277499 
946 318 8 10 0.042524785 
187 429 19 33 0.04251934 
38 333 5 7 0.04243693 
373 354 6 11 0.042340074 
817 377 10 15 0.042067472 
997 400 19 27 0.04205154 
748 316 5 6 0.041723248 
391 344 7 10 0.041697867 
300 323 5 6 0.041689955 
212 340 5 8 0.041506603 
12 351 7 12 0.04143846 
388 340 7 10 0.041079797 
82 334 5 10 0.04103187 
309 327 4 6 0.040974673 
340 330 4 5 0.040838446 
719 318 4 5 0.040767644 
686 323 5 7 0.040667143 
980 413 32 49 0.04064592 
466 401 10 16 0.040388387 
744 366 15 22 0.040311 
189 351 6 12 0.04030755 
419 494 35 56 0.040243194 
726 373 11 13 0.040220395 
332 346 6 8 0.040220164 
423 303 6 7 0.040016476 
609 464 28 35 0.039979376 
127 381 18 25 0.03997675 
416 358 8 13 0.03982902 
265 165 146 169 0.039649606 
384 402 11 18 0.039495952 
527 319 6 8 0.039231803 
195 389 16 28 0.03900828 
32 375 10 15 0.03887913 
404 329 6 7 0.038870595 
31 355 10 14 0.038767546 
427 373 13 18 0.03837738 
847 437 27 47 0.03829074 
270 326 6 8 0.038152184 
157 479 34 54 0.03806813 
219 351 7 10 0.03797078 
1006 397 13 16 0.03787054 
286 326 6 8 0.037851416 
469 339 13 14 0.03779579 
526 362 19 30 0.03763215 
318 399 20 27 0.03757608 
723 303 4 5 0.037552636 
236 346 7 8 0.037421294 
521 386 15 29 0.037305236 
71 253 13 16 0.03725283 
1010 388 16 23 0.03712573 
607 299 7 9 0.037116718 
917 307 6 9 0.03710842 
411 348 6 9 0.03693659 
567 336 8 13 0.036851924 
88 345 7 12 0.036842678 
659 317 4 5 0.03679387 
148 480 24 38 0.03667852 
713 376 12 15 0.03660589 
845 491 29 48 0.036493547 
659 320 7 9 0.036362227 
539 275 13 14 0.03602396 
26 257 13 14 0.036014583 
376 372 8 14 0.03591451 
11 342 5 8 0.035469934 
147 421 26 34 0.035464548 
373 324 5 7 0.0354524 
139 374 9 17 0.035446122 
789 410 18 30 0.035300694 
281 380 10 14 0.035032157 
791 313 6 8 0.035032026 
283 326 5 7 0.03497834 
326 360 7 10 0.034640484 
776 311 4 5 0.034603838 
955 298 5 6 0.03453492 
850 369 9 13 0.034514293 
249 371 7 12 0.034396227 
192 339 6 10 0.034342524 
760 317 4 5 0.034288704 
966 305 9 10 0.034258932 
918 399 16 32 0.03422272 
808 418 29 45 0.03418212 
902 301 6 8 0.034139466 
744 316 5 6 0.03412341 
879 442 26 40 0.034105238 
287 342 5 6 0.0340552 
342 323 4 5 0.034049314 
382 372 9 16 0.034040056 
432 344 8 14 0.03402289 
103 336 4 7 0.03395476 
860 405 12 19 0.03395269 
214 377 11 20 0.033900727 
906 316 7 9 0.033880115 
861 455 23 42 0.033601373 
79 397 19 28 0.033591874 
851 146 10 11 0.033581644 
970 297 7 8 0.033579472 
307 358 6 8 0.033562746 
989 453 22 47 0.03339568 
409 332 7 9 0.033380598 
819 403 21 25 0.033299994 
637 367 12 16 0.033279467 
157 353 11 17 0.033254422 
152 456 21 32 0.033154327 
868 372 17 24 0.033152826 
722 377 12 17 0.0330859 
993 300 6 8 0.03296486 
551 540 36 73 0.032930892 
484 362 15 24 0.032537226 
243 348 6 8 0.0322055 
260 329 6 8 0.032197107 
286 335 5 7 0.032090925 
984 362 11 15 0.031982057 
284 347 5 7 0.031881116 
948 350 14 19 0.03185081 
788 312 4 5 0.031849016 
193 271 19 21 0.031828485 
187 331 5 6 0.03169945 
665 303 5 5 0.031651195 
1023 398 19 32 0.03157191 
71 341 7 13 0.031519458 
810 376 9 14 0.031449445 
1012 446 27 54 0.03138026 
334 331 3 5 0.03133846 
904 336 9 14 0.03113278 
750 302 4 5 0.03111215 
210 346 6 9 0.031075856 
613 294 8 12 0.031009711 
353 324 3 4 0.03084784 
54 346 8 11 0.030787295 
352 619 15 20 0.030782262 
236 364 8 11 0.030746315 
362 364 7 12 0.030715974 
347 347 5 8 0.030690905 
299 359 6 9 0.030680409 
726 451 23 41 0.030663094 
134 350 8 15 0.030624403 
440 412 20 23 0.030599898 
302 317 4 5 0.030527065 
300 354 6 9 0.03047192 
325 378 9 13 0.030398933 
429 364 10 14 0.030364377 
1015 352 18 27 0.030277994 
366 324 4 6 0.03020015 
390 353 7 10 0.030169042 
257 385 19 24 0.030112553 
755 377 31 42 0.030035812 
976 332 11 14 0.029998325 
1018 409 16 24 0.029823033 
666 516 8 16 0.02974334 
396 325 4 5 0.029735677 
462 391 13 17 0.029681295 
750 298 4 6 0.029641338 
393 408 19 33 0.02950422 
948 398 12 18 0.029417083 
283 341 5 6 0.029330669 
786 413 10 17 0.029279612 
161 502 37 60 0.029165475 
1018 414 8 13 0.029151062 
284 352 6 8 0.02897776 
907 387 12 18 0.02882134 
295 341 5 7 0.02873686 
747 320 6 7 0.028655086 
687 469 11 18 0.028652176 
385 329 5 5 0.028451424 
919 340 11 15 0.02834804 
768 316 4 6 0.02821543 
914 352 10 19 0.028188862 
679 302 4 5 0.028142532 
203 336 5 7 0.028109634 
1012 298 5 6 0.028100323 
199 348 16 24 0.028084334 
476 533 42 74 0.028063118 
787 444 23 33 0.0280002 
760 321 5 6 0.027949087 
1029 355 16 28 0.027926514 
984 299 8 9 0.02790719 
699 475 25 38 0.027890243 
593 369 17 22 0.027746983 
788 314 6 7 0.027743764 
196 379 12 19 0.02772166 
935 447 22 31 0.027721126 
897 301 7 8 0.02771833 
679 298 4 6 0.027716454 
113 488 9 14 0.02771547 
419 363 8 12 0.027650379 
82 343 7 13 0.027572948 
324 352 6 9 0.027441522 
274 347 5 7 0.027387183 
314 341 5 7 0.027325032 
598 364 9 12 0.027273048 
769 446 26 39 0.027269619 
395 370 8 16 0.027172428 
456 337 9 13 0.027132988 
884 505 40 51 0.026994588 
384 323 4 6 0.026974622 
296 451 19 29 0.02697007 
355 516 34 50 0.026955992 
697 367 7 8 0.026951643 
942 306 7 10 0.026948743 
1002 357 10 16 0.026947854 
595 344 7 12 0.026884284 
967 545 71 94 0.026883302 
260 339 7 9 0.026871096 
250 560 46 63 0.026864571 
656 389 15 18 0.026812548 
99 375 10 15 0.026687931 
145 370 9 15 0.02664728 
576 433 27 41 0.026628409 
176 375 16 24 0.026597483 
413 331 8 12 0.026572809 
0 500 5 12 0.02644825 
566 471 40 46 0.026439864 
757 320 5 6 0.02643209 
605 386 13 14 0.02634687 
243 341 5 7 0.026285818 
494 324 19 20 0.026276654 
401 421 16 31 0.026272127 
338 346 6 8 0.02609811 
661 433 21 30 0.026051313 
22 341 7 9 0.026034398 
606 397 18 22 0.025926765 
667 376 11 14 0.02592573 
511 311 4 5 0.025817662 
414 340 7 9 0.025815977 
293 347 6 8 0.025796173 
903 318 8 11 0.025719661 
910 105 11 13 0.025711581 
673 297 4 6 0.025698163 
626 363 9 12 0.025682235 
772 397 22 34 0.025653752 
779 427 18 33 0.025635123 
316 347 5 7 0.025602825 
731 660 24 35 0.025560971 
332 418 18 27 0.025535693 
9 346 15 23 0.025499877 
961 319 7 10 0.025386076 
881 315 10 13 0.025325695 
927 101 9 13 0.025309453 
333 322 4 5 0.025293311 
184 339 8 13 0.025265789 
945 307 8 11 0.025221186 
719 360 10 11 0.025174862 
907 301 6 7 0.025174499 
68 366 11 15 0.025166767 
43 370 10 14 0.025155034 
721 371 10 13 0.025107592 
610 382 12 14 0.025087332 
632 260 7 13 0.025085734 
1011 433 21 33 0.025013486 
84 405 22 33 0.0249959 
654 316 5 6 0.024993243 
296 323 5 5 0.024870226 
344 354 6 8 0.024776736 
445 435 27 37 0.024760867 
573 349 11 17 0.024723629 
643 346 10 15 0.024680145 
226 413 13 22 0.024679754 
251 382 9 14 0.024662958 
927 307 6 9 0.024660606 
778 387 17 25 0.02463859 
652 320 7 9 0.024634078 
665 317 5 5 0.024558267 
643 373 11 15 0.024495972 
685 298 4 6 0.024446055 
691 360 7 10 0.024439434 
629 350 10 12 0.024427569 
651 403 14 18 0.024127845 
333 318 4 5 0.024107022 
865 418 27 42 0.024103079 
850 315 10 15 0.024067873 
684 336 8 12 0.024066096 
470 381 9 16 0.024024857 
9 421 11 23 0.023975432 
422 306 7 10 0.023938894 
764 373 12 18 0.023877967 
78 329 5 8 0.023872867 
327 324 3 4 0.023841996 
955 301 5 7 0.023804283 
493 472 25 26 0.02379819 
303 370 16 20 0.023688067 
681 454 22 32 0.023611175 
920 467 12 24 0.023598325 
108 339 8 10 0.023532756 
942 319 7 10 0.023527633 
732 374 12 16 0.02345849 
689 466 21 36 0.023382677 
225 337 4 6 0.023366498 
673 303 4 5 0.02336273 
95 345 6 11 0.023252115 
295 377 8 11 0.023236336 
150 341 9 15 0.023222178 
355 369 10 15 0.023174856 
630 396 12 19 0.023128731 
55 370 10 14 0.023125472 
232 331 5 6 0.023109287 
916 451 33 45 0.023103008 
328 318 4 5 0.023076544 
894 393 24 38 0.023056354 
355 355 13 19 0.023006408 
341 378 9 14 0.022972232 
254 354 16 20 0.022965154 
1010 59 45 72 0.022954693 
49 345 16 21 0.022924606 
676 394 17 23 0.022908676 
72 335 6 10 0.022901608 
198 330 5 7 0.022879224 
247 384 16 24 0.022805946 
938 70 10 18 0.022768585 
619 381 12 15 0.02276607 
651 326 9 13 0.022751682 
331 371 10 14 0.022707203 
217 358 7 11 0.022706216 
176 362 15 23 0.022677034 
697 322 6 8 0.022535885 
385 335 6 6 0.022530349 
236 352 8 10 0.02250832 
745 406 17 28 0.0225007 
908 298 5 7 0.022488244 
801 442 22 37 0.02246304 
678 317 5 6 0.022425719 
68 264 11 13 0.022421911 
991 291 6 8 0.02240819 
251 336 4 6 0.02238403 
668 343 10 12 0.02234823 
666 296 5 8 0.022283277 
776 315 4 6 0.022222335 
842 389 17 24 0.02219714 
405 323 4 5 0.022131642 
910 225 4 6 0.022075778 
350 191 7 10 0.022065813 
352 352 5 8 0.022061223 
909 364 15 26 0.02201614 
405 362 17 24 0.022013873 
139 349 8 14 0.021958698 
121 367 10 16 0.021950029 
322 389 20 24 0.021842275 
345 365 6 9 0.021837033 
983 312 8 10 0.021799324 
897 297 6 8 0.02177904 
1011 104 40 70 0.021765962 
301 328 4 6 0.021746896 
11 359 8 14 0.021716623 
952 315 6 10 0.021700092 
294 371 7 10 0.021683484 
396 341 15 22 0.02166895 
723 310 4 6 0.021550551 
334 360 16 22 0.021505581 
377 347 6 9 0.021476377 
1001 277 4 6 0.021473015 
188 401 11 19 0.021428438 
993 362 36 44 0.021393204 
301 458 10 15 0.021381125 
503 461 38 45 0.02129616 
16 259 11 12 0.021275809 
384 363 17 27 0.021263804 
721 320 5 8 0.021240883 
198 350 8 13 0.021237269 
416 367 15 22 0.021236055 
679 321 4 6 0.021207841 
661 503 16 28 0.021171177 
552 377 11 18 0.021163575 
3 389 9 17 0.02115473 
835 476 29 48 0.021081304 
1014 353 11 16 0.02106318 
0 654 4 9 0.021056676 
296 382 9 15 0.021005334 
50 340 6 8 0.020977382 
780 357 7 11 0.020928655 
275 384 7 12 0.020895123 
388 358 8 10 0.020876748 
965 318 9 11 0.020846263 
861 477 17 33 0.020776916 
750 311 4 4 0.020748684 
270 360 15 20 0.020712132 
159 329 5 10 0.020687392 
946 342 14 18 0.020659974 
46 386 20 28 0.020626415 
622 403 17 27 0.020533748 
974 530 29 47 0.020520857 
694 498 20 27 0.020509891 
1021 249 15 24 0.020507777 
423 476 26 41 0.020495884 
597 302 6 7 0.020462072 
745 298 3 6 0.020418713 
319 358 7 9 0.020414399 
974 284 5 6 0.020411333 
157 363 11 18 0.020398157 
628 252 81 101 0.020322286 
104 395 12 21 0.020311696 
981 308 7 9 0.02029761 
451 433 14 19 0.02029629 
582 370 17 20 0.02028962 
303 418 13 21 0.020279445 
994 328 12 16 0.02026806 
407 407 10 18 0.020246357 
712 324 7 7 0.020215996 
755 312 5 5 0.020202396 
274 335 5 8 0.020193016 
967 289 5 6 0.020186206 
164 377 10 19 0.020155149 
43 550 35 54 0.02015028 
404 326 17 21 0.020099733 
37 340 6 8 0.020068865 
961 301 18 20 0.020043308 
1021 321 14 23 0.020038282 
