8_Election_Campain_Election_Campaign_8_244
27
644 70 100 112 0.99996233 
843 140 99 111 0.99995303 
253 155 83 100 0.99982554 
387 98 107 147 0.99972886 
101 67 138 172 0.99906725 
510 131 116 163 0.998904 
786 122 64 82 0.9947615 
739 138 45 67 0.9938817 
966 88 84 150 0.97088957 
-5 168 63 86 0.9122602 
28 166 56 57 0.37527648 
350 144 39 65 0.1393582 
691 112 79 94 0.13111556 
351 177 41 70 0.05389339 
751 105 11 18 0.04642798 
1012 482 47 83 0.035402656 
340 359 37 53 0.03428694 
490 63 308 537 0.03302302 
820 258 21 25 0.029072097 
621 -88 388 501 0.028045358 
951 146 60 87 0.027237816 
995 187 64 83 0.02549902 
304 142 72 93 0.024691189 
361 170 22 34 0.02167231 
743 178 35 35 0.021148946 
334 159 21 36 0.020850467 
360 134 76 109 0.020773264 
