8_Election_Campain_Election_Campaign_8_498
58
70 115 89 119 0.99987495 
261 132 86 105 0.9997452 
688 43 118 147 0.9995467 
484 175 47 71 0.99821705 
348 152 57 68 0.9977435 
925 253 132 168 0.9972146 
399 147 45 63 0.9970799 
573 143 69 73 0.99121267 
540 156 40 60 0.98649734 
883 207 41 52 0.97246075 
199 180 60 62 0.9560468 
775 139 55 76 0.89800495 
-3 373 15 30 0.57359374 
963 450 71 128 0.17880206 
446 156 34 57 0.15197848 
575 510 47 55 0.11952453 
664 531 23 30 0.10455629 
24 358 16 29 0.092480905 
222 163 76 82 0.087937474 
532 143 25 37 0.07411747 
582 572 25 35 0.065232754 
180 172 10 15 0.06088078 
593 511 25 25 0.060218986 
440 177 23 39 0.057742145 
714 437 25 28 0.054457378 
0 404 18 31 0.05353209 
0 385 17 32 0.047612276 
232 145 37 59 0.04448742 
452 183 20 38 0.04222821 
463 171 13 22 0.04181912 
1 12 18 35 0.041754145 
35 366 9 18 0.03790954 
330 124 11 13 0.035427965 
717 492 14 14 0.03287083 
462 330 35 51 0.032842085 
228 130 20 28 0.032820858 
321 9 8 14 0.032526538 
862 201 40 53 0.03138364 
41 27 15 36 0.03129562 
0 361 23 32 0.03082782 
9 9 10 16 0.02849735 
10 381 10 19 0.027765147 
662 150 20 29 0.02757017 
723 433 36 32 0.027475977 
523 163 9 12 0.027128844 
-2 334 20 41 0.02676643 
340 2 4 6 0.026125623 
10 162 17 24 0.025330374 
16 382 11 19 0.024656208 
899 16 86 81 0.024535647 
334 2 4 7 0.024237877 
1013 526 42 90 0.023388796 
351 133 8 14 0.023134287 
321 3 4 9 0.022175338 
458 181 34 60 0.021954468 
721 483 22 23 0.021715978 
989 165 48 63 0.021557163 
590 541 44 47 0.020750888 
