8_Election_Campain_Election_Campaign_8_32
146
561 305 21 30 0.99991775 
322 291 23 30 0.9998234 
468 281 24 33 0.9998141 
873 287 24 32 0.9997943 
615 293 24 28 0.9996916 
363 286 24 32 0.99951196 
222 260 26 37 0.9994147 
664 274 24 32 0.9992118 
110 238 25 37 0.99888045 
952 271 26 39 0.99826694 
725 277 20 31 0.9978179 
32 259 26 35 0.99353915 
792 287 24 37 0.9923929 
912 264 30 37 0.927991 
958 255 21 27 0.84095126 
990 254 22 29 0.62239516 
134 506 8 11 0.28925428 
121 499 7 10 0.27999434 
73 506 12 19 0.21018109 
476 520 12 15 0.15645108 
882 512 12 17 0.14380492 
116 501 7 8 0.14082927 
862 518 8 10 0.131965 
938 504 24 34 0.1273983 
436 512 15 14 0.11931759 
88 511 9 13 0.11025041 
818 523 10 14 0.10736891 
999 498 26 35 0.105747186 
844 452 9 15 0.09513026 
690 -5 99 69 0.09067673 
109 496 5 7 0.08941475 
515 511 10 15 0.08354691 
538 504 10 16 0.07824569 
124 512 9 15 0.07770315 
118 497 4 6 0.070324376 
280 281 26 41 0.06639512 
107 519 7 12 0.065821745 
433 517 13 14 0.06462677 
104 508 6 8 0.06054261 
522 520 9 16 0.059753433 
109 508 6 8 0.058788296 
904 529 10 14 0.05864906 
109 500 6 7 0.058282655 
771 517 9 15 0.053555064 
875 538 12 16 0.053252727 
566 512 11 16 0.04836001 
1 284 16 15 0.046826318 
697 501 6 7 0.046571065 
77 501 8 12 0.046023306 
832 512 8 11 0.045000512 
859 515 7 9 0.044943165 
1007 501 32 54 0.043087598 
77 489 5 6 0.042167734 
713 519 9 13 0.04190174 
480 512 9 14 0.040888097 
1004 496 15 15 0.040703263 
94 501 8 11 0.04055842 
381 525 22 24 0.039988674 
78 494 5 8 0.039562438 
106 495 5 7 0.039114673 
426 514 11 11 0.038690675 
925 506 21 25 0.038121257 
928 274 14 22 0.038091116 
76 482 5 7 0.037739642 
894 514 7 9 0.036838397 
106 511 7 10 0.035766035 
115 498 15 21 0.03421566 
160 396 9 16 0.0338226 
426 327 17 28 0.033011127 
818 535 11 16 0.03257707 
380 518 11 13 0.032482605 
851 519 7 10 0.032185454 
212 527 10 14 0.032097433 
664 495 8 9 0.03193998 
80 505 17 24 0.03173747 
484 517 9 14 0.03164025 
24 271 12 16 0.03159311 
71 514 9 17 0.031564195 
207 499 8 10 0.031088335 
89 500 9 11 0.031078374 
813 519 9 12 0.03067302 
1000 350 37 66 0.030369544 
139 501 8 10 0.029680587 
925 507 10 13 0.029430049 
910 281 23 34 0.028055128 
321 507 18 30 0.027905656 
753 495 8 9 0.027323086 
171 501 7 9 0.027291693 
482 537 12 14 0.027243149 
109 482 4 7 0.027178057 
583 345 29 33 0.027028996 
892 518 8 11 0.026989033 
378 528 13 15 0.026769454 
132 504 16 23 0.026348615 
697 504 7 11 0.026292147 
230 537 11 14 0.026204426 
694 501 5 7 0.025969729 
105 490 5 6 0.0258255 
163 404 11 18 0.025666306 
167 503 8 8 0.025353476 
310 -13 116 80 0.024959058 
923 507 7 10 0.024736727 
396 510 9 11 0.024733538 
249 506 8 10 0.024606021 
1014 424 20 38 0.024542179 
109 490 4 6 0.024417749 
814 515 6 8 0.024411388 
63 500 6 10 0.024116917 
93 515 9 14 0.024106 
958 524 12 17 0.023981158 
57 547 16 29 0.023972264 
813 535 9 14 0.023939485 
22 262 13 17 0.02362516 
825 513 8 9 0.023161074 
118 491 4 6 0.023054596 
1017 468 18 25 0.023001762 
1014 375 17 33 0.02297571 
818 515 7 10 0.022928607 
979 234 36 40 0.022915054 
857 514 15 19 0.022863863 
156 523 12 17 0.022516178 
769 499 7 11 0.022504453 
113 519 7 11 0.022493089 
126 497 6 7 0.02241244 
115 510 7 11 0.022325866 
82 494 6 9 0.02226754 
128 505 7 11 0.022213476 
484 507 10 14 0.021878643 
24 502 6 7 0.021605672 
110 469 3 7 0.021568717 
544 418 19 38 0.021481933 
828 482 6 8 0.02119488 
436 534 13 16 0.021008553 
584 517 19 26 0.020919416 
1008 338 19 28 0.020837894 
45 510 6 13 0.020752693 
733 294 12 24 0.02070855 
1013 234 23 34 0.020664992 
861 421 24 29 0.020630313 
888 515 19 25 0.020602167 
834 518 8 10 0.020569397 
902 513 7 8 0.020419005 
147 503 9 13 0.02027119 
511 515 17 25 0.02010278 
1011 383 8 16 0.020027034 
263 361 19 24 0.020001166 
