51_Dresses_wearingdress_51_306
49
422 151 99 136 0.9997352 
463 727 117 195 0.7008005 
300 32 60 75 0.062192254 
87 316 23 32 0.060912333 
579 48 9 13 0.057184283 
316 730 39 73 0.04909961 
77 253 22 30 0.036971517 
80 329 27 33 0.034602053 
88 275 15 19 0.03318716 
158 339 15 18 0.032418855 
676 921 12 23 0.032190476 
1011 548 5 9 0.0320769 
99 1026 12 31 0.031845782 
388 1041 103 222 0.031788073 
905 1 10 6 0.031766903 
74 773 16 27 0.031281285 
1011 486 6 11 0.031123705 
890 1237 27 52 0.030937577 
74 339 14 19 0.030842848 
974 673 7 10 0.029624222 
101 794 10 17 0.029240867 
151 781 21 41 0.028996393 
124 342 13 19 0.028382057 
741 841 18 38 0.027709946 
761 908 9 25 0.027488008 
156 348 24 28 0.026596192 
811 845 28 56 0.026235277 
699 924 9 23 0.025948616 
83 293 26 34 0.025379406 
1010 871 5 8 0.024885584 
912 1 10 6 0.024602666 
886 0 11 8 0.0239556 
189 951 21 48 0.023603458 
1002 531 5 8 0.023027232 
364 13 63 72 0.022788757 
619 673 365 585 0.02247733 
393 160 29 53 0.022444014 
963 645 7 12 0.022293085 
897 0 11 7 0.021905191 
216 0 100 128 0.021805737 
924 100 6 11 0.02153651 
1002 546 5 9 0.021139864 
504 754 169 281 0.020980923 
409 622 197 400 0.020842506 
863 360 38 62 0.020788098 
315 1176 18 40 0.020703718 
281 261 22 38 0.020537734 
947 56 9 13 0.020531883 
41 727 23 31 0.020188432 
