51_Dresses_wearingdress_51_1035
51
851 180 94 96 0.9999391 
409 44 85 117 0.9999293 
171 237 114 127 0.9998672 
581 280 84 97 0.99977237 
735 27 18 25 0.92110234 
289 54 13 22 0.8354036 
666 30 20 25 0.82102114 
600 39 11 22 0.7264358 
645 32 14 26 0.48669216 
334 49 16 17 0.46933693 
704 15 17 28 0.24134655 
264 100 17 22 0.22306736 
571 595 30 52 0.18720375 
536 43 17 32 0.15167126 
608 33 15 27 0.14730462 
491 52 10 17 0.14644991 
999 229 35 64 0.104687795 
655 38 16 30 0.08195828 
266 181 45 88 0.075875096 
689 51 11 19 0.050698 
620 32 15 28 0.049735416 
405 130 10 17 0.046568334 
595 46 16 28 0.04270255 
656 54 13 20 0.04000195 
325 53 11 14 0.035531085 
694 18 19 29 0.035091523 
982 9 11 13 0.03425497 
339 52 19 26 0.03412024 
972 100 11 12 0.03405525 
322 107 9 15 0.032923553 
288 117 11 16 0.031371713 
924 178 11 11 0.030683657 
518 -2 24 21 0.030195918 
639 34 11 20 0.027512342 
308 460 38 48 0.025662538 
631 65 11 19 0.025215067 
565 58 10 17 0.025165882 
607 58 10 18 0.025018599 
-26 -19 359 359 0.024953483 
335 62 11 19 0.02485764 
123 347 293 379 0.02347851 
630 39 10 18 0.023256198 
988 4 12 11 0.022922749 
843 229 10 16 0.022489749 
526 20 30 47 0.022366824 
693 -1 13 16 0.022245679 
997 49 22 29 0.022078894 
735 33 28 44 0.022063708 
980 6 21 22 0.021957397 
1014 257 39 59 0.021513732 
256 107 10 13 0.020751255 
