51_Dresses_wearingdress_51_727
99
608 42 57 80 0.99838114 
283 80 96 171 0.99666 
795 26 56 90 0.9909642 
547 68 14 25 0.81065017 
908 68 14 19 0.77617985 
498 51 19 26 0.72650415 
465 248 27 66 0.5537789 
964 -2 13 17 0.445485 
892 4 12 16 0.41650227 
527 30 17 25 0.39068705 
565 55 14 20 0.29810947 
921 12 14 22 0.26102066 
936 73 18 24 0.2503901 
530 81 12 19 0.24142872 
518 67 12 17 0.23242913 
696 52 29 42 0.22983275 
662 5 12 17 0.1746721 
756 42 12 20 0.14509477 
687 58 13 19 0.12830397 
984 58 15 24 0.119646214 
884 54 16 24 0.116688505 
429 223 29 66 0.11638368 
979 13 15 22 0.105143584 
938 67 15 15 0.08906874 
599 22 11 18 0.08729015 
206 175 75 115 0.086759396 
639 6 23 25 0.07897423 
126 325 63 136 0.077883326 
701 65 12 15 0.07049977 
766 31 11 16 0.06886205 
702 5 16 24 0.066393405 
924 91 11 19 0.06392977 
891 9 15 24 0.062492456 
744 65 23 34 0.06038348 
381 198 38 70 0.05737211 
499 17 15 25 0.055726834 
713 47 11 19 0.04960998 
687 61 22 30 0.048327427 
584 16 14 19 0.047885593 
929 19 12 17 0.047784276 
225 95 109 177 0.047649506 
576 33 33 52 0.046449147 
495 29 19 31 0.043619256 
744 112 11 17 0.04357439 
905 19 13 16 0.042781543 
85 138 257 561 0.04173689 
738 14 12 17 0.041694567 
879 88 19 28 0.04113465 
1016 37 16 26 0.040224638 
630 157 87 115 0.039348695 
749 48 21 35 0.038475573 
745 40 19 27 0.03835598 
159 90 94 116 0.03676282 
958 78 10 14 0.03591773 
1086 63 10 18 0.034869652 
592 19 13 18 0.03454607 
996 5 11 19 0.031986 
856 36 29 52 0.031867806 
720 50 30 44 0.031135585 
1056 27 11 20 0.031091487 
0 510 7 23 0.030341629 
1055 13 11 20 0.030196011 
708 41 12 15 0.029959345 
334 124 73 145 0.029412074 
582 62 18 28 0.028946998 
950 106 21 31 0.027581157 
733 46 17 26 0.027036062 
943 60 19 22 0.026785498 
1010 1 12 18 0.026522063 
909 76 15 27 0.026164528 
863 20 18 32 0.025985956 
985 6 16 23 0.025471337 
692 2 12 13 0.025444424 
716 38 18 28 0.025285603 
942 85 12 19 0.024983 
1086 92 9 17 0.024565477 
550 58 18 23 0.024564518 
1015 0 16 24 0.024497094 
757 32 16 22 0.024442049 
1056 39 12 21 0.024288548 
1078 113 14 23 0.024153963 
490 65 9 14 0.023645287 
525 84 10 16 0.023316486 
955 58 11 16 0.022643667 
1053 61 15 25 0.022597803 
1027 59 16 27 0.022559978 
1032 17 12 20 0.022360489 
156 518 41 87 0.022286704 
727 26 11 18 0.021961154 
956 30 12 20 0.021703059 
654 45 24 41 0.02152797 
924 95 18 30 0.02146562 
898 6 12 16 0.021292672 
1038 72 17 26 0.02123732 
571 62 19 28 0.021153817 
993 51 17 26 0.020598203 
122 116 89 79 0.020595422 
734 19 11 16 0.020521468 
508 63 13 18 0.020242441 
