51_Dresses_wearingdress_51_789
22
361 89 129 164 0.9998424 
25 21 102 194 0.058485474 
540 801 9 10 0.056850947 
520 798 10 12 0.046047095 
540 806 10 10 0.045779116 
-65 855 394 703 0.043936234 
415 774 15 14 0.039244365 
532 815 8 11 0.03570964 
443 798 12 10 0.033997122 
505 800 10 12 0.033592664 
543 791 8 8 0.031543173 
46 73 29 48 0.031252164 
533 810 8 9 0.029414147 
520 791 9 9 0.027912322 
574 797 8 10 0.02463542 
558 808 9 11 0.023217402 
551 453 397 599 0.021323157 
524 805 8 10 0.021107087 
515 789 9 9 0.020808257 
511 804 10 12 0.02032714 
522 371 11 19 0.020309106 
535 802 7 8 0.020288622 
