51_Dresses_wearingdress_51_737
20
471 176 82 98 0.9914801 
766 389 51 71 0.72678363 
585 359 46 101 0.40349343 
108 642 216 325 0.13635075 
323 628 34 53 0.09487885 
442 1038 246 293 0.090591334 
336 750 49 106 0.05257528 
600 412 42 58 0.034293756 
478 338 450 492 0.031735655 
875 769 65 83 0.028933715 
748 379 42 68 0.028396275 
328 572 15 23 0.026528787 
191 477 355 483 0.026436223 
296 27 24 42 0.02631846 
824 515 20 36 0.025241444 
993 674 21 37 0.024646122 
368 458 12 16 0.024058785 
513 1117 122 175 0.020711953 
563 353 46 77 0.020409731 
-65 162 407 534 0.020363506 
