51_Dresses_wearingdress_51_748
77
484 164 105 142 0.9999167 
688 762 24 35 0.08968566 
375 51 23 35 0.055680674 
481 428 216 373 0.047515575 
241 575 4 4 0.043935556 
223 574 4 5 0.03951063 
2 1151 4 7 0.036910627 
37 155 34 38 0.03579442 
36 1120 4 6 0.03341759 
358 710 69 198 0.031945996 
342 1349 5 6 0.030908203 
241 581 4 5 0.030417837 
69 1102 4 7 0.030152332 
705 1012 434 469 0.029738128 
19 1051 5 6 0.028191581 
45 1103 4 5 0.028153311 
694 860 27 46 0.028115686 
53 1051 5 6 0.028028548 
409 71 9 17 0.027837362 
232 583 4 4 0.027819125 
38 1112 4 5 0.02614708 
54 1058 5 8 0.02606412 
2 1146 4 6 0.026041303 
18 1103 4 5 0.025478216 
241 566 4 4 0.025069535 
64 1103 4 6 0.024857227 
224 582 5 4 0.02484368 
36 1068 5 7 0.024720557 
27 1051 5 6 0.024443699 
11 1102 5 6 0.024421176 
71 805 4 5 0.02427404 
19 1120 4 5 0.023992183 
19 1137 4 6 0.023785215 
44 1095 4 5 0.023733422 
673 820 29 52 0.023624176 
35 1052 5 6 0.023607707 
190 583 4 5 0.023540834 
52 1104 4 5 0.02345524 
865 843 159 206 0.02334711 
37 1129 3 5 0.023296725 
53 1095 4 5 0.023134869 
386 807 26 59 0.023131251 
121 796 3 5 0.022866584 
70 1094 3 6 0.022850275 
88 1103 4 6 0.02273342 
233 574 4 5 0.022724243 
674 773 29 45 0.022312647 
43 1111 4 6 0.022237089 
18 1094 5 6 0.02222265 
53 797 4 5 0.022210136 
38 1103 4 6 0.02218036 
514 1232 17 26 0.021958904 
701 772 15 27 0.021728773 
45 1138 4 4 0.021510532 
89 1110 4 6 0.021332208 
248 566 4 4 0.021294914 
44 1053 6 5 0.02123606 
256 574 4 5 0.021232681 
157 778 4 7 0.021220831 
458 286 10 20 0.021103706 
367 339 26 46 0.021049174 
157 753 4 6 0.020894026 
37 1138 3 4 0.020811098 
61 796 4 6 0.020807637 
3 1135 3 7 0.02059814 
18 1239 5 5 0.020552749 
29 796 4 6 0.0205436 
20 1111 4 5 0.020541124 
1 1230 6 8 0.02051475 
11 805 4 5 0.020483617 
54 787 4 6 0.020418976 
28 806 4 5 0.020393845 
113 1129 3 5 0.020388499 
183 1076 4 8 0.020369997 
63 1095 4 5 0.020164846 
54 1086 4 5 0.020093555 
115 789 4 5 0.020093346 
