51_Dresses_wearingdress_51_599
19
199 71 146 195 0.9999211 
704 54 113 167 0.9997931 
842 5 86 106 0.99819356 
798 -1 79 89 0.26097918 
494 595 137 324 0.15230522 
996 381 28 38 0.11104934 
342 316 415 767 0.045523454 
923 457 80 100 0.0373445 
854 303 56 93 0.026260128 
106 191 39 86 0.02624028 
915 337 96 171 0.026162846 
986 890 14 32 0.024810443 
903 989 12 15 0.024709776 
907 485 54 53 0.024160162 
170 851 364 753 0.024097646 
801 -3 51 41 0.022201674 
971 421 18 28 0.021784661 
166 128 16 27 0.020450002 
1 943 5 11 0.020177534 
