51_Dresses_wearingdress_51_335
133
410 146 109 150 0.99973625 
208 92 58 77 0.99889874 
601 210 40 57 0.99827504 
580 120 45 57 0.9968028 
281 81 37 54 0.99360025 
337 96 43 59 0.99047333 
724 69 33 52 0.8801527 
393 72 30 37 0.58517593 
565 189 30 55 0.12852885 
105 540 445 566 0.09868015 
574 877 239 410 0.043509882 
967 1377 3 6 0.040366657 
975 1338 4 6 0.0397941 
975 1345 4 8 0.03876339 
636 702 51 103 0.037298422 
974 1261 4 5 0.0338544 
179 1251 4 6 0.03263435 
188 1309 4 7 0.031914983 
995 1433 5 6 0.031833835 
207 1271 4 6 0.030461736 
1015 1337 4 6 0.029859262 
152 1109 3 5 0.029625857 
198 1260 4 6 0.02960767 
976 1280 5 6 0.029476255 
1004 1395 5 6 0.02905758 
956 1348 4 6 0.028930016 
1002 1269 4 6 0.028794024 
965 1270 4 6 0.028201783 
975 1289 4 6 0.028136378 
946 1426 3 5 0.027778078 
1012 1248 5 7 0.027763804 
966 1290 3 5 0.027714957 
947 1435 3 4 0.027565079 
966 1319 5 6 0.027499242 
983 1106 5 7 0.026749061 
62 1346 4 7 0.026659781 
1005 1386 4 6 0.026641592 
965 1355 4 6 0.026593646 
956 1163 4 7 0.026503628 
966 1348 4 6 0.026491562 
975 1067 5 7 0.026439384 
187 1261 4 7 0.02606797 
966 1366 3 6 0.025916625 
957 1270 4 6 0.025837464 
142 1174 4 7 0.025763288 
189 1317 4 7 0.025675071 
947 1327 4 8 0.025551653 
966 1385 4 5 0.025511913 
207 1319 5 6 0.02543649 
956 1145 4 7 0.025302013 
566 1403 39 48 0.025217049 
274 122 32 48 0.025153862 
54 1396 4 6 0.025153257 
937 1299 4 6 0.024955917 
955 1434 4 5 0.024892407 
1005 1318 5 7 0.024871998 
1003 1403 5 6 0.024771871 
199 1269 4 7 0.024679847 
1004 1288 4 7 0.024622707 
974 1377 4 5 0.024617707 
966 1279 4 6 0.024592195 
187 1241 4 6 0.024414776 
985 1346 5 8 0.02429166 
973 1394 5 6 0.02426195 
227 1213 4 6 0.024219822 
966 1231 4 6 0.024184326 
956 1426 4 5 0.024083372 
984 1336 4 6 0.023948297 
197 1288 5 6 0.023818223 
841 1518 6 7 0.023625216 
985 1434 5 5 0.02338767 
975 1097 4 6 0.023197258 
973 1298 5 7 0.0231897 
966 1261 4 5 0.023159347 
957 1252 4 5 0.023137009 
983 1288 5 7 0.023122555 
966 1163 5 7 0.023080112 
799 1516 7 9 0.023047859 
956 1365 5 7 0.02304472 
179 1309 4 7 0.022941554 
984 1329 4 6 0.022934237 
986 1355 5 6 0.022909151 
207 1279 4 6 0.022881215 
992 1385 5 6 0.022877397 
966 1107 3 6 0.022855354 
975 1328 4 6 0.022710051 
197 1310 4 6 0.022616915 
966 1116 4 7 0.02260848 
172 153 15 25 0.022561006 
53 1414 4 6 0.022395473 
966 1203 4 6 0.022364011 
965 1251 3 6 0.022359166 
284 1223 4 6 0.022261137 
44 1415 4 5 0.02221074 
965 1405 4 5 0.02215491 
965 1299 5 6 0.022116316 
986 1261 4 5 0.021957217 
784 1435 4 6 0.021914816 
985 1087 4 6 0.021913914 
966 1396 4 5 0.021893006 
946 1259 4 6 0.021809123 
976 1367 4 6 0.021610208 
976 1059 5 6 0.02159956 
120 1271 4 7 0.021545956 
956 1416 4 5 0.021483961 
150 1347 4 6 0.021440746 
964 1135 4 7 0.021384686 
947 1406 4 4 0.02137734 
793 1443 5 5 0.021193052 
34 1425 4 5 0.021173164 
995 1270 4 6 0.021171723 
956 1406 4 4 0.021150947 
955 1356 4 6 0.02112461 
986 1270 4 6 0.021044286 
991 1354 5 7 0.021019343 
965 1145 4 7 0.020886315 
1013 1242 4 7 0.020842379 
976 1252 4 6 0.020744886 
179 1243 4 6 0.020734329 
994 1394 4 6 0.020704787 
197 1318 4 6 0.020679627 
946 1289 4 6 0.020653958 
83 115 26 52 0.020592872 
188 1232 3 6 0.020564757 
141 1117 3 6 0.020409966 
994 1443 5 6 0.020383447 
121 1338 4 7 0.02031682 
954 1518 7 8 0.020285996 
14 1211 5 7 0.020285267 
33 1415 5 6 0.020264145 
946 1376 4 6 0.020243244 
957 1136 4 6 0.020147724 
215 1202 4 7 0.020143393 
