51_Dresses_wearingdress_51_612
18
175 9 193 253 0.99990594 
722 5 124 58 0.88188624 
940 323 35 53 0.40349862 
93 461 110 173 0.09039639 
106 357 339 539 0.05522334 
1 10 20 40 0.054031797 
997 338 10 17 0.039607577 
259 242 307 454 0.035358995 
690 -4 327 553 0.03033665 
959 340 14 23 0.028943727 
219 574 271 535 0.02883794 
5 695 129 317 0.02857294 
896 285 21 29 0.02627064 
1008 288 10 15 0.025460592 
1 45 31 68 0.023152247 
33 798 21 47 0.02143015 
639 420 12 16 0.021063484 
982 348 8 12 0.020516349 
