51_Dresses_wearingdress_51_914
89
812 758 132 172 0.9999137 
127 51 65 84 0.9996613 
455 44 51 74 0.9996182 
555 759 72 96 0.9996141 
630 83 29 36 0.9995504 
445 259 36 50 0.99861014 
822 87 63 83 0.9943632 
449 467 22 45 0.9263763 
887 21 82 142 0.19968714 
552 487 20 40 0.19805026 
232 1223 11 20 0.14958122 
506 1295 82 129 0.13905966 
599 1329 28 64 0.12216309 
175 1174 13 15 0.10099234 
192 1183 8 11 0.09596639 
162 249 69 82 0.091089614 
505 1313 21 33 0.07877419 
660 1117 92 170 0.07684754 
384 1146 44 78 0.07237378 
403 1108 26 47 0.057625007 
191 1188 9 14 0.055466354 
447 1084 23 52 0.055329815 
741 1277 8 15 0.054795258 
438 616 15 19 0.051970333 
163 1185 9 11 0.04750033 
213 -5 56 64 0.04484069 
556 1304 71 127 0.042664453 
421 579 9 13 0.038995042 
737 1102 12 21 0.037984546 
87 125 55 76 0.037455093 
201 1152 8 9 0.03723067 
229 1179 100 130 0.037073757 
233 1299 13 20 0.03681845 
182 1250 25 31 0.03680241 
180 1261 13 16 0.036763337 
205 1150 7 9 0.03628853 
713 1340 13 25 0.0338437 
175 120 51 69 0.03365132 
440 514 13 17 0.033233628 
196 1183 9 12 0.0323255 
741 1304 15 26 0.0303404 
520 1345 14 22 0.030109104 
48 1144 50 68 0.029330024 
184 1154 11 12 0.029247304 
268 1140 10 14 0.02878364 
207 1156 7 10 0.028299762 
202 1052 8 10 0.027395148 
499 1081 87 142 0.027140815 
174 1170 9 9 0.026018007 
199 -4 215 234 0.025916146 
200 1023 9 12 0.025838267 
296 1313 10 16 0.025777604 
171 1190 9 12 0.025692644 
540 466 38 79 0.025591537 
190 1177 10 11 0.025420725 
496 1377 27 39 0.025360418 
183 1309 11 19 0.024647534 
473 1190 176 254 0.024503024 
200 1194 11 17 0.024115305 
160 689 14 19 0.02396597 
186 1243 13 19 0.023904106 
222 1234 11 16 0.023840666 
303 1304 27 42 0.023474978 
599 1358 44 97 0.023382802 
355 1339 13 26 0.023292996 
216 1236 11 17 0.023061305 
455 1052 41 80 0.02268421 
588 1356 30 49 0.02264878 
191 1025 8 11 0.022519525 
225 1074 10 18 0.022477714 
673 1344 31 53 0.022337757 
194 1238 15 22 0.022267366 
774 136 43 81 0.022121685 
260 1139 9 13 0.022051988 
199 1061 9 13 0.022007322 
538 1326 30 54 0.02199852 
543 1371 30 45 0.02170175 
670 -33 455 643 0.02161883 
148 1269 8 16 0.021547431 
520 1354 29 44 0.021474972 
829 1243 137 187 0.020864533 
796 116 49 82 0.020844957 
679 1376 24 46 0.02081376 
401 1059 25 38 0.020804403 
556 1318 29 50 0.020802159 
330 613 344 667 0.02050623 
167 1082 17 17 0.020490984 
111 858 81 82 0.020374399 
190 1151 10 11 0.020360691 
