51_Dresses_wearingdress_51_672
28
691 68 110 161 0.9998969 
171 75 101 153 0.9998659 
605 206 41 80 0.99256516 
551 283 16 32 0.31288865 
987 522 26 37 0.2082277 
246 841 86 151 0.17824112 
999 535 13 21 0.11387392 
886 254 56 93 0.040431295 
563 235 7 12 0.03951998 
608 1253 4 4 0.032595783 
582 1208 4 6 0.026872272 
1006 1343 7 9 0.02641302 
624 1252 3 5 0.025596848 
607 1244 4 5 0.025325084 
62 483 392 574 0.024369964 
970 502 8 13 0.024129383 
446 1210 3 5 0.02353462 
471 1236 4 5 0.023420174 
558 541 437 475 0.022367164 
428 1227 4 5 0.022269376 
970 509 30 45 0.021896774 
609 1235 4 5 0.021832202 
917 376 12 23 0.021682303 
889 1253 4 6 0.021242488 
966 1184 3 5 0.021195559 
625 1226 4 5 0.020906098 
393 900 28 44 0.02064694 
592 284 40 72 0.02046156 
