51_Dresses_wearingdress_51_464
58
397 217 257 358 0.99992704 
22 378 135 176 0.9997509 
742 410 65 97 0.99441814 
895 391 25 32 0.711182 
784 279 24 32 0.3595599 
806 325 20 37 0.2887477 
838 413 32 45 0.2624004 
998 434 30 79 0.24219751 
846 511 47 104 0.19215047 
872 517 30 72 0.1459127 
785 319 44 70 0.1362957 
275 489 488 552 0.12609838 
704 359 27 32 0.0973388 
48 722 408 722 0.084249526 
893 401 43 64 0.0752635 
833 436 34 51 0.06641597 
841 709 59 75 0.060070932 
633 479 49 102 0.057891894 
909 507 43 76 0.05637745 
729 279 25 33 0.048097257 
214 68 35 58 0.04629292 
807 389 29 50 0.044299066 
75 687 133 151 0.042081002 
838 232 15 26 0.04051936 
705 379 46 69 0.040298156 
827 457 29 48 0.039911926 
659 505 53 96 0.039640356 
786 400 49 73 0.03912173 
869 499 67 128 0.039104357 
759 369 55 86 0.037694383 
892 282 21 46 0.035048943 
969 435 40 73 0.034932155 
935 429 43 72 0.034488603 
721 437 55 88 0.03428555 
925 439 29 47 0.03411233 
904 523 72 131 0.033310205 
796 208 28 61 0.03039076 
919 6 21 35 0.029508745 
712 473 37 70 0.029148279 
186 974 74 106 0.028348282 
906 439 30 41 0.027110029 
268 1152 296 318 0.026612705 
830 326 24 48 0.026301827 
987 651 12 20 0.024839908 
929 564 36 63 0.024662295 
1006 569 12 23 0.024264816 
881 518 15 32 0.02361643 
964 614 13 24 0.023323772 
796 82 22 52 0.023116512 
950 396 33 59 0.022513896 
800 -3 24 32 0.021506276 
747 347 50 72 0.021382833 
582 469 112 226 0.021157179 
165 620 137 123 0.020770531 
712 513 53 100 0.020736184 
910 453 50 77 0.0202486 
959 380 40 55 0.020196978 
722 404 18 30 0.020051135 
