51_Dresses_wearingdress_51_280
18
952 257 67 86 0.9995565 
451 203 107 137 0.9995333 
765 235 58 82 0.99938357 
29 52 109 128 0.99815494 
650 375 33 51 0.97054964 
461 716 102 86 0.16070752 
262 471 18 19 0.13916667 
271 756 466 683 0.10760576 
12 78 17 26 0.068547755 
654 689 13 24 0.0584834 
122 413 28 49 0.029503468 
851 403 25 56 0.028076543 
-135 351 434 682 0.02501393 
718 700 28 65 0.02435106 
263 456 17 19 0.022493666 
132 325 30 55 0.021266967 
362 1354 65 69 0.021260012 
255 471 14 16 0.02042788 
