51_Dresses_wearingdress_51_692
18
689 109 116 157 0.99991155 
168 313 118 154 0.99991024 
367 211 36 36 0.77868915 
373 150 13 19 0.17827486 
147 379 14 24 0.08333624 
359 209 17 22 0.07426577 
355 153 22 26 0.03969813 
407 245 11 13 0.034228235 
367 146 14 18 0.032769855 
11 311 156 298 0.031787533 
215 192 61 47 0.03035655 
397 618 317 561 0.028618384 
945 292 80 147 0.02698873 
319 156 12 13 0.026361067 
282 131 13 19 0.025500815 
588 935 14 25 0.025250552 
800 175 12 20 0.025109272 
680 181 14 27 0.022081511 
