51_Dresses_wearingdress_51_226
23
302 244 220 335 0.99951184 
73 214 15 30 0.27269962 
612 344 47 95 0.10006703 
205 460 20 27 0.076275304 
379 132 273 520 0.068257846 
311 457 317 405 0.05534365 
87 265 23 46 0.04531622 
94 17 395 360 0.042708196 
132 828 96 125 0.037105188 
238 537 18 34 0.036848266 
728 433 379 413 0.033404313 
102 183 38 80 0.030806158 
34 221 10 20 0.028346265 
116 396 10 20 0.02717517 
349 31 471 349 0.026538532 
113 315 25 50 0.025979815 
205 286 11 18 0.025535723 
92 596 359 467 0.02444076 
115 214 21 41 0.023151625 
373 794 21 43 0.022473734 
109 842 9 13 0.021286502 
92 395 12 19 0.021242948 
75 193 11 18 0.021208847 
