51_Dresses_wearingdress_51_606
147
624 76 108 157 0.99993587 
255 230 101 117 0.99949324 
406 229 12 18 0.93811536 
197 -5 24 37 0.31428793 
173 23 21 41 0.27155948 
177 116 12 27 0.2333687 
205 177 14 27 0.17148094 
478 195 13 18 0.12089518 
381 233 8 12 0.1160525 
236 9 17 19 0.10562046 
18 91 15 25 0.101137616 
861 92 9 13 0.089265764 
220 29 22 44 0.089091845 
101 119 11 17 0.08545326 
146 76 13 22 0.08304748 
696 2 36 40 0.07575181 
400 285 11 13 0.07549776 
1007 5 14 14 0.075401746 
142 50 19 36 0.07467173 
172 249 10 19 0.07400806 
392 259 6 9 0.073966734 
362 245 11 18 0.07014904 
396 255 7 9 0.06910478 
483 240 15 20 0.06443344 
167 242 6 13 0.05874594 
505 1234 50 84 0.057463005 
-121 354 421 616 0.05417447 
112 242 9 15 0.049709886 
825 327 46 61 0.04913139 
412 85 13 22 0.047960803 
1000 6 13 12 0.047106445 
104 224 7 12 0.04589684 
382 225 9 15 0.045881383 
174 167 11 20 0.045388535 
959 145 8 13 0.044880167 
901 128 10 13 0.04395768 
91 236 7 11 0.0434573 
419 269 7 9 0.042111974 
955 0 11 9 0.040707678 
417 262 8 9 0.04063579 
922 0 13 8 0.039249804 
415 253 8 10 0.038236465 
975 103 11 14 0.038048897 
176 101 11 20 0.03777065 
408 254 7 9 0.037135355 
895 128 11 14 0.036520235 
171 0 11 11 0.036503483 
867 94 8 12 0.035913613 
175 96 7 12 0.034567736 
983 1 10 8 0.033656422 
470 240 10 15 0.033503845 
376 238 5 9 0.033320997 
1010 123 10 21 0.033240072 
379 206 21 37 0.032379996 
474 240 14 18 0.031953268 
431 196 10 17 0.03160331 
451 211 12 16 0.03155893 
386 220 11 19 0.03128514 
153 151 8 12 0.0306267 
880 102 9 10 0.030582108 
892 23 12 12 0.030355657 
382 243 6 9 0.030349331 
886 128 11 17 0.030342966 
868 102 8 12 0.030246278 
296 -4 41 40 0.030056003 
164 261 6 12 0.029669162 
371 243 7 11 0.029498158 
968 120 10 12 0.029143322 
75 251 10 15 0.028780293 
219 -2 25 32 0.028762277 
477 77 5 10 0.028674763 
242 1 27 29 0.028586898 
186 169 9 18 0.028294908 
938 0 12 9 0.028165542 
842 117 11 15 0.028058097 
449 203 23 29 0.027627407 
895 120 10 13 0.02750712 
886 75 11 13 0.027444402 
192 765 204 372 0.02737707 
441 251 8 10 0.027344713 
923 16 11 12 0.027139768 
403 232 8 13 0.026641913 
87 235 5 10 0.026420994 
186 178 11 23 0.02639569 
973 127 9 12 0.025993785 
888 113 9 11 0.0257918 
388 198 81 109 0.025748717 
172 96 19 38 0.025656113 
139 240 8 15 0.025578517 
111 236 7 12 0.025568686 
793 423 48 72 0.025556715 
466 259 9 14 0.025154378 
183 43 17 37 0.02508447 
855 95 7 10 0.025057763 
795 268 13 19 0.024985088 
381 254 7 10 0.024891127 
417 277 7 10 0.024728352 
399 224 9 15 0.024653977 
98 116 21 34 0.024447924 
983 16 10 12 0.024272019 
172 224 6 11 0.024133526 
397 216 9 16 0.024095953 
993 205 10 12 0.02400758 
186 122 11 22 0.023862703 
861 100 10 15 0.023814455 
193 51 11 26 0.023749182 
849 111 13 16 0.02344669 
398 272 7 8 0.02340217 
165 224 7 14 0.023313725 
144 30 20 40 0.023294967 
523 235 10 12 0.023172883 
391 270 6 8 0.023150526 
886 95 9 10 0.023078967 
167 249 6 14 0.022973206 
396 214 17 31 0.022853823 
965 112 10 11 0.02284241 
6 170 91 147 0.022786608 
887 85 10 12 0.022692258 
894 114 9 10 0.022608886 
160 22 19 37 0.022596782 
946 0 12 9 0.022547306 
142 8 11 22 0.022516167 
890 75 43 50 0.022497924 
190 227 6 10 0.022343509 
893 135 10 13 0.022123994 
955 129 8 11 0.021919034 
478 71 5 10 0.021740833 
71 245 21 32 0.021614792 
227 7 27 52 0.021365367 
906 90 45 51 0.021135248 
965 0 10 8 0.021060096 
198 170 10 20 0.02098443 
1000 1 12 9 0.020960078 
140 260 5 10 0.020859798 
968 129 9 10 0.020851957 
410 260 7 9 0.020831555 
897 63 7 8 0.020626951 
981 206 9 12 0.020504521 
165 183 7 13 0.020502103 
382 260 6 8 0.020474695 
408 203 8 15 0.02045754 
212 39 20 41 0.020445794 
471 54 4 7 0.02036567 
943 176 16 19 0.020357508 
878 112 9 12 0.020270612 
980 108 10 13 0.020029001 
171 235 8 15 0.020011492 
