51_Dresses_wearingdress_51_178
17
331 73 159 221 0.99977535 
334 819 241 197 0.29888663 
521 148 164 232 0.15405257 
977 2 59 108 0.1464224 
289 569 298 372 0.11111365 
535 385 168 195 0.084669724 
890 135 74 118 0.040143855 
163 242 546 820 0.040050127 
22 418 16 34 0.039518088 
405 417 310 310 0.034988713 
615 175 126 216 0.030945063 
491 200 97 138 0.03050191 
910 152 41 59 0.026833966 
451 324 91 103 0.02617806 
984 1800 39 48 0.023745207 
181 3 28 15 0.022518935 
133 235 15 31 0.021276688 
