51_Dresses_wearingdress_51_691
28
680 93 88 100 0.9998548 
203 76 77 102 0.99975306 
96 507 73 92 0.61303526 
220 948 20 22 0.06887254 
490 396 8 15 0.06565984 
721 954 33 56 0.061796498 
552 544 9 12 0.048574194 
780 84 31 68 0.047158957 
14 481 7 14 0.04463412 
160 233 11 25 0.044332013 
311 579 6 9 0.03697976 
534 347 24 38 0.03295892 
763 760 2 4 0.03204444 
990 725 9 14 0.030292396 
265 961 15 18 0.03024579 
742 919 85 139 0.029416284 
18 480 6 13 0.027934419 
448 662 385 474 0.027012251 
689 569 96 131 0.026579773 
304 586 5 7 0.023302613 
8 484 15 40 0.023134843 
741 721 5 7 0.022858504 
287 105 10 21 0.022794392 
523 541 8 12 0.022535529 
743 716 3 5 0.021743668 
748 760 3 5 0.020646885 
756 725 5 7 0.020267967 
554 541 5 8 0.020091102 
