61_Street_Battle_streetfight_61_211
76
270 522 38 48 0.99809104 
977 622 36 52 0.99632853 
171 531 41 42 0.99613 
34 507 40 55 0.9953869 
126 543 37 52 0.99392396 
320 542 36 41 0.99379927 
878 622 40 48 0.9799973 
222 530 29 42 0.97460485 
904 564 40 40 0.92436606 
987 576 33 54 0.9022097 
842 172 67 151 0.86873394 
280 943 102 89 0.69637036 
328 420 49 106 0.47740135 
954 581 19 25 0.4240793 
754 236 72 112 0.40481198 
884 557 29 34 0.39138165 
201 534 29 43 0.3811155 
115 884 51 40 0.30742872 
337 467 96 133 0.2928627 
784 193 91 139 0.14554052 
229 550 531 530 0.13413692 
339 558 34 44 0.13235869 
449 975 120 164 0.10947733 
173 833 271 277 0.09714876 
257 507 36 42 0.089919515 
956 562 27 30 0.0848686 
1009 512 11 26 0.06278919 
960 531 13 15 0.059925377 
876 571 20 22 0.051397793 
735 646 109 130 0.048821338 
891 587 32 33 0.046823166 
5 594 24 42 0.044803392 
661 667 80 91 0.043818556 
771 654 56 75 0.042403113 
329 526 64 91 0.0411932 
308 552 18 27 0.040545125 
236 539 32 45 0.036998123 
930 698 29 41 0.036465224 
729 242 56 86 0.034359213 
205 1526 5 7 0.03378854 
70 1526 4 8 0.033047758 
503 535 82 95 0.03277167 
186 1527 4 6 0.030684281 
575 1255 36 41 0.030534912 
471 1120 547 494 0.029320601 
941 657 26 39 0.027963845 
872 578 30 39 0.027936377 
783 274 64 110 0.02771279 
877 930 29 45 0.027649304 
88 519 27 38 0.027523886 
168 1526 5 7 0.027297588 
903 868 23 43 0.026881365 
446 1526 6 8 0.026789926 
149 548 50 60 0.025925793 
138 866 62 73 0.025652692 
51 1527 4 7 0.025569675 
5 542 18 29 0.024995452 
205 391 21 15 0.024740702 
112 552 27 41 0.024596162 
147 1531 10 14 0.024401784 
804 654 48 68 0.02433615 
895 923 14 28 0.024276366 
120 892 23 22 0.023775611 
261 1527 4 7 0.023363432 
506 826 146 157 0.022836577 
886 707 33 35 0.022614418 
282 1527 5 7 0.02223018 
104 530 15 26 0.02203959 
740 243 28 47 0.021787612 
176 1312 123 142 0.021136569 
654 909 85 92 0.020714937 
745 256 11 19 0.020611906 
215 1520 5 6 0.020605158 
118 1527 7 9 0.020526724 
961 575 28 37 0.020504558 
107 1520 6 8 0.020044766 
