61_Street_Battle_streetfight_61_913
220
891 125 104 138 0.99121827 
231 315 28 34 0.9616938 
144 202 15 14 0.7034749 
109 302 41 58 0.6066586 
141 462 10 15 0.4616699 
989 117 25 31 0.43996504 
304 69 11 19 0.228021 
927 584 12 15 0.22291836 
967 592 19 28 0.19354779 
173 130 9 15 0.1294454 
207 146 10 16 0.12508686 
869 560 20 27 0.12007981 
444 293 14 17 0.119765595 
181 104 10 14 0.11377691 
940 395 11 16 0.1097811 
343 166 9 17 0.09956498 
707 168 18 29 0.09942872 
117 42 28 41 0.085478954 
645 361 8 13 0.079525776 
366 494 5 7 0.07525079 
250 118 8 17 0.07387514 
840 331 107 123 0.068909824 
270 116 7 16 0.064962715 
384 489 7 12 0.06420106 
609 306 88 135 0.062195897 
817 159 35 55 0.06080133 
261 90 5 7 0.05972747 
389 491 6 10 0.059081413 
107 241 17 20 0.05888392 
359 165 8 15 0.05835932 
209 88 7 9 0.05761197 
3 8 13 28 0.05695514 
677 361 8 13 0.05622097 
369 494 6 8 0.054625373 
228 209 10 9 0.054038752 
397 494 5 7 0.0529943 
834 136 32 58 0.052233044 
224 84 7 11 0.051828194 
252 113 8 14 0.050776105 
310 73 8 14 0.050706234 
308 87 6 11 0.049403444 
359 494 5 8 0.048893668 
326 453 6 8 0.048028562 
133 299 36 56 0.047887385 
796 168 23 34 0.047063224 
83 75 29 50 0.04610088 
598 398 10 17 0.045970794 
164 131 9 14 0.044935685 
293 83 5 12 0.044885665 
225 206 8 9 0.044740204 
177 211 14 11 0.043930966 
186 0 22 24 0.04325866 
204 191 8 8 0.042771846 
152 222 10 14 0.04246986 
191 120 10 16 0.042075388 
202 199 10 10 0.042020727 
116 201 7 11 0.04189332 
418 405 5 8 0.041770328 
333 453 5 7 0.041682366 
229 477 8 11 0.041465268 
488 636 4 5 0.041354652 
609 377 42 62 0.041305527 
159 193 9 10 0.040974755 
182 359 29 33 0.040818322 
881 373 9 16 0.040390916 
499 636 5 7 0.039241813 
247 88 6 9 0.038877882 
489 640 4 6 0.037770078 
285 112 7 15 0.037322544 
1000 538 18 28 0.037216645 
451 318 9 13 0.037136815 
421 405 5 8 0.03707136 
203 489 9 11 0.03704473 
308 94 6 11 0.035955906 
235 204 8 9 0.034970812 
140 199 10 11 0.034881312 
288 89 5 9 0.034867406 
519 85 6 10 0.03466794 
312 89 4 9 0.034557045 
788 157 17 37 0.034443017 
175 476 10 17 0.034166712 
340 453 5 7 0.0338943 
403 492 6 8 0.03383337 
286 94 7 13 0.03379147 
888 220 45 55 0.033779964 
300 63 9 17 0.033699717 
680 400 8 15 0.03352338 
506 91 6 9 0.033515386 
507 85 5 7 0.033025067 
493 636 4 6 0.03253274 
378 493 7 9 0.03241588 
269 238 4 6 0.032397565 
264 114 5 12 0.032383814 
162 197 11 11 0.03232361 
850 221 45 58 0.03178744 
283 89 5 9 0.031714458 
514 541 11 15 0.030764598 
125 216 8 13 0.030657487 
997 88 10 13 0.030123914 
312 81 5 12 0.030066159 
259 89 5 7 0.03002694 
171 106 8 13 0.029420799 
844 364 11 16 0.029406793 
1007 636 12 21 0.029400276 
493 641 4 6 0.029325264 
302 79 6 14 0.029305654 
332 489 18 26 0.028846016 
18 46 9 19 0.0287371 
174 473 7 12 0.02865994 
301 451 10 13 0.028633503 
343 498 7 9 0.028612603 
270 368 10 11 0.028382622 
282 95 7 11 0.028377954 
134 214 9 13 0.028279474 
862 579 10 17 0.028186476 
524 86 6 8 0.02813426 
218 84 5 8 0.028114477 
276 89 4 7 0.02791501 
882 565 17 26 0.027615184 
69 34 17 38 0.027564554 
935 152 119 157 0.02751722 
328 498 7 9 0.027438955 
93 144 10 19 0.027262097 
411 405 4 6 0.027200019 
409 489 6 10 0.027170947 
199 218 8 8 0.027058301 
1001 125 19 34 0.027047804 
971 137 22 31 0.026822671 
176 41 20 24 0.026797347 
320 494 4 6 0.026785 
353 495 5 7 0.026758233 
84 319 33 61 0.026739128 
397 490 4 7 0.026489237 
138 207 10 13 0.026160426 
198 198 22 20 0.025972847 
144 241 10 15 0.025969058 
241 204 7 10 0.025917698 
313 101 4 10 0.025902953 
269 110 6 12 0.025607644 
233 208 10 11 0.02560151 
27 64 24 53 0.025554357 
868 162 25 49 0.025491916 
270 102 6 9 0.025390165 
199 490 8 11 0.025323588 
335 93 6 12 0.025280667 
678 204 279 336 0.025244307 
222 125 18 28 0.025224103 
347 450 3 6 0.025053289 
286 121 8 15 0.0249795 
494 90 5 7 0.024888797 
496 386 20 20 0.024810372 
990 15 9 15 0.02474309 
319 165 9 18 0.024672141 
976 103 14 20 0.024556302 
136 203 7 9 0.024417575 
319 123 7 13 0.024283975 
262 86 4 6 0.02425727 
578 624 32 53 0.023870261 
346 613 4 9 0.023835814 
272 462 7 8 0.023787495 
486 86 4 5 0.023738226 
201 214 12 11 0.02363563 
1012 126 17 32 0.023214422 
245 84 5 9 0.023058137 
381 481 14 23 0.023039067 
613 396 19 35 0.023029689 
177 91 6 7 0.023020124 
124 92 36 58 0.022989005 
436 295 8 12 0.022841046 
1008 131 42 67 0.022656383 
384 482 6 9 0.022587832 
324 165 9 17 0.022311484 
511 84 5 9 0.022276418 
889 90 9 14 0.0222646 
191 479 6 10 0.022218699 
276 238 4 5 0.022212218 
296 275 5 7 0.022195004 
488 631 3 4 0.022071809 
166 221 11 12 0.022001112 
77 84 5 9 0.021983432 
591 62 10 16 0.02193483 
169 145 9 11 0.021883273 
289 282 6 9 0.02180089 
385 545 4 7 0.0217432 
404 488 6 9 0.021712888 
324 105 30 45 0.021694236 
62 324 9 20 0.021692278 
637 371 10 15 0.021650206 
484 91 5 6 0.021598166 
904 241 23 24 0.02157989 
16 59 21 42 0.021561328 
195 127 10 16 0.021458607 
252 316 13 16 0.021444794 
189 508 10 15 0.02138637 
338 495 8 10 0.021374516 
195 112 11 17 0.02134565 
283 650 3 4 0.02124718 
191 69 9 10 0.021247149 
270 465 8 10 0.0212209 
309 147 7 10 0.021126864 
209 107 11 14 0.021110706 
494 631 3 4 0.02108906 
158 202 10 11 0.02084146 
247 104 15 26 0.020820558 
251 77 5 8 0.020770095 
23 41 13 27 0.020673271 
1011 88 8 13 0.020667186 
510 89 5 9 0.02064383 
452 351 12 17 0.020641236 
301 88 4 9 0.02059026 
108 204 5 9 0.020578846 
224 77 7 11 0.020446466 
273 123 7 12 0.020429833 
673 27 33 38 0.020365115 
361 411 4 6 0.020328512 
206 89 6 8 0.020282904 
192 226 7 6 0.020234304 
159 19 10 12 0.020232145 
40 73 24 52 0.020159584 
72 84 4 8 0.020124406 
