61_Street_Battle_streetfight_61_276
37
9 52 22 30 0.9998062 
125 45 23 29 0.99960476 
52 76 23 30 0.99926335 
810 21 25 29 0.9992353 
635 38 26 33 0.99917346 
199 60 25 38 0.99914205 
525 37 23 30 0.9990706 
344 62 25 30 0.99904424 
779 41 24 37 0.99892884 
175 44 20 31 0.9986551 
938 29 27 30 0.99846065 
256 46 23 36 0.9981148 
672 40 22 31 0.99794275 
440 54 24 26 0.997719 
153 58 22 34 0.99757534 
66 122 24 37 0.9969284 
390 37 29 31 0.9945228 
961 34 22 23 0.9940334 
582 37 27 26 0.9920798 
313 20 27 40 0.9880635 
488 49 18 25 0.9712701 
467 44 20 23 0.83270186 
304 198 20 25 0.05439986 
455 47 19 25 0.043247115 
116 99 21 30 0.0426288 
316 203 10 13 0.03493244 
463 66 17 24 0.03096232 
0 83 7 18 0.030423202 
773 147 26 27 0.029164052 
187 49 27 42 0.024214165 
284 174 13 17 0.02396817 
748 324 25 28 0.022726543 
545 48 18 24 0.022417037 
605 41 9 14 0.021885818 
523 255 17 26 0.020687565 
578 164 17 25 0.020638991 
388 334 13 16 0.020071574 
