61_Street_Battle_streetfight_61_815
18
337 237 59 53 0.9943873 
181 154 458 331 0.29829094 
799 261 54 53 0.2631556 
325 502 365 493 0.1363831 
883 542 51 55 0.12832737 
844 548 37 44 0.08177766 
115 -57 375 406 0.059222966 
111 543 412 348 0.052965306 
512 538 371 447 0.038080584 
337 -69 360 410 0.037782285 
726 -65 254 497 0.036853008 
319 235 34 49 0.029868586 
7 196 370 461 0.027768988 
162 191 25 23 0.023663206 
-10 -62 274 402 0.023402134 
2 552 17 35 0.022362066 
145 281 97 92 0.02058696 
1011 259 15 30 0.020382727 
