61_Street_Battle_streetfight_61_606
22
773 83 75 106 0.99986076 
199 74 73 104 0.99983585 
499 75 70 100 0.9997427 
650 124 73 98 0.99966574 
347 114 69 99 0.99965096 
318 156 35 66 0.10021336 
1007 242 9 18 0.06784009 
971 209 9 13 0.050077043 
978 239 10 15 0.044947114 
994 239 8 12 0.041351277 
950 244 89 106 0.03010874 
442 6 10 11 0.028178623 
419 171 37 57 0.02751212 
1018 246 16 26 0.025688894 
613 239 33 57 0.025588091 
1092 244 8 14 0.025304 
648 327 22 30 0.024962772 
1031 238 11 20 0.023212401 
1091 268 7 13 0.023167392 
1058 251 10 17 0.02277699 
534 -163 405 446 0.020228676 
1020 134 16 25 0.020141868 
