61_Street_Battle_streetfight_61_640
27
662 673 25 30 0.95699865 
678 109 125 204 0.9458617 
459 71 351 545 0.38646454 
453 617 71 161 0.29844996 
678 678 15 21 0.052574735 
654 691 16 26 0.048842058 
662 689 23 29 0.048051 
793 113 42 64 0.04551726 
618 700 25 30 0.04203935 
659 675 11 18 0.036982037 
471 299 18 30 0.035742152 
630 694 13 14 0.035658818 
700 671 17 29 0.033266854 
299 196 321 457 0.031769827 
-26 503 363 604 0.030008832 
760 101 68 115 0.02915751 
610 136 45 63 0.027470767 
928 771 9 9 0.026782744 
519 627 86 118 0.026535178 
696 622 38 47 0.025599563 
718 684 50 50 0.025235208 
684 246 48 55 0.023558667 
662 223 97 107 0.02263253 
687 535 92 72 0.0222964 
644 695 17 23 0.021828933 
614 689 23 26 0.02095494 
703 269 27 29 0.020722589 
