61_Street_Battle_streetfight_61_50
27
454 154 38 54 0.9984263 
822 135 58 128 0.35612768 
881 166 95 140 0.26545757 
699 402 60 135 0.16450764 
199 81 24 23 0.11150062 
80 83 11 19 0.10446362 
222 222 25 31 0.069562756 
891 389 57 56 0.06157312 
100 66 40 51 0.044195294 
408 108 43 76 0.043651048 
513 149 30 54 0.04195153 
893 402 29 30 0.03300083 
198 62 25 24 0.032911316 
89 44 6 9 0.031590957 
903 411 28 32 0.029860439 
108 59 25 25 0.029733008 
169 89 17 25 0.02834266 
926 462 55 57 0.027749157 
247 89 22 28 0.026992297 
933 401 42 41 0.02628825 
714 276 329 379 0.025356105 
406 430 48 69 0.025313014 
88 49 6 8 0.023780957 
110 56 17 14 0.023693068 
71 -113 274 315 0.023020163 
399 73 18 25 0.022683544 
199 94 18 16 0.022195982 
