61_Street_Battle_streetfight_61_432
157
846 324 24 30 0.9993954 
624 269 20 34 0.99914503 
645 319 26 35 0.99825996 
886 322 23 32 0.99796957 
178 148 26 38 0.9977653 
148 230 36 55 0.9973779 
740 321 25 38 0.99720037 
966 375 29 33 0.99670947 
794 286 18 28 0.9953945 
807 413 26 49 0.9938626 
638 514 31 47 0.99197525 
100 153 28 39 0.99090075 
588 218 16 26 0.99029434 
846 273 16 25 0.98806274 
632 216 16 26 0.9867338 
524 208 17 27 0.9799588 
548 236 23 38 0.97652006 
263 174 18 22 0.96098423 
500 505 33 39 0.9480321 
145 298 31 45 0.9454987 
216 213 24 40 0.93589085 
900 284 16 21 0.9354127 
500 291 30 41 0.9343943 
762 248 14 20 0.9328102 
824 268 12 20 0.9131563 
834 287 15 22 0.8933239 
418 531 29 40 0.8769196 
857 400 21 34 0.84931976 
715 395 27 44 0.8363837 
796 263 12 19 0.74264336 
873 295 16 30 0.729954 
834 348 12 19 0.72255874 
316 145 30 59 0.712064 
933 272 11 16 0.6748726 
653 201 13 20 0.6529582 
268 210 29 37 0.5990689 
416 156 29 60 0.4861818 
226 103 18 26 0.44838548 
940 330 25 32 0.4120044 
460 182 10 20 0.28153127 
348 109 9 23 0.26216856 
510 187 12 21 0.23604308 
368 165 42 62 0.22527006 
455 187 18 31 0.2009471 
322 117 12 22 0.19257013 
943 372 19 33 0.14895089 
473 167 8 15 0.12725584 
905 384 34 52 0.10923378 
613 246 10 18 0.106085695 
503 408 28 36 0.102130584 
984 383 20 28 0.10184831 
949 318 19 29 0.10090681 
825 313 17 26 0.10061894 
913 310 19 27 0.097183354 
245 222 21 31 0.09690129 
156 170 16 25 0.09475839 
736 265 8 18 0.093931735 
957 314 12 20 0.08801313 
187 106 13 14 0.08565504 
984 321 9 14 0.08527538 
737 234 6 13 0.081397936 
927 375 29 45 0.080717705 
225 330 37 41 0.07973974 
201 192 19 30 0.07860137 
321 150 13 23 0.07570116 
280 195 12 15 0.07489054 
434 163 28 57 0.07246874 
638 170 6 11 0.06966248 
765 356 19 25 0.0674542 
833 366 19 31 0.064025305 
539 301 26 56 0.063140005 
542 246 19 41 0.06216264 
213 283 32 44 0.05868453 
169 194 9 16 0.058482323 
302 210 18 23 0.05771281 
173 217 33 52 0.05755712 
511 173 6 11 0.05356452 
966 276 8 15 0.053177364 
943 297 11 15 0.050919235 
878 315 19 28 0.04803338 
449 168 8 14 0.046765976 
156 129 20 25 0.04662636 
791 366 29 49 0.045657042 
637 236 16 26 0.044020846 
736 475 38 54 0.043980673 
862 271 9 16 0.042604387 
832 324 13 19 0.04190266 
126 119 9 13 0.041153844 
808 360 29 47 0.041052975 
463 178 10 15 0.040890705 
285 308 33 47 0.03980273 
970 297 9 18 0.039711993 
912 278 9 14 0.039578415 
802 268 10 18 0.03917842 
797 354 18 32 0.038905475 
467 167 10 16 0.037355956 
645 246 11 18 0.036292598 
714 347 21 29 0.035505146 
830 298 17 28 0.033944543 
248 222 11 14 0.033660322 
439 650 9 14 0.033577543 
379 633 22 30 0.033441268 
382 646 8 11 0.033094585 
449 172 16 29 0.031802043 
285 219 13 22 0.03171694 
349 100 8 19 0.031446297 
401 156 26 43 0.03127377 
480 641 28 32 0.030404592 
231 96 5 9 0.03003449 
521 628 23 31 0.029899318 
378 646 7 9 0.02928527 
111 498 86 152 0.027871178 
278 239 20 28 0.027170088 
618 242 18 27 0.026740815 
852 299 16 25 0.0262528 
955 381 14 20 0.025771674 
380 642 4 6 0.025331335 
928 278 10 16 0.025102329 
372 161 22 40 0.0248108 
222 196 26 36 0.02475727 
122 124 10 15 0.024379784 
779 307 15 27 0.024314653 
936 281 11 16 0.024129806 
345 117 9 21 0.024013987 
721 425 22 41 0.023993773 
389 167 42 71 0.023967806 
472 159 7 16 0.023634728 
534 61 6 12 0.023467602 
327 174 21 34 0.023439825 
637 177 9 16 0.02299197 
320 409 7 14 0.022988629 
1027 425 17 31 0.02290786 
337 659 8 13 0.022881586 
669 647 27 32 0.022713084 
518 294 21 34 0.022669027 
533 218 12 22 0.022447582 
379 634 4 8 0.022379128 
630 242 12 17 0.022368273 
132 119 7 12 0.022253392 
621 295 18 33 0.022215363 
482 285 35 52 0.022065531 
698 399 28 39 0.021932507 
592 294 18 29 0.021894712 
203 206 24 41 0.021143727 
664 326 20 30 0.021121081 
888 302 18 27 0.021069383 
672 329 9 16 0.021056475 
869 296 12 20 0.021039544 
186 113 13 17 0.02081365 
745 266 9 16 0.020805715 
326 110 7 13 0.020761747 
658 171 7 12 0.020735439 
739 279 11 21 0.020474147 
824 288 11 17 0.020450367 
925 401 12 19 0.020445153 
514 647 15 14 0.020394772 
456 165 15 24 0.020318449 
