61_Street_Battle_streetfight_61_282
41
433 95 156 202 0.99973446 
639 126 142 203 0.9996965 
588 744 209 285 0.9996711 
254 802 204 270 0.99963796 
60 117 140 217 0.99949217 
813 97 143 221 0.99944896 
241 125 172 201 0.9993067 
335 106 162 205 0.30048326 
606 181 17 26 0.28582093 
606 79 18 25 0.117938235 
570 773 19 44 0.10392195 
836 613 45 45 0.087229006 
712 85 149 234 0.07624326 
819 1068 43 82 0.04892777 
883 206 12 17 0.047088847 
834 554 67 74 0.045884043 
204 886 8 10 0.043955747 
11 584 469 523 0.040248733 
396 680 12 23 0.03822612 
610 216 14 23 0.035366926 
868 535 43 31 0.03327951 
0 1023 28 50 0.03264041 
515 101 167 245 0.032058854 
854 822 11 15 0.029193556 
161 896 5 7 0.02827284 
142 896 6 6 0.026663685 
1001 1041 24 61 0.026181849 
97 887 6 7 0.023568591 
191 558 13 21 0.02240095 
272 531 11 17 0.022349298 
133 905 7 8 0.022091078 
7 900 9 18 0.021397335 
657 1254 35 37 0.02134428 
143 904 6 8 0.021221435 
1012 953 9 21 0.021045705 
1010 852 5 8 0.020683995 
17 268 8 15 0.020567786 
822 535 41 33 0.020547222 
133 888 6 8 0.020391649 
402 513 9 18 0.020366853 
126 928 7 11 0.020039145 
