52_Photographers_taketouristphotos_52_97
57
824 609 49 64 0.99768865 
245 251 169 187 0.97933674 
520 181 35 32 0.111412995 
480 35 27 49 0.11050926 
855 608 38 53 0.093722545 
952 615 40 53 0.09241445 
586 326 15 13 0.07784541 
566 323 16 12 0.0506899 
636 602 7 12 0.049134195 
42 526 12 16 0.04465798 
484 43 11 21 0.037454173 
924 629 39 55 0.034142368 
705 635 4 7 0.034127638 
1003 612 38 65 0.034027986 
607 649 6 10 0.033439778 
674 636 4 8 0.03322451 
876 612 34 53 0.031383093 
635 608 7 11 0.030799482 
637 614 6 11 0.030199101 
951 617 10 13 0.030107033 
509 305 12 14 0.02960395 
724 636 4 9 0.028735902 
697 643 5 8 0.028536655 
239 251 11 11 0.028494827 
427 169 26 32 0.027730264 
559 405 47 58 0.027660066 
717 636 4 7 0.027650781 
472 637 19 28 0.027617661 
665 642 5 7 0.02737707 
717 641 5 9 0.027228607 
549 180 9 12 0.026676117 
698 629 6 9 0.026513841 
521 353 72 85 0.026334096 
578 383 43 57 0.025246432 
738 635 4 6 0.025220798 
612 627 5 10 0.024504546 
647 634 6 10 0.023989107 
952 616 20 31 0.023861647 
710 636 5 6 0.023819482 
478 656 9 14 0.023326416 
553 448 58 149 0.023210725 
945 609 6 9 0.023196174 
677 640 5 9 0.02265886 
515 312 12 10 0.02230314 
512 167 30 36 0.022295514 
699 635 4 7 0.022211304 
953 624 11 17 0.022134002 
693 642 4 9 0.021831075 
428 173 10 14 0.021569025 
627 632 7 13 0.02147219 
282 194 264 295 0.02074124 
1025 647 20 39 0.020505978 
422 173 8 11 0.020480478 
933 606 22 37 0.020477418 
498 42 8 16 0.020440275 
674 641 4 7 0.020153403 
156 174 269 396 0.020070694 
