52_Photographers_taketouristphotos_52_80
97
332 512 51 57 0.9941894 
1000 322 9 14 0.269373 
870 262 8 14 0.24675909 
999 283 8 12 0.20926477 
316 607 31 25 0.1397386 
364 364 6 10 0.12572518 
850 298 8 11 0.088253714 
867 285 20 31 0.08050058 
376 368 7 10 0.079596765 
991 291 10 14 0.07783252 
257 361 6 12 0.075262345 
352 364 6 8 0.07448651 
329 367 7 13 0.07064786 
58 313 4 5 0.0676758 
984 272 8 13 0.066531315 
156 59 54 37 0.06558795 
997 270 7 13 0.058955375 
46 314 4 4 0.05855084 
64 313 5 6 0.057042416 
410 366 5 9 0.052460935 
243 361 7 12 0.051068418 
260 362 7 11 0.047422726 
53 314 4 4 0.046995 
998 266 6 9 0.044671528 
392 368 5 8 0.04440002 
873 269 9 14 0.042608116 
949 298 13 14 0.040538684 
51 326 5 6 0.040076047 
45 326 4 6 0.039995957 
290 367 6 10 0.036745813 
900 588 26 30 0.03635857 
917 330 13 11 0.036289312 
52 309 4 5 0.036228467 
835 295 13 12 0.034411434 
246 366 8 12 0.03408083 
238 362 5 10 0.03386571 
58 319 4 5 0.033393558 
77 308 4 6 0.03221085 
70 313 5 6 0.03186846 
998 336 9 11 0.031688422 
626 312 8 7 0.031670477 
76 323 6 7 0.03130253 
986 280 7 13 0.031250104 
989 276 9 13 0.03100522 
849 313 8 7 0.030734476 
46 320 4 5 0.03046799 
331 364 6 9 0.030335898 
432 147 255 465 0.029847383 
141 373 5 8 0.028295923 
51 319 4 6 0.0281669 
58 325 5 6 0.02763289 
222 704 32 64 0.027555062 
396 368 5 8 0.027466169 
46 308 4 5 0.027443795 
77 312 5 7 0.027379699 
867 265 17 27 0.027209625 
857 312 9 10 0.027200291 
305 357 6 8 0.026631182 
991 266 16 25 0.026621265 
58 310 4 4 0.026612377 
40 313 4 5 0.026208881 
200 354 7 14 0.025813377 
907 292 9 9 0.025408963 
77 320 5 6 0.025338247 
229 360 6 13 0.025046099 
906 286 8 8 0.024925085 
65 309 3 4 0.024823975 
692 338 7 6 0.024666093 
443 363 9 10 0.024555448 
736 351 5 6 0.024404407 
404 532 10 13 0.024187738 
750 337 7 7 0.02410043 
795 346 5 5 0.024079043 
321 686 5 10 0.02387908 
692 334 5 5 0.023677139 
649 314 10 10 0.022954708 
72 319 5 6 0.02275696 
39 326 6 6 0.022660015 
289 372 9 12 0.022638533 
761 312 8 9 0.022623304 
359 365 6 7 0.022442717 
65 317 4 6 0.022435572 
801 346 6 5 0.022219632 
684 345 6 6 0.022037929 
843 298 9 10 0.022012394 
873 292 11 17 0.021897985 
869 283 12 18 0.021865545 
332 118 6 13 0.021452263 
53 331 4 5 0.021383978 
39 321 4 5 0.021348612 
965 255 8 16 0.021266004 
27 319 4 7 0.021062057 
626 307 6 5 0.020926256 
916 279 6 9 0.02081304 
798 692 26 32 0.020739203 
27 313 4 6 0.02068528 
321 499 37 52 0.020671718 
