52_Photographers_taketouristphotos_52_266
198
321 388 27 36 0.9966696 
612 446 46 88 0.97493786 
462 374 23 41 0.7979347 
377 340 10 19 0.643118 
245 412 20 42 0.5973045 
286 397 23 34 0.5801792 
659 610 163 255 0.5246233 
97 411 26 50 0.5047502 
354 367 16 27 0.34367064 
349 378 11 20 0.28664362 
449 375 17 29 0.25669304 
311 341 16 29 0.25610787 
440 324 20 21 0.2299879 
413 302 8 12 0.20861126 
232 352 11 19 0.17225908 
697 648 90 135 0.17112379 
389 357 11 16 0.16824688 
412 341 9 12 0.15864757 
433 343 9 12 0.15669411 
540 315 24 24 0.15646358 
233 275 10 23 0.15067495 
397 279 9 11 0.1157728 
121 221 17 25 0.109320745 
309 304 17 24 0.103852734 
615 379 19 35 0.10111116 
410 337 7 10 0.10008186 
469 340 12 18 0.09698765 
450 323 9 11 0.08915639 
314 328 15 26 0.08680549 
140 406 23 42 0.08432243 
421 389 10 16 0.08327466 
441 379 16 27 0.076410025 
586 322 20 29 0.07525116 
637 313 22 28 0.07238854 
493 312 22 27 0.06650632 
175 336 22 31 0.06541279 
281 342 10 17 0.058467597 
280 274 9 14 0.058226243 
451 329 9 12 0.05765371 
417 445 33 58 0.057632603 
414 384 9 18 0.05404966 
167 224 16 23 0.053611096 
117 403 38 49 0.053358175 
382 336 8 15 0.053170428 
233 419 22 40 0.049619943 
297 378 19 38 0.04881524 
375 372 10 17 0.0481682 
815 568 27 45 0.04666932 
391 277 7 10 0.046635132 
590 308 20 25 0.045849584 
579 329 9 13 0.044122342 
183 236 10 17 0.043903124 
369 375 11 17 0.043902382 
409 332 7 8 0.04122052 
281 267 8 12 0.040970717 
545 303 21 24 0.040820505 
176 228 11 19 0.040807325 
715 351 6 7 0.040250313 
540 564 433 342 0.039818384 
461 416 21 40 0.039622143 
276 264 17 25 0.039517388 
847 345 4 5 0.03938287 
431 335 18 23 0.03935524 
399 330 5 8 0.038094297 
371 343 11 17 0.038067494 
397 342 7 11 0.03796304 
830 316 10 15 0.0376091 
468 337 8 13 0.03759288 
451 315 10 14 0.03719349 
404 335 6 10 0.037141006 
438 342 9 12 0.036964055 
412 433 23 47 0.036739398 
596 302 14 14 0.036334716 
340 383 16 29 0.035949778 
644 320 12 14 0.03557423 
407 379 12 18 0.035557244 
543 327 22 31 0.035336178 
623 376 12 19 0.035318576 
190 270 10 19 0.03457907 
809 346 4 5 0.034093138 
594 385 38 50 0.033731595 
165 225 10 14 0.03337203 
444 441 32 60 0.033359714 
265 283 10 13 0.033216212 
428 352 9 15 0.033103906 
360 361 13 20 0.033029128 
177 400 18 30 0.03288559 
432 349 11 17 0.032746863 
396 553 56 75 0.03255955 
465 323 9 13 0.032287564 
183 275 16 27 0.03219226 
555 340 8 12 0.031549055 
388 340 8 13 0.031254057 
587 321 13 15 0.031214094 
745 337 6 7 0.030710855 
357 324 7 10 0.03070898 
873 338 4 7 0.030348126 
781 356 6 6 0.030303178 
870 349 5 7 0.030139651 
424 392 13 20 0.030031968 
789 356 5 6 0.029819975 
404 300 6 10 0.029787315 
724 351 5 6 0.029593714 
112 451 56 62 0.029193364 
349 320 19 25 0.029176801 
614 384 37 49 0.029137556 
745 332 6 7 0.029014967 
352 335 7 9 0.028943537 
883 348 5 7 0.028844748 
867 350 4 6 0.02872637 
573 321 16 25 0.028617194 
285 271 7 12 0.02846089 
140 202 8 11 0.028333534 
522 324 30 44 0.028065236 
161 221 7 9 0.028013306 
353 323 8 11 0.02788378 
306 346 12 18 0.027762173 
184 261 11 18 0.027640259 
788 351 4 6 0.027639745 
428 386 18 25 0.027422708 
477 335 12 16 0.02732563 
125 213 12 16 0.027263038 
350 355 17 26 0.027238343 
316 316 13 21 0.027193213 
550 340 8 11 0.026980054 
787 531 61 88 0.026497675 
859 331 4 7 0.026449341 
391 312 6 10 0.026322264 
72 336 5 11 0.026227556 
872 345 4 7 0.02620141 
460 322 9 13 0.026118431 
72 332 5 9 0.026118077 
401 341 8 12 0.025579602 
711 354 7 9 0.02538004 
788 346 5 5 0.025360016 
787 329 8 10 0.025267499 
899 335 5 9 0.024975447 
562 340 8 13 0.024890961 
824 313 19 29 0.024877355 
176 412 30 50 0.024827097 
568 326 9 16 0.024805875 
384 358 10 16 0.024539348 
782 352 5 6 0.024428567 
259 397 30 47 0.02442576 
553 320 18 29 0.024139531 
334 396 12 19 0.024120245 
207 373 20 33 0.024045719 
352 329 8 10 0.023936225 
962 -27 153 232 0.023819521 
866 346 4 6 0.023779174 
875 311 6 10 0.023598671 
905 98 78 90 0.023372708 
70 362 7 11 0.023230322 
262 274 8 11 0.023165498 
471 363 21 36 0.023131398 
793 331 6 7 0.023120988 
423 354 8 13 0.022990985 
489 317 15 17 0.02295693 
415 324 7 11 0.022870632 
275 340 10 17 0.02278462 
851 325 5 8 0.022755008 
765 -105 312 351 0.022693356 
738 346 4 5 0.022527074 
864 301 7 12 0.022525264 
198 251 336 487 0.022394488 
639 320 10 12 0.022337673 
612 380 13 19 0.022331294 
151 400 29 47 0.022289151 
345 334 8 10 0.022279786 
775 356 7 6 0.022243697 
786 322 10 13 0.022136187 
419 341 8 11 0.022112392 
181 218 11 18 0.021981485 
419 398 12 22 0.021979384 
845 323 7 11 0.02184768 
831 326 7 11 0.0218326 
286 334 17 29 0.021799086 
653 336 6 10 0.021695618 
436 353 17 25 0.021616148 
644 407 10 9 0.021591632 
402 379 10 15 0.021546867 
362 335 16 26 0.021408502 
654 342 5 8 0.021272583 
825 321 10 13 0.02120223 
527 426 31 61 0.021113422 
880 350 4 6 0.021086859 
276 277 8 12 0.02103203 
422 300 6 8 0.020935183 
351 316 9 13 0.020921428 
821 362 8 10 0.020810902 
482 377 21 34 0.02039575 
346 323 8 11 0.020376623 
841 346 4 5 0.020349424 
296 330 19 28 0.020260943 
386 279 5 8 0.020169351 
388 347 9 15 0.020141361 
704 364 5 8 0.020095933 
564 327 16 26 0.020045975 
