52_Photographers_taketouristphotos_52_659
19
246 131 112 150 0.9965836 
279 395 172 217 0.8188805 
300 417 30 32 0.13144176 
176 181 222 441 0.121210575 
893 450 30 59 0.11447362 
504 414 37 39 0.050891686 
293 403 27 33 0.041083798 
535 425 12 19 0.03401656 
534 413 40 51 0.032101568 
506 422 17 15 0.032009017 
554 442 44 55 0.028538214 
235 353 115 137 0.026734766 
709 533 23 31 0.023349255 
495 405 27 23 0.021989811 
564 526 81 107 0.021741085 
563 566 299 356 0.02086492 
126 18 88 110 0.020822026 
573 451 40 61 0.020774698 
522 422 21 23 0.020723667 
