52_Photographers_taketouristphotos_52_123
118
740 265 118 135 0.99856937 
221 136 119 145 0.9965838 
639 213 58 97 0.979931 
961 429 26 32 0.18510886 
946 335 10 15 0.1170916 
924 346 8 12 0.10128981 
980 467 13 22 0.08990767 
984 287 7 14 0.08946534 
944 890 12 16 0.08317718 
924 911 10 17 0.08055283 
979 915 13 22 0.075280726 
906 461 12 18 0.07194454 
967 307 7 13 0.07075899 
910 520 7 12 0.06780508 
941 306 8 14 0.06627653 
984 295 9 18 0.06525413 
1013 824 9 18 0.060890913 
824 277 71 96 0.05860095 
475 565 441 747 0.057662185 
967 299 6 10 0.057448145 
978 1121 9 17 0.054683402 
919 309 7 10 0.05315485 
945 306 10 17 0.05306799 
983 353 12 17 0.051512633 
974 865 12 15 0.050832644 
969 422 18 22 0.04970327 
907 899 10 17 0.049267955 
942 995 11 17 0.047939003 
906 337 8 11 0.045930535 
900 558 9 14 0.04567134 
941 300 6 10 0.045542024 
936 891 13 16 0.042914923 
911 318 6 9 0.042237144 
915 464 16 19 0.042191066 
901 336 9 15 0.041578043 
956 438 15 19 0.03988618 
972 458 25 46 0.039062664 
925 355 9 13 0.03806953 
930 330 6 9 0.037585784 
1018 270 5 11 0.035819262 
708 1157 198 211 0.03530443 
916 895 8 13 0.0345376 
918 991 7 11 0.034521505 
934 1006 13 17 0.033730075 
908 328 7 9 0.033475857 
968 314 7 12 0.03330252 
950 884 11 18 0.03269207 
976 458 12 21 0.03241872 
962 860 14 19 0.03213179 
921 213 14 26 0.032025 
941 314 7 12 0.031946152 
945 441 9 13 0.03188475 
997 497 10 17 0.031794056 
963 345 8 14 0.031284586 
966 336 7 13 0.031221734 
910 526 8 12 0.03119355 
928 338 7 10 0.031007987 
1017 275 7 14 0.030921875 
938 359 7 11 0.030825702 
977 309 7 12 0.03051465 
950 291 5 8 0.03001344 
613 227 54 90 0.029557781 
897 1096 12 18 0.028615931 
981 288 6 11 0.028057525 
937 902 10 15 0.028002638 
963 355 9 13 0.027846055 
905 362 9 13 0.027616404 
716 280 27 49 0.02736311 
957 298 6 11 0.02713679 
918 903 9 15 0.02713419 
910 452 9 14 0.02685253 
400 1430 25 17 0.026610166 
901 856 8 12 0.02645712 
902 517 7 10 0.025569087 
1013 505 8 16 0.025350038 
979 357 9 13 0.024955982 
918 316 7 11 0.024927119 
886 944 10 15 0.024866862 
956 314 8 13 0.024735034 
574 925 459 599 0.024390697 
922 182 7 12 0.024375213 
1017 161 7 15 0.024182718 
986 315 7 10 0.02395365 
916 452 10 14 0.023910988 
899 511 9 14 0.023717953 
927 316 7 11 0.023651464 
929 895 9 13 0.023445304 
919 581 7 11 0.023429638 
979 298 7 12 0.023385452 
909 581 7 12 0.023372335 
937 981 8 12 0.023239711 
930 1003 10 15 0.023219688 
969 291 5 9 0.023147276 
911 309 6 9 0.02280984 
981 486 15 25 0.022487441 
997 297 8 16 0.022445729 
946 357 7 11 0.022307394 
1015 712 7 14 0.022054406 
919 521 8 12 0.021896923 
966 328 8 11 0.021848716 
908 300 6 9 0.021815386 
930 289 6 10 0.021808628 
949 299 6 11 0.021801267 
927 864 8 11 0.021785881 
910 887 9 13 0.021113697 
901 355 10 13 0.021022797 
902 423 30 44 0.020831756 
903 297 6 10 0.020729514 
966 555 8 14 0.020691639 
990 352 11 18 0.020671865 
1016 1038 7 15 0.020634623 
977 972 8 15 0.020579172 
898 450 23 37 0.020505922 
891 512 9 12 0.020425785 
900 933 9 14 0.02030382 
889 994 7 10 0.020259745 
900 529 7 11 0.020239614 
889 866 8 15 0.020098113 
