52_Photographers_photographertakingphoto_52_358
309
407 183 108 129 0.9624545 
197 606 8 13 0.28254753 
588 270 29 42 0.2526969 
556 505 35 47 0.19039287 
670 219 13 20 0.16526078 
229 667 10 16 0.15198907 
181 144 7 13 0.14951248 
625 183 19 25 0.14910848 
533 528 26 30 0.14101782 
258 650 16 26 0.13483651 
175 600 11 12 0.12563701 
739 59 19 33 0.12339626 
222 166 8 14 0.12328817 
213 592 11 13 0.12184551 
192 607 8 12 0.11631514 
134 611 9 14 0.11129916 
147 614 9 13 0.09644697 
159 137 9 14 0.095424436 
843 128 9 19 0.093595 
250 583 23 23 0.091491 
142 583 7 11 0.088774994 
140 89 5 11 0.08810455 
677 365 11 20 0.07891652 
357 620 8 14 0.0759431 
330 653 13 23 0.07499143 
139 157 7 15 0.06668829 
196 629 11 18 0.06616474 
160 605 8 10 0.064688005 
152 664 9 15 0.0644823 
151 126 7 13 0.063131586 
56 462 8 12 0.059715394 
927 414 7 15 0.05940367 
218 63 6 8 0.05707836 
969 641 10 17 0.057014562 
799 123 9 16 0.055872053 
840 105 11 20 0.055866536 
862 383 5 13 0.055633772 
175 610 10 11 0.054859366 
149 101 6 13 0.05387596 
269 589 12 14 0.053115565 
333 607 7 11 0.05302974 
185 606 8 11 0.049098764 
184 600 9 11 0.04896008 
709 215 10 20 0.04803229 
970 212 10 18 0.04781184 
864 390 7 17 0.046990633 
908 628 9 13 0.046374008 
324 648 9 14 0.046331808 
698 335 15 34 0.043987937 
163 134 9 14 0.04378833 
887 125 14 25 0.043538325 
152 106 6 10 0.043537255 
602 282 24 33 0.042977493 
331 646 10 16 0.042920966 
863 131 7 14 0.042827375 
420 63 7 11 0.042634033 
733 583 8 16 0.042282872 
155 90 5 10 0.042105958 
244 609 8 11 0.0419103 
190 600 7 10 0.04126792 
902 83 14 29 0.04027787 
820 159 8 20 0.040136706 
1004 593 18 26 0.040135276 
246 567 39 46 0.039733667 
756 322 20 39 0.03948025 
206 593 8 12 0.039245084 
161 157 8 15 0.039030302 
663 204 16 30 0.03830518 
876 638 6 11 0.038172547 
362 620 6 12 0.038136408 
164 612 20 26 0.03759326 
1018 216 7 12 0.03759276 
364 609 5 9 0.03744402 
170 628 8 11 0.03717706 
1018 596 15 24 0.037082396 
196 621 8 12 0.036746543 
1018 208 7 14 0.03662779 
116 459 8 14 0.03662274 
963 24 11 18 0.03652862 
1018 24 7 12 0.03639447 
545 518 28 32 0.035497803 
299 605 9 14 0.035233893 
844 551 8 18 0.03500487 
1027 258 14 28 0.03491008 
359 616 7 11 0.034881115 
201 651 15 25 0.03482586 
243 653 9 16 0.034748185 
593 629 7 13 0.034121156 
279 666 11 20 0.034095258 
384 631 8 14 0.03391131 
167 89 6 8 0.033889655 
163 603 7 9 0.033869676 
817 48 9 18 0.033473592 
690 393 16 32 0.03342137 
844 370 6 12 0.033376284 
501 51 6 8 0.03325238 
937 649 10 19 0.033054125 
149 666 7 12 0.032763273 
613 202 9 11 0.0326445 
877 392 9 21 0.032634642 
142 601 6 9 0.032510355 
371 607 7 11 0.032272685 
164 153 8 14 0.032165065 
965 214 10 21 0.03205245 
845 409 8 18 0.031079285 
159 96 5 10 0.030833932 
149 96 5 9 0.030828932 
160 108 6 11 0.030795697 
1019 255 13 29 0.030385047 
177 71 6 9 0.030134851 
572 627 6 11 0.029942181 
318 661 9 16 0.029575918 
1018 587 8 14 0.029389132 
223 161 6 11 0.02936525 
362 615 6 9 0.029356167 
886 48 19 30 0.02935029 
546 532 13 19 0.029340414 
353 625 8 14 0.029266559 
1010 179 7 14 0.02906651 
293 603 9 15 0.028868373 
148 83 5 10 0.028662015 
413 660 11 17 0.028610643 
305 611 8 13 0.028590994 
133 663 7 13 0.028490186 
153 157 7 13 0.028476993 
373 663 14 16 0.028367616 
352 645 8 11 0.02804836 
214 601 11 15 0.028022958 
1030 671 16 28 0.027901249 
11 208 10 14 0.02773924 
199 597 6 11 0.027737768 
11 666 8 14 0.027597181 
362 625 8 15 0.0275834 
890 186 8 20 0.027488545 
160 102 5 10 0.027354343 
234 235 25 32 0.02734802 
832 385 7 17 0.027249869 
0 465 4 12 0.027201092 
191 630 9 16 0.027186655 
168 76 6 8 0.027104184 
985 582 7 12 0.02699988 
165 613 10 11 0.02690965 
800 506 10 17 0.026853476 
879 665 14 16 0.026791658 
1004 319 5 10 0.026743481 
206 101 5 11 0.026701586 
995 580 8 14 0.026673334 
154 138 8 13 0.02658274 
1019 557 6 11 0.026580915 
92 602 13 16 0.026560426 
274 53 5 9 0.026282622 
170 620 8 10 0.026133642 
619 187 14 16 0.026087955 
173 97 5 8 0.025989491 
1019 339 6 11 0.025861777 
162 602 16 20 0.02563345 
755 37 7 14 0.025631955 
440 651 9 18 0.025616867 
154 83 6 10 0.025573632 
748 49 7 13 0.02550232 
616 283 24 31 0.025415944 
159 611 9 11 0.025382739 
798 55 10 19 0.025334178 
1011 562 7 9 0.025267625 
301 666 9 15 0.025170634 
128 85 5 7 0.02506017 
576 254 28 31 0.025046285 
0 384 6 15 0.025024474 
344 630 8 12 0.024860146 
976 223 29 51 0.024855424 
187 612 6 9 0.024837796 
185 642 8 14 0.024833849 
145 114 7 11 0.024785547 
787 54 8 13 0.024730975 
324 21 6 8 0.024718845 
957 13 15 24 0.024671618 
618 195 10 14 0.024620347 
198 57 36 41 0.024557078 
159 121 6 9 0.024486043 
1009 592 8 12 0.02446117 
773 542 9 19 0.024405759 
141 86 5 9 0.024321413 
321 24 6 10 0.024298945 
224 602 9 10 0.02425258 
760 41 8 20 0.0241713 
846 378 7 18 0.024088703 
655 170 16 28 0.023980532 
172 589 6 7 0.02395453 
179 651 7 13 0.023945412 
140 581 14 21 0.023889363 
123 172 6 13 0.023759458 
210 64 6 8 0.023732798 
147 120 6 11 0.023662264 
0 653 7 17 0.023612587 
40 646 5 9 0.023592643 
715 143 10 17 0.023583477 
141 183 7 15 0.023509255 
874 18 33 51 0.023495445 
605 208 10 12 0.023482386 
165 620 9 10 0.023470482 
162 598 5 7 0.023445334 
172 76 6 8 0.023443803 
359 88 9 14 0.023341091 
416 633 5 10 0.023319336 
1017 196 14 25 0.023313003 
754 266 20 40 0.023297941 
126 121 6 11 0.02328548 
593 424 38 65 0.023282353 
0 378 5 12 0.023216093 
327 610 6 9 0.023179142 
735 239 17 38 0.023178136 
1003 242 15 32 0.023149075 
804 53 9 20 0.02297874 
332 638 10 15 0.022977674 
1030 239 14 29 0.022879973 
206 59 6 8 0.022787511 
1018 523 9 14 0.022780057 
244 602 7 10 0.0227434 
806 105 9 17 0.022682562 
735 657 8 15 0.022682281 
153 145 7 13 0.022629453 
660 396 21 46 0.022626689 
4 653 16 24 0.02255129 
166 164 7 14 0.022530446 
781 65 7 12 0.022441965 
909 67 8 17 0.02242506 
346 595 5 9 0.022396492 
879 96 9 18 0.022317866 
129 90 5 9 0.02226882 
166 597 5 8 0.02222722 
164 645 10 16 0.02220971 
878 375 5 10 0.022048935 
1017 481 10 18 0.022012752 
649 162 12 17 0.021942558 
174 584 5 7 0.021879205 
746 56 9 18 0.021859035 
360 609 6 9 0.021851394 
145 601 6 8 0.02183206 
748 434 10 19 0.021820668 
222 595 8 10 0.021809403 
265 594 14 16 0.021782987 
166 107 7 12 0.021764262 
1004 595 9 13 0.021756798 
723 213 16 31 0.021740468 
389 621 5 8 0.021715382 
287 630 8 14 0.021656748 
549 664 6 12 0.021653943 
1019 314 5 9 0.021644171 
290 86 9 18 0.021620568 
1019 165 6 11 0.021604413 
301 633 16 28 0.021569 
1010 332 4 8 0.021553114 
235 590 8 10 0.021551676 
357 593 7 11 0.021537293 
136 90 5 10 0.021521432 
136 95 5 9 0.021410508 
705 658 6 12 0.02135681 
826 431 13 33 0.021350686 
826 172 8 19 0.021332 
172 103 6 10 0.021320272 
694 95 37 79 0.02131126 
329 557 18 23 0.02129824 
684 42 8 16 0.021279523 
850 430 7 15 0.021256754 
991 57 7 13 0.021242863 
984 54 8 14 0.02123732 
170 634 10 14 0.021230834 
1018 556 16 24 0.021221219 
372 57 6 9 0.021219142 
805 166 14 32 0.021189291 
391 52 4 7 0.021141566 
159 113 7 12 0.02113673 
847 367 4 11 0.02111319 
1024 582 21 39 0.021094883 
36 670 8 14 0.021083016 
184 651 9 16 0.021068027 
-28 520 332 367 0.021003153 
340 95 6 10 0.020963814 
1019 645 15 25 0.020879528 
121 96 6 11 0.020858763 
711 173 15 31 0.02080849 
607 408 32 57 0.020779986 
322 659 12 18 0.020773109 
129 95 5 10 0.020729477 
690 318 34 66 0.020711644 
308 564 19 25 0.020678177 
622 178 13 17 0.020590378 
377 54 4 7 0.020560369 
390 57 5 9 0.020477671 
375 57 6 9 0.020456124 
1012 5 4 7 0.020441797 
912 482 8 14 0.020430205 
165 271 42 53 0.020421753 
147 89 5 10 0.020402078 
172 597 9 11 0.020385593 
84 360 7 14 0.020366317 
738 645 6 11 0.020344213 
926 636 8 13 0.020334205 
785 59 16 25 0.020242289 
198 652 9 18 0.020149102 
279 657 8 15 0.020120488 
391 47 4 7 0.020094354 
187 234 32 54 0.020087164 
359 585 4 7 0.020083273 
1019 577 15 25 0.020072106 
159 127 6 12 0.020072062 
350 178 12 15 0.02006464 
909 55 14 26 0.020034598 
524 519 6 11 0.02001662 
