52_Photographers_photographertakingphoto_52_635
35
219 126 24 31 0.9999149 
128 329 78 94 0.99945694 
258 121 29 38 0.9992101 
362 345 67 91 0.99907136 
799 286 14 21 0.9201545 
750 282 11 19 0.83073217 
245 233 26 30 0.096623346 
171 193 7 7 0.04799066 
138 198 24 33 0.047364794 
657 364 13 13 0.046501014 
164 190 22 22 0.035052117 
744 283 8 15 0.031248383 
789 105 84 101 0.03049626 
972 353 8 13 0.028187344 
331 477 25 30 0.026727842 
166 188 5 6 0.026653014 
863 153 22 35 0.026599105 
674 362 12 13 0.026513215 
127 482 52 52 0.025877135 
176 192 7 8 0.025553908 
165 191 8 8 0.024906278 
826 640 4 6 0.024355931 
836 293 11 16 0.024243921 
850 350 5 8 0.022065459 
505 256 9 15 0.022050487 
965 331 6 7 0.022039564 
837 284 10 16 0.022032382 
873 146 6 8 0.022032347 
665 360 18 21 0.021974657 
76 248 43 63 0.021598559 
767 335 11 15 0.021301223 
269 285 23 25 0.020679744 
974 331 5 7 0.020497752 
95 20 163 175 0.020220555 
851 331 5 6 0.020107225 
