52_Photographers_photographertakingphoto_52_695
47
595 143 171 217 0.9990231 
181 171 55 87 0.9709317 
972 189 21 35 0.60372055 
916 180 53 86 0.19356866 
775 78 19 25 0.19001782 
748 53 11 16 0.16909643 
928 154 29 46 0.1064538 
761 31 12 15 0.089029625 
123 173 57 81 0.08520141 
311 166 56 81 0.08002022 
892 894 24 30 0.07800803 
776 58 16 17 0.07321081 
979 179 16 30 0.07182628 
455 207 55 90 0.071639135 
297 278 98 154 0.06671402 
758 58 15 20 0.06256101 
764 43 13 18 0.056308605 
741 56 15 18 0.046947043 
710 34 14 17 0.044302177 
137 145 60 69 0.04272883 
760 65 27 32 0.042562965 
858 193 29 52 0.040172458 
718 15 13 16 0.03878261 
277 188 68 85 0.03789952 
490 0 38 36 0.034989983 
182 153 42 54 0.034970023 
747 61 26 31 0.034686614 
952 177 42 62 0.033738855 
872 100 12 15 0.033559505 
890 814 23 45 0.03249083 
333 583 28 46 0.030424185 
858 197 55 84 0.027143434 
276 143 27 41 0.025805494 
345 141 30 53 0.025432436 
781 44 12 17 0.024313051 
277 142 55 79 0.023978202 
281 146 11 16 0.023401182 
676 49 16 17 0.023228947 
860 38 17 25 0.023227077 
667 8 11 12 0.022558691 
689 463 201 276 0.022522412 
709 95 30 47 0.022182852 
756 25 23 31 0.021918232 
562 -1 40 20 0.02122302 
713 22 13 17 0.020779628 
607 0 20 11 0.02041953 
981 185 24 42 0.020110799 
