52_Photographers_photographertakingphoto_52_316
20
789 123 114 148 0.99921143 
120 122 94 136 0.9976901 
461 219 163 250 0.9959337 
711 205 51 121 0.2972799 
953 302 47 48 0.11155642 
929 415 81 102 0.08698584 
154 352 17 25 0.06703007 
776 271 103 76 0.056404546 
981 300 44 67 0.035930056 
192 266 79 98 0.034231994 
249 230 25 36 0.033988457 
162 193 10 14 0.03286391 
230 303 40 58 0.031557254 
972 392 62 98 0.026631428 
775 503 99 133 0.024637366 
176 350 21 25 0.024252504 
177 365 12 21 0.02183534 
450 55 321 383 0.021570036 
841 212 11 14 0.020814732 
828 307 29 27 0.020732211 
