52_Photographers_photographertakingphoto_52_30
35
308 265 64 94 0.9087268 
414 518 51 43 0.053827442 
290 272 52 57 0.047926802 
911 137 12 14 0.044622622 
369 264 7 11 0.043493904 
911 337 11 12 0.039156854 
877 137 10 15 0.03623005 
844 464 39 40 0.033195663 
351 264 70 104 0.03308074 
832 137 11 13 0.032762937 
832 533 10 10 0.03272888 
159 136 12 16 0.028391937 
553 138 12 12 0.028171446 
146 533 9 11 0.027748259 
405 52 367 335 0.027201522 
115 137 11 13 0.02702561 
292 354 7 9 0.026814362 
780 667 9 14 0.02616784 
385 253 70 103 0.025738308 
451 298 21 38 0.025374081 
727 581 31 21 0.024846824 
845 139 11 15 0.024799135 
354 420 399 396 0.024786469 
376 432 23 33 0.023999235 
763 574 19 12 0.023307178 
114 536 11 10 0.023195034 
408 227 18 25 0.022433648 
333 303 32 48 0.022293674 
474 135 11 12 0.022149479 
203 247 26 33 0.022125073 
705 580 59 38 0.021703435 
538 589 34 32 0.021602614 
832 15 42 50 0.021563007 
942 132 21 24 0.021350045 
734 554 27 18 0.02031476 
