52_Photographers_photographertakingphoto_52_84
17
310 61 74 156 0.13168763 
194 33 362 398 0.07995647 
271 191 39 73 0.06419453 
295 181 43 76 0.056446362 
455 582 75 102 0.033418547 
826 382 46 57 0.0330962 
112 162 46 56 0.031669263 
612 113 45 55 0.03097047 
842 357 45 57 0.028475318 
803 405 46 55 0.02633588 
330 169 44 64 0.025767416 
136 126 45 55 0.025515867 
572 175 46 56 0.02506215 
404 198 82 82 0.024633432 
245 436 104 167 0.023714582 
372 161 81 92 0.02190696 
290 95 139 209 0.021782098 
