52_Photographers_taketouristphotos_52_661
27
322 196 36 39 0.9917523 
745 334 13 19 0.3432807 
870 393 27 32 0.31834224 
786 337 19 24 0.20250048 
907 369 8 15 0.09796836 
623 433 126 158 0.07673193 
867 401 14 18 0.051097944 
843 352 10 15 0.049542733 
789 320 32 38 0.046568226 
815 284 10 12 0.04583163 
905 374 5 9 0.04500802 
912 368 7 12 0.039041832 
741 330 10 14 0.032006983 
903 378 7 11 0.030764626 
291 325 13 17 0.030242322 
873 392 14 20 0.027720693 
874 422 36 56 0.027193585 
374 312 4 9 0.026706703 
824 278 8 10 0.025440162 
814 289 7 11 0.024985949 
496 342 100 95 0.02438536 
247 421 42 48 0.024139259 
864 380 48 66 0.022731964 
816 283 17 23 0.02260015 
721 300 8 14 0.022411857 
843 308 19 26 0.021606375 
675 467 26 22 0.02151433 
