52_Photographers_photographertakingphoto_52_228
34
341 153 38 45 0.9987218 
530 189 29 39 0.9962763 
593 162 33 41 0.99074733 
471 144 33 40 0.9733108 
388 163 33 45 0.9620035 
772 87 32 56 0.9174708 
451 548 33 23 0.0948477 
421 313 8 18 0.057884272 
418 386 37 39 0.055058595 
415 282 8 12 0.04584604 
358 345 18 27 0.042986438 
415 290 15 34 0.038227938 
254 351 297 367 0.036095224 
416 308 15 31 0.034543693 
742 121 31 46 0.034501724 
317 175 16 31 0.030098284 
791 71 46 70 0.028468186 
366 162 24 35 0.028467102 
419 283 7 11 0.02836655 
348 284 13 19 0.027701687 
471 296 29 42 0.027679756 
420 288 7 14 0.027121205 
495 156 19 29 0.02483254 
739 118 20 31 0.023557916 
391 165 18 21 0.022707745 
752 92 34 55 0.022478968 
142 439 2 4 0.022420352 
421 296 8 17 0.022007275 
762 115 6 10 0.02174792 
355 290 9 17 0.021062074 
51 277 4 6 0.020584831 
431 366 10 15 0.020302054 
123 434 3 3 0.02024366 
739 122 10 14 0.020156534 
