52_Photographers_photographertakingphoto_52_568
35
413 328 337 449 0.99915767 
793 1182 122 206 0.39019516 
511 1373 14 25 0.08487146 
341 969 293 253 0.068884306 
210 857 153 214 0.06701595 
243 1278 11 11 0.044608142 
553 1370 31 41 0.037189063 
731 1267 12 11 0.034535766 
251 1376 7 11 0.034342103 
235 1373 6 12 0.03214879 
247 1384 8 12 0.031663023 
414 1069 10 11 0.0296292 
723 1272 8 8 0.028061336 
235 1368 7 10 0.026881559 
732 1263 35 36 0.02546885 
236 1410 9 15 0.025439208 
211 1474 4 6 0.02512255 
239 1385 7 11 0.02430607 
229 1482 4 6 0.024043918 
159 1375 6 9 0.02398233 
256 1290 7 8 0.023851976 
508 1384 13 22 0.023444692 
169 1392 7 10 0.022844035 
245 1288 8 8 0.022332428 
720 1276 13 13 0.02191588 
694 1313 39 45 0.021757394 
134 1480 4 8 0.021670774 
268 1492 4 6 0.021616967 
284 1330 28 41 0.021449897 
253 1379 9 15 0.02120722 
266 1381 8 13 0.021042094 
277 1493 4 6 0.020580243 
227 1385 7 11 0.020576285 
503 1001 24 17 0.02039991 
174 1462 4 7 0.020250995 
