29_Students_Schoolkids_Students_Schoolkids_29_494
115
354 244 50 56 0.9985923 
282 31 43 43 0.9913523 
295 320 57 69 0.9912513 
437 161 22 30 0.99078745 
784 127 31 40 0.98140866 
717 129 30 47 0.9812548 
383 166 32 34 0.9769762 
464 156 30 35 0.97645366 
825 134 20 26 0.956712 
542 146 25 35 0.914236 
279 571 61 46 0.88719153 
861 142 27 28 0.75992674 
909 142 25 28 0.742055 
894 132 19 30 0.68323743 
656 139 21 37 0.5555116 
203 344 41 59 0.50402796 
351 159 24 34 0.43106106 
606 192 20 48 0.35736522 
173 303 33 52 0.32923177 
674 239 28 44 0.19023646 
354 411 24 43 0.17740084 
502 143 17 26 0.17620984 
668 143 32 46 0.17101285 
264 297 30 51 0.13618915 
491 242 25 41 0.13112454 
620 201 24 40 0.11564042 
389 289 32 51 0.11124027 
363 160 33 41 0.11062607 
763 127 30 41 0.11003631 
507 155 20 26 0.0913613 
626 149 20 31 0.09089418 
0 378 66 172 0.08896992 
187 335 36 61 0.08888827 
590 166 22 38 0.08705261 
569 250 43 57 0.08382591 
3 366 30 77 0.0835842 
370 427 28 46 0.07949957 
553 249 26 28 0.066909075 
657 278 13 16 0.06680917 
64 117 73 111 0.06603804 
615 137 18 32 0.06239133 
469 239 27 45 0.061917495 
568 162 27 43 0.06030788 
696 140 23 42 0.05863887 
222 340 49 72 0.058389805 
516 148 18 28 0.056099337 
636 131 18 26 0.054679547 
974 107 17 26 0.052437525 
371 184 43 51 0.051250815 
690 240 32 44 0.051071923 
663 215 27 48 0.050481398 
532 207 14 15 0.04801729 
428 163 18 31 0.04620561 
244 317 39 59 0.0456035 
558 165 20 31 0.04535219 
363 397 33 55 0.043278653 
537 158 19 31 0.042082347 
509 168 19 27 0.041515227 
403 167 18 29 0.040149696 
593 251 25 37 0.03752745 
652 146 10 19 0.036121245 
607 200 10 23 0.035885043 
639 189 30 53 0.03517147 
589 197 22 42 0.03494843 
875 131 18 33 0.034087904 
669 178 30 52 0.033861395 
478 54 11 15 0.033220697 
309 38 26 31 0.032708004 
528 306 10 12 0.03193234 
191 299 42 58 0.031924047 
799 79 8 11 0.030161921 
923 135 14 22 0.029693335 
285 338 13 20 0.028659144 
523 160 18 28 0.028496576 
581 386 40 57 0.028336437 
835 158 20 32 0.02811642 
482 158 20 29 0.027920835 
246 216 35 41 0.027821572 
283 462 26 44 0.027599394 
529 168 9 15 0.027289828 
605 213 31 56 0.02682397 
286 301 43 61 0.026793951 
707 151 11 22 0.02604246 
733 54 11 12 0.026021935 
495 165 11 18 0.025983434 
229 660 11 17 0.025677267 
477 140 24 30 0.025464322 
97 428 26 35 0.025439546 
520 302 20 23 0.025313899 
536 154 10 18 0.02473969 
681 268 46 61 0.024229154 
597 414 23 43 0.024076704 
536 166 10 16 0.02373209 
793 79 8 11 0.023392586 
625 212 33 54 0.0231642 
883 220 10 14 0.023156386 
913 119 31 38 0.023109902 
151 271 30 32 0.02292927 
703 264 25 36 0.022424825 
708 232 23 43 0.022292186 
962 80 18 28 0.022276806 
358 150 29 27 0.022142477 
417 158 17 30 0.02203438 
638 143 21 34 0.021852588 
552 347 74 115 0.021386607 
316 443 26 35 0.02136414 
226 414 33 65 0.021075875 
363 216 47 57 0.021050718 
649 83 22 21 0.02104944 
248 283 10 17 0.021000355 
744 134 23 38 0.020713959 
631 311 10 18 0.02069858 
604 257 12 22 0.020674374 
881 82 11 15 0.020131867 
120 486 62 103 0.020072248 
