29_Students_Schoolkids_Students_Schoolkids_29_74
25
593 255 218 237 0.9998933 
277 283 185 188 0.9998016 
917 84 29 42 0.26266032 
994 25 19 33 0.2131734 
197 248 85 131 0.13861874 
82 0 15 23 0.08494179 
1004 371 35 68 0.079361185 
331 189 300 395 0.07441429 
28 3 11 13 0.049419723 
112 3 9 13 0.043694746 
862 56 23 31 0.038410638 
254 2 49 40 0.036634684 
195 292 47 71 0.032530747 
578 3 9 14 0.029948095 
103 2 10 14 0.027772978 
120 67 8 14 0.026071543 
120 16 7 13 0.024219794 
484 2 6 9 0.023212446 
100 37 9 20 0.022728516 
48 286 18 31 0.022592977 
49 568 9 14 0.021926226 
504 4 6 9 0.02155664 
626 19 17 26 0.021204099 
1051 66 30 57 0.020420872 
92 6 10 17 0.020363282 
