29_Students_Schoolkids_Students_Schoolkids_29_222
150
655 198 92 125 0.99980146 
536 271 46 66 0.9996828 
253 151 118 143 0.9995704 
738 164 95 168 0.99738795 
55 32 86 174 0.9956741 
310 442 8 11 0.16441557 
262 428 9 9 0.14282885 
38 337 22 40 0.12182459 
235 428 9 10 0.1143854 
225 456 9 11 0.085584216 
236 451 8 9 0.0786581 
260 413 9 8 0.07846128 
295 452 8 11 0.07444342 
244 441 9 9 0.07241509 
165 456 8 10 0.07113088 
256 416 8 9 0.065877 
169 453 9 11 0.0638576 
224 418 8 9 0.061989594 
242 450 9 9 0.060637712 
253 437 8 8 0.05522361 
215 437 9 8 0.055178538 
286 403 10 8 0.05394648 
314 405 8 7 0.052950416 
224 436 8 9 0.05197138 
311 447 8 11 0.051614854 
293 423 9 8 0.051258966 
255 430 7 8 0.049293704 
369 -118 350 369 0.046482645 
281 405 8 7 0.04643727 
243 418 9 8 0.04626509 
327 423 7 8 0.04609768 
218 404 7 7 0.045799326 
244 410 8 8 0.044630907 
306 419 7 8 0.044235937 
253 399 9 8 0.043371063 
312 417 8 9 0.04316963 
222 387 7 7 0.04204311 
305 404 9 7 0.04202443 
331 399 7 7 0.04196028 
241 424 8 8 0.040499248 
312 411 10 8 0.039855227 
305 423 8 8 0.039805893 
251 360 7 8 0.03848634 
218 387 7 7 0.03819057 
308 438 7 9 0.037951186 
233 436 8 9 0.037598297 
315 455 6 9 0.037377276 
266 454 8 9 0.03723449 
275 412 8 7 0.037053928 
332 430 7 8 0.036893055 
229 385 8 8 0.036318712 
330 393 7 6 0.035639886 
216 425 8 7 0.035252612 
210 435 8 9 0.03522282 
287 449 7 10 0.035148144 
332 424 7 8 0.03511624 
325 438 6 8 0.034630954 
299 431 8 8 0.034093447 
294 430 8 8 0.033957236 
217 390 6 7 0.033259463 
333 437 6 7 0.033220466 
255 387 8 8 0.032934275 
288 380 9 8 0.031772595 
357 451 8 9 0.031545427 
253 472 11 11 0.031523313 
252 647 43 56 0.03145287 
326 398 8 6 0.031185172 
255 442 7 8 0.03116757 
255 379 8 7 0.031086473 
293 411 10 8 0.03040835 
203 431 9 8 0.03023709 
250 398 7 8 0.029969782 
248 468 10 11 0.029590877 
256 374 7 7 0.02943209 
264 434 11 11 0.029337721 
241 471 10 13 0.029090969 
265 412 9 8 0.028594906 
256 456 7 8 0.028521558 
345 435 7 8 0.028427605 
325 443 6 8 0.028046371 
246 456 9 9 0.027888032 
287 384 9 8 0.02782022 
261 406 9 7 0.027757408 
237 359 8 9 0.027383396 
235 419 8 7 0.026425384 
3 325 33 77 0.026303725 
320 450 5 8 0.025877405 
300 425 7 7 0.025822802 
319 443 7 9 0.025790783 
248 374 7 7 0.025558822 
216 431 7 7 0.025335547 
223 380 6 7 0.025292406 
216 441 10 9 0.025273753 
235 364 9 10 0.025265291 
265 460 11 11 0.025116965 
209 423 8 7 0.025048358 
81 310 10 17 0.025003737 
265 405 9 8 0.024772143 
128 373 9 10 0.024554623 
273 453 8 11 0.024350833 
228 432 9 8 0.024301346 
339 437 6 7 0.024034968 
321 437 6 8 0.023873854 
247 462 10 10 0.02375294 
337 423 7 7 0.023702588 
382 460 7 11 0.02366979 
286 393 9 7 0.023390438 
318 400 7 7 0.023291454 
299 436 8 9 0.023287632 
326 411 8 8 0.023159612 
254 391 7 7 0.023100633 
234 397 9 10 0.022944763 
254 462 7 8 0.022941537 
249 379 7 7 0.022814007 
222 391 7 7 0.022713779 
595 203 315 442 0.022702321 
261 451 9 8 0.022700433 
346 289 18 29 0.022667075 
229 451 8 9 0.02263156 
223 464 10 12 0.022607833 
290 405 10 9 0.022558322 
247 438 9 8 0.022538936 
204 419 8 8 0.022286747 
203 423 9 8 0.022064306 
919 242 69 111 0.022027545 
223 441 9 9 0.021966303 
274 416 8 9 0.02195333 
333 419 6 8 0.02182185 
267 399 9 7 0.021804903 
237 392 7 8 0.021776535 
223 432 9 8 0.021515097 
260 380 8 7 0.021475857 
325 455 7 9 0.021439753 
261 399 8 7 0.021352181 
250 430 6 8 0.021328278 
46 347 13 21 0.021290183 
353 404 6 9 0.021113299 
307 394 7 6 0.02110814 
338 397 9 9 0.020821262 
286 445 8 8 0.020606067 
248 406 7 8 0.020591777 
326 406 7 7 0.02049995 
314 401 7 6 0.020471407 
234 443 8 8 0.02036101 
325 450 6 8 0.020284941 
26 61 69 139 0.020273281 
256 425 8 9 0.020130565 
208 404 8 9 0.0201056 
235 403 8 9 0.02007527 
255 405 8 8 0.020012135 
