29_Students_Schoolkids_Students_Schoolkids_29_130
111
104 263 50 60 0.9959084 
378 165 39 57 0.99329376 
241 241 33 36 0.9577222 
610 428 41 60 0.83423555 
533 243 28 42 0.6448337 
376 241 25 24 0.61934525 
343 561 19 23 0.5862165 
305 222 18 24 0.2567641 
308 547 10 15 0.23860992 
30 303 19 39 0.21830833 
15 234 12 19 0.21768264 
680 507 29 50 0.1691351 
42 250 10 17 0.13663849 
325 205 10 18 0.13044201 
224 274 24 44 0.10727286 
250 289 36 45 0.105377056 
483 208 12 22 0.10459232 
161 263 19 28 0.099478826 
-1 261 25 62 0.09728633 
418 505 23 48 0.08987547 
594 398 48 61 0.088335976 
12 276 28 61 0.07363724 
326 250 15 29 0.067782775 
352 198 7 12 0.06607262 
388 119 10 14 0.06310075 
187 409 57 130 0.062366813 
662 10 14 16 0.061555106 
0 329 17 36 0.055908702 
574 507 38 65 0.052106883 
1015 279 11 22 0.051615145 
319 208 10 14 0.051162098 
54 253 28 40 0.048199143 
460 406 19 29 0.045349836 
299 235 31 48 0.04384631 
29 595 19 26 0.04368638 
380 570 21 25 0.043578576 
225 235 62 68 0.041515082 
78 220 13 16 0.04107547 
336 226 17 28 0.040804945 
987 671 17 29 0.04067424 
50 233 9 12 0.040062413 
0 559 16 31 0.039730806 
353 225 9 15 0.03970721 
604 447 23 47 0.039565224 
287 258 33 50 0.037544843 
322 227 10 17 0.037455488 
661 654 104 108 0.037425905 
10 240 11 19 0.0367124 
164 452 20 43 0.03627376 
708 479 23 39 0.036108423 
464 506 39 65 0.035772767 
516 184 22 40 0.035449207 
585 34 9 13 0.03419418 
657 73 37 57 0.034129456 
704 7 13 14 0.03350401 
337 500 21 29 0.03307902 
701 100 18 30 0.031484 
330 232 15 29 0.03147629 
874 577 27 32 0.031047156 
5 247 9 16 0.030779188 
139 213 10 15 0.030543488 
169 260 10 17 0.030293494 
154 414 34 90 0.029360052 
0 335 8 21 0.029122937 
325 548 17 21 0.028730437 
153 245 35 54 0.028557481 
302 232 18 26 0.028361136 
621 411 31 46 0.028164241 
361 232 11 20 0.027268609 
436 709 50 69 0.027211415 
391 238 13 19 0.027006282 
468 199 29 44 0.026798274 
329 210 10 18 0.026647545 
362 202 8 12 0.026612261 
467 297 18 31 0.0259841 
304 208 34 46 0.025863541 
263 301 16 19 0.025621435 
319 229 16 31 0.025339076 
335 550 12 14 0.024984738 
357 231 10 16 0.024934145 
544 68 7 12 0.024844581 
414 170 33 56 0.02437684 
662 397 255 401 0.024050979 
203 508 10 17 0.02385102 
897 476 31 51 0.023573164 
45 279 63 90 0.023489937 
357 201 8 12 0.023441171 
589 438 21 43 0.023373399 
275 303 13 16 0.023149572 
672 526 27 45 0.02310143 
298 230 11 17 0.022968711 
231 470 69 123 0.022967802 
424 489 48 96 0.022865308 
30 263 36 65 0.022862 
565 443 12 18 0.022681337 
552 258 10 19 0.022626838 
699 566 78 66 0.022465713 
77 217 9 12 0.02207263 
600 48 8 11 0.022049502 
402 136 11 16 0.021748774 
866 569 23 32 0.021683542 
22 198 8 11 0.02166342 
311 216 12 16 0.021660885 
23 355 30 52 0.021140173 
605 49 8 11 0.020811092 
603 482 33 67 0.02078399 
266 251 37 49 0.020697724 
283 245 11 14 0.020559259 
457 191 9 13 0.020552162 
554 -50 138 159 0.020524463 
140 631 38 58 0.020427687 
