29_Students_Schoolkids_Students_Schoolkids_29_822
149
334 259 82 95 0.9997563 
476 46 73 105 0.99959904 
601 264 69 99 0.9985164 
199 266 20 23 0.9718208 
947 159 7 14 0.3356046 
341 213 11 20 0.30309266 
224 251 10 18 0.2518272 
876 111 10 15 0.1281502 
917 145 5 11 0.117028624 
893 109 8 16 0.11371347 
225 233 9 16 0.10940425 
346 210 14 25 0.10475554 
916 128 5 10 0.09034092 
926 152 7 13 0.08891722 
955 108 6 9 0.08794164 
970 106 6 13 0.086905554 
355 185 11 20 0.0862994 
774 216 10 15 0.08022956 
205 247 7 12 0.07912648 
880 124 8 15 0.07831815 
211 274 15 20 0.07831078 
948 132 6 11 0.07490302 
928 132 6 11 0.074198656 
412 160 17 33 0.071601465 
915 121 5 8 0.06792745 
369 209 12 19 0.06043828 
200 279 23 27 0.05881796 
973 152 6 11 0.057619125 
236 249 8 16 0.054578748 
927 104 8 13 0.053500555 
795 150 8 17 0.051566806 
955 119 7 12 0.051254235 
975 175 8 13 0.05083886 
6 157 8 10 0.050708763 
214 232 8 16 0.04716069 
863 117 9 15 0.045412507 
890 118 7 14 0.044704467 
501 272 333 451 0.044298086 
311 642 178 149 0.044273116 
923 107 5 11 0.042297024 
356 209 15 26 0.041564956 
238 227 7 15 0.0415443 
942 105 6 12 0.04082644 
915 150 7 13 0.040590644 
398 173 12 20 0.040549308 
756 191 7 11 0.03989343 
745 191 6 10 0.038737703 
915 115 5 10 0.038181867 
922 128 5 9 0.03663544 
1005 177 7 13 0.03589839 
681 223 11 18 0.03550375 
912 120 5 9 0.034072325 
959 140 6 9 0.033307847 
327 169 7 13 0.033062957 
945 101 7 13 0.032916386 
961 164 6 12 0.032893486 
949 115 5 8 0.032117642 
933 107 7 11 0.03202614 
836 116 8 16 0.031767104 
214 290 268 351 0.03158207 
921 114 6 10 0.030972684 
1050 195 13 24 0.030727731 
297 361 27 37 0.030551359 
922 120 5 10 0.030073982 
721 224 12 20 0.029672945 
220 263 14 21 0.029317442 
952 134 6 10 0.029207563 
884 155 7 13 0.028773429 
672 209 8 14 0.028739735 
914 107 6 12 0.028718673 
756 155 8 14 0.028577596 
968 103 5 11 0.028220158 
862 125 8 16 0.028075933 
964 164 7 13 0.02768051 
954 139 6 11 0.027650515 
1019 243 6 9 0.027619071 
1030 190 12 23 0.026853893 
921 133 5 10 0.026811289 
217 252 11 16 0.02641375 
960 128 6 9 0.02635708 
954 113 7 11 0.026330613 
953 152 7 13 0.026322227 
252 311 28 42 0.02614004 
912 134 5 10 0.025997534 
947 179 7 13 0.025977112 
183 272 8 15 0.025588779 
1098 182 8 16 0.025540233 
959 102 6 10 0.025429944 
1050 168 13 25 0.025419746 
869 112 8 14 0.025316294 
826 110 15 25 0.025000494 
883 179 6 10 0.02476305 
1030 124 14 26 0.024624046 
225 201 7 13 0.024471058 
311 169 9 17 0.024420295 
958 113 6 11 0.023835482 
861 108 11 18 0.023789993 
896 132 5 11 0.023678308 
974 166 7 13 0.02349717 
446 144 12 20 0.023494078 
1017 339 7 10 0.023477891 
869 119 13 25 0.023410164 
808 139 7 13 0.023129933 
894 139 6 11 0.023090953 
922 95 6 11 0.023073588 
859 130 6 12 0.02290025 
1017 184 17 28 0.02278005 
976 150 8 13 0.022734948 
943 159 6 12 0.022721536 
949 122 5 8 0.022687087 
926 95 7 13 0.022652727 
891 140 6 11 0.022517333 
961 133 5 9 0.022260152 
882 137 6 12 0.022195391 
889 102 9 17 0.022136187 
637 277 63 93 0.022127211 
941 140 6 10 0.022070834 
954 146 6 11 0.02207081 
927 122 6 9 0.02189561 
15 168 11 9 0.021776894 
657 206 10 16 0.021765271 
776 22 18 30 0.021759989 
192 261 16 26 0.02164492 
1039 156 13 25 0.021442348 
942 122 4 8 0.021441571 
744 129 18 34 0.021334669 
340 167 7 14 0.021326499 
942 127 5 8 0.021186998 
852 134 5 10 0.021106286 
934 152 6 12 0.021085834 
920 141 5 11 0.02102629 
731 26 17 33 0.020967495 
1003 99 15 30 0.020903658 
895 124 6 12 0.020875659 
1033 350 11 18 0.020805782 
888 280 8 13 0.020741124 
850 119 7 13 0.02069739 
1010 147 6 10 0.020571735 
958 152 7 11 0.020570025 
989 177 8 13 0.020556387 
1019 319 6 9 0.020532295 
755 176 8 15 0.020527385 
928 177 8 12 0.02047718 
935 127 5 9 0.020459574 
192 243 6 10 0.020100264 
330 204 6 13 0.020089718 
1051 209 12 23 0.020080075 
923 89 5 11 0.020039309 
1031 151 13 25 0.020013092 
