29_Students_Schoolkids_Students_Schoolkids_29_363
68
578 147 66 96 0.9981881 
510 101 65 91 0.9543661 
538 118 59 107 0.17955287 
491 92 43 91 0.09728833 
325 216 89 140 0.08138993 
160 107 14 26 0.07136912 
964 279 9 19 0.0672046 
641 158 30 46 0.0667702 
523 143 34 40 0.062329873 
164 15 6 9 0.058830578 
37 13 9 17 0.05817197 
173 5 5 6 0.057953455 
984 173 8 19 0.057008278 
957 183 9 20 0.055620383 
147 7 8 13 0.05390334 
164 27 6 11 0.048172552 
165 11 6 8 0.04786527 
940 278 6 13 0.046609715 
1005 214 8 20 0.044040658 
999 191 8 19 0.042328224 
172 8 6 8 0.041620117 
940 284 8 19 0.039947186 
152 3 6 10 0.03758802 
164 22 6 9 0.036372386 
838 313 11 16 0.035176445 
112 100 9 16 0.035060134 
540 413 9 12 0.033679347 
31 2 6 12 0.030296879 
160 10 6 9 0.029479926 
179 4 5 6 0.028713873 
382 30 35 66 0.028487695 
199 2 7 7 0.028455073 
120 3 5 7 0.028427206 
945 235 8 18 0.02834959 
160 3 5 7 0.027857227 
216 3 6 7 0.026802229 
960 171 8 17 0.025785133 
422 4 8 10 0.02572774 
1018 114 7 15 0.025122408 
167 3 6 7 0.025015175 
193 17 6 6 0.02486621 
1020 97 6 11 0.024628477 
0 193 5 15 0.024442753 
158 10 15 23 0.024400832 
602 73 7 13 0.024271697 
11 4 9 16 0.024096642 
184 4 5 6 0.023671633 
203 2 10 9 0.023578526 
17 5 8 14 0.023348603 
967 271 7 14 0.022700809 
60 6 9 13 0.022485958 
953 202 8 20 0.022428425 
179 17 5 7 0.022238981 
650 475 37 45 0.022076147 
615 147 43 66 0.022029193 
672 60 5 9 0.021863371 
743 224 65 107 0.021738699 
977 138 8 18 0.021692185 
174 45 32 42 0.021180142 
173 29 6 11 0.02109696 
999 185 6 15 0.021057028 
947 312 6 14 0.02087122 
727 235 51 66 0.020853447 
1020 97 14 28 0.020617787 
1030 251 16 33 0.020562878 
935 287 7 17 0.020534769 
199 -1 21 19 0.020373832 
139 28 7 10 0.020335544 
