29_Students_Schoolkids_Students_Schoolkids_29_211
130
564 137 112 148 0.99956447 
426 242 10 20 0.24688134 
1011 40 7 9 0.14759171 
115 211 26 41 0.14446254 
413 604 9 13 0.08134891 
928 187 10 10 0.07947033 
855 214 12 18 0.07287771 
826 188 6 7 0.06419976 
843 181 6 7 0.058509216 
990 24 8 10 0.057769913 
1013 39 16 25 0.056021363 
961 11 4 6 0.05535139 
954 35 5 6 0.048605442 
960 162 7 8 0.048312783 
294 54 6 8 0.048203386 
935 137 5 7 0.046681583 
946 168 7 7 0.042629603 
961 14 5 6 0.041339252 
897 169 5 6 0.04104469 
941 163 6 7 0.04027339 
838 188 6 7 0.039916348 
1015 41 7 10 0.0396829 
955 10 4 6 0.03906726 
352 598 8 10 0.038535617 
947 30 4 5 0.0384682 
648 178 19 28 0.038423736 
928 148 6 8 0.038219415 
1005 10 5 6 0.037960526 
840 183 5 5 0.03787723 
965 11 5 6 0.037567995 
916 164 5 6 0.03732082 
921 17 4 5 0.037248835 
946 164 6 7 0.03677369 
942 29 5 5 0.036695533 
935 22 5 5 0.036231067 
424 257 11 18 0.035169158 
953 170 6 7 0.034839172 
993 16 5 7 0.03477007 
254 646 8 9 0.03408064 
897 165 4 5 0.03396622 
935 161 6 8 0.03383549 
943 168 5 6 0.03371806 
1020 9 5 7 0.03342232 
947 34 5 5 0.03164433 
12 575 8 11 0.03150881 
1019 232 6 9 0.030876175 
915 168 5 7 0.03058133 
1021 14 14 22 0.02962864 
999 9 5 6 0.029523587 
428 579 4 6 0.029277625 
941 24 4 5 0.029009597 
974 10 4 6 0.028808592 
933 142 6 8 0.028636975 
929 17 4 5 0.028402906 
1000 4 4 5 0.028113233 
749 477 109 88 0.027784312 
997 15 5 6 0.027594034 
960 35 5 6 0.027444383 
921 66 6 5 0.027308654 
998 28 36 51 0.027269052 
353 582 8 10 0.02711587 
887 219 9 10 0.027064066 
417 577 6 8 0.026994126 
935 35 5 6 0.026708676 
953 175 6 7 0.026538838 
211 691 6 12 0.026242431 
241 649 8 9 0.02621494 
939 136 5 7 0.02615891 
1022 41 19 33 0.026026776 
909 168 6 7 0.026018852 
1011 183 6 7 0.025773259 
936 157 5 7 0.025661487 
870 199 6 7 0.025606092 
954 30 4 5 0.025424104 
935 131 5 7 0.02541078 
910 164 4 5 0.025376417 
901 170 5 6 0.025372867 
831 188 6 7 0.025292771 
980 11 4 5 0.025288833 
218 671 8 11 0.025057452 
960 40 6 7 0.025039615 
897 27 8 10 0.024874566 
966 15 5 5 0.024806798 
937 29 4 5 0.02461818 
922 22 5 5 0.024467103 
1020 15 6 8 0.02435429 
930 192 9 10 0.024312617 
850 201 19 27 0.024178522 
946 143 7 8 0.024069062 
890 176 5 6 0.023671238 
908 193 6 7 0.023500936 
431 573 4 6 0.02335356 
483 609 9 14 0.023194822 
955 40 5 6 0.02286754 
915 175 7 9 0.022835566 
423 578 5 7 0.022787979 
1018 35 6 9 0.022696901 
422 593 5 6 0.022342615 
242 642 6 8 0.022309208 
265 664 11 13 0.022227112 
381 616 10 14 0.02210725 
242 634 8 8 0.022078043 
1006 14 5 6 0.022050837 
835 211 8 9 0.022002304 
948 175 6 6 0.021986613 
841 210 21 26 0.02198123 
1011 16 4 5 0.02184905 
960 168 5 7 0.0218373 
942 145 5 6 0.021661106 
230 629 7 6 0.021459434 
43 581 10 11 0.02143746 
45 681 4 7 0.021428421 
942 34 5 5 0.021349711 
929 144 5 8 0.020989193 
18 575 7 10 0.02096293 
961 29 4 5 0.020800916 
923 375 28 33 0.020771293 
878 200 7 7 0.020632755 
204 686 6 11 0.020575576 
206 691 6 12 0.02056824 
109 686 5 8 0.020527788 
973 23 6 6 0.02046515 
878 189 5 6 0.020378262 
908 190 6 6 0.020340035 
922 63 5 5 0.020263948 
392 372 38 41 0.02012677 
843 187 7 8 0.020117668 
81 686 5 9 0.020046387 
129 693 6 12 0.020034643 
877 196 6 7 0.020028139 
