29_Students_Schoolkids_Students_Schoolkids_29_902
19
436 111 108 142 0.9998165 
970 372 43 56 0.99790823 
285 285 38 72 0.9970381 
713 308 64 91 0.9962147 
894 353 37 56 0.9955596 
622 263 13 19 0.14803503 
74 198 36 53 0.10799353 
995 387 38 56 0.052023616 
633 287 32 44 0.039704558 
545 189 23 36 0.031954944 
1006 314 23 40 0.031113261 
43 386 9 16 0.027932698 
799 363 10 16 0.02783424 
885 119 17 25 0.025038134 
80 380 57 119 0.024501577 
84 442 9 15 0.023722887 
886 155 11 14 0.022309981 
885 370 25 38 0.020923043 
31 747 8 18 0.020272203 
