29_Students_Schoolkids_Students_Schoolkids_29_524
132
430 62 40 53 0.9993487 
207 31 40 53 0.9987452 
189 151 42 62 0.99826896 
568 317 37 31 0.9515733 
125 235 55 37 0.9504643 
613 352 42 45 0.8639004 
416 313 42 47 0.8113193 
170 442 42 74 0.48939908 
514 531 15 26 0.3257434 
543 530 9 12 0.3144382 
595 212 13 12 0.18665315 
524 579 11 15 0.17970969 
445 553 10 16 0.16959473 
599 605 13 15 0.14870983 
793 169 12 15 0.12644035 
121 209 28 41 0.12372297 
502 493 14 18 0.11138232 
674 548 43 54 0.07691184 
710 541 54 62 0.07572587 
640 349 39 51 0.06480133 
38 204 306 363 0.061124105 
616 324 44 51 0.061067093 
429 474 8 10 0.06027644 
183 418 64 106 0.054498963 
194 14 7 8 0.054495282 
532 620 8 12 0.051684856 
783 148 27 37 0.04783916 
517 599 10 19 0.0476095 
190 49 11 15 0.04458437 
439 557 16 29 0.04369266 
440 548 11 17 0.04062172 
136 3 4 6 0.04035807 
258 5 11 14 0.03984453 
136 38 6 10 0.039831337 
80 187 11 18 0.0393876 
69 655 43 44 0.03856944 
193 3 5 6 0.03835464 
567 299 27 38 0.03770781 
131 341 77 91 0.037278343 
472 549 9 12 0.036899 
112 205 8 10 0.03545557 
497 529 17 24 0.035278097 
153 9 5 8 0.0350526 
263 417 41 47 0.034963943 
661 240 15 25 0.03462268 
451 553 8 17 0.034072667 
205 305 44 37 0.033831254 
684 339 19 32 0.032911483 
724 206 21 22 0.032642826 
459 317 9 11 0.032596372 
567 523 8 13 0.03240056 
95 183 10 14 0.03224655 
391 505 6 8 0.032076966 
479 315 5 9 0.03197584 
802 197 12 10 0.031909127 
147 41 6 9 0.031850312 
379 36 32 55 0.031231962 
567 585 12 18 0.030572461 
149 2 3 5 0.029891638 
282 127 6 8 0.029785862 
142 9 3 7 0.029736113 
141 3 3 5 0.029144827 
466 551 9 13 0.028860131 
153 385 62 111 0.028570073 
128 9 3 6 0.028504895 
543 651 19 28 0.028216902 
788 226 6 7 0.02815039 
447 507 8 15 0.02812701 
414 577 12 17 0.027425641 
914 58 9 12 0.027376056 
618 221 9 7 0.027366605 
149 13 4 7 0.027183086 
527 584 11 18 0.027079953 
459 552 10 18 0.02696022 
471 571 15 24 0.02692861 
515 489 11 15 0.026826262 
89 489 6 9 0.026564207 
720 254 15 12 0.026396621 
592 208 11 10 0.026303861 
511 562 9 17 0.026227476 
700 168 12 14 0.026025996 
194 8 6 7 0.02599187 
129 3 3 5 0.025844317 
116 8 3 7 0.02567783 
136 6 4 7 0.025321601 
154 4 3 5 0.025044527 
141 22 4 5 0.024728509 
711 278 7 7 0.024565337 
570 560 10 15 0.024527323 
589 211 9 9 0.024489813 
260 1 8 9 0.02420781 
520 595 17 25 0.024152191 
472 567 9 15 0.024127014 
500 503 19 29 0.023778003 
308 0 5 8 0.02372507 
464 318 9 11 0.023555351 
136 35 4 8 0.023494959 
123 3 3 5 0.023290867 
687 123 13 14 0.02316902 
142 15 3 6 0.022844195 
149 9 5 7 0.022750774 
280 124 6 8 0.022583012 
196 387 162 249 0.022458049 
732 521 46 58 0.022444991 
604 216 11 10 0.022357369 
547 526 8 11 0.022235202 
414 502 19 25 0.022089308 
780 117 5 6 0.022032145 
682 293 42 27 0.021871196 
95 469 10 15 0.02178976 
468 555 16 24 0.021668728 
627 225 9 8 0.021661062 
441 560 9 15 0.021574851 
521 247 12 12 0.021518042 
742 251 10 8 0.021424126 
157 372 22 28 0.021409439 
128 15 4 7 0.021262836 
85 489 5 8 0.021151545 
612 224 11 9 0.021139573 
444 309 28 32 0.021115905 
473 454 9 17 0.021083377 
710 215 37 36 0.020963917 
411 549 12 20 0.02094182 
465 457 9 16 0.020753518 
405 305 32 45 0.020621028 
379 231 34 55 0.02052667 
597 313 20 31 0.020494414 
778 141 9 12 0.020312192 
124 13 4 9 0.020241333 
197 9 6 7 0.020098366 
395 503 6 9 0.020009091 
178 23 27 38 0.020008598 
