29_Students_Schoolkids_Students_Schoolkids_29_374
244
392 115 20 29 0.9994295 
690 128 30 34 0.9904497 
420 277 47 56 0.5260697 
473 90 10 18 0.38223082 
811 90 8 12 0.21334356 
730 95 18 37 0.19199741 
430 454 37 45 0.19017655 
674 182 21 24 0.15847209 
216 293 267 512 0.14255653 
463 493 44 51 0.14086899 
734 78 8 13 0.13505952 
474 2 7 8 0.13062513 
554 9 7 8 0.12986861 
345 280 94 139 0.12071908 
90 6 8 12 0.11635167 
506 9 8 8 0.08615329 
509 13 8 7 0.08440295 
490 7 9 10 0.07832277 
492 96 9 12 0.0742412 
381 259 14 17 0.06940811 
477 6 7 9 0.06813566 
556 2 6 5 0.06639408 
487 7 6 9 0.059262108 
497 1 7 7 0.05890222 
462 2 6 7 0.057903726 
486 3 5 5 0.056743316 
582 6 7 7 0.055628944 
551 12 8 9 0.05474206 
466 3 6 6 0.054275334 
818 89 7 12 0.05372402 
544 8 6 6 0.052673306 
493 1 6 7 0.051857326 
462 6 6 9 0.05084521 
729 81 8 12 0.049864616 
518 8 6 6 0.048919097 
438 476 40 51 0.048689954 
845 92 5 7 0.048412696 
483 92 10 14 0.047799658 
66 295 5 9 0.046824843 
299 642 23 38 0.046450295 
268 555 51 77 0.045495886 
310 632 19 35 0.04441394 
563 4 5 4 0.043444343 
524 16 9 8 0.04320942 
815 551 6 8 0.042964295 
552 3 5 5 0.042911764 
712 136 23 29 0.041945238 
674 163 13 13 0.041824676 
69 296 5 8 0.040178135 
404 254 49 62 0.04008616 
491 479 43 65 0.038670044 
77 307 5 8 0.03823377 
510 27 7 7 0.038023368 
563 7 6 7 0.03792687 
716 1 12 9 0.037617568 
569 3 6 5 0.03760268 
677 11 10 11 0.036261708 
595 3 6 6 0.03609914 
409 241 30 33 0.034762707 
84 247 4 5 0.03355677 
672 2 6 6 0.03337889 
510 21 7 7 0.03324714 
97 248 4 5 0.033243094 
267 37 11 21 0.03316441 
570 8 6 7 0.032597065 
664 8 7 7 0.032580163 
68 334 6 10 0.032574166 
66 328 5 8 0.032465767 
1 664 5 16 0.03225544 
78 253 4 5 0.03217898 
98 307 5 8 0.03168869 
497 15 7 6 0.03132352 
595 6 6 7 0.031199379 
564 21 6 7 0.03112929 
558 0 4 4 0.031045157 
365 283 13 16 0.030911705 
101 4 9 13 0.030864075 
71 321 5 8 0.030633068 
544 4 6 6 0.030310443 
506 22 7 7 0.03008029 
517 14 7 8 0.030075172 
613 3 6 6 0.029979058 
463 146 9 12 0.029962426 
536 8 7 8 0.029612815 
525 94 6 4 0.029255185 
594 424 19 22 0.029236302 
497 8 7 8 0.02905613 
98 304 5 6 0.028975178 
672 8 6 7 0.028717209 
665 4 6 6 0.028663587 
91 252 3 5 0.028602028 
340 501 40 51 0.028401425 
78 248 4 4 0.028249385 
70 290 4 7 0.028183388 
103 284 5 7 0.028107895 
502 9 18 18 0.02793694 
672 32 6 7 0.027600635 
97 284 5 6 0.027508834 
538 89 3 3 0.02741784 
93 0 7 11 0.027395308 
544 88 4 3 0.027361576 
845 96 5 8 0.027330391 
71 308 5 7 0.027280753 
607 98 6 5 0.027266739 
480 24 9 14 0.02717406 
613 98 6 6 0.027081179 
805 20 7 8 0.027028605 
85 320 5 9 0.027010404 
484 0 30 33 0.027007196 
66 322 5 8 0.026976388 
71 253 4 5 0.02674072 
658 237 7 10 0.026735175 
83 308 5 7 0.026726859 
496 101 8 10 0.02671837 
103 234 3 4 0.026486969 
154 62 3 4 0.026281165 
110 233 4 5 0.025972864 
0 61 7 18 0.025951726 
96 252 4 5 0.02578709 
507 27 6 6 0.025748016 
845 595 5 8 0.025701739 
666 31 7 8 0.025638308 
724 84 7 10 0.025574042 
52 333 5 9 0.025560021 
463 20 5 8 0.025170293 
71 284 4 6 0.02516562 
108 271 5 6 0.02510523 
84 241 3 4 0.025079643 
610 2 5 5 0.025027787 
839 577 5 8 0.024895757 
98 288 4 7 0.02489142 
600 3 5 5 0.024783641 
90 248 4 5 0.02469966 
104 277 4 6 0.024685392 
86 316 4 7 0.024655342 
519 34 6 6 0.024548879 
588 7 6 6 0.024512567 
499 22 5 5 0.024369106 
423 469 27 36 0.024334343 
613 6 8 8 0.02433147 
467 14 7 9 0.024301173 
84 276 5 7 0.024262795 
827 552 5 8 0.024145376 
98 321 5 7 0.024130698 
142 265 4 6 0.024058511 
72 247 3 5 0.024058048 
800 553 5 7 0.023992706 
840 105 5 7 0.023990236 
424 327 289 518 0.02392557 
84 253 4 4 0.023710143 
53 276 5 7 0.02370932 
595 85 7 5 0.023635322 
676 33 6 7 0.023517145 
168 68 4 5 0.02351671 
97 316 5 7 0.023395946 
73 233 3 5 0.023393711 
589 79 6 5 0.02334664 
694 5 10 10 0.023313558 
90 284 4 6 0.023190584 
89 295 5 8 0.023129832 
89 278 5 6 0.023065059 
519 10 19 18 0.022983262 
71 302 4 7 0.0229105 
639 8 6 7 0.02290467 
677 193 23 26 0.022895295 
523 34 7 6 0.022824118 
596 0 5 4 0.022776108 
485 174 10 16 0.022772396 
97 259 5 6 0.022754801 
574 8 8 7 0.022705298 
14 443 3 7 0.022688484 
842 94 3 5 0.022658737 
148 260 4 5 0.022646545 
652 6 8 8 0.022442868 
99 234 3 4 0.02239251 
89 308 5 8 0.022366248 
143 270 4 6 0.022339387 
570 87 3 4 0.02229253 
710 9 10 8 0.022281617 
88 315 6 9 0.022265742 
532 95 4 3 0.022236641 
691 3 9 8 0.02221003 
840 572 5 8 0.022054005 
486 3 17 17 0.021923112 
559 93 3 4 0.021872664 
97 327 5 8 0.021869728 
599 34 8 8 0.02185922 
875 63 6 9 0.02174661 
461 12 7 10 0.021712625 
660 8 6 6 0.021710187 
64 309 5 8 0.021699335 
564 16 5 5 0.021575652 
89 290 5 7 0.02156484 
45 289 5 7 0.021507602 
142 309 5 8 0.021443713 
110 254 4 4 0.021389728 
505 -2 32 34 0.021366898 
769 9 18 11 0.021353884 
140 296 5 7 0.021319583 
833 578 4 7 0.021204371 
658 3 7 7 0.021124817 
795 553 4 6 0.021037042 
65 301 5 8 0.021029295 
487 0 4 4 0.02101127 
464 72 29 45 0.021001946 
664 20 7 8 0.020957408 
135 264 5 6 0.020955952 
789 563 5 8 0.020920157 
523 35 176 203 0.020897316 
708 13 12 10 0.02087454 
676 28 7 8 0.020831445 
543 -3 34 35 0.020830333 
505 3 6 6 0.020722141 
1019 340 6 8 0.020699177 
558 88 3 3 0.020696472 
609 0 5 4 0.020665124 
673 13 8 9 0.020627638 
537 93 4 4 0.020615965 
37 431 5 9 0.02059056 
472 12 8 10 0.020572716 
911 558 5 10 0.020572277 
84 259 4 5 0.020548705 
317 461 29 35 0.020545406 
0 44 4 10 0.020534966 
545 14 6 6 0.020510964 
72 270 5 7 0.02047917 
808 93 8 14 0.020444198 
130 234 4 5 0.02044376 
78 289 4 7 0.02042395 
504 102 8 8 0.020406783 
129 265 4 5 0.020353073 
816 364 19 23 0.020307152 
103 247 4 5 0.020284418 
601 7 7 7 0.02028232 
756 526 5 8 0.02027622 
676 224 22 25 0.02023255 
456 2 4 6 0.020167302 
78 234 3 4 0.02016043 
640 92 5 4 0.020103352 
104 296 5 7 0.02010233 
65 253 4 5 0.02008028 
128 290 5 7 0.020065935 
108 284 5 7 0.020057492 
595 29 6 7 0.020034164 
