29_Students_Schoolkids_Students_Schoolkids_29_436
20
320 146 161 197 0.999708 
294 429 368 413 0.092204064 
253 155 22 28 0.04956869 
629 159 19 24 0.034871563 
334 90 255 422 0.028958665 
617 90 18 23 0.028714323 
281 34 12 14 0.027331475 
67 303 133 230 0.025312435 
1021 653 19 34 0.024507968 
536 12 19 29 0.023937412 
999 269 18 28 0.02310645 
583 78 19 24 0.022689518 
649 54 25 26 0.022031302 
66 75 25 24 0.021538027 
603 -75 167 191 0.021514148 
872 648 14 11 0.021317752 
41 106 20 24 0.02128518 
176 135 35 47 0.020533329 
834 471 13 12 0.020337889 
143 147 68 97 0.020051122 
