29_Students_Schoolkids_Students_Schoolkids_29_632
30
795 261 80 109 0.9997907 
531 293 76 90 0.99928516 
90 292 53 70 0.99914575 
276 353 44 78 0.9960444 
355 305 58 84 0.99164164 
194 162 13 24 0.46408892 
964 25 11 17 0.34063324 
388 250 41 63 0.30062824 
448 32 129 208 0.22054514 
377 154 9 14 0.17476793 
81 561 153 97 0.117585644 
88 125 18 27 0.09636995 
673 -30 225 328 0.07552834 
372 275 45 75 0.054915555 
749 42 36 60 0.051056243 
626 192 19 34 0.04818664 
22 117 39 46 0.04554281 
564 143 7 14 0.031873748 
42 397 17 32 0.030798662 
541 162 9 17 0.02862948 
481 322 169 254 0.027789863 
415 135 10 21 0.02400598 
1073 60 16 26 0.022750665 
689 94 11 17 0.022026185 
361 256 27 39 0.021859253 
171 164 35 51 0.021858312 
49 171 11 16 0.02143625 
25 143 25 27 0.02120133 
717 127 8 13 0.02068439 
745 75 40 56 0.020296494 
