29_Students_Schoolkids_Students_Schoolkids_29_312
223
502 71 83 115 0.9999559 
872 227 146 198 0.6343574 
768 4 8 12 0.41506076 
859 24 10 12 0.39055714 
721 9 9 14 0.3543554 
901 9 9 14 0.3093347 
820 19 10 16 0.28396758 
698 15 8 15 0.23623087 
734 8 8 12 0.23598744 
862 367 147 208 0.2220188 
765 21 11 17 0.19993393 
718 34 8 13 0.1982645 
942 7 11 15 0.1960053 
788 28 9 12 0.18965787 
728 423 23 26 0.18624496 
850 2 10 13 0.17999747 
915 3 7 9 0.1482233 
922 345 15 30 0.14536569 
869 21 12 12 0.14373411 
717 13 9 16 0.12771103 
787 11 7 12 0.12102325 
747 7 9 11 0.119636565 
1013 5 12 17 0.114377655 
728 8 8 12 0.10516494 
142 101 6 6 0.096972145 
792 1 6 8 0.09319655 
896 9 7 12 0.09285157 
801 1 4 7 0.085804835 
919 2 8 10 0.08370111 
971 1 9 13 0.08124584 
760 65 10 10 0.08124334 
981 152 13 11 0.07962397 
788 3 7 10 0.075698145 
711 427 50 42 0.073915415 
689 12 6 8 0.07331294 
880 303 12 13 0.07269831 
686 13 5 7 0.06517744 
741 9 7 10 0.06222978 
813 3 6 9 0.061440203 
687 36 9 14 0.060474258 
404 64 7 10 0.05873506 
828 286 16 13 0.05670279 
854 44 12 14 0.056670725 
745 23 9 15 0.05629706 
769 289 24 23 0.05515787 
680 221 122 163 0.054040037 
861 20 9 9 0.053996257 
796 231 110 99 0.05060154 
781 5 6 9 0.04792479 
638 133 12 11 0.047858033 
623 155 92 87 0.047709573 
691 9 5 6 0.04717383 
197 -10 305 341 0.04697887 
145 98 6 7 0.045858573 
987 12 13 15 0.045033727 
129 103 6 6 0.044664845 
599 4 8 8 0.044375103 
47 44 31 49 0.044258524 
133 103 5 6 0.043794148 
876 13 7 8 0.043120783 
806 2 4 7 0.04309841 
833 201 13 13 0.04266881 
126 130 8 10 0.042382807 
621 24 6 10 0.041033197 
126 87 7 9 0.04071623 
819 0 6 9 0.040549777 
734 21 8 12 0.040281653 
950 540 19 32 0.039986104 
702 38 10 13 0.039848134 
653 138 116 151 0.03974198 
878 6 6 8 0.039585747 
863 7 8 8 0.03932135 
689 18 6 9 0.038875006 
752 9 8 11 0.038361005 
907 17 6 11 0.03802304 
881 12 6 10 0.037796587 
186 85 7 12 0.03748114 
687 18 5 7 0.036978915 
756 411 80 92 0.03621225 
281 308 6 10 0.036188208 
881 25 6 8 0.035975806 
820 12 7 12 0.035933193 
743 19 7 10 0.035035267 
989 266 23 31 0.034909435 
747 261 123 102 0.034816064 
908 5 6 9 0.034792528 
837 27 10 13 0.034558013 
877 36 40 42 0.0345524 
900 19 9 12 0.03450018 
896 16 7 11 0.03446727 
134 98 5 6 0.03446294 
915 12 7 10 0.034397263 
891 12 5 9 0.034240387 
882 19 5 7 0.034210995 
417 70 5 7 0.03414781 
416 42 7 12 0.034029305 
1004 367 22 28 0.03390118 
896 23 8 10 0.033877242 
1017 69 16 27 0.033698514 
876 28 7 9 0.03362201 
600 2 6 6 0.03343415 
857 39 9 10 0.033336118 
796 410 123 154 0.032263305 
717 7 7 10 0.03194827 
418 219 10 14 0.031907115 
757 284 23 26 0.031888336 
869 38 7 8 0.031724893 
757 60 20 19 0.031493623 
708 42 8 10 0.031115124 
609 1 4 5 0.031097163 
881 6 6 8 0.031049117 
109 110 8 6 0.030912695 
124 223 4 9 0.030178208 
755 266 16 12 0.029647449 
841 253 109 103 0.029491674 
1014 474 8 10 0.029361485 
90 153 5 9 0.029305097 
891 18 5 8 0.02911439 
782 11 6 12 0.029103559 
781 1 5 7 0.029018091 
772 1 7 9 0.02896407 
406 42 9 14 0.02878489 
982 149 9 8 0.028687103 
200 105 5 6 0.028411807 
926 5 6 11 0.028357834 
917 8 15 22 0.028163817 
1018 74 8 13 0.027882032 
430 254 14 18 0.027734874 
813 57 8 9 0.027711798 
128 227 8 12 0.027677217 
402 46 10 13 0.027641322 
667 0 5 6 0.027575983 
833 10 7 11 0.02756772 
986 5 9 13 0.0274461 
268 318 6 12 0.027297784 
792 15 7 12 0.02717121 
771 16 8 15 0.027014071 
766 192 108 97 0.026993817 
628 0 5 4 0.026887601 
121 95 7 8 0.026658902 
298 10 8 10 0.02665429 
949 8 9 13 0.02660304 
128 114 7 8 0.026038757 
868 7 7 7 0.026032668 
882 31 7 8 0.026002001 
912 0 16 21 0.025894148 
777 42 10 11 0.025832476 
154 103 5 5 0.025826413 
671 443 50 43 0.02577184 
824 6 6 8 0.02572829 
672 41 8 12 0.025627317 
782 282 23 19 0.025406502 
934 5 9 13 0.02538742 
184 77 5 8 0.025350468 
854 28 39 41 0.025059717 
747 276 11 9 0.024795426 
888 308 10 11 0.024576144 
859 43 11 11 0.02456207 
407 67 7 8 0.024533652 
920 12 8 11 0.02440493 
930 314 120 196 0.024290795 
686 9 5 6 0.02427188 
126 191 5 7 0.024207858 
266 163 12 11 0.024182819 
888 52 9 8 0.024164397 
375 54 10 13 0.023583176 
996 447 8 8 0.023521913 
972 44 35 41 0.023459481 
203 106 7 9 0.023437608 
869 7 18 22 0.023343135 
120 109 9 7 0.023138026 
966 529 8 12 0.022938985 
893 56 10 8 0.02287488 
607 5 7 6 0.022691423 
988 329 56 72 0.022440646 
615 1 4 4 0.022434616 
762 5 8 11 0.022251792 
135 89 5 7 0.022207363 
621 0 4 5 0.022033727 
896 1 5 7 0.021960024 
114 103 6 6 0.021959072 
135 207 5 5 0.021950787 
79 92 11 13 0.02190668 
161 104 5 4 0.021905612 
924 0 7 9 0.021817477 
407 24 6 11 0.02175874 
0 165 8 21 0.021656865 
302 60 10 13 0.021617781 
729 16 8 12 0.021533323 
817 317 12 13 0.021396346 
347 99 20 28 0.021386418 
831 17 6 11 0.021373013 
325 81 65 89 0.021323651 
909 2 6 7 0.021287238 
127 108 8 8 0.021250833 
996 154 11 9 0.021192435 
697 36 9 13 0.021157984 
142 110 5 6 0.021137131 
891 7 6 9 0.021136913 
831 28 10 13 0.021048516 
823 202 14 12 0.020995904 
365 132 26 29 0.02092561 
182 75 5 8 0.020880755 
862 147 30 26 0.020863945 
375 105 10 16 0.02083804 
762 18 7 12 0.020693976 
778 215 27 28 0.02065123 
203 84 10 13 0.020647984 
1032 98 16 25 0.020608729 
516 0 5 8 0.02057829 
873 325 27 29 0.020486329 
887 5 31 39 0.020440532 
1015 326 9 15 0.020432252 
711 6 6 9 0.02037097 
843 231 7 7 0.020357175 
855 8 8 11 0.020331282 
121 101 6 6 0.0203046 
784 0 15 20 0.020258343 
984 456 5 5 0.020213598 
742 1 6 7 0.020182963 
871 0 5 6 0.020109372 
583 156 11 14 0.020105815 
612 28 8 12 0.020003507 
