29_Students_Schoolkids_Students_Schoolkids_29_148
72
215 141 184 261 0.9999349 
207 -128 347 416 0.060960025 
466 128 5 8 0.050341092 
456 141 4 6 0.044162743 
501 301 6 9 0.042803787 
463 128 5 7 0.036708046 
475 141 4 7 0.036061607 
494 249 7 10 0.034545336 
462 152 5 7 0.033574186 
488 154 4 6 0.03288636 
492 161 4 6 0.0315635 
454 127 5 7 0.030230014 
499 199 5 7 0.030066637 
489 193 4 6 0.029953735 
488 319 5 9 0.029788189 
500 156 4 5 0.029317435 
512 294 6 9 0.028719513 
526 262 6 10 0.028569655 
487 141 4 6 0.028546307 
482 294 5 8 0.028279178 
489 161 4 6 0.028248029 
508 255 5 8 0.027924096 
488 378 5 7 0.027803611 
476 147 4 7 0.027343135 
507 288 5 8 0.027099371 
467 89 4 7 0.027052136 
494 230 4 7 0.026324157 
462 134 5 7 0.025930136 
501 160 4 6 0.025480973 
480 185 4 8 0.025454395 
449 217 4 6 0.025290625 
469 270 4 7 0.025236247 
492 314 5 9 0.02517663 
461 141 4 6 0.02517423 
448 226 4 6 0.02471793 
468 141 4 7 0.024473313 
481 199 5 6 0.02426511 
454 148 5 6 0.024028452 
481 148 4 7 0.023938114 
454 191 5 8 0.023918023 
448 154 5 8 0.023903094 
441 313 5 8 0.023844872 
466 147 4 8 0.02371344 
481 153 4 7 0.023651823 
481 327 5 8 0.023629732 
442 218 4 6 0.023602718 
455 135 5 7 0.023403458 
486 301 5 8 0.023325514 
455 226 5 5 0.023027109 
467 180 4 6 0.02288927 
487 264 5 9 0.022674413 
494 198 4 7 0.022477228 
501 217 5 7 0.022198794 
464 340 4 7 0.021997256 
481 166 4 7 0.021362185 
485 295 5 8 0.021175979 
437 27 4 6 0.021173384 
462 186 5 7 0.021094816 
475 193 4 6 0.02094171 
441 340 4 7 0.020883014 
468 133 4 8 0.02076679 
480 404 5 7 0.020751938 
493 155 4 6 0.02073005 
481 161 4 6 0.020655919 
450 358 5 8 0.020539531 
454 154 4 7 0.020499878 
454 123 5 7 0.020457486 
482 251 5 7 0.020415343 
520 255 5 9 0.020358289 
468 232 3 5 0.020334434 
475 186 4 6 0.020303143 
455 159 5 6 0.020121086 
