29_Students_Schoolkids_Students_Schoolkids_29_624
316
146 147 46 54 0.9997876 
759 259 9 15 0.85732055 
560 283 15 24 0.81496686 
406 251 5 8 0.8018478 
344 247 7 10 0.5836169 
1009 261 12 17 0.57598877 
253 253 6 7 0.47280514 
797 251 7 10 0.42201108 
60 258 10 15 0.32547742 
283 255 7 8 0.26924607 
39 269 7 9 0.2420031 
684 259 10 17 0.22381952 
556 290 9 16 0.22245672 
205 264 7 8 0.20757207 
677 281 8 15 0.2046027 
513 256 7 13 0.1829242 
736 245 8 10 0.16217431 
224 295 10 8 0.14104223 
689 254 8 16 0.13759972 
965 249 11 14 0.13372356 
408 253 6 10 0.12347857 
507 275 7 10 0.11740317 
380 221 3 5 0.11637263 
238 277 7 8 0.11400905 
281 267 20 22 0.108915426 
534 326 8 13 0.10002251 
507 250 7 9 0.09775133 
672 242 5 8 0.09612278 
510 281 9 13 0.08903003 
372 251 5 6 0.08855259 
543 302 8 10 0.08724153 
553 293 7 13 0.08097242 
280 263 10 12 0.07990584 
720 248 10 13 0.07822346 
505 263 7 10 0.07565909 
564 337 8 14 0.07440684 
550 369 12 15 0.07321281 
582 274 10 16 0.07296079 
567 294 11 16 0.072680995 
224 290 8 8 0.0717034 
302 257 5 6 0.070868894 
501 265 6 9 0.0705407 
497 306 7 12 0.06870593 
262 275 7 10 0.0673194 
237 272 6 6 0.06675066 
564 312 8 12 0.06665789 
960 256 9 13 0.06509513 
563 274 10 14 0.06454458 
505 268 7 9 0.06385057 
242 252 7 7 0.06301296 
269 252 5 6 0.062118545 
695 252 9 13 0.061928067 
379 276 4 7 0.061823588 
368 251 4 6 0.060897637 
236 282 8 7 0.059947815 
200 270 7 8 0.0598924 
346 129 7 8 0.05773471 
199 275 8 9 0.057564195 
187 289 7 8 0.056901198 
584 234 6 14 0.056699384 
378 249 6 7 0.056086373 
540 245 5 7 0.055380218 
431 251 5 8 0.05503075 
264 252 5 6 0.054457586 
755 262 9 16 0.05327307 
662 180 25 32 0.052288193 
230 284 8 7 0.05193656 
379 224 4 6 0.051609933 
546 321 9 16 0.051169798 
386 276 5 7 0.051090233 
812 252 6 8 0.050851524 
544 244 5 7 0.050773714 
508 254 7 12 0.050617438 
456 272 4 5 0.05047319 
567 304 9 14 0.049756456 
418 256 4 8 0.048963603 
799 212 6 7 0.04826989 
291 269 10 12 0.048230853 
255 264 7 7 0.04813823 
826 242 7 9 0.048012733 
101 263 7 9 0.047961585 
373 225 4 6 0.047840696 
367 258 4 7 0.046995725 
372 258 5 7 0.046955552 
237 288 7 7 0.046344493 
808 251 6 8 0.046271127 
380 273 4 5 0.046023108 
373 247 4 6 0.045925856 
506 279 8 14 0.04580185 
456 235 7 11 0.045286436 
544 312 9 14 0.04487812 
1004 261 11 14 0.044563517 
418 250 5 8 0.044476714 
727 260 10 17 0.043675154 
537 281 8 10 0.043566372 
286 253 7 7 0.043127727 
550 298 7 12 0.04308326 
398 246 4 6 0.042707145 
740 254 10 15 0.04257411 
386 272 4 6 0.041779026 
481 274 6 7 0.04176457 
537 286 7 11 0.041673284 
756 245 7 9 0.041626543 
520 238 5 7 0.041559797 
701 255 8 10 0.04104354 
406 248 4 6 0.040404238 
491 282 6 9 0.040258635 
543 295 6 11 0.03924254 
589 331 8 14 0.03912565 
307 257 6 6 0.03910339 
976 250 11 11 0.03889952 
739 248 9 13 0.038672462 
1078 318 12 20 0.038520716 
507 295 6 8 0.03820826 
251 264 6 6 0.038146105 
579 307 9 12 0.038131185 
315 257 5 7 0.037651625 
796 255 12 18 0.037226442 
462 272 5 5 0.037178546 
276 251 6 7 0.03677494 
173 281 8 10 0.036599915 
564 325 7 11 0.036558162 
1083 275 11 20 0.036553282 
374 221 4 6 0.036488142 
804 255 9 12 0.03641594 
201 265 7 8 0.036247037 
323 263 9 12 0.036226515 
492 224 5 9 0.03606886 
371 263 5 7 0.036011063 
522 243 4 8 0.03539516 
242 257 7 7 0.035369787 
308 253 5 6 0.035126515 
549 332 7 13 0.03436319 
805 303 8 10 0.034258615 
426 270 4 7 0.034115795 
368 220 3 6 0.03407411 
360 249 5 8 0.034001306 
428 276 5 8 0.033996616 
760 244 6 9 0.033904836 
172 277 7 9 0.033887696 
35 258 18 22 0.03387693 
501 283 6 9 0.03369414 
429 244 5 9 0.03365934 
955 257 7 10 0.033545773 
384 219 4 6 0.033332776 
516 327 7 9 0.033318777 
423 256 4 8 0.033294674 
731 256 14 24 0.033290707 
509 268 8 11 0.032496884 
384 250 5 8 0.032307163 
168 289 7 8 0.03228176 
393 218 4 6 0.03218504 
760 240 6 7 0.032046646 
781 262 5 9 0.03197413 
1083 297 11 18 0.03185729 
569 256 5 8 0.030931491 
526 348 10 14 0.030870263 
788 290 5 7 0.030858116 
405 263 6 8 0.030825678 
339 256 7 12 0.030725112 
557 274 7 11 0.030656395 
491 287 6 9 0.03065036 
542 286 8 12 0.030131835 
385 246 4 6 0.030126322 
189 282 8 9 0.030032478 
917 254 12 12 0.030012606 
949 232 5 8 0.029993135 
296 253 5 5 0.029894298 
400 251 4 7 0.029768396 
307 263 7 7 0.029710852 
368 225 4 7 0.029663563 
948 236 7 9 0.029622016 
391 251 4 7 0.029563563 
718 253 9 13 0.029319687 
99 268 10 12 0.029174225 
534 245 4 6 0.028955145 
581 282 10 17 0.028938226 
45 250 13 12 0.028860204 
429 270 4 7 0.028777536 
372 272 5 6 0.02864918 
760 251 8 12 0.028488267 
442 276 4 5 0.028460896 
171 293 7 9 0.028460598 
320 259 6 7 0.028385371 
215 301 8 7 0.02826306 
492 277 6 8 0.028124325 
699 273 8 13 0.027866606 
334 246 5 8 0.027843466 
539 305 8 11 0.027681606 
552 246 4 6 0.027663425 
1056 275 11 18 0.027635131 
485 262 6 9 0.027538583 
917 248 12 11 0.027525647 
236 255 9 10 0.027274856 
507 300 5 9 0.026964149 
402 245 13 20 0.026943037 
393 245 3 6 0.026881466 
342 224 4 7 0.02676419 
169 276 6 8 0.026756648 
368 263 4 6 0.02674581 
276 267 9 9 0.02653861 
724 260 8 13 0.026439324 
727 248 9 12 0.026434388 
423 252 4 7 0.026234362 
295 256 6 7 0.026108205 
789 270 5 8 0.026077913 
187 284 7 8 0.026044253 
187 295 6 7 0.025943339 
741 290 5 7 0.025718587 
366 277 5 7 0.025614053 
540 249 5 8 0.025481816 
566 349 8 13 0.025462817 
650 303 12 18 0.025311787 
1035 303 15 23 0.025185315 
372 230 5 7 0.025169501 
243 264 7 7 0.025162918 
217 264 8 7 0.025154298 
787 294 7 9 0.02510101 
538 293 7 11 0.025018608 
1082 344 10 17 0.024859771 
179 289 7 8 0.024819339 
500 275 6 9 0.024712961 
1049 306 13 21 0.024709867 
583 257 5 8 0.024657963 
343 221 3 5 0.024642369 
282 277 9 11 0.024635477 
348 224 4 7 0.02459411 
199 281 8 8 0.02448135 
980 231 6 8 0.024474684 
226 300 10 8 0.024297986 
263 257 6 6 0.024116935 
466 272 7 7 0.024088008 
801 295 5 7 0.024067963 
983 251 8 8 0.024058191 
817 249 7 10 0.024016393 
587 349 7 13 0.023954751 
248 247 15 17 0.023856696 
1084 247 13 22 0.023828583 
487 276 5 7 0.023774797 
781 269 5 9 0.02351676 
533 282 6 9 0.023497641 
519 276 5 10 0.02348785 
291 264 9 10 0.02341664 
863 234 6 5 0.023415186 
342 131 5 6 0.02331751 
380 141 4 7 0.023286035 
938 230 8 9 0.023252692 
217 256 8 9 0.023187093 
223 271 8 8 0.023176027 
833 315 6 8 0.02311422 
979 236 8 9 0.023088466 
451 275 4 5 0.022979517 
506 233 6 8 0.022969907 
378 137 5 6 0.022887524 
793 268 7 12 0.022772184 
386 265 3 6 0.02275781 
87 260 32 39 0.022689909 
209 268 7 9 0.022608152 
782 275 6 9 0.022490604 
679 260 9 15 0.022487452 
526 276 5 9 0.022438185 
541 280 8 12 0.022415748 
1031 264 12 19 0.022380631 
380 217 3 4 0.022355156 
393 216 3 4 0.022311026 
474 265 6 6 0.022298848 
211 281 7 9 0.022252187 
386 283 5 7 0.022224955 
952 232 7 9 0.022195341 
335 137 4 5 0.022125907 
543 250 5 7 0.022084663 
971 263 8 11 0.022073388 
566 318 8 12 0.022051428 
1039 295 14 20 0.021906378 
455 274 5 7 0.021904519 
799 274 7 9 0.021647394 
748 260 7 12 0.021546556 
534 282 16 23 0.021531777 
308 166 6 7 0.021478793 
231 271 6 7 0.021419061 
320 165 6 7 0.021391805 
493 248 5 9 0.021354385 
340 243 13 19 0.021328857 
700 260 10 14 0.021321056 
242 269 7 7 0.021285394 
218 252 7 7 0.021275282 
984 236 8 10 0.021195425 
315 290 5 6 0.021192618 
818 241 8 10 0.02111861 
95 228 20 29 0.021036332 
223 257 8 9 0.021031987 
533 288 6 8 0.020949472 
801 210 4 4 0.020945506 
210 259 7 8 0.020823509 
191 295 6 6 0.020751614 
676 242 7 11 0.020739071 
463 275 5 7 0.020718917 
910 204 8 10 0.020675736 
367 283 5 6 0.020641835 
277 249 4 5 0.020626908 
571 301 14 21 0.020591777 
224 263 8 8 0.020531124 
407 225 4 6 0.020478638 
545 241 4 6 0.020442145 
744 254 15 23 0.020424621 
553 250 4 7 0.020374065 
44 261 18 22 0.020294396 
225 285 7 7 0.020273084 
343 252 9 14 0.020231474 
969 244 12 14 0.020167116 
414 288 6 7 0.020151688 
796 275 6 8 0.020138068 
576 333 7 11 0.020122224 
501 249 6 9 0.020091822 
379 265 5 5 0.02005556 
764 255 9 13 0.02003104 
