29_Students_Schoolkids_Students_Schoolkids_29_81
21
81 254 45 47 0.99961084 
779 118 114 154 0.9995528 
190 175 39 49 0.9990336 
697 306 34 43 0.92987645 
174 195 21 32 0.06078672 
534 349 9 15 0.0524118 
865 58 19 22 0.03868898 
505 381 248 457 0.035723448 
558 310 45 60 0.03127573 
798 41 23 27 0.03057969 
661 282 21 29 0.03017838 
717 282 329 400 0.0291952 
511 263 31 49 0.027402053 
461 167 10 16 0.025631703 
821 62 22 31 0.024933575 
843 232 164 213 0.024085298 
635 282 23 32 0.021796905 
595 468 8 13 0.021417065 
42 318 11 18 0.02095927 
611 289 40 58 0.020468155 
-1 551 7 21 0.020127645 
