29_Students_Schoolkids_Students_Schoolkids_29_132
17
24 0 192 212 0.9999435 
722 141 163 216 0.99990284 
476 75 153 200 0.9998294 
987 233 45 64 0.5455101 
413 166 9 17 0.22800475 
1014 80 10 19 0.10330537 
623 102 16 29 0.08045299 
458 107 9 17 0.051052444 
641 189 15 31 0.045433514 
956 181 38 55 0.037609488 
922 177 60 76 0.03334795 
256 91 14 31 0.029819686 
966 158 41 58 0.025318386 
630 176 30 55 0.024183832 
405 360 92 125 0.022502981 
397 187 10 16 0.021534203 
853 155 66 90 0.021297222 
