29_Students_Schoolkids_Students_Schoolkids_29_585
646
110 164 45 58 0.99946946 
462 51 74 81 0.99496424 
906 15 10 14 0.45453268 
911 32 20 26 0.34366545 
854 17 16 17 0.23832084 
845 548 8 15 0.23656675 
387 342 13 14 0.22889929 
281 219 7 9 0.17983016 
901 0 7 8 0.1788393 
48 355 13 10 0.17775989 
858 551 7 11 0.15233728 
646 11 9 12 0.13018513 
967 158 11 14 0.1294642 
306 311 7 7 0.12028222 
307 242 9 10 0.11728116 
786 653 11 17 0.106079295 
313 314 6 6 0.10510503 
923 2 6 8 0.10312009 
302 311 6 7 0.093577564 
989 145 11 16 0.093146704 
288 246 8 8 0.09106862 
299 316 7 7 0.09055973 
860 60 14 15 0.09043891 
277 215 6 7 0.08746168 
276 218 8 10 0.08425879 
698 1 7 7 0.08339724 
850 660 9 18 0.082621425 
336 289 7 9 0.07899691 
346 278 5 6 0.07792369 
858 503 6 10 0.07618885 
312 284 6 8 0.07505491 
895 658 11 12 0.07442959 
332 234 8 9 0.072318986 
33 622 7 7 0.06877611 
596 606 4 4 0.06874038 
564 158 61 115 0.06786279 
268 278 6 7 0.06515455 
519 588 4 3 0.064301886 
190 225 6 9 0.0641439 
914 25 9 14 0.06322029 
628 619 4 4 0.06312071 
907 41 12 15 0.06309001 
600 669 7 9 0.06296974 
935 1 5 6 0.06284856 
994 392 13 13 0.061594013 
879 14 8 10 0.061066244 
261 264 6 7 0.060339235 
337 295 8 12 0.06020965 
924 36 14 17 0.059158765 
269 283 6 8 0.058902033 
582 600 4 3 0.058716618 
589 606 4 4 0.05851971 
621 593 4 4 0.058160044 
350 237 7 9 0.057512246 
832 671 8 14 0.05749562 
971 20 9 13 0.057075094 
941 2 5 7 0.056788128 
340 277 5 6 0.05630238 
279 320 10 11 0.055474024 
803 5 9 13 0.05524966 
333 295 7 11 0.055138964 
345 296 9 12 0.05511143 
937 36 9 14 0.054731626 
288 271 6 6 0.0544487 
577 600 4 3 0.05246884 
703 0 7 8 0.05241594 
346 282 6 6 0.052322492 
869 664 10 16 0.05228073 
596 630 4 4 0.051907346 
22 629 8 8 0.05189347 
352 235 4 5 0.051722344 
602 606 4 5 0.051414803 
852 651 9 16 0.050430123 
690 3 5 6 0.05024391 
606 671 10 11 0.05017901 
577 625 4 5 0.050001834 
570 587 4 4 0.049914524 
890 658 8 10 0.04977701 
854 630 11 18 0.049559727 
38 624 6 5 0.048766565 
595 637 5 6 0.048625052 
506 593 4 4 0.04824391 
653 600 5 5 0.047821064 
848 543 7 12 0.04781314 
647 594 4 3 0.047784634 
320 284 5 7 0.04746393 
73 561 3 4 0.047398146 
635 593 3 3 0.047359306 
347 234 5 6 0.047319863 
647 617 5 6 0.047046483 
582 594 4 3 0.047031436 
499 592 4 5 0.04691352 
85 572 4 6 0.046819214 
860 10 20 22 0.04674378 
96 500 5 5 0.04671234 
708 0 8 7 0.046675276 
660 600 4 4 0.046374135 
661 604 4 5 0.04627201 
262 295 7 9 0.046040814 
327 296 6 8 0.046033062 
263 260 4 6 0.045936674 
281 215 5 7 0.0458197 
77 572 3 6 0.04561535 
947 24 8 14 0.045570217 
76 561 4 4 0.044995468 
831 77 16 14 0.044992186 
628 624 4 4 0.04488358 
277 270 5 6 0.044831336 
817 656 10 14 0.044716217 
570 619 4 4 0.04450938 
685 2 5 6 0.044170495 
865 23 12 13 0.04409347 
624 5 11 12 0.04394507 
627 599 5 4 0.043756496 
622 599 4 4 0.04366025 
628 594 3 3 0.043312453 
338 285 5 6 0.043130256 
647 599 4 5 0.043008365 
570 630 5 5 0.042745776 
873 668 10 17 0.04269882 
858 81 14 14 0.042681362 
577 594 3 3 0.042674463 
277 266 4 7 0.042511713 
590 643 6 6 0.04248827 
658 636 6 7 0.04245951 
563 625 6 5 0.04242137 
595 29 17 13 0.042256232 
319 213 5 7 0.042241935 
268 272 5 6 0.042196978 
911 46 13 15 0.042081643 
346 274 4 6 0.04191581 
298 283 8 8 0.041831344 
576 588 4 3 0.04178291 
72 566 4 5 0.041766997 
1019 424 5 7 0.041542392 
569 625 6 5 0.041511584 
941 7 7 11 0.041504458 
326 284 5 7 0.04147865 
335 285 5 6 0.04144452 
282 272 5 6 0.041355353 
608 606 5 4 0.041332003 
494 593 4 5 0.041324437 
633 1 9 9 0.041264582 
557 593 4 4 0.041219827 
520 632 4 4 0.040951714 
576 606 4 4 0.040861018 
634 599 5 4 0.040860478 
1004 147 8 13 0.040764306 
487 612 4 5 0.040757593 
633 619 4 4 0.04061778 
84 567 4 5 0.0405425 
889 32 9 12 0.040525004 
564 588 4 3 0.04047845 
647 612 5 4 0.040333312 
640 606 4 4 0.040274475 
641 594 3 3 0.040215123 
32 571 5 6 0.040068537 
311 238 7 10 0.03998695 
953 19 7 11 0.03995183 
277 289 6 8 0.039946966 
634 631 5 5 0.039867003 
565 581 3 3 0.039754827 
615 600 4 4 0.039647866 
602 610 4 5 0.039635137 
38 628 8 7 0.039574057 
952 1 6 7 0.039521076 
60 559 5 6 0.039495904 
640 600 4 4 0.03944326 
616 588 3 3 0.03942649 
909 9 8 10 0.03941634 
358 289 6 7 0.0393358 
571 593 3 4 0.03925598 
621 618 5 5 0.038861014 
552 593 3 4 0.03885845 
44 628 6 7 0.03883947 
596 600 4 3 0.038811028 
499 644 4 5 0.038781144 
856 10 9 10 0.038769104 
319 220 5 7 0.03868371 
314 279 5 5 0.038652353 
350 279 5 6 0.03859291 
614 612 5 4 0.03857827 
948 1 5 8 0.03851263 
513 593 4 4 0.038507715 
33 619 6 5 0.038496803 
912 19 9 12 0.03836591 
316 221 4 6 0.03809201 
640 612 4 4 0.03802986 
297 278 8 8 0.038002007 
518 593 4 4 0.03793781 
138 274 18 30 0.037860297 
308 285 7 8 0.03783675 
38 619 5 5 0.03781904 
899 50 9 13 0.037795372 
914 7 6 9 0.037678156 
198 291 6 6 0.037613694 
596 610 5 5 0.037490815 
608 611 5 5 0.037449334 
307 235 6 7 0.037303336 
487 593 4 5 0.03715914 
507 632 4 4 0.037149362 
998 130 5 8 0.037145488 
578 581 3 3 0.036905423 
661 625 4 4 0.036764078 
654 587 4 4 0.03663934 
269 266 4 6 0.036528554 
616 592 4 4 0.0363625 
267 290 7 8 0.036264244 
582 588 4 3 0.036254343 
908 77 9 12 0.036211774 
564 619 4 4 0.036192335 
340 274 4 6 0.0360601 
648 605 3 4 0.035869036 
830 0 9 8 0.035862744 
602 594 4 4 0.035768095 
314 213 5 7 0.03568962 
624 653 8 8 0.035639796 
5 363 8 12 0.03545628 
1012 439 6 7 0.035446137 
334 279 4 6 0.03534743 
96 497 4 5 0.035346605 
915 3 6 7 0.03532238 
582 626 5 4 0.035245817 
855 568 9 12 0.035093144 
295 646 27 22 0.035073686 
996 76 11 14 0.035035018 
583 581 3 3 0.03483415 
1020 432 4 6 0.034633797 
836 557 7 11 0.034631636 
274 223 9 10 0.034597352 
308 278 6 6 0.03441103 
993 131 6 9 0.03435635 
302 238 9 10 0.03430587 
883 2 8 7 0.034157924 
314 303 4 6 0.03408758 
883 7 8 10 0.034050353 
359 287 5 5 0.033978242 
20 590 5 6 0.03393698 
320 244 5 7 0.03390343 
591 638 5 5 0.033873204 
482 613 3 4 0.033871286 
673 618 4 5 0.033527166 
328 301 6 8 0.033519853 
902 23 9 14 0.03349231 
256 277 6 7 0.033385124 
665 605 4 5 0.033279356 
525 637 3 4 0.033240322 
69 351 11 9 0.033186957 
494 649 4 4 0.033158608 
316 225 5 7 0.033151343 
589 601 4 3 0.0329786 
545 593 3 3 0.032946818 
908 2 6 7 0.03293729 
44 625 5 5 0.032895643 
628 613 4 3 0.03287731 
556 650 6 5 0.032843545 
608 593 4 4 0.03283614 
518 599 4 4 0.03281643 
487 606 5 5 0.03281544 
24 591 6 6 0.03275348 
986 407 6 6 0.032742377 
935 9 6 8 0.032733016 
13 599 4 5 0.032530595 
33 579 4 6 0.03236356 
14 592 4 5 0.032319706 
652 612 4 5 0.032310735 
361 314 22 24 0.032274857 
319 278 4 6 0.032112375 
294 310 6 7 0.03203088 
762 225 9 7 0.032028474 
597 594 3 4 0.03200032 
570 581 3 3 0.031964745 
558 631 5 5 0.031957943 
513 599 4 4 0.031883057 
1 467 5 9 0.03187237 
1017 150 9 16 0.031846154 
819 670 8 13 0.031755712 
5 616 7 7 0.03163793 
557 588 4 3 0.03161973 
89 574 4 5 0.031579647 
584 606 4 4 0.031544697 
894 37 8 9 0.031478688 
629 21 9 10 0.03143613 
550 644 4 4 0.031435423 
854 642 9 20 0.031434093 
1 449 6 11 0.031318456 
571 600 3 3 0.031302188 
621 613 4 3 0.031248538 
545 674 6 7 0.031161256 
595 625 5 5 0.031066634 
887 1 9 8 0.030987408 
262 272 5 6 0.030873613 
52 599 5 6 0.030763676 
998 134 6 10 0.030744985 
934 394 10 13 0.030742792 
868 36 14 14 0.030733183 
1010 151 8 13 0.030674381 
584 630 4 4 0.030597068 
601 600 4 3 0.030517172 
506 588 4 4 0.030421952 
289 267 5 6 0.030369382 
549 638 5 4 0.030334083 
263 291 6 8 0.030235168 
634 613 4 4 0.03020623 
997 20 22 30 0.03011963 
33 568 4 4 0.030041993 
608 618 5 6 0.03002495 
65 573 5 5 0.029980876 
638 12 8 11 0.029963724 
609 600 4 3 0.029855506 
639 673 10 10 0.029849777 
926 7 6 8 0.029770408 
705 628 29 58 0.029700924 
994 418 7 7 0.029655028 
474 612 5 5 0.029564044 
1007 426 4 6 0.029535461 
894 51 16 25 0.029520614 
352 290 8 9 0.029476652 
571 612 4 4 0.029394533 
77 567 4 5 0.029345829 
939 11 7 12 0.029268887 
39 571 5 7 0.029254006 
26 573 5 6 0.029136365 
342 290 17 22 0.029115286 
270 224 7 9 0.029099891 
19 578 5 6 0.029098935 
944 6 8 11 0.029075809 
495 644 3 5 0.029067028 
985 412 7 6 0.029019058 
665 625 5 4 0.028979274 
20 587 5 5 0.028826497 
109 373 10 10 0.028776573 
495 639 4 4 0.028733281 
783 631 10 15 0.028681654 
938 64 9 13 0.028675595 
911 54 11 16 0.028661987 
343 234 16 20 0.028628534 
22 624 9 7 0.028611884 
32 628 7 7 0.028516324 
507 599 4 4 0.028423795 
608 623 5 5 0.0283748 
46 599 5 6 0.028355666 
327 291 5 7 0.028300576 
320 209 4 5 0.028234106 
940 25 7 11 0.028208992 
653 604 4 5 0.02813027 
564 593 3 4 0.028123647 
920 634 6 10 0.028108153 
351 283 6 6 0.02801484 
614 618 5 5 0.027921844 
558 642 5 5 0.027909525 
519 637 5 5 0.027892616 
635 605 4 5 0.02778689 
633 624 5 4 0.02774472 
816 617 11 13 0.027717013 
298 320 9 8 0.027716115 
286 296 7 8 0.027666323 
294 282 8 8 0.027618026 
609 587 3 4 0.027591078 
563 630 5 5 0.027584786 
512 631 4 4 0.027563801 
73 573 4 4 0.027562521 
964 39 18 26 0.027491111 
512 588 4 3 0.027451409 
480 599 4 5 0.027431367 
5 444 4 8 0.027428428 
917 630 4 7 0.02739977 
1019 419 5 7 0.02739977 
557 582 3 2 0.027309965 
902 33 8 12 0.02725191 
321 295 5 9 0.027176116 
51 566 5 7 0.02709457 
84 562 3 4 0.02707539 
20 573 5 6 0.027042642 
283 253 5 7 0.027028168 
621 606 4 4 0.027002772 
349 307 8 9 0.026990095 
917 634 5 9 0.026906472 
802 597 13 14 0.026889 
77 557 3 3 0.026866775 
571 606 4 4 0.02682595 
589 625 5 5 0.026748504 
895 15 7 9 0.026678381 
500 648 3 5 0.026669908 
487 600 4 3 0.026669174 
493 581 4 3 0.026656587 
1005 192 7 13 0.026638802 
1017 438 5 8 0.026636058 
679 7 8 11 0.026634278 
371 294 8 8 0.026589429 
589 630 4 4 0.026560934 
827 72 13 12 0.026477186 
33 585 5 5 0.026459105 
1032 447 15 23 0.026455997 
26 578 5 6 0.0263306 
835 544 14 24 0.026319508 
507 644 4 4 0.026256716 
369 345 10 10 0.026255263 
852 565 8 10 0.026202723 
641 588 3 3 0.02614255 
863 507 5 7 0.02614011 
869 602 9 11 0.026124457 
5 585 5 7 0.026065938 
1010 426 5 6 0.025946755 
545 581 3 4 0.025946418 
1029 188 15 28 0.025893524 
552 588 3 3 0.025826424 
33 464 7 7 0.025824973 
507 639 3 3 0.025814027 
262 277 5 7 0.025788842 
628 631 5 5 0.025784383 
576 612 5 4 0.025715008 
538 637 5 5 0.025646023 
55 628 7 7 0.02563109 
494 587 4 4 0.025591549 
524 632 4 4 0.025581848 
1010 180 7 9 0.025562493 
935 60 6 10 0.025543809 
356 295 8 9 0.025481742 
500 588 4 4 0.025446352 
945 38 16 24 0.025441678 
45 592 4 5 0.025416156 
526 644 4 4 0.025400037 
345 290 8 9 0.025362644 
577 620 3 3 0.025353879 
293 296 7 9 0.025307888 
570 637 4 5 0.02525659 
597 668 6 8 0.025246408 
551 650 5 5 0.02523392 
965 1 6 7 0.02523284 
627 606 5 4 0.02517251 
282 267 4 6 0.025147045 
589 611 4 4 0.025063623 
677 618 5 5 0.025057646 
26 568 3 4 0.025051815 
327 239 6 8 0.024882553 
623 624 4 4 0.024802543 
875 8 16 20 0.02475441 
666 630 4 5 0.024717866 
607 663 7 7 0.024651568 
498 639 4 4 0.024630435 
258 273 6 7 0.024621757 
313 234 5 7 0.024611793 
659 631 5 5 0.02455383 
1 616 5 8 0.024537371 
551 600 4 3 0.024531534 
493 599 5 4 0.024487263 
14 587 4 5 0.024481356 
65 629 6 7 0.024385583 
301 289 7 8 0.024367338 
673 612 4 5 0.024341015 
513 639 3 4 0.024286686 
1032 435 15 22 0.024273047 
558 599 3 4 0.024137896 
858 632 14 25 0.02413693 
445 455 29 26 0.024134351 
38 578 5 7 0.024123454 
989 20 11 16 0.02409938 
1010 431 5 6 0.024086053 
667 618 4 5 0.024061747 
545 638 5 5 0.024052033 
690 6 7 9 0.024029098 
888 14 8 9 0.023992648 
571 575 3 3 0.023963243 
299 332 10 10 0.023960449 
575 631 4 4 0.02393549 
614 606 5 4 0.023932364 
292 250 7 8 0.023927486 
901 44 8 12 0.023896992 
608 636 6 6 0.023891065 
634 588 4 4 0.023887943 
1008 30 17 26 0.023867944 
5 462 5 10 0.023703044 
951 27 10 16 0.02367023 
901 8 7 8 0.023645872 
1016 380 9 14 0.023617517 
363 290 7 7 0.02361194 
400 628 28 22 0.023608567 
878 27 18 21 0.023603838 
629 589 3 3 0.023585888 
474 606 4 5 0.023581324 
330 315 6 8 0.02356685 
589 593 4 4 0.023550455 
602 619 5 5 0.02348009 
583 619 4 4 0.023408167 
602 624 5 5 0.023337083 
651 2 7 7 0.023287809 
589 620 4 3 0.023264507 
512 644 4 5 0.023228412 
840 321 3 5 0.023214627 
13 621 21 18 0.023211472 
660 612 4 4 0.023180334 
78 593 4 5 0.023158792 
891 656 21 21 0.023102643 
861 578 9 13 0.022901116 
557 637 6 5 0.022888217 
649 7 9 12 0.02288575 
903 76 9 11 0.022882259 
319 310 6 7 0.022877758 
52 629 7 7 0.022875674 
199 278 6 6 0.022857571 
883 32 8 11 0.022855707 
660 593 4 4 0.02279858 
508 582 3 3 0.022794433 
595 663 5 6 0.02274763 
633 2 17 20 0.022644656 
887 509 6 8 0.02264379 
860 26 13 14 0.022623051 
906 476 5 7 0.022584809 
292 267 7 6 0.022514096 
15 614 36 35 0.022494607 
519 606 5 4 0.022489106 
44 572 4 6 0.022483826 
863 570 8 13 0.022443034 
525 588 3 3 0.022433883 
507 605 5 4 0.022433296 
197 337 10 11 0.02240992 
1032 471 15 24 0.022398755 
492 606 5 4 0.022395128 
673 605 5 5 0.02235945 
314 296 5 8 0.022333093 
1 583 5 8 0.022313436 
588 588 4 3 0.02230071 
280 228 8 11 0.022292841 
837 514 7 9 0.02225207 
47 567 4 5 0.022238845 
647 623 5 5 0.02220129 
640 619 4 4 0.022199163 
655 637 5 6 0.02219867 
24 587 5 5 0.022187749 
907 32 10 15 0.022172885 
1007 41 21 32 0.022147188 
954 8 6 9 0.02210776 
488 645 4 4 0.022101227 
45 602 6 7 0.022086782 
582 672 6 9 0.022084782 
304 632 29 23 0.022075834 
639 649 6 6 0.022034759 
551 607 3 3 0.02197488 
1009 225 15 24 0.021973705 
607 7 10 11 0.021955343 
908 96 10 18 0.021947017 
512 605 4 5 0.021914244 
679 611 5 5 0.021896735 
606 7 22 20 0.021870846 
888 26 9 11 0.021841032 
666 612 4 5 0.02182758 
1018 51 22 36 0.021804683 
744 225 7 8 0.021801604 
583 612 4 4 0.02177837 
920 630 6 7 0.021758964 
546 643 5 4 0.021706745 
630 5 11 12 0.021698976 
730 650 15 28 0.021698564 
244 278 5 6 0.021683475 
665 600 4 4 0.02161447 
1017 139 18 27 0.021606077 
328 279 4 6 0.021594666 
363 296 8 8 0.021588555 
259 234 75 81 0.021571003 
294 302 7 7 0.021554317 
302 649 13 11 0.02153966 
932 385 6 7 0.021470094 
488 650 4 5 0.021457318 
652 593 4 4 0.021446947 
373 313 12 14 0.021423645 
5 621 10 10 0.021398325 
673 593 4 4 0.021360997 
25 618 6 5 0.021313803 
487 588 4 4 0.021286437 
47 362 13 10 0.02127328 
64 586 4 5 0.021270359 
545 651 4 5 0.02124969 
978 420 5 5 0.021228723 
6 579 4 6 0.021217661 
546 588 3 3 0.021177456 
280 300 7 9 0.021176241 
307 304 5 7 0.021157762 
935 19 8 10 0.021143353 
539 674 4 6 0.021113236 
564 606 4 4 0.021093464 
647 1 7 8 0.021084541 
78 598 5 5 0.021077313 
789 652 17 24 0.021040736 
212 291 6 6 0.021032706 
558 626 5 4 0.021006923 
316 631 14 12 0.0209828 
318 315 6 6 0.020963266 
822 665 7 12 0.02095197 
306 333 7 9 0.020930601 
358 233 3 5 0.020910777 
550 674 6 7 0.020886473 
893 25 8 12 0.020879675 
596 574 4 4 0.020820878 
281 297 7 8 0.020818012 
859 521 5 6 0.020782644 
6 591 5 7 0.02077368 
654 641 6 7 0.020772709 
681 11 9 12 0.02076997 
934 26 9 11 0.02076 
961 1 6 7 0.020718154 
526 593 4 4 0.020716442 
282 258 6 7 0.020708762 
620 3 10 11 0.020701883 
1021 425 15 22 0.020692851 
799 3 9 10 0.020684976 
532 588 4 3 0.02067946 
907 81 16 26 0.020667413 
1018 0 7 10 0.020648709 
557 655 6 6 0.020643404 
1004 135 6 9 0.020638855 
1002 396 9 10 0.020638436 
928 0 4 5 0.020635342 
873 24 10 11 0.020624422 
539 670 5 5 0.020606417 
928 635 6 9 0.020582872 
530 644 5 4 0.020530894 
283 223 9 10 0.020526879 
977 405 8 7 0.02048866 
895 8 8 7 0.020480929 
84 557 3 3 0.020480886 
21 568 4 4 0.02046158 
285 316 7 9 0.020437572 
610 -19 238 147 0.020386418 
1018 182 16 25 0.020371202 
292 270 7 7 0.020353878 
1031 420 15 22 0.02032093 
620 588 4 3 0.020305514 
275 231 7 9 0.02029603 
886 33 17 20 0.020285575 
985 23 10 13 0.02024942 
291 672 10 9 0.02024773 
268 259 4 6 0.020246811 
26 340 7 8 0.020221323 
762 232 7 7 0.02021128 
38 568 5 5 0.02020192 
958 13 6 9 0.020180145 
326 244 6 7 0.020178774 
539 593 3 3 0.020175254 
672 599 4 5 0.020158311 
928 659 8 13 0.020130603 
862 612 8 12 0.020091752 
305 232 14 20 0.020029645 
266 295 6 8 0.02002806 
583 650 6 5 0.020021226 
825 526 6 9 0.0200209 
