29_Students_Schoolkids_Students_Schoolkids_29_491
25
612 231 24 32 0.9998104 
498 212 23 34 0.9993892 
418 234 23 32 0.99457526 
430 231 13 20 0.06973109 
258 329 16 10 0.046867337 
596 749 22 20 0.04202787 
659 715 42 40 0.03704164 
296 380 14 12 0.036563948 
173 314 17 13 0.03598309 
409 232 17 29 0.03595242 
706 447 32 21 0.033697776 
645 727 28 28 0.027566798 
699 388 375 393 0.027475493 
92 427 12 9 0.026867049 
853 341 33 42 0.02650401 
362 45 46 47 0.0247612 
194 335 30 19 0.02453437 
180 630 6 5 0.023039028 
571 752 13 12 0.022403795 
244 324 15 9 0.022088032 
166 559 8 5 0.021185296 
17 275 13 9 0.020963067 
305 461 10 7 0.020770485 
824 578 15 11 0.020093769 
278 352 14 10 0.02006272 
