40_Gymnastics_Gymnastics_40_47
38
594 71 66 92 0.9987287 
993 5 20 30 0.67341757 
6 131 20 33 0.57152295 
995 477 21 52 0.5034488 
445 77 17 30 0.23790683 
337 41 18 34 0.1368408 
43 134 17 32 0.09264011 
161 242 16 27 0.09182995 
815 495 29 45 0.07688716 
879 13 36 56 0.07598201 
482 151 18 26 0.061261944 
817 496 11 19 0.056774486 
530 409 80 97 0.049514756 
796 132 19 29 0.047984745 
50 -43 301 421 0.046162907 
938 11 19 25 0.045594286 
984 66 19 29 0.036849193 
427 583 12 14 0.03257395 
97 148 34 47 0.030939838 
739 55 11 18 0.030159976 
39 27 13 18 0.027822398 
770 52 12 15 0.026775368 
978 675 20 41 0.025584124 
129 168 18 29 0.025265384 
682 390 35 54 0.024632214 
78 343 22 28 0.024108721 
1005 489 24 42 0.023924964 
744 447 25 34 0.023512721 
906 198 43 53 0.023326956 
150 174 20 29 0.023258397 
1002 479 9 21 0.022145422 
651 46 269 477 0.021976518 
562 390 81 92 0.021602515 
177 268 12 16 0.021494837 
118 11 18 27 0.021260325 
482 337 159 220 0.020708228 
94 4 34 40 0.020354172 
87 42 12 23 0.020145254 
