40_Gymnastics_Gymnastics_40_175
33
564 210 53 62 0.9886884 
115 223 55 51 0.58519936 
205 78 58 62 0.5265944 
575 343 48 50 0.46103668 
652 348 48 74 0.2573581 
446 333 37 64 0.10911412 
130 250 52 45 0.09527574 
457 315 44 59 0.08216598 
184 237 38 42 0.05504976 
572 454 304 385 0.04609132 
655 176 26 27 0.045815635 
592 224 57 64 0.04446992 
668 173 44 46 0.039589748 
151 227 52 47 0.038220704 
605 181 70 98 0.035284963 
817 59 12 15 0.033008907 
165 93 8 12 0.032482576 
136 357 30 40 0.031897925 
480 320 43 62 0.03189493 
699 175 16 13 0.031370923 
757 685 35 40 0.030865178 
140 217 26 37 0.029392859 
390 245 276 366 0.028774243 
332 287 24 36 0.026678473 
661 364 71 98 0.026469823 
597 316 43 69 0.023922948 
481 356 42 63 0.022057168 
463 635 33 80 0.022009457 
555 184 45 57 0.021446398 
653 184 43 66 0.020639202 
829 67 12 14 0.020332446 
378 581 44 51 0.020220725 
119 240 26 40 0.020142457 
