40_Gymnastics_Gymnastics_40_698
47
252 43 41 53 0.9997205 
584 45 33 38 0.9795491 
357 78 37 37 0.9779679 
863 39 33 40 0.97374433 
629 31 30 22 0.93442106 
781 93 40 32 0.8391487 
298 118 48 45 0.62202674 
157 -1 24 18 0.354897 
555 583 42 90 0.31628245 
570 135 42 44 0.22745745 
205 380 32 54 0.21542077 
201 21 34 47 0.21041413 
530 15 26 33 0.20320241 
131 16 26 23 0.10453692 
801 467 33 59 0.10390694 
271 396 29 50 0.07784543 
773 476 38 57 0.07632814 
714 187 23 26 0.07488485 
179 43 21 38 0.074227236 
574 175 154 166 0.07259763 
961 24 14 15 0.05688769 
231 416 49 52 0.052745078 
528 321 39 62 0.050408546 
610 253 90 83 0.04643883 
222 380 38 52 0.046282448 
187 38 32 50 0.046250556 
46 279 19 37 0.0378365 
534 11 15 19 0.034510985 
412 194 11 16 0.03446337 
243 382 39 57 0.034367494 
126 10 44 47 0.032566782 
131 43 46 62 0.031224925 
780 499 44 56 0.031181982 
494 128 325 294 0.029218942 
690 71 20 30 0.026675776 
25 37 37 57 0.026128633 
922 77 13 16 0.025701286 
186 370 37 55 0.025064502 
816 449 27 61 0.024965027 
794 6 21 19 0.02414799 
836 83 39 42 0.023703238 
762 450 34 63 0.023240583 
508 303 44 61 0.022349566 
812 82 40 44 0.021363074 
157 42 39 54 0.02098864 
491 338 41 71 0.020701308 
174 3 11 11 0.020636959 
