40_Gymnastics_Gymnastics_40_460
28
488 184 94 120 0.99419075 
390 61 38 37 0.11001535 
436 52 36 35 0.059248943 
454 161 53 91 0.047867626 
399 59 58 63 0.047150075 
435 89 30 51 0.033769213 
770 1039 58 85 0.032127682 
972 330 5 10 0.027850933 
751 159 14 20 0.02596555 
971 321 5 8 0.02572736 
981 338 5 9 0.02512485 
963 321 5 9 0.024683947 
981 321 5 9 0.024450008 
437 55 71 56 0.024326477 
972 337 5 10 0.023711959 
971 266 5 10 0.023560487 
981 330 5 9 0.022849033 
455 102 15 25 0.022654558 
971 566 6 11 0.022420596 
980 567 6 10 0.021670364 
971 274 5 10 0.021453211 
981 313 5 8 0.021201666 
158 139 3 7 0.021119498 
962 541 6 11 0.020974074 
944 459 5 9 0.020815708 
944 319 6 11 0.020521902 
971 559 7 10 0.02014298 
962 265 6 10 0.02009409 
