40_Gymnastics_Gymnastics_40_845
22
398 129 63 89 0.9989102 
149 177 37 102 0.22291605 
821 140 149 314 0.15614231 
794 147 26 21 0.095750116 
813 264 52 77 0.09463296 
688 410 80 149 0.04892727 
611 383 121 202 0.0378965 
339 -1 16 13 0.034658767 
808 234 18 41 0.03402964 
553 477 94 80 0.0332268 
392 38 11 14 0.030999826 
788 202 66 90 0.030680409 
940 10 20 26 0.02769321 
826 178 80 142 0.026354268 
636 433 9 15 0.025205433 
636 417 20 38 0.024912288 
519 450 159 159 0.02462916 
265 312 23 37 0.022472426 
692 497 99 161 0.02168675 
958 500 25 23 0.021033496 
348 126 19 40 0.020724626 
322 224 42 55 0.020246152 
