40_Gymnastics_Gymnastics_40_484
24
495 271 76 99 0.99981457 
833 71 37 59 0.6121598 
481 74 36 69 0.181733 
475 210 49 61 0.104086176 
978 379 20 28 0.09014809 
1014 424 11 22 0.0800629 
812 210 33 55 0.0783039 
19 287 19 27 0.07002968 
991 318 29 49 0.06673926 
730 334 70 141 0.04563349 
222 213 39 56 0.043258067 
1006 323 37 67 0.035756122 
-3 586 37 102 0.035315167 
738 328 23 26 0.032379113 
310 176 8 7 0.031236738 
740 372 353 407 0.029626802 
775 302 26 31 0.02923651 
243 -103 158 233 0.029028047 
987 192 30 56 0.028984625 
431 136 22 31 0.02818713 
639 76 48 73 0.02683139 
1002 633 18 33 0.026008558 
331 188 5 7 0.025996814 
270 640 36 42 0.023779413 
