40_Gymnastics_Gymnastics_40_642
61
86 278 48 61 0.9997576 
416 270 45 59 0.9996487 
784 296 47 62 0.99958664 
208 271 40 55 0.9995028 
625 286 52 64 0.9991948 
867 244 59 67 0.99918586 
338 316 40 51 0.99905246 
528 286 48 56 0.998966 
265 341 35 46 0.99864143 
295 295 20 24 0.9528439 
267 289 17 25 0.16190735 
279 291 9 15 0.111915894 
0 297 7 18 0.10914002 
245 319 24 34 0.104994744 
708 318 39 47 0.09221292 
17 331 8 17 0.08610803 
259 280 20 24 0.083111 
304 299 21 28 0.08238671 
284 290 9 13 0.078413896 
295 336 23 34 0.07833271 
1017 290 8 12 0.06299126 
998 297 8 12 0.061152216 
302 339 34 47 0.046850227 
3 299 7 13 0.0460725 
1013 292 5 8 0.045273934 
1017 297 9 16 0.044046935 
1019 288 15 22 0.043662302 
271 285 11 17 0.043499753 
1016 348 9 18 0.04143601 
1007 287 5 7 0.040921703 
1010 289 5 7 0.039326593 
608 283 21 39 0.03911287 
69 326 20 25 0.038461395 
294 291 11 16 0.038345583 
282 293 18 24 0.03179995 
465 394 44 52 0.02930858 
1018 306 9 18 0.02839069 
588 282 32 49 0.02726816 
598 335 15 18 0.026706101 
55 331 11 16 0.026686754 
294 314 27 33 0.026552891 
303 270 12 13 0.026453698 
-1 22 5 17 0.02570774 
1012 297 7 13 0.025272243 
992 339 42 74 0.024904005 
1003 293 7 10 0.024739739 
317 289 12 15 0.024707897 
876 750 11 10 0.024464913 
959 289 11 14 0.024205493 
4 316 16 29 0.024096439 
254 298 22 35 0.023910992 
597 312 40 46 0.02257145 
863 746 25 22 0.022129936 
1028 304 16 30 0.02183295 
1025 413 19 34 0.021573987 
366 7 16 10 0.021199673 
290 390 38 62 0.021087173 
46 395 15 16 0.020947203 
-1 631 17 28 0.020945918 
42 341 11 17 0.0206287 
319 296 18 28 0.020611217 
