40_Gymnastics_Gymnastics_40_1043
48
343 425 18 26 0.9975465 
956 408 18 30 0.99602306 
550 481 21 26 0.99514306 
555 418 16 24 0.9943527 
882 427 17 24 0.9932596 
784 409 17 23 0.99208504 
840 457 18 20 0.7997616 
892 528 12 19 0.4146939 
83 657 18 41 0.32422027 
817 482 10 14 0.11126849 
523 546 11 11 0.104555376 
382 429 15 24 0.08930322 
954 481 20 31 0.080134444 
716 544 9 18 0.07593931 
861 431 17 23 0.056704972 
571 459 13 14 0.0525547 
716 460 5 8 0.037527207 
865 520 10 14 0.03420001 
934 530 9 15 0.032637335 
539 474 20 26 0.031456783 
1033 559 15 26 0.030799923 
715 511 5 11 0.02980177 
1049 647 21 31 0.028865907 
528 457 17 26 0.025378155 
835 463 14 19 0.025314257 
545 425 10 16 0.024582453 
772 497 7 10 0.02443613 
693 576 13 30 0.024431972 
69 667 24 40 0.02384062 
371 201 167 194 0.02369587 
779 639 119 88 0.023011038 
106 712 37 51 0.022978405 
772 426 9 13 0.02296633 
540 29 165 130 0.022834819 
562 460 19 23 0.022610888 
900 428 10 19 0.02257081 
358 609 4 6 0.022048289 
360 612 4 5 0.021973304 
55 655 18 32 0.021369394 
1051 550 12 22 0.021236328 
1050 629 17 29 0.020928638 
567 534 116 117 0.020778647 
716 485 5 9 0.020701064 
845 495 11 14 0.020403173 
579 256 139 138 0.020269552 
846 408 9 11 0.020104593 
862 445 19 23 0.020071847 
1035 548 15 24 0.020067127 
