40_Gymnastics_Gymnastics_40_197
28
484 462 119 202 0.9990264 
632 1490 79 85 0.5999877 
525 1029 52 97 0.45014283 
433 313 229 353 0.3174205 
724 1295 49 81 0.3075583 
487 1517 73 94 0.08923657 
830 1188 46 64 0.081745714 
943 1331 36 65 0.06696694 
354 179 402 712 0.06586886 
114 843 36 67 0.06218277 
924 338 40 68 0.0604967 
940 749 83 187 0.05334614 
247 1150 46 94 0.05270974 
189 900 33 61 0.05237561 
310 1510 59 85 0.04885115 
658 477 104 174 0.037762124 
92 625 35 60 0.037181552 
72 1053 67 87 0.03551387 
958 677 24 39 0.029792344 
628 1522 109 133 0.02874369 
995 829 30 70 0.028423073 
76 994 55 95 0.028371079 
852 1504 13 23 0.027681813 
145 1503 113 147 0.026033321 
983 1333 30 58 0.024704468 
707 1274 90 156 0.02295504 
260 446 25 44 0.020886652 
265 57 30 42 0.020685436 
