40_Gymnastics_Gymnastics_40_740
187
395 769 225 355 0.99987817 
49 1347 13 18 0.24281701 
980 1297 12 20 0.23242688 
954 1363 12 23 0.22176343 
172 1369 11 16 0.19544853 
828 1384 11 17 0.18793462 
982 1227 10 14 0.18201406 
30 1328 15 20 0.16784465 
973 1301 12 18 0.15157592 
68 1294 14 15 0.15095775 
861 1509 15 16 0.14778402 
123 1387 13 15 0.1469046 
980 1273 12 18 0.13921744 
988 1300 10 18 0.13718474 
143 1367 12 17 0.13231516 
881 1308 12 15 0.1293571 
131 1346 12 15 0.12585649 
837 1326 14 16 0.109649435 
945 1223 10 15 0.10440366 
146 1284 11 13 0.09701648 
960 1405 14 23 0.09232445 
170 1385 13 20 0.0889131 
990 1426 12 20 0.079091795 
1002 1329 11 18 0.07601762 
60 1302 15 17 0.07563216 
162 1350 12 16 0.07558056 
843 1321 14 18 0.07405742 
28 1298 16 19 0.07370731 
987 1272 10 18 0.07046594 
900 1350 12 16 0.07012174 
840 1307 12 15 0.06638171 
108 1281 15 16 0.065885246 
104 1344 14 18 0.06456013 
865 1363 12 19 0.061847113 
538 556 377 753 0.058935124 
982 1391 12 22 0.057586238 
916 1224 11 14 0.05558201 
988 1226 9 13 0.055170026 
949 1263 9 14 0.0511906 
111 63 213 311 0.050344467 
17 1345 15 23 0.049896523 
873 1338 15 19 0.049763516 
23 1501 11 18 0.0485271 
167 1375 13 17 0.048439857 
172 1330 10 16 0.048059188 
933 1506 16 18 0.048005328 
100 1312 12 16 0.047503937 
136 1327 11 16 0.047239788 
855 1502 14 20 0.046835527 
72 1438 16 26 0.046600547 
118 1340 13 16 0.046324573 
27 1415 14 18 0.044670306 
948 1291 12 18 0.04398814 
79 1407 15 20 0.043617006 
81 1492 15 18 0.042660557 
4 1476 13 27 0.042609107 
24 1395 12 19 0.041508365 
921 1386 12 21 0.041488957 
21 1337 13 19 0.040726937 
883 1315 14 20 0.040659457 
39 1480 17 24 0.040620055 
935 1367 10 17 0.03906649 
935 1331 12 13 0.03905683 
998 1219 50 71 0.038071312 
847 1499 13 20 0.03701843 
981 1377 12 21 0.03682952 
881 1492 13 20 0.03599414 
834 1378 11 18 0.03596419 
569 382 138 111 0.035742473 
174 1310 10 17 0.03526809 
914 1327 13 16 0.034982335 
1002 1364 12 23 0.034965556 
818 1367 11 19 0.03450708 
27 1421 19 27 0.034181133 
54 1308 14 16 0.034165256 
39 1337 12 19 0.03386837 
137 1397 14 16 0.033649918 
149 1432 14 19 0.03361131 
976 1226 8 13 0.03357311 
117 1395 14 16 0.033403162 
950 1412 29 46 0.033184778 
997 1299 10 20 0.03253509 
972 1339 12 20 0.031995222 
95 1352 15 23 0.03195735 
-45 -174 483 651 0.03179687 
814 1458 13 23 0.03146315 
977 1233 8 12 0.030561732 
136 1372 14 18 0.030409858 
981 1340 11 19 0.030288728 
25 1317 12 20 0.0292676 
967 1441 17 32 0.02877887 
821 1386 11 17 0.02875893 
118 1378 16 15 0.028393773 
996 1432 10 17 0.02837839 
504 271 4 7 0.028337238 
990 1369 10 16 0.028316868 
10 1352 16 26 0.028280606 
975 1276 12 20 0.027791126 
990 1253 9 13 0.02745547 
132 1322 9 12 0.027410358 
144 1339 11 15 0.027202627 
497 271 4 6 0.026611647 
152 1282 11 14 0.026555821 
982 1219 7 9 0.026505109 
112 1293 112 118 0.026437042 
204 1415 9 12 0.026431274 
835 1472 11 20 0.026349766 
622 390 41 45 0.026190227 
873 1469 12 20 0.025945894 
476 290 4 6 0.02593217 
972 1282 23 34 0.02577344 
903 1475 16 23 0.02573116 
882 1334 14 20 0.025700629 
999 1223 9 13 0.025676504 
911 1434 13 20 0.025658192 
159 1379 9 13 0.025557429 
928 1514 28 37 0.025494007 
987 1232 9 13 0.025392998 
954 1256 7 10 0.025300296 
993 1219 7 10 0.025263658 
515 271 4 7 0.025255367 
992 1244 9 14 0.024963927 
716 233 4 7 0.024858817 
990 1337 10 19 0.024735816 
505 280 4 7 0.024652807 
884 -4 39 34 0.024287181 
1005 1281 44 69 0.024009125 
158 1355 12 17 0.023873176 
119 1370 12 14 0.023685725 
88 1364 13 17 0.02358832 
847 1376 11 19 0.023544928 
68 896 13 20 0.023444107 
127 1369 12 15 0.023368808 
496 299 4 7 0.02327117 
951 1378 13 22 0.02318162 
467 318 4 8 0.023123782 
649 242 4 6 0.022904508 
983 1253 10 14 0.022707554 
916 1386 11 18 0.022687992 
786 20 234 237 0.022669785 
689 233 3 6 0.022429828 
486 280 4 7 0.02236086 
124 1403 17 20 0.02235375 
136 1389 12 15 0.022288235 
895 917 14 19 0.022285614 
974 1300 22 32 0.022241507 
524 271 4 6 0.022219775 
1001 1271 8 15 0.022213833 
143 1405 13 17 0.022016134 
640 242 4 6 0.021967093 
496 280 4 6 0.02187949 
19 1396 24 37 0.021753168 
38 1373 13 19 0.021693548 
973 1378 11 17 0.021671947 
505 308 5 8 0.021659082 
856 1512 25 33 0.021658115 
989 1264 8 15 0.021651803 
930 1490 14 22 0.021649608 
649 261 4 6 0.0213261 
495 308 4 8 0.021162366 
982 1265 10 15 0.021117883 
448 319 3 7 0.020993082 
942 1365 11 21 0.020985028 
974 1219 7 10 0.02097464 
120 1333 11 13 0.020970937 
391 1086 16 27 0.020911807 
876 1318 12 17 0.020889735 
467 299 4 7 0.020812213 
486 290 4 6 0.02075172 
1008 1334 9 17 0.020646645 
648 252 4 6 0.020604027 
668 213 4 7 0.020537335 
697 213 4 7 0.020482272 
140 1481 18 20 0.020430624 
466 291 4 6 0.02036789 
109 1405 14 18 0.020321477 
1006 1452 12 26 0.020314086 
505 290 4 7 0.020227665 
983 1368 10 17 0.020157704 
477 270 4 6 0.02015628 
969 1316 13 18 0.020130908 
696 232 4 7 0.020106895 
868 1311 9 11 0.020097183 
963 1479 13 20 0.020080915 
825 1508 12 16 0.020066958 
476 299 4 7 0.020029392 
80 1391 13 18 0.020010114 
