40_Gymnastics_Gymnastics_40_894
65
413 181 131 171 0.99996626 
132 508 20 23 0.84505945 
98 522 17 20 0.47841132 
118 517 13 15 0.39742956 
49 579 11 15 0.18784319 
57 579 12 15 0.16377753 
23 597 9 13 0.10137394 
64 580 10 13 0.09193041 
125 515 14 17 0.07672839 
28 588 7 11 0.061017387 
19 600 9 15 0.05978711 
108 519 14 15 0.05502165 
45 585 9 13 0.053258058 
41 596 10 13 0.050328344 
26 581 8 11 0.04054828 
67 732 6 11 0.038746674 
1006 720 12 23 0.03710297 
55 596 12 15 0.03682561 
74 586 10 15 0.03461656 
32 579 9 12 0.033885755 
57 578 25 29 0.029163904 
984 300 4 7 0.028735515 
878 1354 9 14 0.02807126 
51 574 10 12 0.027965037 
57 574 10 11 0.027609557 
197 437 8 21 0.027327994 
150 508 10 19 0.027088296 
975 300 4 6 0.02692433 
139 1266 4 6 0.0253523 
83 595 8 13 0.025286335 
96 511 9 10 0.025275232 
199 977 3 6 0.025274713 
685 1154 4 8 0.024785917 
33 597 9 12 0.024409804 
180 1137 5 8 0.02427481 
64 734 5 9 0.024188962 
855 933 4 5 0.02412231 
224 872 5 8 0.023929419 
735 1291 5 7 0.023506168 
830 1027 5 8 0.02312014 
25 609 12 16 0.02273612 
720 1283 4 6 0.022577843 
460 277 11 15 0.022538133 
66 607 13 18 0.022493783 
847 975 4 7 0.022484584 
109 515 24 27 0.022315573 
651 1291 5 6 0.022164693 
252 807 376 664 0.022089664 
831 940 4 7 0.021962652 
847 933 4 6 0.021431826 
950 824 28 45 0.021081457 
43 573 8 10 0.020916894 
753 1196 4 7 0.02088242 
847 941 4 6 0.020733735 
173 1138 4 7 0.020715458 
241 950 4 7 0.020701827 
162 1085 5 9 0.020609945 
830 1033 5 8 0.02053745 
991 300 4 7 0.020356178 
101 506 7 8 0.02029763 
215 1120 5 8 0.020257618 
198 1067 5 8 0.020227099 
127 448 9 15 0.02020393 
659 1301 4 6 0.020190597 
111 514 10 10 0.020095177 
