40_Gymnastics_Gymnastics_40_920
786
747 125 76 92 0.9996309 
259 169 61 78 0.9989145 
397 173 59 79 0.99826753 
121 158 63 81 0.9970415 
572 155 68 82 0.99644285 
478 166 65 85 0.9956886 
959 223 9 11 0.26278853 
934 493 23 20 0.2618224 
376 403 6 8 0.18891557 
1008 218 6 8 0.18886639 
202 493 10 14 0.16880946 
314 440 16 19 0.16119276 
442 409 8 9 0.15020005 
973 237 6 6 0.14242314 
961 219 6 7 0.13513605 
870 59 4 6 0.13378404 
207 468 11 14 0.12958066 
1012 310 6 11 0.12779638 
943 345 11 11 0.12563135 
991 236 6 6 0.12108388 
866 60 4 5 0.11812923 
1010 338 6 11 0.1169079 
903 47 4 6 0.113974415 
666 86 4 5 0.11108496 
162 458 10 17 0.110087015 
992 232 6 7 0.109501086 
221 435 9 10 0.10860521 
1019 238 4 8 0.10798053 
270 434 14 16 0.106488094 
1018 242 5 8 0.10571275 
981 224 4 6 0.10528979 
987 238 5 5 0.10037687 
241 442 8 8 0.09792984 
1006 83 6 8 0.09617249 
686 72 4 5 0.094777636 
852 48 4 4 0.092090294 
185 310 42 64 0.09187004 
686 78 4 5 0.090788 
704 426 10 10 0.090623155 
878 491 11 12 0.08940831 
856 66 5 6 0.08904348 
691 72 4 5 0.08774894 
852 53 5 5 0.08650073 
667 67 3 4 0.086132385 
972 113 9 12 0.08596648 
211 450 7 9 0.08572387 
253 445 7 9 0.08551329 
981 220 4 6 0.0829054 
1016 311 7 12 0.08266382 
845 58 5 6 0.08001309 
904 97 5 6 0.07947194 
871 53 5 5 0.07930574 
891 59 4 5 0.07844235 
964 225 6 8 0.078146435 
660 134 6 7 0.07811804 
673 72 4 5 0.076038614 
1020 231 4 7 0.07559615 
673 66 3 5 0.074726395 
691 78 4 5 0.07453359 
705 73 4 4 0.07415643 
953 211 5 6 0.074020356 
890 98 5 7 0.07374573 
910 47 3 5 0.073707044 
1005 250 5 7 0.0720284 
992 262 6 7 0.07190223 
453 407 6 8 0.07135483 
984 220 5 6 0.06977705 
959 38 5 7 0.069602825 
0 549 5 15 0.06955489 
25 535 11 12 0.069502205 
678 97 5 5 0.068910636 
845 54 4 5 0.068438515 
673 79 4 4 0.0681449 
699 117 3 5 0.06798761 
853 65 5 6 0.06753701 
732 54 3 4 0.06729072 
877 59 4 5 0.066749975 
77 203 7 15 0.06605746 
640 109 5 6 0.06563044 
921 64 6 8 0.06555329 
974 233 5 5 0.06548807 
984 224 5 6 0.065444835 
237 445 9 9 0.06521846 
978 238 5 5 0.06519507 
991 257 6 7 0.06501876 
660 103 4 5 0.064964935 
667 73 3 4 0.06449963 
210 435 7 10 0.064074785 
640 72 3 4 0.06344475 
423 422 23 20 0.062938064 
1012 333 5 9 0.06280142 
856 69 5 8 0.062789835 
949 504 14 14 0.06260437 
1018 330 5 10 0.061674487 
857 53 4 5 0.06089779 
246 435 7 8 0.060671784 
1015 486 10 20 0.060365006 
711 73 4 4 0.060274854 
955 194 4 4 0.06017687 
952 208 4 5 0.0601444 
679 73 3 4 0.059826743 
775 440 7 9 0.059459075 
698 72 4 5 0.059200626 
891 53 4 6 0.059029978 
660 85 4 4 0.05862424 
706 78 4 5 0.05860214 
233 137 4 5 0.058115263 
979 233 5 5 0.05810908 
883 60 5 6 0.05747576 
889 44 4 7 0.05686876 
660 91 4 5 0.056572996 
1017 262 6 9 0.05628887 
853 70 5 7 0.05621892 
647 66 4 5 0.055763114 
1009 223 6 8 0.05565878 
877 53 4 5 0.055625748 
699 67 3 4 0.055585653 
679 78 3 5 0.05558461 
666 90 4 5 0.055501945 
840 54 4 5 0.055490047 
991 251 5 6 0.0554763 
672 91 4 5 0.054952927 
660 79 3 5 0.054673728 
698 79 3 5 0.054627463 
673 98 5 5 0.05442829 
640 67 4 4 0.054420635 
390 412 40 47 0.054148186 
858 47 4 5 0.05414758 
641 60 4 5 0.05395657 
1018 30 7 11 0.053599566 
897 91 4 5 0.052911904 
932 573 9 19 0.05287075 
871 47 5 5 0.05282955 
723 66 4 4 0.05279121 
660 72 3 4 0.052728403 
909 51 4 6 0.05272483 
226 459 25 27 0.052526243 
1006 263 5 6 0.05231089 
972 243 6 7 0.052080143 
673 61 3 4 0.05164694 
1018 317 7 11 0.051191494 
1012 239 6 6 0.050788652 
995 232 6 7 0.05078155 
671 85 4 5 0.05072139 
719 67 3 4 0.05046149 
897 513 37 48 0.050453775 
1013 328 4 7 0.050444163 
691 92 4 4 0.050369434 
846 49 4 3 0.0502724 
833 41 3 5 0.05005847 
698 86 3 4 0.050028205 
338 389 7 9 0.049913313 
814 60 3 4 0.04967199 
243 148 7 8 0.04926616 
647 78 4 5 0.04864816 
1011 256 5 7 0.048577815 
889 39 5 7 0.048541833 
686 85 3 5 0.048168942 
716 72 4 4 0.04813073 
1017 292 7 11 0.04806743 
865 53 4 4 0.04802575 
675 380 22 26 0.047726404 
660 67 3 4 0.047595736 
692 86 3 4 0.04756449 
641 78 3 5 0.04752888 
858 35 4 4 0.047318302 
866 493 24 22 0.047164463 
742 108 7 9 0.046777364 
427 422 12 10 0.04667897 
151 448 7 11 0.046655234 
987 233 4 6 0.046583336 
885 45 4 6 0.04643486 
237 141 4 5 0.046419114 
614 120 7 7 0.046365388 
159 451 10 13 0.046328876 
1003 245 4 5 0.046265963 
237 137 3 5 0.046207566 
914 46 4 6 0.046198666 
608 79 4 4 0.046161745 
668 61 3 4 0.045937337 
1019 82 5 9 0.04586886 
904 78 5 6 0.045712017 
654 79 4 4 0.045650978 
654 98 4 4 0.045490235 
653 72 3 5 0.04519612 
864 48 4 4 0.045121793 
895 59 3 5 0.04504114 
648 72 4 5 0.044994965 
698 93 4 4 0.044863597 
934 33 5 6 0.04479909 
302 417 19 24 0.044608977 
1018 58 5 9 0.044563983 
267 140 8 8 0.04453632 
263 413 9 10 0.044379737 
218 424 6 7 0.044288058 
182 482 18 26 0.043891888 
865 63 5 6 0.04382682 
276 124 4 5 0.04369825 
678 66 4 5 0.0435183 
218 506 9 19 0.04347448 
338 386 5 6 0.043424807 
946 496 15 14 0.04337482 
705 93 4 4 0.04332408 
883 113 5 8 0.04317642 
895 97 5 7 0.04293421 
981 256 6 8 0.042808954 
1019 311 13 23 0.042574123 
877 40 4 5 0.042477775 
884 34 4 4 0.042365856 
878 64 4 5 0.042147074 
708 385 5 7 0.042145915 
833 46 3 5 0.042097744 
660 98 4 5 0.042066164 
891 91 4 5 0.041801203 
260 407 21 20 0.04176465 
871 34 4 5 0.04175262 
641 97 4 6 0.04165328 
710 78 4 5 0.041630946 
640 92 4 4 0.04160622 
678 92 4 4 0.041492205 
363 426 10 13 0.04134263 
891 63 5 7 0.041334096 
1014 339 13 26 0.041315764 
998 237 5 6 0.041191477 
943 198 5 6 0.041112453 
973 226 4 5 0.04105469 
660 117 5 5 0.040901925 
692 67 4 4 0.040853105 
626 129 6 7 0.040743165 
666 79 4 4 0.040707007 
966 214 5 5 0.04047743 
209 440 5 8 0.04043809 
647 60 4 5 0.0403669 
1020 96 5 8 0.040362887 
872 40 4 5 0.040311486 
1018 249 5 7 0.04027162 
667 437 27 31 0.04009856 
1006 256 5 6 0.04009279 
851 59 5 5 0.039949454 
962 215 4 5 0.03991233 
985 256 5 8 0.03986897 
1011 251 5 6 0.039867856 
635 72 3 4 0.039853822 
1020 217 5 8 0.039717913 
719 140 8 10 0.039693102 
1012 231 5 6 0.039648954 
717 123 5 5 0.039595053 
711 66 3 4 0.03956077 
685 129 4 6 0.039515357 
878 34 3 4 0.039483488 
1012 318 5 9 0.03933228 
895 64 5 7 0.039175224 
653 117 4 6 0.0390416 
243 135 5 5 0.038764793 
616 86 4 5 0.03870578 
680 85 3 4 0.03863169 
603 531 85 185 0.038606036 
993 226 5 5 0.038587075 
965 219 4 5 0.038523342 
846 65 4 5 0.038520087 
884 39 5 7 0.03847519 
879 110 3 7 0.038330033 
244 131 4 5 0.038275547 
704 67 4 4 0.038171165 
1018 78 5 8 0.03815429 
1006 333 5 8 0.03814255 
904 83 5 6 0.038101308 
872 72 5 6 0.03806185 
904 102 5 7 0.03799871 
687 91 4 4 0.037622504 
261 459 6 8 0.037598245 
971 43 5 8 0.037406817 
259 435 7 8 0.037293177 
833 54 4 4 0.037159193 
1012 262 5 7 0.037041213 
866 493 11 11 0.037023038 
965 229 6 7 0.037003934 
959 34 5 6 0.03698404 
628 79 4 5 0.03697223 
642 54 3 5 0.03692889 
232 140 5 6 0.036881804 
654 92 3 5 0.036840364 
653 66 4 5 0.03663808 
188 490 9 13 0.03660916 
201 507 10 17 0.036504332 
808 53 4 4 0.0364705 
684 135 4 6 0.036440436 
870 64 4 5 0.036390506 
713 47 3 5 0.03637668 
6 526 13 16 0.036319382 
845 72 3 5 0.03624713 
820 60 3 5 0.036179658 
896 71 5 7 0.0361779 
1021 232 13 21 0.036049295 
653 122 5 5 0.03597096 
986 269 6 7 0.035911534 
669 425 10 10 0.03586519 
832 59 3 5 0.035844836 
896 52 4 6 0.035744876 
1006 337 6 11 0.035691485 
883 52 4 6 0.03564855 
616 92 4 5 0.03556341 
615 97 4 6 0.035558924 
980 455 8 15 0.035329025 
456 392 6 7 0.035254426 
972 212 5 6 0.03523034 
903 72 4 6 0.035175126 
736 54 4 4 0.035097584 
794 47 3 4 0.035076834 
627 93 4 5 0.035053864 
655 110 4 6 0.035033155 
908 77 5 7 0.034972016 
1020 77 15 22 0.03492387 
307 145 7 7 0.0348981 
698 121 5 6 0.034791216 
1006 79 4 5 0.034728017 
946 195 4 5 0.034679845 
635 92 3 5 0.03455581 
732 135 6 7 0.03441432 
872 109 4 5 0.034400795 
1017 351 14 27 0.03431445 
1017 257 6 8 0.034228552 
627 96 4 5 0.034181386 
570 117 5 5 0.03404856 
877 46 5 6 0.033939842 
853 41 3 5 0.033929758 
721 400 7 12 0.033876155 
922 116 6 10 0.033824146 
712 52 4 5 0.033770766 
684 124 3 5 0.033703595 
379 105 4 6 0.033638787 
725 60 3 4 0.033608582 
948 475 8 8 0.03358832 
918 65 5 6 0.033579394 
949 210 6 7 0.033462394 
279 426 10 18 0.033437725 
719 118 3 4 0.03340055 
636 67 3 4 0.033266503 
640 105 4 5 0.033217557 
287 458 10 16 0.03321129 
942 506 20 24 0.03316285 
678 427 10 10 0.033064503 
147 457 7 11 0.033063866 
933 198 5 7 0.03299248 
953 51 5 7 0.032927774 
891 33 4 6 0.032907598 
808 47 3 4 0.032883618 
705 86 4 4 0.032876506 
722 129 5 7 0.03286968 
935 76 6 8 0.03286853 
655 85 3 4 0.032865137 
890 85 5 5 0.032836903 
221 429 20 20 0.032800492 
812 53 3 5 0.03276767 
679 60 3 5 0.03274002 
788 54 3 4 0.032722645 
986 244 5 6 0.03265297 
698 97 4 5 0.032637805 
946 44 6 8 0.03263667 
447 333 233 437 0.032621916 
282 421 8 13 0.032557648 
686 67 3 4 0.032542136 
633 117 4 5 0.03253963 
883 64 4 5 0.032513715 
724 104 5 5 0.032483924 
943 195 4 5 0.032440297 
878 29 3 4 0.032412518 
665 123 4 6 0.03240402 
646 98 4 5 0.03233199 
935 46 5 7 0.032307338 
878 116 4 6 0.03220134 
659 110 4 6 0.032159504 
981 251 5 6 0.032159347 
857 40 4 5 0.032125443 
871 104 5 6 0.032016315 
314 86 3 4 0.031971652 
544 183 9 15 0.03196152 
647 117 4 5 0.031859875 
1019 251 15 23 0.03175275 
691 111 4 5 0.031738702 
299 146 8 8 0.031680334 
981 261 5 7 0.031667598 
923 53 5 6 0.03165927 
1000 244 5 7 0.031598162 
635 111 3 5 0.031586636 
986 262 5 6 0.031540748 
1019 273 6 9 0.031313322 
839 47 3 5 0.031224633 
243 143 5 5 0.031212592 
665 116 4 5 0.031210888 
467 408 10 12 0.031178005 
313 90 4 5 0.031078476 
433 417 9 10 0.031048506 
858 59 3 5 0.030963793 
1020 89 5 8 0.030956384 
935 71 5 7 0.03082423 
756 98 5 5 0.030823836 
629 117 4 4 0.030759523 
634 130 5 6 0.030670293 
375 406 8 11 0.030618317 
826 60 4 5 0.030593064 
654 103 4 6 0.030592183 
308 425 19 24 0.030557215 
872 116 4 6 0.030541565 
865 34 3 4 0.030493839 
991 266 7 9 0.030491326 
223 424 6 7 0.030485265 
986 250 6 7 0.030475667 
975 219 4 5 0.030448658 
815 65 4 5 0.030378634 
721 134 5 7 0.030354923 
386 390 7 10 0.030243034 
666 98 3 5 0.030162415 
355 370 25 28 0.03009628 
965 88 6 11 0.030065771 
640 123 5 6 0.030035306 
445 394 6 10 0.029919282 
332 410 8 9 0.029847026 
333 91 3 4 0.029803067 
395 190 8 18 0.029784046 
257 459 7 8 0.029769555 
385 349 32 39 0.029715268 
446 358 26 31 0.029714327 
647 54 4 4 0.0296734 
347 91 3 4 0.029616639 
383 403 7 9 0.02959813 
872 29 3 4 0.029475512 
730 58 4 5 0.02946926 
896 33 4 6 0.029420236 
661 122 5 5 0.029351072 
840 71 3 5 0.029285178 
370 392 9 11 0.029272506 
1013 243 6 6 0.029260786 
174 479 15 33 0.02908906 
413 409 9 10 0.029043859 
954 221 16 22 0.029026043 
368 382 11 13 0.028981393 
999 219 5 6 0.028963957 
807 40 3 5 0.028948283 
980 245 5 5 0.02890529 
169 464 8 14 0.028856384 
972 40 5 7 0.028840186 
366 98 4 5 0.028833985 
333 167 4 6 0.028761268 
788 48 3 3 0.028756868 
671 130 4 6 0.02871118 
858 111 4 5 0.028611511 
896 102 5 6 0.028514508 
460 390 6 7 0.028488075 
665 103 4 6 0.028480344 
303 414 11 15 0.028423743 
968 39 5 7 0.028403305 
934 27 5 6 0.028372478 
229 429 8 8 0.028361203 
376 404 21 26 0.028336884 
1010 345 9 17 0.02824352 
681 123 4 6 0.028242646 
290 118 3 4 0.02818534 
665 136 5 6 0.028173085 
1005 213 5 5 0.028124314 
257 130 4 5 0.028096484 
201 340 22 26 0.028058209 
690 376 8 9 0.028032493 
904 112 6 11 0.027988074 
898 46 3 6 0.02791061 
674 54 3 4 0.027891213 
949 343 11 12 0.027882164 
267 405 10 9 0.027852632 
922 59 6 6 0.027787559 
801 54 3 4 0.027774343 
692 105 4 4 0.027709847 
724 79 4 4 0.02768219 
1010 89 5 7 0.027678708 
711 60 4 5 0.027634494 
256 455 7 8 0.027564708 
659 130 6 7 0.02756182 
646 110 4 7 0.027538314 
878 85 5 5 0.027494906 
1019 52 5 7 0.027334193 
400 407 23 26 0.027310295 
903 39 3 6 0.027278908 
718 128 6 7 0.027273042 
693 116 4 5 0.027269747 
801 61 3 4 0.02726069 
149 454 17 21 0.027235782 
413 404 8 10 0.027139805 
608 120 6 6 0.02701185 
999 249 6 6 0.027000995 
794 54 3 4 0.02686461 
897 38 4 7 0.026840886 
767 497 8 10 0.026835218 
453 417 7 7 0.026833655 
909 73 5 5 0.026825566 
245 442 17 18 0.026754843 
794 60 3 4 0.026740253 
936 51 5 6 0.02671614 
647 142 6 7 0.026695328 
928 40 6 6 0.026680589 
884 29 3 4 0.026662968 
183 452 11 14 0.026644528 
666 142 6 7 0.026609302 
705 123 3 5 0.02660748 
692 97 4 5 0.02655961 
673 103 4 6 0.026521517 
370 412 8 12 0.026516624 
635 85 4 6 0.026452718 
635 122 5 5 0.026446601 
677 423 7 7 0.026401013 
1006 89 5 7 0.026368132 
445 413 8 9 0.02636487 
907 82 6 7 0.02635501 
931 589 68 120 0.026339035 
897 478 24 24 0.026298791 
802 41 3 4 0.026285881 
400 402 12 12 0.026240146 
736 99 5 4 0.026238345 
384 395 7 8 0.026205108 
896 77 5 6 0.026179535 
159 465 9 16 0.026177647 
41 490 45 43 0.026106244 
801 47 3 4 0.02608283 
909 462 7 6 0.025997592 
722 375 32 53 0.025990488 
609 98 4 4 0.025970418 
699 113 3 4 0.025945362 
667 54 3 5 0.025922358 
271 130 5 5 0.025920935 
730 111 4 5 0.025916649 
949 64 6 8 0.025872353 
876 72 4 6 0.025849806 
570 112 4 4 0.025797313 
1014 370 17 41 0.025752986 
920 68 6 8 0.025740677 
148 443 17 22 0.02573128 
337 402 8 9 0.025731219 
929 44 5 7 0.025728356 
628 134 5 6 0.025697222 
1018 338 5 10 0.025591753 
986 66 5 7 0.025590373 
670 424 23 20 0.02556315 
908 505 7 9 0.02553495 
667 428 7 8 0.025515962 
908 519 9 13 0.025510496 
956 33 5 6 0.025498126 
603 79 3 4 0.025489515 
834 80 4 5 0.025463112 
937 476 24 22 0.02544045 
1005 239 4 5 0.025430491 
326 155 5 5 0.025400026 
690 412 6 5 0.025377542 
258 434 18 19 0.025369659 
634 78 4 5 0.025364202 
915 51 5 7 0.025348334 
864 29 4 4 0.025323559 
846 41 3 4 0.025260054 
831 66 5 5 0.025210438 
4 497 9 10 0.025192704 
433 506 40 83 0.02516774 
864 116 4 6 0.025157947 
937 349 21 22 0.025144987 
681 129 4 6 0.025079865 
628 104 4 6 0.02500324 
876 104 4 6 0.024938375 
960 44 5 8 0.024935812 
647 85 3 4 0.024923561 
620 122 6 6 0.024922842 
461 384 7 9 0.024833228 
763 41 2 4 0.024794163 
626 123 5 5 0.024778305 
781 53 3 4 0.024743108 
788 59 4 5 0.024701428 
686 116 3 5 0.02468197 
696 372 6 7 0.024676234 
401 389 8 8 0.024672983 
679 109 5 7 0.024656443 
621 79 4 4 0.024634298 
942 33 4 6 0.024633711 
885 103 4 6 0.024624342 
287 434 9 16 0.024490675 
691 372 6 7 0.024474705 
1004 535 25 33 0.024423998 
232 149 4 5 0.024394976 
714 414 25 23 0.0243707 
296 111 4 5 0.024346082 
263 141 6 6 0.024343606 
813 48 3 4 0.02432458 
1036 372 24 55 0.02427521 
280 135 5 7 0.024266751 
685 98 4 4 0.024253089 
1001 213 4 5 0.024231771 
170 470 10 19 0.02421781 
646 123 4 5 0.02421554 
737 59 4 4 0.02420518 
833 35 3 3 0.024190199 
373 93 2 4 0.02410489 
341 90 3 4 0.024104884 
723 387 17 30 0.02409963 
716 53 4 5 0.024053913 
903 91 4 6 0.024050197 
827 65 4 5 0.02403141 
639 128 5 6 0.02399549 
264 138 4 4 0.023974204 
640 85 4 5 0.023967553 
906 96 5 7 0.02388836 
18 491 9 9 0.023868332 
629 73 3 4 0.023833752 
692 123 5 6 0.02381609 
1020 225 5 7 0.023775645 
629 141 6 8 0.023767158 
938 486 12 11 0.023757149 
248 453 7 8 0.023756342 
286 416 6 9 0.02375078 
705 128 5 7 0.023734115 
645 145 8 10 0.023692008 
1012 52 4 6 0.023671469 
311 142 5 6 0.02366077 
230 425 6 6 0.02361472 
313 148 5 6 0.023603784 
54 504 13 9 0.023601096 
711 98 4 4 0.0235959 
838 41 4 4 0.0235922 
681 135 4 5 0.023580799 
621 86 3 4 0.023521615 
896 86 5 5 0.023516426 
640 136 5 6 0.023506494 
295 116 4 5 0.023488203 
653 134 6 6 0.023464581 
769 48 4 4 0.023451833 
25 512 9 9 0.02345026 
206 149 5 6 0.02343994 
319 130 4 4 0.023432 
679 103 4 6 0.023431059 
891 28 3 5 0.023366679 
840 57 4 5 0.023324564 
1020 211 15 22 0.023239456 
704 118 3 5 0.023237877 
903 59 4 5 0.023197422 
334 386 5 6 0.023179444 
776 53 3 5 0.023172356 
853 35 4 3 0.023160614 
808 35 3 4 0.023151642 
996 263 5 6 0.023145456 
739 109 5 7 0.023133295 
347 380 4 6 0.023133209 
228 448 7 9 0.02309123 
32 494 34 25 0.023085602 
390 403 10 11 0.02301856 
660 141 6 7 0.022997482 
300 142 5 5 0.022987422 
914 508 8 10 0.02297175 
717 60 4 4 0.022930631 
942 38 5 7 0.022909403 
950 477 9 10 0.02288903 
704 373 5 7 0.022884637 
64 415 29 26 0.022852767 
1017 450 8 18 0.022834266 
886 98 4 6 0.022788838 
1019 206 5 7 0.02276967 
711 123 4 5 0.02276122 
1019 210 6 9 0.022739852 
955 189 2 4 0.022722427 
1001 206 4 6 0.02270286 
629 111 3 5 0.022696601 
684 50 30 42 0.022695387 
652 60 4 5 0.022686193 
941 26 5 6 0.022681681 
906 509 8 9 0.022641022 
1031 346 12 28 0.022616263 
1007 342 6 14 0.022568604 
952 70 6 7 0.022539835 
256 137 5 4 0.022484964 
272 481 12 14 0.02235507 
711 93 3 3 0.022348017 
352 91 4 5 0.022341141 
633 426 17 13 0.02234012 
990 70 5 7 0.022332827 
742 105 5 6 0.022317214 
1005 72 5 6 0.02231301 
811 101 7 9 0.022280097 
347 86 3 4 0.022231074 
242 452 8 9 0.022225961 
710 86 4 4 0.022214187 
826 72 4 5 0.022192173 
615 79 3 4 0.022174248 
243 409 7 6 0.022162983 
51 16 17 23 0.02210943 
847 117 4 6 0.022086352 
773 97 9 10 0.022084229 
353 173 5 6 0.02201773 
945 39 5 7 0.021939198 
10 507 9 9 0.0219161 
934 38 5 6 0.021892427 
361 400 9 9 0.021887232 
225 414 6 7 0.021867087 
819 65 4 5 0.021812707 
238 148 6 7 0.021809144 
268 137 5 5 0.02180801 
314 137 4 5 0.021777261 
666 129 5 6 0.021739004 
666 146 7 7 0.021731716 
930 70 4 6 0.021722287 
839 35 3 4 0.0216566 
695 439 9 12 0.02165413 
973 602 8 15 0.0216497 
1017 325 14 23 0.021646852 
647 92 3 4 0.021636115 
238 455 22 24 0.021613363 
589 110 4 5 0.021537704 
622 92 4 6 0.021505948 
1022 90 14 21 0.021455932 
372 98 4 4 0.021419927 
317 494 12 15 0.021415954 
960 194 3 4 0.02135238 
894 514 9 12 0.021319326 
347 169 5 5 0.021308048 
24 475 5 6 0.021304617 
944 519 12 13 0.0212933 
379 93 3 4 0.021265686 
1009 274 7 8 0.021247068 
827 54 3 4 0.021246875 
1022 63 13 24 0.021240143 
807 61 3 4 0.0212279 
315 80 3 4 0.021134136 
336 407 9 10 0.021124048 
641 117 4 5 0.02108179 
730 116 4 5 0.021081604 
210 149 5 6 0.02107355 
948 69 6 7 0.021066539 
1006 327 5 7 0.021050103 
46 487 30 22 0.021045022 
953 47 5 6 0.021038888 
705 97 4 4 0.021037979 
26 507 9 8 0.02103609 
220 149 4 5 0.021034408 
904 483 13 13 0.02103432 
827 34 3 5 0.021013968 
723 118 4 5 0.020994337 
699 416 6 6 0.020986049 
164 481 16 37 0.020982558 
294 130 4 5 0.020975664 
806 99 8 10 0.02096472 
622 129 6 6 0.020960404 
265 414 22 23 0.020946689 
933 468 8 8 0.02094287 
682 218 7 9 0.020940233 
982 65 4 6 0.020921085 
38 485 8 7 0.020916514 
666 110 4 6 0.020897899 
908 464 9 9 0.020891735 
941 45 6 7 0.020887602 
465 388 7 7 0.020877957 
310 91 4 5 0.02082923 
228 471 12 17 0.020773208 
927 65 5 6 0.020719398 
651 427 11 11 0.020698844 
676 369 8 10 0.020681508 
782 48 3 4 0.02063968 
946 32 6 8 0.020610211 
729 104 4 5 0.020608168 
141 470 8 12 0.020606827 
670 142 6 7 0.02057189 
391 91 4 5 0.020570716 
969 244 5 6 0.020518577 
737 49 3 3 0.020494966 
260 466 8 10 0.020487193 
756 47 4 4 0.020487139 
294 134 6 7 0.020437572 
176 471 10 17 0.020435734 
227 433 9 9 0.0203751 
851 112 4 4 0.02034685 
930 505 16 15 0.020344723 
757 41 3 4 0.020330844 
224 144 4 5 0.020303333 
320 150 4 4 0.020282328 
1003 327 14 25 0.02026683 
840 67 3 5 0.020237911 
960 108 6 8 0.020228779 
327 415 6 8 0.020224301 
851 116 4 6 0.020173533 
760 445 5 7 0.02015594 
724 72 4 4 0.020144159 
261 404 8 7 0.02008547 
610 74 3 3 0.020073704 
1010 213 5 6 0.020065296 
117 355 20 32 0.02003209 
250 443 7 8 0.02002528 
