40_Gymnastics_Gymnastics_40_566
25
464 154 60 82 0.99830854 
227 249 15 18 0.29702199 
701 205 11 19 0.08208844 
698 637 21 38 0.074056536 
583 166 322 372 0.07237428 
105 300 16 28 0.045817405 
120 369 15 26 0.04141833 
-12 418 426 395 0.038195927 
722 241 21 32 0.038147874 
762 264 18 28 0.031091383 
658 81 39 60 0.030589407 
731 0 305 371 0.029338695 
482 610 20 33 0.028885849 
0 586 8 19 0.028590733 
455 196 8 14 0.02603688 
271 283 12 19 0.025465017 
597 41 11 21 0.023766229 
286 255 11 16 0.023719724 
144 336 18 34 0.02336118 
253 154 37 63 0.022465795 
350 185 17 25 0.021799507 
184 84 10 18 0.0212273 
268 244 12 16 0.020698782 
786 220 24 42 0.020653969 
238 251 11 16 0.020227402 
