40_Gymnastics_Gymnastics_40_668
188
500 190 83 115 0.9995534 
385 172 107 137 0.99929535 
864 216 103 91 0.9992084 
651 195 84 87 0.9990828 
177 74 128 127 0.9990645 
110 268 159 156 0.99766254 
277 193 116 153 0.9943198 
212 209 128 155 0.80440444 
611 42 10 16 0.78698134 
761 245 12 17 0.77327114 
652 32 9 12 0.72424704 
674 41 9 14 0.50685227 
19 427 38 60 0.4849829 
752 33 9 14 0.4765235 
98 54 10 17 0.46504185 
639 46 8 12 0.42722198 
555 41 8 16 0.41568744 
713 44 8 13 0.38828745 
580 31 10 11 0.3821195 
695 32 9 13 0.3530622 
798 46 9 12 0.35279658 
18 40 9 13 0.34535247 
80 73 8 14 0.31358692 
17 65 9 21 0.30985272 
24 90 9 16 0.30887443 
690 33 9 12 0.30329493 
709 61 7 12 0.2674834 
848 61 15 16 0.22000697 
60 51 9 17 0.20132785 
632 33 7 11 0.16863845 
87 58 8 14 0.16303086 
437 91 9 15 0.16074708 
543 36 7 12 0.13855004 
90 40 7 11 0.13784644 
561 45 8 14 0.13716274 
784 55 11 15 0.12943418 
979 276 15 20 0.1261735 
686 35 7 10 0.12578185 
555 37 6 11 0.12357996 
23 46 8 14 0.12311619 
778 58 10 14 0.11818604 
695 55 8 12 0.11666442 
692 78 9 14 0.11518455 
673 60 8 13 0.113778405 
100 47 8 15 0.11191874 
744 227 36 52 0.10749924 
870 31 24 19 0.10606569 
588 35 7 9 0.09412361 
2 98 9 17 0.09279492 
1 84 6 14 0.08700921 
660 46 8 13 0.08515707 
59 40 8 11 0.074976906 
0 123 7 22 0.072487876 
635 45 7 13 0.07169278 
-2 388 18 44 0.070562385 
108 78 8 13 0.07029436 
105 55 10 16 0.07023497 
989 471 44 70 0.069520734 
606 33 9 13 0.06846909 
628 33 7 12 0.06313167 
587 280 37 56 0.062773265 
733 242 22 34 0.056849338 
444 33 10 14 0.05675238 
713 50 10 17 0.055695005 
82 48 7 13 0.05501551 
566 46 8 13 0.05480797 
578 65 8 14 0.054419957 
468 45 12 14 0.053834967 
108 88 9 20 0.053029306 
672 70 9 15 0.051595427 
578 34 7 9 0.049845416 
1 72 6 13 0.049535185 
674 50 9 15 0.04894601 
762 230 40 51 0.048529584 
0 98 13 36 0.047825612 
873 53 13 14 0.047527652 
1 91 6 17 0.045725532 
672 38 8 11 0.045592923 
658 74 7 13 0.045377795 
593 37 6 9 0.043829978 
676 36 8 13 0.0435777 
551 44 8 15 0.04122326 
684 40 7 11 0.04094426 
971 282 13 14 0.03999207 
862 40 13 13 0.039984234 
653 47 7 12 0.039837305 
62 79 7 12 0.039730754 
395 661 10 19 0.039696693 
854 60 23 25 0.038896374 
14 61 8 14 0.038405746 
140 131 45 79 0.03816794 
96 42 6 10 0.038071968 
441 72 138 257 0.03799688 
521 30 9 10 0.037723377 
917 40 22 24 0.036980752 
590 40 7 9 0.03635499 
72 95 11 17 0.03629368 
-1 220 31 65 0.03560079 
91 456 70 138 0.03553224 
562 37 8 11 0.03523883 
22 74 9 18 0.034736335 
1016 272 10 16 0.033998564 
71 81 7 12 0.03396001 
434 33 8 10 0.033876855 
0 403 31 56 0.03357403 
665 41 7 14 0.0322052 
866 34 16 12 0.031741433 
862 40 25 26 0.031623404 
790 53 10 14 0.03147882 
0 146 9 22 0.03118175 
26 213 13 16 0.03117607 
525 58 6 10 0.031043615 
88 49 14 24 0.030776447 
556 47 10 19 0.030633446 
618 44 9 15 0.030561198 
854 33 23 23 0.030294048 
703 79 6 11 0.030139966 
945 70 9 15 0.03003909 
753 40 11 19 0.029960623 
807 34 9 13 0.02932341 
721 40 7 12 0.028757133 
194 464 69 121 0.028438615 
539 39 7 12 0.028199717 
74 84 9 15 0.028000137 
9 574 66 183 0.027347649 
161 338 33 43 0.027083138 
680 30 5 8 0.027021723 
911 33 20 22 0.026325904 
76 68 8 12 0.02626681 
942 61 18 29 0.026174894 
13 46 7 12 0.026164751 
722 35 7 10 0.02610943 
906 41 11 13 0.02599478 
758 35 9 14 0.025745137 
731 279 34 60 0.02565661 
625 39 8 14 0.025618926 
322 131 127 200 0.025582448 
59 75 6 9 0.025085205 
88 45 9 15 0.024669776 
448 98 7 13 0.024663268 
52 53 6 13 0.024659654 
638 68 5 9 0.024555394 
651 37 8 15 0.024532864 
4 121 8 19 0.024482552 
3 78 8 15 0.02433439 
803 39 9 13 0.023978658 
597 68 6 10 0.023956658 
645 42 8 13 0.023849204 
29 46 8 14 0.023825718 
518 33 8 10 0.02382399 
59 532 37 57 0.023689624 
887 40 12 14 0.023570452 
63 97 9 15 0.023395678 
867 57 14 15 0.0233869 
619 34 8 13 0.023232302 
144 186 76 117 0.023102732 
540 31 14 23 0.023090864 
774 78 9 15 0.023049062 
653 79 7 13 0.023040354 
742 34 8 13 0.022824652 
634 68 6 10 0.02280312 
738 254 40 64 0.022771545 
941 65 8 14 0.02275776 
877 47 21 23 0.022739654 
30 86 9 15 0.022455717 
626 66 7 11 0.022428969 
644 52 7 12 0.02233035 
82 67 8 14 0.022200834 
636 41 14 22 0.021979325 
24 212 22 34 0.021921596 
-2 126 13 37 0.021902815 
847 29 14 13 0.021620411 
120 37 6 7 0.021491675 
529 60 6 9 0.021306066 
1006 485 53 83 0.021280577 
663 50 9 14 0.021258987 
759 67 7 10 0.021214474 
10 117 11 22 0.021062678 
72 66 6 10 0.020873059 
651 84 6 11 0.020799618 
75 60 7 13 0.020720964 
474 39 20 26 0.0206875 
430 92 7 11 0.020485496 
484 37 11 17 0.020319365 
587 54 7 12 0.020263873 
609 60 5 9 0.020231586 
602 54 7 12 0.02010905 
945 339 32 44 0.020013526 
