40_Gymnastics_Gymnastics_40_171
128
484 328 96 123 0.99905115 
893 1307 38 45 0.9928235 
787 1337 25 35 0.966407 
272 1182 25 38 0.9537924 
700 1301 29 44 0.93021005 
822 1217 28 42 0.90369105 
275 1082 24 36 0.88988626 
617 1209 28 41 0.88934624 
240 918 23 33 0.8871683 
96 1323 24 34 0.8802449 
843 1100 20 33 0.8418572 
375 870 17 26 0.8394295 
797 1182 27 37 0.838511 
178 878 21 33 0.77703696 
909 1111 22 34 0.7520951 
888 1056 21 31 0.70279443 
262 884 22 34 0.695601 
944 1169 23 34 0.682518 
248 1135 25 43 0.6608537 
328 862 15 23 0.6317498 
694 1179 24 38 0.61241674 
123 974 18 24 0.5991921 
54 1126 26 42 0.53443956 
720 1222 25 42 0.52494276 
768 852 19 25 0.5029078 
1 1304 26 39 0.48617348 
167 928 22 38 0.46451163 
674 1275 23 36 0.4639385 
70 1079 23 34 0.44522154 
133 895 21 34 0.441213 
198 1109 24 35 0.4023793 
33 1036 20 29 0.39198688 
169 1264 31 39 0.38709888 
323 1176 24 34 0.36866817 
199 995 18 28 0.33986485 
717 1155 21 32 0.3352137 
196 920 27 43 0.3204514 
314 968 24 35 0.3164346 
373 1126 24 38 0.31548208 
174 1035 23 34 0.3121315 
55 1337 34 37 0.28942993 
765 1100 25 38 0.24592179 
940 1101 21 31 0.2371305 
978 1061 21 33 0.22621515 
99 880 23 39 0.18079254 
198 834 21 35 0.17952585 
248 1030 27 37 0.16962624 
256 853 16 23 0.16344288 
931 1258 24 33 0.15810306 
192 1187 24 36 0.15338129 
-1 1155 24 53 0.133242 
402 814 13 26 0.12750508 
241 1114 26 43 0.11637815 
398 1205 44 60 0.09809499 
1002 1022 17 28 0.09724646 
29 1390 56 37 0.08653827 
693 875 28 39 0.082846604 
637 1001 21 31 0.07962957 
822 1047 24 32 0.07679604 
650 880 15 22 0.075573385 
654 962 24 36 0.07336135 
986 1152 26 39 0.06939918 
133 1335 58 68 0.06401844 
695 1390 40 47 0.06369389 
792 1410 35 38 0.062078383 
327 870 21 35 0.059887167 
145 1145 42 60 0.057969283 
2 1129 26 50 0.05608308 
730 881 34 46 0.049561832 
78 916 19 22 0.04890451 
33 859 24 35 0.0486638 
115 796 23 32 0.045982126 
546 998 57 92 0.04569948 
651 1313 26 51 0.045580313 
750 1071 32 55 0.044430442 
249 900 25 37 0.043870162 
252 1278 45 76 0.043698214 
890 1408 46 38 0.043008827 
316 1184 41 63 0.041623823 
679 1291 29 46 0.04155483 
294 882 17 25 0.041267462 
441 1070 18 31 0.037504353 
33 689 20 19 0.03671477 
928 1107 22 33 0.0363769 
782 855 15 21 0.034497373 
717 993 18 27 0.034395237 
66 769 18 26 0.034306403 
45 1406 64 79 0.03407863 
819 889 20 30 0.032479364 
1000 1189 19 28 0.031831175 
852 908 30 44 0.03143387 
965 973 24 34 0.031430136 
764 982 31 48 0.030154116 
670 1399 53 62 0.02927098 
95 1320 51 62 0.029150533 
65 1322 48 55 0.029026125 
158 1274 52 78 0.028930238 
137 1370 58 66 0.028501105 
174 970 18 28 0.027745686 
4 1358 108 101 0.027645526 
154 1166 22 30 0.027546193 
200 823 16 23 0.026723813 
898 1213 29 46 0.026662713 
131 851 19 25 0.02645062 
58 614 17 21 0.026396299 
928 1021 20 28 0.025740502 
194 1123 31 49 0.025565546 
275 991 24 34 0.025535094 
88 869 26 40 0.025529234 
701 866 21 26 0.024806015 
966 1206 28 43 0.02479916 
275 1192 40 66 0.024588237 
618 1318 27 47 0.024310874 
249 869 25 38 0.023130348 
67 677 19 21 0.02284913 
129 1013 18 24 0.022845335 
245 1092 27 37 0.021986896 
939 1069 17 23 0.0219307 
698 1191 39 65 0.021742655 
859 1195 31 31 0.021640027 
775 1416 33 40 0.021487042 
865 1135 171 255 0.021106755 
276 884 23 33 0.020954443 
654 49 10 17 0.020785261 
26 696 29 30 0.020444088 
391 864 15 26 0.020402675 
105 1112 26 32 0.020361608 
11 1114 30 47 0.020070016 
