40_Gymnastics_Gymnastics_40_659
23
615 326 40 55 0.99975675 
564 159 37 51 0.9997465 
455 348 41 54 0.99965024 
755 294 38 49 0.99962485 
412 477 47 65 0.9995197 
354 315 39 49 0.9992981 
676 181 34 49 0.99926525 
484 217 36 48 0.9987929 
284 191 35 45 0.9965004 
233 314 34 43 0.99447095 
413 184 32 47 0.99220216 
498 60 5 10 0.07971979 
63 334 7 17 0.055900145 
378 86 6 13 0.05368371 
5 311 6 12 0.02863765 
691 58 3 6 0.027219001 
688 58 4 7 0.025092674 
92 268 4 6 0.023956034 
816 323 23 31 0.023873158 
315 205 22 30 0.023397245 
241 133 10 17 0.02155127 
345 343 8 13 0.021026988 
121 234 7 8 0.020301385 
