40_Gymnastics_Gymnastics_40_361
26
542 480 56 48 0.6411808 
380 465 43 76 0.11610396 
479 650 15 18 0.07830396 
352 638 14 26 0.0723526 
365 634 17 27 0.065251246 
590 440 36 54 0.058969725 
671 128 394 368 0.043579824 
575 457 40 62 0.036200944 
0 644 7 21 0.033399053 
451 561 23 26 0.031985547 
825 231 92 104 0.031532243 
293 646 11 19 0.031501684 
563 430 37 36 0.031072916 
945 8 72 144 0.03056671 
451 656 18 26 0.029413551 
396 392 47 54 0.02759246 
132 649 10 17 0.027403977 
396 306 279 381 0.027250411 
537 637 11 15 0.02524619 
331 640 11 19 0.025043234 
495 662 13 15 0.024727881 
119 649 9 17 0.024590293 
199 58 56 40 0.024370145 
485 652 19 23 0.021153385 
453 553 47 47 0.020314503 
509 512 52 43 0.020182054 
