22_Picnic_Picnic_22_537
26
568 582 184 186 0.9996183 
372 761 162 187 0.9974201 
119 978 187 210 0.9681082 
444 599 181 296 0.111596785 
143 834 262 314 0.10443246 
199 436 15 22 0.07969544 
1009 282 11 21 0.07096067 
367 232 311 251 0.055707444 
262 428 96 153 0.04785938 
685 435 445 489 0.042200778 
1004 276 11 21 0.034148928 
715 560 40 57 0.032541595 
992 288 9 13 0.031926423 
990 263 12 20 0.030598963 
417 -13 123 130 0.029905874 
1010 198 12 21 0.029382205 
852 475 28 38 0.027222315 
236 625 15 22 0.025891995 
191 793 67 69 0.02524441 
-21 -84 256 268 0.024633523 
-6 -5 61 55 0.024334593 
830 1124 42 47 0.024257468 
232 631 28 35 0.023505423 
878 440 11 15 0.021286527 
1010 315 10 16 0.020778183 
47 581 672 785 0.020409754 
