22_Picnic_Picnic_22_10
20
571 215 57 76 0.99745744 
398 122 65 77 0.9955252 
775 169 60 92 0.9875945 
272 117 62 95 0.95510596 
667 262 20 27 0.10141782 
15 220 396 572 0.067947365 
763 663 8 13 0.06115449 
503 631 8 11 0.046303693 
3 659 11 19 0.042782143 
469 550 46 54 0.03465111 
357 325 27 49 0.03283066 
672 492 15 18 0.03039465 
725 13 7 7 0.02895541 
780 666 6 10 0.02789317 
-1 632 6 22 0.026314076 
776 6 7 7 0.023103422 
467 651 9 15 0.022277866 
551 491 31 21 0.021284064 
558 502 30 23 0.020939993 
0 661 8 18 0.020450864 
