22_Picnic_Picnic_22_241
30
361 91 79 92 0.99735034 
217 246 71 93 0.96784544 
306 347 113 78 0.20209076 
420 224 75 129 0.1727793 
4 413 367 406 0.10511211 
15 658 9 13 0.063818246 
406 656 10 16 0.051361095 
729 663 10 16 0.0479833 
387 657 8 14 0.039255336 
695 666 10 14 0.033987433 
521 266 117 164 0.031324185 
295 -8 41 44 0.030363543 
956 667 10 15 0.029985104 
321 -8 40 45 0.029870253 
740 660 10 16 0.028831627 
1 529 6 17 0.028284911 
663 663 14 16 0.025704931 
158 609 9 10 0.024849884 
557 32 6 9 0.024165692 
558 39 5 7 0.024099287 
717 658 7 12 0.024074046 
544 39 5 8 0.023426412 
273 -7 38 42 0.023267312 
551 31 6 9 0.022605745 
861 665 8 12 0.02212726 
391 585 4 5 0.02174308 
675 644 9 12 0.021179255 
550 39 5 7 0.020797295 
867 520 94 147 0.02069888 
903 672 7 10 0.020306312 
