22_Picnic_Picnic_22_308
276
382 327 35 45 0.99507326 
519 299 30 29 0.9726231 
953 191 47 79 0.96490264 
564 278 25 29 0.94618326 
816 260 14 16 0.8986572 
695 242 22 35 0.8436947 
588 241 26 25 0.8120615 
241 255 14 11 0.2815692 
831 288 11 14 0.24277224 
601 288 23 27 0.22764066 
429 15 8 12 0.2145466 
890 255 9 11 0.19945988 
445 13 10 15 0.18736391 
632 234 10 10 0.17664726 
803 277 11 13 0.17380707 
740 257 12 15 0.17128566 
464 352 14 14 0.1552334 
766 260 11 13 0.14501897 
433 11 7 12 0.13334 
726 241 8 11 0.12847753 
636 239 14 12 0.11417806 
741 267 12 15 0.11099966 
768 265 13 16 0.10758529 
475 5 6 8 0.09700255 
850 289 9 12 0.09452368 
479 6 6 9 0.089319065 
867 273 8 10 0.08259471 
281 614 30 28 0.08114109 
212 110 7 16 0.08047064 
411 19 8 14 0.07726816 
599 226 12 11 0.07706967 
425 15 5 11 0.076778576 
762 253 8 11 0.0767595 
447 6 6 8 0.07402886 
888 311 12 13 0.07246151 
473 342 26 24 0.07200395 
410 4 6 10 0.0700358 
625 232 12 12 0.069531955 
695 239 11 21 0.06950837 
799 280 10 13 0.06882177 
706 246 12 17 0.06694542 
772 18 7 8 0.06512604 
729 247 8 11 0.063569166 
461 25 5 9 0.061131127 
456 53 12 17 0.060933493 
733 252 11 14 0.057130173 
858 273 9 10 0.05638788 
467 1 4 6 0.05566314 
400 10 7 12 0.05550143 
642 242 13 14 0.05256981 
397 5 6 9 0.05202278 
358 237 5 7 0.051997155 
435 36 9 15 0.05154224 
810 34 10 12 0.051079523 
466 4 6 9 0.05034814 
835 271 11 12 0.050264496 
442 5 5 9 0.049959335 
474 11 6 9 0.049452316 
126 330 367 401 0.04765964 
213 212 5 7 0.047299545 
865 267 7 8 0.04499452 
594 227 21 19 0.043781497 
252 273 10 11 0.042577453 
239 262 12 12 0.042507414 
647 240 23 22 0.042278096 
352 216 4 5 0.041745007 
744 270 17 20 0.041687578 
435 6 6 10 0.041390978 
243 281 7 7 0.041312315 
620 235 11 11 0.04089048 
427 5 8 11 0.040821064 
604 284 13 18 0.040790346 
484 8 8 10 0.040275857 
454 5 5 8 0.04026527 
851 266 7 8 0.040192254 
515 296 14 18 0.040142212 
211 52 8 12 0.039901584 
784 17 7 9 0.039738014 
799 272 10 13 0.039023474 
606 273 25 30 0.0389748 
283 233 4 5 0.038571175 
454 1 5 6 0.03826232 
145 3 7 9 0.038209435 
467 12 6 9 0.038126934 
899 241 10 11 0.037254844 
799 289 11 14 0.0368919 
575 282 36 43 0.0366957 
352 213 3 4 0.036308933 
449 1 4 6 0.03622112 
439 39 9 16 0.035697255 
212 215 7 8 0.03479894 
423 4 6 10 0.0344794 
468 17 5 8 0.034260027 
153 6 5 6 0.034093507 
403 5 5 9 0.033765193 
400 466 31 29 0.033552248 
360 217 3 5 0.033476368 
602 284 8 11 0.033442277 
473 461 23 33 0.03321534 
868 49 6 8 0.03313768 
462 5 6 9 0.032912746 
384 225 5 6 0.03252898 
358 232 5 5 0.03231965 
474 1 4 6 0.032056186 
462 10 6 9 0.0320062 
722 293 21 21 0.03193496 
455 21 6 11 0.03185389 
160 75 8 12 0.031671062 
672 305 13 9 0.03136608 
466 24 5 10 0.03129969 
446 173 8 15 0.031110493 
757 265 18 22 0.03089103 
648 250 13 13 0.030502947 
737 294 22 20 0.030488435 
636 253 11 12 0.030475965 
771 12 6 8 0.030438095 
243 275 8 9 0.030265516 
442 11 7 12 0.030133275 
316 225 4 5 0.03010525 
802 359 10 14 0.02969732 
836 254 8 8 0.029687526 
826 11 9 12 0.029399227 
623 239 12 11 0.029346397 
734 13 6 8 0.029312937 
856 269 7 7 0.029264212 
636 229 10 12 0.02896716 
129 729 6 7 0.028873023 
400 46 7 13 0.02880324 
414 4 6 10 0.028718375 
824 249 7 8 0.028691154 
830 343 7 12 0.028676705 
302 206 3 4 0.028627684 
173 737 5 6 0.028527444 
428 1 5 6 0.028521497 
624 186 12 13 0.028437167 
384 229 5 6 0.028432397 
309 207 2 3 0.028364548 
723 253 7 12 0.028180227 
524 523 23 27 0.028082531 
586 249 14 17 0.028000083 
217 199 4 5 0.027826706 
113 723 6 8 0.02762354 
128 7 6 7 0.027395243 
761 263 10 13 0.027323743 
768 274 10 18 0.027050195 
431 40 7 15 0.027009139 
396 23 6 11 0.02694179 
422 0 4 6 0.026908964 
381 457 24 27 0.026814936 
902 169 126 162 0.02677435 
480 42 9 12 0.026756141 
245 250 12 10 0.026715426 
413 43 11 19 0.026533753 
184 -27 304 427 0.02649353 
462 1 4 5 0.026486723 
775 327 12 15 0.026435556 
420 74 9 17 0.026224721 
770 7 5 5 0.026223963 
827 259 10 12 0.026132045 
397 1 5 7 0.02608993 
490 332 23 28 0.026057333 
122 6 5 8 0.025847109 
339 193 4 6 0.025745818 
451 16 8 12 0.025632562 
442 1 4 6 0.025597602 
713 240 10 13 0.02551384 
282 235 5 6 0.025468482 
592 63 9 11 0.025449097 
793 260 8 12 0.025318945 
498 1 5 6 0.025273077 
624 245 11 13 0.025270851 
670 302 10 8 0.025259208 
731 13 5 7 0.025185253 
758 249 18 21 0.025182767 
320 225 3 6 0.025028223 
656 249 12 14 0.024972497 
664 300 10 8 0.024743792 
15 67 312 377 0.024535943 
822 279 9 11 0.02452843 
633 246 22 21 0.024324186 
865 263 6 8 0.024237324 
260 274 6 9 0.024113152 
392 412 22 29 0.024103208 
623 221 21 23 0.024076942 
167 4 6 7 0.023956984 
394 107 8 18 0.023947988 
464 40 8 12 0.023865523 
440 383 84 120 0.023784794 
774 24 7 8 0.023745492 
661 244 12 15 0.023688667 
725 30 5 7 0.02365604 
876 249 6 7 0.023640467 
798 258 9 13 0.023627715 
309 212 3 4 0.023568481 
472 18 5 7 0.023497738 
475 31 6 10 0.023354858 
413 64 24 41 0.02332127 
677 334 27 25 0.023317946 
486 1 5 7 0.023287877 
247 276 11 11 0.023275381 
750 7 4 5 0.023210725 
383 219 4 5 0.023203863 
359 213 3 3 0.0231859 
340 197 4 7 0.023159401 
735 6 5 6 0.023106592 
612 245 9 13 0.023074403 
823 285 8 10 0.023066768 
854 337 9 11 0.023053277 
109 738 6 6 0.023016965 
781 245 6 8 0.02296398 
1023 288 38 82 0.022961525 
315 212 3 4 0.022920985 
855 262 7 8 0.022898216 
782 13 7 7 0.022894757 
751 2 4 4 0.022801835 
366 199 4 6 0.022732731 
433 45 10 18 0.022656709 
731 258 8 12 0.02259812 
347 213 4 5 0.022546707 
304 237 3 4 0.022501158 
238 257 33 38 0.022471411 
441 21 8 13 0.022467036 
611 236 11 10 0.022435488 
825 269 17 18 0.022312632 
850 20 6 7 0.022306135 
748 42 6 8 0.022275621 
379 218 4 5 0.022239426 
417 0 5 7 0.022209894 
247 268 10 10 0.022084733 
147 55 6 8 0.022051958 
883 49 7 9 0.021959864 
358 363 22 27 0.021930106 
701 235 11 15 0.021882154 
347 216 4 5 0.02180214 
600 240 17 16 0.021736596 
302 211 3 5 0.021655243 
364 218 4 4 0.02163396 
225 205 5 5 0.02163281 
388 4 6 8 0.021547154 
224 191 5 6 0.021534957 
882 247 8 8 0.021518646 
755 2 4 4 0.021472044 
619 252 24 27 0.021437017 
543 280 34 40 0.02138473 
427 10 14 22 0.021246755 
770 256 9 11 0.021122575 
769 2 4 4 0.021100001 
306 233 4 4 0.021098722 
238 288 5 7 0.021087943 
306 236 4 5 0.021033604 
662 326 25 21 0.021023937 
971 429 11 19 0.021014653 
320 476 91 111 0.020992627 
661 234 11 13 0.02088598 
136 717 5 5 0.020882402 
152 1 5 7 0.020834489 
877 305 9 10 0.020776035 
558 270 23 25 0.02072843 
665 294 37 33 0.020683398 
423 504 32 37 0.020673247 
456 138 10 21 0.020665688 
224 186 4 6 0.020618815 
0 289 5 12 0.02055037 
398 218 4 6 0.020515151 
192 39 6 8 0.020514436 
981 211 49 92 0.02050006 
437 0 4 7 0.020450579 
336 89 4 9 0.020403042 
379 211 4 5 0.02032061 
778 36 9 10 0.020243842 
717 231 17 23 0.02018622 
340 214 4 4 0.020173436 
882 315 12 12 0.02012055 
439 29 8 13 0.020074705 
315 218 3 5 0.020071516 
346 199 3 5 0.020023957 
