22_Picnic_Picnic_22_357
31
549 230 29 38 0.9984876 
382 273 32 32 0.99793065 
487 221 30 36 0.99683434 
697 504 19 25 0.13107635 
712 510 20 30 0.086757295 
639 464 14 15 0.04770814 
218 268 5 7 0.033671252 
253 326 3 7 0.03143139 
389 -65 173 155 0.03028398 
714 511 10 13 0.029095013 
251 321 4 6 0.028499309 
237 294 5 8 0.02727845 
231 286 5 7 0.026388507 
148 357 7 8 0.025952522 
227 275 5 7 0.025689438 
220 265 5 6 0.0248697 
224 264 5 5 0.024700148 
226 269 5 6 0.024169479 
252 288 5 8 0.023797901 
251 283 5 6 0.023716992 
117 31 5 9 0.023550175 
208 311 7 10 0.023448166 
232 294 6 8 0.023060601 
244 289 5 6 0.022484528 
164 362 8 10 0.021862486 
286 378 72 91 0.021751292 
786 359 9 14 0.021559829 
1009 402 8 13 0.020834124 
244 294 5 7 0.020822817 
238 288 4 6 0.02040168 
246 334 3 5 0.020073857 
