22_Picnic_Picnic_22_541
980
90 627 41 73 0.9737534 
641 75 14 20 0.6120141 
552 104 11 19 0.6032393 
940 79 11 19 0.49279574 
361 1112 10 16 0.4353693 
160 366 13 22 0.3784914 
904 845 16 18 0.37153256 
785 85 11 17 0.33384317 
533 111 9 16 0.322837 
484 80 12 17 0.31555137 
653 1097 11 15 0.28216308 
683 152 10 14 0.2397942 
613 1078 6 7 0.23106982 
580 46 9 15 0.22553909 
925 74 11 13 0.2016866 
274 1116 25 46 0.18265276 
709 464 8 9 0.17823134 
972 113 9 14 0.17532752 
996 143 12 22 0.17316481 
760 67 11 19 0.16980815 
270 1091 8 15 0.16099091 
52 900 8 16 0.15316106 
679 1076 7 9 0.14594102 
294 220 9 11 0.13703272 
699 462 12 12 0.13674994 
683 129 10 16 0.13673294 
1011 88 7 14 0.13670589 
491 79 12 16 0.11953828 
619 1079 5 6 0.11770129 
149 1106 8 13 0.11616813 
22 1160 7 12 0.115115136 
585 294 7 6 0.11292378 
664 1077 7 9 0.111188516 
649 78 11 18 0.10622835 
482 1195 7 10 0.103852026 
230 368 14 17 0.10078896 
282 231 8 12 0.09742814 
597 301 5 6 0.09631217 
841 48 13 14 0.09454828 
645 304 7 8 0.09322211 
775 1305 11 12 0.09230254 
175 621 32 72 0.09068994 
754 66 10 20 0.08967643 
440 292 62 43 0.087110534 
579 298 7 7 0.085781366 
528 100 5 8 0.08501136 
181 355 6 10 0.084519945 
606 1078 4 6 0.08398131 
695 153 8 11 0.08276745 
620 105 7 12 0.08247689 
578 1068 6 9 0.08170976 
669 1084 6 9 0.07857184 
748 48 9 15 0.07791299 
734 43 12 19 0.07784912 
710 45 8 12 0.07765375 
630 1103 5 7 0.077201545 
527 306 10 8 0.07710458 
701 153 7 11 0.0770838 
696 1071 5 7 0.076882474 
595 1088 5 6 0.07668289 
582 295 6 5 0.07651331 
661 1084 9 11 0.076145425 
737 153 10 18 0.07588864 
462 156 8 12 0.07559952 
602 301 6 6 0.07552266 
985 83 4 8 0.073848784 
431 1076 6 10 0.073258944 
759 289 9 8 0.073028356 
529 301 7 6 0.07281116 
977 82 4 9 0.0724347 
479 120 7 12 0.07239942 
558 109 9 16 0.07124946 
759 284 7 7 0.07093395 
679 1085 7 9 0.070897564 
269 1097 10 21 0.070528924 
613 1074 4 5 0.0703913 
630 1110 7 9 0.07031787 
378 265 20 42 0.07022223 
173 350 9 14 0.06979905 
868 108 11 18 0.069753826 
92 1129 4 8 0.06933896 
563 293 5 6 0.06891478 
711 284 7 7 0.06846237 
753 90 7 13 0.06829589 
635 1103 6 7 0.06823613 
338 181 8 11 0.0679445 
199 349 6 10 0.06675063 
454 98 7 9 0.06658281 
603 100 8 10 0.06593458 
868 298 13 8 0.065838315 
127 635 23 50 0.06549462 
645 1079 5 6 0.06504358 
216 1131 7 14 0.06490184 
802 114 7 13 0.06468362 
986 137 7 12 0.06427199 
548 1244 6 9 0.06410263 
87 347 13 21 0.06380995 
684 1078 6 7 0.06354711 
742 45 10 18 0.06345031 
547 112 8 14 0.063367225 
606 1073 3 5 0.063164316 
754 284 7 7 0.06266882 
718 60 11 16 0.06220007 
89 1179 8 16 0.062117837 
50 327 4 5 0.06191563 
596 1079 4 5 0.061481737 
721 1150 7 10 0.061441865 
585 41 8 13 0.061056126 
791 81 10 17 0.060541052 
355 255 25 37 0.059855185 
40 330 6 7 0.05962646 
629 1086 6 7 0.059622094 
90 1132 4 9 0.0593292 
586 298 7 7 0.058956336 
611 98 6 9 0.058764067 
629 300 6 5 0.05831674 
540 293 6 5 0.058310524 
843 108 7 12 0.058126923 
769 88 6 10 0.05806443 
310 199 15 18 0.05804659 
597 1072 4 5 0.057846736 
679 1072 6 6 0.057691213 
970 110 7 12 0.05736834 
612 106 6 11 0.056972094 
614 1083 6 7 0.056678995 
163 1035 6 11 0.056324407 
254 1100 10 20 0.056160647 
205 347 7 10 0.05603704 
216 261 12 13 0.056015514 
770 284 7 7 0.05600113 
41 327 4 5 0.055887617 
481 85 9 14 0.05556311 
580 103 8 14 0.05550146 
732 1242 6 9 0.055372503 
540 1236 5 7 0.055070236 
162 1041 7 12 0.054912556 
723 17 12 18 0.054476902 
485 1197 7 11 0.05442194 
653 301 6 6 0.054291394 
746 285 6 6 0.054125614 
468 1083 12 17 0.054026857 
537 1249 6 9 0.053794924 
1015 63 5 11 0.053678673 
761 85 6 13 0.053493507 
630 1080 4 5 0.053340618 
198 354 7 10 0.053226788 
612 1111 7 8 0.053197343 
114 867 8 14 0.052873097 
208 338 6 8 0.05272303 
254 1085 8 14 0.052318748 
544 292 6 5 0.052276783 
923 96 9 16 0.052211396 
917 95 10 17 0.05219504 
775 299 7 9 0.05219414 
1010 71 6 13 0.05192142 
705 285 6 5 0.05177523 
219 1126 5 11 0.051685978 
437 1076 8 12 0.051019263 
766 80 7 14 0.050992295 
447 108 9 11 0.050922282 
110 410 96 121 0.05075547 
611 13 7 10 0.050487816 
724 29 8 11 0.050465763 
206 333 6 8 0.05038794 
553 300 7 6 0.050363954 
679 129 8 15 0.050243482 
796 75 6 9 0.050083395 
620 1085 6 6 0.050056748 
622 1128 6 8 0.0496055 
178 283 7 8 0.049435217 
562 299 6 6 0.049418524 
620 1072 4 5 0.049364988 
692 163 10 15 0.04890928 
436 219 12 21 0.048797764 
215 356 6 10 0.048685238 
839 108 6 12 0.048679844 
970 118 8 13 0.048371453 
797 1222 13 14 0.048356302 
770 288 8 8 0.048142638 
714 1070 6 8 0.047981557 
932 73 10 13 0.047941502 
463 861 8 11 0.047940098 
738 31 7 11 0.047883045 
462 1096 10 19 0.047704235 
265 1085 5 11 0.047695894 
728 284 7 6 0.047587395 
760 152 9 19 0.047585014 
637 1079 5 5 0.04714374 
596 1094 6 7 0.04677345 
248 1083 19 36 0.046770442 
817 644 12 14 0.046675473 
724 52 12 17 0.046635184 
612 1103 6 7 0.04657154 
729 114 6 12 0.046568166 
680 292 5 6 0.04652956 
645 1085 6 7 0.04652037 
319 180 8 10 0.046463408 
577 16 7 9 0.04641908 
612 1136 5 6 0.046104286 
187 356 7 10 0.04595195 
712 288 7 7 0.045881674 
664 1072 4 7 0.04565542 
530 107 8 12 0.0453684 
619 1111 6 8 0.04531661 
587 1070 5 6 0.044958677 
927 731 44 36 0.044875998 
538 1244 5 9 0.04480829 
138 1119 6 9 0.04478974 
172 338 7 12 0.044692166 
588 1086 6 7 0.044488154 
619 100 6 9 0.044196952 
364 237 9 14 0.043930404 
519 307 8 7 0.043757223 
634 1110 7 9 0.04373836 
776 290 7 7 0.043726955 
721 1138 4 6 0.04366473 
652 305 8 7 0.04332951 
549 99 6 9 0.043281116 
655 1086 7 9 0.043241385 
637 106 7 12 0.043070186 
711 1257 6 12 0.042895302 
212 340 6 8 0.042702075 
611 1119 5 7 0.042527013 
718 290 6 6 0.042525765 
99 1128 4 7 0.04248829 
745 290 7 7 0.04246083 
678 1090 8 11 0.042339113 
549 1248 6 11 0.042258628 
272 1129 10 21 0.04222093 
65 324 6 7 0.04213281 
611 1096 6 6 0.04211387 
657 1093 10 13 0.04211046 
973 82 5 9 0.041944623 
703 1079 5 6 0.041703418 
30 1136 4 6 0.041539434 
985 105 6 11 0.041369323 
637 301 6 5 0.041360795 
158 1033 6 11 0.0412542 
622 1134 5 8 0.04120799 
709 469 9 9 0.041143283 
539 139 7 12 0.04097542 
633 305 10 8 0.040915042 
994 82 5 9 0.04086698 
996 124 5 9 0.040778425 
466 1095 14 22 0.040774778 
24 326 5 6 0.0407069 
1003 73 5 11 0.04059612 
755 501 13 11 0.040572707 
569 294 5 5 0.040494967 
579 1129 5 6 0.040484257 
628 295 5 5 0.04045558 
49 330 4 7 0.04035464 
188 347 6 10 0.040154833 
595 294 5 5 0.040024947 
155 1026 6 12 0.03997863 
670 1071 5 6 0.039749533 
730 1110 4 7 0.03968926 
180 298 8 10 0.0396532 
648 1157 14 14 0.039580923 
940 90 10 20 0.039552417 
766 147 9 17 0.039436616 
962 219 5 6 0.039392743 
262 332 30 28 0.039246272 
423 1096 24 31 0.03923161 
595 305 8 7 0.039178308 
369 243 9 14 0.039171185 
606 1112 6 7 0.03905285 
435 146 10 21 0.03900284 
686 288 8 8 0.03900087 
722 1145 5 8 0.038958035 
887 304 15 12 0.038771607 
729 89 6 11 0.03871053 
553 144 9 13 0.03861141 
181 348 6 9 0.038586166 
785 1224 10 12 0.038525905 
361 1049 84 123 0.038501136 
968 106 17 26 0.038388405 
23 331 5 7 0.038264565 
1001 81 6 11 0.038256127 
544 140 8 14 0.038171604 
521 1078 8 8 0.0380516 
801 81 7 12 0.038019378 
292 217 6 9 0.037981063 
449 110 13 15 0.03796598 
744 474 7 7 0.037939392 
733 1249 7 13 0.03785957 
254 232 8 9 0.03779993 
455 94 6 8 0.037719205 
546 298 8 7 0.037706044 
97 842 7 12 0.037644863 
719 285 5 6 0.03759103 
992 139 9 16 0.037487727 
960 97 6 11 0.037484687 
654 1078 4 6 0.037352 
936 146 8 16 0.037121184 
587 33 7 9 0.036982175 
498 1219 6 10 0.03692205 
812 987 4 6 0.036819883 
683 506 12 10 0.03675861 
255 226 6 7 0.036680248 
571 1129 5 6 0.036643516 
104 1176 4 9 0.036501694 
692 177 12 16 0.036465272 
868 294 10 7 0.036408417 
705 1086 6 8 0.03639499 
118 379 55 66 0.036261275 
908 876 23 31 0.036233965 
576 44 19 29 0.03623068 
869 100 8 12 0.036164373 
624 249 4 7 0.03602834 
352 546 10 19 0.035968274 
875 104 8 12 0.03589716 
613 301 6 5 0.035818227 
139 1107 6 9 0.03581721 
195 363 7 11 0.035757754 
735 80 7 12 0.035657153 
622 294 5 5 0.035598543 
912 90 9 14 0.03559561 
404 271 12 23 0.035595063 
919 80 9 12 0.035575558 
718 1236 5 7 0.035564184 
877 100 6 10 0.035535574 
634 1150 8 9 0.03534318 
696 1076 5 8 0.035330243 
758 1174 11 12 0.03532042 
492 92 12 17 0.035301216 
545 1237 5 7 0.035216965 
697 1152 6 7 0.03520619 
960 133 5 8 0.03516306 
948 86 7 14 0.035159215 
702 1153 7 8 0.034902424 
653 1072 5 6 0.034860764 
179 289 6 8 0.034744468 
752 288 9 9 0.034738865 
469 1056 8 13 0.03470618 
780 986 7 8 0.03469372 
180 341 5 9 0.034626983 
694 467 13 11 0.034526624 
713 1236 5 7 0.03450547 
685 482 11 9 0.034488484 
1012 997 3 4 0.034468852 
505 306 8 7 0.034404803 
524 100 5 8 0.03433375 
985 91 6 9 0.03431505 
571 242 4 7 0.03430251 
321 1054 79 134 0.03430205 
588 8 7 9 0.03426356 
435 1081 11 15 0.034187876 
603 1087 5 6 0.03417536 
529 1090 12 14 0.034169912 
488 123 5 10 0.03409489 
94 345 9 16 0.034079403 
520 106 6 11 0.034046892 
149 1128 5 9 0.034043852 
687 285 6 6 0.03403381 
59 318 5 6 0.033996135 
265 1104 10 19 0.033896532 
638 1073 5 5 0.033893827 
636 1087 5 6 0.033872377 
622 1094 5 7 0.033867836 
454 1002 40 71 0.03381863 
97 835 8 12 0.0338114 
536 297 9 7 0.033705976 
468 1071 11 15 0.03368918 
899 303 12 10 0.033685777 
98 338 8 12 0.033674963 
84 1165 5 9 0.033653785 
629 1095 5 7 0.033630073 
726 9 11 16 0.03351417 
637 1095 5 7 0.033484638 
709 604 11 15 0.033454858 
646 1072 4 6 0.0334483 
166 336 7 13 0.03338589 
627 305 10 9 0.03329898 
735 71 9 14 0.03324959 
571 1078 6 8 0.03324457 
836 49 10 12 0.033239804 
105 337 12 15 0.033206444 
83 322 5 8 0.033109438 
1014 62 4 8 0.033096824 
605 1103 6 7 0.03292422 
536 100 6 8 0.032906115 
750 496 16 12 0.03275196 
564 1084 6 9 0.032733824 
315 192 9 11 0.032725032 
521 301 6 5 0.032649614 
151 1008 5 8 0.03264915 
620 1104 5 6 0.032601263 
588 1079 5 7 0.03258055 
578 1064 5 6 0.032495324 
571 39 8 13 0.032484878 
606 1120 5 6 0.032462426 
571 1110 6 7 0.03245897 
148 91 8 13 0.032428116 
754 278 4 5 0.0323682 
572 1145 5 7 0.032326266 
565 1128 4 7 0.03231626 
314 318 6 7 0.03230028 
703 1237 5 6 0.032292183 
538 1146 4 5 0.032287624 
552 304 9 8 0.032257378 
570 33 8 11 0.032210447 
216 362 7 10 0.032178544 
501 82 7 11 0.032121547 
638 86 10 17 0.032083377 
694 285 6 6 0.03206668 
264 1100 21 42 0.031825505 
322 223 7 10 0.03181797 
578 1076 5 9 0.031797335 
625 106 7 11 0.031748325 
550 1083 8 11 0.031739455 
645 224 5 7 0.031707086 
845 53 14 16 0.031691834 
204 355 6 10 0.031637292 
813 700 30 35 0.031635072 
637 96 8 13 0.03161719 
634 1144 7 11 0.031564064 
521 147 8 11 0.03146134 
424 117 5 8 0.031371668 
394 830 46 105 0.031371012 
25 309 5 5 0.031339914 
529 1086 10 11 0.031316504 
264 1129 9 17 0.031307813 
833 646 11 12 0.031258762 
139 346 43 60 0.031247135 
677 1161 6 7 0.031223612 
382 183 5 8 0.031207127 
594 15 5 8 0.031198116 
429 116 5 9 0.031184806 
598 105 6 10 0.03114754 
704 288 7 7 0.031107107 
358 1106 9 18 0.031085022 
571 1104 6 7 0.03108166 
465 1104 24 35 0.03106597 
571 299 5 6 0.030978706 
889 136 10 18 0.030974586 
169 359 12 19 0.030966787 
99 1133 4 9 0.030955885 
719 1157 9 11 0.030928873 
431 1071 5 8 0.030791048 
734 1236 5 7 0.03078666 
885 300 32 26 0.030633975 
198 339 5 6 0.030629827 
627 1134 6 8 0.03059517 
395 1084 5 9 0.030485105 
750 1307 22 32 0.030410053 
755 1011 4 9 0.030384038 
514 306 8 7 0.030333547 
628 249 4 8 0.03030759 
577 1145 6 7 0.03030551 
730 289 6 7 0.030301895 
563 323 9 9 0.030272666 
849 292 34 23 0.030251447 
861 101 8 11 0.03024881 
248 1078 5 9 0.030194597 
1017 529 5 9 0.030148547 
687 1072 4 6 0.030081896 
64 317 5 6 0.030080546 
214 348 6 9 0.030047828 
960 961 4 6 0.030039532 
396 166 5 8 0.029997317 
604 1096 5 6 0.029925844 
632 79 7 13 0.029858047 
960 224 6 8 0.029804336 
8 306 5 7 0.02971388 
294 228 13 17 0.029681543 
191 1175 8 14 0.029680004 
884 140 10 20 0.029677799 
743 480 8 7 0.029664442 
985 96 7 12 0.02957353 
645 237 5 11 0.029457835 
1010 257 7 9 0.029407378 
779 90 7 11 0.02934236 
0 1135 6 13 0.029323453 
830 302 32 24 0.029285798 
672 1064 5 6 0.029271 
753 1308 11 17 0.02926333 
145 632 12 28 0.02926124 
34 327 4 5 0.029256187 
718 1240 6 11 0.02923379 
685 486 15 13 0.029211305 
324 544 6 13 0.029081564 
89 1168 5 9 0.02898342 
974 140 7 10 0.028911224 
215 9 5 7 0.028886054 
205 1015 6 10 0.02887483 
611 1129 5 7 0.028822102 
829 988 4 6 0.02879625 
448 101 5 8 0.0287856 
709 1153 7 7 0.028770186 
983 115 6 10 0.028750507 
282 226 6 8 0.028722 
834 623 7 8 0.0286953 
969 148 7 10 0.02863852 
164 359 23 34 0.028595552 
32 1143 4 8 0.028559143 
573 1070 6 7 0.02852751 
737 481 8 7 0.028511623 
644 1149 29 26 0.028488286 
573 45 9 14 0.028433109 
849 111 8 14 0.02840242 
561 17 6 8 0.028369594 
709 180 6 11 0.028367385 
380 240 6 9 0.028349096 
319 203 10 14 0.028342295 
681 284 4 6 0.028323678 
838 306 15 10 0.028320411 
735 285 5 5 0.028285593 
655 224 5 7 0.028284583 
614 113 5 9 0.028243959 
61 255 7 11 0.02816255 
613 306 8 8 0.028131729 
788 94 11 18 0.028112225 
327 557 10 20 0.028089987 
593 47 7 14 0.02808706 
577 33 8 11 0.028044013 
572 1121 4 6 0.028031817 
957 0 12 7 0.028027022 
514 302 5 5 0.02802021 
589 13 7 9 0.027997328 
422 123 5 9 0.027980013 
306 295 8 9 0.027848475 
717 642 10 14 0.02781719 
100 1177 5 10 0.02778189 
320 319 7 8 0.027749555 
918 920 12 19 0.027739331 
543 305 11 9 0.027685937 
190 363 7 10 0.027666735 
734 87 8 13 0.027665358 
522 1083 8 10 0.027624076 
188 267 7 7 0.027609186 
659 300 6 6 0.027595926 
383 208 6 8 0.027442629 
157 339 7 12 0.02744043 
12 356 9 10 0.027436463 
327 288 12 18 0.027406925 
613 93 6 9 0.02740343 
571 1135 5 6 0.027376372 
481 56 8 12 0.027325073 
686 148 20 29 0.027319944 
254 237 9 12 0.027314784 
932 85 20 35 0.027313653 
729 1104 5 7 0.027284766 
555 294 4 4 0.027244095 
876 152 9 17 0.027208649 
546 94 5 7 0.02714847 
487 93 10 15 0.027147751 
166 1108 6 11 0.027139025 
503 1152 5 8 0.027108934 
597 1153 5 7 0.027106576 
671 1092 7 9 0.027095636 
691 455 22 23 0.027093187 
73 1116 5 8 0.027076298 
976 78 5 7 0.02704473 
605 18 6 7 0.027038312 
1018 539 4 8 0.027007949 
732 512 11 9 0.026902996 
570 1085 5 8 0.026883962 
887 882 9 18 0.02685541 
429 1092 10 15 0.026833728 
611 132 5 11 0.026779197 
295 1099 8 12 0.026727509 
731 1237 5 7 0.026718793 
43 1137 4 7 0.026714094 
263 1079 5 10 0.026614247 
256 1273 9 15 0.026547955 
638 237 5 11 0.026543668 
34 331 5 6 0.026494453 
600 101 6 9 0.026482582 
704 1145 5 7 0.026454352 
738 228 8 18 0.026451685 
511 156 8 13 0.026445951 
638 295 4 4 0.026406307 
756 1183 13 15 0.0263889 
157 257 7 7 0.02637826 
424 1078 5 7 0.026366355 
306 212 9 12 0.026328294 
15 349 6 7 0.026303962 
469 298 13 7 0.026287295 
712 1145 5 6 0.026285805 
842 121 12 20 0.026277093 
509 183 7 10 0.026249966 
863 298 33 22 0.026248226 
552 1245 5 8 0.026245192 
804 109 7 12 0.026228013 
993 131 7 13 0.026197419 
753 985 5 9 0.026177147 
149 1004 5 10 0.026173927 
636 481 12 10 0.026172845 
587 1095 5 7 0.026167924 
1010 249 8 10 0.026152812 
438 1071 6 8 0.026145604 
753 481 8 6 0.026096016 
200 1112 5 8 0.026091438 
58 325 4 6 0.026089955 
144 1075 7 10 0.026044667 
308 317 6 7 0.025954375 
715 1138 3 6 0.025951268 
562 307 7 7 0.0259167 
618 902 56 62 0.025875136 
520 1235 4 6 0.025858885 
573 16 7 8 0.025852315 
71 857 8 15 0.025828812 
901 87 8 13 0.025787786 
161 335 21 33 0.0257849 
468 161 6 11 0.02573636 
999 641 12 16 0.02573333 
861 104 10 15 0.025715139 
630 1117 6 7 0.02568698 
622 1065 4 5 0.025667146 
678 1101 7 10 0.02564939 
729 82 7 11 0.025627945 
26 399 4 7 0.025626928 
527 141 6 10 0.02554396 
139 1007 5 9 0.02553875 
638 265 5 10 0.02551671 
712 1076 7 7 0.0255167 
0 291 5 6 0.025358733 
461 1110 12 19 0.025332676 
554 163 8 15 0.02532822 
899 888 11 18 0.025295757 
527 1077 9 11 0.025267491 
573 1187 5 6 0.025249584 
437 138 9 15 0.02524836 
473 115 7 11 0.025198126 
734 490 11 9 0.025194576 
388 211 6 10 0.025122955 
149 1114 7 12 0.025112834 
876 785 31 38 0.02508609 
628 98 7 11 0.025029594 
605 1128 5 7 0.02496406 
638 223 5 9 0.024943879 
65 310 4 5 0.024924418 
628 1063 5 6 0.024921736 
206 266 10 8 0.024865493 
147 128 28 61 0.024829578 
522 1260 4 6 0.024799528 
935 68 6 7 0.024792245 
563 1078 7 8 0.024759408 
782 1306 11 11 0.024741724 
635 493 12 10 0.02474082 
642 90 11 17 0.024732018 
672 292 4 5 0.024698436 
38 892 7 13 0.024693104 
429 108 5 8 0.024646463 
866 154 10 18 0.024620868 
611 241 4 8 0.024573997 
260 1083 16 32 0.024567531 
105 333 6 8 0.024560897 
222 346 7 10 0.024552153 
802 88 7 13 0.024551854 
836 299 7 6 0.0245497 
628 255 5 9 0.024505692 
1015 83 6 12 0.024496216 
961 108 6 10 0.024486952 
696 1093 35 51 0.02448135 
101 332 25 31 0.024457924 
629 1072 4 5 0.024434993 
172 334 5 9 0.024411267 
678 507 8 8 0.024380744 
690 503 14 11 0.024357904 
970 90 6 10 0.02435149 
1000 79 17 32 0.024349771 
727 1166 6 10 0.024325972 
588 286 4 4 0.024323145 
48 870 12 23 0.02432229 
720 150 11 19 0.024309281 
513 1123 6 12 0.024291044 
474 121 7 12 0.024283044 
644 1094 7 9 0.02427521 
708 54 11 17 0.02425751 
819 147 8 19 0.024236958 
123 1126 4 8 0.024199136 
278 555 10 21 0.024159435 
538 167 10 17 0.024134189 
604 46 8 15 0.024119308 
290 1096 8 14 0.024104863 
223 341 6 8 0.024090094 
761 646 8 8 0.02408834 
895 877 23 31 0.024081796 
133 1185 5 9 0.02405821 
1003 89 7 13 0.024037303 
701 1072 5 7 0.024016393 
620 301 5 5 0.024003148 
706 1258 5 9 0.02394704 
883 132 10 15 0.023897348 
741 492 30 20 0.023873467 
709 1168 11 11 0.023844458 
592 10 6 8 0.023841387 
774 678 10 10 0.023829497 
166 1027 6 12 0.02381813 
82 1194 4 9 0.023798654 
672 128 6 12 0.02379644 
534 306 11 9 0.0237845 
68 908 19 38 0.023727506 
447 297 23 12 0.023707697 
697 1118 6 10 0.02364469 
58 1127 4 7 0.02361831 
716 38 10 14 0.02359167 
701 179 9 14 0.023590025 
399 156 5 9 0.023583949 
115 1160 4 8 0.023575999 
663 249 4 7 0.0235734 
340 176 6 8 0.023534149 
505 1121 7 14 0.02353218 
876 141 11 20 0.023528172 
74 1152 4 8 0.023491878 
573 224 4 7 0.023491798 
206 990 10 18 0.023490107 
533 1154 4 5 0.02346799 
736 22 8 13 0.023455437 
26 1136 4 7 0.023436958 
602 306 8 7 0.023420451 
443 1076 8 10 0.023413444 
107 1128 4 7 0.02340898 
145 1090 18 33 0.023379853 
135 1102 4 9 0.023375314 
734 1242 42 51 0.023373356 
865 301 17 12 0.023369802 
723 34 20 29 0.023366231 
688 1152 5 6 0.023366112 
808 113 7 13 0.023365535 
827 972 4 6 0.023332138 
170 1026 6 11 0.023327833 
769 677 10 11 0.023321979 
524 1085 22 26 0.023317821 
804 987 4 5 0.023309015 
652 1171 12 13 0.023302551 
272 240 9 10 0.023301736 
762 279 4 5 0.02326786 
777 96 7 12 0.023249578 
369 1115 7 13 0.023241958 
220 1119 6 10 0.023237467 
253 148 507 475 0.023224665 
276 1088 10 19 0.023179336 
489 156 7 12 0.023179082 
667 1256 9 10 0.023139752 
249 1084 8 15 0.023097187 
621 1120 5 6 0.02308755 
752 473 7 6 0.023078553 
207 2 5 4 0.023072029 
539 1259 5 9 0.023061333 
564 1146 5 6 0.023029272 
507 302 6 6 0.023027558 
1018 563 5 8 0.023027478 
729 120 7 13 0.023014845 
91 842 7 12 0.02298586 
856 307 13 9 0.022976754 
924 88 10 15 0.022956919 
25 997 5 9 0.022950677 
704 1240 5 9 0.022937827 
122 1175 5 10 0.022929162 
702 1109 6 9 0.022915669 
536 1069 8 8 0.022915022 
38 899 8 16 0.022910908 
497 1235 5 7 0.022906967 
870 550 6 6 0.022904754 
52 1170 3 7 0.02287594 
669 1161 8 9 0.022872858 
447 119 11 15 0.022855232 
742 490 12 8 0.022831755 
721 1128 4 8 0.022825265 
749 489 12 9 0.022783518 
134 1120 5 8 0.022757655 
696 1146 5 7 0.02275012 
466 1121 26 38 0.022742994 
184 1119 4 8 0.022727117 
867 644 10 12 0.022709766 
200 1117 5 8 0.022703871 
174 298 6 9 0.022698555 
436 298 35 25 0.022672828 
713 277 3 5 0.022661522 
545 1079 10 11 0.022656124 
795 117 7 11 0.022655005 
372 216 5 7 0.022599636 
372 175 5 7 0.022593359 
644 232 5 10 0.022579253 
712 1240 6 9 0.022551468 
181 1127 5 7 0.022542063 
249 1113 8 17 0.022528367 
562 1151 5 6 0.0225255 
752 1189 12 17 0.02251988 
198 9 4 7 0.022475028 
650 148 14 25 0.02243449 
565 39 7 10 0.022412848 
647 1046 5 6 0.022411903 
256 1080 6 10 0.022406956 
776 285 6 7 0.022398846 
817 638 10 11 0.022353591 
594 41 6 10 0.02234744 
766 1175 12 12 0.02233086 
761 466 6 6 0.022306582 
357 183 5 8 0.022283645 
22 1154 6 8 0.022265665 
184 600 21 51 0.022200372 
613 294 4 5 0.02219285 
626 1129 7 7 0.022189787 
373 183 6 8 0.022158433 
286 298 7 12 0.022149073 
395 235 8 12 0.022134064 
739 496 15 11 0.02213233 
687 299 7 7 0.022120023 
743 70 9 14 0.02211619 
820 988 4 6 0.022101238 
88 325 47 60 0.022090925 
630 241 3 7 0.022061447 
431 1082 7 12 0.022048935 
771 1301 25 25 0.02203642 
403 156 6 9 0.0220301 
597 1101 6 7 0.022029536 
551 320 11 10 0.022022845 
690 139 9 14 0.021997089 
184 1111 5 10 0.021994205 
971 77 5 7 0.021948544 
320 210 9 15 0.021948133 
639 473 7 7 0.0219259 
725 1146 5 7 0.02192219 
725 220 8 15 0.021916816 
8 293 4 5 0.021875186 
293 214 26 31 0.021845015 
714 41 19 27 0.02183626 
753 114 5 11 0.021803066 
754 1003 4 9 0.021774847 
746 89 8 14 0.021752201 
537 1154 5 6 0.021751545 
602 1152 5 7 0.021723032 
535 1077 10 11 0.021718873 
677 1108 7 10 0.021707382 
155 1129 6 8 0.021696478 
132 1126 4 7 0.021696458 
1016 995 4 6 0.02168829 
906 304 11 9 0.021672675 
571 247 5 8 0.02166951 
669 488 12 12 0.021640567 
302 222 9 11 0.021637538 
753 1302 9 12 0.021633472 
8 324 4 6 0.021632785 
215 2 5 4 0.021629173 
688 258 4 8 0.02162327 
695 1102 5 9 0.021611344 
688 266 4 7 0.021607181 
769 277 5 5 0.021562926 
775 672 8 7 0.021520853 
436 1134 9 11 0.021516692 
315 222 7 11 0.021512624 
450 293 14 10 0.021506168 
1010 1004 5 6 0.021492194 
461 1079 23 32 0.021454943 
308 198 8 10 0.021435907 
0 306 5 7 0.021430379 
182 269 7 6 0.02141452 
985 980 5 5 0.021412732 
184 1027 5 10 0.021402517 
821 1005 4 6 0.0214006 
429 122 5 9 0.02140055 
663 1254 7 8 0.021366471 
758 513 11 9 0.02130024 
799 76 7 9 0.021252248 
825 638 9 11 0.021246275 
892 133 7 12 0.021225013 
950 0 12 8 0.02116227 
249 224 6 8 0.021156965 
703 189 7 11 0.02115108 
760 474 6 5 0.02114229 
386 1109 5 12 0.021140615 
613 276 3 5 0.021123234 
379 149 5 7 0.021093518 
164 351 10 16 0.021092298 
999 125 5 8 0.021090802 
538 145 7 11 0.021082517 
314 322 7 7 0.021071658 
937 997 3 4 0.0210405 
303 1098 7 12 0.021006413 
562 586 7 10 0.021002304 
572 232 4 8 0.020975474 
635 1116 7 9 0.02097288 
510 128 8 14 0.020960608 
520 1154 5 7 0.020958032 
511 189 7 12 0.020953683 
612 284 5 6 0.020947618 
153 1115 8 11 0.020944921 
214 1027 6 12 0.020915065 
563 1072 5 6 0.020911226 
219 363 8 12 0.020907028 
992 160 7 14 0.02090679 
603 294 5 5 0.020890035 
240 612 20 49 0.020889275 
803 981 4 6 0.02088792 
904 849 21 30 0.020881126 
960 957 4 6 0.020878987 
547 1068 7 8 0.020854756 
605 1065 3 5 0.020854672 
986 550 4 6 0.020853873 
951 104 8 16 0.020852756 
633 128 12 23 0.02084779 
560 99 8 11 0.020839514 
240 1069 4 9 0.020822639 
928 69 7 9 0.02081247 
313 1154 10 19 0.020805666 
881 630 12 16 0.020805083 
1017 977 5 7 0.020796247 
684 1085 6 9 0.020782756 
164 1100 6 12 0.020776609 
195 1002 6 10 0.020754261 
457 154 8 12 0.020707954 
598 250 4 7 0.020681495 
660 1127 8 8 0.020669837 
497 1211 6 9 0.020668518 
879 998 3 4 0.02066806 
16 308 4 6 0.020651137 
770 305 8 8 0.020640321 
172 1126 6 9 0.020625982 
188 1111 5 9 0.020622365 
445 1071 7 9 0.020622168 
232 216 7 7 0.02062215 
589 1065 3 5 0.020590022 
963 114 6 12 0.020589165 
687 170 12 16 0.020584872 
287 1080 8 15 0.020583697 
662 102 9 17 0.020573922 
968 217 4 6 0.02055119 
655 582 6 7 0.02054441 
1018 549 4 7 0.020527612 
769 979 5 6 0.020518841 
336 558 7 16 0.02051812 
56 1171 5 8 0.020500155 
199 1026 6 11 0.02049474 
642 1120 44 51 0.020485261 
962 124 5 10 0.020472426 
843 1086 6 8 0.02047209 
493 104 10 16 0.020468391 
9 362 10 13 0.020459145 
704 440 5 6 0.020456746 
320 177 5 7 0.02043499 
694 1094 6 8 0.020433411 
200 1094 4 9 0.02042128 
718 1076 5 7 0.020419862 
792 122 7 12 0.020417454 
519 154 8 12 0.020398494 
247 1072 4 7 0.020397604 
17 325 5 6 0.020392302 
8 340 5 7 0.020379309 
645 218 5 7 0.020376762 
643 473 9 7 0.020373588 
978 99 6 10 0.020371033 
493 131 6 12 0.020363683 
716 1260 40 54 0.020350246 
766 645 9 9 0.020333303 
693 290 7 6 0.020329822 
381 214 6 8 0.020318044 
312 294 9 11 0.020312157 
89 879 21 42 0.020311283 
898 853 16 20 0.020308308 
991 97 7 12 0.020296428 
456 861 6 10 0.020285236 
130 1175 5 10 0.020259378 
623 256 5 9 0.020249328 
704 1092 8 9 0.020228028 
883 118 9 16 0.020224154 
476 443 13 13 0.02021848 
80 1100 6 10 0.020218 
578 1122 5 5 0.02020925 
378 245 7 12 0.020207735 
607 242 3 6 0.020205405 
678 131 18 26 0.020203328 
662 231 5 9 0.020193702 
564 1102 5 9 0.020188317 
280 1083 8 15 0.02016802 
689 634 16 20 0.020167988 
658 80 8 15 0.02013868 
579 9 7 8 0.020134266 
618 306 9 8 0.020119675 
686 472 9 8 0.02010734 
204 1117 6 10 0.020100676 
7 333 4 6 0.020097222 
720 89 7 13 0.020093126 
513 1061 4 6 0.020083524 
49 896 7 12 0.020078477 
425 1071 5 7 0.020077841 
699 738 23 29 0.020025529 
