22_Picnic_Picnic_22_208
1773
700 207 92 104 0.99960214 
110 292 74 90 0.999308 
172 571 61 41 0.8029866 
282 473 16 10 0.19583264 
298 284 6 10 0.18737501 
518 401 8 11 0.18523131 
17 628 8 11 0.13003847 
547 558 39 40 0.12737127 
397 628 5 6 0.12047687 
347 246 6 9 0.11202073 
532 398 6 11 0.109158605 
942 271 6 9 0.10768419 
396 620 5 4 0.107663624 
385 626 4 5 0.10678715 
309 266 6 9 0.105827205 
321 480 6 5 0.10374002 
220 579 58 37 0.10098 
288 271 7 10 0.10096966 
440 639 6 9 0.1000858 
364 217 4 7 0.09984306 
142 663 5 8 0.09734765 
454 625 5 6 0.09720878 
377 639 5 6 0.095544524 
347 235 4 7 0.09451181 
177 633 5 7 0.091893554 
354 273 5 8 0.090801045 
488 632 4 6 0.090744376 
361 248 4 8 0.08993762 
563 529 10 10 0.08973733 
384 623 4 4 0.08824386 
314 535 16 10 0.08620136 
545 547 6 8 0.084179565 
372 622 5 4 0.083387405 
244 236 4 6 0.08315422 
178 639 5 6 0.082884766 
360 252 5 8 0.08271853 
493 633 5 5 0.08072544 
168 639 3 5 0.07966577 
392 620 5 5 0.07964411 
525 359 8 13 0.07924731 
216 446 9 10 0.07811219 
328 241 4 8 0.07788737 
335 242 4 8 0.07782881 
389 633 6 6 0.07756691 
952 300 5 8 0.07655124 
87 644 6 9 0.076088935 
985 299 5 8 0.075466104 
334 288 4 6 0.07454061 
276 280 6 8 0.07451253 
340 288 4 5 0.07431911 
424 287 3 6 0.07276784 
25 451 11 14 0.07263673 
346 287 4 6 0.07261615 
357 273 6 8 0.07259371 
320 293 4 7 0.07208028 
301 293 5 7 0.07174607 
334 312 4 7 0.07159387 
352 218 4 5 0.07123296 
353 224 4 5 0.07106868 
96 617 7 8 0.07088086 
365 230 4 6 0.07070164 
361 218 4 6 0.06887532 
303 298 4 7 0.06829166 
417 286 4 7 0.06814281 
972 299 5 7 0.06742516 
186 639 5 6 0.06728034 
499 647 4 7 0.06694326 
338 242 4 8 0.066918105 
364 253 4 8 0.06662398 
252 231 4 6 0.06642823 
436 288 4 6 0.0660878 
544 545 5 6 0.0660359 
475 654 4 6 0.06598323 
88 650 5 7 0.065691814 
320 484 7 6 0.06567848 
342 216 3 6 0.06560222 
148 646 5 6 0.065595396 
443 287 4 7 0.06505448 
436 639 7 8 0.06492771 
327 236 4 7 0.06491537 
354 268 4 7 0.06445925 
448 288 4 7 0.06411364 
967 299 5 8 0.06404582 
461 626 5 6 0.06401043 
70 637 6 7 0.063820496 
347 261 4 7 0.063223675 
386 205 3 5 0.062937446 
309 647 4 6 0.062817186 
981 300 4 7 0.062142465 
447 599 6 7 0.062084045 
347 230 4 6 0.062046696 
379 622 3 4 0.06124165 
128 645 4 6 0.061216366 
41 265 5 9 0.060964286 
359 229 4 6 0.060803987 
557 621 4 5 0.060693346 
308 217 3 6 0.060661703 
1018 312 5 7 0.060563974 
352 229 4 6 0.06041339 
347 223 3 5 0.060169484 
181 646 4 6 0.059908323 
352 262 5 7 0.05926255 
449 639 5 6 0.059148524 
347 317 4 8 0.05895543 
352 621 6 5 0.058611274 
377 635 5 5 0.05834707 
385 210 4 6 0.058153644 
347 218 3 5 0.058089368 
466 596 5 6 0.057673614 
161 640 4 5 0.057494972 
262 280 6 8 0.0570801 
10 460 11 15 0.057046138 
979 286 5 7 0.056816585 
326 255 5 7 0.0566312 
334 317 5 8 0.05662395 
495 647 5 6 0.05638648 
174 627 6 6 0.056370586 
301 247 4 7 0.056352086 
451 625 4 6 0.05619546 
270 259 5 8 0.056153845 
25 643 6 11 0.05588278 
526 380 7 11 0.05581265 
546 678 3 5 0.05577039 
403 626 4 6 0.055705514 
987 369 7 11 0.055592548 
548 548 7 8 0.05550299 
317 326 5 8 0.05534073 
930 318 4 7 0.054943897 
396 617 4 4 0.054865636 
392 617 5 5 0.05454756 
398 631 5 6 0.054480955 
455 652 5 6 0.0543771 
306 236 4 5 0.054295093 
496 482 13 9 0.054229267 
373 215 4 7 0.054145508 
1000 262 4 6 0.054081116 
359 223 4 6 0.053914934 
339 294 4 6 0.053884283 
153 646 4 6 0.053824168 
390 628 4 5 0.05361592 
297 281 6 8 0.053589385 
945 273 5 8 0.05311054 
297 568 10 7 0.05310555 
520 198 3 5 0.053095255 
352 211 3 5 0.052873828 
324 480 7 6 0.052768003 
57 641 5 6 0.05262164 
480 644 5 7 0.052456904 
30 644 7 10 0.05242429 
167 635 3 4 0.05231209 
76 653 5 7 0.052294645 
993 268 4 5 0.051983867 
115 677 4 6 0.051836114 
544 646 5 5 0.0517348 
994 263 3 6 0.051710397 
367 235 4 6 0.05161801 
961 300 5 7 0.051454734 
494 629 3 4 0.051449616 
974 281 4 6 0.051389728 
341 212 3 6 0.051284008 
538 399 6 11 0.051241368 
934 318 4 6 0.051126264 
475 639 5 8 0.051052455 
174 639 5 6 0.051028907 
353 304 5 7 0.051008053 
454 639 4 6 0.05093953 
357 268 5 7 0.050757952 
421 626 5 5 0.05066762 
507 620 4 6 0.05062674 
923 178 2 5 0.05034486 
186 646 4 5 0.050255537 
985 305 4 7 0.050235968 
447 596 5 6 0.05018933 
325 485 7 5 0.05016156 
904 173 4 6 0.05009266 
309 285 4 8 0.04996131 
20 643 6 10 0.049864694 
475 634 5 5 0.049844548 
70 614 6 7 0.04970133 
404 622 5 4 0.049635246 
346 281 4 6 0.04956891 
359 627 5 5 0.049529634 
351 643 7 8 0.049329028 
518 665 4 7 0.04917213 
597 174 2 4 0.049054638 
558 615 4 4 0.048925377 
340 262 4 7 0.04885086 
328 281 4 7 0.048803337 
479 640 5 6 0.04878208 
922 324 5 8 0.048765194 
360 211 3 5 0.048651695 
187 634 4 4 0.048646666 
968 294 4 6 0.048266873 
610 304 6 10 0.04814512 
558 401 7 10 0.048016045 
1006 267 4 7 0.047918092 
136 652 5 5 0.047692157 
84 651 6 7 0.04756868 
922 321 4 6 0.047555953 
320 254 5 7 0.047545508 
896 322 7 9 0.047484145 
993 276 4 5 0.047471914 
322 267 5 8 0.04741917 
418 640 4 5 0.04737776 
962 314 4 7 0.047280952 
321 222 4 8 0.0471619 
462 623 3 4 0.047148477 
917 178 3 5 0.047145758 
11 438 6 7 0.047120336 
533 684 4 6 0.047095228 
371 639 5 6 0.046670042 
340 266 4 7 0.046581976 
333 640 4 6 0.04650798 
326 261 5 7 0.046464898 
77 656 5 7 0.046381425 
339 200 3 4 0.046371154 
98 651 4 6 0.046307474 
1020 349 5 8 0.046124827 
359 621 5 5 0.046051923 
347 242 5 8 0.046037346 
20 638 5 10 0.045574594 
271 223 3 5 0.04555703 
347 266 4 7 0.04550127 
289 230 3 6 0.04548543 
7 438 6 8 0.045430556 
357 505 7 5 0.04535957 
410 627 4 5 0.04508577 
972 295 4 6 0.044967446 
462 640 6 6 0.04494468 
155 641 3 4 0.044808906 
961 293 4 6 0.04478956 
934 314 4 7 0.044727482 
198 646 5 5 0.044722714 
577 640 4 5 0.04470999 
14 629 6 10 0.044698603 
104 640 4 7 0.044665463 
922 174 3 5 0.044507787 
402 633 5 5 0.04447897 
982 304 3 7 0.04441721 
607 645 4 5 0.04439042 
379 626 4 5 0.04435115 
135 646 4 6 0.044266164 
911 242 4 8 0.044257447 
387 633 5 5 0.044237636 
230 645 5 6 0.044237077 
372 211 4 6 0.044225328 
316 293 5 8 0.044142805 
418 626 5 5 0.044076435 
285 473 30 18 0.04398027 
29 615 9 10 0.04393393 
205 645 5 6 0.043901753 
520 205 3 5 0.04384695 
533 646 4 6 0.043846164 
367 633 5 6 0.043831185 
394 471 11 7 0.043780774 
577 291 7 10 0.043751698 
475 643 6 7 0.043708157 
506 651 5 6 0.04368331 
346 254 5 8 0.0436672 
386 468 28 21 0.043649506 
360 279 4 6 0.04358504 
488 630 3 3 0.043561596 
597 186 3 5 0.04338216 
392 478 14 9 0.043355502 
545 666 4 5 0.043285355 
153 614 4 5 0.04327432 
482 653 4 6 0.043272465 
327 294 4 6 0.043193106 
341 307 4 7 0.04318103 
141 658 5 7 0.04305617 
986 276 4 5 0.043037172 
538 666 4 6 0.04302779 
992 280 5 6 0.04296203 
577 634 3 4 0.042847846 
282 285 5 8 0.042773418 
167 657 6 7 0.04275489 
358 640 5 6 0.042688627 
538 659 4 5 0.042674147 
445 602 4 5 0.042616278 
39 637 7 9 0.04255397 
364 221 4 7 0.042479977 
485 652 4 6 0.042473488 
104 745 5 9 0.04247215 
327 287 4 6 0.042467903 
110 659 4 7 0.042406783 
505 647 4 5 0.042321384 
345 313 4 7 0.042235564 
633 269 6 7 0.04222221 
307 299 5 8 0.04220155 
320 297 4 8 0.04215109 
333 293 5 6 0.042135797 
577 684 3 5 0.04211722 
329 247 3 7 0.042045034 
582 279 7 9 0.042041942 
443 623 4 4 0.04200489 
180 652 4 6 0.041969463 
291 267 6 9 0.04196592 
436 653 4 4 0.041918457 
162 635 3 4 0.041809533 
377 217 4 7 0.041778523 
308 281 5 6 0.04174635 
146 665 5 7 0.041722924 
450 646 4 5 0.041719705 
617 286 5 8 0.04154957 
358 235 4 7 0.041446928 
174 615 4 4 0.041445635 
314 248 5 8 0.04135722 
333 308 5 6 0.04133748 
339 318 4 7 0.041321605 
525 679 4 6 0.041308153 
385 199 3 5 0.04130571 
499 633 4 5 0.041260768 
474 237 8 12 0.04116091 
366 200 2 4 0.04115907 
987 282 4 6 0.041130953 
616 269 5 6 0.041079383 
326 229 4 7 0.040972807 
341 282 4 6 0.040951822 
1012 325 5 8 0.040905952 
98 646 4 6 0.040904816 
65 645 5 6 0.040845454 
352 235 4 7 0.040843725 
321 644 4 6 0.040762488 
319 237 4 6 0.04069551 
309 247 4 7 0.040655397 
366 639 6 5 0.04062513 
127 640 4 7 0.040594596 
348 205 3 5 0.04050879 
428 634 5 6 0.040505286 
481 480 6 6 0.04049584 
161 646 4 5 0.040488727 
218 634 4 4 0.04037179 
974 306 3 6 0.040363964 
359 243 5 7 0.040270362 
315 236 5 7 0.040194213 
19 656 6 11 0.040162995 
484 480 8 6 0.04011019 
52 640 5 7 0.040060304 
427 639 5 6 0.040059127 
653 270 5 6 0.040047944 
352 628 5 4 0.03993124 
544 639 4 5 0.03991116 
308 650 5 7 0.039891668 
571 659 4 6 0.039881714 
320 614 5 5 0.039826993 
321 272 5 8 0.03976001 
275 268 4 6 0.039658755 
0 259 4 9 0.039620783 
521 179 3 6 0.039459016 
597 181 3 4 0.039386623 
902 243 4 7 0.039301235 
377 652 4 6 0.039299663 
565 641 4 4 0.039221667 
64 639 5 6 0.03922102 
429 282 3 5 0.03913635 
308 254 5 9 0.039129116 
406 301 4 6 0.039086185 
308 273 6 7 0.039042547 
70 653 5 7 0.039023604 
967 314 3 7 0.03898972 
448 653 5 6 0.038986754 
364 622 4 4 0.038982593 
314 517 8 7 0.03898061 
77 639 5 6 0.038979962 
187 627 4 4 0.03897373 
319 641 5 6 0.038971104 
923 351 6 9 0.03896823 
174 621 5 4 0.038955376 
89 639 5 8 0.038951717 
302 231 4 6 0.038942605 
443 293 4 6 0.038831457 
455 646 5 6 0.038829256 
315 615 4 5 0.03881966 
903 306 4 7 0.03878064 
365 627 5 5 0.0387771 
315 513 6 5 0.03870623 
596 672 4 6 0.03867851 
554 506 8 7 0.038610928 
980 283 4 6 0.03850579 
625 512 11 8 0.03846872 
488 245 7 12 0.038462188 
340 312 4 7 0.038446896 
620 286 5 8 0.0384242 
308 231 4 5 0.038401008 
429 287 4 6 0.038370736 
309 305 5 9 0.038360234 
526 198 3 5 0.03827294 
582 539 19 27 0.038180128 
545 652 4 5 0.038112506 
128 612 5 6 0.03810274 
322 631 5 7 0.03806041 
659 274 5 6 0.038039654 
1020 293 5 8 0.037904438 
398 204 3 6 0.03785969 
578 645 4 5 0.03785124 
96 665 6 7 0.037848037 
998 361 7 11 0.037774272 
427 458 9 9 0.03776413 
124 618 5 8 0.03774519 
417 282 4 6 0.03773796 
309 539 16 9 0.03770045 
306 537 10 7 0.037693057 
321 217 4 5 0.037600197 
133 613 5 6 0.037536025 
533 671 4 6 0.0375213 
371 338 3 6 0.037468098 
290 211 3 4 0.03744648 
513 354 6 9 0.03739528 
275 613 5 6 0.037385732 
437 282 3 5 0.037372712 
78 646 5 6 0.03734779 
519 647 3 5 0.037347525 
442 679 5 6 0.037333477 
167 653 5 7 0.037323795 
448 658 4 6 0.037297036 
110 672 4 6 0.037284777 
314 253 4 8 0.037282806 
371 627 5 4 0.037282567 
911 178 3 5 0.037260957 
309 337 5 8 0.03720705 
335 542 11 7 0.03710084 
429 614 5 6 0.03708012 
149 641 3 5 0.037003722 
423 276 3 5 0.03700317 
646 269 5 6 0.03695753 
128 652 4 5 0.036764797 
522 526 12 11 0.03675316 
607 293 5 8 0.036680542 
571 664 4 5 0.036667913 
333 281 4 6 0.036647055 
423 634 5 6 0.036633804 
916 300 4 6 0.036631517 
525 671 4 6 0.036618594 
379 324 4 7 0.036556136 
161 652 5 6 0.0365166 
377 646 5 6 0.03648912 
417 185 3 5 0.03642306 
461 659 4 6 0.036411747 
316 621 4 4 0.036407866 
123 609 4 5 0.0364029 
283 231 3 5 0.036390353 
339 638 5 7 0.036368158 
641 269 5 6 0.036336485 
654 273 5 6 0.036314037 
915 344 4 8 0.036259606 
491 479 12 8 0.036236137 
538 652 3 5 0.03620166 
342 223 3 6 0.03605788 
418 277 3 4 0.035923444 
281 261 5 7 0.035859577 
288 237 4 5 0.03581938 
962 305 3 6 0.03580927 
108 684 5 7 0.035785772 
309 221 4 7 0.035726506 
339 247 4 7 0.03563818 
571 641 3 5 0.035571955 
109 645 4 6 0.035559583 
268 275 5 6 0.03554317 
39 644 6 9 0.03553804 
950 300 4 8 0.03551443 
498 488 11 9 0.035497766 
526 719 5 9 0.035477668 
161 614 4 4 0.035356257 
347 211 3 5 0.03534089 
584 646 3 5 0.035325125 
409 651 4 6 0.03531999 
499 628 4 5 0.035318226 
999 277 4 6 0.035293747 
559 652 3 5 0.03521599 
449 677 4 7 0.035213765 
289 207 3 4 0.035181716 
193 646 5 6 0.035108536 
430 608 5 5 0.035075206 
378 250 4 6 0.03506566 
897 299 4 6 0.035047226 
392 646 5 6 0.035021376 
212 647 5 6 0.03495099 
140 652 5 6 0.034898415 
410 203 4 7 0.034889672 
275 261 5 7 0.034846816 
728 647 5 6 0.034827214 
596 652 4 6 0.03475148 
993 326 4 6 0.034742318 
312 305 5 9 0.03471113 
443 657 5 7 0.034704007 
524 652 4 5 0.034680404 
21 231 3 4 0.034613226 
337 583 9 7 0.03459294 
289 262 5 7 0.03458658 
465 639 5 7 0.034520306 
615 273 6 7 0.034493033 
358 511 7 6 0.03446328 
994 306 4 7 0.034462497 
379 237 4 6 0.034456674 
1013 318 4 7 0.034443237 
981 256 4 5 0.03441341 
334 224 3 6 0.034405194 
518 353 4 9 0.034397334 
313 287 5 7 0.034384698 
576 680 4 5 0.034379054 
123 664 5 6 0.034378186 
153 627 4 5 0.03433433 
543 394 6 10 0.034326226 
367 204 3 5 0.034205828 
290 242 4 6 0.03420381 
297 291 5 8 0.034160025 
455 657 5 6 0.034149323 
398 262 4 7 0.034145 
532 193 4 5 0.03414005 
303 212 3 4 0.034138925 
236 646 4 6 0.034121472 
532 678 3 6 0.034097597 
584 665 3 7 0.034080517 
409 646 5 7 0.034053322 
372 205 3 6 0.034053057 
986 286 4 6 0.03403802 
335 215 3 7 0.033971667 
417 645 4 6 0.033946857 
776 457 90 162 0.03392013 
308 212 3 4 0.033910535 
326 273 6 8 0.03389012 
544 388 6 8 0.033886712 
360 205 3 5 0.033883657 
672 275 5 7 0.03385634 
514 678 3 5 0.033829693 
294 236 4 6 0.033816207 
257 212 3 5 0.033813033 
526 646 3 6 0.033805523 
350 242 5 8 0.03374675 
338 538 8 5 0.033743374 
295 477 15 9 0.03373141 
270 255 5 8 0.033716634 
209 474 25 29 0.03366202 
348 200 3 4 0.033598892 
328 333 4 6 0.033594675 
321 261 4 7 0.033571184 
14 277 6 9 0.03356775 
352 254 4 8 0.03356232 
154 621 4 4 0.03355242 
248 278 6 9 0.033546887 
284 236 4 6 0.03352455 
339 633 5 6 0.033474766 
212 634 4 5 0.0334332 
335 199 3 5 0.033425894 
9 256 4 7 0.03341257 
320 539 14 9 0.033411846 
536 685 4 6 0.033390805 
320 241 4 8 0.033384107 
347 293 4 6 0.033318777 
547 506 10 7 0.033262543 
303 235 4 6 0.033255257 
411 198 3 6 0.033207603 
904 294 5 7 0.033080943 
537 647 5 6 0.03305122 
301 243 4 6 0.033044405 
332 333 4 6 0.03301218 
283 627 7 8 0.033002716 
325 529 10 7 0.032979183 
917 173 4 5 0.032978147 
941 292 4 7 0.03293851 
326 313 5 7 0.03292848 
391 306 4 7 0.03291247 
24 649 5 11 0.03291197 
442 654 5 5 0.032900088 
577 192 3 5 0.032829113 
506 626 4 5 0.03276927 
109 678 4 5 0.03275543 
924 197 3 5 0.03274453 
467 678 4 6 0.032665707 
948 279 4 7 0.032638878 
335 627 4 4 0.032577757 
445 503 9 8 0.032554433 
442 281 4 7 0.032537032 
973 276 4 5 0.03253337 
424 665 5 7 0.03250361 
102 665 4 6 0.03250351 
947 305 5 7 0.032474358 
325 268 5 7 0.032464646 
372 199 3 5 0.03243392 
114 672 4 6 0.03242336 
509 224 6 8 0.032363337 
319 621 5 4 0.032353923 
585 671 4 6 0.03235062 
92 658 5 7 0.03228142 
58 587 4 5 0.03223546 
319 512 6 5 0.032216754 
898 244 3 6 0.032112412 
576 659 4 5 0.032105938 
289 256 4 6 0.032063335 
351 518 6 5 0.032033667 
992 313 4 6 0.03202185 
335 634 4 5 0.031967178 
400 472 9 6 0.03195748 
321 550 12 7 0.031928968 
198 627 6 6 0.031922866 
519 193 4 6 0.031919125 
124 613 5 6 0.03188879 
533 658 4 6 0.031855166 
436 292 4 6 0.031850085 
142 641 3 5 0.0317947 
336 582 32 19 0.03179456 
533 652 4 5 0.031778682 
276 225 3 5 0.03177153 
377 474 7 5 0.03176816 
373 249 4 6 0.031742446 
514 665 4 7 0.031673595 
974 268 4 5 0.031667426 
352 205 3 5 0.03165019 
263 633 5 6 0.031649828 
490 468 8 6 0.031632014 
501 248 6 8 0.03163105 
917 231 3 5 0.031623833 
475 670 5 7 0.031615775 
961 289 4 6 0.031608656 
405 204 3 6 0.03160214 
424 615 5 5 0.03159224 
270 219 3 4 0.031590194 
404 652 5 6 0.0315718 
379 206 2 5 0.031552304 
488 638 4 6 0.031531107 
513 198 3 5 0.031525195 
318 248 5 8 0.031516463 
308 242 5 7 0.0314865 
524 659 4 6 0.031467684 
409 622 4 5 0.03144666 
437 698 4 6 0.031437796 
514 672 3 5 0.03143466 
435 609 5 5 0.031429153 
522 349 6 10 0.031425156 
513 646 5 6 0.031416904 
1011 330 5 7 0.03137291 
640 638 5 6 0.03136576 
550 646 5 6 0.031363375 
905 299 4 6 0.031338397 
620 282 5 7 0.031330388 
564 173 3 5 0.03130179 
442 672 4 5 0.031300507 
529 387 6 10 0.031297714 
340 333 4 6 0.0312892 
942 253 6 9 0.031288613 
462 665 5 6 0.031278566 
1020 307 4 7 0.031258445 
229 469 7 8 0.031250477 
192 503 22 22 0.031208167 
942 343 4 7 0.031201668 
538 194 4 5 0.031194517 
525 664 3 7 0.031169042 
564 621 3 5 0.031165393 
334 236 3 7 0.031162295 
603 677 4 6 0.031162199 
205 640 5 5 0.031160675 
628 270 4 6 0.031138306 
564 197 5 7 0.031134503 
967 304 4 6 0.03113251 
410 276 3 5 0.031097345 
334 212 4 6 0.031074526 
684 275 4 6 0.031051923 
391 318 5 8 0.031045998 
301 223 4 5 0.031032342 
333 337 5 7 0.03100963 
513 401 8 10 0.030986996 
962 274 4 6 0.030951722 
116 640 4 5 0.030937308 
416 236 5 8 0.030924316 
201 584 38 25 0.030903641 
641 635 5 6 0.030897733 
116 684 4 7 0.030866789 
345 306 4 7 0.030811638 
973 313 4 6 0.030762538 
354 324 4 6 0.030735891 
378 211 3 5 0.03072392 
357 538 8 5 0.030689213 
513 640 4 5 0.030676821 
110 664 4 6 0.03067054 
590 647 3 5 0.030669075 
418 267 4 6 0.030665591 
288 278 5 8 0.030649198 
386 288 3 6 0.030647922 
572 634 3 4 0.030633295 
166 268 9 15 0.030624164 
378 223 4 6 0.030613251 
629 646 4 5 0.030580102 
294 243 4 5 0.030576885 
352 616 6 5 0.030568978 
378 241 4 6 0.030567478 
468 652 4 6 0.03052465 
1021 356 4 8 0.030524326 
537 621 4 5 0.030508975 
350 587 10 7 0.030505354 
528 193 3 5 0.03050369 
445 498 9 7 0.030492613 
949 343 5 9 0.030473879 
334 247 3 6 0.030473655 
562 507 9 7 0.03046341 
435 665 5 6 0.030460348 
314 299 4 7 0.030449335 
386 262 4 6 0.030449236 
353 280 4 6 0.03043371 
1019 319 4 8 0.030431531 
461 645 5 6 0.030392047 
545 204 3 6 0.030309994 
589 191 3 6 0.030309698 
552 622 3 4 0.030297693 
537 670 4 5 0.030293979 
355 592 10 7 0.030281004 
306 294 5 7 0.030278493 
251 246 5 8 0.030258026 
49 454 10 15 0.030245902 
523 342 6 10 0.030241808 
523 477 9 7 0.030234687 
379 294 3 6 0.030206079 
223 465 9 10 0.03018545 
134 610 4 5 0.030151745 
940 376 5 8 0.030148204 
1006 275 4 6 0.030146534 
298 564 10 7 0.030143313 
545 660 3 4 0.030137315 
454 490 8 6 0.03013685 
206 653 4 5 0.0301199 
186 653 4 5 0.030117802 
480 484 7 6 0.030116305 
341 230 3 6 0.030086612 
578 654 3 5 0.030048609 
301 254 5 8 0.03003087 
1013 313 4 6 0.030023573 
386 647 4 5 0.030010844 
0 356 4 8 0.030010467 
930 288 5 7 0.029968452 
15 449 16 20 0.0299489 
950 339 3 6 0.029888263 
296 472 13 8 0.029881326 
418 635 4 4 0.029880125 
589 685 4 6 0.029875716 
314 320 5 7 0.029857777 
199 465 24 25 0.029829493 
392 314 4 6 0.02981826 
366 319 5 7 0.029810032 
539 197 4 6 0.029762696 
910 235 5 7 0.02974202 
454 486 8 5 0.02972974 
677 291 5 9 0.029677862 
561 405 6 8 0.029675232 
313 521 10 7 0.029672308 
340 236 3 7 0.029655438 
546 672 4 5 0.029648723 
551 665 4 5 0.029640336 
425 658 4 6 0.029618632 
295 300 4 7 0.029617378 
916 168 3 4 0.029591665 
277 230 3 5 0.029591167 
580 297 7 13 0.029584514 
430 619 4 6 0.02958116 
620 515 10 8 0.029570578 
444 193 3 5 0.02956378 
46 655 5 9 0.029526586 
267 613 8 7 0.029522138 
0 248 3 8 0.029517332 
58 584 4 4 0.029499158 
98 670 4 6 0.02949708 
302 640 4 5 0.02949503 
424 282 3 5 0.029483754 
582 318 6 9 0.029466845 
525 640 4 5 0.029465372 
449 635 4 4 0.029446974 
404 268 4 6 0.029435458 
405 679 4 7 0.029435245 
257 422 4 5 0.029432228 
427 463 9 7 0.02941471 
655 254 5 6 0.029410604 
607 653 4 6 0.029407257 
366 323 4 7 0.029402478 
441 427 8 9 0.029391622 
590 187 3 4 0.0293891 
266 618 9 9 0.029383136 
269 422 4 5 0.029371183 
244 640 6 7 0.02937075 
312 262 6 9 0.02934672 
569 305 6 10 0.029342141 
373 684 5 9 0.029334953 
385 688 5 7 0.029334502 
193 652 4 5 0.029333008 
525 387 6 9 0.029326383 
53 285 5 8 0.029297145 
520 652 4 5 0.02927989 
641 275 5 5 0.029271232 
262 285 5 7 0.029255101 
102 644 4 6 0.02925253 
371 657 4 7 0.029228332 
161 621 4 4 0.029217882 
443 682 4 6 0.029199444 
467 627 4 5 0.029145759 
917 324 4 8 0.029138526 
94 658 6 7 0.029119013 
314 223 3 6 0.029096264 
321 281 4 6 0.029091222 
570 382 6 9 0.029064491 
335 587 12 7 0.029050661 
550 652 4 5 0.029047636 
44 638 5 7 0.029045204 
408 300 5 7 0.029032886 
486 646 4 6 0.029014941 
24 299 4 6 0.028979866 
912 320 3 5 0.02893685 
24 631 6 9 0.0289352 
943 311 4 8 0.028918413 
356 554 12 8 0.0289074 
986 295 5 6 0.028902287 
108 627 5 6 0.028895762 
455 291 4 7 0.028889207 
570 323 8 14 0.028879358 
411 193 3 5 0.028868608 
7 654 6 11 0.0288649 
523 230 7 8 0.02885038 
417 292 4 6 0.028847707 
341 205 3 4 0.028846985 
354 550 12 8 0.028833766 
20 256 4 5 0.028829329 
167 615 4 4 0.028826391 
442 608 6 6 0.02880224 
493 621 4 4 0.028800746 
739 726 3 4 0.028787887 
312 650 5 7 0.028751772 
314 241 5 7 0.028746804 
967 289 4 5 0.028705588 
301 306 5 9 0.028683593 
27 226 3 3 0.028682563 
398 200 2 4 0.028681256 
286 287 6 8 0.028672528 
411 282 3 6 0.028657233 
546 683 3 6 0.028651873 
987 312 4 7 0.028626174 
6 631 5 9 0.028624091 
981 318 5 7 0.028621485 
463 632 5 6 0.028613418 
276 275 5 6 0.028595552 
218 639 4 5 0.028572828 
248 300 6 10 0.028567823 
83 602 4 5 0.028562656 
231 640 5 6 0.028561346 
312 274 5 7 0.028560525 
463 678 5 6 0.02855555 
281 300 5 7 0.028554916 
377 477 8 5 0.028549043 
27 317 4 7 0.02852509 
379 200 3 4 0.028512606 
405 199 3 5 0.02848999 
340 255 5 8 0.02848942 
334 547 14 8 0.028466454 
909 174 3 5 0.028453473 
488 419 7 9 0.0284398 
570 629 3 3 0.028396951 
581 283 6 10 0.028395513 
212 639 4 5 0.02838771 
5 462 10 15 0.028384726 
635 180 3 4 0.02835072 
934 292 5 7 0.028343732 
327 645 4 5 0.028331816 
544 629 4 4 0.02832673 
928 306 5 6 0.028317276 
421 301 4 7 0.028293656 
7 370 3 7 0.028281111 
443 711 4 6 0.028279454 
930 174 3 5 0.02826296 
491 472 8 5 0.028261214 
180 657 4 6 0.028238907 
1000 266 3 5 0.028200265 
922 192 3 6 0.028191166 
300 311 5 8 0.028180487 
100 613 5 8 0.028171945 
424 460 7 6 0.028143555 
366 657 5 7 0.028143153 
98 607 4 5 0.028096525 
353 319 5 8 0.028085044 
466 633 5 6 0.028076148 
289 248 5 6 0.02807242 
591 653 3 4 0.028045008 
553 509 11 8 0.028041316 
322 228 4 7 0.028033761 
513 633 5 6 0.027990583 
314 230 4 6 0.027988074 
243 466 9 8 0.027986446 
474 511 6 4 0.027982535 
367 193 2 4 0.02797034 
366 293 4 7 0.027961377 
360 288 4 6 0.027947955 
274 620 6 6 0.027930077 
346 513 5 4 0.027920213 
313 485 8 7 0.027910274 
597 720 4 7 0.027887512 
385 293 3 6 0.02786666 
352 543 8 5 0.027865846 
507 678 4 5 0.02785044 
562 330 6 10 0.027849186 
268 280 5 8 0.027846437 
993 318 4 6 0.027845599 
544 504 25 19 0.027836446 
359 262 4 7 0.02783269 
263 259 5 8 0.027830744 
149 633 5 5 0.027819447 
468 622 4 4 0.027810382 
909 167 3 4 0.027806496 
635 261 5 7 0.02780534 
553 197 3 6 0.027779533 
655 293 4 7 0.027758267 
200 640 4 5 0.027751733 
529 318 5 8 0.0277459 
520 389 5 8 0.02774414 
566 627 3 5 0.027722448 
933 280 5 7 0.027708558 
398 427 7 7 0.027683789 
15 333 3 6 0.027681233 
339 299 5 6 0.027669417 
353 633 5 5 0.027646437 
379 254 4 7 0.027618425 
399 275 3 6 0.0276029 
370 634 5 5 0.027602196 
327 526 7 6 0.027596388 
101 652 5 7 0.027591577 
15 376 4 6 0.027586982 
424 638 4 6 0.027579183 
661 269 5 6 0.027577896 
135 658 5 7 0.027565345 
549 342 8 13 0.027546193 
987 255 4 5 0.027544357 
47 618 5 7 0.027542632 
365 281 4 6 0.027541762 
883 173 3 5 0.027458979 
351 288 4 5 0.027456775 
340 500 5 4 0.027453434 
418 262 3 6 0.027439611 
333 614 4 4 0.027415013 
405 639 4 5 0.027389912 
569 431 8 10 0.027367553 
501 666 4 6 0.02734201 
421 621 6 6 0.027341582 
149 627 4 5 0.027324162 
206 659 4 6 0.027304476 
498 392 6 10 0.027266497 
496 542 13 15 0.027246535 
91 664 5 7 0.027192103 
621 645 4 6 0.0271839 
526 185 3 5 0.027173681 
565 168 3 4 0.02716532 
7 259 5 8 0.027161822 
507 274 4 7 0.027156768 
905 230 4 6 0.027153466 
325 596 7 5 0.027148196 
9 391 3 6 0.027112959 
352 513 6 5 0.027073057 
1020 288 4 7 0.027046382 
538 386 6 9 0.027042015 
576 296 8 12 0.027040584 
564 646 4 4 0.02703666 
615 262 4 5 0.027017772 
429 532 4 4 0.027009858 
57 614 5 6 0.027006006 
520 310 5 8 0.027000317 
916 339 3 6 0.026983505 
173 653 4 5 0.026979582 
493 639 4 5 0.026963335 
513 335 7 10 0.026957108 
949 287 4 7 0.026947014 
601 218 4 5 0.026927898 
321 628 5 6 0.02689935 
878 180 3 5 0.026892206 
251 234 3 6 0.026890583 
8 395 4 7 0.026888266 
14 231 2 4 0.026862424 
25 625 6 9 0.026858859 
519 395 7 11 0.02684935 
135 672 4 6 0.026843559 
903 186 3 5 0.026841652 
372 344 4 6 0.02683185 
451 305 3 7 0.02678484 
320 331 4 7 0.026779987 
230 629 7 5 0.026755841 
344 544 8 5 0.026750479 
82 657 6 7 0.026728526 
936 390 7 14 0.026728218 
109 641 4 5 0.026716394 
479 197 5 6 0.026707243 
527 478 10 7 0.026706945 
149 670 5 7 0.026699776 
551 388 5 8 0.026698597 
371 236 3 6 0.026693791 
933 269 4 6 0.026664905 
67 634 5 6 0.026655586 
603 224 4 5 0.026654152 
287 292 5 8 0.026652394 
922 186 3 5 0.026639942 
429 652 4 6 0.026633423 
31 639 6 9 0.02661867 
716 652 4 5 0.026608732 
500 670 4 7 0.026606455 
333 261 5 8 0.026597414 
429 646 4 6 0.02658225 
526 683 3 6 0.026574563 
980 269 4 5 0.02653582 
282 242 5 6 0.026526522 
980 261 4 6 0.026516503 
453 305 4 7 0.026501728 
590 181 2 3 0.026491452 
418 652 4 6 0.026477935 
946 362 5 10 0.026437385 
583 653 3 5 0.02643045 
590 634 3 5 0.02640027 
22 300 4 6 0.026377901 
568 414 7 9 0.026361344 
680 267 4 6 0.026353445 
922 313 4 6 0.026349675 
196 453 14 14 0.026348747 
191 640 5 5 0.02634855 
480 634 4 5 0.026332214 
577 628 3 4 0.026291374 
436 627 4 5 0.026274992 
423 646 5 6 0.02626525 
617 640 3 5 0.026237823 
589 671 3 6 0.026232805 
305 473 8 6 0.026225511 
611 670 4 7 0.026223524 
231 418 4 4 0.02621816 
563 458 10 11 0.02621482 
436 680 4 6 0.02620539 
610 667 4 6 0.026195748 
26 231 3 4 0.026174538 
224 634 4 4 0.026156832 
320 737 6 13 0.026132127 
373 324 3 6 0.026126448 
898 306 4 6 0.026103273 
583 198 3 5 0.02610091 
417 193 3 5 0.026094167 
21 750 3 5 0.026088245 
302 268 4 7 0.0260812 
230 422 4 5 0.026049687 
481 530 5 6 0.026039258 
325 632 4 6 0.026001157 
122 645 5 7 0.02597477 
341 338 4 6 0.025969425 
334 267 4 6 0.025960352 
583 659 3 5 0.02595691 
577 665 3 5 0.025950352 
365 242 4 7 0.025924133 
545 691 4 8 0.025896344 
604 659 4 5 0.025893107 
210 450 10 11 0.025888328 
973 319 3 6 0.025882147 
533 666 4 6 0.02587773 
917 305 4 6 0.025876714 
330 537 10 7 0.025864825 
405 671 4 5 0.025836525 
929 166 3 5 0.02583015 
654 249 5 6 0.025809271 
391 287 3 6 0.025788242 
142 646 4 5 0.025781196 
423 698 4 7 0.025779959 
40 261 6 8 0.025775677 
928 160 3 5 0.025775138 
595 303 6 10 0.025766961 
372 653 5 6 0.025761055 
417 240 5 8 0.025758058 
31 662 5 10 0.02575357 
967 275 3 5 0.025727239 
519 478 8 7 0.025725495 
930 313 5 7 0.025704421 
424 262 3 6 0.025698658 
417 622 5 6 0.025695633 
379 288 4 6 0.025671285 
121 652 5 6 0.025638327 
885 288 4 5 0.02563768 
167 646 5 5 0.025632046 
552 191 3 7 0.025627164 
550 678 4 6 0.025624365 
443 479 5 5 0.025622565 
924 337 4 6 0.025597708 
1013 392 5 10 0.025589243 
520 679 3 5 0.025548516 
1020 375 4 9 0.025542133 
622 270 4 6 0.025541509 
315 640 4 5 0.025529612 
444 197 4 7 0.025523977 
313 281 5 6 0.025522277 
922 307 4 6 0.025513686 
397 691 5 7 0.025493458 
897 256 3 6 0.02548504 
13 776 94 136 0.02547823 
987 351 4 7 0.025471516 
486 658 4 6 0.025469856 
506 253 4 6 0.025460117 
102 671 4 6 0.025428353 
545 634 4 5 0.025419783 
391 268 4 6 0.025419297 
357 542 9 6 0.025416652 
208 498 12 13 0.025401913 
352 294 5 6 0.025378691 
373 242 4 7 0.025377378 
200 428 6 8 0.025354799 
430 276 3 5 0.025348343 
31 633 6 8 0.025340112 
303 568 9 6 0.025338205 
104 678 4 6 0.025333725 
265 276 5 7 0.025321973 
536 438 11 12 0.025306458 
398 210 3 6 0.025305724 
333 229 4 6 0.025301285 
314 218 3 5 0.025289986 
15 372 3 7 0.0252831 
551 672 3 5 0.02527467 
552 660 4 5 0.025272945 
545 368 5 9 0.025271658 
303 206 2 4 0.025263172 
916 320 3 6 0.025249148 
380 280 3 6 0.025247611 
567 464 9 9 0.025243051 
395 468 8 6 0.025216274 
384 511 5 4 0.02519502 
949 350 4 7 0.025194747 
548 545 6 7 0.025177551 
917 186 3 5 0.025172845 
25 639 5 9 0.025170086 
441 247 5 7 0.025146496 
541 405 8 11 0.025124192 
430 300 3 6 0.025122397 
356 500 7 5 0.02512131 
532 633 5 5 0.02511968 
506 227 7 8 0.025117503 
475 197 4 7 0.025103869 
11 447 7 9 0.025096785 
737 736 3 5 0.02509065 
26 296 4 6 0.025087172 
114 663 4 6 0.025080137 
641 287 5 6 0.02507956 
296 248 3 5 0.025074538 
568 245 9 11 0.025059888 
445 605 8 9 0.025050243 
962 317 4 7 0.025049487 
192 634 5 4 0.025036344 
552 186 3 5 0.025035994 
53 213 2 3 0.02503231 
570 646 3 4 0.025032027 
536 628 5 4 0.025013825 
450 696 4 7 0.025006663 
275 627 6 6 0.024989557 
590 175 3 4 0.024970455 
570 654 4 5 0.02496836 
411 287 3 6 0.024967028 
20 250 3 5 0.02493778 
557 647 4 5 0.024925906 
366 333 4 6 0.02490678 
332 275 4 7 0.024892088 
345 533 6 4 0.024888761 
532 628 5 4 0.024887675 
487 474 6 5 0.024882767 
603 181 2 4 0.024879584 
953 338 4 7 0.024860542 
385 254 3 7 0.024856985 
399 268 3 6 0.024842681 
201 461 13 14 0.02481601 
390 263 4 5 0.024814839 
225 422 4 5 0.024805779 
608 299 6 8 0.024799233 
1000 255 4 6 0.024798505 
328 327 4 6 0.024778068 
922 230 4 6 0.02475718 
265 416 4 5 0.024756674 
56 284 5 10 0.02475325 
342 587 12 8 0.024751086 
610 173 3 4 0.024743238 
358 634 4 5 0.02473561 
437 702 4 6 0.02472547 
328 307 5 6 0.024708543 
933 287 5 8 0.024674276 
308 310 4 8 0.024671774 
397 652 6 7 0.024658967 
911 272 5 8 0.024657777 
509 435 11 12 0.024653101 
70 647 4 5 0.024637818 
1020 299 5 7 0.02463637 
79 746 5 9 0.024631787 
507 672 3 5 0.024629481 
726 646 4 8 0.024616629 
53 584 3 4 0.024569524 
603 653 4 5 0.024554202 
459 498 9 6 0.02454879 
980 313 4 7 0.024548687 
197 269 8 11 0.024519717 
19 613 5 7 0.0245193 
324 517 7 5 0.024475645 
207 634 4 5 0.02446168 
429 670 4 6 0.024451578 
391 205 3 5 0.024446437 
253 467 8 8 0.02444215 
324 512 6 5 0.024426473 
448 493 6 5 0.02442509 
545 620 3 4 0.024392433 
614 670 4 7 0.024392137 
954 324 4 7 0.0243812 
658 255 4 6 0.024370538 
551 628 4 4 0.024366427 
664 268 5 6 0.024358166 
357 516 8 6 0.02435456 
622 292 4 7 0.024353009 
116 633 4 6 0.024348447 
254 293 5 7 0.024323208 
58 219 3 4 0.024290182 
911 343 4 8 0.02428218 
219 651 5 5 0.02428136 
372 255 3 6 0.024266021 
454 481 7 5 0.024261333 
346 622 5 4 0.024260776 
294 482 16 10 0.02425817 
486 665 5 6 0.024255028 
905 168 3 4 0.024229515 
589 628 4 4 0.024219155 
459 490 10 7 0.024191462 
494 484 25 16 0.024185408 
922 287 4 6 0.024154905 
434 614 5 5 0.02415271 
199 652 3 5 0.024146434 
289 225 3 5 0.024142088 
578 197 4 7 0.02414177 
157 582 79 79 0.024134615 
615 356 6 8 0.024129199 
441 697 5 7 0.024121339 
540 300 4 7 0.0241053 
559 324 5 9 0.02410014 
350 583 8 6 0.024094692 
50 461 16 26 0.024087993 
1010 351 4 8 0.024052624 
329 641 4 5 0.024043055 
237 274 4 7 0.024021829 
104 684 5 7 0.024005355 
625 343 5 9 0.023994152 
173 646 4 6 0.023981296 
21 313 5 7 0.023972921 
43 633 5 8 0.02395827 
78 608 4 5 0.023940856 
303 200 2 3 0.02391937 
566 185 3 6 0.02389231 
224 647 5 6 0.023891386 
615 230 5 6 0.023890175 
589 302 6 11 0.023877092 
1019 324 4 8 0.023865769 
466 646 4 6 0.023844477 
334 298 5 7 0.023825705 
968 281 4 5 0.023818975 
350 481 8 5 0.023816284 
327 212 3 5 0.023813138 
358 324 4 7 0.023806632 
12 256 4 6 0.02378882 
370 472 27 19 0.023779811 
335 205 2 5 0.023773704 
220 485 13 15 0.02374646 
391 639 5 6 0.02374174 
358 658 4 7 0.02372367 
931 186 3 5 0.023719404 
283 641 5 8 0.023709882 
36 455 8 13 0.023702575 
7 267 4 8 0.023697954 
632 286 5 8 0.023693794 
539 547 6 7 0.023682944 
396 695 5 7 0.023682112 
904 178 2 5 0.02366478 
357 319 5 7 0.0236634 
999 313 4 6 0.023653347 
946 311 4 8 0.02364333 
564 634 3 5 0.02362539 
484 484 8 6 0.023622308 
414 607 38 42 0.023601297 
391 537 6 5 0.023592329 
268 416 4 6 0.023591105 
909 325 4 8 0.0235883 
315 211 3 5 0.023580449 
941 258 6 8 0.02355975 
430 293 3 6 0.023558851 
549 394 6 9 0.023556683 
192 672 4 8 0.02354756 
943 307 4 6 0.02353329 
455 166 4 5 0.02352865 
264 422 5 5 0.023524582 
609 161 3 4 0.023520159 
548 323 6 9 0.023520049 
473 500 7 5 0.023504604 
508 198 3 5 0.023479445 
123 639 5 7 0.023476932 
508 484 11 9 0.023466775 
847 173 3 5 0.023462078 
68 481 11 18 0.023458628 
276 305 5 7 0.02345357 
903 324 4 7 0.023446986 
923 330 5 8 0.023427736 
425 268 3 5 0.023425909 
303 218 3 5 0.02341717 
340 646 4 6 0.023413252 
700 646 2 5 0.023403456 
551 210 4 6 0.023401888 
13 306 4 7 0.023375673 
526 210 5 6 0.02337182 
961 269 4 5 0.023356639 
14 644 4 8 0.023338592 
19 663 5 10 0.023325097 
508 658 4 6 0.02329671 
39 672 4 7 0.023266468 
545 211 4 6 0.023260962 
499 479 13 8 0.023249937 
570 363 6 10 0.023249643 
456 428 6 7 0.023241827 
951 205 7 7 0.023237333 
417 180 3 5 0.023230469 
321 610 4 4 0.023229517 
77 712 4 5 0.023227338 
410 634 4 4 0.023213368 
742 726 3 3 0.02320405 
505 634 4 5 0.023189086 
485 498 6 5 0.02318505 
672 279 6 7 0.02317737 
488 286 5 7 0.023146303 
192 479 30 26 0.023145365 
896 180 3 4 0.023144295 
384 538 6 4 0.02314243 
521 183 4 7 0.023142155 
564 653 4 5 0.023141922 
187 452 15 13 0.023126863 
589 690 4 6 0.023123883 
610 261 4 6 0.023123253 
952 342 6 11 0.023109471 
911 162 2 4 0.02310684 
345 615 5 4 0.023104196 
13 301 3 5 0.023094382 
617 280 4 7 0.023090921 
368 338 3 6 0.023076061 
21 306 4 6 0.023061788 
346 554 10 7 0.02305374 
456 192 4 6 0.0230378 
293 273 5 8 0.023020465 
59 670 5 8 0.02300987 
54 458 9 13 0.023006262 
1020 267 5 8 0.02300493 
463 599 7 6 0.023004351 
1011 260 5 7 0.022999234 
623 192 3 6 0.022998119 
546 318 6 9 0.022981573 
602 721 3 6 0.02297175 
33 232 3 4 0.022963459 
46 225 3 4 0.022952262 
615 187 3 4 0.022949338 
162 628 3 4 0.022933116 
13 656 4 10 0.02291421 
910 231 3 6 0.022911431 
474 627 4 4 0.022905016 
71 671 4 7 0.022898553 
198 633 4 5 0.022892956 
289 523 13 8 0.02288259 
1010 248 4 7 0.022881767 
936 326 3 6 0.022874948 
385 300 4 6 0.022871777 
527 620 5 5 0.022858214 
975 287 4 6 0.022855192 
955 273 4 7 0.022841008 
505 666 4 6 0.022815371 
539 304 5 9 0.022813879 
437 248 4 6 0.022805484 
1020 370 4 9 0.022803554 
551 634 4 4 0.022801653 
69 665 4 7 0.022764428 
552 204 4 6 0.022743972 
982 274 4 6 0.022741558 
409 640 4 5 0.022737568 
942 279 4 7 0.022734046 
458 512 7 6 0.02273379 
929 273 5 7 0.022733435 
441 634 4 5 0.022725713 
507 212 4 6 0.022710616 
122 659 5 6 0.022697184 
890 244 4 6 0.022687072 
457 187 3 4 0.022686971 
513 205 3 5 0.022665057 
322 212 2 4 0.02265128 
950 292 4 7 0.022650998 
558 635 3 4 0.022641875 
424 217 4 8 0.02264053 
327 621 4 4 0.022619404 
562 615 4 4 0.022617444 
341 193 3 4 0.022617107 
37 506 7 9 0.022612423 
910 245 4 8 0.022612257 
1004 279 5 7 0.022605302 
609 187 3 4 0.022598345 
370 320 5 8 0.022595791 
224 651 4 6 0.02259179 
527 324 5 9 0.022586638 
513 193 3 5 0.022585312 
345 627 5 5 0.022568017 
510 619 6 6 0.022563085 
386 223 4 6 0.022562044 
511 522 8 8 0.022556134 
250 199 2 3 0.022555849 
927 224 5 6 0.022555077 
327 615 4 4 0.022545751 
366 212 3 5 0.02253341 
353 200 3 4 0.022526385 
930 269 5 6 0.022524051 
915 236 4 6 0.022500975 
97 677 5 8 0.022486428 
256 416 4 5 0.022477904 
179 676 4 7 0.02247029 
346 275 4 6 0.022466738 
168 669 5 8 0.022445865 
499 367 6 9 0.022436818 
13 638 5 9 0.022431212 
989 373 8 12 0.022394216 
584 167 3 4 0.022383206 
283 200 2 3 0.022376612 
405 665 5 7 0.022359578 
290 527 12 9 0.022347532 
315 207 3 4 0.022336235 
339 511 7 5 0.022323629 
454 301 3 6 0.022313766 
283 225 3 5 0.02231335 
603 645 4 5 0.022309437 
443 627 3 4 0.02230358 
602 318 7 11 0.022289302 
987 773 6 9 0.022287196 
597 168 3 4 0.022268498 
609 181 3 4 0.02226739 
97 639 4 6 0.022257272 
154 634 4 5 0.02225371 
623 205 3 5 0.022250036 
404 616 3 3 0.022248957 
322 313 5 7 0.022248678 
295 219 3 4 0.022238253 
599 305 6 8 0.02222392 
660 238 5 5 0.022215182 
511 658 4 6 0.022212898 
738 729 3 4 0.022204222 
72 225 2 4 0.022199802 
227 483 8 11 0.022192277 
334 621 4 5 0.022188913 
224 429 6 6 0.022184243 
928 155 2 4 0.022173809 
117 717 3 5 0.02216753 
636 342 5 9 0.022161532 
270 206 2 4 0.022154804 
181 686 3 6 0.022144703 
1019 222 5 8 0.022137545 
312 647 4 5 0.022135908 
364 537 8 5 0.022135532 
1006 339 3 6 0.022129752 
148 622 4 4 0.022121843 
450 301 4 6 0.022098225 
475 622 4 4 0.022096219 
0 242 3 6 0.02208337 
44 645 5 7 0.022070637 
934 273 4 8 0.022067059 
231 633 5 5 0.022062307 
218 628 4 4 0.022055924 
307 621 4 4 0.022053335 
444 596 4 4 0.022035861 
402 548 5 6 0.02203314 
577 174 2 4 0.022032954 
641 280 5 6 0.022031602 
954 288 4 6 0.02203017 
8 376 3 8 0.022028133 
244 240 4 7 0.022026174 
460 652 5 6 0.02201941 
898 769 2 4 0.022014111 
386 229 4 7 0.022012532 
564 191 4 6 0.021967372 
537 355 5 9 0.021957682 
110 613 5 7 0.021957152 
352 537 7 5 0.021941649 
519 210 5 6 0.021938425 
922 280 4 8 0.021929745 
717 749 3 5 0.021910908 
406 194 3 4 0.021894371 
203 432 7 7 0.021889921 
608 274 6 7 0.021879328 
272 268 5 6 0.021858867 
332 255 5 7 0.021841798 
305 575 8 5 0.021831527 
572 161 3 4 0.021823797 
385 652 5 5 0.021822896 
519 670 4 6 0.021812925 
493 659 5 6 0.021799214 
572 685 3 5 0.02179661 
378 187 3 3 0.02179175 
359 479 6 4 0.021785216 
496 474 10 7 0.021772953 
936 336 4 9 0.021770334 
365 262 5 6 0.021762826 
602 672 3 6 0.021756953 
431 683 4 6 0.021751545 
575 303 6 10 0.021741755 
931 292 4 6 0.021740075 
634 237 5 5 0.021736288 
104 633 5 6 0.021723108 
678 287 5 7 0.02171497 
342 582 10 7 0.021705564 
526 173 3 4 0.021705264 
890 257 3 6 0.021700675 
941 300 4 7 0.02169186 
59 717 3 6 0.021690845 
237 280 5 8 0.021688867 
1020 363 5 8 0.021687957 
615 653 4 5 0.021679819 
897 185 3 6 0.02167539 
488 475 24 15 0.02167284 
1019 229 5 7 0.021659598 
564 672 3 5 0.02165304 
405 294 3 5 0.021646949 
351 533 5 4 0.02162767 
333 658 5 8 0.021617994 
155 651 4 5 0.021614991 
10 452 11 13 0.021601522 
398 548 6 7 0.021594109 
27 255 4 5 0.021583777 
385 282 3 5 0.021581229 
391 211 2 5 0.021579979 
520 639 3 5 0.021571664 
997 306 5 7 0.021564748 
240 458 21 21 0.021549841 
291 218 2 4 0.021546023 
1 681 5 14 0.02154147 
58 652 5 7 0.021534411 
949 208 5 7 0.021532174 
91 597 3 4 0.021516547 
556 383 4 8 0.021501906 
96 602 4 5 0.021498254 
509 479 9 7 0.021493446 
629 282 4 5 0.021493264 
602 187 3 4 0.021488257 
437 710 4 6 0.021486938 
39 256 4 6 0.021484684 
474 179 4 6 0.021482352 
167 628 4 5 0.021465238 
63 670 5 7 0.02145179 
406 420 7 7 0.021419317 
240 504 10 8 0.021414595 
122 671 5 6 0.0214112 
386 193 2 4 0.021407906 
297 312 3 7 0.021406507 
609 168 2 4 0.021405144 
295 231 3 6 0.02140498 
15 226 2 4 0.021402739 
72 602 4 5 0.021402298 
572 537 20 24 0.021399396 
310 518 23 17 0.021391125 
908 307 4 6 0.021383232 
248 470 9 9 0.021380702 
309 207 2 3 0.021376012 
916 155 3 4 0.021370642 
40 676 3 7 0.021365937 
520 221 7 9 0.021359056 
333 610 5 4 0.021353023 
321 476 5 4 0.02135254 
302 635 4 5 0.02134092 
404 275 4 5 0.021334153 
519 684 3 6 0.02133117 
583 204 3 6 0.021328466 
186 659 4 6 0.021326452 
474 505 6 5 0.021317687 
309 334 5 6 0.021304509 
1010 274 3 6 0.021283738 
186 685 4 6 0.021274813 
599 190 3 5 0.021266205 
448 517 7 7 0.021262866 
982 374 5 9 0.021257529 
892 179 3 5 0.021252887 
928 148 3 4 0.021249363 
988 769 4 6 0.021245804 
692 268 4 7 0.021243766 
955 269 4 6 0.021241175 
238 236 4 6 0.021232368 
410 295 4 5 0.021218024 
475 615 4 4 0.02121536 
425 221 4 8 0.021199752 
141 691 4 7 0.021194376 
399 478 10 6 0.02118839 
153 671 5 6 0.021183377 
515 606 10 11 0.021179661 
347 518 7 5 0.021177704 
582 640 3 5 0.02114059 
77 212 4 4 0.021138892 
285 518 12 7 0.021137422 
992 351 3 6 0.021128966 
590 435 5 6 0.021124177 
430 690 4 6 0.021114388 
930 178 4 5 0.021113748 
401 441 7 7 0.021110322 
959 192 5 6 0.021106513 
257 235 4 6 0.0210873 
447 242 5 8 0.021064533 
525 205 4 5 0.02106404 
325 491 7 6 0.021060247 
385 326 3 6 0.021032352 
1004 263 4 6 0.021016894 
27 243 4 5 0.021015134 
601 297 6 9 0.02100165 
480 287 4 6 0.021001352 
44 601 8 12 0.020990338 
103 728 3 6 0.020985115 
213 416 4 6 0.020982973 
436 633 4 5 0.020971283 
262 255 5 8 0.020969428 
556 204 4 7 0.020964716 
473 677 5 7 0.020958405 
270 200 2 3 0.02095157 
417 325 4 6 0.020951563 
361 200 2 4 0.020945376 
146 659 5 7 0.020944418 
680 275 4 5 0.02093122 
295 255 4 6 0.020923326 
313 480 7 5 0.020916348 
6 638 5 10 0.020915397 
115 659 5 7 0.020896997 
494 671 4 7 0.020893535 
916 142 3 3 0.0208913 
245 193 2 4 0.020889217 
346 338 4 6 0.020880463 
149 614 4 5 0.020869099 
493 254 5 6 0.020865947 
502 496 11 9 0.02086101 
185 622 5 4 0.020859718 
251 411 4 4 0.020859437 
481 657 4 6 0.02085625 
960 205 5 6 0.020855365 
602 360 5 11 0.02085133 
555 413 8 11 0.020842696 
27 237 4 5 0.020833412 
603 685 4 5 0.020826537 
254 231 4 6 0.020815691 
357 300 5 6 0.02081505 
6 643 6 10 0.020814676 
583 377 5 9 0.02080883 
599 523 9 8 0.020790083 
416 671 3 6 0.020789389 
212 651 4 6 0.020786868 
885 311 6 8 0.020786716 
0 657 4 10 0.02078484 
454 219 6 11 0.020782156 
533 494 27 21 0.020776933 
218 422 4 5 0.020776415 
988 250 4 5 0.020770803 
603 666 4 5 0.02075994 
22 457 11 17 0.020734452 
1012 307 4 5 0.02073434 
337 575 8 6 0.020732246 
571 407 5 8 0.020728476 
589 438 7 9 0.020721424 
516 523 9 9 0.0207211 
616 514 4 5 0.020720595 
646 273 5 6 0.020713279 
910 186 3 5 0.020698663 
603 167 3 5 0.02069858 
406 287 3 6 0.020688593 
623 225 3 4 0.020684676 
284 621 4 4 0.020679723 
289 200 2 4 0.020665519 
622 660 4 5 0.020662313 
556 640 4 5 0.020650554 
232 200 3 3 0.020647319 
478 499 8 5 0.020646311 
335 501 5 4 0.020636408 
640 262 4 6 0.020618197 
232 206 3 4 0.020611804 
453 567 8 6 0.02060179 
1010 371 5 7 0.02059571 
324 539 26 17 0.020592997 
557 197 3 7 0.020591296 
249 652 4 6 0.020577606 
372 334 4 5 0.020572852 
935 262 4 5 0.02057186 
443 475 5 6 0.020568756 
257 627 6 5 0.02056652 
1020 281 5 7 0.020561831 
322 288 3 6 0.020553458 
1007 375 5 10 0.020551838 
930 279 4 7 0.020551722 
352 650 6 7 0.020547062 
453 634 5 5 0.020544976 
986 269 3 4 0.020544825 
992 299 4 6 0.020541936 
596 677 4 5 0.020535825 
142 678 4 6 0.020534998 
552 382 5 9 0.020532856 
481 475 6 5 0.020530475 
488 282 4 5 0.020530429 
956 333 3 6 0.020528127 
25 607 15 22 0.020524904 
411 670 3 6 0.020516932 
448 665 5 6 0.020516416 
241 265 5 9 0.020509398 
512 613 6 7 0.020506434 
103 657 5 7 0.020483185 
366 344 4 6 0.020475172 
265 434 5 6 0.02047249 
435 276 4 5 0.020468349 
985 318 4 7 0.02046516 
603 161 3 4 0.02045218 
915 161 3 4 0.020434026 
122 685 4 7 0.020429622 
358 645 6 6 0.020428067 
405 281 3 6 0.020424208 
33 255 4 7 0.020400757 
345 480 8 6 0.020397661 
259 255 4 7 0.020382425 
481 527 4 5 0.020382406 
447 281 5 7 0.02037888 
481 205 5 6 0.020356085 
338 505 7 5 0.020352906 
604 229 4 6 0.020348791 
646 288 5 6 0.020347625 
283 256 4 6 0.020342676 
229 428 5 7 0.020331094 
179 251 7 9 0.02033056 
929 191 3 6 0.020328796 
363 594 8 6 0.020321446 
407 696 4 6 0.020313166 
385 216 4 8 0.02030073 
135 640 4 6 0.020298254 
584 622 3 4 0.020292033 
615 435 4 5 0.020290969 
909 338 4 7 0.020283412 
91 602 4 4 0.020277038 
288 640 4 7 0.020274783 
558 665 3 5 0.020274486 
435 621 4 5 0.020261707 
392 467 7 6 0.020260483 
493 615 4 5 0.020256914 
154 610 3 4 0.02024443 
628 193 2 5 0.020243708 
505 640 4 5 0.020241698 
277 301 4 6 0.02023066 
327 299 4 7 0.020230178 
325 318 4 7 0.020229578 
552 640 4 4 0.020221196 
946 269 5 7 0.020209935 
665 249 5 5 0.020206073 
954 313 4 7 0.020199701 
923 149 3 3 0.020195525 
570 402 5 8 0.02018243 
1010 356 5 7 0.020178115 
558 161 3 4 0.020170476 
153 584 45 40 0.020167578 
665 243 5 6 0.020148352 
866 768 3 5 0.020148115 
447 511 7 6 0.02014789 
391 283 3 5 0.02014403 
621 652 4 5 0.02013933 
903 280 5 7 0.020128293 
65 589 3 4 0.020096224 
248 645 6 6 0.020095883 
277 200 3 3 0.020094428 
909 313 4 6 0.02009421 
616 511 23 18 0.020092092 
620 273 5 6 0.020087052 
341 532 5 4 0.020081848 
918 769 2 4 0.020074164 
268 516 7 5 0.020071533 
89 678 5 8 0.020069687 
275 248 4 7 0.020059738 
629 287 5 7 0.020058952 
585 161 3 4 0.020058742 
197 261 69 98 0.020047791 
410 230 4 6 0.02003235 
79 225 2 4 0.020030094 
220 478 11 14 0.020029645 
378 268 4 6 0.020027863 
78 619 5 6 0.020018145 
941 338 4 8 0.02001647 
416 666 4 6 0.020013208 
510 317 5 8 0.020009382 
386 306 4 6 0.020000309 
122 634 5 6 0.020000242 
