50_Celebration_Or_Party_houseparty_50_432
352
629 827 29 36 0.9994585 
630 73 37 53 0.9993507 
402 600 24 34 0.99926776 
719 838 39 48 0.99860114 
619 280 19 29 0.99847144 
471 316 22 39 0.99816555 
540 287 19 34 0.9975273 
719 35 54 81 0.9967912 
696 269 19 36 0.99655104 
253 614 22 36 0.9965217 
373 57 19 26 0.99567115 
568 828 28 36 0.99537873 
336 284 28 44 0.99466103 
313 613 27 33 0.99357104 
513 841 36 46 0.9929079 
148 566 13 18 0.9928404 
416 63 24 36 0.9893272 
353 73 18 30 0.9865498 
314 57 23 44 0.9863007 
394 320 16 25 0.9842668 
442 71 23 34 0.98398787 
253 319 17 28 0.97285265 
569 87 18 37 0.95598614 
474 584 20 28 0.9396518 
396 863 9 15 0.92867035 
479 597 22 34 0.913945 
505 68 30 63 0.9092115 
142 853 12 15 0.87182015 
888 353 10 12 0.84748983 
495 62 12 21 0.6432533 
106 98 7 12 0.5911891 
410 862 8 13 0.58616805 
836 325 11 19 0.58184564 
183 101 6 10 0.561574 
822 309 8 15 0.55242014 
177 563 8 16 0.53185827 
297 870 13 25 0.4277339 
673 605 6 10 0.40324447 
654 607 6 10 0.37432754 
158 97 8 14 0.36056522 
145 599 9 14 0.35627967 
119 571 11 16 0.3349564 
987 321 9 15 0.3148768 
129 100 8 12 0.28626955 
346 868 9 12 0.28614447 
14 825 12 16 0.26965702 
87 113 6 10 0.26418903 
1 571 12 19 0.2502101 
457 850 18 25 0.24691047 
98 117 8 13 0.24199727 
202 561 11 17 0.23035444 
182 564 10 15 0.22248681 
421 694 11 15 0.21813624 
622 599 7 11 0.20283535 
728 665 21 22 0.19522367 
664 600 6 8 0.16455254 
14 798 20 26 0.1563618 
469 591 14 21 0.1543854 
645 600 6 8 0.14704162 
331 882 10 19 0.13454935 
284 325 20 40 0.13427588 
276 855 13 25 0.13080624 
831 108 5 9 0.12746006 
826 323 16 24 0.12611529 
55 876 11 21 0.117682904 
10 811 19 25 0.114514 
984 622 10 13 0.1132194 
557 98 31 55 0.11256153 
125 571 9 15 0.10756067 
90 599 7 13 0.1028973 
180 82 5 7 0.09937615 
643 621 9 10 0.09838691 
196 559 9 15 0.09762278 
299 840 9 15 0.09658519 
841 330 9 18 0.096293435 
294 837 8 13 0.09532611 
831 103 4 6 0.09426888 
219 609 18 33 0.09316781 
114 576 10 17 0.092044696 
402 413 10 16 0.08859722 
153 117 6 10 0.08778294 
741 607 6 9 0.08591399 
89 374 10 13 0.08496007 
289 870 14 27 0.08441122 
132 572 8 16 0.07870698 
132 593 7 13 0.07469152 
612 601 7 10 0.07432281 
380 873 9 13 0.074175976 
185 81 5 8 0.0735694 
429 855 9 13 0.07282218 
325 52 16 35 0.072650485 
189 560 11 16 0.07203687 
531 297 19 26 0.06989908 
129 367 8 11 0.06973149 
654 618 7 10 0.069153264 
150 922 44 44 0.0686628 
626 596 6 8 0.06862799 
667 605 5 9 0.06525847 
286 338 32 71 0.06414168 
621 595 5 8 0.06353203 
480 61 16 25 0.06263065 
23 780 10 17 0.062058948 
94 603 8 13 0.06075699 
174 96 5 8 0.059632797 
654 603 4 7 0.058411945 
272 869 10 20 0.05772404 
265 882 10 18 0.05770569 
694 289 25 45 0.05582959 
174 569 8 16 0.055238258 
969 366 10 18 0.055225104 
455 68 27 31 0.054937795 
987 616 5 8 0.05256122 
335 47 11 18 0.051342268 
960 611 5 9 0.051260725 
609 595 6 7 0.050772283 
661 599 5 8 0.049181826 
321 877 28 38 0.049073037 
655 595 5 7 0.048696704 
261 889 11 15 0.047809448 
108 104 7 12 0.047388498 
29 806 9 17 0.046495162 
99 96 4 7 0.045572795 
673 610 5 10 0.045120478 
287 841 9 14 0.04474423 
345 877 10 15 0.04322225 
987 630 11 15 0.043086976 
181 370 16 11 0.042940293 
212 559 9 16 0.0427463 
769 961 6 12 0.042637955 
109 111 6 10 0.042630672 
292 847 10 16 0.042356648 
94 610 8 15 0.042322606 
844 127 7 10 0.042241808 
378 860 7 12 0.041927446 
601 606 5 7 0.040897697 
614 595 5 7 0.04077557 
342 67 19 33 0.040703777 
741 600 5 10 0.04053467 
317 861 7 12 0.040204037 
639 614 4 7 0.039861213 
0 809 31 50 0.03974414 
116 375 12 12 0.039449222 
377 869 8 13 0.039435294 
88 96 5 7 0.039422996 
244 282 10 18 0.0393584 
667 587 5 8 0.039327852 
184 96 6 9 0.039166953 
324 870 17 25 0.039151967 
192 81 4 7 0.0391465 
699 612 6 9 0.038707353 
476 865 9 13 0.0385325 
97 101 5 9 0.03821583 
104 97 5 8 0.038102455 
79 96 4 6 0.037994392 
164 95 5 9 0.037841436 
547 855 19 33 0.03779139 
81 375 10 12 0.037560634 
268 877 15 27 0.037488256 
640 620 7 9 0.03747544 
392 865 8 14 0.03733781 
648 606 6 9 0.03733715 
194 100 4 8 0.036959704 
838 130 9 14 0.03694518 
236 890 9 17 0.03683116 
159 375 9 7 0.036813945 
698 609 5 7 0.036569305 
747 701 12 13 0.03635775 
13 593 17 34 0.035800062 
983 352 10 16 0.035577547 
828 310 8 15 0.03549406 
624 602 8 12 0.03530607 
86 110 4 7 0.03498153 
452 841 36 48 0.034904547 
627 589 3 6 0.034665402 
154 104 8 11 0.034394972 
554 93 22 35 0.034354668 
331 873 9 14 0.034078334 
124 101 7 10 0.03405356 
845 122 4 7 0.033993706 
989 617 8 13 0.033977598 
200 88 6 7 0.03369614 
436 918 5 8 0.03308195 
181 112 6 11 0.033010017 
622 590 4 5 0.032906476 
368 869 19 23 0.03282243 
337 884 16 28 0.03264192 
144 377 9 8 0.03210518 
672 595 4 8 0.032092053 
98 922 23 26 0.031764362 
185 89 5 8 0.031740643 
440 861 8 12 0.031665973 
198 95 5 8 0.031551026 
30 819 8 15 0.03140405 
189 366 11 10 0.031004174 
278 843 16 28 0.03097547 
97 108 5 7 0.030673474 
198 101 5 8 0.030083021 
719 607 5 9 0.030062137 
195 369 10 8 0.02998412 
611 376 11 16 0.029820086 
351 870 18 20 0.02968913 
229 54 17 36 0.029601548 
971 730 23 30 0.02918939 
979 348 9 16 0.02917372 
19 779 8 14 0.028933005 
384 685 9 16 0.028796747 
888 388 28 26 0.028564448 
89 100 4 7 0.02853063 
176 82 4 7 0.028514031 
266 856 15 27 0.02845317 
610 351 6 9 0.02828979 
647 611 7 9 0.028045952 
636 620 4 7 0.028042382 
153 372 10 8 0.028007183 
121 111 8 13 0.02793756 
717 595 5 8 0.027890798 
954 390 17 23 0.027682016 
289 853 17 30 0.027632168 
332 60 18 36 0.027520753 
1019 113 14 25 0.027502473 
597 606 5 6 0.027475659 
206 555 12 18 0.027442398 
165 89 4 8 0.027272258 
636 614 4 8 0.027242566 
101 574 7 11 0.027029272 
389 871 7 13 0.0269696 
188 80 3 6 0.026943963 
425 600 11 21 0.026838038 
791 274 8 16 0.026820859 
973 354 18 28 0.02671718 
720 683 11 9 0.026677419 
281 873 14 26 0.026544938 
180 88 5 8 0.026502658 
123 102 15 22 0.026296915 
331 894 11 21 0.026225133 
78 121 4 6 0.026189052 
355 867 11 13 0.026011586 
99 603 7 13 0.0258765 
597 603 4 6 0.025746638 
748 622 4 6 0.025706753 
717 689 17 12 0.025668157 
78 117 3 5 0.025517369 
217 617 8 15 0.025466627 
1017 136 16 22 0.025315689 
312 878 7 16 0.025306381 
255 864 17 33 0.025213033 
272 652 12 20 0.025190344 
280 870 9 17 0.025187623 
18 784 17 28 0.025155578 
83 586 6 12 0.025113324 
852 116 4 6 0.025050502 
563 99 10 19 0.02483296 
577 316 7 12 0.024777412 
600 603 5 6 0.02473809 
26 102 5 8 0.024674477 
489 641 10 14 0.024658449 
863 380 14 30 0.02462021 
743 611 5 8 0.024600133 
416 572 18 25 0.024594802 
573 445 139 188 0.024591664 
193 96 4 7 0.024575721 
600 381 9 12 0.02453888 
385 622 19 23 0.024438461 
136 118 5 9 0.024418663 
897 916 5 7 0.024384877 
859 892 4 4 0.024184255 
922 379 9 14 0.024112426 
752 697 9 11 0.024108794 
742 695 8 8 0.024069486 
78 110 3 5 0.024034314 
84 90 4 6 0.0239809 
442 360 17 27 0.02397176 
787 268 8 19 0.02378345 
750 664 5 8 0.023663983 
139 593 9 15 0.023661437 
406 320 11 20 0.023615764 
371 861 7 12 0.023564395 
286 866 11 19 0.023514526 
192 121 5 7 0.0235049 
835 125 16 25 0.023386704 
84 614 4 8 0.02332933 
423 148 25 43 0.02332211 
741 690 9 9 0.023293236 
699 618 6 9 0.02328853 
304 851 8 17 0.023240505 
163 601 11 14 0.023172345 
85 101 4 7 0.023089442 
742 595 5 9 0.023026844 
423 860 8 12 0.02302396 
337 873 8 13 0.023003617 
28 782 9 15 0.022992376 
643 599 4 9 0.022946207 
490 55 29 53 0.02291221 
179 377 17 12 0.02268529 
980 341 8 14 0.022683028 
330 904 33 40 0.02268068 
624 611 8 12 0.022617688 
360 62 18 36 0.022563506 
84 96 4 7 0.022511471 
857 115 4 6 0.022399828 
297 329 22 43 0.022387892 
248 813 7 13 0.022372445 
378 59 27 42 0.022298776 
383 886 9 12 0.022187645 
362 874 11 13 0.022182109 
378 856 16 23 0.022160036 
895 144 9 16 0.022147482 
1017 125 8 12 0.022143211 
669 600 14 23 0.02209965 
748 691 7 8 0.02190345 
739 696 23 22 0.021871401 
840 122 6 8 0.021869447 
447 862 7 11 0.021867182 
463 72 13 16 0.021818379 
140 860 11 19 0.021788593 
799 267 8 14 0.021757493 
744 622 5 6 0.02174605 
20 29 11 13 0.021720493 
577 307 4 8 0.021711675 
370 868 9 14 0.021679156 
133 112 7 12 0.021671811 
24 600 6 13 0.021557435 
202 119 7 10 0.021554032 
113 112 7 10 0.021485588 
163 375 12 8 0.021353995 
923 115 5 6 0.021267073 
299 853 16 27 0.021196436 
956 108 5 8 0.021156829 
947 114 5 8 0.021083571 
89 594 7 12 0.02103193 
178 96 14 21 0.021001844 
672 617 6 9 0.020884156 
79 101 4 7 0.020862533 
85 83 4 6 0.020855807 
1011 131 7 10 0.02071676 
495 605 12 21 0.020683788 
328 922 7 9 0.020679278 
748 696 8 9 0.02067738 
88 597 14 24 0.020599848 
667 612 5 9 0.020586884 
185 563 17 25 0.020584883 
199 108 6 8 0.020518787 
725 328 36 68 0.020474995 
363 867 9 13 0.020367445 
926 361 8 12 0.02035188 
349 884 10 16 0.020280896 
84 597 7 12 0.020256149 
141 571 7 14 0.02024419 
94 592 8 15 0.020216243 
28 349 17 26 0.020112684 
140 129 6 8 0.020053618 
621 594 15 21 0.02003427 
