50_Celebration_Or_Party_houseparty_50_788
31
247 116 37 46 0.99420244 
82 81 42 44 0.9941347 
411 104 37 59 0.9878912 
545 137 28 37 0.97554433 
660 98 35 38 0.96577895 
760 146 34 44 0.9137075 
453 322 37 53 0.21839626 
123 64 24 32 0.18740878 
572 160 23 23 0.06326547 
1003 208 29 53 0.05078249 
222 374 25 27 0.045988135 
1014 410 11 20 0.043555446 
106 73 38 47 0.040072165 
605 156 16 23 0.03874099 
928 154 37 48 0.03625311 
186 77 21 37 0.035074867 
561 310 10 18 0.032960396 
437 357 26 44 0.031954512 
599 158 11 17 0.031008592 
310 348 35 64 0.030454969 
526 130 13 20 0.02834844 
16 50 298 441 0.027346427 
535 318 11 20 0.026789289 
386 338 20 33 0.024674874 
728 137 33 46 0.022771185 
654 376 34 50 0.022422625 
836 135 26 35 0.021658868 
1010 185 17 29 0.02159053 
915 346 25 35 0.021280922 
424 353 24 38 0.020622535 
554 153 27 36 0.020333253 
