50_Celebration_Or_Party_birthdayparty_50_75
207
116 385 29 31 0.99881554 
118 607 27 31 0.9987876 
409 204 84 101 0.99855477 
239 385 28 39 0.99804485 
238 456 28 36 0.9976926 
177 599 32 33 0.99748176 
56 460 30 31 0.99118704 
663 125 26 34 0.9900496 
174 386 33 34 0.98628116 
157 473 16 20 0.93670475 
183 473 17 22 0.8405498 
60 390 13 15 0.76443857 
57 603 28 39 0.6543108 
586 396 13 16 0.47575077 
177 479 18 26 0.47539005 
55 531 33 29 0.46655384 
803 505 150 164 0.4620361 
328 349 43 58 0.39941242 
957 400 11 11 0.37418944 
381 509 53 55 0.3220771 
942 538 52 45 0.31090817 
525 346 10 17 0.28867927 
621 471 20 34 0.2635332 
594 200 18 19 0.25323868 
13 131 29 53 0.1713194 
505 398 10 17 0.15966284 
789 375 12 16 0.15629598 
953 400 9 10 0.15553784 
362 403 30 24 0.15340474 
844 397 10 17 0.13936661 
943 425 12 13 0.13629627 
952 397 8 8 0.13177894 
970 479 27 17 0.1283711 
515 394 12 17 0.117991254 
374 598 81 95 0.11554984 
306 481 16 16 0.09776249 
516 363 9 14 0.09467475 
303 407 16 23 0.09433554 
801 341 10 13 0.08832256 
143 496 16 14 0.08418456 
169 493 13 16 0.07827536 
509 394 11 17 0.077849425 
493 666 43 45 0.07561011 
591 388 18 26 0.068479784 
587 473 10 15 0.06761794 
354 411 13 11 0.06697353 
984 393 10 8 0.06697255 
906 527 80 88 0.06583256 
546 419 11 14 0.065458514 
330 367 69 76 0.0649394 
824 400 8 12 0.06441844 
497 379 9 14 0.06013016 
175 493 15 20 0.059406914 
805 373 9 14 0.05920932 
859 438 8 11 0.054079823 
506 613 24 36 0.05391528 
465 463 36 48 0.052957077 
541 463 12 13 0.052399434 
837 426 84 106 0.051985014 
724 470 33 45 0.051323265 
748 425 299 306 0.049602505 
156 517 20 23 0.04950598 
875 363 7 11 0.048137076 
280 522 30 27 0.047975987 
983 476 16 11 0.047427703 
769 333 8 13 0.047056127 
847 381 9 13 0.046534143 
537 382 8 10 0.045768857 
891 447 38 46 0.045542642 
956 432 24 23 0.044863943 
804 449 10 12 0.043377824 
587 689 43 25 0.041862227 
975 382 9 10 0.041590236 
129 469 13 16 0.041406535 
741 495 59 82 0.039427266 
503 379 10 15 0.038190287 
978 388 8 9 0.037617147 
160 525 24 29 0.03739319 
529 368 10 13 0.037105765 
705 164 19 29 0.03670823 
949 400 8 9 0.036404185 
963 396 11 12 0.036322664 
394 531 31 28 0.036045134 
599 470 10 15 0.03568101 
600 523 20 30 0.03541611 
912 401 10 12 0.03512986 
401 444 34 39 0.034846473 
512 362 8 13 0.03427885 
589 259 25 28 0.0341363 
59 544 30 40 0.03399443 
872 366 7 11 0.033757605 
634 170 7 8 0.032801986 
181 489 20 27 0.03270925 
546 399 10 12 0.032616545 
814 329 8 12 0.032504838 
494 382 8 12 0.03168078 
763 419 8 11 0.031485565 
642 174 39 45 0.03067132 
607 682 22 11 0.030559976 
952 390 7 8 0.030543467 
15 156 34 76 0.030086584 
590 365 11 15 0.030059343 
514 436 16 23 0.029576335 
164 497 20 26 0.029576274 
764 426 11 14 0.02950948 
920 400 8 10 0.029472668 
797 373 10 14 0.029304348 
559 386 14 19 0.02925381 
944 485 49 49 0.029212836 
708 162 11 15 0.029194433 
302 466 24 26 0.028785106 
173 481 11 16 0.028779259 
887 552 38 33 0.02861425 
510 385 12 18 0.028486447 
478 614 22 30 0.028364526 
923 383 7 10 0.02834063 
496 399 15 25 0.028099285 
696 11 15 24 0.027886318 
599 709 67 41 0.027822044 
535 396 13 16 0.02768547 
143 501 19 22 0.02761213 
786 433 9 12 0.02759768 
615 376 18 28 0.027596002 
819 426 9 10 0.02727802 
593 469 10 16 0.027175028 
711 509 36 52 0.027159136 
987 390 11 9 0.027120074 
87 697 12 16 0.02664623 
688 453 17 27 0.02661455 
628 5 5 7 0.026560009 
959 472 44 37 0.026512293 
972 387 9 10 0.026448365 
919 425 13 12 0.026385223 
836 360 10 15 0.026362224 
161 457 8 10 0.026217205 
1081 444 15 25 0.025936306 
790 414 11 17 0.025820548 
1080 77 15 30 0.025735471 
768 486 117 128 0.025680875 
325 520 36 43 0.025559168 
520 567 42 39 0.025304342 
587 480 12 18 0.025193347 
909 375 7 10 0.024747288 
773 428 9 10 0.0246836 
423 443 29 35 0.024655651 
407 459 16 16 0.02457488 
598 386 13 16 0.024473557 
305 400 9 15 0.024428818 
672 138 24 34 0.024407592 
541 473 11 14 0.024350284 
611 479 18 30 0.024166644 
575 425 10 15 0.023984153 
912 458 25 29 0.023935298 
755 402 6 9 0.023854345 
820 401 8 11 0.023688808 
808 277 6 10 0.023653457 
686 135 16 29 0.023237957 
1083 89 18 34 0.02322149 
922 395 7 9 0.023152208 
536 387 12 16 0.023118408 
123 481 22 26 0.023099747 
948 390 7 8 0.023092652 
470 493 26 28 0.023079848 
614 417 10 15 0.023007877 
593 474 18 31 0.022999454 
785 369 9 13 0.022858443 
809 380 8 11 0.022781564 
798 392 7 11 0.022695774 
582 235 44 46 0.022694157 
548 458 10 12 0.022685686 
759 431 19 21 0.02268522 
806 356 8 11 0.022558894 
410 478 345 356 0.022534005 
376 416 15 14 0.02249603 
652 305 5 10 0.022449119 
802 388 150 199 0.022406759 
824 431 7 8 0.022274097 
573 380 12 14 0.0220565 
923 463 26 30 0.022041066 
580 463 16 24 0.021992512 
793 383 9 14 0.021891411 
75 535 34 43 0.021716556 
528 355 10 18 0.021688245 
559 459 11 14 0.021637904 
555 462 20 25 0.021628218 
962 402 12 12 0.021489939 
945 427 22 19 0.021383861 
646 148 40 47 0.021222465 
833 430 7 9 0.021142976 
914 374 7 10 0.021142198 
531 8 5 6 0.021126593 
1083 236 16 30 0.02096431 
673 4 6 8 0.020773968 
9 514 25 25 0.020727316 
265 450 18 27 0.020697366 
837 430 6 8 0.020693118 
403 3 7 7 0.020642307 
544 459 20 21 0.020633206 
859 496 56 53 0.020499142 
767 324 16 24 0.020477513 
541 402 12 15 0.020430904 
605 469 9 15 0.020377694 
926 388 7 9 0.020257114 
868 189 10 15 0.020214044 
1012 62 49 87 0.02019406 
669 630 40 27 0.020136878 
903 374 6 10 0.020114299 
