50_Celebration_Or_Party_houseparty_50_326
74
65 314 102 134 0.9999442 
355 312 47 58 0.99961734 
831 327 105 150 0.99955755 
324 563 295 429 0.5047406 
735 14 10 14 0.3209743 
78 668 37 56 0.2821401 
0 741 17 43 0.21413846 
458 10 12 17 0.20755139 
51 382 9 17 0.08952229 
658 419 40 59 0.08924498 
720 433 10 18 0.07411645 
76 33 29 30 0.065558545 
713 422 35 53 0.061569918 
455 388 19 23 0.0613243 
459 392 11 12 0.060324274 
497 363 11 14 0.05423682 
229 432 29 48 0.047331296 
692 15 9 15 0.04420662 
970 219 8 13 0.04087655 
682 416 31 52 0.040509418 
1017 306 6 9 0.03911035 
765 657 312 394 0.03892322 
430 16 8 14 0.038764123 
293 11 7 11 0.03764528 
744 505 28 27 0.037159454 
831 88 20 22 0.036892205 
1012 737 17 34 0.036739167 
1001 450 10 16 0.03633999 
488 392 20 25 0.036263343 
448 459 9 9 0.035802376 
30 1008 22 28 0.034858212 
762 365 15 14 0.03381579 
478 394 19 23 0.0336559 
-2 544 18 61 0.03178774 
1014 307 5 7 0.031639956 
1007 365 10 13 0.030198663 
768 104 15 15 0.03018685 
448 455 6 8 0.029191965 
698 414 32 54 0.028397769 
1009 295 6 8 0.027283233 
741 434 8 12 0.026551098 
953 337 7 7 0.026394341 
762 17 6 10 0.025749281 
673 23 7 10 0.025455233 
942 330 7 9 0.025386253 
82 997 32 29 0.025287848 
671 10 5 7 0.025250804 
615 374 29 32 0.025125116 
243 172 10 8 0.025095632 
651 17 6 9 0.02465525 
-78 298 345 486 0.02462462 
55 396 10 18 0.024598537 
915 223 6 7 0.023877889 
1017 324 7 10 0.023375662 
887 651 14 16 0.023361277 
920 227 6 9 0.02323428 
448 381 35 44 0.023089869 
818 429 9 12 0.022978988 
973 303 5 6 0.022958705 
428 14 18 28 0.022869071 
837 16 8 11 0.022670334 
1008 343 7 9 0.022438202 
945 332 6 8 0.022377854 
976 852 65 108 0.0214932 
1020 300 6 8 0.021489684 
717 18 5 8 0.02143381 
410 386 42 50 0.021253837 
443 458 19 21 0.02045929 
511 20 9 13 0.020411797 
918 13 11 15 0.020379614 
1010 299 6 7 0.020366555 
668 12 16 23 0.02033813 
611 470 29 34 0.020267809 
1023 730 18 40 0.020023448 
