50_Celebration_Or_Party_houseparty_50_165
29
403 414 47 62 0.9999596 
298 385 47 60 0.9998975 
590 396 42 48 0.9995517 
477 451 40 52 0.9995455 
523 400 38 48 0.99864215 
489 401 13 19 0.84720236 
179 391 32 39 0.1756957 
682 590 40 45 0.16711774 
498 404 14 19 0.05976995 
491 411 28 38 0.053697422 
189 394 16 18 0.040841997 
283 380 21 38 0.038438946 
488 359 10 12 0.036228873 
626 421 22 35 0.031146623 
722 371 41 66 0.030920167 
452 452 15 28 0.029986827 
355 430 30 48 0.02829425 
474 472 22 31 0.027313353 
707 375 10 21 0.02553234 
714 619 9 13 0.025077537 
277 402 24 43 0.023681175 
449 302 137 173 0.023576187 
249 279 8 12 0.022431012 
638 -95 426 305 0.02217368 
260 310 20 34 0.02168648 
484 396 11 16 0.021679256 
174 208 17 14 0.021439126 
731 375 6 11 0.0211886 
182 381 12 15 0.021062836 
