50_Celebration_Or_Party_houseparty_50_189
113
357 152 93 99 0.9992847 
492 561 9 13 0.8580437 
534 567 9 14 0.5884411 
567 562 6 13 0.5393782 
594 567 10 15 0.39751312 
504 563 7 11 0.34748664 
576 569 7 12 0.2975731 
555 561 8 16 0.25597867 
587 563 7 12 0.23058903 
597 588 7 12 0.19999745 
505 559 6 8 0.19158745 
1007 193 16 40 0.12829353 
606 557 7 13 0.11214011 
586 589 7 11 0.0990702 
576 587 7 13 0.098359644 
599 11 11 12 0.08934667 
1008 278 13 30 0.086693324 
654 560 9 13 0.08419004 
513 557 5 8 0.07873188 
524 566 8 12 0.07829169 
632 560 9 12 0.06979425 
805 421 11 16 0.06677556 
587 559 6 9 0.0644189 
525 558 6 11 0.06365886 
24 35 17 45 0.062722936 
205 482 5 7 0.061469793 
494 553 6 9 0.05829145 
1008 190 9 18 0.055117287 
291 151 9 16 0.05445861 
581 567 7 12 0.054372344 
286 398 26 34 0.05288243 
608 589 7 12 0.05190172 
972 570 23 20 0.05183485 
994 585 30 27 0.051087506 
419 644 26 28 0.05102761 
506 554 5 6 0.05097963 
753 501 12 16 0.0496718 
598 563 6 13 0.04803183 
621 426 8 13 0.044878617 
564 501 5 7 0.04257676 
575 557 7 9 0.039216347 
525 585 52 104 0.038664795 
355 174 9 12 0.037941255 
514 40 20 21 0.03602708 
638 405 8 11 0.034569964 
1009 250 10 20 0.03456314 
531 553 5 7 0.033803474 
545 557 6 11 0.033327483 
215 74 9 23 0.033280242 
512 555 5 6 0.032454874 
594 547 6 8 0.03171819 
583 558 6 8 0.030912131 
255 71 9 23 0.030339789 
721 569 12 12 0.029731218 
1010 579 20 26 0.029192565 
526 553 5 7 0.028932936 
351 172 19 27 0.028928101 
537 553 5 7 0.028926069 
1019 266 17 38 0.028463762 
706 593 25 21 0.028235616 
576 493 5 8 0.027441144 
595 551 6 8 0.027379863 
1025 463 17 32 0.027148383 
190 487 8 10 0.026946573 
512 564 6 9 0.026805108 
556 552 6 9 0.026799222 
1010 163 8 15 0.026650194 
281 0 7 11 0.026422601 
596 560 7 9 0.026224747 
506 547 4 6 0.026141198 
309 459 11 11 0.025848567 
176 478 7 12 0.025397776 
536 557 6 9 0.02499217 
1023 197 15 36 0.024830582 
509 583 10 10 0.024824085 
980 575 27 24 0.024623154 
729 463 8 8 0.024412543 
840 236 9 12 0.024359241 
983 594 37 37 0.024226816 
264 428 22 23 0.024086721 
198 483 6 7 0.023819866 
330 202 7 15 0.023590768 
1017 249 7 14 0.02334157 
607 532 5 9 0.023322333 
564 506 5 8 0.023161426 
1026 247 16 37 0.023137044 
998 521 10 13 0.022954477 
969 580 13 14 0.02294041 
1039 252 22 51 0.022648918 
588 553 6 8 0.022586161 
602 557 7 11 0.022392875 
512 569 6 9 0.022175534 
530 573 9 12 0.022052096 
739 311 8 14 0.022013716 
534 96 18 22 0.021964164 
139 533 18 32 0.02193024 
1031 487 16 29 0.021768851 
781 40 42 50 0.021694329 
288 155 9 16 0.021596363 
573 566 15 24 0.021427145 
498 553 5 8 0.021421786 
722 451 6 6 0.021305822 
1014 242 14 28 0.021125566 
787 197 8 11 0.02090969 
1018 74 8 14 0.020658238 
707 521 8 9 0.020591969 
572 494 5 6 0.020500837 
210 482 4 6 0.02040091 
1013 607 27 39 0.020253304 
530 556 7 10 0.02024478 
511 547 5 6 0.020199578 
1015 123 15 36 0.020060198 
1020 166 13 26 0.020038908 
