50_Celebration_Or_Party_birthdayparty_50_464
29
280 422 129 150 0.9994653 
330 71 418 386 0.41244775 
84 535 330 416 0.37256944 
545 477 16 16 0.21993105 
550 716 38 49 0.17691845 
567 511 14 19 0.15021409 
142 -58 431 415 0.07600765 
555 110 384 419 0.06775732 
114 454 138 233 0.066339836 
128 628 45 59 0.062161088 
498 437 20 26 0.050879706 
283 322 30 29 0.04421235 
525 494 17 24 0.04302357 
519 523 15 17 0.037586603 
140 430 14 16 0.032561734 
303 477 122 271 0.032203462 
495 536 15 17 0.02811764 
540 429 15 16 0.027662594 
753 13 45 36 0.02587799 
503 496 17 25 0.025461283 
388 0 27 18 0.024866564 
308 417 251 438 0.024405798 
778 66 16 11 0.023383316 
494 479 16 17 0.022814475 
1008 210 19 26 0.021955995 
127 567 21 36 0.020308565 
567 448 14 15 0.020291476 
520 531 17 23 0.020265397 
513 494 17 25 0.020147296 
