50_Celebration_Or_Party_birthdayparty_50_196
41
189 319 339 437 0.9998777 
166 1054 95 113 0.8518835 
759 1036 124 105 0.8125778 
917 1536 45 72 0.69972277 
287 1654 124 94 0.42821324 
695 1089 105 135 0.36530253 
976 581 17 30 0.13246684 
900 1065 47 83 0.09861334 
49 960 620 758 0.089714274 
90 1597 51 58 0.06572952 
153 1817 89 142 0.05897973 
134 172 72 78 0.055795826 
73 2056 22 25 0.051790785 
89 1592 93 117 0.046615705 
809 1556 23 34 0.044900283 
648 1218 46 50 0.042925235 
964 1538 12 18 0.041287027 
536 325 48 81 0.038400322 
176 2000 7 13 0.036214516 
171 2002 8 12 0.033398956 
132 1601 158 184 0.033060513 
834 1553 16 23 0.03235629 
42 162 37 73 0.02986718 
198 1800 88 145 0.029150939 
520 303 80 176 0.028529173 
619 1113 11 16 0.028437302 
1008 585 11 22 0.028357876 
308 1020 44 51 0.028053517 
249 1542 29 21 0.024464628 
543 329 27 43 0.024106735 
751 1539 23 29 0.02315373 
650 1078 8 13 0.021620251 
-102 1373 593 951 0.021351486 
698 84 15 16 0.021337349 
711 241 22 28 0.021198045 
639 1138 145 162 0.021002606 
194 2024 8 13 0.02086377 
337 1624 22 15 0.020749835 
876 1779 29 27 0.0204351 
144 2023 8 15 0.02015559 
157 182 32 30 0.020033006 
