50_Celebration_Or_Party_houseparty_50_790
90
405 30 104 120 0.99612087 
676 145 129 129 0.7672575 
182 326 124 110 0.6475523 
802 225 53 37 0.17085548 
946 263 20 14 0.15481673 
864 24 11 13 0.12319488 
638 8 12 14 0.12299396 
223 -5 70 91 0.098514944 
562 567 63 58 0.0965813 
845 183 41 21 0.08736715 
769 18 9 12 0.084393434 
639 137 40 37 0.083610274 
936 258 14 10 0.077846915 
897 225 16 9 0.07481213 
972 10 10 12 0.0640674 
946 5 10 12 0.062414978 
206 111 125 121 0.06236059 
867 250 44 37 0.06194248 
945 268 25 21 0.057722636 
349 258 35 29 0.05597531 
279 8 7 9 0.045809172 
157 27 36 62 0.045661293 
394 345 314 356 0.045203473 
788 7 5 7 0.042879995 
285 19 10 15 0.041465838 
832 6 7 10 0.03983778 
795 4 4 6 0.03943378 
303 520 61 90 0.039138302 
832 3 5 8 0.03848182 
683 46 5 8 0.037961993 
443 6 14 13 0.035700917 
584 25 9 12 0.035648998 
793 8 5 6 0.03372822 
372 343 59 53 0.033576213 
744 9 4 7 0.032831732 
800 9 6 7 0.031266406 
929 9 11 14 0.031124456 
162 50 19 32 0.030916251 
1002 13 11 18 0.030702263 
626 114 106 81 0.030675007 
68 283 10 17 0.030604849 
898 241 14 10 0.030588273 
597 102 10 16 0.02979507 
47 592 4 6 0.029130569 
848 24 9 13 0.028807044 
827 1 5 8 0.028309021 
461 482 185 168 0.02807544 
937 268 16 11 0.028005937 
806 8 5 7 0.027552422 
923 262 12 10 0.027274404 
674 9 4 5 0.026500199 
977 9 9 11 0.026397783 
810 189 66 43 0.026297484 
40 586 3 5 0.025968162 
318 47 9 16 0.025889892 
699 8 4 6 0.025712615 
157 419 69 119 0.02523968 
312 42 18 30 0.02520041 
49 329 8 14 0.024818469 
408 343 48 51 0.024502626 
744 14 4 6 0.024339495 
910 209 15 11 0.024180647 
72 349 12 15 0.024109008 
749 8 5 8 0.023843467 
862 187 19 12 0.023730142 
685 9 5 6 0.023712013 
902 286 30 26 0.023506392 
168 66 21 27 0.02341717 
910 245 24 17 0.0230961 
1019 15 15 27 0.022965865 
820 19 6 10 0.022926116 
799 3 5 6 0.022473264 
598 34 10 14 0.02202034 
286 7 8 9 0.021862319 
63 331 9 14 0.021761073 
113 32 47 65 0.021721693 
902 1 9 12 0.021530166 
724 9 4 5 0.021472309 
730 7 5 7 0.02123932 
838 3 5 9 0.02110637 
748 12 5 8 0.020909512 
772 24 8 12 0.020707399 
807 3 5 7 0.020695971 
901 220 23 18 0.020566966 
826 8 6 8 0.02056194 
850 2 8 10 0.020524802 
873 241 32 24 0.020524198 
952 3 7 10 0.020310538 
69 339 10 15 0.020240888 
824 64 7 12 0.020058857 
