50_Celebration_Or_Party_houseparty_50_345
173
580 151 190 230 0.99992025 
305 137 184 243 0.9999068 
901 93 57 100 0.8495161 
17 194 48 94 0.8381859 
953 99 50 112 0.69399095 
818 504 74 93 0.3000396 
820 556 28 36 0.24614206 
636 877 29 28 0.23768629 
571 964 10 13 0.2367012 
774 842 11 10 0.19649883 
606 959 10 12 0.14708447 
138 332 347 548 0.13502358 
815 669 10 18 0.11031334 
712 970 10 14 0.109387174 
767 911 10 9 0.102720074 
795 1002 6 11 0.098446995 
100 465 42 44 0.097506866 
166 149 17 40 0.09361984 
574 493 11 12 0.0884178 
885 142 10 20 0.08201157 
802 249 41 64 0.081303544 
718 969 7 9 0.077456534 
531 937 9 16 0.07375832 
575 1082 10 15 0.06916347 
770 841 9 9 0.06553122 
820 840 11 14 0.06536043 
480 982 10 17 0.064924106 
608 929 8 10 0.058336876 
791 872 8 7 0.05722567 
776 838 9 8 0.056382544 
634 964 14 15 0.055252627 
559 503 7 8 0.054781828 
775 746 35 35 0.05424417 
704 970 12 15 0.051358357 
778 907 7 6 0.050693925 
764 907 7 7 0.050202128 
8 243 43 61 0.04998033 
114 280 9 15 0.049538963 
688 940 9 10 0.049177457 
624 1094 11 14 0.048140243 
804 1008 7 11 0.047632802 
775 912 8 8 0.046274293 
675 482 298 596 0.0455257 
119 436 9 14 0.04410355 
606 1056 9 14 0.04372674 
769 605 50 56 0.043291245 
811 1009 6 10 0.042776857 
782 906 6 6 0.04211875 
576 982 8 10 0.04197564 
793 875 11 10 0.0416513 
557 985 9 12 0.04126195 
758 958 7 10 0.040209748 
770 838 6 6 0.03931388 
715 836 4 6 0.037863337 
790 533 45 53 0.037763346 
788 929 10 11 0.037548013 
662 1001 12 15 0.037424777 
748 966 6 10 0.036547795 
797 1006 6 11 0.035902966 
748 962 5 8 0.035632182 
589 890 8 10 0.035458285 
763 844 5 6 0.035448175 
552 507 9 9 0.0353073 
567 995 8 12 0.034893468 
723 955 7 8 0.03477169 
654 580 10 12 0.03436258 
345 648 370 500 0.03433119 
819 891 7 6 0.033272758 
779 822 31 28 0.033242833 
773 832 20 19 0.03318914 
809 849 10 9 0.031681817 
568 501 7 8 0.03156079 
553 990 10 14 0.031133903 
803 1014 6 10 0.03103608 
820 211 70 95 0.030601585 
569 971 8 11 0.030038798 
817 734 10 14 0.029711653 
553 981 9 13 0.029637333 
820 885 7 8 0.029448455 
940 120 26 51 0.029324967 
798 1017 5 9 0.02931042 
205 970 22 36 0.029259324 
588 527 6 8 0.029063268 
781 911 9 9 0.028842418 
605 956 7 9 0.028595686 
795 925 10 11 0.028592661 
680 511 15 16 0.028519567 
782 917 25 25 0.028269727 
706 958 9 9 0.028191084 
609 528 7 8 0.027963892 
766 838 4 5 0.02765411 
592 -2 30 26 0.027274989 
688 759 6 8 0.027268875 
788 1042 8 11 0.027052442 
555 504 6 7 0.026978053 
676 925 13 17 0.02695905 
153 130 11 21 0.026813988 
799 1035 7 10 0.02681313 
615 1087 9 17 0.026784074 
624 469 6 6 0.026395645 
813 1014 6 10 0.025902605 
756 966 6 9 0.025755724 
726 1038 8 10 0.025656369 
594 896 8 9 0.02556322 
91 1090 10 18 0.02542479 
758 913 6 8 0.025224281 
758 845 5 6 0.025066908 
793 999 4 7 0.024922453 
955 134 9 20 0.024848808 
531 986 8 12 0.0248181 
631 470 6 6 0.024679389 
824 883 6 8 0.024573749 
691 759 6 8 0.024481988 
712 959 8 9 0.024218842 
714 996 12 11 0.0241455 
832 733 8 15 0.024110153 
582 1000 9 12 0.024012467 
559 778 45 52 0.023973485 
648 970 11 12 0.023774924 
595 542 11 10 0.023767667 
761 849 7 7 0.023737652 
631 473 6 6 0.023661628 
549 503 4 7 0.023566479 
608 468 7 7 0.023356838 
594 552 12 11 0.023316527 
722 960 6 8 0.023144074 
580 975 8 11 0.023136979 
728 910 8 9 0.023025976 
623 473 7 6 0.022901308 
525 1018 11 13 0.02275975 
813 926 7 10 0.022759093 
645 573 23 25 0.022736186 
780 837 11 9 0.022669151 
851 196 50 75 0.022609118 
488 984 8 16 0.02257907 
619 890 11 10 0.022431703 
802 1022 6 11 0.02241742 
518 490 30 48 0.022376925 
726 961 5 7 0.02216546 
772 809 31 26 0.021975799 
796 905 9 7 0.021883616 
719 911 8 10 0.021881169 
886 133 20 37 0.02180801 
722 838 4 5 0.021770997 
571 925 9 11 0.02174485 
705 986 9 10 0.021681335 
588 472 10 9 0.021600943 
660 890 11 14 0.021592254 
791 919 10 11 0.021479243 
649 946 6 7 0.021188224 
47 -1 31 27 0.021178039 
776 832 8 7 0.02113579 
612 931 8 9 0.021110538 
611 1 310 405 0.02106424 
786 867 25 21 0.02096818 
588 1083 10 14 0.020936226 
567 550 9 10 0.020868497 
757 849 6 7 0.020864407 
613 961 8 9 0.02070547 
565 986 8 11 0.02067104 
612 -3 32 28 0.020534674 
794 912 10 9 0.020508956 
561 1045 8 10 0.02047657 
682 932 12 13 0.020467957 
784 901 6 5 0.020463493 
634 947 24 24 0.020409992 
743 848 6 7 0.020407962 
572 -2 29 26 0.020288149 
723 843 5 4 0.02014084 
525 911 5 9 0.020136843 
573 551 6 8 0.020112472 
659 535 6 8 0.02005732 
781 967 65 93 0.020050595 
