50_Celebration_Or_Party_birthdayparty_50_396
41
194 126 119 153 0.99980396 
165 831 146 214 0.9996314 
713 814 102 131 0.99945706 
761 1043 78 89 0.99752253 
756 97 70 108 0.41665265 
692 100 99 114 0.22870634 
563 849 15 28 0.22723962 
275 116 87 132 0.2041906 
340 909 85 141 0.13227507 
162 810 25 36 0.11605924 
430 956 29 38 0.06644742 
926 391 88 119 0.065725915 
731 43 50 34 0.060818814 
151 817 48 81 0.05835856 
149 826 17 26 0.05832766 
496 415 517 566 0.05762808 
96 937 25 51 0.055955183 
555 857 15 26 0.0446885 
723 1046 15 22 0.044675406 
433 952 18 19 0.04242667 
393 930 86 124 0.04116988 
159 824 16 25 0.036275506 
254 874 121 172 0.035222217 
869 1196 63 60 0.033967804 
464 963 49 70 0.032158352 
698 389 33 58 0.031717923 
336 83 436 582 0.031095143 
1004 1060 11 26 0.030828156 
547 861 13 24 0.029275743 
866 1072 90 153 0.028924076 
740 1004 33 34 0.02854542 
124 124 89 153 0.028235504 
674 119 60 101 0.026696473 
728 76 73 85 0.02637665 
967 922 12 24 0.02532386 
571 867 14 25 0.02308337 
921 1275 36 41 0.021334521 
78 969 21 43 0.021114096 
762 959 28 42 0.020285692 
860 468 14 25 0.020227145 
991 1036 10 21 0.020195536 
