50_Celebration_Or_Party_birthdayparty_50_134
162
851 281 35 37 0.99630004 
616 309 10 15 0.9228985 
81 352 15 23 0.9102977 
10 337 23 23 0.8786703 
446 351 8 13 0.6937456 
581 312 8 10 0.48102376 
539 347 11 17 0.46048805 
899 345 19 21 0.45498115 
652 304 8 11 0.4417814 
597 334 11 16 0.43796724 
509 334 7 11 0.38825586 
426 349 9 15 0.34672666 
561 343 12 20 0.3022571 
441 346 9 16 0.30050185 
486 322 6 8 0.28357902 
498 332 7 11 0.27292085 
547 316 16 21 0.25318554 
491 331 8 13 0.24514985 
797 301 11 16 0.23469177 
528 338 8 12 0.22979893 
641 307 8 11 0.2272679 
805 471 32 75 0.22496974 
474 336 9 13 0.20109876 
539 567 63 79 0.195599 
499 576 35 48 0.19125296 
441 573 35 56 0.17066434 
421 339 7 11 0.16526176 
741 308 12 14 0.1554372 
553 313 10 12 0.14639235 
805 337 12 16 0.14115891 
929 334 22 26 0.14108503 
487 330 8 14 0.1377644 
476 341 12 19 0.13280459 
793 305 9 13 0.11327591 
578 321 10 16 0.10850294 
483 345 10 18 0.108197324 
717 340 17 30 0.10474104 
385 351 7 11 0.10406889 
442 337 8 13 0.10189724 
752 306 9 13 0.100673415 
505 343 8 13 0.096684195 
409 367 8 14 0.094014406 
449 354 10 14 0.093334734 
499 344 6 11 0.088433206 
492 349 7 13 0.08822546 
722 297 11 10 0.08751403 
543 331 8 13 0.08490357 
612 348 9 14 0.079491615 
526 342 8 15 0.07927713 
425 338 9 14 0.07584252 
386 362 8 16 0.07576653 
628 324 8 15 0.07552265 
941 345 54 62 0.07377381 
759 308 11 14 0.07065743 
723 337 11 17 0.06480573 
518 391 4 9 0.0621433 
439 361 9 14 0.059873816 
433 349 8 14 0.05727172 
482 326 7 10 0.05684429 
445 359 10 15 0.056171034 
628 346 12 18 0.055187155 
707 300 8 10 0.054470077 
509 349 8 14 0.050405666 
545 349 11 14 0.04999514 
23 368 10 18 0.047754038 
598 351 9 13 0.04772224 
484 364 8 12 0.04750957 
468 338 8 12 0.04713133 
412 361 10 17 0.045477375 
818 363 11 17 0.04314386 
586 640 15 15 0.042430203 
817 333 9 15 0.040145118 
548 343 11 14 0.03984213 
711 344 9 13 0.03921852 
536 337 8 14 0.03846405 
28 340 9 17 0.038012557 
587 577 8 10 0.037969988 
530 338 14 22 0.03718157 
580 348 9 12 0.036925256 
483 645 21 36 0.03657279 
926 342 15 15 0.034941487 
489 321 6 10 0.034123104 
495 331 14 22 0.03387659 
583 547 83 93 0.033488438 
421 352 9 16 0.033010673 
274 390 5 8 0.03258467 
630 391 23 32 0.03251247 
636 354 10 15 0.03242991 
467 573 39 54 0.03233254 
628 331 16 28 0.031940375 
418 342 6 12 0.031540863 
801 358 17 29 0.03139549 
403 378 7 11 0.031267338 
822 479 39 75 0.031076638 
842 302 11 15 0.031024966 
574 349 9 14 0.03086899 
605 337 8 14 0.030658187 
517 351 7 12 0.030049672 
24 376 12 18 0.029862132 
460 350 6 10 0.028854923 
728 234 297 435 0.028780308 
573 326 10 15 0.028416893 
608 341 8 14 0.028411768 
849 494 40 71 0.02832169 
594 516 9 14 0.02802861 
840 292 22 28 0.027428072 
771 305 7 13 0.027291225 
417 350 7 14 0.027052304 
594 326 8 12 0.027033133 
488 324 15 24 0.027026255 
532 347 7 13 0.026953666 
325 339 5 9 0.02691951 
572 521 20 29 0.026790854 
428 359 8 15 0.026364842 
526 334 7 11 0.026304241 
476 329 15 20 0.026139943 
579 527 10 15 0.025240675 
586 600 14 14 0.025208127 
405 370 6 12 0.025140626 
618 345 14 22 0.024983026 
508 360 10 15 0.02392283 
876 643 8 11 0.023875345 
573 531 11 15 0.023614002 
721 307 11 12 0.023566507 
736 306 10 12 0.02352845 
798 297 9 10 0.023467248 
452 345 9 13 0.023148611 
812 314 6 9 0.023068652 
518 394 6 12 0.022938104 
445 335 7 9 0.022936428 
806 314 6 10 0.022671804 
91 359 10 16 0.022662876 
110 300 58 82 0.022603061 
413 374 10 14 0.022510171 
745 302 11 12 0.022335785 
505 332 13 21 0.022232216 
553 338 13 16 0.022204872 
799 339 20 29 0.022183891 
540 333 6 10 0.02157019 
637 325 8 12 0.021353636 
497 356 8 12 0.021013508 
599 571 29 29 0.020985998 
410 359 6 12 0.020932345 
869 292 16 16 0.020854805 
397 377 6 10 0.0208509 
593 339 12 17 0.020842731 
28 406 27 25 0.020828785 
575 308 16 19 0.020809205 
600 512 7 11 0.02073982 
771 362 10 15 0.020726107 
644 337 10 15 0.020685215 
386 339 5 9 0.020586824 
599 520 9 14 0.02052596 
580 629 25 29 0.02034514 
631 359 16 26 0.020329306 
695 331 7 10 0.020318078 
892 352 22 25 0.020225873 
4 342 14 13 0.020158622 
-3 484 25 40 0.02014704 
931 331 40 50 0.020096755 
570 540 9 12 0.020082483 
262 523 31 32 0.020080375 
