41_Swimming_Swimmer_41_927
87
529 119 163 209 0.999686 
524 6 9 15 0.14738034 
282 41 319 342 0.13601045 
514 29 16 30 0.13068014 
406 103 13 16 0.08998739 
447 110 12 18 0.08795588 
479 193 23 38 0.062330034 
288 562 6 12 0.049181733 
661 290 174 252 0.047310155 
453 101 10 18 0.046744354 
530 308 370 383 0.045194782 
461 570 116 71 0.045143668 
99 611 133 67 0.045139734 
460 80 11 15 0.040954046 
150 256 2 4 0.040808164 
472 107 10 19 0.04018728 
246 584 9 13 0.039377443 
376 103 10 14 0.036131162 
477 54 9 16 0.035880826 
524 63 298 428 0.035119247 
150 261 2 5 0.034115765 
98 261 3 5 0.032544874 
153 260 3 6 0.032476287 
471 53 10 19 0.032377288 
149 265 3 6 0.032048866 
437 121 13 14 0.03190007 
404 113 14 19 0.03167067 
381 200 17 32 0.031540282 
353 542 9 17 0.031414926 
468 64 8 13 0.030462781 
212 606 16 11 0.03011286 
315 195 4 6 0.030111821 
143 70 277 404 0.029486148 
457 1 8 10 0.029129097 
168 318 40 53 0.029101072 
289 209 3 5 0.028682895 
628 62 98 92 0.028629089 
641 147 82 144 0.028626928 
297 229 3 6 0.028566858 
295 117 6 9 0.028295098 
308 229 4 6 0.02817244 
202 467 338 338 0.028106295 
310 235 323 464 0.027943391 
154 256 2 4 0.027450223 
494 34 6 9 0.027105635 
400 95 9 14 0.027069226 
266 155 7 11 0.026860025 
270 216 2 5 0.026537752 
52 518 331 246 0.026518768 
503 0 9 12 0.026415922 
350 252 5 8 0.026343603 
321 149 18 26 0.026229382 
282 236 3 6 0.025948858 
81 580 10 14 0.025367562 
315 565 7 14 0.02524443 
349 573 11 15 0.025175564 
510 1 7 10 0.025027452 
371 255 8 12 0.02447839 
79 255 2 5 0.02417445 
416 68 8 15 0.024154754 
280 110 6 9 0.024123713 
326 492 8 12 0.023940297 
480 2 7 10 0.023591418 
415 114 11 15 0.0232522 
322 28 4 8 0.022850685 
301 246 89 133 0.02253136 
440 114 11 14 0.022368677 
110 261 2 5 0.022229154 
104 257 2 4 0.022100238 
265 215 2 5 0.021944754 
43 605 6 9 0.021864899 
432 13 9 11 0.021774461 
161 255 2 4 0.021756278 
352 179 7 8 0.021626195 
89 259 3 6 0.021597907 
141 261 3 4 0.021588955 
110 256 2 4 0.02146386 
238 618 31 28 0.020814702 
341 215 5 7 0.020709448 
330 125 11 16 0.020452326 
379 183 5 7 0.020392943 
263 657 26 21 0.020362364 
72 255 3 5 0.020357389 
302 235 4 5 0.020355113 
50 630 130 77 0.020310406 
384 386 63 104 0.020072795 
296 190 3 4 0.020035168 
