41_Swimming_Swimming_41_380
46
272 133 321 385 0.99782723 
632 659 15 25 0.09448158 
681 378 17 24 0.09254757 
645 639 17 26 0.087448016 
95 598 70 76 0.07168115 
752 481 13 15 0.05557564 
493 357 80 117 0.051601555 
773 444 13 12 0.04471434 
249 50 11 13 0.04237641 
454 622 10 14 0.041440666 
786 441 11 9 0.04047935 
113 69 10 13 0.038399864 
544 465 12 11 0.037614126 
721 412 21 23 0.036866475 
663 664 17 25 0.03605794 
203 17 12 12 0.034391977 
617 633 17 22 0.031914666 
804 448 11 9 0.031341292 
559 666 15 18 0.030424692 
45 472 152 172 0.029581452 
792 487 20 20 0.027985722 
592 610 13 16 0.027944904 
377 31 11 12 0.027473629 
491 638 11 16 0.02697068 
624 666 13 17 0.026712904 
408 232 132 164 0.026153276 
22 42 11 14 0.02604954 
702 346 6 8 0.024570143 
36 671 18 22 0.02418188 
16 147 19 24 0.02415747 
48 55 11 14 0.023849318 
434 666 12 17 0.023709774 
631 388 12 19 0.02364 
568 601 11 13 0.022618601 
287 652 7 12 0.022039684 
638 650 19 29 0.021600623 
702 379 7 11 0.02158497 
791 443 10 9 0.02157064 
200 108 12 15 0.021519782 
370 537 5 8 0.021452982 
414 46 335 357 0.021387406 
634 388 19 34 0.021262698 
566 655 11 19 0.021211706 
694 381 10 16 0.020762183 
528 474 9 10 0.02075218 
812 460 13 11 0.02016877 
