41_Swimming_Swimmer_41_1001
58
207 375 18 23 0.98266464 
0 367 13 22 0.2468673 
212 471 33 47 0.16955784 
138 382 12 11 0.16866581 
54 426 16 16 0.12854311 
150 367 11 12 0.10731333 
79 375 14 11 0.090493105 
195 377 31 43 0.07511728 
667 333 44 64 0.07308764 
38 395 13 15 0.056574497 
196 376 14 17 0.0515597 
103 367 11 10 0.047335573 
0 433 20 25 0.04457708 
3 391 13 15 0.041694023 
137 372 11 10 0.04135174 
237 391 11 13 0.04016249 
137 368 9 8 0.039203286 
142 396 17 14 0.039057676 
115 367 9 8 0.038900886 
226 406 22 25 0.03559495 
402 347 8 8 0.03541902 
0 358 7 15 0.034364432 
28 354 18 18 0.03158315 
85 422 16 13 0.030878209 
241 359 12 15 0.030511588 
65 363 12 11 0.030427294 
136 411 23 24 0.02950613 
241 355 10 11 0.02898787 
118 372 10 9 0.028669477 
147 362 7 7 0.027519882 
22 402 11 13 0.027209189 
56 376 11 11 0.027064567 
77 403 13 11 0.026778203 
221 369 11 16 0.026195832 
2 399 12 18 0.025845429 
607 290 10 16 0.025818849 
18 384 9 9 0.025271885 
125 378 10 8 0.025216993 
7 374 13 14 0.025024043 
0 347 6 10 0.024377992 
208 368 14 17 0.024023242 
355 6 8 10 0.023555692 
97 352 13 9 0.023555351 
193 371 8 13 0.02345262 
274 395 183 123 0.022915797 
171 352 10 12 0.022815382 
195 356 10 16 0.022724744 
166 384 10 12 0.022597538 
389 346 11 11 0.022484506 
154 354 7 7 0.022155045 
118 428 14 13 0.02209741 
55 402 14 12 0.022018818 
240 432 13 14 0.02172683 
260 432 93 94 0.021505466 
223 407 12 17 0.021268375 
54 437 14 14 0.020447351 
193 382 10 14 0.020413164 
30 386 12 12 0.0201095 
