41_Swimming_Swimming_41_172
74
684 198 40 58 0.6295791 
290 30 9 11 0.35629487 
283 23 17 21 0.18125013 
898 48 13 14 0.115174524 
346 41 24 17 0.10350984 
292 25 7 7 0.08868566 
206 6 5 7 0.08144139 
279 71 13 12 0.07260532 
740 203 38 57 0.07016063 
268 35 6 6 0.06954139 
205 10 5 6 0.066738546 
277 65 25 22 0.054486006 
281 64 8 8 0.04956413 
285 64 9 9 0.045296736 
678 8 7 8 0.043071166 
492 138 45 56 0.043067057 
200 12 4 6 0.038968194 
210 6 4 6 0.037886895 
615 19 6 7 0.03681281 
919 7 14 12 0.036613517 
772 208 8 16 0.03319641 
301 28 10 9 0.033134293 
257 75 5 6 0.030519588 
278 73 7 9 0.030358218 
291 63 11 9 0.030081186 
217 224 4 4 0.029278548 
301 24 9 7 0.028785938 
358 45 15 11 0.028456949 
280 28 11 11 0.027177552 
206 222 3 5 0.026908236 
488 218 3 4 0.026109558 
155 233 5 8 0.026098816 
280 40 11 11 0.025965106 
342 54 12 10 0.025551818 
505 218 4 4 0.025397941 
238 7 4 5 0.025230661 
252 8 3 4 0.025099238 
704 23 7 7 0.02429623 
213 223 3 4 0.024167916 
905 4 36 36 0.024088299 
198 19 5 6 0.023984518 
305 56 10 8 0.023982808 
564 216 4 5 0.023801113 
187 13 4 5 0.023760835 
270 12 3 5 0.02326927 
232 13 3 4 0.023051681 
236 229 5 8 0.022951359 
244 13 4 4 0.022832826 
361 54 11 9 0.022728719 
205 18 5 6 0.022451567 
212 11 3 5 0.022387678 
487 223 4 5 0.022337655 
449 217 3 5 0.022335645 
226 12 4 5 0.02228308 
570 202 9 8 0.02223991 
363 61 10 9 0.021915825 
557 216 4 5 0.021835413 
462 217 4 5 0.021744672 
615 4 5 6 0.021679064 
277 69 7 7 0.021556215 
237 13 3 3 0.021512052 
289 68 13 12 0.021502502 
611 11 21 23 0.021385726 
187 18 4 6 0.021384338 
573 210 7 7 0.021323135 
563 211 5 6 0.02103407 
531 216 4 5 0.02090052 
729 242 34 42 0.020794097 
709 206 50 48 0.020787816 
283 95 7 7 0.020763127 
232 8 3 4 0.02072243 
584 210 7 7 0.020591963 
468 228 4 6 0.020509196 
251 12 3 4 0.020240257 
