41_Swimming_Swimmer_41_843
38
774 66 90 119 0.9999156 
257 372 14 16 0.5129754 
612 275 24 30 0.23278871 
245 394 23 33 0.22462304 
410 386 17 23 0.17755301 
184 367 9 14 0.16782568 
408 377 10 15 0.1018597 
189 372 9 14 0.07773519 
511 260 10 13 0.068105884 
456 247 13 12 0.05465462 
250 372 10 13 0.052559435 
624 487 41 37 0.052309815 
707 336 12 16 0.0495093 
842 224 160 206 0.04857481 
934 205 50 74 0.0379428 
586 328 13 16 0.034351476 
515 325 11 12 0.030408889 
548 272 7 12 0.026805067 
643 495 15 14 0.02635498 
180 372 20 29 0.023750512 
455 260 24 31 0.023531575 
749 99 214 369 0.023331847 
707 371 24 38 0.023250176 
616 273 14 16 0.02319229 
419 382 12 16 0.022755148 
179 371 8 14 0.0227451 
238 383 7 7 0.022207767 
544 338 6 9 0.022059193 
246 407 12 17 0.022033533 
406 370 33 41 0.02164657 
238 388 7 9 0.021487193 
644 490 13 11 0.02129853 
455 250 19 21 0.02086108 
443 399 22 26 0.02076986 
509 322 21 26 0.020743093 
498 265 21 26 0.020408848 
188 364 10 13 0.02004708 
413 370 10 14 0.020026933 
