41_Swimming_Swimming_41_730
17
216 105 140 257 0.81162256 
364 123 152 204 0.51094115 
502 190 157 170 0.19234164 
297 0 213 469 0.12549987 
719 237 78 126 0.06756145 
545 244 75 107 0.047590625 
11 28 128 164 0.044285208 
113 582 77 167 0.03438395 
677 282 126 194 0.026966367 
281 121 144 188 0.026543569 
456 211 51 74 0.024361786 
724 329 32 36 0.02385243 
96 443 223 535 0.02382632 
720 396 40 63 0.022040911 
181 107 265 530 0.021386525 
611 223 117 169 0.02125472 
792 -1 173 201 0.020066539 
