41_Swimming_Swimming_41_238
18
198 499 74 99 0.99937326 
869 82 77 96 0.99880624 
281 99 46 75 0.9435698 
725 541 42 49 0.67622864 
309 143 316 466 0.34170303 
51 170 383 443 0.290899 
460 77 151 208 0.09708672 
517 175 313 438 0.07627084 
626 511 7 10 0.0320739 
968 35 19 25 0.029106963 
889 56 16 12 0.023521781 
546 111 14 12 0.023153232 
752 543 26 42 0.022361219 
209 99 55 47 0.021652669 
915 485 5 7 0.02141997 
303 123 30 43 0.021205792 
224 492 313 363 0.021021817 
621 26 138 110 0.020514308 
