41_Swimming_Swimming_41_243
60
115 733 58 62 0.99864036 
91 103 149 128 0.99718696 
745 231 54 72 0.9960794 
901 246 63 68 0.9951886 
506 789 36 46 0.9325189 
476 757 32 42 0.7944009 
422 756 34 39 0.48025286 
749 76 27 48 0.38851362 
768 902 50 59 0.36926895 
249 642 26 32 0.3144436 
453 885 62 64 0.30840734 
821 944 24 35 0.25235653 
547 811 43 53 0.20799287 
237 600 16 19 0.17723134 
64 670 24 26 0.15988 
541 794 28 35 0.15788531 
248 601 23 27 0.14985535 
754 498 23 29 0.14417756 
496 756 19 26 0.1262488 
939 96 11 23 0.10221836 
737 897 55 67 0.086119026 
456 764 32 40 0.083264016 
588 821 27 29 0.06800127 
676 869 36 33 0.064283326 
234 28 408 321 0.05979616 
76 678 17 20 0.05486267 
245 604 37 55 0.05396129 
533 779 27 37 0.052017797 
715 495 23 29 0.05009593 
889 211 38 64 0.04782139 
519 116 32 25 0.039451115 
946 100 10 23 0.03779989 
478 488 16 13 0.0348426 
930 135 12 24 0.034732867 
630 878 42 57 0.03147203 
436 746 36 39 0.030938797 
636 499 13 20 0.028451227 
425 751 13 22 0.02827878 
12 237 31 32 0.02720891 
96 731 41 61 0.027160177 
577 789 35 32 0.027071891 
450 1073 52 38 0.02692773 
262 610 16 21 0.02637981 
210 528 12 19 0.026067384 
551 805 16 18 0.025616057 
764 87 14 27 0.024950473 
642 198 9 6 0.024132472 
934 105 9 20 0.022510508 
953 108 9 18 0.022453196 
534 643 12 19 0.022030914 
677 950 52 50 0.022005033 
525 769 25 29 0.021919372 
411 881 86 99 0.021763632 
192 574 22 26 0.02171496 
479 506 11 15 0.021308178 
573 817 48 54 0.021239301 
578 493 13 20 0.020964395 
608 190 12 9 0.02095028 
238 91 15 11 0.020536562 
93 681 15 17 0.020261522 
