41_Swimming_Swimmer_41_449
93
1010 294 11 18 0.28947467 
717 581 36 48 0.21137352 
657 288 51 38 0.13710102 
987 123 17 29 0.08404322 
651 299 26 23 0.07703325 
874 60 70 113 0.06948786 
939 29 9 11 0.06603605 
956 17 9 9 0.06469903 
36 2 13 14 0.056897238 
818 14 8 9 0.055840783 
973 22 11 14 0.05551166 
988 24 13 15 0.054055825 
1016 154 11 16 0.052030604 
963 251 21 24 0.049843475 
853 12 8 9 0.04677253 
1 10 11 17 0.04626142 
789 638 32 46 0.04475595 
929 5 7 8 0.04095608 
916 0 8 7 0.039507706 
922 13 6 7 0.037815847 
898 27 10 13 0.03775201 
976 17 8 11 0.037091456 
1004 143 16 25 0.03582876 
301 4 7 7 0.034259334 
956 21 11 12 0.03400108 
804 656 27 28 0.033764046 
321 4 5 8 0.03311659 
844 0 9 8 0.03278059 
661 287 28 22 0.032525036 
940 375 23 33 0.03208391 
0 5 6 11 0.031551097 
894 6 6 6 0.031480778 
890 11 7 8 0.03096869 
760 176 331 379 0.030922716 
956 187 75 102 0.03016037 
945 24 8 10 0.029330906 
914 28 7 10 0.029313363 
845 609 65 100 0.029250447 
889 6 6 6 0.029119343 
557 4 5 7 0.028612802 
996 277 16 28 0.02852495 
365 12 4 6 0.027911516 
331 6 5 6 0.027791563 
927 11 7 8 0.027669044 
822 464 268 330 0.02748754 
920 4 7 8 0.02747127 
241 194 12 13 0.02727721 
327 5 5 7 0.027170215 
328 11 5 8 0.026950218 
929 0 6 7 0.026771033 
934 25 9 11 0.02635249 
1024 294 17 31 0.0262696 
906 249 13 17 0.025970371 
321 1 4 6 0.025629962 
545 6 5 6 0.025599757 
5 26 20 31 0.025235444 
893 12 8 8 0.025207791 
913 12 6 7 0.024513394 
907 28 8 12 0.024324283 
332 18 5 7 0.02375409 
331 12 5 7 0.023683274 
909 24 8 10 0.023519875 
874 36 9 11 0.023450764 
846 8 150 179 0.0234034 
1014 159 22 42 0.0228253 
885 5 6 7 0.022678092 
910 6 6 6 0.022630116 
80 222 9 11 0.022504417 
162 493 423 422 0.022394778 
551 4 5 7 0.022359462 
1004 156 22 31 0.021851297 
4 21 9 14 0.021755258 
341 6 5 6 0.021713004 
920 33 9 14 0.021624994 
874 5 7 7 0.021581577 
934 33 10 13 0.021545682 
766 229 69 101 0.021461437 
1017 112 8 13 0.021432871 
539 5 3 6 0.021337317 
921 16 7 9 0.021167012 
703 4 10 11 0.021074794 
377 6 4 6 0.02104621 
3 5 7 11 0.02091658 
373 6 4 6 0.020753777 
719 608 25 32 0.020671478 
926 16 7 9 0.020592721 
964 22 9 11 0.020583788 
328 17 5 8 0.020492833 
359 6 4 6 0.020415733 
656 2 11 10 0.020362468 
650 304 13 12 0.020362208 
665 14 22 20 0.020241993 
847 4 10 8 0.02018016 
