41_Swimming_Swimmer_41_288
30
-14 227 431 423 0.7509271 
244 193 127 127 0.54969776 
839 639 43 37 0.1524418 
713 247 67 54 0.09535051 
128 130 317 311 0.08842299 
677 412 33 23 0.06179507 
91 -6 397 278 0.04669209 
611 531 13 10 0.03541767 
457 641 12 11 0.033949006 
27 45 26 20 0.032184742 
782 378 33 23 0.03054562 
636 557 12 9 0.029263612 
459 637 10 9 0.027607344 
838 644 18 13 0.027508717 
643 514 15 12 0.026275838 
623 558 14 9 0.024052065 
542 656 9 8 0.024013232 
697 475 7 6 0.02383821 
758 377 32 28 0.023730393 
392 622 6 7 0.023258245 
684 562 6 6 0.022868205 
440 558 38 37 0.022105511 
516 650 11 8 0.02173291 
0 351 17 31 0.021459777 
611 537 11 9 0.021454433 
660 489 19 18 0.021437101 
592 559 13 10 0.021068726 
487 638 8 8 0.020652907 
620 563 11 8 0.020402461 
678 561 8 7 0.020332363 
