41_Swimming_Swimmer_41_380
122
566 106 11 14 0.8902308 
606 109 10 15 0.82361084 
466 224 16 22 0.67670995 
585 174 12 17 0.64914674 
443 275 15 20 0.61292416 
559 213 10 19 0.53858215 
623 142 10 16 0.2813787 
590 197 18 25 0.25020698 
832 180 35 39 0.22907607 
585 137 9 14 0.2217604 
401 281 20 30 0.20825231 
496 206 17 35 0.18274723 
458 259 15 26 0.1787094 
906 150 12 11 0.17408551 
584 230 33 54 0.15051582 
520 328 44 57 0.13908178 
482 303 23 27 0.13453677 
326 517 7 12 0.1181902 
506 270 12 17 0.11325242 
550 139 6 10 0.10030077 
510 135 8 12 0.098915726 
601 258 13 18 0.09701303 
447 350 28 44 0.09277195 
599 125 8 14 0.09023832 
574 128 9 15 0.09000523 
561 128 8 14 0.086349085 
384 378 8 15 0.084529966 
504 194 9 21 0.08289427 
599 137 8 14 0.07250291 
595 153 8 14 0.06984251 
459 297 18 26 0.06680385 
596 128 8 14 0.06509979 
566 140 17 26 0.064319246 
394 305 8 10 0.062092762 
401 294 11 14 0.060537446 
496 263 10 15 0.0573474 
600 441 8 8 0.05396801 
566 113 10 16 0.05247432 
561 145 8 13 0.05150738 
596 137 7 13 0.050961476 
751 100 5 11 0.049191963 
409 357 31 49 0.047918297 
766 90 6 16 0.04641084 
488 183 5 9 0.04636897 
569 204 11 18 0.045661103 
754 99 6 12 0.044681862 
591 178 11 16 0.043991446 
562 226 34 54 0.04299762 
525 294 22 19 0.042498607 
513 225 7 14 0.041256867 
771 36 6 10 0.03923952 
397 297 9 13 0.03822991 
749 112 7 16 0.03796732 
427 350 29 48 0.037811395 
573 110 9 13 0.037779905 
402 268 21 26 0.037697803 
877 415 51 81 0.037526492 
420 470 11 18 0.037285246 
503 220 9 18 0.03680962 
581 131 7 13 0.036573138 
568 216 8 17 0.035138123 
602 116 8 16 0.034512904 
608 134 10 17 0.034422792 
611 141 10 16 0.03440821 
834 191 18 18 0.03369186 
665 281 21 22 0.03347779 
596 121 7 12 0.032347467 
817 154 11 19 0.03167536 
492 348 20 27 0.030448727 
437 87 26 27 0.030352782 
516 136 8 11 0.029948426 
889 423 78 121 0.02921304 
604 121 10 16 0.028883697 
497 270 18 25 0.028586527 
564 259 24 36 0.028368464 
897 152 7 7 0.02795695 
503 340 38 50 0.027923824 
570 226 7 15 0.027357044 
576 196 16 27 0.025463374 
651 169 8 15 0.025382325 
383 482 31 49 0.024569519 
483 258 19 25 0.02426702 
861 196 23 27 0.024193844 
653 265 29 43 0.024034258 
403 356 7 13 0.023978988 
555 135 8 14 0.023940176 
502 349 11 15 0.023888562 
569 126 9 15 0.023620157 
509 199 8 16 0.023429204 
599 151 8 14 0.023391055 
815 171 12 16 0.022955403 
467 299 24 28 0.022633102 
561 135 9 16 0.022567732 
556 164 6 12 0.022515947 
768 114 6 9 0.022334456 
504 184 7 13 0.02226007 
772 41 7 13 0.021832822 
411 292 13 20 0.021643767 
449 361 10 16 0.021623978 
887 202 36 56 0.021622637 
503 259 12 19 0.021613494 
836 166 25 28 0.021583818 
485 200 7 16 0.02149418 
600 182 10 16 0.02146623 
874 200 9 14 0.021302894 
933 217 18 33 0.021271978 
489 291 21 27 0.021121046 
763 86 6 15 0.021088827 
536 348 46 58 0.021080501 
692 65 9 16 0.021036241 
898 152 23 18 0.021005655 
744 114 6 12 0.020923967 
711 12 5 7 0.02076358 
804 164 20 25 0.020599319 
760 95 8 17 0.020579364 
581 232 9 17 0.020508105 
772 31 6 9 0.020359876 
660 163 7 13 0.020289438 
579 448 9 9 0.020128554 
564 222 18 34 0.020102507 
506 138 14 21 0.020060588 
827 417 90 114 0.020034764 
