41_Swimming_Swimming_41_822
57
299 696 29 46 0.9372637 
192 734 34 39 0.9347456 
643 436 15 19 0.8461273 
584 458 12 13 0.26442695 
731 528 11 13 0.20359175 
719 450 13 17 0.16592838 
530 386 9 19 0.14796607 
650 484 11 11 0.11655086 
754 532 11 13 0.07147839 
223 296 7 11 0.050325774 
524 388 10 17 0.049297854 
690 508 6 8 0.044454597 
737 531 12 14 0.040184952 
741 513 7 7 0.039247755 
622 611 13 15 0.039027758 
1015 208 9 14 0.038390342 
730 524 8 12 0.038293067 
725 453 14 16 0.03726181 
526 406 17 32 0.036020193 
726 475 22 21 0.035680648 
880 745 20 32 0.034667175 
679 489 9 10 0.034567896 
630 614 13 15 0.03274845 
760 568 8 9 0.032632213 
687 485 10 9 0.03241851 
656 489 10 10 0.032149 
646 601 7 8 0.030124206 
733 328 9 13 0.029516824 
878 573 7 11 0.029000172 
219 297 6 9 0.02785515 
878 564 6 6 0.02748202 
630 438 10 13 0.026027037 
760 539 9 11 0.025377948 
600 595 7 10 0.025346447 
861 746 31 35 0.025175879 
66 480 16 30 0.024366338 
686 505 8 9 0.024264466 
763 498 5 7 0.024257243 
581 453 12 13 0.024256226 
1087 227 15 26 0.024213118 
605 598 22 27 0.024038417 
757 458 12 14 0.023853837 
834 511 4 5 0.023535317 
877 558 4 4 0.022974659 
748 533 10 12 0.022159467 
490 356 59 101 0.021972034 
755 524 7 9 0.021942256 
640 457 9 14 0.021801008 
1037 262 15 24 0.021483302 
228 293 8 12 0.021443725 
750 513 5 6 0.021313172 
626 589 11 17 0.02107357 
884 564 5 5 0.02086858 
750 446 19 22 0.020672394 
842 512 3 4 0.020398336 
79 475 19 30 0.02024402 
726 459 19 20 0.020239206 
