41_Swimming_Swimmer_41_607
176
399 63 116 226 0.9916956 
355 552 49 55 0.7388662 
227 107 8 15 0.4174663 
952 120 13 21 0.19389112 
284 110 11 16 0.16057919 
297 129 13 18 0.15607531 
213 113 6 11 0.13558559 
187 124 11 15 0.1206083 
270 153 13 19 0.104211725 
258 113 7 13 0.102021985 
105 62 7 10 0.099907555 
137 37 5 7 0.094872676 
244 105 7 16 0.0893768 
104 58 6 10 0.08895887 
155 31 6 8 0.08182081 
231 101 9 15 0.0809758 
78 31 5 9 0.07704607 
107 49 5 8 0.075083114 
591 238 14 12 0.070768654 
543 538 24 30 0.06845957 
289 112 9 15 0.06501244 
218 130 9 16 0.0641077 
216 109 5 10 0.06398419 
152 30 5 8 0.06181682 
258 93 8 14 0.05755279 
106 7 5 8 0.05624704 
264 157 11 16 0.05385664 
75 30 5 10 0.053486433 
651 473 10 18 0.05304854 
310 82 8 15 0.051588368 
100 59 5 8 0.050983917 
244 128 12 23 0.048346948 
485 469 42 56 0.046634432 
223 107 6 13 0.044405002 
277 125 8 13 0.043985896 
48 18 4 7 0.043857332 
701 502 25 21 0.04158325 
42 31 5 9 0.04143707 
99 11 5 8 0.041280854 
93 6 5 8 0.04103123 
75 36 5 8 0.040684454 
220 143 12 19 0.03986728 
981 97 9 14 0.038880467 
253 117 8 14 0.038805798 
113 58 5 8 0.038455952 
209 118 7 12 0.03755076 
526 564 41 46 0.03749073 
144 16 6 9 0.037400067 
235 179 17 30 0.03713438 
54 18 4 6 0.036308914 
94 1 4 5 0.03570394 
181 60 6 10 0.035566915 
60 32 5 7 0.035350118 
144 1 5 4 0.03520248 
99 7 5 8 0.03508576 
137 42 5 9 0.034529515 
93 59 5 9 0.03448624 
260 80 5 9 0.033967428 
111 50 5 8 0.033941682 
93 11 5 8 0.033743374 
79 6 6 9 0.033086766 
220 125 15 25 0.03306263 
144 56 6 10 0.03292231 
156 36 5 8 0.03286743 
139 1 5 4 0.03256429 
958 211 8 10 0.032111753 
502 449 41 60 0.03186201 
106 1 5 5 0.030900296 
256 81 4 8 0.029739847 
140 57 5 8 0.02922646 
1033 136 16 29 0.028781159 
87 44 4 8 0.028772883 
486 72 6 11 0.02873463 
131 13 5 6 0.028606767 
168 38 6 8 0.0285529 
273 98 7 13 0.028443556 
190 62 4 8 0.028394565 
314 877 91 110 0.028317472 
80 0 5 5 0.02830023 
905 68 6 8 0.028174896 
224 113 11 18 0.02808669 
144 32 5 7 0.028041786 
1016 197 17 32 0.027979067 
543 207 13 16 0.02797016 
974 424 26 26 0.027328545 
144 52 5 8 0.027097687 
132 83 7 13 0.026986849 
0 244 6 12 0.026885327 
61 19 5 6 0.02675835 
470 60 22 35 0.026730066 
194 114 8 11 0.02665149 
586 334 9 10 0.026447978 
518 359 7 12 0.026354905 
125 6 6 8 0.02627728 
121 8 53 80 0.026274806 
36 25 4 7 0.026000228 
106 46 4 7 0.025911547 
134 49 28 43 0.025818868 
245 111 66 83 0.025717482 
67 12 4 8 0.02563384 
99 1 5 4 0.025552718 
189 5 5 7 0.025500221 
118 1 5 4 0.02548159 
116 58 6 7 0.025332196 
674 71 4 6 0.025311375 
143 38 5 6 0.025197057 
266 94 5 11 0.024969816 
93 31 5 8 0.024710776 
75 27 5 7 0.02462384 
956 109 7 11 0.02451276 
54 32 5 7 0.024499305 
957 217 9 11 0.024335362 
66 32 5 9 0.02423782 
46 36 5 9 0.024179613 
74 0 5 5 0.024117054 
247 117 9 16 0.023935352 
65 18 6 8 0.023874274 
113 1 4 4 0.023637164 
986 192 32 46 0.023563024 
132 78 5 7 0.02345693 
4 122 4 9 0.023377309 
86 31 4 9 0.023282029 
808 961 27 25 0.023278443 
284 123 9 15 0.023263033 
646 478 11 19 0.023254242 
109 63 30 41 0.023209143 
565 1 3 4 0.023150273 
134 38 4 6 0.023125684 
144 6 5 7 0.023090877 
79 26 4 8 0.023035688 
86 1 4 5 0.022960078 
1024 210 17 29 0.022887839 
150 1 5 4 0.022874314 
274 149 19 25 0.022798534 
183 1 5 4 0.022680834 
118 89 5 8 0.02248908 
61 25 5 7 0.022454148 
117 12 6 7 0.022432478 
41 26 3 6 0.02227057 
756 461 25 21 0.022165263 
538 833 24 31 0.02214621 
178 59 5 7 0.022105608 
280 89 4 9 0.021970028 
1034 164 17 29 0.021788526 
227 113 34 47 0.021730136 
100 45 4 7 0.021650622 
156 27 5 8 0.021614963 
42 19 4 7 0.02147527 
182 6 6 8 0.021454368 
720 1 4 4 0.021453908 
-4 547 16 33 0.021388559 
222 84 5 8 0.021382432 
1030 181 18 30 0.021379724 
209 107 14 24 0.021248166 
92 44 4 8 0.021224445 
53 14 5 7 0.021210836 
197 76 4 7 0.021186197 
959 208 5 7 0.0211357 
757 7 5 7 0.021129793 
139 62 5 10 0.021059955 
969 98 11 14 0.020898271 
18 170 31 34 0.020851646 
975 84 73 100 0.020689817 
826 -4 39 34 0.020661775 
909 78 10 15 0.020600319 
126 1 5 5 0.02055037 
900 187 8 7 0.020458633 
975 97 9 14 0.020448543 
87 37 4 7 0.02040187 
144 44 5 8 0.020391556 
724 536 23 22 0.020351045 
668 65 3 6 0.020329166 
835 56 6 8 0.02025031 
3 205 5 8 0.02023808 
967 217 8 11 0.020158252 
10 206 4 7 0.020032652 
