28_Sports_Fan_Sports_Fan_28_165
22
517 104 124 191 0.9983683 
130 83 113 179 0.9963553 
688 168 128 188 0.99571204 
273 144 81 97 0.9327644 
-3 388 21 47 0.377954 
903 4 46 64 0.349116 
-7 162 63 155 0.10819926 
310 378 88 102 0.08004311 
197 115 111 162 0.06417283 
30 12 126 170 0.06307121 
716 28 51 55 0.061802015 
663 411 53 58 0.05784058 
291 218 65 116 0.04788797 
685 374 38 61 0.04670867 
17 198 86 162 0.037691012 
830 87 69 118 0.035526004 
827 213 34 58 0.03370431 
864 -14 74 115 0.032461558 
565 381 94 99 0.032303896 
330 246 63 109 0.03197547 
298 -7 253 468 0.02960011 
517 352 213 186 0.02700582 
