28_Sports_Fan_Sports_Fan_28_480
52
697 166 87 109 0.99985504 
490 210 59 80 0.99842453 
433 76 68 167 0.9981329 
978 236 30 38 0.9969522 
567 266 38 53 0.2569054 
912 267 12 15 0.19752432 
311 137 100 124 0.16539961 
955 252 12 15 0.09650551 
540 264 21 28 0.08053521 
882 261 23 22 0.06950624 
816 79 11 12 0.06585023 
378 83 85 155 0.05942241 
952 424 25 40 0.05586364 
8 208 13 20 0.05018919 
605 272 39 53 0.049089998 
23 197 32 51 0.041879013 
934 242 8 9 0.041660972 
897 249 12 11 0.0397922 
575 268 25 24 0.038781755 
844 49 10 12 0.037398674 
905 255 10 11 0.034022253 
619 328 11 20 0.03349734 
917 262 12 12 0.032601647 
89 129 6 7 0.031073032 
866 253 12 11 0.030493002 
901 257 23 20 0.03012365 
581 282 40 59 0.030117115 
4 198 29 47 0.030090662 
900 259 11 11 0.029557206 
888 250 21 20 0.029117938 
937 247 8 10 0.028515764 
486 171 28 47 0.026594834 
818 235 9 11 0.026469668 
808 92 12 14 0.025818441 
612 98 24 26 0.024977108 
590 271 13 18 0.024935104 
230 179 9 9 0.02392968 
478 186 20 37 0.023869162 
726 6 14 15 0.023844346 
872 205 6 7 0.023206398 
936 278 20 23 0.022891236 
925 38 8 10 0.022470748 
801 83 13 12 0.022303855 
260 100 7 7 0.021899559 
588 274 23 37 0.021803051 
814 82 18 22 0.021709211 
78 124 41 42 0.021625383 
883 261 12 12 0.021546453 
926 259 11 12 0.021538217 
978 544 18 24 0.020601375 
668 240 33 46 0.020078218 
24 219 11 23 0.020070126 
