28_Sports_Fan_Sports_Fan_28_2
1204
625 223 148 178 0.99926287 
220 340 104 128 0.9981273 
434 346 6 7 0.21860373 
76 320 8 9 0.19893773 
456 359 4 7 0.19585872 
448 391 6 7 0.17194429 
428 388 7 10 0.16292208 
481 322 4 6 0.1561299 
439 359 7 7 0.15252693 
4 285 6 9 0.14917852 
45 273 7 8 0.14757827 
510 340 5 6 0.14379743 
497 359 6 8 0.14123438 
60 305 8 10 0.13975145 
11 269 7 9 0.13691871 
16 287 9 10 0.13649443 
533 339 4 6 0.13568 
108 311 7 12 0.13341919 
523 346 5 7 0.13176446 
69 243 6 7 0.12921703 
544 347 5 7 0.12855162 
495 359 5 7 0.1259779 
58 333 8 9 0.12580161 
469 366 5 7 0.123701304 
442 396 6 7 0.12146448 
520 346 5 7 0.12098819 
439 448 28 27 0.120725535 
7 303 6 10 0.12039794 
124 300 8 9 0.11550854 
112 316 9 11 0.115009844 
468 334 4 6 0.1133324 
458 362 6 9 0.11133364 
52 228 6 7 0.11095633 
418 325 5 8 0.11053649 
454 338 6 8 0.10845121 
23 275 7 8 0.10844845 
75 275 5 7 0.1083891 
468 337 5 7 0.10822394 
458 400 8 9 0.10740035 
24 279 7 8 0.10663757 
454 333 5 6 0.105584025 
474 320 4 6 0.104561396 
64 263 5 7 0.09997566 
64 280 6 8 0.0995402 
75 281 6 7 0.09836821 
445 394 7 7 0.09795635 
385 439 20 24 0.09751736 
21 251 5 7 0.09549768 
135 293 8 8 0.095274016 
459 359 5 7 0.09520889 
399 300 4 7 0.09510986 
520 350 5 7 0.09422451 
468 349 5 7 0.09301507 
78 206 5 5 0.0920993 
81 206 5 6 0.09206164 
377 166 4 6 0.09203932 
519 366 6 7 0.088830635 
112 288 7 8 0.08853537 
493 325 5 8 0.08748697 
148 187 4 5 0.08746441 
398 168 5 6 0.08720885 
468 320 4 6 0.08673676 
506 352 5 6 0.08573719 
451 390 6 7 0.08541207 
441 313 4 5 0.08537317 
449 350 5 7 0.085191905 
507 344 5 6 0.083204485 
84 273 7 9 0.08288391 
74 249 7 8 0.08263881 
519 333 3 5 0.08253018 
14 291 7 9 0.082174145 
108 218 4 5 0.08085319 
1015 473 8 10 0.08071346 
512 359 5 6 0.080599494 
326 104 4 5 0.080126055 
537 339 4 6 0.07966506 
95 218 5 6 0.07871672 
26 211 4 5 0.07865629 
12 261 5 7 0.078264885 
103 213 4 5 0.07819756 
453 344 6 8 0.076943085 
121 197 5 6 0.07675883 
417 363 7 8 0.076727994 
71 200 4 5 0.07544078 
64 276 6 6 0.07542769 
59 264 5 5 0.07535744 
441 352 4 6 0.074905604 
2 282 5 9 0.07477806 
442 154 4 6 0.07462399 
36 281 8 8 0.07422653 
411 167 5 6 0.073921055 
32 286 7 8 0.07376754 
474 339 4 6 0.073419996 
499 393 6 6 0.072955266 
549 364 7 9 0.07294228 
115 292 6 8 0.07229793 
211 213 4 4 0.07220093 
123 238 4 5 0.07217778 
524 369 6 7 0.0720921 
108 75 6 6 0.07188464 
402 300 4 7 0.07151941 
154 188 3 4 0.07111226 
539 346 4 7 0.071036056 
486 321 4 6 0.070307456 
435 308 4 6 0.06967882 
34 270 5 6 0.06867454 
532 345 5 7 0.06855324 
441 309 4 6 0.06849328 
430 308 5 6 0.06833797 
134 238 5 6 0.06813492 
121 231 5 6 0.067703605 
117 193 5 6 0.0676057 
6 257 6 8 0.06739953 
25 253 6 7 0.066687174 
373 166 4 7 0.06645195 
84 269 6 7 0.06643193 
481 324 3 6 0.066355966 
911 477 37 52 0.0663444 
480 379 5 6 0.06632832 
446 401 10 10 0.06632693 
462 320 3 5 0.06628053 
442 321 4 5 0.06621082 
129 205 4 6 0.066114664 
307 251 4 6 0.06597171 
430 320 5 6 0.06596047 
88 256 4 6 0.06589904 
474 334 4 5 0.06570597 
64 267 5 7 0.06564213 
102 237 4 7 0.065361865 
20 269 6 7 0.06522393 
513 333 4 5 0.06521909 
441 399 8 9 0.06520877 
474 326 4 5 0.06494617 
524 351 5 7 0.0646098 
308 108 4 6 0.0644349 
26 208 4 4 0.064103864 
416 340 4 5 0.064018935 
435 327 4 6 0.063997395 
14 207 4 4 0.063822985 
74 224 7 8 0.063773386 
461 314 4 5 0.06347391 
96 264 5 5 0.06341849 
75 287 6 8 0.06309321 
38 243 6 8 0.06304151 
493 340 5 6 0.06279029 
77 200 4 4 0.06273072 
148 193 4 4 0.062707625 
442 338 5 6 0.062261682 
0 299 5 9 0.06225071 
473 402 9 11 0.06223746 
429 385 5 7 0.06172655 
121 194 4 6 0.061627973 
103 288 5 7 0.061537188 
454 314 4 5 0.061422113 
488 421 21 20 0.061411913 
161 193 4 5 0.061388142 
429 314 5 5 0.061358098 
115 249 5 7 0.061279327 
472 370 6 6 0.060953084 
495 426 11 11 0.06082248 
30 235 6 8 0.060332127 
532 351 5 7 0.060088858 
487 365 4 5 0.060007527 
442 334 4 6 0.059994243 
359 149 4 5 0.05996708 
546 364 6 8 0.059820246 
109 188 4 5 0.05972294 
359 155 4 4 0.05957905 
417 320 5 7 0.059565343 
493 392 5 7 0.059124257 
65 200 4 4 0.058684833 
46 255 6 7 0.058080368 
12 237 6 6 0.057986435 
480 334 4 6 0.05796155 
435 350 5 7 0.057939865 
237 187 4 4 0.05791403 
498 160 6 7 0.057818055 
1 314 4 8 0.057803713 
390 296 3 6 0.057715725 
140 217 4 6 0.05768749 
97 181 3 5 0.057618346 
123 242 5 6 0.05757995 
64 256 4 6 0.057319377 
135 192 5 5 0.05726024 
129 224 4 6 0.057077352 
135 255 5 6 0.056896426 
481 346 5 7 0.056792848 
72 254 5 7 0.05676994 
462 351 5 7 0.056765616 
468 327 4 6 0.0566011 
455 320 4 6 0.056564406 
0 243 4 7 0.05645385 
49 275 6 8 0.05636302 
358 161 4 5 0.05630947 
416 345 4 7 0.056305196 
473 351 5 6 0.05622739 
89 251 4 6 0.05621649 
104 218 5 5 0.05609113 
64 313 7 7 0.05602738 
455 327 4 6 0.055865776 
500 328 4 6 0.055729747 
135 200 4 5 0.055596344 
75 253 6 8 0.055567343 
101 357 7 9 0.055464946 
443 391 6 7 0.05523682 
6 318 5 8 0.055232916 
454 352 4 6 0.05522319 
44 295 6 7 0.0550036 
511 352 5 6 0.05479452 
116 231 4 7 0.05469466 
320 156 3 4 0.054605234 
0 295 3 7 0.054565463 
14 211 4 5 0.054548867 
335 91 4 5 0.054522015 
472 366 5 6 0.054355375 
121 326 8 9 0.054137833 
313 109 4 5 0.05408406 
134 241 5 7 0.054061826 
125 305 7 8 0.053999268 
98 213 4 5 0.053948194 
511 344 5 7 0.053714797 
430 276 3 5 0.05356497 
513 364 4 6 0.053422824 
110 230 5 7 0.05337506 
102 257 4 5 0.053366892 
109 191 4 6 0.053309217 
969 512 25 22 0.05326614 
442 149 3 4 0.053180177 
500 332 5 7 0.05316563 
315 155 4 5 0.05298673 
488 439 16 13 0.05287598 
296 162 3 5 0.052789733 
52 281 6 7 0.052787952 
244 200 4 4 0.052656665 
365 155 3 5 0.052606452 
110 351 7 9 0.05260228 
111 237 4 6 0.052601628 
60 256 4 6 0.05243969 
39 217 5 7 0.052436944 
117 343 9 11 0.052429684 
492 321 4 6 0.052080132 
319 96 4 6 0.051911317 
409 357 5 7 0.05190011 
96 326 6 8 0.051868804 
83 262 6 6 0.05184033 
56 229 5 7 0.051644426 
114 744 23 35 0.051566888 
435 362 6 8 0.051422507 
95 223 4 6 0.051286057 
477 405 8 10 0.05112977 
365 168 4 6 0.051086973 
250 91 4 5 0.05108463 
488 325 4 6 0.050945483 
32 243 5 7 0.05080401 
449 334 4 5 0.050597113 
141 237 5 6 0.05054956 
65 224 6 8 0.050537214 
36 286 7 8 0.050488193 
481 351 4 6 0.05046966 
333 156 4 4 0.050416168 
520 340 4 5 0.050320197 
450 313 4 5 0.050312676 
34 275 6 6 0.050223958 
155 193 3 4 0.0502053 
115 237 4 5 0.050072137 
142 205 4 5 0.05001911 
91 324 6 9 0.04990068 
487 315 3 5 0.04980562 
423 346 5 6 0.049351256 
109 268 5 7 0.04925306 
308 155 3 5 0.049189072 
6 312 5 9 0.049161803 
96 186 4 5 0.049126826 
97 235 5 7 0.049121678 
431 165 4 6 0.04899307 
95 268 5 6 0.048752606 
415 385 4 5 0.048720643 
39 235 6 7 0.048699375 
27 92 4 4 0.04848808 
449 327 4 5 0.04847821 
77 195 4 4 0.048128337 
82 210 6 6 0.04810488 
467 359 4 5 0.048093706 
90 223 6 7 0.04806937 
420 326 6 7 0.048022732 
423 313 5 6 0.047980458 
436 314 4 4 0.047842674 
6 243 5 6 0.047690447 
27 231 6 7 0.047683228 
431 161 4 6 0.04752492 
441 159 5 6 0.047072154 
308 105 4 5 0.04706568 
525 358 6 6 0.046986748 
85 250 5 7 0.046938557 
480 338 4 6 0.04692644 
129 239 4 5 0.0469242 
442 325 4 6 0.046767578 
89 279 6 8 0.04667068 
76 292 6 7 0.04659822 
487 307 3 5 0.046575498 
45 263 5 6 0.04655544 
443 277 4 4 0.046483777 
148 200 4 5 0.04634608 
339 92 3 4 0.0463076 
977 467 12 10 0.04625808 
45 250 7 7 0.046224497 
116 198 5 6 0.04622204 
328 91 4 4 0.046119493 
69 263 6 7 0.046034824 
453 402 8 9 0.046011154 
70 314 5 6 0.04587364 
122 186 4 4 0.04584994 
210 216 5 5 0.04575854 
213 208 3 3 0.045730136 
136 218 4 6 0.04562845 
96 293 4 6 0.045604263 
487 395 5 7 0.04557337 
7 213 4 4 0.045428634 
377 162 3 5 0.04541311 
374 162 3 5 0.045402113 
431 351 4 6 0.04540073 
472 395 7 9 0.045377463 
524 340 4 5 0.045359537 
310 432 84 134 0.045349114 
109 282 6 6 0.045337882 
70 282 6 7 0.045305472 
141 200 4 5 0.045229636 
435 333 5 6 0.04507046 
161 181 3 4 0.044990446 
127 287 6 7 0.044926364 
12 218 4 6 0.044820752 
488 392 4 6 0.04477457 
319 90 4 6 0.044477835 
359 167 5 7 0.044454373 
539 350 4 7 0.04439468 
142 224 4 5 0.044391766 
237 182 3 4 0.044379856 
386 295 4 6 0.044358242 
441 346 5 6 0.044337388 
409 296 4 5 0.044331487 
460 166 7 7 0.04431317 
116 255 5 7 0.044288363 
44 217 5 7 0.04428789 
148 204 4 5 0.044272054 
134 252 5 5 0.04421521 
472 346 5 7 0.04412519 
328 156 4 4 0.04406163 
58 267 5 7 0.044056967 
82 242 5 6 0.044021785 
77 219 6 6 0.043995842 
243 205 4 5 0.04399483 
90 269 5 7 0.043945666 
103 242 5 6 0.04394247 
11 257 5 6 0.04391906 
178 193 4 5 0.043750606 
45 325 5 8 0.043712858 
422 308 5 6 0.043684207 
129 242 4 6 0.04362473 
0 248 4 6 0.043583363 
302 155 3 5 0.04350866 
486 382 5 7 0.043388423 
245 194 4 5 0.043239098 
449 321 5 5 0.043231204 
486 160 5 5 0.04297041 
411 364 4 8 0.042960435 
91 199 4 5 0.04291883 
472 414 9 10 0.042872295 
505 332 4 5 0.042811893 
537 399 7 11 0.042615555 
474 315 3 5 0.042613108 
402 167 4 6 0.042559486 
129 220 4 5 0.042541474 
354 155 3 5 0.042517167 
530 366 5 7 0.042465422 
376 385 9 15 0.04241136 
393 167 3 5 0.042374685 
91 289 5 7 0.042337097 
520 379 5 6 0.04230919 
468 379 4 6 0.042283792 
502 428 9 9 0.04223491 
417 308 4 5 0.042223528 
77 337 7 7 0.042216085 
122 225 4 5 0.042199776 
425 276 3 5 0.04200415 
399 160 4 5 0.042000435 
148 182 3 4 0.041989103 
308 149 3 4 0.04193282 
175 192 5 5 0.041765157 
224 193 4 4 0.04174061 
122 181 4 5 0.041713253 
57 249 4 6 0.041657984 
50 269 6 7 0.041631777 
494 352 5 6 0.04158523 
424 149 3 5 0.041440617 
419 412 12 14 0.041408304 
70 269 7 6 0.04140261 
115 244 4 5 0.04136556 
435 321 4 5 0.04127002 
327 109 4 5 0.041262504 
8 269 6 8 0.041198343 
430 346 4 6 0.041135293 
523 378 6 7 0.041075774 
418 295 4 4 0.04103429 
143 187 4 4 0.040994074 
64 319 6 8 0.040951658 
58 302 7 8 0.04093471 
12 312 5 9 0.040927038 
462 327 4 6 0.040875603 
9 237 4 6 0.04082832 
114 281 6 7 0.040749233 
530 403 8 8 0.040710043 
476 426 13 13 0.040669337 
104 192 4 5 0.04065699 
417 301 4 5 0.040587984 
403 160 4 5 0.040519584 
33 206 4 5 0.040495157 
136 180 4 5 0.040454824 
506 364 5 6 0.040406205 
498 377 5 7 0.040402915 
494 404 6 7 0.040371347 
327 168 4 6 0.04036306 
492 167 6 6 0.040336896 
493 344 5 7 0.040248893 
257 212 4 4 0.04022386 
461 333 4 6 0.04017644 
24 287 7 8 0.04016104 
96 193 4 4 0.04009848 
403 173 4 5 0.039959926 
487 344 4 7 0.03995784 
411 385 5 6 0.039935548 
271 103 3 5 0.039906338 
390 299 5 7 0.03989649 
160 239 4 4 0.03982364 
449 149 3 4 0.03981651 
335 110 4 6 0.03965427 
20 212 4 4 0.039611585 
449 339 5 6 0.039584097 
57 281 6 7 0.039563686 
405 296 3 5 0.03953762 
505 359 5 6 0.039513905 
134 289 8 7 0.039473332 
91 262 5 6 0.039449222 
345 162 4 5 0.039426886 
482 302 3 5 0.039419025 
142 194 4 4 0.039400745 
460 338 5 8 0.039317135 
56 288 6 6 0.039302945 
128 192 4 5 0.03929236 
192 200 4 5 0.039283004 
486 370 6 7 0.039001778 
104 224 4 6 0.038984627 
442 376 7 8 0.038980857 
110 292 6 7 0.03893151 
27 242 6 7 0.038866967 
12 241 5 7 0.038854975 
174 187 4 4 0.038824964 
430 154 3 5 0.038797554 
482 315 3 4 0.038779944 
148 225 4 5 0.038775053 
154 225 4 5 0.03860937 
456 296 4 5 0.0386081 
338 109 4 6 0.038599145 
461 296 3 4 0.038593642 
12 224 5 6 0.03857254 
134 275 6 6 0.03836181 
429 326 6 7 0.03836009 
248 194 5 5 0.038111024 
109 242 5 6 0.03800692 
50 249 6 7 0.037966114 
421 320 5 7 0.03780198 
142 265 4 5 0.03779332 
140 213 5 5 0.03778957 
412 103 3 4 0.037721783 
102 231 4 5 0.037643116 
91 186 4 5 0.03758781 
532 335 4 5 0.037466887 
26 84 4 4 0.03737594 
70 205 5 5 0.037300117 
350 174 5 6 0.03721885 
92 218 5 6 0.037198335 
26 79 4 4 0.037078258 
133 205 5 5 0.037053715 
488 359 4 7 0.03700884 
128 230 4 6 0.037003733 
116 219 4 5 0.036971223 
583 348 4 5 0.036954403 
429 332 5 6 0.036895927 
110 200 3 5 0.03688807 
0 305 4 9 0.036858387 
422 301 4 5 0.036817968 
467 383 6 7 0.03674075 
461 161 6 6 0.03673748 
53 332 6 7 0.03673657 
475 378 5 6 0.03670874 
129 188 3 4 0.036675617 
429 359 5 6 0.036662035 
477 423 10 9 0.0366314 
422 295 3 4 0.036625225 
442 166 5 6 0.03652906 
160 187 4 4 0.036445577 
374 482 127 198 0.03641847 
135 187 4 5 0.036390215 
435 340 4 5 0.036374606 
341 162 4 4 0.036322314 
526 404 6 7 0.036313504 
70 334 6 7 0.03631028 
468 315 3 5 0.03623359 
404 384 5 7 0.036199227 
399 156 3 5 0.036154743 
322 465 24 24 0.036112122 
95 198 5 6 0.036042947 
19 207 4 4 0.03598903 
12 232 5 5 0.035969626 
411 345 4 7 0.035951376 
414 389 6 7 0.035886858 
113 307 7 8 0.03584719 
377 296 4 6 0.035791434 
308 66 3 4 0.035773892 
77 332 8 8 0.03568231 
499 352 5 6 0.03566843 
334 97 4 5 0.035586923 
39 261 5 7 0.03558398 
116 187 4 4 0.035574954 
109 276 5 5 0.035572864 
11 103 6 5 0.035561543 
494 295 3 5 0.0355248 
461 346 5 7 0.035495028 
44 236 5 6 0.035414867 
44 243 6 7 0.03531366 
530 370 6 6 0.03528701 
377 437 38 49 0.03525656 
354 161 4 5 0.035225045 
303 252 4 5 0.03522369 
1 212 3 5 0.035186004 
405 180 4 5 0.03514522 
219 200 3 4 0.035043377 
33 218 5 6 0.034945283 
512 383 6 9 0.03490282 
231 182 3 4 0.03484191 
95 289 5 7 0.034776296 
168 179 4 5 0.03473565 
443 143 3 4 0.03473101 
474 154 4 5 0.034709837 
518 359 5 5 0.034691654 
83 238 5 6 0.03466823 
928 478 21 27 0.03466455 
353 149 3 5 0.0346203 
313 105 4 4 0.034543764 
449 309 4 5 0.034532804 
485 441 10 10 0.034506936 
244 188 3 3 0.034488812 
391 161 3 5 0.034443017 
225 189 3 3 0.034408316 
498 338 5 7 0.03434335 
530 358 6 6 0.034339897 
76 244 6 6 0.034325037 
398 296 4 5 0.034308173 
340 105 4 4 0.03428727 
135 271 4 4 0.034284815 
161 198 4 5 0.034256857 
20 111 5 5 0.034255266 
91 235 5 6 0.034243774 
155 182 3 3 0.034237567 
347 109 3 5 0.03411731 
192 218 5 5 0.034117017 
263 97 3 4 0.034116864 
66 250 5 7 0.034069534 
384 179 4 5 0.03406851 
347 156 3 4 0.03403148 
38 213 5 5 0.033876844 
40 257 5 5 0.033871546 
334 104 3 4 0.033843942 
442 372 6 7 0.033816747 
122 288 6 6 0.033802617 
1021 17 14 22 0.033791542 
1 269 4 8 0.03378566 
449 154 3 5 0.033783264 
455 396 6 8 0.033729948 
538 365 5 6 0.033727586 
99 257 4 4 0.033657644 
404 155 3 4 0.03365301 
224 200 4 5 0.033647817 
365 171 4 6 0.033623405 
415 400 8 9 0.033604626 
276 180 5 4 0.0335585 
19 263 5 6 0.033499043 
141 268 5 5 0.033464674 
39 91 5 5 0.033459827 
19 79 4 3 0.033451464 
308 78 4 5 0.033420138 
454 277 3 4 0.033419024 
276 186 5 5 0.033391796 
10 109 7 7 0.033385877 
450 160 4 6 0.033381604 
39 248 5 6 0.033374652 
61 324 8 8 0.0333044 
175 199 4 5 0.033293948 
109 224 4 6 0.03311736 
179 200 5 4 0.033089176 
173 181 4 4 0.0330363 
173 207 4 4 0.03296067 
232 193 3 4 0.032953817 
550 347 5 6 0.032929562 
499 372 5 6 0.032916903 
334 160 3 5 0.032882754 
328 160 3 5 0.032877993 
1 256 4 8 0.032877814 
102 262 5 5 0.03286112 
78 209 6 6 0.032858044 
322 110 4 5 0.032854166 
1 334 4 9 0.032831557 
232 188 3 3 0.03279792 
288 175 4 4 0.03274525 
488 341 4 6 0.032673992 
315 161 3 5 0.032640297 
487 155 5 5 0.032607738 
168 176 4 4 0.032523483 
12 319 5 9 0.032518674 
9 207 3 4 0.0324622 
307 97 4 5 0.032359496 
31 115 5 6 0.032310218 
308 71 4 4 0.032276403 
385 257 2 3 0.0322064 
428 174 5 5 0.03213374 
467 282 3 4 0.032067165 
83 200 3 4 0.032063022 
103 283 5 5 0.03202805 
482 308 3 5 0.032017373 
656 15 324 376 0.032001916 
435 277 3 4 0.031965427 
128 283 5 6 0.03189536 
140 255 4 6 0.031835493 
25 96 5 5 0.03182828 
134 224 4 6 0.031823475 
469 397 6 8 0.031788826 
1019 23 7 11 0.031720795 
437 149 3 4 0.031704508 
430 364 5 7 0.031577297 
418 333 4 6 0.031520087 
487 303 4 5 0.03145157 
308 245 3 4 0.031355012 
391 155 3 5 0.031283256 
525 335 4 5 0.031271208 
435 161 4 6 0.031263053 
430 290 4 4 0.031210687 
173 211 4 5 0.031181239 
96 353 6 6 0.031150622 
539 359 5 6 0.031135859 
340 96 4 5 0.031114908 
72 194 4 4 0.031034166 
517 427 34 41 0.031028409 
199 181 3 3 0.031017382 
482 166 5 5 0.031003386 
52 217 5 6 0.030990485 
544 360 4 5 0.030967401 
372 172 4 5 0.030948263 
173 175 3 4 0.03087712 
890 52 3 4 0.030800136 
503 397 6 5 0.030781785 
474 308 3 5 0.030768488 
59 200 4 4 0.030740527 
333 85 4 4 0.03073952 
430 302 3 5 0.030709982 
576 386 346 338 0.030699445 
173 233 3 4 0.030692538 
365 357 38 70 0.030640757 
415 351 5 6 0.030613633 
96 250 5 6 0.030609706 
58 193 4 5 0.03055147 
11 324 6 9 0.030527791 
429 149 3 4 0.030461067 
15 79 3 3 0.03044932 
417 161 4 5 0.030414833 
226 182 3 4 0.030388324 
108 307 7 8 0.03033745 
412 340 4 5 0.030301698 
416 166 4 5 0.03023319 
505 328 4 6 0.03023003 
89 231 6 7 0.030157242 
103 250 4 6 0.03007952 
19 243 5 6 0.030069074 
200 232 4 5 0.0300589 
416 314 5 5 0.030030284 
366 149 3 4 0.03000729 
237 206 4 4 0.02999966 
498 408 7 7 0.029965224 
454 161 4 5 0.029927468 
274 175 5 5 0.02992381 
481 366 4 5 0.029864082 
115 206 4 5 0.029848116 
916 547 71 83 0.029845411 
519 329 4 5 0.029817458 
498 346 5 6 0.029805321 
467 165 6 6 0.029794795 
37 270 5 6 0.029734783 
84 279 7 7 0.029725345 
34 212 4 5 0.029696068 
302 78 3 5 0.029630054 
108 213 4 5 0.029629681 
0 350 6 11 0.029628558 
98 330 6 8 0.029605629 
61 302 7 8 0.029596934 
8 218 4 5 0.029596739 
161 175 3 4 0.029525943 
121 295 6 6 0.029505802 
155 212 5 5 0.02947923 
355 258 3 5 0.029444275 
232 200 4 4 0.029393815 
495 377 5 7 0.029376624 
156 238 4 4 0.029352048 
498 164 6 7 0.029344918 
198 176 4 3 0.029315107 
103 200 4 5 0.02929249 
194 176 4 4 0.029280825 
997 468 6 6 0.029274115 
156 174 4 4 0.0292517 
71 227 7 9 0.029151909 
474 149 4 4 0.029105924 
270 175 5 5 0.029090298 
430 340 4 5 0.029047113 
211 193 4 4 0.02904073 
148 219 4 4 0.029009633 
405 437 39 40 0.028985554 
320 160 4 4 0.028967455 
103 77 6 5 0.028931597 
296 91 3 4 0.02892758 
474 302 4 5 0.028910913 
33 84 4 5 0.028809486 
309 161 3 5 0.02873197 
386 161 4 5 0.028578246 
11 299 7 9 0.02851588 
295 167 4 5 0.028498743 
994 40 3 4 0.028480787 
193 188 3 4 0.028466277 
19 218 5 5 0.028460367 
456 166 4 5 0.028422939 
353 167 4 5 0.028419396 
315 149 3 5 0.028372327 
480 148 4 5 0.028305706 
1004 460 7 6 0.028272282 
423 154 4 4 0.028225983 
137 212 4 5 0.028205024 
472 390 6 8 0.028194958 
258 224 5 5 0.028189225 
423 340 3 4 0.02818578 
276 98 4 4 0.028176554 
207 193 3 4 0.028148998 
193 121 4 5 0.028135534 
257 97 4 4 0.028070787 
140 115 5 5 0.028063651 
51 212 5 6 0.028053854 
179 206 4 4 0.027996866 
9 323 4 9 0.027938882 
96 243 5 6 0.027913257 
31 249 5 7 0.027896153 
39 199 4 6 0.02785641 
569 346 6 7 0.027827945 
294 110 4 5 0.027801342 
71 286 6 7 0.027771195 
472 161 5 7 0.02775243 
86 295 4 5 0.02774236 
384 264 4 5 0.027741658 
448 386 6 7 0.02770311 
84 194 3 5 0.027689373 
19 84 4 4 0.027677173 
487 167 5 5 0.027657319 
65 194 3 4 0.02765473 
512 430 6 7 0.027596066 
179 219 3 4 0.02759206 
243 182 4 3 0.02759084 
193 214 4 4 0.027585026 
398 172 4 5 0.027576305 
495 306 3 6 0.02754544 
109 264 4 5 0.027496167 
237 200 3 4 0.027381357 
437 143 3 4 0.027363714 
59 310 6 8 0.027349629 
12 115 5 5 0.027329879 
494 160 5 5 0.027322596 
352 98 5 5 0.027303893 
20 114 5 6 0.027235096 
217 189 4 4 0.027224898 
423 333 4 5 0.027178232 
8 293 5 7 0.027177637 
108 123 5 5 0.02717546 
346 98 4 4 0.027169665 
6 249 5 6 0.027156055 
474 383 5 6 0.027148148 
360 193 4 5 0.027115632 
482 426 14 11 0.0271129 
91 194 4 4 0.027102955 
224 217 4 5 0.027075244 
455 155 4 4 0.027074693 
128 270 4 5 0.027070783 
270 160 4 5 0.027052818 
104 124 4 5 0.026975667 
90 205 4 6 0.026917173 
660 510 27 30 0.026916618 
303 110 4 5 0.026897198 
366 109 4 4 0.026873605 
342 256 4 5 0.026864031 
422 291 3 4 0.026806738 
110 250 4 6 0.02676265 
130 257 4 5 0.026760407 
2 338 4 9 0.026632292 
288 98 4 4 0.026629193 
422 384 5 6 0.026592422 
552 339 4 6 0.02656906 
544 340 4 5 0.026542578 
302 97 4 5 0.026533566 
352 188 5 5 0.026471421 
213 188 3 3 0.02645542 
147 243 4 6 0.026447082 
483 162 3 5 0.026434451 
121 219 4 5 0.02637604 
504 410 6 6 0.02633544 
27 115 5 6 0.026295757 
443 384 5 7 0.026290981 
323 104 3 5 0.026200132 
513 329 4 5 0.026199158 
373 72 3 4 0.026194585 
57 226 5 6 0.026174141 
154 199 4 5 0.026166193 
200 188 3 4 0.026140543 
143 242 5 5 0.026113624 
533 326 4 6 0.026093606 
141 181 4 5 0.026059685 
366 161 3 5 0.02604414 
65 205 5 5 0.026043693 
437 154 4 5 0.025963385 
346 166 4 5 0.02596055 
313 173 4 5 0.025959183 
175 225 3 4 0.02594079 
303 244 4 4 0.025939642 
180 182 3 4 0.02592522 
121 281 6 6 0.025908032 
135 232 5 5 0.025899574 
275 103 4 5 0.025879107 
135 317 6 10 0.025867824 
355 84 5 6 0.025860496 
0 343 5 10 0.025822964 
320 65 4 4 0.025784612 
12 460 26 28 0.025697017 
26 219 5 5 0.025685241 
357 258 4 5 0.025681166 
523 381 7 9 0.025675956 
120 276 5 6 0.0256507 
380 380 12 19 0.025610536 
264 180 4 4 0.02560447 
463 431 20 28 0.02558119 
538 335 3 5 0.025576511 
321 169 4 5 0.02548397 
992 468 7 6 0.025451684 
464 282 3 5 0.025434172 
395 57 5 6 0.025423218 
13 84 5 5 0.02542121 
484 379 6 7 0.025410617 
38 96 5 6 0.025386654 
250 212 4 4 0.025369342 
20 224 5 5 0.025354445 
193 117 4 5 0.025353642 
410 352 5 7 0.025341315 
49 326 7 8 0.02528413 
424 390 5 7 0.02526542 
85 186 3 5 0.025257658 
934 472 34 42 0.025249232 
168 207 4 5 0.025236705 
117 276 5 7 0.025223825 
952 498 10 16 0.025208127 
116 224 5 6 0.02518795 
340 155 3 4 0.025177654 
45 199 5 6 0.025174597 
436 302 3 5 0.025162192 
379 156 3 4 0.025146501 
104 187 3 5 0.02513953 
450 302 3 4 0.025135068 
418 290 3 5 0.025106262 
430 271 2 3 0.025077887 
262 147 4 4 0.025066426 
160 212 3 5 0.025052527 
964 481 30 30 0.025040235 
129 200 4 4 0.025032781 
481 295 3 5 0.025029045 
142 231 4 5 0.024983184 
594 321 3 5 0.024972579 
14 201 4 5 0.024963228 
103 301 5 6 0.024942573 
251 207 4 4 0.024940614 
449 166 4 6 0.024933992 
302 149 3 5 0.024902752 
334 249 5 5 0.02489844 
480 371 6 6 0.024887243 
523 429 21 20 0.024865035 
50 295 6 6 0.024805427 
327 66 4 3 0.024756322 
481 358 5 6 0.024749175 
315 66 4 4 0.024696179 
0 223 4 6 0.024680994 
328 149 4 4 0.024679365 
148 103 5 5 0.024611337 
147 78 4 4 0.024550963 
314 187 3 4 0.024527207 
33 78 4 4 0.024519725 
251 96 4 5 0.024515908 
332 257 5 6 0.024501994 
108 73 6 5 0.024428548 
100 327 5 8 0.024421986 
78 408 13 12 0.024384929 
129 123 6 7 0.024374895 
38 326 7 8 0.024373988 
0 388 5 10 0.024367651 
551 350 5 7 0.02434381 
122 270 5 5 0.024342543 
384 65 5 5 0.024288693 
411 308 4 6 0.024280978 
423 379 4 6 0.024265064 
973 459 7 6 0.02426494 
188 206 3 4 0.024244305 
51 263 5 5 0.024227908 
289 179 4 5 0.024213895 
2 317 5 9 0.02418399 
199 219 4 5 0.024157293 
1004 468 6 6 0.024154479 
1011 469 6 6 0.024137167 
38 205 4 5 0.024126701 
129 103 6 6 0.02411929 
436 402 7 7 0.024117371 
192 193 4 3 0.024058875 
103 354 5 7 0.02400794 
430 143 2 4 0.023944087 
224 214 4 4 0.023940934 
166 219 4 5 0.023889855 
257 168 3 4 0.023872122 
24 262 6 7 0.023871657 
270 180 4 4 0.023870343 
245 169 3 3 0.023855105 
31 91 5 4 0.023846773 
250 168 3 4 0.023842983 
315 168 3 5 0.023838298 
126 295 7 7 0.023807107 
354 261 4 6 0.023802862 
103 293 5 7 0.02378429 
123 207 4 5 0.023743682 
276 66 3 3 0.02372136 
96 231 5 6 0.023698593 
411 161 4 5 0.023694275 
360 135 4 5 0.023687257 
205 188 4 3 0.0236836 
443 400 19 19 0.023653507 
391 181 4 4 0.023620708 
1 218 3 6 0.02360831 
386 129 3 5 0.023577591 
469 155 4 4 0.02352147 
44 321 6 7 0.023508834 
469 290 3 4 0.023495395 
290 161 3 4 0.023490282 
403 103 4 5 0.023467248 
519 381 6 9 0.023444649 
117 182 4 4 0.02344257 
448 358 5 6 0.02342914 
314 251 4 5 0.023421314 
475 142 3 4 0.023407238 
92 182 3 4 0.023405889 
212 175 3 3 0.023396898 
38 78 5 5 0.023382472 
348 174 5 5 0.023342792 
328 98 3 4 0.023336504 
382 56 6 6 0.023325726 
1016 478 17 22 0.023317283 
71 218 5 6 0.02329878 
367 104 3 4 0.023295373 
187 219 4 4 0.023285797 
130 251 4 5 0.023283094 
360 97 4 5 0.023267671 
302 73 3 3 0.02326568 
512 377 5 6 0.023260264 
446 371 6 7 0.023258764 
915 46 4 5 0.02321985 
590 348 4 5 0.023171358 
123 211 5 5 0.02316519 
1017 491 8 11 0.023152776 
468 175 6 6 0.02313352 
449 277 3 4 0.02312635 
423 350 5 6 0.023091845 
296 185 5 6 0.023091404 
154 282 6 7 0.023091253 
295 174 4 4 0.023078725 
461 378 4 6 0.023056123 
46 213 4 5 0.023039222 
327 70 5 5 0.022998381 
115 211 4 5 0.02299819 
468 389 6 7 0.022963574 
294 180 5 5 0.022953501 
576 350 6 6 0.02295301 
512 372 5 6 0.02294267 
244 212 4 4 0.022931453 
146 238 4 5 0.022880616 
346 91 3 4 0.022877138 
148 213 4 5 0.02287224 
450 103 3 5 0.02286169 
1019 51 5 7 0.02284441 
1 206 2 5 0.022842625 
76 270 5 6 0.022836873 
532 390 7 8 0.022831047 
360 124 3 4 0.022826364 
270 142 4 5 0.022818875 
217 111 5 4 0.022795994 
360 128 3 5 0.022772351 
353 124 3 4 0.022769896 
257 181 3 3 0.02276099 
295 73 4 3 0.022758216 
377 104 3 4 0.022754539 
57 218 5 5 0.022735285 
289 72 4 4 0.0227155 
13 250 5 6 0.022708846 
411 314 5 6 0.022681462 
147 268 5 5 0.02267716 
486 403 5 7 0.0226763 
902 47 4 4 0.022674669 
8 103 6 6 0.022662576 
289 103 3 5 0.022646382 
487 408 6 7 0.022639286 
57 244 4 6 0.02262793 
320 149 4 5 0.022510795 
340 250 4 5 0.022507213 
497 404 6 6 0.022494122 
70 237 5 6 0.022483325 
186 182 4 3 0.022468144 
114 77 6 5 0.022455106 
372 109 4 5 0.02245202 
541 399 8 12 0.022436984 
513 411 5 6 0.022392677 
430 282 3 4 0.02236169 
6 401 7 10 0.022357278 
1018 87 7 10 0.022298304 
148 256 4 5 0.022289824 
353 71 4 5 0.022285966 
43 148 5 5 0.022272246 
314 83 4 5 0.022244548 
275 142 3 5 0.02223177 
897 48 3 4 0.022226973 
97 102 5 6 0.0221835 
13 98 5 4 0.022178825 
479 408 21 21 0.02216825 
505 372 5 6 0.0221581 
467 416 8 9 0.02215233 
277 192 5 5 0.022144925 
8 233 5 5 0.022107277 
386 156 3 4 0.022104742 
256 162 4 3 0.02206869 
412 318 4 7 0.022051342 
404 97 4 5 0.022027686 
505 391 5 6 0.022021191 
379 264 4 4 0.022011088 
97 141 4 5 0.022000046 
309 187 4 4 0.021984499 
52 206 4 5 0.021962862 
276 110 4 5 0.021958211 
103 206 4 5 0.021955825 
282 103 4 5 0.021942472 
238 175 3 3 0.021931 
1008 467 18 20 0.021907337 
379 258 3 3 0.02190677 
1014 492 16 22 0.02187624 
206 182 3 3 0.021876002 
521 296 3 5 0.021833485 
257 218 4 5 0.021825625 
951 492 22 28 0.02182435 
226 175 3 4 0.021816136 
38 84 4 4 0.021812173 
102 181 4 4 0.021790216 
237 194 4 4 0.02178277 
405 150 3 4 0.021767922 
301 173 4 5 0.02176083 
456 149 3 3 0.021759469 
76 315 6 6 0.021752747 
455 300 4 5 0.021751605 
155 206 3 4 0.02174853 
419 402 8 9 0.021704212 
359 181 4 5 0.021699721 
299 186 5 5 0.021684399 
128 210 4 5 0.02165298 
436 290 2 4 0.02163811 
373 104 4 4 0.021635443 
167 188 4 4 0.021633267 
333 174 5 5 0.021630524 
910 46 4 5 0.021607827 
1013 572 17 33 0.021600835 
429 379 4 6 0.02159344 
50 300 6 6 0.021524372 
194 181 3 4 0.021519408 
576 348 5 5 0.021505661 
114 83 7 6 0.021477388 
180 128 5 6 0.021466605 
46 104 4 4 0.021466458 
199 207 4 3 0.021465957 
411 399 22 24 0.021464255 
353 129 4 5 0.021461986 
461 154 4 5 0.02144546 
45 224 5 6 0.021440012 
313 193 5 6 0.021438932 
0 275 4 7 0.021438481 
287 253 6 8 0.02141395 
104 307 6 7 0.021411764 
495 333 4 5 0.021380821 
410 300 4 6 0.0213638 
79 187 3 4 0.021353494 
334 245 5 6 0.021324677 
393 172 3 5 0.021323314 
1 260 5 8 0.021320432 
192 232 4 5 0.021304673 
385 252 2 4 0.02128039 
302 84 4 4 0.021265147 
39 295 6 6 0.021242432 
166 193 3 5 0.021235455 
116 324 7 8 0.021228867 
533 393 31 41 0.021225313 
372 180 3 5 0.021214414 
493 383 5 6 0.021192214 
110 181 3 4 0.021184228 
53 192 4 5 0.021181347 
45 331 5 7 0.021155013 
308 82 5 5 0.021140406 
82 218 6 6 0.021130783 
248 198 4 5 0.021118049 
295 97 5 5 0.02111261 
360 171 5 6 0.021089993 
595 347 4 5 0.021016942 
333 149 4 4 0.021009875 
556 346 6 7 0.02100964 
315 115 4 5 0.021007033 
11 330 6 11 0.020979907 
308 168 4 4 0.020966403 
396 187 4 4 0.020926757 
18 238 5 6 0.02091599 
135 110 5 6 0.020886635 
294 104 4 4 0.020885328 
493 407 8 8 0.020869147 
443 290 2 4 0.020846792 
903 51 4 5 0.020841723 
340 185 4 5 0.020817326 
71 212 4 5 0.020815225 
168 212 3 5 0.020721398 
140 111 5 5 0.02072106 
372 186 4 5 0.020719044 
316 97 4 5 0.02070007 
424 281 3 5 0.020689212 
904 35 3 3 0.020663733 
493 302 4 5 0.020659052 
466 421 20 23 0.020658627 
409 180 4 5 0.020657465 
84 300 5 7 0.020649267 
422 162 5 5 0.020639338 
404 142 3 5 0.020636791 
282 66 4 4 0.02063595 
436 99 3 4 0.020633787 
309 173 4 5 0.020610817 
116 301 5 6 0.020599443 
53 336 7 9 0.0205561 
26 110 4 4 0.020537505 
175 219 4 4 0.020532904 
155 231 4 5 0.020509591 
179 212 4 5 0.020494295 
282 98 3 4 0.020493517 
282 71 4 4 0.020478942 
147 251 5 5 0.020468052 
296 149 3 5 0.020446429 
538 370 5 6 0.020439414 
494 372 5 6 0.020422561 
424 104 3 4 0.02041099 
532 396 8 8 0.0203922 
219 193 3 3 0.020392174 
434 165 4 5 0.020387338 
383 174 4 5 0.020374548 
524 296 4 5 0.020363081 
557 351 6 6 0.020354763 
51 235 5 6 0.020341579 
417 105 3 3 0.020330634 
65 219 4 5 0.020329762 
90 213 4 4 0.020321643 
51 244 5 6 0.020319665 
256 92 4 5 0.020303216 
232 205 4 5 0.020288084 
133 281 7 7 0.020283367 
302 66 4 3 0.020282656 
269 156 4 4 0.020257836 
472 420 10 10 0.020255186 
251 162 3 4 0.020249747 
130 274 5 5 0.020246612 
495 290 2 4 0.020243986 
415 406 11 13 0.020241428 
421 359 5 7 0.020237954 
398 181 3 4 0.020218337 
373 77 4 5 0.02020153 
140 173 4 5 0.020201446 
412 326 4 7 0.020152265 
121 78 6 5 0.020129258 
480 395 7 9 0.020128421 
962 45 3 4 0.020126227 
430 295 3 5 0.020112148 
347 149 4 5 0.020109044 
502 423 9 9 0.02009681 
96 98 5 4 0.0200816 
116 332 5 7 0.020075066 
