28_Sports_Fan_Sports_Fan_28_862
81
439 131 122 146 0.99954826 
214 494 38 55 0.99790394 
297 511 27 53 0.9344165 
360 584 15 30 0.10976964 
150 731 14 16 0.10075798 
948 586 15 29 0.085144274 
139 714 9 13 0.06977857 
275 810 61 115 0.0664274 
35 715 15 24 0.06632152 
557 76 67 78 0.0653608 
3 755 15 23 0.060399037 
190 698 11 13 0.056749955 
90 711 8 12 0.053636275 
759 814 52 59 0.05066764 
222 747 14 21 0.049011342 
863 370 22 36 0.04659509 
44 258 13 21 0.045138564 
859 312 18 29 0.044576257 
869 317 15 27 0.04309184 
309 756 21 24 0.04124656 
171 736 14 23 0.041088738 
219 760 49 68 0.040608015 
489 691 200 277 0.038637877 
170 701 10 14 0.037449628 
89 705 8 13 0.037039556 
876 730 10 13 0.035985406 
415 97 28 55 0.03556227 
359 563 14 30 0.03527225 
100 712 9 12 0.03356156 
177 723 13 14 0.032804936 
184 397 26 37 0.03258491 
180 755 15 25 0.032047722 
716 719 114 168 0.031983 
201 747 12 18 0.031209918 
155 736 14 21 0.030720707 
927 580 10 17 0.030244472 
165 786 27 42 0.03007565 
84 709 9 13 0.029979633 
970 599 16 29 0.029976875 
842 367 17 29 0.029751118 
179 744 13 24 0.029537791 
161 712 10 12 0.029297825 
23 626 34 57 0.029266639 
671 297 46 73 0.029143404 
689 314 17 30 0.029002897 
882 731 9 12 0.028858408 
230 730 15 16 0.028336605 
181 700 10 13 0.028273605 
914 580 8 15 0.027981428 
427 519 12 27 0.027875302 
219 742 25 36 0.027718645 
682 320 14 25 0.027238395 
55 720 18 29 0.026884114 
206 769 18 30 0.02668636 
660 173 32 64 0.026569255 
186 747 14 24 0.025583787 
629 494 12 24 0.025478736 
910 582 6 13 0.024593556 
42 711 16 22 0.023954317 
155 723 14 15 0.023848865 
918 574 6 12 0.023681896 
973 644 14 26 0.023513775 
258 695 11 12 0.02316901 
210 734 10 12 0.022704327 
97 752 10 17 0.0223491 
192 223 18 26 0.021948762 
321 522 90 170 0.021526199 
219 732 12 13 0.021443028 
851 367 22 36 0.021337662 
6 744 13 19 0.021291584 
531 1379 76 78 0.02121801 
108 712 11 14 0.020925159 
293 862 32 50 0.020751204 
133 719 10 15 0.020519432 
140 737 13 20 0.020423029 
304 1309 256 240 0.020378375 
210 698 16 18 0.02015882 
169 712 9 11 0.020149685 
671 244 53 88 0.020146918 
700 331 14 24 0.020094715 
995 603 17 25 0.020057987 
