28_Sports_Fan_Sports_Fan_28_643
25
363 55 96 124 0.9999341 
174 57 103 136 0.999826 
516 127 102 150 0.9993327 
374 340 51 46 0.5479449 
351 319 51 54 0.10695083 
247 358 28 44 0.070542924 
1002 43 24 43 0.066727646 
509 380 58 49 0.065326594 
556 456 53 43 0.041442282 
697 278 72 107 0.04112728 
743 95 34 53 0.03784792 
999 464 45 85 0.033734135 
232 335 61 83 0.029712087 
298 384 33 29 0.029132226 
1000 467 18 27 0.028370515 
536 42 10 25 0.027447183 
721 233 41 49 0.027049532 
1015 395 10 18 0.026859196 
679 261 15 32 0.026518162 
267 198 30 45 0.025706869 
265 396 21 27 0.025651917 
1018 51 38 68 0.02515107 
1000 8 44 85 0.021503849 
391 306 14 19 0.021056075 
362 308 102 77 0.020371994 
