28_Sports_Fan_Sports_Fan_28_86
21
104 771 160 278 0.9955747 
562 144 65 82 0.991836 
360 531 394 472 0.11350846 
274 97 456 534 0.10365172 
527 191 47 76 0.066645406 
324 771 54 61 0.06636489 
654 638 35 45 0.059864886 
692 635 17 23 0.05102497 
675 636 62 89 0.04517459 
509 674 32 33 0.043325633 
269 1064 255 305 0.03801219 
218 1250 16 17 0.0268205 
688 666 38 44 0.025999766 
264 544 89 132 0.023812396 
269 605 117 170 0.023606261 
495 662 118 110 0.023434762 
406 933 30 31 0.022813488 
650 175 27 40 0.021830421 
324 749 37 46 0.02155148 
715 3 28 15 0.020788983 
557 173 38 47 0.020239843 
