28_Sports_Fan_Sports_Fan_28_357
18
439 99 173 220 0.999881 
95 86 29 22 0.19952676 
841 605 75 46 0.14500624 
90 90 42 39 0.05949008 
232 408 71 100 0.045187663 
926 120 61 64 0.040254444 
406 13 28 33 0.03868967 
790 78 22 27 0.032935143 
410 520 115 141 0.031335805 
713 249 304 339 0.030513946 
214 420 43 62 0.025073174 
196 392 18 25 0.02324717 
1064 34 18 35 0.022875905 
980 132 67 98 0.022468587 
869 47 147 173 0.021686735 
420 -19 319 409 0.021389298 
497 53 15 13 0.02129957 
1063 55 22 42 0.020443883 
