28_Sports_Fan_Sports_Fan_28_507
22
157 147 79 94 0.99991965 
793 132 82 97 0.9999083 
584 118 69 92 0.99952495 
379 118 70 84 0.99924695 
501 405 68 149 0.31736284 
896 126 13 24 0.10595239 
508 214 10 13 0.05703174 
190 578 63 127 0.05212024 
315 284 92 168 0.047525432 
421 572 10 19 0.03778414 
496 215 9 15 0.03628803 
704 165 317 367 0.033427075 
974 355 41 67 0.029321486 
-34 173 297 400 0.027738499 
605 616 16 29 0.02601977 
403 416 82 113 0.025817595 
304 63 286 422 0.024627887 
573 152 10 17 0.024072016 
998 341 6 7 0.023627143 
407 652 8 13 0.022149393 
907 639 9 10 0.021405097 
1030 621 16 28 0.020262357 
