28_Sports_Fan_Sports_Fan_28_751
47
194 126 47 66 0.999246 
17 153 41 59 0.9983925 
526 232 58 77 0.9942742 
678 18 47 68 0.86886334 
421 371 39 74 0.33046505 
932 37 33 53 0.17846026 
173 137 21 41 0.15512036 
124 49 12 14 0.12599526 
938 -1 27 23 0.119994596 
132 9 28 29 0.10942688 
92 184 15 16 0.107915334 
717 18 37 61 0.09919424 
880 16 28 49 0.08255118 
108 294 18 35 0.07650863 
920 23 23 38 0.07393562 
1 333 23 49 0.07001438 
454 295 67 137 0.058502413 
1018 311 36 70 0.042231042 
444 6 20 23 0.037599657 
277 391 10 14 0.037362713 
974 302 69 105 0.036211785 
987 27 19 40 0.03550207 
309 52 23 23 0.033012867 
273 564 73 118 0.032534618 
352 325 34 51 0.029008493 
2 39 36 79 0.029000912 
512 12 20 24 0.028778827 
932 2 39 57 0.028229266 
6 305 31 63 0.026658246 
380 217 43 49 0.026471898 
23 247 23 30 0.026223458 
261 369 9 12 0.024901517 
200 76 13 18 0.024685139 
512 240 7 14 0.02454231 
61 254 18 32 0.023766927 
838 385 247 407 0.021765435 
882 14 10 21 0.021685105 
91 54 12 18 0.02137926 
170 52 24 32 0.02137553 
447 339 37 75 0.021277554 
72 288 59 95 0.021125374 
507 16 39 55 0.020671492 
331 247 9 21 0.020658545 
389 346 58 94 0.02064604 
801 -1 16 11 0.020593282 
665 738 45 42 0.020554338 
637 17 38 54 0.02032676 
