28_Sports_Fan_Sports_Fan_28_792
19
382 137 145 187 0.9995389 
834 192 37 69 0.09638848 
535 194 240 402 0.08869748 
830 206 21 45 0.08253165 
353 200 20 31 0.06709724 
276 139 323 461 0.056842197 
89 261 371 397 0.056783043 
851 176 69 114 0.046782333 
937 107 28 43 0.042966306 
1001 107 30 43 0.04151624 
922 181 31 53 0.039618477 
989 99 33 31 0.025586758 
971 218 30 53 0.025567112 
811 364 16 25 0.025474034 
812 191 15 31 0.024646057 
577 402 58 52 0.021615054 
831 209 7 16 0.021356843 
815 185 29 69 0.020405987 
971 403 8 10 0.020066481 
