28_Sports_Fan_Sports_Fan_28_590
242
552 167 25 36 0.9955434 
759 455 48 49 0.9927274 
596 609 35 39 0.97270274 
34 267 17 36 0.96898925 
51 37 26 38 0.9680995 
192 292 36 44 0.89467824 
574 309 22 25 0.74369884 
581 168 20 28 0.53624755 
802 455 23 34 0.53473026 
721 7 17 30 0.47524205 
254 248 24 30 0.3876828 
955 225 10 17 0.31167975 
385 0 23 22 0.30857885 
690 13 9 18 0.23150398 
912 277 10 15 0.21363683 
718 71 21 30 0.20016333 
310 403 21 39 0.16451487 
885 283 12 18 0.16188805 
528 282 12 17 0.15858994 
613 0 6 9 0.15345727 
927 227 13 14 0.12749948 
925 -1 18 24 0.12708844 
610 1 6 8 0.123345524 
545 314 20 28 0.12155203 
684 10 9 17 0.12040682 
660 183 18 27 0.11978155 
952 600 36 61 0.11066042 
804 379 26 26 0.10383888 
915 184 9 11 0.09906743 
773 344 22 27 0.09747594 
598 3 7 11 0.09618891 
908 217 7 11 0.09541301 
211 516 8 13 0.09363991 
931 253 12 12 0.093624786 
628 0 6 9 0.09244771 
351 453 37 47 0.09061251 
295 510 30 43 0.08684303 
649 8 12 18 0.08397954 
594 4 8 11 0.08044317 
714 0 9 14 0.07834388 
69 142 65 135 0.074350916 
755 3 7 10 0.0735507 
1003 481 19 32 0.0683356 
736 4 7 12 0.068138905 
415 340 10 13 0.06713831 
504 246 11 12 0.06598545 
766 40 60 101 0.06418236 
914 212 8 13 0.0635596 
241 538 10 16 0.062647395 
590 5 7 10 0.06262385 
621 293 24 25 0.061977033 
949 297 11 15 0.061566018 
452 405 92 96 0.061069872 
709 26 17 28 0.06025499 
263 303 377 390 0.06006471 
642 616 11 18 0.05995802 
906 240 10 14 0.059945285 
304 501 27 29 0.05870171 
700 596 11 10 0.058128305 
918 241 11 13 0.057973687 
656 1 9 15 0.05703791 
317 412 28 40 0.05647597 
279 548 9 16 0.056197785 
745 379 28 26 0.054533854 
398 399 16 12 0.054018814 
677 14 8 16 0.052389473 
733 49 8 13 0.05197215 
712 11 19 32 0.05192908 
413 445 36 28 0.051625147 
835 435 12 16 0.04926074 
263 533 19 31 0.046966396 
754 67 10 17 0.046337564 
445 -1 17 13 0.04620113 
105 393 10 11 0.046143062 
741 5 6 9 0.045815017 
965 232 37 60 0.04472132 
716 450 9 11 0.04264816 
249 523 37 60 0.042142224 
740 50 7 10 0.041753415 
683 19 9 16 0.041745707 
619 1 5 7 0.041745603 
318 542 11 13 0.041553233 
561 384 13 17 0.041402597 
742 61 9 14 0.040841166 
270 512 33 56 0.0408218 
1015 358 12 22 0.040517855 
482 266 15 15 0.03997977 
744 63 19 29 0.039578147 
995 295 20 29 0.038954373 
709 411 10 14 0.03881484 
711 634 22 29 0.038610447 
497 250 22 24 0.03860639 
1014 485 20 36 0.038302913 
557 302 30 38 0.038054783 
136 433 9 13 0.03789518 
894 74 35 48 0.037138674 
34 52 45 93 0.0368423 
656 644 22 24 0.036567323 
881 573 11 14 0.03585418 
144 304 31 43 0.03579146 
585 422 21 27 0.03563818 
732 22 11 20 0.03511934 
748 12 6 11 0.03508415 
332 419 26 30 0.035033096 
647 3 8 14 0.034936823 
887 245 11 16 0.03407387 
673 185 13 18 0.033411987 
503 257 24 26 0.033292323 
526 290 9 12 0.032760225 
726 52 19 31 0.03273224 
691 395 6 8 0.032555126 
814 391 13 14 0.031725317 
734 375 23 27 0.031537168 
912 242 12 14 0.031424217 
321 537 18 21 0.03116906 
279 543 7 11 0.031068949 
392 387 26 23 0.03102618 
252 540 10 15 0.030918824 
904 264 10 16 0.030849213 
964 259 20 29 0.030674996 
874 342 12 12 0.030563112 
644 602 20 26 0.030474348 
900 245 12 15 0.030394837 
632 5 7 10 0.030250318 
490 261 25 27 0.030224914 
619 4 5 9 0.030114887 
1 84 37 86 0.030079478 
651 108 27 49 0.029962815 
800 398 23 34 0.029829673 
852 436 18 23 0.029413879 
716 397 8 8 0.0294045 
932 263 10 13 0.029363805 
367 439 46 51 0.029336384 
437 345 15 16 0.029259173 
266 500 30 32 0.02922972 
645 14 9 15 0.028982267 
614 168 10 16 0.02883495 
74 580 13 11 0.02811205 
767 391 24 25 0.02805525 
721 5 11 16 0.027876582 
750 421 32 36 0.027750831 
22 24 34 65 0.027728664 
1007 297 18 31 0.027487384 
223 517 7 11 0.027424878 
495 253 12 13 0.027358884 
517 299 11 11 0.02729766 
527 199 21 27 0.027271105 
749 5 5 9 0.027253231 
900 245 32 44 0.027049424 
217 529 8 12 0.026694952 
718 39 19 26 0.026166687 
59 74 36 67 0.02613981 
350 538 10 12 0.026113437 
628 602 22 31 0.02608643 
697 182 9 14 0.026043432 
917 208 10 14 0.02598458 
823 393 8 12 0.025875244 
836 420 12 13 0.025814831 
879 2 17 26 0.025703441 
80 328 25 27 0.025662014 
285 502 28 29 0.025632344 
581 7 6 8 0.025594847 
698 397 5 7 0.02542898 
921 575 10 18 0.025219755 
112 383 20 21 0.025012802 
738 54 17 26 0.02496845 
691 188 7 14 0.024906633 
446 271 15 15 0.024747737 
911 185 18 20 0.024697552 
67 43 23 33 0.024633445 
655 87 28 44 0.024621561 
0 13 31 71 0.024597757 
803 237 39 80 0.024533294 
733 4 16 28 0.024508195 
703 397 5 6 0.024355138 
639 10 7 13 0.024323845 
893 234 16 25 0.024310762 
784 37 26 27 0.024105793 
385 427 42 46 0.024037898 
703 411 9 14 0.023889953 
82 2 10 15 0.023889206 
663 3 7 13 0.023650331 
59 594 107 89 0.02347459 
519 288 19 24 0.023329422 
286 547 9 16 0.023221593 
174 278 40 51 0.022922216 
432 480 44 34 0.022848187 
690 24 9 17 0.022813933 
712 396 6 8 0.022813328 
659 97 9 19 0.022778975 
127 394 8 11 0.022516888 
918 273 10 15 0.022493657 
937 264 10 15 0.022460368 
925 448 20 21 0.022437083 
723 405 11 14 0.02243203 
424 393 13 12 0.022431212 
273 537 9 15 0.022429423 
245 545 23 36 0.022400111 
261 465 40 41 0.022373922 
673 21 8 14 0.022366634 
222 536 6 10 0.022270797 
1022 506 20 36 0.022255134 
862 219 17 29 0.022228323 
649 639 19 23 0.022218505 
272 541 17 30 0.02204387 
208 524 10 17 0.021971948 
1029 499 29 51 0.021872774 
1024 352 21 38 0.02185031 
473 388 31 25 0.021753928 
208 564 24 33 0.021723934 
730 44 8 13 0.021710925 
976 632 8 11 0.021630432 
757 412 13 14 0.021423081 
196 545 10 14 0.021265345 
329 410 13 23 0.021186668 
1015 302 21 35 0.021138992 
187 15 17 28 0.021133723 
673 170 18 27 0.02110231 
812 413 20 32 0.021094706 
887 269 18 26 0.021002723 
444 6 22 19 0.020897783 
749 415 21 21 0.02089709 
48 -1 37 54 0.020740801 
657 12 17 31 0.020721387 
206 516 7 12 0.020633286 
1031 352 31 56 0.020612756 
1025 36 20 41 0.020570237 
533 215 11 17 0.020501228 
471 221 10 14 0.020494584 
556 636 38 48 0.020473732 
677 26 9 13 0.020441791 
114 383 12 11 0.02038371 
533 188 18 27 0.020340214 
604 435 16 30 0.020313622 
464 17 9 10 0.020309664 
714 407 10 13 0.020287266 
317 212 38 54 0.020283164 
693 547 24 31 0.020277807 
734 178 30 50 0.02017403 
867 445 17 25 0.020062609 
309 532 20 26 0.020044412 
616 314 20 24 0.02001322 
