28_Sports_Fan_Sports_Fan_28_267
600
633 342 21 30 0.9980469 
347 328 18 26 0.9944739 
353 225 19 24 0.9908442 
504 342 19 27 0.9881237 
624 280 22 27 0.9831244 
358 255 19 25 0.9795405 
595 400 18 25 0.9622212 
421 241 17 24 0.93819416 
438 386 20 23 0.88309866 
562 366 17 26 0.87993467 
405 202 17 23 0.8786799 
634 199 21 21 0.83266014 
668 253 18 26 0.79302853 
312 215 16 26 0.77959263 
326 272 17 22 0.7040379 
444 707 8 13 0.69320405 
698 711 8 14 0.60214615 
550 695 8 13 0.5779941 
408 315 16 28 0.5756112 
573 701 10 14 0.5587241 
444 221 15 30 0.5454696 
519 700 8 13 0.5382635 
535 702 8 12 0.4710953 
601 236 11 18 0.46207014 
341 196 14 17 0.4043978 
292 268 368 503 0.38598353 
581 701 9 14 0.38404003 
298 697 11 19 0.32265478 
431 699 7 13 0.30725202 
479 337 17 27 0.2924127 
286 263 15 20 0.2759806 
391 21 41 47 0.24351943 
815 409 11 16 0.22965063 
339 699 8 14 0.22725175 
505 687 8 12 0.21887256 
620 698 11 16 0.21441574 
586 669 9 11 0.21334513 
499 675 8 10 0.20808889 
317 705 10 15 0.2056275 
435 681 6 10 0.19904964 
605 311 17 24 0.1967099 
401 242 12 19 0.19306703 
694 675 8 11 0.18598667 
604 699 11 15 0.17646834 
588 674 8 12 0.17489897 
461 40 55 60 0.17101865 
661 692 11 14 0.17055142 
191 545 19 21 0.17039669 
682 241 14 18 0.16492231 
544 691 8 13 0.16215718 
454 692 7 11 0.16045274 
449 677 6 8 0.15956113 
571 680 8 11 0.14540145 
642 699 12 17 0.14429893 
711 668 8 11 0.14036623 
663 199 26 27 0.1341682 
229 707 11 16 0.12598504 
842 409 9 15 0.12433371 
661 699 12 15 0.12263417 
432 247 11 19 0.11357666 
449 670 6 8 0.11343287 
480 668 7 9 0.113360085 
453 715 6 8 0.11276974 
531 676 8 12 0.11144786 
778 606 5 9 0.10540338 
697 692 8 15 0.105391376 
497 689 7 11 0.1042491 
77 609 8 15 0.10357738 
485 669 7 8 0.10243612 
449 690 7 10 0.09845338 
323 700 8 13 0.09746218 
494 692 7 12 0.09675418 
468 674 6 10 0.094100386 
564 650 7 8 0.09376159 
709 677 6 8 0.09375857 
717 683 6 9 0.09287861 
594 720 11 12 0.09145834 
424 681 4 8 0.0910672 
504 706 7 12 0.0859193 
577 301 19 28 0.08410441 
522 668 6 9 0.08402167 
484 687 8 12 0.08350724 
562 662 7 10 0.08336384 
604 691 11 13 0.08274936 
650 674 12 15 0.08233101 
696 681 8 11 0.0823007 
419 694 6 10 0.08212769 
462 669 6 8 0.08186616 
418 309 23 32 0.08144995 
589 248 15 26 0.08086241 
727 670 7 10 0.07987294 
762 618 6 8 0.0789221 
466 670 7 10 0.078528315 
767 615 5 7 0.078319386 
543 719 9 12 0.07749147 
463 199 13 14 0.07697994 
669 650 10 12 0.07569286 
551 16 43 52 0.07559435 
888 709 6 7 0.07419481 
449 681 6 9 0.07387514 
718 677 6 8 0.07277302 
447 704 7 10 0.07269196 
563 645 7 9 0.07260438 
439 683 7 10 0.072206 
662 294 10 17 0.07184375 
494 701 7 13 0.07121003 
601 676 9 11 0.070068754 
591 690 8 12 0.069876514 
511 700 6 13 0.069444284 
682 693 8 11 0.06897072 
437 671 5 6 0.06887783 
352 694 9 14 0.06846782 
559 715 8 12 0.06835197 
480 706 7 10 0.06798763 
459 692 6 11 0.0678027 
704 677 6 10 0.06701679 
500 714 7 10 0.066918276 
314 710 8 13 0.0649917 
484 705 7 11 0.06453833 
502 316 30 51 0.064091794 
377 701 7 12 0.06384452 
725 670 5 9 0.0634074 
735 704 6 8 0.063085206 
423 671 5 6 0.062395964 
557 548 15 14 0.062264606 
765 618 6 8 0.062119517 
574 719 11 12 0.06163714 
317 695 9 13 0.060945295 
404 318 10 20 0.06078377 
417 690 6 10 0.060749125 
417 666 4 6 0.059618223 
710 682 5 8 0.05883361 
382 671 6 9 0.05872266 
202 605 6 9 0.058669023 
441 672 5 6 0.0585715 
610 319 18 29 0.05854337 
62 693 9 14 0.05840995 
475 702 5 11 0.057720147 
379 672 6 9 0.0575497 
538 325 19 26 0.057214163 
411 720 9 11 0.057188056 
537 694 9 13 0.05665319 
430 681 5 9 0.056648385 
601 278 8 13 0.056380514 
284 703 10 14 0.05625863 
722 683 5 8 0.05545864 
722 677 5 8 0.055243768 
636 636 9 11 0.055117454 
889 716 6 7 0.055106815 
515 651 7 9 0.05499064 
620 327 17 28 0.05436482 
636 674 10 13 0.0537107 
295 600 5 7 0.052728925 
357 310 16 26 0.05250579 
233 702 7 12 0.052484427 
94 700 10 14 0.052112017 
475 694 6 10 0.05205808 
416 248 10 18 0.052025218 
390 676 7 10 0.051966053 
391 702 7 11 0.05181716 
390 668 8 10 0.051475406 
480 687 6 12 0.05135703 
702 699 6 13 0.050832402 
544 681 7 10 0.050679293 
416 678 5 8 0.05061548 
395 701 7 12 0.05053503 
491 670 7 8 0.050266445 
38 -57 390 440 0.050050985 
518 323 21 30 0.049861833 
671 675 10 12 0.049783353 
417 670 4 6 0.04919873 
582 688 7 11 0.049150117 
565 695 7 12 0.049132884 
593 280 9 12 0.048545953 
461 682 5 9 0.048446935 
463 709 7 9 0.04832706 
95 694 9 13 0.048084833 
691 691 6 13 0.04783477 
471 676 5 10 0.047681775 
578 646 5 6 0.04766988 
452 681 7 8 0.047572725 
428 671 5 5 0.047448322 
476 211 10 12 0.047430567 
512 668 7 9 0.046677668 
473 670 5 8 0.046464324 
705 632 6 7 0.046364944 
590 278 7 11 0.046030387 
418 199 10 17 0.04599631 
562 659 6 8 0.045980204 
493 715 6 10 0.04552528 
436 687 6 9 0.045354288 
321 216 12 19 0.045240093 
503 670 6 9 0.045175064 
160 649 10 12 0.04444675 
791 605 6 8 0.044224218 
516 657 6 7 0.044134792 
618 674 10 12 0.044123914 
601 620 6 7 0.044112958 
723 656 6 8 0.043904256 
591 362 17 25 0.04389617 
552 646 5 7 0.043312497 
460 676 6 9 0.043068413 
765 377 9 12 0.042854656 
732 639 5 7 0.042777713 
462 666 5 6 0.042428534 
582 665 7 9 0.042207025 
558 662 7 10 0.041876297 
538 689 7 11 0.041500114 
297 267 12 17 0.041168667 
429 678 4 7 0.041075006 
612 631 7 6 0.041004874 
498 707 8 12 0.04081089 
386 665 4 5 0.04072094 
676 276 18 30 0.040662862 
614 677 8 10 0.04052379 
532 671 6 9 0.04047185 
483 720 9 11 0.040324915 
536 670 7 10 0.040291704 
587 714 8 11 0.040207386 
513 645 7 8 0.04007669 
669 689 9 11 0.04000218 
498 680 7 10 0.03995143 
574 306 11 19 0.039825827 
522 695 7 12 0.039581466 
756 709 7 10 0.039567634 
668 720 10 12 0.03924999 
453 701 6 10 0.039223753 
547 677 7 10 0.038903043 
369 613 7 10 0.038847197 
606 200 12 17 0.038800832 
484 716 8 10 0.03875701 
879 716 5 7 0.03866625 
421 701 7 12 0.038403504 
556 645 5 7 0.03793624 
563 246 7 8 0.037916113 
595 651 8 9 0.037878577 
624 643 9 11 0.037815526 
568 652 5 7 0.037797518 
853 549 14 15 0.037758157 
326 688 6 10 0.037486546 
568 664 7 11 0.03748616 
575 687 7 11 0.037422545 
621 619 6 7 0.037417214 
211 692 10 14 0.037400484 
592 681 8 11 0.037310347 
402 700 6 11 0.037187114 
486 677 7 8 0.037167538 
305 719 8 12 0.037162334 
493 677 6 9 0.03686949 
615 332 9 18 0.036722325 
653 620 5 6 0.036588777 
416 701 7 11 0.036567323 
575 663 7 10 0.036121733 
430 668 4 4 0.036098555 
604 231 16 30 0.035722185 
717 688 6 10 0.03566829 
679 631 5 7 0.035643287 
485 653 5 6 0.035603996 
725 647 4 6 0.035561394 
363 707 8 10 0.03546756 
744 703 5 9 0.03539386 
793 413 9 12 0.035390627 
551 651 6 8 0.035251625 
787 633 6 6 0.034996454 
747 626 4 6 0.03494626 
581 263 9 16 0.034815405 
451 709 7 10 0.034812 
410 666 4 6 0.034797832 
543 668 8 10 0.03460376 
481 652 5 7 0.034563422 
634 632 9 9 0.03450535 
885 709 5 6 0.034494895 
900 715 6 9 0.03432761 
591 669 8 10 0.03425737 
824 614 8 9 0.034079984 
461 360 8 16 0.033873923 
589 232 5 6 0.033761587 
435 666 5 6 0.0335827 
454 347 7 16 0.033342388 
341 613 5 7 0.03320742 
453 720 7 9 0.032937262 
607 206 17 28 0.032781333 
714 706 8 13 0.032740034 
452 296 7 11 0.03271006 
761 665 5 6 0.032706458 
794 644 8 9 0.032679074 
430 313 21 33 0.032619745 
478 693 6 12 0.032590345 
899 696 7 9 0.032586318 
683 264 11 15 0.032581113 
441 677 5 7 0.032574315 
377 266 9 18 0.03248512 
576 653 5 6 0.03227389 
474 714 5 9 0.03223419 
738 695 5 9 0.031990144 
449 667 5 6 0.031951733 
518 666 7 8 0.031796597 
316 669 10 11 0.031750638 
416 682 5 7 0.03136751 
29 693 8 11 0.031311147 
678 620 5 5 0.031282417 
741 693 6 9 0.031233609 
710 650 8 9 0.031233333 
610 697 14 19 0.031187411 
598 243 18 32 0.031170955 
635 720 10 11 0.03116208 
691 680 8 10 0.031161001 
462 -165 336 369 0.031084226 
422 667 5 5 0.031077854 
726 392 8 14 0.03107675 
614 721 11 13 0.03103058 
592 700 8 13 0.030976273 
744 717 5 7 0.030901033 
889 705 6 7 0.030881844 
664 331 12 22 0.030654794 
403 276 16 25 0.030631892 
473 321 17 30 0.030615443 
409 724 10 11 0.030311288 
330 678 8 13 0.03028646 
333 693 8 14 0.030273696 
672 631 5 7 0.030269796 
896 702 6 8 0.030256392 
375 696 7 10 0.030141737 
486 657 5 6 0.030111548 
376 458 11 13 0.030082481 
477 332 32 47 0.03007223 
678 700 10 13 0.03001558 
390 681 7 11 0.029977476 
531 715 7 10 0.029969236 
721 688 6 10 0.029804265 
583 684 6 9 0.029785907 
563 638 7 9 0.029777529 
493 666 6 7 0.029678654 
465 713 7 9 0.029622266 
580 272 10 16 0.029590003 
390 666 6 7 0.029515909 
518 675 7 9 0.029261498 
522 457 12 15 0.02918441 
363 372 9 17 0.02900263 
390 688 7 12 0.028992698 
296 606 5 9 0.028975805 
481 657 6 7 0.028966838 
668 701 10 13 0.028906291 
268 680 7 13 0.028815793 
498 656 7 8 0.028695984 
679 256 11 17 0.0286837 
650 694 8 12 0.028653014 
537 665 6 9 0.02864379 
902 701 5 8 0.028525103 
440 619 6 6 0.028356146 
897 715 6 8 0.028322851 
705 636 6 9 0.028294394 
506 631 6 7 0.028285904 
191 607 5 8 0.028255964 
701 688 7 13 0.028251342 
467 680 6 11 0.028239563 
288 594 5 9 0.028221969 
473 683 6 9 0.028202187 
372 694 6 9 0.028186483 
422 735 7 10 0.02818128 
666 654 9 10 0.028162878 
645 674 9 13 0.02806843 
712 688 5 10 0.027980326 
730 645 4 6 0.027945543 
224 713 8 11 0.027920743 
594 230 5 7 0.02787884 
574 621 5 6 0.027819412 
884 695 5 7 0.027795387 
859 31 3 6 0.027785536 
745 622 3 6 0.027721653 
398 657 4 6 0.027684968 
223 601 5 7 0.027592147 
730 685 5 7 0.027561838 
715 638 6 8 0.027543204 
439 243 9 18 0.027541857 
727 716 6 8 0.02751867 
395 720 8 11 0.027478104 
691 670 8 10 0.027468713 
690 644 7 10 0.027445396 
683 669 7 9 0.027380422 
213 704 10 13 0.027364185 
472 736 7 9 0.027323434 
717 632 6 7 0.02731703 
737 715 5 8 0.02729459 
525 651 7 8 0.027289422 
909 707 5 7 0.02727993 
466 688 6 12 0.027275061 
794 650 7 8 0.027261661 
675 651 7 10 0.027157135 
453 667 5 6 0.027149918 
434 264 17 30 0.027107632 
431 720 8 10 0.027080871 
748 702 5 9 0.026952231 
480 715 7 10 0.02690792 
30 314 12 14 0.026773933 
619 666 9 10 0.026761616 
930 72 60 95 0.026753835 
656 125 20 24 0.026744714 
418 322 27 44 0.02672813 
317 675 9 12 0.02667072 
546 735 8 10 0.026611108 
625 650 10 10 0.026574932 
411 670 4 7 0.026541745 
659 621 4 6 0.026518 
600 671 10 10 0.026513867 
877 703 5 7 0.026504602 
497 665 8 9 0.026486866 
369 720 10 12 0.026472202 
583 658 6 7 0.026452633 
70 577 7 12 0.026395515 
671 664 8 8 0.026350264 
602 202 9 13 0.02633094 
404 665 5 7 0.02631773 
910 696 5 7 0.026311124 
576 368 18 25 0.02617942 
360 219 13 19 0.026154976 
411 657 4 5 0.026124252 
891 25 3 6 0.026108762 
495 201 13 14 0.026065297 
633 668 11 13 0.025926642 
660 627 6 7 0.025923276 
687 638 5 9 0.025871739 
902 711 4 6 0.025717393 
654 616 4 5 0.025647424 
548 668 7 10 0.02561616 
223 604 6 9 0.025576642 
810 655 8 8 0.025439303 
503 652 6 8 0.025420437 
729 666 5 8 0.025350543 
513 714 7 11 0.025282215 
78 260 8 11 0.02523813 
286 613 5 9 0.025211135 
412 677 4 8 0.02516762 
607 651 10 9 0.025164079 
645 637 7 10 0.025087932 
557 682 8 11 0.02505523 
779 706 6 12 0.025050115 
119 601 6 9 0.024998393 
896 709 5 7 0.024977172 
507 577 11 12 0.024940602 
522 302 34 53 0.0249358 
244 672 6 7 0.024890091 
471 207 10 13 0.024709275 
721 694 6 11 0.024688065 
177 331 290 383 0.02459955 
437 634 4 5 0.024590528 
559 637 17 21 0.024538934 
709 626 29 40 0.024400804 
583 674 7 9 0.024392415 
235 697 6 8 0.024328418 
461 714 7 8 0.024167953 
622 640 7 9 0.024141002 
714 644 7 9 0.024123393 
510 683 6 9 0.024064826 
371 702 8 10 0.024047755 
745 625 4 7 0.024017556 
792 601 5 8 0.023970187 
43 286 11 12 0.02393104 
586 658 7 7 0.023915656 
446 238 10 20 0.023908382 
581 646 5 6 0.02390286 
709 638 7 9 0.023865668 
442 667 4 5 0.023857065 
410 683 4 7 0.023854408 
433 704 8 12 0.023810808 
435 715 7 10 0.023739167 
882 716 5 7 0.023737244 
516 714 8 11 0.023698462 
570 657 6 8 0.02369701 
557 640 4 7 0.023694078 
799 509 11 16 0.023677496 
883 704 5 7 0.023635216 
580 713 9 13 0.023616884 
525 676 7 11 0.023610823 
381 702 7 11 0.023600997 
409 653 5 6 0.02351404 
481 684 7 9 0.023508271 
832 481 9 13 0.02344752 
690 650 7 9 0.023441765 
523 720 9 9 0.023386434 
586 284 16 24 0.023374947 
517 14 67 81 0.023306431 
617 293 19 25 0.023232242 
79 310 10 16 0.023221018 
331 218 7 14 0.023182228 
531 665 17 22 0.023096703 
631 698 16 22 0.023065155 
416 659 4 5 0.023057807 
584 651 5 7 0.023026839 
445 51 29 40 0.022983344 
859 26 3 6 0.022982633 
466 666 6 8 0.022968438 
587 266 18 24 0.022955617 
453 340 15 28 0.022949759 
466 300 4 7 0.022868607 
682 676 8 10 0.022862395 
258 663 6 7 0.022840418 
737 678 5 7 0.022821574 
763 608 4 5 0.02277984 
696 588 56 78 0.022744164 
410 716 7 10 0.02264214 
254 710 8 16 0.022588607 
300 607 4 8 0.022585332 
402 295 19 31 0.022512998 
410 702 5 9 0.022413626 
935 415 8 16 0.022350278 
494 241 7 9 0.022296956 
548 199 16 23 0.02228458 
588 651 6 8 0.022273606 
650 656 7 8 0.022264605 
714 384 7 11 0.02225182 
691 632 5 6 0.022251103 
440 328 24 43 0.022242697 
536 681 7 10 0.022203019 
535 714 7 11 0.022193866 
779 655 7 8 0.022191893 
333 602 5 6 0.022118874 
723 639 4 6 0.022108346 
890 719 6 7 0.022071972 
498 651 8 9 0.02204032 
304 694 8 15 0.02200877 
110 700 12 15 0.021983618 
1017 588 7 12 0.021975545 
549 656 6 7 0.021950344 
644 198 34 38 0.021876587 
334 644 5 8 0.02185426 
563 303 19 31 0.02183187 
555 651 6 7 0.021821003 
407 613 8 9 0.021780014 
588 312 19 30 0.021769978 
667 645 7 10 0.021696962 
215 719 10 12 0.021675233 
284 608 4 6 0.021651305 
286 608 5 7 0.021647822 
703 671 6 8 0.021643158 
524 690 6 10 0.02164178 
564 667 7 10 0.021636337 
648 650 7 10 0.021587491 
576 670 6 8 0.021581486 
751 696 5 8 0.021491593 
593 715 9 12 0.021471068 
675 669 9 10 0.02144993 
602 230 7 12 0.021449098 
467 703 6 9 0.021380601 
528 743 8 10 0.021370722 
737 683 5 8 0.021363785 
908 717 6 8 0.021324497 
461 634 4 5 0.021263145 
580 297 11 18 0.021251498 
610 656 8 9 0.02117258 
504 666 6 7 0.021161493 
695 645 6 8 0.021115148 
897 39 3 5 0.021112662 
878 696 4 6 0.021100761 
686 633 5 6 0.021082543 
402 719 8 10 0.021015506 
463 325 17 35 0.020992162 
677 688 10 11 0.020985 
443 653 4 6 0.020963762 
785 652 7 8 0.020958843 
776 548 16 15 0.020948732 
342 694 7 13 0.02092822 
826 650 8 10 0.020901695 
753 702 6 7 0.020888556 
718 628 5 5 0.020867985 
77 700 9 15 0.02083742 
44 703 10 14 0.020821873 
436 639 4 5 0.02077047 
725 666 4 6 0.02076806 
446 718 9 11 0.02073939 
209 678 10 12 0.020678515 
599 716 9 12 0.02066746 
910 39 4 5 0.02063902 
331 689 7 12 0.020613141 
652 180 13 15 0.020608835 
333 548 16 14 0.02058545 
758 645 4 6 0.020568388 
742 633 5 8 0.02055052 
250 700 6 11 0.020515237 
411 394 12 15 0.020510083 
481 676 6 7 0.020507857 
631 651 8 10 0.020492718 
353 589 7 8 0.020448653 
757 639 4 6 0.020429814 
877 709 5 6 0.020415379 
716 656 8 8 0.020407375 
713 551 12 13 0.020394228 
225 694 7 10 0.020377016 
620 627 5 7 0.020372834 
853 31 3 6 0.020368638 
769 671 4 6 0.020344747 
734 517 13 18 0.020266617 
398 696 5 10 0.020227026 
491 328 9 14 0.020111686 
382 264 7 14 0.020091882 
672 254 30 44 0.02008368 
493 652 6 7 0.020042673 
486 633 6 6 0.020041773 
701 205 13 15 0.020027483 
397 682 5 8 0.020020213 
