24_Soldier_Firing_Soldier_Firing_24_368
27
369 122 147 195 0.92476976 
433 313 85 86 0.62923354 
329 293 338 321 0.3127942 
578 231 32 64 0.06876793 
615 218 240 487 0.062348355 
344 88 9 18 0.06083457 
663 542 8 17 0.05555961 
400 274 142 205 0.05545906 
373 49 94 112 0.05319865 
740 33 17 25 0.046719648 
13 164 377 362 0.046467707 
559 24 18 26 0.03226822 
393 -121 317 334 0.031249069 
751 149 13 20 0.028781846 
603 298 64 108 0.026695378 
953 370 18 25 0.021993717 
717 614 42 50 0.021790022 
531 336 8 17 0.021430546 
376 120 10 13 0.02125492 
200 531 42 54 0.021103445 
381 123 9 12 0.020855384 
602 227 23 32 0.020757547 
348 90 10 17 0.020736469 
577 11 17 16 0.020654451 
584 242 48 87 0.020566395 
285 491 116 115 0.020330591 
123 293 12 19 0.020099558 
