24_Soldier_Firing_Soldier_Firing_24_633
218
876 390 42 72 0.9973175 
1 270 26 50 0.9320251 
196 102 20 25 0.34174666 
783 134 26 27 0.3141763 
946 239 20 28 0.23136243 
467 443 30 55 0.19713534 
857 445 25 34 0.13728242 
110 22 7 11 0.13487767 
857 661 11 10 0.12899663 
957 5 20 39 0.11303675 
152 0 10 7 0.098023854 
755 606 23 25 0.091626406 
756 381 48 44 0.08052059 
128 11 7 10 0.07915073 
709 646 34 65 0.076765284 
102 18 5 7 0.07613152 
293 106 19 26 0.07106785 
850 691 13 11 0.07013082 
1001 25 22 39 0.06395762 
810 435 18 21 0.063564174 
973 386 16 23 0.06177746 
158 0 7 6 0.061741937 
308 111 12 17 0.058325645 
97 16 6 9 0.05458846 
140 28 7 11 0.052056596 
485 384 36 28 0.050955746 
505 404 35 58 0.050097883 
885 664 11 16 0.048482887 
778 755 12 13 0.047497183 
447 443 38 68 0.047473498 
690 280 13 18 0.04711072 
985 369 21 22 0.04567019 
328 24 7 9 0.044965133 
113 20 7 9 0.044667967 
364 4 7 9 0.043853223 
133 16 6 9 0.04261028 
863 403 33 57 0.042493314 
1026 417 18 32 0.040967837 
410 6 6 8 0.040508304 
59 37 5 7 0.04002187 
479 489 75 100 0.03972666 
571 -15 297 381 0.039693378 
371 3 6 9 0.039489653 
492 390 40 48 0.039066702 
425 459 47 72 0.0387494 
162 22 6 11 0.037987072 
755 603 13 15 0.03794097 
392 501 38 59 0.03623249 
483 442 21 39 0.03617086 
78 57 7 9 0.03565178 
331 18 8 10 0.03552223 
62 37 6 6 0.03505164 
849 1 9 6 0.03455128 
416 12 4 7 0.0342017 
673 479 34 57 0.034112673 
51 1 6 6 0.034054417 
410 1 5 5 0.03401943 
166 11 5 8 0.034015052 
832 390 20 30 0.03391114 
62 50 7 10 0.033510093 
100 13 6 8 0.03343161 
70 5 6 7 0.03331225 
633 65 6 6 0.033307455 
645 284 10 15 0.03325076 
59 12 6 8 0.033181436 
103 36 5 8 0.033146363 
91 56 6 7 0.03293718 
863 0 8 6 0.03235317 
765 404 42 47 0.03234987 
82 35 6 8 0.03226089 
77 36 6 8 0.032157574 
327 29 7 9 0.03108316 
807 791 13 14 0.030811714 
428 32 5 8 0.030466432 
335 88 118 181 0.030185957 
1015 415 17 26 0.029902514 
1032 101 13 26 0.029803075 
129 30 6 9 0.029583499 
1024 438 19 37 0.029583184 
854 408 22 38 0.029457953 
422 5 5 7 0.029416364 
82 10 6 9 0.02933155 
396 6 5 8 0.029220587 
651 65 8 8 0.02917722 
788 408 23 30 0.02909306 
775 682 10 10 0.028669795 
77 11 6 9 0.028576989 
389 393 7 9 0.028397301 
398 17 5 9 0.027838627 
147 11 7 10 0.027746944 
398 24 5 8 0.027499674 
960 0 10 8 0.027362037 
351 25 5 7 0.027162252 
365 1 6 6 0.027100477 
415 6 5 7 0.027089972 
661 497 28 41 0.026976038 
921 361 10 11 0.026861228 
799 788 26 23 0.02670131 
432 824 15 25 0.026650814 
58 6 5 7 0.026537446 
613 63 5 8 0.02641681 
851 686 24 19 0.026415315 
929 80 10 17 0.026311688 
430 51 4 7 0.026265532 
682 849 73 78 0.026163781 
71 37 5 7 0.026161851 
52 32 5 7 0.026106508 
148 0 8 6 0.026073337 
621 62 5 8 0.026045535 
149 16 6 9 0.025989097 
514 2 4 4 0.025947798 
844 0 10 6 0.025897218 
966 698 15 27 0.02582898 
626 254 10 13 0.025712702 
120 38 6 8 0.025654402 
46 0 6 5 0.025640339 
430 24 4 6 0.025586635 
621 57 6 7 0.025414502 
713 587 26 32 0.025347043 
82 1 5 5 0.025309756 
423 1 4 5 0.025280423 
580 61 6 8 0.025234671 
424 32 4 7 0.025023287 
159 4 7 10 0.024955321 
913 398 34 60 0.024912762 
425 51 3 6 0.024880707 
1020 194 20 32 0.024829792 
510 743 29 48 0.024696773 
995 699 17 28 0.024668977 
437 31 4 8 0.024661006 
429 1 5 5 0.024626913 
77 6 5 7 0.024613615 
352 31 5 9 0.024585228 
64 32 5 7 0.024507558 
103 24 5 7 0.024470517 
285 114 31 44 0.024364805 
417 39 4 7 0.024359604 
695 7 6 7 0.024194546 
993 374 21 26 0.024189312 
266 105 9 17 0.024070537 
868 0 9 6 0.024031028 
116 38 6 9 0.023904268 
162 10 5 9 0.023899162 
461 0 4 4 0.023887726 
134 30 5 8 0.023781316 
398 1 4 4 0.023669247 
730 581 20 29 0.023557408 
120 19 5 8 0.023554806 
52 4 5 8 0.023228593 
492 436 35 61 0.023040837 
364 10 7 10 0.02294217 
545 626 28 42 0.022906099 
33 0 5 5 0.022898726 
128 5 7 10 0.022887835 
32 403 17 30 0.022845164 
1027 393 18 29 0.022818271 
392 6 4 8 0.02277883 
878 138 6 13 0.022681726 
145 24 6 10 0.022534028 
1031 56 17 32 0.02250095 
57 1 5 6 0.022493752 
44 364 18 28 0.02248088 
405 1 4 4 0.022295704 
537 7 5 6 0.02218325 
979 391 16 26 0.02216386 
423 24 4 6 0.02213756 
580 448 9 16 0.022119282 
71 70 5 7 0.02204087 
82 81 31 49 0.02196539 
89 12 6 8 0.021891722 
179 28 8 12 0.021845402 
57 33 6 7 0.021815136 
363 17 7 11 0.021811951 
26 0 5 5 0.021803137 
802 395 22 33 0.021770488 
686 69 5 8 0.021700298 
482 410 35 63 0.021691414 
424 46 3 5 0.021569246 
63 6 6 6 0.021541907 
179 23 7 11 0.021475736 
71 11 6 10 0.021469064 
431 19 4 7 0.021447843 
175 22 5 10 0.021388479 
856 6 6 7 0.02125183 
815 382 31 43 0.021180714 
417 1 4 5 0.021165079 
590 119 7 9 0.021162165 
106 18 16 22 0.021060526 
397 11 5 10 0.021012932 
469 833 40 48 0.020954752 
824 641 11 14 0.02094072 
333 14 7 8 0.020922406 
166 1 5 5 0.020879805 
1016 374 18 24 0.020850098 
703 436 12 15 0.02074812 
90 53 6 7 0.020726914 
830 601 12 20 0.020623857 
1002 183 21 31 0.020619173 
430 6 4 6 0.02060751 
851 659 9 10 0.02055104 
686 57 5 7 0.020529011 
397 421 32 39 0.020527968 
1033 213 29 45 0.020471709 
97 24 5 7 0.020447196 
69 33 6 6 0.020439668 
954 67 7 11 0.02041351 
996 388 11 16 0.020353185 
436 36 5 8 0.020326354 
390 407 18 26 0.020295499 
70 2 6 5 0.020292029 
346 39 5 7 0.020271063 
64 2 6 5 0.020213805 
385 1 4 5 0.020210056 
404 11 5 8 0.020123024 
855 583 19 27 0.02011718 
962 83 6 9 0.020116096 
359 31 6 9 0.020050535 
1031 457 31 58 0.020046359 
