24_Soldier_Firing_Soldier_Firing_24_887
74
623 537 66 94 0.9971198 
759 774 49 64 0.0632323 
70 1408 5 6 0.03787112 
218 1489 8 11 0.03340768 
204 1400 4 4 0.03195884 
203 1267 3 6 0.03141706 
211 1408 4 5 0.030676398 
214 1400 4 4 0.030124847 
204 1409 5 5 0.03010031 
939 1238 4 7 0.02962332 
203 1382 5 4 0.02894347 
211 1382 4 5 0.028210409 
70 1401 4 5 0.027602715 
193 1408 5 5 0.027481992 
496 715 36 44 0.027164526 
184 1428 5 5 0.027157854 
63 1352 5 6 0.027074879 
454 1389 5 6 0.027022079 
940 1248 4 7 0.0270027 
175 1381 4 5 0.026865052 
213 1312 6 7 0.02613397 
204 1392 4 4 0.026103005 
175 1390 4 4 0.026057683 
232 1381 4 5 0.02496742 
128 1408 5 5 0.024799451 
24 1381 4 6 0.02475508 
288 1380 4 6 0.024604542 
31 1371 5 6 0.024285637 
231 1400 4 5 0.023438727 
165 1391 4 4 0.023406677 
232 1391 3 4 0.023312863 
194 1267 4 6 0.023289254 
175 1427 4 5 0.023273002 
930 1264 5 9 0.022974653 
70 1417 5 6 0.02293297 
61 1409 5 5 0.022912215 
212 1391 4 4 0.022907196 
184 1400 4 4 0.022894096 
192 1400 4 4 0.02287159 
24 1409 5 5 0.02286951 
222 1382 4 4 0.022858698 
220 1401 4 4 0.02282801 
222 1370 4 6 0.022808798 
157 1391 4 4 0.022288114 
108 1427 6 5 0.021900157 
280 1371 4 4 0.021833759 
240 1371 3 4 0.02179949 
52 1400 5 5 0.021778673 
233 1372 3 5 0.02170964 
262 1342 4 5 0.021483192 
250 1266 6 8 0.021447696 
260 1352 4 5 0.021405678 
450 1390 5 5 0.021380372 
136 1343 5 6 0.021336284 
241 1409 5 5 0.021178525 
240 1381 4 5 0.021155884 
495 1304 5 7 0.021152403 
902 1237 5 7 0.021095155 
51 1409 5 5 0.021026675 
211 1418 5 5 0.020901304 
52 1418 5 6 0.020866506 
195 1437 5 6 0.020840006 
212 1266 4 6 0.020787505 
955 786 13 23 0.020760274 
156 1401 4 4 0.020702867 
61 1400 5 5 0.020573564 
242 1286 5 6 0.020426905 
62 1360 5 6 0.020323692 
455 248 29 50 0.020286812 
167 1382 4 4 0.020282328 
278 1381 4 5 0.020244068 
195 1446 5 6 0.020200422 
154 1371 5 6 0.0201591 
25 1372 5 5 0.020060936 
