24_Soldier_Firing_Soldier_Firing_24_281
70
242 443 12 14 0.20111921 
180 454 12 17 0.16514814 
328 442 11 13 0.13336568 
165 440 9 13 0.08122444 
191 423 9 14 0.07909976 
224 453 8 14 0.06530714 
0 526 5 12 0.049192842 
92 445 10 16 0.047470182 
7 791 7 13 0.044055287 
172 449 7 12 0.04290058 
111 448 10 12 0.04285553 
195 428 8 11 0.04186175 
127 446 10 12 0.040705577 
406 393 46 57 0.039249677 
271 442 9 11 0.037360758 
150 448 8 14 0.03729248 
159 433 8 12 0.035985835 
152 436 7 10 0.034881633 
203 481 10 19 0.034153525 
152 443 8 11 0.03348905 
783 680 72 108 0.033449076 
497 486 39 52 0.03286494 
165 448 8 15 0.032022662 
177 449 10 14 0.029824458 
301 585 65 98 0.029554814 
327 438 9 10 0.029416852 
895 498 8 12 0.029148584 
1 793 4 12 0.029033855 
180 435 7 11 0.028757144 
293 448 7 10 0.02870523 
551 521 38 54 0.028660858 
423 815 5 9 0.027974727 
459 156 25 29 0.026890645 
672 709 57 79 0.026811544 
1009 776 5 7 0.02631948 
483 498 32 45 0.02542649 
-3 656 39 55 0.025425581 
123 441 7 11 0.025349472 
146 435 9 10 0.025073972 
288 450 7 9 0.02475547 
205 442 9 10 0.024731953 
147 444 8 11 0.02459844 
159 442 8 12 0.024086673 
0 563 6 17 0.02401035 
465 122 8 14 0.023658218 
489 653 4 9 0.023507943 
203 663 36 54 0.023495654 
481 674 4 7 0.023127593 
913 576 8 16 0.022878058 
246 461 9 14 0.02284611 
0 538 6 12 0.022773959 
107 429 9 11 0.022683471 
227 427 9 13 0.022656783 
417 750 5 10 0.022619467 
1018 587 9 15 0.022371886 
151 431 8 10 0.022277296 
280 443 7 9 0.022272365 
171 336 38 54 0.0222543 
902 504 9 14 0.022089131 
289 438 6 8 0.022044731 
325 424 10 11 0.021733105 
492 813 5 9 0.021614913 
939 556 10 20 0.021532215 
184 435 7 11 0.021494152 
986 814 5 11 0.021443674 
44 547 8 14 0.021043388 
1012 765 5 7 0.020610252 
102 460 8 14 0.020357925 
482 669 3 7 0.02021654 
378 401 4 5 0.020127993 
