24_Soldier_Firing_Soldier_Firing_24_405
1187
337 373 60 93 0.9959848 
535 529 55 85 0.48792633 
299 575 7 13 0.26290426 
263 518 8 15 0.20862827 
540 1023 51 71 0.17740075 
817 323 8 13 0.17420585 
222 481 5 10 0.13131712 
813 324 7 12 0.12738955 
164 460 9 17 0.126352 
721 297 6 10 0.11816177 
685 1517 9 12 0.10903162 
582 800 43 38 0.10836858 
722 333 6 11 0.10138575 
274 484 5 8 0.101347774 
879 319 5 8 0.09965424 
458 204 6 9 0.09922701 
833 318 6 11 0.098388344 
462 203 5 10 0.09521503 
964 445 6 8 0.09366078 
302 570 7 13 0.09218633 
861 272 5 8 0.09183058 
1 530 8 11 0.090270065 
462 145 5 9 0.088083275 
839 326 7 10 0.08507362 
418 186 4 6 0.084751315 
831 309 5 8 0.084285304 
369 272 6 7 0.08223743 
449 223 6 9 0.07918293 
889 408 5 7 0.078072585 
833 324 6 11 0.077574514 
743 257 6 10 0.077421896 
544 156 5 8 0.077283 
435 194 6 9 0.0771976 
724 251 5 8 0.076374 
851 319 5 8 0.07618246 
745 253 5 8 0.0761173 
272 148 5 6 0.075665876 
435 214 5 8 0.0750919 
222 489 7 12 0.07449792 
340 311 6 7 0.07417385 
533 138 5 8 0.072805874 
205 533 5 8 0.07228789 
407 194 5 6 0.071113095 
245 481 7 10 0.070747785 
428 193 6 8 0.07057557 
126 562 5 7 0.070460714 
0 544 8 15 0.06931911 
293 520 6 11 0.06915362 
551 116 5 6 0.06827622 
736 216 5 7 0.067566484 
804 339 5 9 0.06722046 
282 146 5 6 0.06670238 
726 260 5 8 0.0658109 
313 587 6 11 0.06516297 
751 299 6 10 0.06490001 
448 213 6 8 0.06308222 
197 512 5 8 0.0627963 
858 276 6 9 0.06273701 
262 128 5 6 0.0627261 
781 334 8 12 0.062468663 
173 535 8 12 0.062165253 
695 272 5 7 0.062086113 
263 484 6 8 0.06162037 
292 130 4 6 0.06161763 
550 110 5 6 0.06106524 
418 193 5 7 0.060815632 
745 326 5 9 0.06078163 
698 296 7 9 0.06057114 
454 209 6 9 0.060276814 
282 158 6 6 0.05991566 
704 298 6 9 0.059504442 
280 483 6 8 0.05923242 
341 129 4 5 0.0591808 
296 576 6 12 0.059089698 
800 579 7 6 0.05901911 
947 464 6 9 0.058817904 
816 229 7 15 0.05844197 
19 521 8 10 0.0584198 
724 243 5 8 0.058372017 
0 535 9 16 0.05833737 
890 414 5 7 0.057565257 
907 271 5 7 0.05751164 
350 127 5 6 0.057190526 
697 293 6 8 0.05704805 
15 520 7 10 0.057024557 
524 145 4 7 0.057017997 
927 444 5 8 0.056549665 
427 186 4 6 0.056339562 
561 155 5 8 0.05630264 
289 426 5 7 0.056221418 
310 577 4 9 0.056093298 
689 263 5 6 0.055880845 
863 264 4 6 0.055842772 
262 512 8 13 0.05573204 
891 477 12 17 0.055538733 
271 527 6 10 0.05542692 
292 509 7 11 0.05527075 
890 254 5 6 0.055153184 
140 559 6 8 0.054929703 
282 140 4 4 0.05479251 
689 235 5 6 0.05466003 
825 308 5 8 0.05419254 
738 325 5 8 0.054074243 
967 436 4 6 0.05394496 
542 147 4 7 0.053915083 
878 261 5 6 0.0537109 
409 186 5 6 0.053674318 
409 176 5 7 0.05363409 
482 180 6 13 0.05352793 
14 528 6 10 0.053377684 
735 319 7 10 0.052968875 
127 567 6 8 0.052858457 
545 165 6 7 0.052794095 
275 434 6 8 0.0527793 
687 241 5 7 0.052574623 
879 325 6 9 0.05235693 
293 348 5 7 0.052035533 
447 230 6 8 0.051900152 
858 319 5 8 0.05184287 
534 144 4 7 0.051507358 
662 378 5 7 0.05147453 
562 147 4 7 0.05140485 
236 483 5 8 0.05054242 
535 127 4 7 0.050480444 
826 538 10 11 0.050386254 
362 270 5 7 0.04976144 
437 175 5 8 0.049528155 
695 263 5 6 0.04945133 
839 319 5 9 0.049212918 
948 436 5 6 0.049125 
504 152 4 9 0.04890964 
418 177 4 6 0.04860449 
398 196 5 5 0.048587926 
4 511 5 9 0.048313614 
781 395 5 8 0.047936335 
505 147 3 8 0.047813643 
726 376 4 7 0.047796037 
593 1273 4 7 0.047659773 
321 319 5 7 0.047591686 
580 147 4 6 0.04753725 
388 166 5 6 0.04743991 
725 355 5 8 0.04741285 
572 148 4 7 0.047059868 
852 279 5 7 0.04683097 
1012 485 10 22 0.046771787 
879 255 5 6 0.04651576 
178 318 6 7 0.04640145 
252 482 5 8 0.04625504 
448 205 5 7 0.046235517 
82 578 5 7 0.04620433 
686 560 7 8 0.046061322 
726 270 6 10 0.045980677 
419 203 5 7 0.045880217 
649 557 5 9 0.045864522 
784 329 5 9 0.045741986 
880 416 4 5 0.04567218 
880 425 5 8 0.045615017 
456 137 5 6 0.04542208 
521 118 5 8 0.04533355 
542 126 4 8 0.044976212 
561 128 4 6 0.04492639 
773 297 7 10 0.044882476 
378 273 6 7 0.044851314 
341 234 5 6 0.044757623 
437 222 5 7 0.04470986 
170 531 7 10 0.04457644 
809 335 6 11 0.044408288 
964 451 5 8 0.044180732 
892 337 6 10 0.044137754 
515 137 4 8 0.04405568 
890 320 5 7 0.04393634 
486 204 4 8 0.043891773 
919 447 4 6 0.043856822 
234 471 5 8 0.043702237 
553 127 5 7 0.043623887 
281 508 6 11 0.043287314 
294 340 4 6 0.043282256 
746 223 5 7 0.043273408 
795 347 5 8 0.043199513 
645 385 5 8 0.042834435 
917 454 5 7 0.04254235 
872 327 6 8 0.0425183 
293 569 6 11 0.04239343 
687 274 6 6 0.042293463 
811 347 7 10 0.04214258 
302 138 5 5 0.04206878 
736 222 4 6 0.042021398 
909 445 6 8 0.041953668 
440 233 4 7 0.041748393 
754 292 5 7 0.04172392 
870 263 4 6 0.04170526 
168 552 6 7 0.04167435 
245 474 6 8 0.041650902 
745 321 5 9 0.041630596 
822 358 5 9 0.041568927 
203 511 5 9 0.04149596 
263 488 7 9 0.0413614 
841 274 4 6 0.04130345 
696 242 5 6 0.0412963 
522 126 4 8 0.041274354 
562 136 4 7 0.04111749 
204 537 6 10 0.041102443 
875 494 13 20 0.041010495 
809 309 5 9 0.040971793 
359 265 5 6 0.040797062 
802 345 6 9 0.040654585 
725 224 4 6 0.04059311 
974 464 5 9 0.04059014 
165 423 7 8 0.040456578 
751 747 41 42 0.040314138 
817 220 8 15 0.04023336 
284 129 5 6 0.040169504 
141 590 4 7 0.040050704 
227 474 4 7 0.039849147 
571 137 4 5 0.039831366 
147 588 6 8 0.039737046 
254 337 4 7 0.039732236 
881 409 4 5 0.039444003 
899 262 5 6 0.039422683 
301 330 5 6 0.03940023 
736 370 5 7 0.039392866 
1016 603 9 18 0.03937375 
435 202 5 7 0.039361328 
331 313 6 5 0.03934927 
677 274 5 6 0.039259832 
842 529 10 12 0.03909767 
871 408 4 7 0.038886793 
525 316 7 10 0.038858272 
458 195 5 8 0.03875248 
276 508 6 10 0.03870971 
282 578 6 11 0.038655296 
679 242 6 7 0.038626745 
351 264 4 6 0.038464833 
666 551 5 7 0.038351994 
308 569 5 11 0.038224474 
788 327 6 9 0.038192842 
678 280 6 7 0.038164392 
725 277 6 9 0.038092606 
203 502 6 8 0.03793829 
235 330 4 6 0.037902664 
957 444 5 8 0.037883576 
947 445 5 7 0.037878435 
312 320 5 6 0.03784936 
873 319 4 7 0.037849113 
791 336 6 10 0.037799157 
437 183 5 8 0.03777271 
274 490 7 8 0.037700854 
254 425 7 7 0.03769505 
755 216 5 6 0.037687477 
429 214 4 7 0.03762108 
620 399 6 6 0.03759333 
195 503 5 7 0.037356548 
101 558 6 8 0.037311293 
898 416 4 6 0.037183024 
300 583 6 10 0.03716917 
314 274 5 5 0.037007622 
705 292 5 7 0.036886692 
763 244 5 8 0.036821578 
716 4 4 5 0.036814585 
311 340 6 7 0.036590613 
746 245 5 6 0.036551915 
351 155 4 8 0.036529828 
241 510 5 10 0.036507737 
284 162 6 6 0.036383703 
205 520 5 7 0.036333 
916 426 4 7 0.036251564 
62 721 6 9 0.036229942 
798 558 11 12 0.03614212 
802 316 6 11 0.036104046 
246 567 7 12 0.03603434 
693 538 9 13 0.035894837 
552 157 5 7 0.035786297 
399 186 5 6 0.03569602 
910 424 5 8 0.035635613 
121 561 6 7 0.035613935 
269 522 6 9 0.03561297 
292 137 4 5 0.03555622 
341 186 5 6 0.035507716 
725 12 5 6 0.035456233 
722 293 6 8 0.035407633 
320 340 7 8 0.035404142 
616 527 7 11 0.035286307 
916 462 8 10 0.035272073 
81 571 6 7 0.035159912 
775 307 6 10 0.035129473 
323 263 6 6 0.03511316 
718 244 5 7 0.03508489 
524 137 5 8 0.035013016 
735 11 6 7 0.034995753 
196 519 6 7 0.034974094 
852 274 5 7 0.03495822 
646 800 25 40 0.03482785 
274 139 4 5 0.03478808 
839 280 4 6 0.03474506 
581 137 4 6 0.03470152 
708 3 4 5 0.0346962 
651 564 8 15 0.0346957 
995 1435 6 6 0.03464039 
225 512 6 9 0.034591828 
399 176 6 6 0.034503568 
781 388 5 6 0.034454864 
291 501 6 9 0.034407794 
428 175 4 7 0.03439798 
752 306 7 9 0.03439394 
861 291 4 6 0.034352805 
225 463 4 8 0.034332942 
282 195 5 5 0.034329344 
235 224 4 6 0.034329183 
254 541 5 9 0.03424635 
13 514 6 7 0.03424186 
159 301 5 6 0.03419014 
4 521 5 7 0.03411 
804 309 7 10 0.03402346 
544 118 4 6 0.034019176 
329 263 6 6 0.034005113 
197 540 6 9 0.0339907 
178 310 4 6 0.033936813 
755 254 4 7 0.03393549 
322 313 5 5 0.033840023 
533 156 4 8 0.0338228 
312 301 5 6 0.033806127 
901 398 4 7 0.033789247 
218 461 5 8 0.033755273 
464 136 4 7 0.033721782 
283 474 5 7 0.033693973 
553 137 5 7 0.03367932 
910 452 6 8 0.033616606 
901 406 4 7 0.03360426 
890 327 6 8 0.0335643 
291 395 7 8 0.03353772 
79 540 6 7 0.033530023 
271 329 5 7 0.033515096 
994 1431 5 6 0.033480376 
235 120 5 6 0.033447146 
647 551 5 8 0.033373628 
313 156 5 6 0.03335404 
852 312 4 6 0.03334378 
456 156 5 7 0.033342708 
69 349 5 6 0.03331834 
561 107 5 6 0.03329523 
282 187 5 5 0.033207938 
686 378 4 6 0.03310936 
389 157 3 5 0.033107817 
251 549 5 9 0.033076067 
311 594 6 12 0.033057205 
505 162 6 12 0.03298579 
727 4 5 4 0.032971505 
666 558 7 10 0.0328685 
428 202 5 7 0.032860074 
792 300 5 8 0.03285383 
686 279 6 7 0.032837693 
319 271 7 6 0.032815006 
266 148 5 6 0.03277896 
183 319 6 7 0.03273993 
776 231 4 8 0.032727495 
977 455 4 7 0.032689173 
409 156 5 7 0.032677125 
292 482 5 7 0.032665834 
263 406 7 8 0.032614708 
273 156 5 6 0.032611385 
907 461 8 9 0.03259541 
868 436 5 7 0.032543615 
765 326 5 9 0.032518875 
516 145 4 8 0.03251771 
765 319 5 9 0.032515526 
388 254 6 6 0.032503434 
795 397 4 6 0.03249305 
814 356 6 10 0.032484896 
928 437 4 6 0.032426044 
185 310 5 6 0.032422394 
532 314 8 11 0.032419935 
898 426 5 7 0.03241763 
265 392 8 11 0.03240426 
139 539 8 9 0.032401633 
389 137 4 6 0.032341365 
264 320 6 7 0.032240767 
282 503 6 9 0.03222684 
261 426 6 7 0.032226566 
108 561 5 6 0.03221323 
357 127 4 6 0.032183956 
899 464 7 8 0.032179844 
927 452 6 8 0.032173846 
208 53 4 6 0.03212271 
897 319 5 7 0.03211569 
340 264 5 6 0.03204274 
447 165 5 7 0.032022696 
920 435 4 6 0.03199988 
707 426 5 7 0.031975128 
542 137 4 7 0.03194697 
868 444 6 8 0.031931598 
168 558 6 9 0.031910595 
246 234 5 6 0.031891294 
156 568 8 11 0.03187422 
271 167 5 6 0.031862594 
880 359 4 7 0.03185668 
791 244 7 12 0.031794246 
724 308 6 10 0.03177942 
572 154 5 7 0.031775363 
735 5 4 4 0.031773016 
785 318 5 9 0.031769156 
872 483 12 20 0.03175121 
678 264 4 5 0.031716753 
595 773 43 45 0.031703304 
947 454 5 7 0.03168058 
217 454 6 9 0.031668585 
293 319 4 6 0.03165138 
525 156 4 7 0.031560026 
938 464 5 8 0.03154099 
630 158 5 7 0.031526115 
220 489 5 10 0.03151085 
319 347 6 7 0.03146836 
863 222 5 7 0.031427074 
694 279 6 7 0.0314252 
118 508 8 11 0.031407192 
611 757 38 40 0.03137253 
709 433 5 7 0.031367198 
572 107 5 6 0.03136221 
453 228 6 10 0.031328615 
310 347 8 8 0.03131597 
233 166 5 5 0.03128049 
258 518 8 14 0.031220367 
753 376 6 7 0.03116266 
0 841 10 14 0.031160485 
850 291 4 7 0.031126063 
879 289 6 8 0.031080771 
642 554 6 12 0.0310727 
532 175 5 7 0.0310431 
466 127 5 7 0.031004256 
144 552 6 8 0.030975489 
492 1493 6 8 0.030913496 
166 418 5 7 0.030780869 
873 254 3 6 0.030750822 
203 492 5 7 0.030724032 
747 307 6 9 0.0307053 
890 1321 5 7 0.030613337 
641 550 6 10 0.030575931 
332 349 6 8 0.030574128 
955 397 6 7 0.030564131 
262 540 8 12 0.030486688 
910 298 5 9 0.030310147 
351 121 4 6 0.030282957 
254 226 5 5 0.03026527 
274 427 6 6 0.030189617 
859 464 5 7 0.030180179 
341 241 6 7 0.030169398 
273 416 6 7 0.030166334 
517 128 3 7 0.03016439 
264 601 9 12 0.030163405 
370 279 7 7 0.030160576 
243 488 7 9 0.030152835 
312 138 4 5 0.030072061 
3 234 5 7 0.030044287 
753 320 5 8 0.030037837 
687 225 5 6 0.030019285 
388 186 6 6 0.029964488 
185 532 6 8 0.029952334 
879 313 4 6 0.029909255 
545 110 5 6 0.029892335 
621 312 5 5 0.029880872 
302 129 4 5 0.029869279 
340 136 4 6 0.029859746 
204 483 5 8 0.029851984 
253 445 6 7 0.029802047 
725 319 6 7 0.029790856 
746 292 5 7 0.029779566 
697 348 5 7 0.029749688 
862 437 5 7 0.029749274 
445 195 5 7 0.02974147 
275 502 6 9 0.029688552 
726 350 5 8 0.029673392 
554 147 4 6 0.029648691 
350 310 6 6 0.029638663 
842 436 5 7 0.029612692 
694 236 4 5 0.029576328 
705 262 5 7 0.029556673 
158 560 6 8 0.029534178 
111 587 5 8 0.029508151 
417 138 4 6 0.029452177 
631 261 4 6 0.029380238 
755 260 4 7 0.029364401 
214 538 5 9 0.029357327 
245 242 5 7 0.029316587 
1003 1369 6 6 0.029301027 
237 511 6 10 0.029260866 
189 504 5 6 0.029237688 
581 155 5 7 0.029233428 
409 203 5 6 0.029206637 
121 1456 5 7 0.029179404 
507 136 4 8 0.02917611 
697 255 4 5 0.029174704 
782 270 6 8 0.029147983 
380 157 4 5 0.029135896 
61 783 4 7 0.029125862 
145 557 6 8 0.029107578 
688 369 5 7 0.029098935 
834 279 6 8 0.029080765 
535 1056 46 81 0.029073287 
333 129 4 6 0.029071584 
284 313 5 5 0.029053675 
357 155 5 8 0.02905157 
657 558 6 10 0.029040577 
110 570 5 6 0.02902839 
293 314 4 5 0.028969273 
896 327 6 9 0.028882725 
756 244 5 8 0.02885317 
580 556 31 57 0.02884736 
985 396 5 8 0.02882977 
590 128 3 6 0.028821921 
630 302 6 6 0.028816769 
448 159 5 6 0.028796326 
526 242 5 8 0.02878652 
271 175 6 5 0.028772684 
292 473 5 8 0.02876578 
418 224 4 7 0.028742597 
262 433 6 7 0.028736828 
620 403 6 6 0.02873316 
801 397 5 7 0.028721653 
781 343 7 10 0.028716885 
177 301 4 5 0.028716106 
292 149 5 5 0.02867004 
862 300 4 7 0.028667882 
946 469 6 9 0.028666733 
744 217 4 6 0.02863358 
871 416 4 6 0.028630156 
381 149 4 6 0.02856926 
484 247 5 10 0.028566673 
284 521 5 9 0.028537422 
398 214 5 6 0.028481305 
242 99 5 7 0.028480198 
579 1265 4 7 0.028410356 
995 321 5 7 0.02838833 
395 204 5 5 0.02837355 
804 327 7 10 0.028361315 
868 222 4 8 0.028359337 
15 657 5 7 0.028306214 
530 243 6 7 0.028301392 
839 534 12 13 0.028276868 
339 316 6 7 0.028256042 
137 568 6 8 0.02816131 
754 369 4 6 0.028136566 
301 320 5 5 0.028119298 
848 326 6 8 0.028059842 
197 532 6 7 0.028052144 
792 319 6 9 0.028034063 
175 560 7 8 0.027989555 
777 336 7 10 0.02798122 
280 435 6 7 0.027971143 
390 204 5 6 0.027952746 
524 201 5 8 0.027937394 
436 157 5 7 0.027907405 
254 417 6 7 0.027900584 
562 1424 4 7 0.027869055 
289 157 5 6 0.027856313 
889 1351 5 6 0.027846668 
213 52 5 6 0.027833518 
718 291 5 8 0.027817767 
553 490 51 94 0.02780905 
648 254 5 6 0.027784992 
330 319 6 6 0.02775986 
419 167 5 7 0.027724518 
679 566 6 8 0.027716856 
100 551 6 8 0.027687987 
562 101 5 6 0.027607048 
242 517 5 11 0.027600762 
247 549 6 9 0.027557183 
772 243 5 8 0.027532281 
398 167 5 6 0.027509036 
313 148 4 5 0.027505705 
771 318 6 9 0.02746701 
323 254 6 6 0.02745817 
765 369 4 6 0.027411941 
388 261 5 5 0.027397675 
946 426 3 5 0.027374731 
717 281 4 7 0.027335575 
245 417 5 6 0.027328884 
514 155 4 7 0.027312944 
811 252 5 8 0.027304497 
851 300 4 7 0.02728999 
947 390 5 6 0.02727423 
659 264 5 6 0.027191373 
428 168 5 7 0.027189927 
274 456 5 7 0.027174387 
685 565 8 10 0.027154198 
958 453 5 8 0.027136797 
252 332 5 6 0.02712936 
533 211 6 8 0.027115805 
1002 386 6 9 0.027111001 
814 364 6 9 0.027101303 
909 310 5 7 0.02704558 
263 187 5 5 0.026999405 
21 526 7 10 0.02699532 
120 567 6 7 0.026961252 
83 455 5 8 0.026959494 
177 503 5 6 0.026958235 
1012 478 8 16 0.026957242 
881 271 4 6 0.026930852 
824 303 5 8 0.026917074 
436 166 5 6 0.026903827 
747 375 5 7 0.026889509 
748 231 5 7 0.026865238 
774 292 5 8 0.026859645 
964 1419 5 5 0.02685684 
464 1445 5 6 0.026832636 
407 224 5 6 0.026809424 
235 235 4 5 0.026807757 
848 437 5 7 0.026802918 
358 309 6 7 0.0267964 
697 3 6 5 0.026789002 
666 263 5 6 0.026768398 
542 1424 5 7 0.026753448 
138 531 6 8 0.026739607 
243 433 6 8 0.026736101 
321 130 5 6 0.026697606 
756 298 84 122 0.026680836 
696 216 4 5 0.026626892 
110 580 5 8 0.02661714 
677 359 5 5 0.02661375 
695 358 6 6 0.026607875 
289 271 5 6 0.026607504 
264 157 5 5 0.02659597 
517 118 3 7 0.026534325 
293 599 5 8 0.026513007 
301 598 5 9 0.02646556 
483 192 5 8 0.026465459 
916 416 4 6 0.026405014 
532 1444 5 7 0.026391497 
253 177 5 6 0.02638707 
996 426 5 9 0.026371686 
52 742 6 8 0.026356393 
332 137 4 6 0.026353873 
159 552 5 7 0.02634962 
514 338 6 9 0.02633725 
889 399 5 7 0.026289187 
237 517 7 10 0.026276764 
464 208 6 10 0.026263587 
310 330 5 6 0.026259173 
821 333 6 13 0.026206871 
359 166 6 7 0.026205622 
631 371 4 5 0.02618147 
975 1437 4 5 0.026159868 
705 254 4 5 0.02615479 
726 233 4 6 0.026151063 
323 328 6 7 0.026146777 
284 318 6 6 0.02607244 
726 370 4 7 0.026067063 
123 280 6 8 0.026046418 
236 125 4 6 0.02604604 
878 1341 5 6 0.026030734 
284 388 6 7 0.026027085 
341 304 6 6 0.025989952 
868 217 4 5 0.02598711 
938 471 7 8 0.025969628 
889 360 5 7 0.025961202 
796 578 5 6 0.02594417 
215 548 8 12 0.02594211 
830 302 4 7 0.025878254 
198 493 4 6 0.025865978 
273 128 4 6 0.025852475 
823 253 5 7 0.025841532 
301 339 6 7 0.02583402 
292 265 5 5 0.025831714 
739 260 5 8 0.025831228 
264 340 4 7 0.025798924 
415 155 6 7 0.025795406 
837 607 7 9 0.025773134 
230 507 86 125 0.02577123 
244 226 5 5 0.025762856 
862 234 5 8 0.025742352 
640 414 6 7 0.025716634 
697 378 5 6 0.025709592 
312 312 5 5 0.025708541 
263 119 4 6 0.025707763 
660 552 5 6 0.025696415 
835 408 3 6 0.025685176 
745 368 4 7 0.025637012 
697 408 4 5 0.025632104 
908 435 4 6 0.02562984 
860 327 5 8 0.025593255 
704 377 4 6 0.025585532 
447 391 10 20 0.025530385 
902 272 5 6 0.0255149 
580 1271 4 7 0.025510894 
899 311 5 6 0.025486244 
397 235 5 5 0.025483908 
235 426 5 7 0.025470473 
136 263 5 6 0.025457846 
678 369 5 6 0.025447723 
236 467 4 7 0.025436739 
457 184 6 9 0.02543655 
215 156 5 5 0.025419237 
762 251 4 7 0.025407061 
390 196 5 5 0.025341379 
419 214 5 6 0.025335327 
284 426 5 7 0.025332894 
696 320 7 8 0.02531241 
658 271 5 6 0.025304284 
33 773 5 6 0.025290867 
917 204 5 7 0.025283566 
597 525 8 15 0.025279574 
245 331 5 7 0.025267476 
639 185 6 8 0.025261365 
407 166 5 7 0.025250774 
781 308 6 10 0.02523263 
549 164 5 8 0.025218623 
186 348 5 6 0.02520609 
687 409 4 5 0.025195329 
872 425 4 7 0.025185945 
428 223 4 7 0.02516752 
342 121 4 5 0.025158172 
794 290 6 8 0.025127396 
53 773 4 6 0.025124488 
832 348 5 8 0.025104336 
829 357 5 9 0.02504593 
342 177 5 6 0.025044648 
736 292 5 7 0.025026403 
889 426 5 7 0.025016075 
734 312 5 7 0.024998251 
910 417 4 6 0.024986366 
581 99 5 7 0.024983471 
301 476 5 7 0.024977429 
764 385 7 9 0.024958301 
284 530 5 8 0.024945797 
178 578 5 8 0.024910973 
987 1430 5 5 0.02486239 
639 410 4 5 0.024858324 
938 427 4 5 0.024855645 
303 155 5 6 0.024840834 
880 224 5 7 0.024838598 
167 503 5 7 0.024832234 
866 271 5 7 0.02480636 
716 233 4 6 0.024804883 
386 273 7 7 0.02476944 
463 153 5 8 0.024754955 
594 1263 3 7 0.024735369 
660 384 6 7 0.024729548 
997 432 5 9 0.024708178 
719 251 4 7 0.0247062 
648 262 5 6 0.024699641 
717 12 5 6 0.0246885 
409 148 4 6 0.02468732 
745 360 4 6 0.02465201 
436 127 5 7 0.024631672 
774 328 5 8 0.024629481 
899 433 5 8 0.024624016 
518 1032 45 73 0.024615811 
511 1379 4 8 0.02461042 
801 240 6 10 0.024592701 
959 1419 4 4 0.0245833 
889 1330 5 6 0.024573255 
764 310 5 8 0.024559202 
707 60 5 6 0.024528004 
985 443 4 7 0.024517486 
680 409 4 5 0.024516633 
773 358 6 7 0.024501562 
126 579 6 8 0.024493447 
217 474 5 8 0.024484426 
600 156 6 7 0.024482995 
765 336 5 8 0.024479099 
801 250 6 9 0.024468742 
993 298 5 7 0.024451198 
1016 566 9 15 0.024426473 
321 137 5 6 0.024331233 
783 263 4 7 0.024285957 
511 163 5 10 0.024266634 
637 302 5 6 0.024251703 
744 145 7 8 0.02424342 
678 225 6 6 0.024241515 
339 226 5 5 0.024238171 
329 329 6 7 0.024227321 
73 1371 5 5 0.0242233 
235 146 6 6 0.024207639 
361 187 5 5 0.024200672 
244 138 5 5 0.024200032 
1015 329 5 7 0.024180157 
285 265 4 5 0.024172021 
751 327 6 9 0.024160746 
587 526 12 24 0.024149153 
708 233 4 6 0.024148716 
890 385 4 7 0.02414521 
667 371 4 6 0.02413812 
871 291 5 6 0.024135396 
255 358 6 7 0.024115553 
987 416 5 8 0.024114214 
302 348 6 8 0.024114063 
458 129 4 6 0.024109485 
909 349 6 7 0.02409064 
253 233 7 7 0.02408347 
871 311 4 7 0.024065465 
975 436 4 6 0.02404832 
447 146 5 7 0.024038523 
867 377 6 8 0.024037104 
820 348 5 8 0.024029609 
178 513 6 6 0.02401397 
916 469 12 15 0.02399453 
956 1439 4 4 0.023986906 
964 1358 6 8 0.023967195 
257 528 6 11 0.023965167 
891 367 5 7 0.023959262 
896 1321 5 7 0.02395604 
561 1419 4 7 0.02394919 
988 423 4 8 0.02394006 
160 308 5 7 0.023939399 
449 138 4 7 0.023930091 
157 272 5 6 0.023906492 
349 269 6 7 0.023904156 
916 387 4 6 0.02389255 
619 101 5 6 0.023888644 
410 138 3 6 0.023888323 
562 311 7 7 0.023883458 
177 522 5 6 0.023873696 
262 416 7 7 0.023852697 
522 1456 5 7 0.023838123 
737 339 5 8 0.023833346 
752 223 5 7 0.023820143 
301 196 6 5 0.023792017 
869 301 4 6 0.023779094 
667 242 5 6 0.023735316 
147 300 5 6 0.02371203 
280 491 6 8 0.023701677 
255 118 4 6 0.023669316 
138 283 6 6 0.023624368 
735 232 5 7 0.023623368 
135 521 6 8 0.023618989 
265 177 4 5 0.02361064 
533 107 5 7 0.023575854 
186 523 5 5 0.02357523 
698 327 7 7 0.02356115 
612 526 7 12 0.023557069 
223 498 6 10 0.023539135 
284 569 5 8 0.023516517 
987 1351 4 5 0.023492316 
130 1429 5 6 0.023467643 
294 330 4 6 0.023455026 
1015 443 5 9 0.023449294 
311 293 5 5 0.023445155 
745 337 6 9 0.023443682 
204 3 6 4 0.02340903 
626 399 5 7 0.023394769 
72 541 6 7 0.023376178 
101 541 5 6 0.023347067 
898 387 4 6 0.02334467 
506 567 60 90 0.023329673 
944 417 4 7 0.023326837 
242 502 6 8 0.023290757 
282 120 4 5 0.023266489 
196 546 7 11 0.023264484 
676 290 7 7 0.023260616 
126 282 7 7 0.023260428 
256 319 5 7 0.023251994 
381 166 5 6 0.023215346 
177 567 7 8 0.023212316 
879 368 5 6 0.023211293 
752 233 4 6 0.023180204 
600 263 5 6 0.02317264 
101 532 5 6 0.023161154 
1014 435 5 8 0.023154143 
300 264 5 5 0.023134502 
410 244 4 6 0.023133602 
638 262 4 6 0.023131354 
956 438 4 5 0.023131002 
51 539 6 7 0.023120293 
995 386 6 9 0.023057513 
130 522 6 8 0.023055352 
764 527 10 13 0.023050606 
800 568 8 7 0.023049949 
968 406 6 8 0.023045395 
994 415 5 8 0.023040162 
977 443 5 7 0.023037108 
236 489 4 8 0.023027599 
871 281 5 7 0.023024013 
397 244 5 6 0.023007995 
272 100 5 7 0.02299363 
273 188 5 5 0.022972072 
737 408 5 6 0.022966372 
454 164 6 8 0.022959366 
666 563 7 12 0.022950836 
696 340 6 7 0.02294622 
188 511 5 7 0.022920737 
516 1456 5 7 0.022919485 
677 234 5 6 0.022911403 
351 149 4 5 0.022908142 
891 312 4 6 0.022903308 
189 1289 61 73 0.022882953 
273 475 5 6 0.022880957 
264 166 5 5 0.022857493 
330 166 5 6 0.022799797 
889 244 4 5 0.022799332 
19 210 7 10 0.022777626 
129 510 7 9 0.022772161 
594 1278 3 7 0.022764634 
321 157 5 5 0.022747608 
101 1399 3 5 0.02274017 
-193 796 532 713 0.022732645 
734 376 4 7 0.022725305 
688 340 6 6 0.022720074 
994 1369 6 5 0.022715116 
884 487 17 24 0.022699788 
216 302 4 6 0.022686575 
235 158 5 5 0.022676855 
235 33 4 5 0.022649804 
41 705 5 6 0.022646155 
61 1380 5 5 0.02262929 
967 426 5 7 0.022625808 
167 300 5 6 0.022625033 
284 273 5 5 0.022610003 
130 530 6 8 0.022598803 
282 558 5 10 0.02259799 
147 580 5 8 0.022583038 
891 260 4 6 0.022582673 
696 558 8 8 0.022574434 
707 11 5 6 0.022570943 
996 445 5 8 0.022566475 
176 550 5 8 0.02256383 
263 502 6 8 0.022563174 
861 312 4 6 0.022560412 
350 254 4 5 0.022557408 
254 110 4 5 0.02255706 
274 559 5 11 0.022552669 
889 1341 4 6 0.022547038 
53 782 5 8 0.02254694 
137 1428 4 6 0.0225426 
765 357 5 7 0.022538936 
283 341 4 5 0.022507438 
861 253 4 6 0.022465821 
744 197 6 6 0.022464769 
439 243 4 6 0.022460725 
193 865 9 16 0.022442307 
772 378 5 6 0.022427944 
254 490 6 8 0.022426873 
234 433 6 8 0.022413962 
969 465 5 8 0.022407832 
679 167 5 5 0.022407072 
235 339 5 7 0.022399599 
174 338 7 7 0.022397442 
717 320 6 6 0.022381624 
940 416 4 7 0.0223807 
719 329 7 9 0.022370366 
533 1437 5 7 0.02236902 
198 1509 6 9 0.022368072 
985 437 4 7 0.022355681 
658 429 5 6 0.022321992 
168 521 5 8 0.022317294 
205 59 4 6 0.022313995 
782 357 6 8 0.022304706 
418 234 4 5 0.022296945 
13 241 7 9 0.022294374 
361 175 5 6 0.022278814 
370 265 4 5 0.022267345 
935 1400 5 5 0.02226186 
726 388 4 6 0.022257594 
544 62 5 6 0.022247443 
966 1368 5 7 0.022230841 
561 164 5 6 0.022217663 
216 166 5 5 0.022205837 
3 557 8 13 0.022195771 
754 870 38 43 0.022190895 
390 130 3 5 0.022184791 
997 1379 7 7 0.022178901 
216 118 4 6 0.022168802 
839 241 5 8 0.022107244 
1 769 6 10 0.022097671 
881 1351 5 6 0.022093808 
242 367 5 7 0.022027127 
911 385 5 7 0.022010155 
319 376 7 9 0.022004072 
746 203 5 6 0.021988738 
214 531 5 8 0.021972708 
1015 816 5 9 0.021962691 
224 519 5 9 0.021960057 
599 398 6 6 0.02194332 
826 531 8 9 0.02193329 
534 205 4 8 0.021894757 
783 301 5 7 0.021880044 
570 130 4 5 0.021838456 
69 522 7 9 0.021836959 
302 314 4 5 0.021825433 
118 503 7 9 0.021814305 
868 358 6 8 0.02179899 
581 528 11 22 0.021784702 
693 993 189 330 0.021782128 
198 234 4 6 0.021780668 
761 552 12 15 0.021768384 
1005 1397 5 6 0.021759009 
974 1428 5 5 0.021757452 
42 517 7 9 0.021748312 
465 184 4 8 0.021735596 
390 224 5 5 0.021732407 
207 331 5 6 0.021699995 
881 231 5 8 0.021694992 
148 273 5 5 0.021688115 
676 551 5 7 0.02168284 
795 281 6 8 0.021680145 
274 462 5 6 0.021677408 
159 263 5 5 0.021670321 
717 307 6 9 0.021660127 
629 194 5 6 0.02165355 
936 436 5 5 0.02164179 
984 1369 6 6 0.021640819 
236 99 4 6 0.021636236 
763 178 5 6 0.021629505 
888 274 4 6 0.02158719 
803 386 4 7 0.021584984 
290 164 5 6 0.02157592 
255 511 7 11 0.021573225 
1013 366 6 9 0.021565292 
690 549 7 9 0.021563152 
993 242 5 6 0.02155103 
707 407 4 5 0.021545038 
666 387 5 6 0.021539409 
477 181 6 12 0.02152322 
486 233 4 8 0.02150971 
398 158 4 5 0.021504626 
532 166 5 7 0.021501582 
188 452 5 8 0.021486372 
976 397 5 7 0.021482317 
243 464 5 7 0.02148057 
354 456 29 51 0.021476148 
446 241 6 8 0.021474412 
253 506 20 36 0.021473056 
812 387 5 7 0.021467505 
563 559 18 22 0.02145616 
243 88 4 6 0.021450795 
505 1475 4 7 0.021450039 
819 548 10 12 0.021449117 
509 316 8 12 0.02144677 
698 386 5 7 0.02144644 
456 174 5 9 0.02144348 
993 407 5 7 0.02143235 
359 195 6 6 0.021419443 
1016 451 6 11 0.021392124 
108 541 6 6 0.021383125 
953 464 5 8 0.021377388 
302 148 4 5 0.021364387 
293 452 5 7 0.021334596 
832 336 5 10 0.021334492 
628 405 6 6 0.021332713 
976 377 5 7 0.021325521 
630 256 4 5 0.02131973 
938 454 5 6 0.02129591 
861 565 43 54 0.021259593 
1013 855 5 9 0.021243488 
897 345 6 9 0.021240516 
895 471 9 11 0.021234376 
205 473 6 9 0.021217812 
253 1521 7 11 0.021213304 
696 1529 9 12 0.021211633 
592 1254 4 8 0.02120796 
254 158 5 5 0.021205245 
379 264 5 5 0.021193745 
515 1447 5 6 0.021189723 
215 57 6 7 0.021182448 
696 223 5 6 0.021180313 
794 387 5 6 0.02117773 
388 149 3 5 0.021159839 
589 135 6 7 0.021157542 
583 129 4 6 0.021154054 
167 264 5 5 0.021152433 
400 149 4 5 0.021149041 
189 395 7 9 0.021144459 
986 379 4 6 0.02114403 
763 350 6 7 0.021144014 
706 417 5 6 0.021125196 
840 312 4 6 0.021124313 
486 1474 4 7 0.02111801 
256 128 4 6 0.021108642 
348 243 5 5 0.021090139 
677 428 5 5 0.021088876 
297 518 6 13 0.021087227 
494 1484 5 8 0.021075355 
688 254 4 7 0.02107418 
222 456 4 8 0.021044044 
599 574 10 22 0.021031989 
646 416 4 6 0.021008989 
840 406 4 7 0.021004532 
329 175 6 6 0.020991642 
791 356 6 9 0.020988517 
762 184 5 6 0.020979181 
369 176 5 6 0.020964842 
302 283 6 6 0.020960683 
988 471 5 10 0.020951834 
726 216 4 6 0.020931674 
630 793 30 40 0.020924816 
62 1419 4 6 0.020911803 
235 80 4 5 0.020909334 
235 320 4 6 0.020909052 
622 158 5 6 0.020899236 
301 480 6 8 0.020894906 
357 318 9 9 0.020893706 
261 358 5 7 0.020885836 
82 1378 4 5 0.020882327 
265 109 3 5 0.020863248 
254 185 4 6 0.020838978 
763 291 5 8 0.020836683 
245 558 5 9 0.020812718 
851 427 4 5 0.020811118 
15 665 5 7 0.020802535 
242 127 4 6 0.020789772 
936 445 6 8 0.020777272 
215 310 5 6 0.020777114 
629 311 5 5 0.020773973 
880 399 4 6 0.02077097 
253 78 4 6 0.020759119 
631 767 15 17 0.02075363 
348 178 5 5 0.020751072 
271 320 5 7 0.020732787 
16 426 4 6 0.020721722 
119 579 5 8 0.020708924 
167 226 5 5 0.020707484 
87 578 5 8 0.020700503 
986 329 5 6 0.020699197 
101 1418 3 5 0.020680107 
900 1352 4 6 0.020672072 
897 254 4 6 0.020667456 
205 156 4 5 0.02066695 
735 348 4 7 0.02066544 
899 1328 5 7 0.02065239 
188 418 4 6 0.020642698 
861 242 5 7 0.020630468 
976 1370 5 6 0.02063025 
536 119 4 6 0.020624993 
409 234 4 5 0.020618573 
531 231 7 9 0.02061605 
501 1447 5 8 0.020608597 
318 234 7 7 0.020597309 
449 385 9 15 0.020560155 
677 300 7 7 0.020559153 
792 406 5 7 0.020558355 
881 243 4 6 0.020558305 
554 1437 4 7 0.020556876 
271 538 8 13 0.020553628 
226 167 5 6 0.02052696 
708 52 4 7 0.020521093 
657 399 5 6 0.020515496 
880 349 4 7 0.020510271 
244 425 7 7 0.020509657 
899 1528 10 12 0.020479515 
1004 1348 7 9 0.020469384 
610 3 5 5 0.020454768 
418 128 3 5 0.0204408 
368 196 6 5 0.020440063 
246 540 6 9 0.02040661 
840 335 6 10 0.020402411 
246 80 4 6 0.020396544 
30 529 6 9 0.02039573 
236 61 4 6 0.020388365 
811 377 5 8 0.020379713 
930 389 4 5 0.020375585 
841 416 4 7 0.020350996 
795 379 4 6 0.020347835 
737 205 4 6 0.020342963 
967 415 5 8 0.020330844 
347 186 5 6 0.02032968 
265 137 5 6 0.02032329 
640 1263 5 7 0.020311309 
1004 223 5 6 0.020310936 
986 387 5 8 0.020282216 
542 12 6 7 0.02027344 
303 272 5 5 0.020268586 
145 510 6 9 0.020266753 
680 416 4 6 0.020251485 
1005 413 6 9 0.020250758 
956 1446 5 5 0.020242224 
870 452 6 8 0.020234607 
765 298 5 8 0.02022269 
273 340 4 6 0.020210585 
955 253 5 7 0.020206345 
339 268 7 7 0.020205544 
14 210 8 12 0.020200245 
572 100 5 6 0.020175423 
482 134 6 11 0.020156259 
756 349 5 7 0.020149421 
250 568 6 11 0.02013612 
158 214 4 5 0.020133683 
775 226 5 7 0.020120753 
274 194 5 5 0.02011753 
717 273 5 7 0.02011367 
158 575 7 10 0.020112583 
120 552 6 6 0.020085739 
1003 330 5 7 0.020061694 
82 559 6 8 0.020055948 
819 2 7 6 0.020052068 
738 253 5 8 0.02005051 
178 225 4 5 0.020039434 
968 472 4 8 0.02003795 
996 1399 4 5 0.02002427 
804 233 5 10 0.020018222 
266 328 5 7 0.02001739 
