24_Soldier_Firing_Soldier_Firing_24_254
30
235 230 47 53 0.1694029 
413 195 11 16 0.06502078 
184 103 55 78 0.061742064 
533 217 10 11 0.053064775 
234 89 36 71 0.0511713 
454 224 10 12 0.047833823 
165 237 11 10 0.04398345 
251 300 14 20 0.0428134 
60 356 15 21 0.03878747 
512 152 4 4 0.03765102 
890 68 24 33 0.036115903 
325 178 5 6 0.035259068 
368 202 36 36 0.034434423 
181 61 69 80 0.03304864 
363 208 24 22 0.03164981 
139 77 78 85 0.0309784 
37 407 10 19 0.027398445 
245 68 35 62 0.026670862 
228 308 11 17 0.025990093 
508 152 4 5 0.024884272 
317 254 39 49 0.024793275 
987 346 5 11 0.02384598 
117 97 56 57 0.023167333 
174 238 22 33 0.022815088 
262 65 22 37 0.02248147 
163 233 22 20 0.022126196 
191 400 46 61 0.021476828 
520 152 3 4 0.021406278 
333 170 6 9 0.020677665 
221 295 16 24 0.020399677 
