24_Soldier_Firing_Soldier_Firing_24_703
34
242 51 64 93 0.99752635 
480 1 71 77 0.99656725 
349 55 67 88 0.9959151 
643 38 61 74 0.936617 
163 123 83 95 0.34279695 
534 140 33 31 0.058797874 
764 671 41 79 0.05219915 
343 132 200 222 0.04905248 
69 239 33 64 0.044238824 
521 110 56 53 0.039662145 
119 305 12 14 0.03530319 
858 259 6 7 0.033597555 
370 243 38 68 0.033369616 
590 150 39 65 0.031492595 
860 254 5 5 0.030282859 
861 258 7 7 0.030089654 
707 75 260 421 0.028241793 
20 348 9 17 0.028172081 
825 388 8 7 0.027568104 
617 34 26 47 0.027531056 
95 316 26 29 0.02702867 
9 335 239 489 0.026007924 
551 146 43 53 0.025007086 
128 299 19 26 0.024433006 
801 369 5 7 0.024070997 
546 369 26 26 0.023445696 
133 288 6 9 0.023201268 
342 440 44 55 0.022932101 
862 253 6 6 0.022741709 
679 196 36 53 0.022503719 
145 293 10 13 0.020296363 
476 145 43 62 0.020247852 
852 260 6 6 0.02003088 
589 162 6 8 0.02001517 
