24_Soldier_Firing_Soldier_Firing_24_1037
1125
693 529 33 32 0.4341661 
746 366 19 33 0.3230902 
638 473 27 23 0.17319652 
689 399 20 31 0.1355992 
479 671 5 7 0.10368581 
475 666 4 7 0.103360064 
487 666 4 6 0.097057246 
501 665 5 8 0.09056842 
531 660 4 7 0.08584018 
733 92 119 198 0.08402516 
539 646 4 6 0.082522675 
468 666 4 6 0.08066549 
296 634 4 5 0.07949165 
671 388 31 45 0.077347204 
494 659 4 6 0.07676173 
539 642 3 5 0.07341617 
475 671 5 7 0.07284502 
649 586 20 26 0.0710202 
538 660 5 6 0.07049064 
328 653 4 7 0.07029727 
359 665 5 7 0.06897017 
495 677 6 9 0.06878485 
438 659 4 6 0.06788244 
437 654 3 6 0.06649989 
398 660 4 5 0.06636472 
531 664 4 6 0.065744326 
360 659 5 7 0.06570869 
487 670 4 7 0.06556115 
403 666 5 7 0.06507581 
58 262 4 6 0.06425857 
532 653 3 5 0.06405778 
479 690 7 10 0.06290772 
539 665 5 5 0.06280436 
539 672 5 7 0.062633164 
359 669 5 7 0.060941998 
527 660 4 7 0.060514674 
297 670 6 9 0.06040585 
530 689 7 13 0.060306955 
514 648 3 5 0.060020596 
428 628 4 5 0.05953428 
117 489 3 4 0.058879282 
443 655 3 5 0.058847535 
404 660 3 5 0.05876773 
630 451 20 24 0.058602244 
430 591 4 4 0.05772303 
449 653 3 6 0.057521954 
297 628 3 5 0.057462484 
301 635 4 5 0.056945752 
371 666 5 6 0.056507677 
526 664 4 7 0.05645253 
384 628 3 4 0.056440316 
520 665 4 7 0.05639644 
328 658 4 7 0.056104027 
520 648 3 5 0.055865087 
309 639 4 6 0.05503572 
480 653 4 6 0.05416417 
398 640 3 5 0.05403401 
371 671 5 6 0.053988412 
410 665 4 6 0.053934693 
430 602 4 4 0.053897426 
514 641 4 5 0.053753126 
526 648 3 6 0.053721018 
538 686 7 13 0.0536654 
559 641 3 5 0.053633366 
416 666 5 5 0.053522315 
134 552 4 4 0.053206675 
519 653 4 5 0.053094786 
437 616 3 5 0.052377257 
480 666 4 6 0.05156169 
437 634 4 5 0.050817143 
350 688 6 10 0.050683755 
441 659 4 6 0.05037076 
379 616 3 5 0.049973816 
455 660 4 5 0.049911533 
386 665 4 7 0.049825184 
527 652 3 5 0.049670435 
365 666 5 6 0.049553823 
143 558 4 5 0.04953754 
390 635 4 5 0.049373202 
488 640 3 5 0.049170613 
538 654 4 5 0.04892919 
300 647 4 6 0.048910085 
572 641 4 5 0.048358887 
411 652 5 6 0.048324995 
391 628 3 4 0.048142105 
532 648 3 5 0.047943898 
328 640 4 5 0.047629457 
384 604 3 4 0.047625013 
542 682 8 13 0.04762246 
403 670 5 7 0.04736836 
425 623 4 5 0.047323454 
769 393 28 38 0.047188573 
431 597 3 4 0.04700461 
595 691 7 14 0.046684217 
287 648 4 6 0.046635214 
526 641 4 5 0.04571551 
162 564 3 4 0.045604724 
505 665 5 8 0.04541373 
534 642 3 4 0.045413066 
117 482 3 4 0.04518178 
507 622 4 5 0.045155603 
456 653 3 5 0.045007765 
493 665 4 7 0.044830818 
547 635 3 5 0.044803012 
381 628 3 5 0.044691946 
501 660 4 5 0.044651203 
544 676 7 10 0.044344228 
437 664 4 7 0.04431036 
572 636 2 3 0.044217788 
333 664 5 6 0.044210784 
576 641 4 5 0.043829035 
488 635 3 5 0.04370485 
104 489 3 4 0.043685783 
380 622 3 5 0.0436448 
295 677 7 10 0.043604985 
468 616 3 5 0.043499134 
404 603 3 5 0.04331735 
65 263 44 37 0.043000013 
700 397 12 25 0.04286627 
392 655 4 5 0.042681072 
546 641 3 5 0.042639468 
513 653 4 6 0.04258971 
327 665 5 6 0.04244656 
480 640 3 5 0.042333268 
308 635 3 6 0.04213821 
410 648 4 5 0.041965056 
124 476 3 4 0.041638017 
399 597 3 4 0.0413377 
296 610 3 4 0.041203193 
353 653 5 7 0.041058473 
463 660 3 5 0.040954627 
333 660 4 6 0.040879596 
482 636 3 4 0.040809684 
110 564 4 4 0.0407979 
392 623 3 5 0.04078886 
563 641 3 5 0.040724386 
301 628 3 5 0.040544134 
364 659 4 7 0.04047732 
513 634 4 6 0.040452007 
495 589 4 6 0.040231995 
380 597 3 5 0.04004659 
448 667 4 5 0.039955433 
579 609 3 5 0.039914574 
428 623 4 5 0.039876916 
482 660 4 5 0.039823912 
161 559 4 5 0.039816197 
143 564 3 5 0.03958336 
219 583 4 5 0.03950521 
410 615 3 5 0.03939487 
313 641 4 5 0.03931748 
418 672 5 7 0.0392572 
488 629 4 5 0.03921002 
572 647 4 5 0.0391205 
296 623 3 5 0.039103795 
478 320 7 6 0.039090794 
482 622 3 4 0.03908064 
525 636 4 4 0.039077625 
181 502 3 4 0.039009675 
390 665 4 7 0.039004244 
329 635 4 5 0.03891241 
467 660 4 5 0.03886258 
436 628 4 5 0.038677122 
366 653 4 6 0.03867666 
486 660 4 5 0.038673516 
404 634 3 6 0.03863131 
411 661 4 5 0.038610898 
436 597 3 4 0.038573988 
463 647 3 5 0.038565643 
372 610 3 4 0.038524628 
333 647 4 6 0.038474113 
411 609 3 5 0.038393516 
416 661 4 5 0.038323063 
443 672 4 6 0.038206756 
695 569 9 18 0.03817539 
397 654 4 5 0.03815902 
476 640 4 6 0.038069963 
393 604 2 4 0.038053937 
469 476 3 5 0.038039923 
480 677 6 8 0.038016234 
506 648 4 5 0.0379712 
577 654 4 5 0.037961885 
507 634 3 5 0.037951224 
296 639 4 6 0.037853297 
372 603 3 4 0.037809677 
469 621 3 5 0.037635725 
76 571 4 5 0.03749245 
361 622 3 5 0.037464324 
507 641 3 5 0.037318528 
412 597 3 4 0.037288316 
333 640 4 6 0.037258923 
461 666 4 5 0.0372424 
442 666 4 6 0.037202917 
399 665 5 8 0.037187938 
441 635 4 5 0.03711489 
392 597 4 5 0.037035674 
398 604 3 4 0.03698849 
416 623 4 5 0.036844134 
474 653 4 6 0.036779404 
494 319 6 6 0.03675619 
449 659 4 6 0.036717486 
543 672 5 8 0.036631234 
162 553 3 3 0.036531996 
494 655 3 5 0.036427796 
499 669 6 9 0.03634714 
391 640 4 5 0.03633109 
116 476 3 4 0.03632567 
385 609 2 5 0.03621142 
340 653 5 6 0.036195226 
411 603 3 5 0.036171965 
531 678 6 8 0.036161244 
558 647 4 5 0.03614996 
405 654 4 4 0.03610682 
443 623 3 4 0.036097877 
385 655 4 5 0.036044557 
287 676 6 8 0.036005888 
571 607 4 7 0.03588573 
417 678 5 7 0.035864428 
391 660 4 6 0.035786092 
179 475 4 5 0.035748374 
532 545 3 5 0.03559375 
293 583 4 7 0.035579935 
78 482 3 5 0.03556086 
474 628 3 4 0.035476197 
360 635 3 5 0.03544692 
270 672 4 6 0.035434075 
425 627 4 5 0.035378054 
398 647 4 4 0.035364475 
467 646 4 6 0.03535947 
321 665 5 7 0.03532413 
258 624 3 4 0.035303265 
220 578 3 5 0.035301384 
295 666 6 8 0.03524327 
519 659 4 7 0.035175063 
366 672 4 6 0.03516534 
476 647 3 6 0.035117052 
386 634 4 6 0.03510624 
134 558 4 5 0.035061605 
425 666 4 5 0.035030127 
174 558 3 4 0.034994494 
84 585 4 4 0.03496859 
332 634 4 6 0.034966074 
124 444 2 4 0.03490481 
405 647 4 6 0.034777656 
437 590 3 5 0.03469736 
297 647 4 5 0.03461159 
425 660 4 5 0.034579616 
500 654 4 5 0.034548867 
289 652 4 5 0.034474507 
584 597 3 4 0.03440886 
385 624 2 5 0.034393385 
411 558 3 5 0.034391314 
168 553 3 4 0.034390897 
837 364 28 38 0.034388777 
514 627 4 6 0.034354955 
481 684 5 7 0.03416263 
524 683 6 10 0.03415475 
361 628 3 5 0.034129288 
328 648 4 5 0.034083746 
116 493 3 4 0.034063816 
576 597 4 5 0.03398412 
54 265 3 4 0.03398154 
130 482 3 4 0.03397652 
143 526 4 5 0.03393149 
404 564 3 5 0.033904176 
194 532 4 5 0.033797704 
304 616 3 4 0.03379535 
425 609 3 4 0.033737436 
442 616 3 4 0.03371879 
372 635 3 5 0.03368128 
506 659 4 6 0.03362442 
539 677 5 8 0.03361582 
404 628 3 5 0.03354951 
283 648 5 6 0.033484284 
366 629 3 5 0.03347367 
354 609 3 6 0.03338176 
475 635 4 5 0.033379298 
302 372 3 5 0.033360664 
354 590 3 5 0.03332045 
277 494 3 5 0.033302356 
537 603 4 5 0.033299994 
308 539 4 5 0.033274923 
331 671 7 9 0.033273052 
110 591 4 5 0.0332701 
518 627 3 6 0.033251613 
295 615 3 5 0.033214264 
533 635 3 5 0.033180017 
507 677 6 9 0.033174478 
72 571 4 5 0.033169013 
360 640 4 5 0.03315268 
367 608 3 5 0.03312478 
469 654 3 5 0.03307444 
519 678 6 8 0.033019267 
379 646 4 6 0.03296089 
483 629 3 4 0.03295769 
373 584 3 5 0.032905396 
398 636 4 5 0.032889754 
378 641 4 5 0.032772217 
423 671 5 7 0.032630377 
519 642 3 4 0.032582186 
582 614 3 6 0.032560665 
465 688 6 11 0.03255741 
422 677 5 7 0.032537077 
348 683 6 10 0.032481425 
300 677 5 8 0.03246436 
302 623 3 5 0.032457694 
539 635 3 5 0.032366186 
143 425 2 3 0.032334737 
428 666 4 6 0.032274798 
91 571 4 4 0.0322724 
386 640 4 5 0.03226341 
123 552 4 4 0.032229625 
122 489 4 4 0.032216545 
380 603 3 5 0.032201167 
385 577 4 5 0.032199956 
103 615 4 5 0.032116793 
449 684 5 7 0.03207411 
467 642 3 5 0.03206617 
450 482 3 4 0.032050923 
282 651 5 7 0.032048162 
315 527 3 4 0.031976253 
148 558 3 5 0.031927954 
469 671 4 7 0.03187944 
308 648 4 5 0.031876232 
399 610 3 5 0.0318608 
378 661 5 5 0.031839944 
128 476 3 4 0.03177294 
436 640 4 5 0.031772856 
135 482 3 5 0.031760592 
213 450 3 4 0.031733982 
501 647 4 5 0.031693738 
565 590 3 6 0.031682603 
155 559 4 5 0.03168202 
301 640 4 5 0.031664718 
379 672 5 7 0.03154691 
456 666 4 5 0.03142159 
371 647 4 5 0.03141957 
497 682 6 9 0.031399 
193 520 3 5 0.031299174 
435 602 4 5 0.031249177 
353 658 4 7 0.031170819 
346 689 7 10 0.031124864 
307 622 3 5 0.031115323 
476 690 6 10 0.031080296 
534 493 4 6 0.031042023 
410 634 4 5 0.03103874 
340 648 4 5 0.031005694 
130 444 3 4 0.030918624 
584 602 4 5 0.030886706 
404 609 3 5 0.030880878 
482 584 5 6 0.030864954 
493 314 7 6 0.030840032 
553 614 3 5 0.03082896 
128 450 3 4 0.030801054 
258 616 2 4 0.030800775 
582 609 3 5 0.030796535 
263 623 3 4 0.0307797 
565 596 4 6 0.030772317 
32 482 3 4 0.030765826 
275 642 4 5 0.030709013 
415 653 4 6 0.030700471 
319 671 6 9 0.030694542 
455 648 3 5 0.030693673 
289 610 3 5 0.030621389 
461 654 4 5 0.030588858 
373 660 3 5 0.03057196 
315 540 3 4 0.030560413 
289 635 3 5 0.030556506 
155 533 3 4 0.030528601 
468 514 3 5 0.030520884 
224 578 3 4 0.030492468 
453 676 6 9 0.030481653 
539 545 4 6 0.030431231 
367 647 3 6 0.030411206 
488 623 3 4 0.03038044 
232 622 3 5 0.0303639 
399 590 3 5 0.0303527 
383 676 5 8 0.030285766 
380 609 3 5 0.03026704 
725 369 35 50 0.030101629 
404 678 5 7 0.030045275 
321 640 3 5 0.030026777 
430 609 3 5 0.029992756 
403 597 3 4 0.029976388 
134 443 3 4 0.029953646 
218 570 4 5 0.029915337 
577 635 2 4 0.02987425 
512 665 4 7 0.02984439 
110 559 4 5 0.029762851 
187 501 3 4 0.0296824 
480 647 4 6 0.02964319 
494 481 3 4 0.029579025 
128 577 3 4 0.029562885 
148 424 3 4 0.029491499 
321 629 4 5 0.029456278 
367 602 3 5 0.029453518 
162 570 3 5 0.029446408 
474 660 4 5 0.029434502 
412 578 3 5 0.029387623 
225 584 3 5 0.029295776 
442 676 5 8 0.029287169 
156 687 7 12 0.029274417 
511 671 5 7 0.0291794 
476 615 4 6 0.02917143 
303 387 2 3 0.029135397 
314 571 4 6 0.029126279 
346 648 3 5 0.029081244 
315 603 3 5 0.029038796 
428 678 4 6 0.029037146 
572 570 3 5 0.029004872 
479 616 3 4 0.028984845 
130 551 3 4 0.028978532 
354 521 3 4 0.028936092 
544 653 4 5 0.028897403 
674 612 24 26 0.028893482 
565 635 3 4 0.028882647 
372 616 3 5 0.028857686 
444 691 5 9 0.02882754 
334 629 3 5 0.02881302 
84 558 4 4 0.0288125 
309 603 3 5 0.028681308 
263 379 3 4 0.028680433 
316 379 2 4 0.028667271 
411 628 4 5 0.028666453 
359 685 5 7 0.028654315 
155 418 2 4 0.02863265 
404 641 3 5 0.02861073 
486 678 5 8 0.028588967 
84 570 4 5 0.028577995 
359 653 4 6 0.028568888 
117 469 3 4 0.028526591 
436 609 4 4 0.028508393 
218 411 3 4 0.02849984 
423 694 7 10 0.02845569 
455 672 5 7 0.028359644 
506 669 5 8 0.028358448 
328 526 3 5 0.028316895 
200 520 4 5 0.028310666 
129 546 4 5 0.028224858 
487 646 4 6 0.028219718 
332 653 4 6 0.028195955 
435 578 4 4 0.028136827 
359 647 4 6 0.028118962 
142 482 4 4 0.028099352 
474 316 6 4 0.02790298 
308 629 3 4 0.02789432 
462 571 3 5 0.027881943 
447 690 6 9 0.02787047 
430 642 4 5 0.027864113 
168 418 3 4 0.027845887 
530 683 7 12 0.027826784 
173 554 3 3 0.027816001 
387 550 3 6 0.027809348 
428 671 4 7 0.027804486 
116 565 3 4 0.027801845 
245 366 2 4 0.027789157 
155 424 3 4 0.027784763 
358 609 4 6 0.027782882 
112 602 3 5 0.027756939 
533 540 3 5 0.027737634 
391 671 4 7 0.027732193 
347 660 4 5 0.027726023 
424 603 3 5 0.027723577 
880 31 26 25 0.027714802 
353 641 4 5 0.027713234 
494 623 3 4 0.02767913 
386 571 3 5 0.027675966 
213 398 3 4 0.02767506 
723 342 13 12 0.027651155 
348 575 5 7 0.027636876 
824 35 64 43 0.027608091 
579 614 3 5 0.027590513 
475 481 3 5 0.02757993 
288 641 4 5 0.027578669 
295 653 5 6 0.02755478 
340 640 4 5 0.02755419 
456 488 3 5 0.027533563 
470 628 3 4 0.027483229 
162 527 3 4 0.027467314 
148 520 4 4 0.027461559 
474 622 3 5 0.027455963 
399 669 5 9 0.027448412 
431 584 3 4 0.027443606 
571 602 4 6 0.027426368 
558 623 3 4 0.027362665 
289 596 3 5 0.027358038 
124 437 2 4 0.027351562 
110 495 3 3 0.027315736 
500 609 3 6 0.027292207 
155 430 3 4 0.027287623 
550 640 4 6 0.0272815 
378 664 4 7 0.027270725 
179 596 5 6 0.027256392 
571 577 4 6 0.027244978 
383 671 5 8 0.027237194 
571 597 3 5 0.027224548 
353 666 4 6 0.027188089 
308 653 4 5 0.027163334 
316 597 2 4 0.027135225 
436 488 3 5 0.02711685 
397 623 3 4 0.027111841 
430 646 4 6 0.027097033 
309 608 3 6 0.027087072 
301 597 3 5 0.027072104 
405 615 4 5 0.02702387 
377 584 4 5 0.026999291 
385 661 4 5 0.026997663 
450 648 2 5 0.0269644 
195 406 2 4 0.026940756 
571 590 3 5 0.026921608 
302 570 4 6 0.026897272 
148 553 4 4 0.02689062 
85 615 4 6 0.026880018 
499 589 3 6 0.026879122 
97 616 4 4 0.026872702 
180 481 3 4 0.026833707 
519 682 6 11 0.026827592 
328 675 7 9 0.026823001 
520 635 3 5 0.026815258 
428 660 4 5 0.026813269 
303 392 3 5 0.026803154 
142 570 4 5 0.02678707 
220 559 3 4 0.026767107 
417 616 3 4 0.026748158 
532 628 3 5 0.026728814 
330 683 8 11 0.0267177 
450 488 3 4 0.026671007 
111 469 3 4 0.026670426 
129 488 4 4 0.02659633 
91 584 3 5 0.026583308 
431 578 3 4 0.026577586 
416 604 4 5 0.02657588 
379 676 4 8 0.026571762 
430 616 4 4 0.026563192 
122 571 4 4 0.026539085 
123 462 3 5 0.026517622 
392 609 3 5 0.026512234 
265 670 5 7 0.026497047 
544 646 4 5 0.026490284 
276 647 4 5 0.026471538 
366 635 3 4 0.02644977 
92 622 3 4 0.026432628 
296 597 3 5 0.026323369 
391 677 5 7 0.026310718 
123 482 3 4 0.026301207 
570 623 4 4 0.026295621 
143 475 4 4 0.026285833 
399 519 4 5 0.02627414 
271 386 3 4 0.026267737 
484 689 7 11 0.026263393 
432 538 3 6 0.026257934 
514 609 3 6 0.026248962 
424 450 2 5 0.026238512 
148 564 4 4 0.026224611 
122 540 4 4 0.026160225 
410 641 5 5 0.026131121 
103 634 4 7 0.026091317 
495 610 3 5 0.026061116 
103 482 3 4 0.026014453 
347 635 3 5 0.026004285 
366 622 3 4 0.025971176 
307 677 5 7 0.025964508 
315 622 3 4 0.025942326 
269 677 6 8 0.025930515 
283 596 4 5 0.025926765 
450 476 3 4 0.025923982 
366 597 4 5 0.02590737 
494 671 4 7 0.025903627 
571 654 4 5 0.025897171 
379 635 4 5 0.025881246 
572 583 4 6 0.02587374 
610 528 28 40 0.025833394 
366 616 3 5 0.025826054 
97 627 3 5 0.025824983 
466 309 33 37 0.025791273 
353 635 3 5 0.025782652 
468 565 3 4 0.025764495 
428 313 5 6 0.025748799 
188 521 3 4 0.025736501 
162 538 4 5 0.025725162 
385 565 4 5 0.025720946 
59 489 3 4 0.025713162 
339 665 5 6 0.025705269 
264 667 4 6 0.02570079 
83 533 4 4 0.025681477 
97 559 3 4 0.02568046 
494 309 5 5 0.025674464 
65 432 3 3 0.025673628 
494 629 2 5 0.025651827 
482 495 3 5 0.0256076 
589 603 4 5 0.025592554 
99 481 3 5 0.025583385 
155 520 3 5 0.025579514 
379 565 3 5 0.025579143 
143 456 4 4 0.025561022 
206 399 3 3 0.025555337 
232 584 2 4 0.025523184 
379 590 3 5 0.025519235 
512 615 3 6 0.025506863 
78 528 3 3 0.025481204 
283 551 4 6 0.025472851 
340 634 3 6 0.025453765 
513 622 3 5 0.025445048 
565 654 4 5 0.025429755 
461 672 4 6 0.025393687 
135 564 4 5 0.025391622 
443 640 4 5 0.025355456 
488 653 3 6 0.025353376 
429 307 4 5 0.025353221 
384 597 3 5 0.02531844 
150 514 3 4 0.025245193 
552 481 4 6 0.025229307 
495 584 4 6 0.0252153 
430 634 4 4 0.025172463 
392 647 3 5 0.02516369 
398 615 3 5 0.025155317 
519 671 5 7 0.025143238 
508 616 3 6 0.025141826 
409 672 5 6 0.025119925 
668 474 23 22 0.02509789 
450 677 4 8 0.02509542 
456 609 3 5 0.025093999 
424 308 4 4 0.025084365 
474 319 7 6 0.025059078 
264 393 3 4 0.025043327 
365 640 4 6 0.025038125 
78 431 2 3 0.025027871 
577 602 3 5 0.025026787 
464 641 3 5 0.025019314 
128 572 4 4 0.025008269 
539 589 3 5 0.025001585 
564 623 3 4 0.024998209 
443 470 2 4 0.024991669 
142 521 4 4 0.024990218 
283 641 4 4 0.024967505 
315 373 3 4 0.02496071 
487 494 3 5 0.024929518 
46 521 3 4 0.02492747 
289 507 3 5 0.024920378 
751 355 53 53 0.024905965 
142 552 4 4 0.024893701 
98 469 3 4 0.024849422 
460 603 4 5 0.024837274 
244 399 4 4 0.024789272 
564 616 3 4 0.02478052 
412 590 3 5 0.024763314 
187 412 3 4 0.024759233 
322 367 2 3 0.024759086 
124 450 3 4 0.024737898 
270 379 2 4 0.02471354 
454 482 3 5 0.02470138 
155 527 3 4 0.024685506 
123 565 4 4 0.024650361 
399 628 3 4 0.024639623 
116 429 3 4 0.024622552 
487 314 5 5 0.024614869 
507 654 3 5 0.024602527 
283 373 3 4 0.024597872 
539 481 4 6 0.024596509 
117 450 3 4 0.024562642 
207 393 2 3 0.024562186 
175 482 3 4 0.02456017 
524 678 5 7 0.024541207 
521 481 2 5 0.024537588 
340 628 3 5 0.024530679 
500 634 3 5 0.02452944 
124 494 3 4 0.024509527 
452 682 6 9 0.024504637 
597 628 4 6 0.024498386 
194 399 2 4 0.02446831 
367 508 3 4 0.024456404 
181 494 3 4 0.02445445 
436 622 3 5 0.024448432 
116 425 3 4 0.024436414 
411 456 3 5 0.02442292 
352 622 4 5 0.024419973 
28 584 4 5 0.024415392 
142 545 4 4 0.024413008 
117 570 4 5 0.02440801 
103 584 3 4 0.024402931 
303 540 4 4 0.024400733 
520 476 3 4 0.024394691 
558 636 3 4 0.024376744 
520 608 4 7 0.024341129 
431 571 3 4 0.024326907 
528 443 3 5 0.02432355 
462 566 3 4 0.02425995 
295 507 3 5 0.02425706 
520 570 3 6 0.024247969 
110 595 4 6 0.024241535 
80 533 3 4 0.024237636 
290 501 3 4 0.024233384 
505 693 7 11 0.02423229 
341 470 3 4 0.024224486 
474 475 3 5 0.02422284 
346 652 4 7 0.0242205 
161 533 4 4 0.024213389 
53 267 4 6 0.024208639 
88 608 5 6 0.024197731 
271 647 3 5 0.024192791 
576 647 4 5 0.024152622 
551 636 3 5 0.024133587 
290 372 3 5 0.024124207 
314 689 8 10 0.024119578 
257 641 3 5 0.02410538 
501 622 3 5 0.0240606 
154 514 3 4 0.024059486 
525 671 4 6 0.024048146 
129 584 3 5 0.024036018 
552 609 4 6 0.02402675 
117 546 3 5 0.024021288 
565 601 4 5 0.023991432 
232 578 3 4 0.023975031 
148 545 3 4 0.023973437 
365 589 4 5 0.023969384 
430 654 4 6 0.02394938 
482 481 3 5 0.023949347 
662 430 20 29 0.023940863 
315 672 6 7 0.023928333 
577 630 3 4 0.023918895 
495 615 3 5 0.023906162 
849 365 205 160 0.023899637 
104 419 3 3 0.023897536 
372 629 3 5 0.023887843 
288 629 4 5 0.023887768 
524 608 4 6 0.023866873 
72 438 3 3 0.023829382 
290 665 5 6 0.023820177 
272 641 3 4 0.02380652 
116 456 3 4 0.02380374 
358 690 5 8 0.023802808 
468 518 3 6 0.023783948 
143 463 3 4 0.023766268 
258 539 3 4 0.023763826 
270 627 3 4 0.023749843 
571 629 3 4 0.023748573 
487 482 3 4 0.023741012 
269 495 4 5 0.02372374 
136 539 4 5 0.023709593 
78 647 4 7 0.023707394 
155 564 3 4 0.023703516 
103 639 4 6 0.023687514 
110 444 4 4 0.023653682 
487 488 4 5 0.023652695 
123 547 3 4 0.023650264 
339 659 5 6 0.02364924 
469 635 3 4 0.02364538 
85 539 3 4 0.023631968 
475 609 5 5 0.023623541 
309 533 2 4 0.023622846 
122 469 3 4 0.023609966 
297 386 3 4 0.023602799 
233 589 3 5 0.023595823 
225 571 3 4 0.023576317 
545 602 4 5 0.023549289 
379 654 3 5 0.02354863 
485 319 6 7 0.023529468 
333 583 4 6 0.02340871 
353 616 3 5 0.023387201 
84 565 4 5 0.023383895 
97 622 3 5 0.023345675 
283 489 3 4 0.023328401 
372 690 6 8 0.023317637 
327 534 3 4 0.023305478 
301 603 3 5 0.023304675 
161 615 4 6 0.023298653 
526 628 3 5 0.02329782 
271 552 4 5 0.02329655 
155 456 3 4 0.023281716 
479 609 4 6 0.0232792 
493 634 3 4 0.023269387 
271 558 3 5 0.023260815 
98 464 3 3 0.023245504 
373 640 4 5 0.023233417 
391 589 3 7 0.023226492 
577 622 3 4 0.02320945 
448 671 4 7 0.023200804 
168 526 3 4 0.02319647 
232 616 3 5 0.023195853 
456 578 2 4 0.023160173 
443 475 2 5 0.023158684 
149 431 2 4 0.023129312 
290 539 4 5 0.023126269 
303 366 2 4 0.023102807 
103 565 3 4 0.023099503 
474 677 5 7 0.023074517 
116 552 3 4 0.023070697 
467 683 6 9 0.023059398 
218 540 4 4 0.02302899 
297 603 3 5 0.02302456 
149 437 3 4 0.023014154 
513 659 4 6 0.022996968 
358 520 3 5 0.022996936 
488 615 3 5 0.022992939 
424 590 3 5 0.022979662 
143 469 3 4 0.02297687 
77 565 3 5 0.022952944 
443 628 3 4 0.022942873 
321 526 4 5 0.022924174 
365 691 6 8 0.0229169 
341 616 3 5 0.022915702 
59 444 3 4 0.022898095 
372 598 3 4 0.022871029 
350 677 6 8 0.022863053 
290 545 4 5 0.022859955 
402 590 4 5 0.022854725 
85 608 5 6 0.022850381 
424 597 3 4 0.022842158 
109 419 3 3 0.02283872 
411 583 4 5 0.022836637 
124 527 3 4 0.022831064 
263 628 3 4 0.02283032 
431 442 3 5 0.02281729 
457 603 4 5 0.022804223 
435 647 4 5 0.022798806 
104 559 3 4 0.022771645 
71 540 3 4 0.022770284 
168 521 3 4 0.02276478 
384 646 4 6 0.0227609 
314 647 4 5 0.02276046 
565 629 3 5 0.022755334 
373 589 3 4 0.02274921 
28 577 3 5 0.022746846 
371 653 4 6 0.02273664 
713 339 22 21 0.022726059 
115 558 4 5 0.02271402 
187 513 4 5 0.022689333 
674 410 19 30 0.022682592 
528 545 3 5 0.022681791 
532 672 5 6 0.022677563 
545 596 4 6 0.022664098 
743 435 39 48 0.022658816 
193 527 3 4 0.02262047 
116 444 3 4 0.022618955 
372 622 3 5 0.02261288 
321 660 4 6 0.022612369 
270 488 3 5 0.02260565 
205 520 4 4 0.02259755 
558 590 3 5 0.022586465 
481 601 4 6 0.022558952 
500 615 3 6 0.022557411 
817 57 145 177 0.0225537 
136 533 4 4 0.022550382 
424 617 3 4 0.022549633 
456 571 3 5 0.022518376 
347 558 4 5 0.022516629 
410 678 5 7 0.022495622 
258 636 3 5 0.022491796 
144 443 3 4 0.022487754 
347 616 3 5 0.022481365 
194 411 3 4 0.022472722 
180 469 3 5 0.022463989 
177 288 7 6 0.02246033 
180 559 3 4 0.022454727 
85 621 3 5 0.02243734 
551 590 3 6 0.022422712 
309 590 4 6 0.022403555 
213 436 4 6 0.022388767 
544 545 4 6 0.022373848 
214 411 3 4 0.022368733 
219 405 3 4 0.022365503 
479 315 6 5 0.02236524 
110 489 3 4 0.022346772 
176 475 4 5 0.022308897 
270 373 2 4 0.022297198 
308 387 3 3 0.02228394 
180 462 3 5 0.022271607 
352 671 5 7 0.022269886 
321 603 3 5 0.022257103 
0 469 3 6 0.022256142 
373 539 4 5 0.02225515 
533 607 4 6 0.02224613 
417 691 5 7 0.022234226 
423 584 3 5 0.022233801 
135 585 4 4 0.022221548 
70 482 4 5 0.022217115 
499 500 3 5 0.02218771 
78 576 4 5 0.022177294 
154 577 4 5 0.022172129 
142 430 3 4 0.02217002 
226 372 3 4 0.02215708 
347 610 3 4 0.022153838 
150 507 3 4 0.022147046 
359 596 3 6 0.022146681 
66 481 3 5 0.02214512 
148 469 3 4 0.02214377 
264 559 2 4 0.022130772 
456 584 3 5 0.02212382 
335 577 3 5 0.022123583 
436 532 3 5 0.022121971 
320 635 4 5 0.022107823 
161 578 3 4 0.022097552 
213 540 3 4 0.022092944 
495 602 3 6 0.022060696 
90 482 3 5 0.022044351 
168 444 3 5 0.02203524 
59 259 3 5 0.022033647 
71 546 3 4 0.022029681 
309 393 2 4 0.022017857 
219 450 3 4 0.022004563 
321 608 3 6 0.021991862 
155 450 3 4 0.0219892 
771 56 95 125 0.021975648 
268 688 8 14 0.021968715 
149 418 3 4 0.021964485 
180 600 4 7 0.021964382 
302 610 2 4 0.02195854 
417 481 4 6 0.021942874 
166 475 3 5 0.021942751 
155 481 4 4 0.021931801 
174 494 3 4 0.02192861 
116 437 3 4 0.02192019 
347 521 3 4 0.021913938 
301 653 4 5 0.021908741 
103 469 2 4 0.021891668 
412 623 3 5 0.021889653 
78 437 2 4 0.021884615 
85 588 3 5 0.021882553 
154 507 3 4 0.02188221 
219 546 4 4 0.021872496 
167 578 4 4 0.021871446 
103 622 4 5 0.021866959 
461 683 7 10 0.021862945 
269 683 7 10 0.021859365 
404 506 4 6 0.021819135 
372 678 5 6 0.021802476 
424 508 3 4 0.02179996 
98 646 4 6 0.021788934 
123 577 4 4 0.0217704 
307 616 3 5 0.021755528 
92 591 3 5 0.021731753 
225 539 4 4 0.021723071 
431 437 3 4 0.021720743 
346 665 4 6 0.021695986 
168 559 3 4 0.021695197 
282 677 5 7 0.02167901 
270 623 3 5 0.021663694 
487 601 3 6 0.021657823 
205 457 3 4 0.021638384 
327 670 7 9 0.021625433 
110 476 3 4 0.021569902 
563 552 3 5 0.021569537 
289 590 4 5 0.021566613 
540 431 3 4 0.021558192 
188 495 3 4 0.021556413 
225 559 3 4 0.021552812 
97 571 3 5 0.021526583 
181 489 3 4 0.021505788 
456 470 3 4 0.02145719 
469 321 5 5 0.02145165 
265 565 3 5 0.02145053 
488 609 3 5 0.02144606 
501 494 3 6 0.021439817 
110 482 3 4 0.021435045 
40 482 4 4 0.021434898 
391 507 3 5 0.021397024 
328 590 3 5 0.021372342 
340 423 4 6 0.021368837 
231 559 3 4 0.021368831 
303 533 3 4 0.021354608 
98 489 3 4 0.021325866 
327 373 2 3 0.02132046 
752 357 14 20 0.021312917 
213 405 3 4 0.021309212 
398 501 3 4 0.021309083 
154 463 4 4 0.021283207 
431 545 4 5 0.021280628 
57 265 7 9 0.021274533 
379 549 4 6 0.021271829 
148 526 3 5 0.021266524 
558 557 4 6 0.021262657 
193 513 3 5 0.021243686 
761 378 24 38 0.021241188 
263 386 3 4 0.021238811 
538 608 4 7 0.021238647 
552 583 3 5 0.021222508 
97 584 3 5 0.021213245 
405 623 3 4 0.021193378 
175 563 4 5 0.021193089 
167 424 3 4 0.0211715 
168 448 3 5 0.02116875 
175 546 3 4 0.021163596 
322 507 3 5 0.02114651 
91 540 3 4 0.021145824 
92 488 3 4 0.02112244 
143 419 3 3 0.02111861 
219 456 3 5 0.02111788 
448 609 3 5 0.021111496 
134 571 5 5 0.021106742 
424 455 3 6 0.02110225 
130 558 3 5 0.021066424 
277 596 3 5 0.02104679 
475 469 2 4 0.021041613 
493 640 3 6 0.021034056 
462 616 4 5 0.021025648 
167 437 3 4 0.021024663 
91 578 3 4 0.020990642 
65 437 3 4 0.020972282 
507 494 3 5 0.020961793 
308 571 3 6 0.020958962 
591 608 3 5 0.020958873 
289 550 4 6 0.020948635 
323 372 2 4 0.020942705 
545 609 3 6 0.020918315 
398 577 3 5 0.020916294 
609 585 7 9 0.02090555 
379 546 3 5 0.020903902 
251 398 3 5 0.020900592 
143 450 3 4 0.020896813 
192 501 3 5 0.020896174 
175 406 2 3 0.020888368 
498 320 5 5 0.020887598 
539 614 4 6 0.02088628 
392 584 3 5 0.020875165 
315 616 4 5 0.02086493 
393 616 2 5 0.020821646 
95 689 7 11 0.020818183 
564 647 3 5 0.020804284 
455 476 2 4 0.020801356 
214 570 3 5 0.02079038 
233 565 3 3 0.020787198 
392 501 2 4 0.020771384 
110 424 3 4 0.020749187 
557 616 3 4 0.020741785 
303 379 3 4 0.020738712 
15 507 3 5 0.020737853 
443 488 3 4 0.020729017 
130 469 3 4 0.020723434 
175 590 3 5 0.020711856 
148 450 4 4 0.020706575 
308 366 3 4 0.020703467 
251 527 3 5 0.020700214 
372 565 4 5 0.0206969 
103 431 2 3 0.020688226 
199 393 3 3 0.020680888 
289 623 4 5 0.020679636 
473 684 5 8 0.020672087 
367 556 4 7 0.020658702 
136 488 3 4 0.020648748 
456 507 4 5 0.020634769 
359 590 3 4 0.020629292 
436 677 5 7 0.020624017 
264 398 3 4 0.020619756 
538 628 4 6 0.020612855 
630 551 23 33 0.02060246 
99 431 2 3 0.02057828 
294 659 5 6 0.02057607 
435 539 4 6 0.020565517 
130 590 3 5 0.020539287 
98 635 4 5 0.020531442 
450 449 3 5 0.020527769 
538 597 4 5 0.020520018 
290 519 4 5 0.020516522 
161 546 4 4 0.020516492 
468 603 4 5 0.020509828 
59 521 2 3 0.020504987 
644 548 18 32 0.020498123 
283 557 4 6 0.020495133 
327 513 3 5 0.020493371 
584 622 3 4 0.02048885 
411 571 3 5 0.020488206 
148 443 3 4 0.020483803 
283 380 3 4 0.02047684 
553 443 3 5 0.02046774 
167 571 3 4 0.020457456 
976 541 70 101 0.020454105 
533 603 3 6 0.020452686 
370 556 4 7 0.020448035 
571 615 3 5 0.020444447 
514 570 3 6 0.020436084 
543 664 5 7 0.02043529 
685 624 16 13 0.020412758 
276 609 3 5 0.020402238 
508 487 3 6 0.020397669 
456 533 3 6 0.020394683 
415 578 3 5 0.020376682 
483 564 3 5 0.0203613 
199 411 3 5 0.020356283 
173 489 3 4 0.020355247 
405 571 3 5 0.020347545 
475 463 3 4 0.020346096 
316 366 2 4 0.020331029 
334 589 3 6 0.020321647 
416 640 5 6 0.020317776 
60 500 3 5 0.020315548 
278 653 3 5 0.020297231 
115 603 4 5 0.020276498 
169 405 3 4 0.020273138 
307 576 4 6 0.020271422 
149 532 3 4 0.02027098 
501 538 4 6 0.020263629 
239 417 3 5 0.020257274 
461 488 3 5 0.020253403 
41 399 3 3 0.020253105 
283 635 4 5 0.020249832 
976 418 70 77 0.020248257 
333 526 3 5 0.020217339 
524 689 7 13 0.020202415 
14 463 3 4 0.020193463 
493 488 4 5 0.020187596 
77 539 4 5 0.020182734 
295 399 3 4 0.020169862 
274 672 5 7 0.020151319 
91 642 3 5 0.020149428 
431 533 3 5 0.020148251 
341 610 3 4 0.020144068 
436 671 4 7 0.02014396 
169 488 3 5 0.020143721 
86 602 4 6 0.020141415 
98 578 3 4 0.02014034 
136 494 4 4 0.020133002 
306 659 5 7 0.020131938 
128 564 4 5 0.02010571 
297 392 3 4 0.02009239 
91 627 4 5 0.020082759 
316 544 4 5 0.02007644 
252 616 2 4 0.020069182 
225 564 2 4 0.020068968 
161 482 4 4 0.020058423 
683 413 23 33 0.020049857 
154 572 4 4 0.020048846 
507 628 3 5 0.020040905 
315 463 4 4 0.02003436 
335 559 3 4 0.020030294 
500 629 3 5 0.020026762 
353 501 3 5 0.020000722 
