24_Soldier_Firing_Soldier_Firing_24_763
19
808 104 49 55 0.99971014 
551 313 41 60 0.99942505 
400 160 47 59 0.9983992 
122 102 41 67 0.99226755 
774 465 18 13 0.13045105 
874 469 10 12 0.11655496 
229 220 52 41 0.0620373 
592 305 21 38 0.061709326 
606 131 9 15 0.060833998 
471 477 11 12 0.03787317 
792 334 29 25 0.03477849 
469 483 12 13 0.034049552 
772 460 12 10 0.0311977 
545 419 20 26 0.02867755 
380 294 27 27 0.025321828 
605 132 16 26 0.023858571 
39 423 17 39 0.022632608 
603 142 24 43 0.022473456 
882 476 11 12 0.022087805 
