24_Soldier_Firing_Soldier_Firing_24_702
91
177 57 46 61 0.9997298 
834 82 37 53 0.9983714 
386 166 21 24 0.97674584 
641 113 26 23 0.87609446 
399 176 14 16 0.6683518 
345 127 9 13 0.47994772 
919 281 21 20 0.29741666 
343 238 56 55 0.2129209 
420 179 11 14 0.17330578 
269 125 27 36 0.16541125 
416 203 12 17 0.15403211 
372 147 9 14 0.1492694 
634 117 20 27 0.13629669 
675 286 25 24 0.0937018 
658 118 14 17 0.09150632 
817 92 36 58 0.084608935 
732 265 39 41 0.07188102 
931 290 13 16 0.07058401 
674 237 25 24 0.0699459 
386 541 12 17 0.069370836 
206 439 11 18 0.061733045 
473 336 41 56 0.04952546 
631 119 12 16 0.04773013 
327 141 8 13 0.046757042 
565 270 31 38 0.046286535 
408 211 18 24 0.044400483 
184 8 11 12 0.04314559 
271 241 32 35 0.04259416 
137 5 8 13 0.042521186 
912 284 15 16 0.039290883 
474 170 7 10 0.038213037 
147 6 9 10 0.037300557 
122 6 8 12 0.036747895 
79 37 10 17 0.035972595 
272 233 25 22 0.035762243 
316 539 11 13 0.03431674 
126 3 7 10 0.033960924 
414 172 12 16 0.03316766 
155 419 15 14 0.031715944 
973 0 7 13 0.031503268 
63 69 8 15 0.030517602 
580 282 10 19 0.030260399 
471 330 11 16 0.030065358 
518 2 5 9 0.030005991 
808 102 24 43 0.029917441 
610 176 15 11 0.029894462 
44 246 24 25 0.029113756 
546 268 24 32 0.029006856 
477 173 9 9 0.02891836 
166 1 9 9 0.02876533 
977 0 7 11 0.028707797 
0 488 6 15 0.02729852 
475 10 7 13 0.027286088 
448 192 10 11 0.026783993 
628 122 7 12 0.026530093 
196 503 12 14 0.02563177 
207 472 11 15 0.02515023 
399 190 34 45 0.025042536 
189 10 11 13 0.024923513 
196 399 10 18 0.024831926 
449 189 8 9 0.024800362 
848 194 31 47 0.024444629 
514 1 4 8 0.024428679 
932 47 8 20 0.024424959 
357 215 52 47 0.024412606 
235 434 9 13 0.024090653 
23 541 9 15 0.024044057 
886 354 18 37 0.023878967 
331 147 8 10 0.023830624 
519 5 5 11 0.02382006 
348 132 9 14 0.023467628 
948 43 7 17 0.02346753 
528 148 7 9 0.023415554 
485 187 11 9 0.023212748 
275 378 34 41 0.023038108 
163 -1 19 17 0.022958752 
191 402 9 13 0.02293209 
111 427 24 21 0.02262677 
469 170 6 8 0.022522297 
424 137 5 7 0.02242785 
325 9 8 14 0.02230319 
449 196 14 13 0.022163704 
189 535 22 26 0.022088122 
171 0 8 6 0.022079716 
116 2 6 9 0.022075612 
170 377 12 14 0.0218814 
187 446 14 14 0.021328164 
526 3 3 7 0.021218818 
719 1 4 9 0.021066016 
668 120 10 15 0.02096221 
176 2 9 8 0.020749146 
