24_Soldier_Firing_Soldier_Firing_24_644
134
282 171 24 30 0.9932243 
209 153 20 33 0.9467799 
550 280 29 33 0.7830814 
51 97 21 37 0.75386745 
582 279 22 28 0.62474257 
471 198 14 15 0.5523368 
440 208 10 11 0.43196627 
462 213 15 17 0.29496592 
19 66 22 33 0.22330396 
509 70 385 450 0.20416819 
39 368 11 15 0.1849661 
452 205 11 14 0.12713504 
449 338 33 49 0.10360507 
136 110 26 41 0.093099594 
466 203 18 20 0.09012821 
303 167 13 17 0.0896667 
-5 82 31 55 0.076877646 
73 207 31 52 0.07550267 
315 183 23 26 0.0747534 
119 145 20 28 0.06476109 
405 195 11 16 0.06388145 
309 252 19 27 0.063314736 
466 288 24 28 0.0588741 
1 182 13 33 0.054231767 
539 275 23 30 0.051004767 
296 293 7 13 0.05023478 
355 183 12 17 0.0497202 
457 209 13 14 0.04942929 
275 184 25 34 0.049385853 
60 160 25 32 0.04921899 
45 288 397 448 0.04897784 
374 349 42 62 0.0472901 
-7 370 31 45 0.04669712 
28 410 21 28 0.043405656 
305 275 8 16 0.042835917 
271 179 17 19 0.04283396 
311 262 10 13 0.042438984 
54 191 30 56 0.04197834 
133 100 24 29 0.041794915 
119 82 60 85 0.04174322 
307 305 27 44 0.04161188 
328 308 22 37 0.041386306 
441 205 17 21 0.04136499 
514 385 52 63 0.041190557 
638 282 13 10 0.04101085 
145 125 36 61 0.040972743 
203 154 36 60 0.04084651 
303 261 20 31 0.040233307 
60 93 12 20 0.038155086 
296 290 5 8 0.037791356 
31 218 8 14 0.0373526 
248 181 7 12 0.036318 
348 186 18 28 0.03598585 
565 281 28 35 0.035870846 
457 216 22 34 0.03553615 
453 218 13 16 0.035491474 
4 239 7 16 0.035440776 
105 831 24 27 0.035439994 
470 349 33 58 0.03514724 
48 105 14 22 0.035104413 
329 189 10 13 0.034967385 
35 79 32 45 0.034853544 
3 217 8 18 0.03480945 
109 359 27 38 0.03452784 
20 194 34 67 0.03452068 
433 199 20 21 0.034431268 
491 256 11 16 0.034320395 
140 812 10 15 0.03418419 
295 171 19 24 0.032282725 
338 162 351 527 0.032271568 
438 284 13 20 0.031683892 
0 170 28 68 0.031229988 
109 117 38 60 0.03068553 
328 331 21 37 0.030514846 
419 176 11 14 0.029845957 
558 276 16 22 0.029582923 
176 352 34 57 0.02857654 
480 251 17 27 0.028438069 
243 181 8 14 0.028354324 
85 94 20 39 0.028076917 
0 362 20 29 0.027999718 
0 238 7 21 0.027389625 
306 266 8 11 0.027388064 
0 423 17 33 0.027281456 
66 89 26 43 0.027106835 
331 252 9 16 0.02684666 
17 82 12 20 0.026827632 
264 170 17 29 0.026676208 
271 158 23 35 0.026475554 
114 93 24 36 0.0258919 
598 289 9 14 0.02578181 
385 249 21 31 0.025738787 
172 111 36 53 0.025361251 
9 289 11 14 0.025355479 
35 210 20 35 0.025244098 
288 311 9 13 0.025221055 
347 306 20 37 0.025150608 
92 93 33 47 0.025045937 
335 250 10 19 0.024759099 
18 156 34 64 0.024580883 
190 140 35 55 0.024120577 
224 99 19 26 0.024073917 
299 233 33 50 0.024013795 
306 297 8 16 0.023704356 
567 376 41 41 0.023636306 
22 325 13 18 0.023524968 
657 221 364 651 0.023210552 
160 142 32 56 0.023203526 
511 288 7 10 0.023155589 
572 829 40 38 0.023117626 
305 280 30 46 0.023103254 
108 153 36 49 0.02298796 
625 283 9 7 0.02263476 
331 190 21 30 0.022628408 
264 459 15 13 0.022554684 
9 93 34 54 0.022493582 
334 449 17 17 0.022272404 
409 337 31 50 0.022005444 
472 337 23 39 0.02182477 
376 305 35 58 0.021742841 
20 387 22 38 0.021543784 
250 170 7 14 0.021515403 
836 398 10 14 0.02131071 
41 177 31 59 0.021160392 
294 290 14 25 0.02111417 
26 212 16 30 0.021057233 
0 429 30 47 0.02095739 
390 242 32 54 0.02084019 
16 84 20 35 0.02076669 
312 458 10 13 0.020713238 
335 217 12 19 0.020618008 
245 250 25 40 0.020615092 
14 198 7 15 0.020511886 
56 211 8 18 0.020095313 
