20_Family_Group_Family_Group_20_835
62
184 267 27 37 0.9980957 
742 268 35 46 0.99153465 
67 329 36 65 0.9834398 
4 282 29 50 0.8319774 
799 120 13 16 0.5006475 
841 300 32 53 0.42040393 
579 360 38 49 0.18297927 
765 287 29 41 0.16380441 
154 310 26 44 0.16263777 
554 394 52 57 0.16184714 
645 544 11 19 0.13281101 
554 477 129 194 0.12418811 
223 34 11 16 0.069487706 
590 424 15 17 0.06703699 
325 110 7 7 0.06318331 
515 569 9 11 0.061211664 
800 167 12 18 0.05482385 
571 562 7 8 0.05426491 
845 388 78 94 0.054097895 
-2 317 21 47 0.053311516 
702 336 22 27 0.045414515 
865 297 39 53 0.043421835 
692 125 9 12 0.042043764 
711 139 7 11 0.038255043 
368 556 17 23 0.037741087 
651 428 39 44 0.036165845 
217 335 24 31 0.03515749 
1 342 35 58 0.0343014 
885 51 11 12 0.033384696 
-1 346 7 25 0.03332674 
519 408 11 15 0.031383872 
695 342 10 14 0.030117285 
857 118 49 61 0.030071907 
806 -169 260 284 0.029805617 
352 395 251 354 0.02884305 
536 341 32 57 0.028165208 
582 575 11 13 0.028079044 
326 115 7 7 0.027944256 
302 500 18 27 0.027373439 
532 574 11 14 0.026970308 
831 121 11 12 0.026347017 
246 357 11 11 0.026007703 
658 175 8 15 0.02512464 
655 135 5 9 0.025089463 
660 135 5 8 0.025085162 
576 415 28 29 0.024319569 
739 545 16 22 0.02414109 
598 578 10 12 0.024121817 
693 162 5 7 0.02388973 
1002 349 20 46 0.023383765 
1000 114 32 48 0.023286922 
617 382 25 38 0.022560814 
322 115 6 6 0.021328509 
978 409 19 36 0.021282135 
-2 481 23 32 0.021141034 
647 292 15 13 0.02054979 
573 567 9 12 0.020421656 
795 348 166 195 0.020385552 
-1 350 17 34 0.02037286 
708 331 37 46 0.020264307 
984 403 13 20 0.020187149 
1012 352 24 45 0.020182457 
