20_Family_Group_Family_Group_20_483
44
348 152 84 118 0.9999398 
676 236 84 105 0.99990726 
810 244 82 108 0.9999021 
116 425 85 96 0.9998191 
518 162 72 108 0.9985359 
200 317 72 90 0.998516 
153 895 17 35 0.2432512 
160 858 8 20 0.14456019 
260 480 43 55 0.09648866 
924 480 9 13 0.08733344 
979 525 9 17 0.07484823 
924 495 8 12 0.06724338 
939 533 10 15 0.055816256 
69 848 39 44 0.054206774 
694 553 29 32 0.053751916 
431 239 44 66 0.04279606 
923 515 8 11 0.03710362 
964 523 8 12 0.035737563 
957 517 10 12 0.035171796 
925 502 7 12 0.030701693 
305 225 38 63 0.03054836 
939 561 11 14 0.029790893 
300 453 292 458 0.029730193 
643 352 45 97 0.028353497 
909 489 7 11 0.027123267 
900 451 14 12 0.027113078 
924 473 8 9 0.02637142 
909 447 13 13 0.025308141 
927 529 10 14 0.024972172 
918 496 8 13 0.02464887 
963 518 8 11 0.024365991 
967 498 13 13 0.024285948 
916 483 16 25 0.024068682 
920 490 7 12 0.023724524 
972 470 9 13 0.023423629 
395 666 46 50 0.022450099 
983 445 8 12 0.02241989 
939 518 7 12 0.022370327 
930 512 7 10 0.022049833 
-15 -15 237 411 0.021238875 
975 464 9 13 0.020663384 
977 556 10 13 0.020528492 
524 526 316 500 0.020394992 
233 788 26 38 0.020235244 
