20_Family_Group_Family_Group_20_759
94
759 225 51 65 0.9994604 
445 304 45 57 0.99944955 
575 295 45 61 0.9993303 
657 117 42 59 0.99918216 
104 250 49 65 0.9990201 
361 68 43 58 0.9986552 
222 156 39 55 0.9979746 
795 99 47 59 0.99574935 
601 383 41 46 0.9944917 
504 81 33 57 0.991803 
100 102 44 59 0.9906412 
308 288 54 67 0.99028766 
527 294 24 41 0.6741637 
440 411 20 21 0.41303262 
631 304 36 56 0.2253343 
307 632 24 37 0.17501098 
813 463 29 30 0.14293835 
74 482 38 53 0.13466565 
667 461 13 20 0.13239211 
735 449 24 27 0.12742952 
527 659 10 13 0.09428937 
561 299 33 53 0.07347649 
149 463 49 60 0.066506766 
748 36 7 10 0.06618853 
611 494 9 14 0.06330603 
490 451 13 17 0.060346946 
626 626 10 19 0.057918295 
552 321 25 41 0.0551869 
647 656 8 11 0.053929407 
440 421 19 25 0.053268597 
541 536 11 15 0.052896623 
615 634 8 13 0.050383534 
535 299 30 59 0.04684717 
688 463 10 14 0.04213254 
528 322 22 47 0.040471245 
383 749 12 16 0.03883025 
640 456 285 428 0.036276862 
654 385 11 17 0.034550264 
568 553 15 31 0.032665018 
704 60 7 10 0.0325429 
904 172 17 31 0.032076243 
565 753 14 16 0.031149967 
401 517 39 70 0.031129481 
683 457 11 14 0.030752575 
441 434 22 32 0.030137762 
654 493 10 17 0.029709963 
605 490 18 30 0.029274741 
972 526 24 41 0.029167786 
376 -49 281 385 0.029165052 
237 -83 276 403 0.02725155 
24 350 25 65 0.027188579 
483 29 8 12 0.027163642 
805 666 10 12 0.026402319 
563 509 8 13 0.025612015 
303 720 13 18 0.025563722 
590 653 7 12 0.02545007 
694 697 10 18 0.025202423 
472 28 7 11 0.024994092 
469 437 300 430 0.024932714 
782 153 33 46 0.0246186 
660 666 7 10 0.024483163 
617 362 35 54 0.024130674 
560 451 11 11 0.024028547 
496 670 10 12 0.024025619 
607 694 11 17 0.023967957 
69 252 8 19 0.023944724 
625 612 10 19 0.023611084 
487 49 9 11 0.023578199 
612 550 14 29 0.023569372 
652 668 7 9 0.023144353 
625 336 32 51 0.023074806 
477 313 24 37 0.023068806 
545 634 10 17 0.022961725 
636 376 19 31 0.022959173 
69 750 10 14 0.022782901 
550 581 17 33 0.022264242 
499 436 10 12 0.022256017 
669 448 21 23 0.02206799 
208 484 26 40 0.022022868 
668 267 10 12 0.021962143 
500 51 8 13 0.021788945 
527 293 12 23 0.02163706 
426 594 12 11 0.02159844 
611 162 10 17 0.021057965 
517 456 9 12 0.021053169 
593 511 10 16 0.021022921 
522 52 8 15 0.021013781 
289 639 33 49 0.020934599 
412 25 9 9 0.02075125 
860 104 23 34 0.020500004 
643 635 9 14 0.020417117 
354 186 35 54 0.020354267 
429 444 23 33 0.020217631 
599 556 16 29 0.020209093 
