20_Family_Group_Family_Group_20_109
25
178 33 62 79 0.99860054 
293 158 57 79 0.99586415 
400 94 64 81 0.9906917 
451 165 43 48 0.8108071 
65 603 39 49 0.5770042 
551 302 42 56 0.11735193 
453 184 51 61 0.1056219 
0 649 16 27 0.09899502 
376 223 30 49 0.07975631 
397 313 22 27 0.07050939 
114 452 18 29 0.0657119 
395 356 13 15 0.0644771 
186 581 9 15 0.045449514 
944 492 41 40 0.03867518 
373 355 10 13 0.038334694 
448 196 25 33 0.037754543 
719 341 355 401 0.03552941 
942 510 27 30 0.031818196 
368 304 19 22 0.027527729 
366 318 22 30 0.02647505 
97 455 10 16 0.02444189 
922 468 34 46 0.02438573 
862 422 146 235 0.023729835 
55 646 17 28 0.02193195 
383 353 19 25 0.02168298 
