20_Family_Group_Family_Group_20_775
27
425 373 207 287 0.9998869 
285 582 204 242 0.9997662 
72 331 30 40 0.9975714 
149 360 27 38 0.99136716 
627 301 34 45 0.97616553 
339 366 24 43 0.6691088 
352 488 187 248 0.6012078 
55 862 229 423 0.49910071 
211 263 22 33 0.37459153 
695 475 66 116 0.1293446 
913 447 19 23 0.07728923 
87 452 15 23 0.07704717 
457 990 56 76 0.07483703 
486 755 488 709 0.06695398 
219 219 26 35 0.04462065 
212 253 15 23 0.03929731 
849 458 23 27 0.03712911 
214 333 15 27 0.03469773 
340 862 125 203 0.024767641 
628 1311 13 15 0.024151657 
330 380 39 59 0.023745157 
693 526 28 59 0.02253788 
262 328 10 18 0.021834835 
296 1268 9 17 0.02155652 
602 285 72 103 0.021033417 
624 1336 69 92 0.02029575 
628 1310 31 35 0.020233043 
