20_Family_Group_Family_Group_20_108
28
726 383 78 104 0.9996854 
104 323 76 98 0.9988193 
686 188 68 93 0.99865794 
252 66 68 90 0.9974784 
820 122 69 87 0.9972791 
292 329 92 81 0.9966068 
455 224 66 77 0.9947371 
497 417 74 49 0.5921726 
532 430 62 73 0.090214044 
878 444 39 60 0.08430555 
829 372 43 83 0.07607642 
580 457 42 68 0.071632564 
16 366 122 204 0.05660647 
842 270 71 151 0.045672737 
674 223 13 24 0.043952674 
178 361 36 59 0.043195326 
412 363 137 142 0.037385933 
964 525 20 45 0.032577954 
243 473 28 35 0.03126372 
645 375 16 29 0.026713265 
204 510 44 73 0.022990651 
327 352 122 164 0.022850817 
-13 221 262 412 0.022724492 
226 491 42 55 0.022351371 
592 442 63 112 0.021020038 
266 463 37 56 0.020779174 
656 191 39 64 0.020749213 
302 435 26 28 0.020170208 
