20_Family_Group_Family_Group_20_227
17
635 154 139 222 0.9991837 
295 206 138 180 0.9976736 
446 450 144 180 0.9939646 
581 61 382 529 0.51376826 
218 242 371 609 0.35996002 
395 121 249 326 0.27604955 
356 371 165 276 0.21468271 
188 128 161 267 0.10443904 
158 54 322 464 0.07039207 
432 343 322 342 0.059181586 
267 782 21 31 0.05119213 
543 138 158 245 0.051184915 
700 125 165 319 0.031923506 
746 350 329 488 0.031192936 
583 576 374 402 0.02999308 
62 192 318 547 0.028217161 
542 -49 381 316 0.026860088 
