20_Family_Group_Family_Group_20_64
99
172 305 53 63 0.99988806 
488 164 50 65 0.9997603 
618 387 67 97 0.9996111 
316 162 48 51 0.99959236 
276 27 41 49 0.99956244 
654 119 50 71 0.9995436 
757 485 75 87 0.9993625 
174 430 57 68 0.99934167 
756 277 51 66 0.9992718 
153 228 45 54 0.99922466 
797 51 47 57 0.99915266 
339 278 55 63 0.99907744 
251 177 40 48 0.9988919 
719 324 56 78 0.99869734 
887 308 51 63 0.9986803 
610 316 50 63 0.99847406 
4 371 63 68 0.9983298 
48 133 57 66 0.9976555 
307 320 65 82 0.997282 
465 315 58 87 0.99701095 
540 166 42 59 0.99599934 
843 478 59 57 0.9801967 
662 253 24 38 0.7003511 
987 197 29 54 0.4974803 
227 95 30 28 0.26980987 
234 453 45 50 0.18277858 
800 484 74 74 0.16117801 
943 339 32 43 0.14501128 
1005 202 24 46 0.13637 
132 391 32 65 0.123959675 
407 263 9 13 0.09669213 
975 203 23 49 0.08521722 
967 218 22 45 0.08378004 
939 286 35 46 0.07995036 
190 239 25 42 0.07744522 
1009 223 13 20 0.07277907 
567 339 34 50 0.06995476 
11 441 6 10 0.06071146 
948 463 30 61 0.057495516 
412 266 7 11 0.048820056 
411 526 49 73 0.041880563 
1022 118 21 37 0.0413569 
935 637 3 4 0.038715303 
72 543 50 72 0.038002048 
809 284 32 54 0.037727088 
896 624 4 6 0.037278738 
95 331 39 62 0.03547073 
930 636 3 5 0.0351611 
226 282 30 48 0.0342458 
850 333 32 50 0.033894736 
117 381 29 61 0.033131886 
213 559 30 27 0.032404654 
155 263 34 48 0.031977996 
933 649 4 6 0.0317284 
154 406 23 42 0.03170492 
916 631 3 4 0.03164709 
908 631 4 4 0.030594947 
94 368 30 55 0.028676035 
896 636 5 7 0.02856628 
896 627 5 7 0.028558023 
1021 231 22 42 0.027779771 
896 640 4 7 0.027006546 
949 624 3 4 0.026809331 
457 195 18 27 0.026331209 
397 311 20 31 0.026058119 
302 261 35 46 0.02604449 
478 561 36 46 0.025786242 
911 322 54 69 0.025571961 
404 258 7 12 0.025357174 
838 497 38 30 0.025314651 
400 263 18 28 0.024974443 
208 238 27 45 0.024726748 
904 655 4 6 0.024391979 
416 275 31 51 0.02427448 
411 297 19 26 0.024142237 
1018 405 34 68 0.023838328 
933 643 4 5 0.023697393 
201 229 22 38 0.02353533 
895 648 4 8 0.023293313 
936 632 3 4 0.023053803 
362 440 119 212 0.022992749 
905 630 3 5 0.022921635 
916 636 4 6 0.022860374 
584 383 32 62 0.022771616 
929 632 3 4 0.022504086 
1017 107 17 33 0.022492776 
931 643 3 5 0.022064148 
452 237 29 44 0.021837864 
459 169 9 19 0.0216945 
903 625 3 4 0.021687334 
702 244 8 14 0.02135012 
937 624 3 5 0.021230616 
321 71 24 41 0.021074746 
941 644 4 4 0.020854967 
279 302 39 59 0.020836176 
239 111 25 25 0.020626718 
382 285 33 52 0.020540474 
645 265 33 52 0.020444859 
791 43 27 46 0.02025575 
