20_Family_Group_Family_Group_20_556
58
413 358 48 53 0.9999248 
269 325 47 55 0.99988747 
622 269 45 53 0.99985456 
121 312 47 58 0.9998253 
931 236 42 54 0.9998018 
432 252 44 65 0.9997352 
183 230 37 59 0.9996314 
671 251 38 52 0.9996215 
357 262 42 49 0.99950945 
604 429 42 54 0.9992293 
504 278 37 51 0.99918336 
129 241 49 60 0.99914277 
727 354 45 53 0.9978903 
742 231 40 50 0.99731076 
208 491 44 52 0.9970361 
698 493 46 56 0.9948224 
778 266 34 37 0.99462575 
349 316 34 37 0.989915 
239 297 34 40 0.9896707 
242 561 50 55 0.98133606 
335 528 13 18 0.12855177 
770 350 48 51 0.11506003 
1007 664 17 15 0.097485006 
330 433 28 26 0.09607082 
888 478 18 26 0.08940395 
304 534 18 22 0.08794941 
318 546 13 15 0.07425123 
574 410 33 53 0.067778 
278 -66 325 354 0.06516934 
741 315 35 43 0.058784533 
342 554 10 17 0.04876522 
223 543 13 15 0.047028955 
343 531 10 15 0.037534323 
316 412 37 42 0.036432065 
790 254 23 32 0.03606508 
317 746 28 24 0.03508865 
899 488 8 13 0.033269186 
567 739 8 13 0.032695364 
683 414 17 37 0.029458603 
902 511 6 8 0.02714869 
350 533 7 12 0.026680458 
333 555 6 10 0.025873046 
786 232 9 13 0.02568946 
723 376 272 419 0.024386453 
305 531 12 12 0.024376137 
300 540 10 15 0.024179889 
908 492 7 8 0.023538357 
726 510 27 42 0.023486234 
915 494 6 6 0.022707062 
772 251 26 35 0.022570495 
1002 624 46 80 0.022356207 
313 421 379 297 0.02223005 
688 625 11 13 0.022176761 
910 497 6 8 0.021951044 
356 532 7 13 0.021772953 
292 529 8 11 0.021518636 
797 245 11 14 0.021057144 
332 561 7 10 0.020634845 
