20_Family_Group_Family_Group_20_282
41
465 264 21 33 0.99936956 
390 270 21 32 0.99911326 
700 266 29 37 0.9990695 
139 333 44 45 0.9987961 
340 279 27 34 0.9974178 
812 300 34 32 0.9965082 
63 351 33 58 0.98843944 
584 295 28 32 0.96624714 
276 301 29 43 0.92775995 
230 368 40 88 0.8182879 
912 304 29 66 0.17829514 
818 348 22 45 0.14523058 
878 341 15 39 0.11514031 
865 341 19 50 0.06563097 
894 434 27 38 0.06029018 
466 397 43 82 0.052016802 
342 322 17 35 0.042207576 
784 463 22 23 0.039875768 
833 349 26 49 0.039560333 
915 281 38 61 0.036417454 
853 360 24 50 0.03630156 
652 388 12 14 0.03616171 
819 555 50 52 0.03213216 
746 320 8 14 0.030316232 
611 452 25 23 0.030291997 
867 434 33 59 0.030216195 
40 348 36 56 0.029885208 
261 337 29 32 0.02982566 
918 339 26 49 0.029600218 
966 320 21 46 0.029313438 
722 305 28 47 0.028373774 
706 303 19 29 0.027949437 
970 297 29 57 0.02436374 
388 290 11 20 0.024299532 
1010 81 43 108 0.024038523 
813 438 34 50 0.023888486 
253 314 19 32 0.022231828 
263 306 29 32 0.02097225 
843 298 9 14 0.020925604 
326 -1 28 22 0.02026798 
745 426 77 92 0.02017412 
