20_Family_Group_Family_Group_20_579
29
235 445 72 100 0.99973816 
484 411 69 99 0.9996031 
771 126 72 91 0.99953866 
722 386 69 101 0.99953604 
648 125 62 110 0.99923825 
865 195 66 83 0.99771655 
564 217 65 84 0.997001 
146 175 65 82 0.9967091 
455 180 64 87 0.99632674 
333 175 62 88 0.9952211 
271 284 21 24 0.08518477 
262 289 19 23 0.07529833 
654 237 33 47 0.059915096 
276 276 27 23 0.05570759 
580 422 71 71 0.054811165 
300 757 9 12 0.051424343 
289 269 17 15 0.042101607 
670 702 27 56 0.0286894 
686 300 43 45 0.028400201 
632 699 34 64 0.026630959 
590 453 52 78 0.026264628 
738 730 17 18 0.023901135 
1001 147 4 9 0.022460325 
662 182 41 78 0.022269512 
772 712 47 33 0.021745533 
258 694 7 10 0.021071171 
693 30 13 15 0.020900847 
518 212 9 17 0.020453718 
882 22 7 12 0.020370733 
