20_Family_Group_Family_Group_20_672
204
361 222 32 39 0.99974495 
434 153 35 44 0.9996704 
747 226 35 47 0.99965787 
450 1026 26 43 0.9995171 
642 238 33 45 0.9994191 
303 141 35 45 0.9993272 
142 271 33 45 0.999243 
714 183 27 44 0.99886775 
308 252 35 43 0.99885976 
661 142 33 40 0.99873763 
608 212 32 46 0.998615 
275 288 37 51 0.9985455 
310 865 28 38 0.9984687 
357 846 24 38 0.998041 
826 845 25 33 0.99795794 
561 268 37 54 0.9977919 
190 223 37 46 0.9976199 
359 276 37 48 0.99753535 
679 867 24 34 0.99741423 
109 483 35 55 0.99729663 
809 900 24 36 0.9970367 
869 308 40 52 0.99698037 
401 227 30 45 0.99690455 
507 204 34 41 0.99669015 
215 302 38 54 0.9965797 
802 283 36 49 0.99645495 
349 1026 32 33 0.9961367 
424 270 37 43 0.9956332 
740 886 27 41 0.9954756 
851 847 29 36 0.99352735 
280 214 33 42 0.99310714 
496 839 24 36 0.99310255 
262 872 27 40 0.9929102 
679 184 25 32 0.99161875 
306 824 25 33 0.9913926 
168 491 38 46 0.99091643 
688 272 41 51 0.9905696 
539 211 27 40 0.98904616 
755 342 41 57 0.9884879 
741 1046 23 33 0.9882086 
457 830 23 34 0.9880603 
134 871 21 32 0.98759985 
588 339 35 51 0.9857452 
474 266 38 52 0.98487526 
91 862 25 34 0.9847051 
647 1037 25 34 0.9844498 
569 876 26 38 0.9817378 
237 495 38 43 0.9815015 
610 847 22 30 0.9791475 
573 488 38 50 0.97484756 
102 265 41 51 0.97332555 
429 838 23 33 0.97145677 
393 875 25 34 0.9705695 
110 947 23 32 0.9670533 
205 862 27 35 0.96138155 
254 1022 25 37 0.95885915 
371 347 38 46 0.95492125 
781 871 24 40 0.92407775 
821 1046 26 34 0.8748351 
228 864 24 33 0.80097485 
551 827 28 29 0.75754225 
771 881 21 37 0.70783484 
734 843 24 35 0.6888193 
502 936 24 38 0.67226964 
817 1022 32 41 0.58233285 
399 289 21 33 0.37129706 
681 242 33 40 0.36889178 
353 1098 28 32 0.29903325 
294 592 24 44 0.28366736 
342 355 27 44 0.26553822 
649 852 25 36 0.24772444 
863 426 15 21 0.24701302 
621 226 38 54 0.20899796 
440 801 25 30 0.19662099 
615 473 21 29 0.1423879 
162 456 30 40 0.12982292 
714 1047 22 34 0.12969142 
635 633 24 38 0.1250041 
397 950 16 19 0.10846394 
504 922 15 18 0.10581872 
572 1181 24 37 0.09213845 
817 1119 28 30 0.09183355 
581 603 15 18 0.08704678 
308 602 14 26 0.07801586 
415 281 27 39 0.070624664 
552 482 19 34 0.06983501 
420 1162 48 61 0.06820006 
267 1106 16 18 0.06429463 
676 199 25 38 0.06135344 
596 369 20 27 0.060202338 
560 937 47 55 0.059744358 
519 822 16 18 0.0585686 
238 223 22 34 0.055292763 
647 213 25 35 0.0542458 
647 1109 22 27 0.05416606 
680 1132 18 21 0.05372133 
355 968 22 38 0.05260557 
773 1023 16 27 0.05035261 
708 1150 14 16 0.04999094 
295 881 14 24 0.049635004 
543 816 14 17 0.048136137 
240 1172 14 19 0.04592156 
733 1124 25 29 0.045709908 
429 816 23 31 0.04475639 
713 1036 19 25 0.044433236 
623 1125 16 18 0.04428656 
157 1113 31 27 0.0434651 
383 457 14 20 0.042934984 
109 870 13 21 0.042895604 
540 1120 27 31 0.041351873 
305 930 26 32 0.04131415 
277 592 29 39 0.040634077 
622 468 16 20 0.040421613 
803 983 11 18 0.040371682 
228 256 21 29 0.040152125 
899 311 26 35 0.040151075 
295 640 12 18 0.039557345 
837 1056 13 23 0.039167687 
696 401 17 18 0.039141815 
277 876 23 36 0.03831239 
666 865 23 33 0.03790138 
449 1108 28 34 0.037187204 
477 398 16 21 0.03715815 
460 366 12 15 0.03690164 
252 595 15 15 0.035349295 
475 1242 11 16 0.035199877 
570 944 21 21 0.03516594 
515 924 12 17 0.03492261 
525 206 29 35 0.034615353 
243 219 14 20 0.034559064 
517 1188 24 30 0.03445964 
817 477 24 38 0.034148656 
579 442 8 13 0.033520304 
103 363 10 15 0.033291154 
895 501 55 105 0.03324075 
680 214 31 37 0.033163693 
673 935 21 29 0.03226095 
391 452 15 24 0.032228157 
495 1004 33 44 0.031804338 
775 1150 14 20 0.031351905 
931 441 37 85 0.030105293 
484 828 14 24 0.030024666 
192 935 24 34 0.029868336 
465 1170 49 64 0.02986696 
319 1295 40 56 0.029818842 
721 902 21 37 0.029057536 
360 426 10 14 0.028871119 
610 462 9 12 0.028837081 
506 910 22 29 0.028650466 
410 425 12 18 0.02847148 
494 1030 20 36 0.028271023 
845 1106 10 16 0.02709 
758 483 12 14 0.026575204 
851 408 68 110 0.02626595 
617 462 15 19 0.026175084 
793 233 21 33 0.025966702 
667 325 28 38 0.025869593 
544 891 21 30 0.025710471 
438 1122 34 36 0.025708474 
111 418 13 14 0.025679916 
131 394 10 15 0.025656804 
884 1026 8 13 0.025244813 
461 1017 34 49 0.025079317 
850 1054 11 21 0.0250565 
444 986 23 35 0.024896935 
659 802 11 13 0.024766063 
59 522 26 41 0.024684122 
209 930 29 39 0.024548378 
300 1139 14 23 0.024511123 
597 25 74 53 0.024352277 
14 763 446 477 0.024342988 
173 1177 33 45 0.02420957 
135 390 13 19 0.023760615 
504 826 24 29 0.023464 
241 622 17 20 0.023455026 
270 1194 32 37 0.023316503 
515 903 14 18 0.023051247 
701 1154 14 16 0.022947272 
783 866 16 24 0.02294216 
654 804 10 11 0.022838997 
909 318 13 19 0.022837948 
660 234 36 51 0.022749428 
857 1054 11 20 0.022686828 
487 942 20 33 0.022600614 
369 422 13 14 0.022564868 
750 964 24 39 0.022471279 
186 1135 11 14 0.022284 
666 1140 26 28 0.022124913 
631 813 15 19 0.022123145 
213 932 14 19 0.022103969 
713 1024 15 23 0.021933395 
515 939 15 26 0.021588203 
758 1110 14 18 0.021189814 
760 1186 7 9 0.020892842 
693 228 31 40 0.020744618 
491 904 12 16 0.02054026 
738 500 15 17 0.020509802 
347 1118 39 37 0.020257827 
640 223 16 26 0.020255867 
533 611 30 39 0.020187922 
432 903 23 27 0.02008634 
594 599 10 13 0.02007059 
270 1096 24 35 0.020012474 
573 832 13 19 0.020009542 
