45_Balloonist_Balloonist_45_838
94
609 376 37 59 0.99955565 
539 238 25 34 0.99951637 
125 370 38 50 0.9995152 
590 239 24 30 0.9993267 
726 374 39 45 0.9992779 
236 384 41 48 0.9990559 
787 315 30 39 0.9986482 
690 226 25 35 0.9984493 
526 386 31 36 0.998304 
733 233 22 31 0.9979498 
491 351 30 34 0.99790984 
278 212 26 34 0.9977823 
278 334 29 36 0.9975701 
456 283 28 29 0.99727696 
462 224 30 37 0.99725527 
644 347 27 34 0.99721503 
488 284 28 36 0.9972013 
651 252 28 30 0.9965713 
281 301 31 32 0.99370944 
762 283 30 28 0.99352324 
711 340 32 37 0.99351764 
459 381 32 43 0.99283 
839 305 33 36 0.9928281 
908 362 34 39 0.9904226 
818 239 28 33 0.9888138 
833 351 34 43 0.98405325 
186 310 34 39 0.98243 
192 384 29 41 0.97876644 
408 351 28 35 0.97512734 
182 245 31 40 0.9724497 
351 392 33 39 0.9627145 
567 367 27 38 0.78933173 
202 231 22 33 0.78678906 
34 221 17 25 0.627643 
242 348 24 27 0.5235126 
353 292 14 18 0.23969185 
861 276 17 24 0.22830975 
442 322 20 22 0.19743544 
893 307 23 37 0.17854369 
263 291 19 21 0.17093635 
369 289 12 13 0.15798059 
392 359 19 31 0.10550728 
436 308 19 26 0.08019548 
589 369 34 52 0.07915477 
448 393 17 29 0.06945309 
299 287 23 29 0.057321176 
851 292 25 35 0.05558756 
175 400 17 28 0.052623283 
570 384 30 48 0.04691104 
359 290 16 18 0.046427835 
184 138 8 12 0.042432792 
599 271 17 24 0.04157487 
412 433 38 46 0.04041575 
160 174 21 19 0.039243825 
510 235 22 29 0.038990524 
174 260 26 33 0.038749028 
825 291 20 32 0.037020802 
249 342 16 18 0.035811093 
642 388 22 35 0.034917105 
310 289 13 18 0.034486644 
999 348 35 68 0.033860676 
213 237 19 29 0.032861993 
653 381 31 47 0.032752223 
562 138 9 12 0.031556778 
747 310 16 23 0.03119242 
561 343 20 33 0.029162629 
269 296 24 29 0.028979165 
884 295 23 42 0.028045632 
561 398 20 28 0.0264224 
871 280 12 21 0.026387589 
262 342 21 27 0.025480753 
424 303 21 25 0.025138352 
481 317 20 22 0.024843127 
561 381 22 30 0.024065264 
220 248 21 26 0.02396292 
751 351 21 32 0.02382794 
5 295 8 17 0.023214156 
577 301 20 30 0.023163985 
419 432 21 24 0.02309388 
4 222 10 20 0.022855135 
718 242 17 28 0.0227237 
170 171 12 13 0.022645542 
35 275 9 13 0.022509482 
755 389 21 28 0.02240497 
188 507 90 76 0.022181062 
723 280 20 29 0.022006389 
159 270 18 29 0.021971276 
155 155 15 14 0.021253532 
480 247 24 29 0.02092885 
715 471 43 41 0.020894125 
200 225 17 20 0.020370781 
171 162 12 13 0.02006816 
121 184 24 22 0.020050438 
887 318 14 24 0.020012744 
