45_Balloonist_Balloonist_45_692
230
814 734 35 41 0.98014843 
949 720 10 13 0.83390725 
976 735 14 20 0.57750577 
925 713 10 15 0.5676717 
347 719 8 15 0.5578154 
702 720 10 16 0.5543636 
363 720 7 13 0.50087065 
931 713 9 12 0.43458813 
335 718 9 14 0.4335615 
681 739 11 17 0.35353747 
899 705 18 27 0.3129558 
665 173 21 25 0.3019261 
627 162 18 25 0.2923384 
382 728 8 11 0.28184256 
221 732 8 14 0.2791992 
193 720 10 14 0.2701127 
617 160 19 24 0.25188366 
704 179 22 25 0.23335975 
308 728 8 11 0.22460015 
385 711 8 12 0.22047348 
455 732 28 31 0.20279758 
177 48 39 62 0.15176256 
910 704 11 16 0.14310443 
904 718 11 17 0.13739754 
5 726 8 13 0.12595357 
256 724 8 8 0.12425843 
236 750 12 15 0.12273484 
753 386 148 219 0.119592905 
204 727 9 12 0.11705802 
369 720 7 11 0.11216483 
108 733 10 15 0.110815436 
402 729 8 10 0.099790074 
419 710 6 8 0.09965041 
42 719 10 12 0.09961107 
663 726 7 12 0.09910352 
843 724 31 45 0.09848695 
10 725 9 13 0.09612252 
358 722 9 15 0.09603646 
505 706 7 10 0.095697835 
227 733 9 12 0.09443522 
247 728 9 8 0.094126344 
9 736 11 19 0.09291556 
668 708 9 12 0.09279249 
659 714 5 9 0.09025366 
1001 724 12 17 0.08905433 
393 731 11 12 0.0881071 
286 726 7 11 0.08763842 
359 716 7 11 0.086390026 
297 725 8 12 0.0831719 
83 724 19 26 0.081782736 
218 170 284 448 0.08155606 
939 693 7 10 0.073197156 
376 721 6 10 0.07206793 
260 726 8 9 0.07204759 
839 419 88 159 0.07173614 
894 716 17 25 0.0691618 
390 728 7 10 0.06800804 
781 716 10 15 0.067810796 
276 720 8 12 0.06723541 
417 714 8 11 0.062471222 
308 723 7 9 0.06096579 
38 720 9 11 0.06058047 
242 727 9 10 0.059059296 
657 733 15 24 0.057268146 
985 717 10 15 0.0565417 
616 717 6 8 0.05647369 
45 751 9 14 0.055949617 
987 753 13 16 0.055515356 
880 720 8 13 0.05381649 
656 749 9 16 0.052985866 
1 726 7 16 0.052982703 
682 711 9 13 0.05082776 
586 716 9 9 0.049024183 
646 731 8 13 0.048427965 
553 734 19 29 0.047415715 
941 724 8 12 0.04676913 
431 715 6 9 0.046282765 
141 739 6 10 0.04511727 
0 716 5 11 0.044051047 
636 164 19 30 0.043926865 
690 727 7 12 0.0436718 
0 720 6 14 0.043239333 
298 731 10 15 0.043201264 
410 711 5 6 0.042979438 
697 723 10 15 0.042619452 
611 163 34 46 0.041973926 
280 722 9 13 0.041539643 
861 725 21 36 0.041334577 
183 727 12 13 0.041324504 
319 725 8 12 0.04059107 
780 704 6 8 0.039594717 
229 729 8 10 0.039463982 
894 705 11 17 0.038988564 
686 727 7 10 0.038769517 
406 732 9 13 0.038331285 
982 724 12 17 0.037871767 
908 604 11 19 0.037317004 
359 709 5 8 0.037133843 
380 732 7 11 0.03669622 
700 221 351 532 0.036492202 
236 728 8 10 0.036219407 
679 729 7 10 0.03600891 
1024 725 20 30 0.035797685 
372 709 7 9 0.034752008 
582 740 11 13 0.034711774 
1017 704 10 16 0.03440783 
281 744 18 27 0.034388997 
234 737 10 13 0.034373514 
297 161 46 84 0.03419641 
384 721 8 11 0.033857744 
1004 713 8 12 0.033519763 
396 716 6 8 0.0327443 
671 736 17 24 0.03256396 
414 732 12 16 0.032209482 
225 724 6 7 0.032096215 
403 734 17 25 0.03204965 
305 730 14 24 0.032003306 
678 733 9 14 0.031276442 
410 715 6 8 0.031151587 
229 751 8 13 0.031086769 
679 708 7 11 0.031056698 
695 711 15 20 0.030804232 
761 726 9 11 0.030697314 
775 708 6 9 0.030609403 
395 710 6 7 0.030519731 
644 722 15 25 0.03048145 
981 738 20 26 0.03028947 
32 720 7 11 0.030081103 
763 86 21 32 0.02961314 
304 746 15 26 0.029588358 
62 750 8 12 0.029579876 
767 726 9 10 0.029565422 
635 715 5 9 0.029517297 
700 192 14 17 0.02912692 
779 707 8 12 0.029068973 
916 704 15 23 0.02889549 
955 721 10 12 0.028623553 
886 706 18 30 0.02861018 
598 728 9 10 0.02842427 
690 706 10 14 0.02830185 
390 706 6 6 0.028233698 
872 721 18 34 0.028197324 
580 727 9 10 0.02816002 
688 736 9 17 0.028083064 
889 706 9 16 0.028034624 
778 704 4 7 0.027994167 
971 726 11 13 0.027910374 
715 185 22 27 0.027835155 
881 705 8 14 0.027787492 
0 736 7 16 0.02769123 
54 102 23 29 0.027409086 
926 742 10 20 0.027258415 
324 725 8 12 0.027037498 
798 723 24 36 0.027020395 
737 710 19 27 0.026998477 
0 721 12 28 0.02685835 
656 175 20 33 0.026762208 
972 733 11 14 0.026588332 
433 185 89 98 0.026537737 
408 131 90 106 0.026479822 
978 719 10 14 0.025952993 
451 731 13 15 0.025925525 
388 720 8 10 0.0257683 
599 749 13 16 0.025766961 
923 745 115 122 0.025740534 
611 164 13 21 0.025693757 
412 742 12 17 0.025549265 
650 731 8 13 0.02548707 
404 717 7 7 0.02531415 
153 739 8 11 0.02520245 
843 696 10 16 0.02519252 
466 713 32 45 0.025099168 
678 176 14 17 0.025030443 
677 175 35 42 0.024706397 
535 746 10 14 0.024658266 
36 725 10 15 0.02465305 
237 723 7 8 0.024545323 
663 748 10 17 0.02449604 
1015 721 16 25 0.02427053 
313 717 7 8 0.023903923 
309 716 6 9 0.023866478 
440 722 8 10 0.023743628 
471 726 11 16 0.023729036 
478 713 9 11 0.023690475 
755 725 9 14 0.023648266 
617 732 9 12 0.023623217 
125 732 9 14 0.023516733 
255 733 10 9 0.023432085 
593 717 7 8 0.023357522 
247 732 9 9 0.022881597 
229 745 7 12 0.022877792 
139 749 10 15 0.022854159 
688 716 15 24 0.022783011 
669 726 8 13 0.022751177 
888 721 11 20 0.02265199 
1019 709 15 23 0.02257499 
406 705 4 7 0.022504825 
655 714 6 9 0.022498732 
-15 231 336 384 0.022474183 
317 730 9 14 0.022448367 
679 705 6 7 0.022324985 
184 720 13 14 0.022121241 
339 710 6 9 0.022068325 
635 705 5 6 0.022064239 
265 728 8 8 0.022046087 
77 -65 410 449 0.021976812 
876 707 16 29 0.021814661 
231 718 5 6 0.021806527 
354 708 6 9 0.021700231 
988 730 11 19 0.021645203 
276 735 8 11 0.021441085 
778 717 18 27 0.021385895 
419 744 25 26 0.021293093 
661 722 6 10 0.02123061 
669 190 23 29 0.021160595 
73 726 19 25 0.021159858 
308 710 6 8 0.021027684 
450 738 17 18 0.021026295 
640 714 5 10 0.020920625 
616 720 8 11 0.020886878 
56 749 10 15 0.020826612 
71 722 7 10 0.020696674 
595 722 7 7 0.020528363 
49 724 10 14 0.02049872 
170 721 8 12 0.020439997 
34 737 12 15 0.020402048 
405 709 6 7 0.020175755 
609 148 19 28 0.020094799 
919 718 17 22 0.020089606 
636 181 21 31 0.020039601 
