45_Balloonist_Balloonist_45_416
88
406 591 77 77 0.99658304 
486 1328 31 48 0.8092736 
681 574 14 28 0.28353584 
638 548 15 24 0.21362063 
113 1350 12 21 0.18098423 
745 783 153 195 0.1665245 
95 1356 12 23 0.14107485 
733 677 24 50 0.10642131 
389 957 30 41 0.070388354 
531 1018 47 44 0.06498669 
99 1382 12 21 0.06342616 
265 1404 14 18 0.06307541 
66 1392 7 10 0.060160775 
107 1378 12 21 0.057558946 
622 565 14 24 0.056465562 
305 1365 8 11 0.0510664 
323 1295 11 14 0.050353795 
130 1407 9 13 0.047455 
642 558 15 25 0.047033858 
581 792 15 20 0.04565138 
446 856 26 42 0.04511382 
495 883 22 39 0.044045486 
801 560 32 40 0.043883465 
151 35 110 149 0.043882355 
331 1337 12 15 0.043813657 
600 808 14 22 0.042987436 
566 791 27 33 0.041294977 
42 1407 9 13 0.03966386 
344 779 59 70 0.039356615 
270 1277 6 9 0.038917527 
677 651 26 65 0.03809846 
660 563 24 41 0.037929818 
652 563 13 22 0.037460286 
428 1410 9 14 0.036409438 
534 854 27 47 0.03569899 
113 1341 8 10 0.03486643 
663 566 12 24 0.03476588 
644 459 15 26 0.034001656 
281 1405 10 16 0.033680126 
419 1414 15 22 0.033078868 
335 1294 19 16 0.033044364 
397 973 30 37 0.033005625 
302 1373 10 14 0.032818183 
337 819 28 35 0.03269712 
314 1412 28 40 0.032427464 
446 662 33 46 0.032151606 
805 540 33 42 0.031511735 
437 1033 44 37 0.030830825 
525 658 44 83 0.030310819 
616 559 13 25 0.02985611 
399 887 19 26 0.028859591 
503 565 52 91 0.028650912 
308 1361 7 9 0.028522944 
173 1413 9 15 0.028195955 
634 378 10 18 0.026614938 
646 569 22 38 0.026474744 
321 1410 15 19 0.026472138 
643 428 14 28 0.026262555 
332 1293 37 30 0.026098765 
10 1399 21 31 0.025921717 
519 693 27 43 0.025884967 
634 565 14 22 0.025728794 
355 1364 13 13 0.025258785 
427 1417 11 17 0.024927791 
619 735 29 47 0.024790553 
651 549 13 22 0.02478226 
643 738 9 16 0.024245845 
661 431 13 22 0.024066115 
397 953 20 22 0.023798872 
648 700 29 45 0.023631465 
385 864 15 28 0.023542358 
451 808 11 19 0.02351417 
95 1386 9 16 0.023089534 
606 800 10 21 0.022920847 
421 798 51 68 0.022765843 
101 1348 8 13 0.022418521 
83 10 113 152 0.022371229 
414 915 37 46 0.022234133 
319 1300 9 13 0.022136005 
58 1388 21 34 0.022000542 
530 652 28 47 0.021557832 
122 1409 23 38 0.021375166 
583 796 27 34 0.02061769 
513 820 27 45 0.0204346 
650 433 15 24 0.020293351 
441 1394 10 12 0.020203337 
188 1401 6 11 0.020192636 
563 892 40 58 0.020149238 
