45_Balloonist_Balloonist_45_186
85
464 223 180 315 0.9962968 
960 527 15 21 0.15428098 
945 515 17 20 0.13570924 
448 1 9 8 0.09737585 
466 576 467 561 0.09331073 
419 76 11 14 0.08009178 
447 9 11 22 0.067826234 
937 534 14 24 0.06077207 
26 1001 219 250 0.04905168 
448 33 12 17 0.045399178 
470 43 13 13 0.04434824 
249 134 423 547 0.04353313 
475 71 12 13 0.042136796 
261 871 5 6 0.041424014 
947 523 22 29 0.036457866 
922 543 19 31 0.034511734 
948 1031 8 12 0.034285765 
626 1090 4 6 0.03391293 
499 1250 5 9 0.03318552 
969 531 11 17 0.03183303 
523 1277 7 14 0.031668745 
475 39 14 14 0.030816907 
318 887 6 8 0.030550305 
635 1097 5 6 0.029037202 
644 1090 5 5 0.028952522 
635 1090 4 6 0.028781043 
957 1102 13 23 0.028567638 
481 1232 5 9 0.028220423 
628 1105 5 7 0.028098896 
385 1280 6 9 0.027620504 
969 996 6 9 0.027574783 
635 1081 4 6 0.02736212 
555 1137 4 7 0.026874594 
121 203 8 11 0.026249025 
398 1204 5 6 0.025937429 
556 1132 3 6 0.025848232 
497 1257 5 10 0.02575101 
538 1249 7 9 0.025715282 
235 716 8 7 0.025649365 
376 53 18 13 0.025538756 
409 1212 4 5 0.025514886 
682 1128 6 8 0.02535412 
472 1211 5 6 0.025328908 
565 1123 4 6 0.025254339 
627 1097 4 6 0.025222559 
380 42 11 9 0.025163207 
584 1127 6 8 0.025023507 
425 1219 5 6 0.02494815 
522 1259 6 8 0.023826886 
643 1081 4 5 0.023494095 
967 1035 9 14 0.023356108 
622 1089 4 6 0.023176275 
842 843 8 15 0.023140412 
569 1122 5 7 0.023006927 
437 54 13 14 0.022841236 
453 1 7 7 0.02280053 
447 1220 6 6 0.022724977 
559 1137 5 7 0.022698084 
838 967 6 8 0.022634063 
193 765 7 8 0.022456976 
293 894 6 8 0.022300873 
958 1006 6 10 0.022128886 
863 1030 7 9 0.021767633 
431 49 8 9 0.021641077 
620 1082 5 7 0.021632377 
407 1204 5 5 0.021631004 
584 1122 5 7 0.021356462 
449 1210 5 6 0.02127916 
449 1225 6 8 0.02126346 
504 1267 5 8 0.021189176 
223 823 4 6 0.021130085 
425 50 6 7 0.020970384 
442 -3 23 29 0.020830559 
839 973 5 8 0.020784643 
544 1259 7 9 0.02074075 
417 1196 4 4 0.020613061 
474 1217 5 8 0.020510107 
610 1097 5 6 0.020313688 
436 68 12 12 0.020309241 
222 846 5 6 0.02025595 
999 1042 10 17 0.020244928 
415 1220 4 6 0.020241283 
213 701 6 5 0.020227231 
499 1266 5 9 0.020159172 
424 1211 5 6 0.02013693 
