45_Balloonist_Balloonist_45_86
40
447 356 119 145 0.999666 
728 302 68 83 0.9927262 
118 287 38 80 0.94563425 
912 643 28 27 0.30551198 
768 541 40 49 0.10748706 
334 359 22 26 0.08276197 
579 389 40 66 0.07862449 
981 661 14 17 0.069131255 
625 315 23 42 0.059862852 
1003 558 34 63 0.047019266 
1023 640 19 35 0.046174824 
783 326 49 64 0.042975064 
580 388 20 27 0.038980428 
1032 623 28 56 0.038160685 
1015 651 16 28 0.036008105 
1024 603 24 47 0.034027588 
1028 657 18 32 0.03399674 
780 718 10 16 0.033090148 
518 368 76 110 0.031192854 
997 236 44 72 0.029843837 
589 387 11 17 0.027699161 
809 311 47 71 0.026992952 
380 164 45 53 0.02493281 
389 511 37 44 0.024593174 
573 397 21 32 0.024096997 
364 478 23 19 0.024042122 
623 287 39 61 0.023939082 
139 546 9 12 0.023894072 
191 328 20 33 0.023478307 
958 174 85 132 0.02337204 
90 303 43 65 0.023091897 
312 370 18 26 0.022819208 
1029 677 17 30 0.022470713 
922 652 29 26 0.022469977 
1014 435 10 23 0.022086196 
971 589 12 14 0.022081273 
610 371 74 105 0.021716597 
702 433 42 60 0.021405809 
399 647 65 113 0.020910725 
996 617 36 55 0.020657057 
