45_Balloonist_Balloonist_45_149
29
459 289 224 341 0.99980265 
405 546 34 26 0.09033492 
349 554 28 26 0.062356822 
417 514 26 23 0.05455195 
701 466 29 33 0.051348016 
208 335 24 39 0.048886593 
374 560 27 25 0.047901127 
418 524 32 27 0.047722157 
350 574 15 19 0.034506675 
687 465 28 32 0.033703055 
403 529 29 28 0.03353776 
307 411 31 50 0.03340173 
690 442 57 56 0.03268637 
356 551 18 14 0.028961783 
50 513 351 492 0.028835611 
204 296 39 69 0.028242292 
395 565 14 14 0.026623549 
164 488 36 73 0.02622117 
365 567 15 21 0.02594405 
410 528 11 14 0.024957597 
324 643 63 72 0.024795625 
365 558 12 14 0.02459654 
434 525 34 30 0.022564761 
686 438 35 34 0.021811191 
-124 1108 112 179 0.021703595 
672 441 30 34 0.02166139 
211 347 11 17 0.020895207 
441 584 8 10 0.020185022 
688 485 33 37 0.020164426 
