45_Balloonist_Balloonist_45_857
88
496 354 18 29 0.91683996 
614 353 19 27 0.8941314 
341 304 19 23 0.2443553 
-31 178 422 416 0.23328139 
507 591 21 21 0.15955916 
613 358 30 47 0.1564148 
529 5 359 359 0.14378509 
537 452 10 17 0.14320867 
313 84 12 15 0.13709578 
642 434 36 76 0.09500676 
323 287 15 16 0.06929566 
954 542 8 13 0.066950485 
464 472 18 21 0.0658155 
695 712 10 13 0.06416665 
552 412 47 87 0.06095516 
351 21 7 9 0.056401175 
543 193 338 377 0.052429765 
289 178 273 442 0.04775972 
560 366 19 25 0.045341972 
377 163 17 30 0.04459978 
394 226 18 22 0.04418918 
340 120 9 14 0.04356634 
376 142 41 60 0.041112244 
423 27 8 9 0.040320247 
450 15 6 7 0.037118766 
353 14 5 8 0.037102528 
352 27 7 9 0.035969775 
411 27 7 8 0.035518985 
250 126 33 45 0.03525075 
423 21 8 9 0.03223177 
544 28 5 7 0.031928685 
447 22 8 9 0.031448383 
1008 682 9 18 0.031286 
783 701 12 14 0.030761857 
462 2 5 6 0.030737622 
429 3 4 6 0.03012529 
482 318 15 13 0.030054897 
151 29 8 9 0.02986741 
871 684 7 11 0.029305676 
643 422 63 146 0.029052028 
606 40 7 9 0.028881552 
403 10 5 6 0.028517855 
364 15 6 7 0.027622016 
424 3 4 6 0.027303323 
799 712 9 12 0.026735423 
470 123 125 109 0.026702844 
454 10 5 6 0.026025 
369 287 12 12 0.025940266 
544 33 5 8 0.02592019 
423 10 5 6 0.02573166 
460 40 8 8 0.025693025 
381 23 8 9 0.025515424 
586 401 32 68 0.025370535 
984 513 7 10 0.025063347 
540 449 15 23 0.024707315 
442 9 6 7 0.024544632 
413 33 8 10 0.02432521 
402 15 7 9 0.024307333 
475 8 6 8 0.024257604 
436 21 6 7 0.023966374 
256 114 25 30 0.023636466 
403 2 5 6 0.023537856 
715 543 7 10 0.023353467 
453 28 7 7 0.023251269 
443 317 12 15 0.022545265 
434 10 5 6 0.022322372 
198 21 8 7 0.022237152 
415 245 19 38 0.022117713 
453 21 7 8 0.022099296 
550 1 6 8 0.022079304 
362 33 7 9 0.021887127 
409 1 6 7 0.021772964 
467 1 4 7 0.021576814 
429 9 5 6 0.021559635 
391 10 6 6 0.021551777 
569 21 5 8 0.021550667 
603 373 35 71 0.021542111 
282 11 6 6 0.021306839 
621 434 36 61 0.021164034 
253 77 10 9 0.021110155 
435 16 6 8 0.020850101 
565 22 5 7 0.02079202 
592 28 37 43 0.020473866 
397 3 6 6 0.020444013 
359 129 7 10 0.020370737 
615 39 6 8 0.02028628 
352 33 7 8 0.02011521 
953 531 6 12 0.020077907 
