45_Balloonist_Balloonist_45_615
83
753 162 74 104 0.99951243 
244 169 126 162 0.9978623 
99 119 56 102 0.9421003 
522 174 17 23 0.8107586 
465 136 20 26 0.19249532 
76 133 39 69 0.18254916 
574 367 22 37 0.13547136 
473 59 17 34 0.12076366 
505 251 30 69 0.10691135 
508 168 10 18 0.103196494 
394 8 9 12 0.0986005 
116 150 30 56 0.09183081 
900 496 40 39 0.090159096 
170 133 38 71 0.08222113 
140 134 45 81 0.052138276 
399 9 8 11 0.04792674 
439 7 9 8 0.047304288 
676 302 47 61 0.04678758 
422 4 7 7 0.043730825 
662 332 335 361 0.04352153 
885 512 48 43 0.042389296 
383 6 7 8 0.04111687 
469 221 19 43 0.0406482 
64 155 33 61 0.040401474 
485 151 14 31 0.04038739 
476 346 10 22 0.040125042 
479 200 17 39 0.039849084 
502 59 9 15 0.038304806 
466 58 9 11 0.037836783 
492 37 10 18 0.037444964 
908 319 42 73 0.036962148 
105 184 39 72 0.035812814 
532 180 12 17 0.035324614 
547 378 19 33 0.033607867 
574 297 16 24 0.033368163 
363 35 8 11 0.033136997 
109 131 9 16 0.03267455 
193 273 35 59 0.031415123 
576 393 20 39 0.03127699 
649 431 13 23 0.031225534 
240 56 20 35 0.030926602 
466 45 19 30 0.03080735 
538 219 17 33 0.029781494 
362 137 316 373 0.02912632 
552 391 30 55 0.029048832 
500 156 15 29 0.028952494 
484 54 19 32 0.028755298 
34 523 26 40 0.028732777 
414 16 9 11 0.028462116 
228 78 7 14 0.028373161 
122 162 44 80 0.028364856 
492 41 17 28 0.028073642 
221 14 14 27 0.027516365 
466 132 11 16 0.02743341 
447 5 9 8 0.02694332 
185 141 22 34 0.026910106 
71 522 21 41 0.026449407 
661 490 17 34 0.026439507 
102 129 20 43 0.026172336 
390 5 8 9 0.025956705 
857 484 36 41 0.025610337 
486 53 8 16 0.025552612 
484 39 9 15 0.02469827 
507 47 8 14 0.024524055 
386 6 17 20 0.024310559 
467 117 21 34 0.024015367 
917 490 30 31 0.023911562 
417 5 7 7 0.023835693 
461 56 9 12 0.023828873 
727 215 10 14 0.023766484 
1018 419 8 14 0.023388306 
703 299 41 49 0.022999244 
480 41 8 14 0.022997065 
348 -5 26 19 0.02285084 
427 3 9 8 0.022795131 
672 371 8 16 0.022774432 
492 28 9 16 0.022249065 
412 8 17 20 0.022133324 
493 145 15 33 0.021958642 
417 2 5 5 0.021798532 
651 372 35 68 0.021148514 
375 71 20 28 0.020970084 
421 17 8 9 0.02062617 
