16_Award_Ceremony_Awards_Ceremony_16_569
44
260 12 69 93 0.9996126 
190 35 45 58 0.999387 
558 137 148 171 0.99868816 
87 18 66 88 0.99839216 
440 6 72 81 0.9978205 
835 86 113 218 0.9951273 
-1 27 41 57 0.74145377 
796 57 100 194 0.52912945 
919 181 76 114 0.34600875 
348 77 43 72 0.3376288 
143 505 113 226 0.19548872 
161 87 33 53 0.18187563 
14 9 36 55 0.14624965 
233 36 41 63 0.1458936 
537 609 134 138 0.13351357 
72 67 18 32 0.12557603 
208 275 40 39 0.12345181 
0 55 23 34 0.06213337 
118 327 185 508 0.056333255 
409 413 31 62 0.05405557 
35 72 20 26 0.039663237 
586 41 246 396 0.03829886 
40 67 11 16 0.036688175 
23 125 37 60 0.03649169 
560 636 11 20 0.03418233 
122 52 63 88 0.03265426 
233 73 37 54 0.032395147 
37 78 28 39 0.031837538 
35 15 27 40 0.030966671 
67 68 36 54 0.02986498 
425 37 15 19 0.028407604 
86 97 11 15 0.027311664 
202 468 21 28 0.027250553 
0 237 13 31 0.026898483 
142 88 22 36 0.026763428 
822 189 11 19 0.024936393 
375 15 14 14 0.024539473 
503 7 46 64 0.023837434 
508 488 259 332 0.023041187 
22 57 36 50 0.022834003 
389 23 17 29 0.02277587 
29 128 21 30 0.022134127 
661 124 13 18 0.0213861 
1 76 25 34 0.021358637 
