16_Award_Ceremony_Awards_Ceremony_16_239
21
565 114 110 150 0.99965715 
72 209 351 469 0.9835684 
484 221 318 436 0.3429517 
809 731 10 14 0.06262951 
627 325 46 58 0.054589473 
24 581 102 190 0.040533766 
299 211 32 26 0.03412116 
685 693 9 17 0.033904284 
855 281 8 9 0.032123752 
312 202 267 415 0.031323083 
560 584 76 124 0.028407242 
869 273 6 7 0.026744995 
831 750 10 16 0.02566265 
35 572 9 16 0.025397366 
889 254 10 8 0.025118541 
844 275 20 21 0.02495481 
423 789 14 32 0.02251536 
856 276 6 6 0.02228526 
556 195 8 14 0.02169304 
504 773 10 19 0.020411737 
190 746 21 23 0.02012243 
