16_Award_Ceremony_Awards_Ceremony_16_495
342
394 156 199 292 0.99972683 
816 1212 10 24 0.62763584 
870 1037 12 24 0.4167825 
20 647 12 21 0.3579886 
700 618 31 52 0.35766146 
-1 189 10 27 0.29334706 
1009 688 13 28 0.28468812 
779 1210 10 18 0.25654194 
28 877 11 21 0.24469392 
84 308 8 15 0.1831097 
781 1280 8 16 0.16699 
818 1022 14 18 0.16440322 
778 1247 12 26 0.16349457 
922 3 13 19 0.15916185 
871 1006 6 10 0.15046911 
155 995 20 45 0.14453389 
885 1211 11 21 0.1367694 
975 662 12 25 0.12247795 
759 492 13 21 0.11810173 
185 1215 14 26 0.11340899 
997 4 10 17 0.11279134 
913 512 19 36 0.11235188 
943 104 8 13 0.10952732 
83 195 8 15 0.09566976 
156 1209 12 20 0.0952017 
904 608 13 18 0.093231075 
93 210 10 24 0.09119864 
832 1020 11 15 0.090441726 
906 131 9 16 0.08844196 
983 114 10 19 0.08647661 
818 1116 7 12 0.085744485 
770 1327 8 16 0.084168874 
816 1249 10 27 0.0837315 
19 3 13 19 0.08155298 
871 1202 8 16 0.07924796 
788 1042 8 13 0.07892794 
875 1202 8 17 0.07834315 
772 1042 10 14 0.07600449 
63 628 13 23 0.074389 
11 2 13 12 0.072565116 
147 1232 10 19 0.070435084 
763 1327 7 14 0.068876565 
817 1306 6 10 0.068559125 
815 1017 12 13 0.06724455 
974 5 8 14 0.06576392 
24 878 9 19 0.063191205 
876 1002 6 11 0.061303537 
1004 763 22 44 0.060350377 
816 1208 7 13 0.060231317 
975 0 10 10 0.06005959 
84 442 7 14 0.059400484 
109 447 6 11 0.059307177 
997 105 7 14 0.05755833 
979 603 8 15 0.056476906 
918 341 12 25 0.053941794 
13 458 21 42 0.053803638 
86 453 8 16 0.053773805 
91 437 8 13 0.05310522 
15 649 8 16 0.052683577 
878 1207 9 21 0.052245725 
810 1011 7 9 0.05210981 
77 142 7 14 0.052066706 
876 1300 7 12 0.05094989 
121 430 5 8 0.05093429 
173 1200 12 18 0.050482295 
984 0 9 9 0.050407097 
122 435 6 10 0.049837284 
93 204 7 16 0.048900787 
834 1051 11 17 0.048613034 
98 678 14 28 0.048433628 
926 103 8 13 0.048363738 
76 442 7 13 0.047884267 
48 891 57 128 0.047634564 
102 778 5 9 0.047545496 
763 1322 5 11 0.047496364 
1014 613 7 14 0.047099557 
102 890 12 21 0.04666676 
810 1305 5 9 0.046365626 
2 586 8 18 0.046114903 
928 3 10 11 0.045319375 
196 1202 14 24 0.044725996 
18 442 8 19 0.044583876 
985 108 6 11 0.04422817 
817 1272 9 20 0.044167396 
870 1102 8 18 0.0434662 
170 1328 10 17 0.042980734 
925 605 9 16 0.042946093 
764 1158 8 12 0.042569667 
979 119 10 19 0.042083368 
78 352 22 46 0.04203405 
996 459 10 17 0.041709103 
169 370 475 603 0.041654874 
984 5 9 14 0.04156813 
816 1238 6 14 0.0408573 
170 1318 9 16 0.04077213 
8 542 9 15 0.040369034 
979 24 6 12 0.040037945 
985 24 7 14 0.039717678 
1015 623 8 18 0.039712526 
10 66 7 14 0.039490268 
974 739 11 21 0.039471395 
976 507 9 14 0.039290812 
67 66 9 18 0.039219175 
807 1309 6 11 0.03886359 
805 1026 8 14 0.03879533 
967 25 7 11 0.03826443 
60 456 5 9 0.038170516 
13 443 9 20 0.03725737 
815 1011 8 10 0.037132896 
77 195 6 13 0.036957387 
55 692 11 19 0.036626853 
920 22 13 23 0.036265574 
5 304 7 12 0.036258835 
103 445 6 13 0.036203492 
3 68 5 12 0.036160275 
361 285 26 48 0.03585761 
918 413 10 22 0.035813175 
799 1026 9 12 0.035210066 
13 428 5 10 0.035133112 
934 684 10 17 0.034971856 
764 659 69 94 0.03489951 
768 1334 10 21 0.034819 
824 1304 7 12 0.034705438 
19 675 10 21 0.033954367 
1006 696 9 19 0.033933204 
71 212 9 17 0.033919692 
917 226 15 27 0.033903565 
693 452 24 22 0.03381321 
897 685 10 17 0.033760358 
945 109 11 16 0.033688277 
846 920 7 10 0.033630796 
3 444 10 21 0.033561084 
161 1205 11 18 0.033480953 
929 605 11 16 0.033333044 
882 1219 7 17 0.033120807 
762 1314 6 11 0.032698028 
911 135 10 20 0.032523524 
780 1225 8 17 0.032492246 
873 1291 8 16 0.032267433 
28 847 7 15 0.03214931 
15 642 7 13 0.032089774 
805 1044 8 13 0.032044042 
990 702 10 17 0.031836215 
860 1229 10 25 0.031482726 
359 273 15 30 0.031402342 
14 437 7 14 0.031332415 
761 1286 6 10 0.031258043 
92 67 6 12 0.031244373 
903 618 12 17 0.031181823 
108 86 7 15 0.031166794 
978 134 11 22 0.031138599 
845 925 8 13 0.031114064 
863 1203 5 12 0.030925218 
56 437 5 10 0.03090043 
86 429 5 10 0.030885572 
867 1224 9 23 0.030830087 
160 1344 9 18 0.030773843 
58 445 5 9 0.030326389 
800 1311 5 10 0.030311583 
68 201 7 13 0.030306386 
14 669 8 14 0.030212004 
839 1017 7 12 0.029984104 
85 68 7 14 0.029944897 
67 456 5 8 0.029834531 
966 701 13 23 0.02982048 
967 41 6 12 0.02979572 
66 205 21 43 0.029690959 
879 1225 10 22 0.029663168 
160 1255 9 16 0.029484196 
73 202 8 13 0.02940086 
892 1217 9 19 0.02916042 
993 465 10 18 0.029025137 
100 439 6 9 0.02898189 
901 172 14 30 0.028807217 
853 931 11 20 0.028718086 
796 562 9 12 0.02850207 
982 310 7 12 0.028465424 
776 1283 6 12 0.02846081 
844 1036 7 10 0.027985737 
862 1042 9 17 0.027918102 
756 1154 6 8 0.027870508 
961 25 6 11 0.027564539 
789 1020 5 7 0.027522879 
853 1204 6 11 0.027504453 
994 22 9 19 0.027501257 
852 1232 9 23 0.027318662 
20 436 6 13 0.027314274 
974 702 10 19 0.027295839 
34 875 12 23 0.027250988 
-1 63 4 11 0.026971783 
886 1231 9 19 0.026802631 
175 1197 21 33 0.026794448 
978 -1 21 32 0.026786853 
83 257 6 12 0.026750583 
122 463 6 10 0.026746165 
56 430 5 9 0.026712695 
960 34 7 13 0.026659483 
79 209 18 38 0.026655527 
-1 69 5 14 0.02664921 
81 145 8 14 0.026647918 
977 375 8 13 0.026622402 
937 609 10 17 0.02660954 
841 1044 8 11 0.026514526 
683 489 36 35 0.02647271 
68 462 5 10 0.026405124 
48 701 11 18 0.026393985 
75 462 7 12 0.026339563 
188 1203 12 23 0.026130332 
825 1411 7 10 0.026077405 
104 188 5 9 0.026025923 
976 15 7 14 0.02590263 
23 430 6 9 0.025879564 
18 22 25 49 0.0257574 
91 197 6 12 0.025676733 
941 110 9 16 0.025542973 
833 1310 7 14 0.025478661 
24 680 12 23 0.025454488 
91 422 6 8 0.025326554 
858 1275 9 17 0.025260417 
810 1236 7 16 0.025186641 
1009 366 11 26 0.025039824 
811 1213 8 16 0.024857558 
810 1116 6 11 0.024821015 
973 59 13 23 0.024784695 
122 423 4 7 0.024748586 
105 525 25 36 0.024747679 
894 1264 9 19 0.024640854 
40 653 7 11 0.024634693 
984 470 9 17 0.024589889 
881 1215 18 36 0.024560705 
103 194 6 11 0.024533797 
786 1212 7 15 0.024474543 
993 6 20 38 0.02440633 
965 35 6 10 0.024376165 
894 1105 6 13 0.02425427 
835 1011 6 9 0.024236947 
753 531 11 15 0.024204409 
165 1233 10 22 0.024174089 
41 79 5 9 0.02411046 
852 1221 7 18 0.023959035 
783 1019 5 8 0.023916299 
1001 328 6 14 0.023818137 
236 1235 11 20 0.023705311 
39 713 12 23 0.023621721 
48 0 7 7 0.023610739 
179 1235 12 20 0.023558378 
862 1213 7 15 0.023536071 
145 1284 13 22 0.02351191 
979 470 9 19 0.02333548 
172 1221 23 38 0.02327993 
99 264 13 22 0.023248563 
79 435 20 35 0.023232661 
868 972 11 23 0.02321557 
12 699 10 23 0.02319341 
162 1246 10 17 0.023138512 
51 429 6 10 0.02313207 
915 107 7 11 0.023051767 
59 462 5 11 0.022957519 
775 1220 8 16 0.022948582 
104 783 4 9 0.022939216 
1000 336 8 16 0.022861132 
1001 108 8 17 0.022860445 
809 1016 7 10 0.022836128 
911 619 10 16 0.0228325 
45 709 11 21 0.022832306 
1002 316 7 15 0.02280126 
762 1152 6 10 0.022740286 
994 111 8 15 0.022685977 
122 457 6 9 0.022624888 
987 31 7 13 0.022604272 
26 3 11 10 0.022600394 
914 0 14 15 0.022565572 
78 170 5 8 0.022565052 
872 1196 18 35 0.022476066 
85 188 7 12 0.022446353 
5 64 5 11 0.022381892 
51 435 6 10 0.02235056 
899 166 12 21 0.022301022 
40 74 5 10 0.022300273 
28 429 5 10 0.022268021 
821 1015 23 30 0.022261707 
863 1257 6 12 0.022259675 
0 234 13 34 0.02220445 
784 1274 9 17 0.022172222 
71 61 8 16 0.022153493 
799 1033 9 11 0.022115337 
128 767 5 9 0.02204718 
978 310 7 14 0.02201152 
851 927 9 16 0.022008516 
27 39 9 16 0.021982132 
0 76 8 15 0.021973347 
812 1112 19 34 0.021965278 
91 677 14 28 0.021918979 
997 310 7 14 0.021910151 
1014 82 9 19 0.021903927 
1014 647 9 17 0.021872697 
914 112 8 14 0.02184527 
877 1198 6 11 0.021770213 
864 1009 6 8 0.021768447 
915 703 10 20 0.021745367 
799 1020 6 8 0.02172674 
114 429 5 8 0.02170523 
779 1037 6 10 0.021643328 
71 220 11 24 0.021626431 
899 594 24 40 0.021553602 
793 1306 5 9 0.021537304 
870 1068 8 17 0.02140078 
-1 54 3 9 0.021325096 
1014 64 11 23 0.021225581 
893 1113 7 15 0.02116822 
930 684 19 33 0.021166615 
842 1010 5 8 0.021137254 
104 864 6 10 0.021085232 
775 1277 6 11 0.021011166 
66 236 9 17 0.020933071 
112 438 5 8 0.020907098 
870 893 9 10 0.020863282 
761 1292 6 14 0.020851657 
58 770 5 9 0.020798264 
876 1104 7 16 0.020712808 
99 226 9 18 0.020667573 
834 1032 8 12 0.020638429 
776 1070 77 125 0.020517467 
793 1087 15 22 0.020500194 
750 505 11 20 0.020497572 
809 1296 6 11 0.02046992 
849 918 8 12 0.020459898 
45 664 13 25 0.020453447 
912 599 11 18 0.020428563 
1010 706 13 30 0.020358838 
890 1104 6 13 0.020334538 
113 424 4 6 0.020279076 
112 222 6 12 0.020176345 
38 0 47 89 0.020154301 
70 441 21 36 0.020152299 
971 51 8 17 0.020148229 
824 1011 7 9 0.020113137 
726 1353 9 18 0.020111902 
21 765 8 15 0.020077942 
904 559 12 18 0.02005117 
797 1045 10 13 0.020048013 
87 422 5 8 0.020025723 
