16_Award_Ceremony_Awards_Ceremony_16_85
20
408 227 51 71 0.99962056 
269 234 50 68 0.99958163 
520 229 55 70 0.9991054 
682 230 52 75 0.9990914 
164 183 57 75 0.9990414 
825 253 55 79 0.99639505 
470 557 22 20 0.09093748 
599 568 29 23 0.05064957 
336 275 43 51 0.033804785 
894 15 267 482 0.032878127 
730 526 17 31 0.027758047 
399 246 10 18 0.026019203 
902 617 30 29 0.024970114 
507 174 4 5 0.02473149 
474 236 5 6 0.023597866 
180 397 252 390 0.023533441 
799 255 32 54 0.022723284 
806 512 15 23 0.022210086 
891 96 3 5 0.020387834 
480 211 4 4 0.020121163 
