16_Award_Ceremony_Awards_Ceremony_16_317
44
216 103 37 52 0.9995372 
843 115 31 46 0.95545757 
601 131 25 49 0.82006234 
580 326 50 42 0.5489021 
357 380 23 20 0.3039081 
590 312 6 9 0.10791933 
605 148 36 58 0.09529021 
592 316 7 9 0.05592388 
416 114 15 10 0.05577876 
378 118 11 10 0.051468093 
602 314 4 5 0.04160636 
365 377 15 13 0.038427252 
176 170 38 53 0.03679294 
315 453 96 126 0.036729638 
531 641 8 15 0.035418827 
587 330 11 12 0.034421254 
602 318 5 6 0.03389531 
591 306 5 7 0.03363817 
608 302 3 3 0.033113606 
590 300 5 8 0.032760818 
297 112 11 13 0.032409973 
581 315 67 103 0.032332767 
623 136 27 36 0.028673084 
180 639 19 36 0.027341308 
609 308 4 4 0.027015882 
595 302 3 5 0.026162524 
592 336 13 11 0.025775138 
604 302 3 4 0.024245903 
446 112 12 10 0.023877384 
578 351 4 6 0.02314425 
614 309 3 4 0.02284864 
165 185 34 55 0.022471521 
588 325 7 8 0.022198787 
603 307 3 4 0.021911388 
594 307 4 5 0.021880064 
344 114 19 11 0.02172356 
578 359 3 7 0.02121892 
250 124 16 28 0.021111835 
501 120 7 7 0.020704329 
581 321 24 31 0.020491198 
587 357 7 8 0.020450976 
578 363 3 6 0.02034635 
642 130 22 33 0.020345358 
480 121 7 5 0.020345284 
