16_Award_Ceremony_Awards_Ceremony_16_512
31
361 153 237 322 0.9998605 
121 792 55 56 0.73515433 
965 133 14 28 0.23081234 
874 139 13 25 0.1312011 
135 1501 29 37 0.124457784 
1000 862 12 24 0.10826864 
163 865 33 32 0.09418884 
248 809 20 37 0.081611775 
66 20 18 27 0.06935421 
2 1528 10 16 0.05996934 
1005 130 12 22 0.05438299 
2 913 8 16 0.048179418 
743 682 152 205 0.035266053 
66 16 44 67 0.034020998 
162 1480 20 21 0.031951096 
101 736 46 41 0.02976008 
168 812 15 20 0.02811871 
177 883 25 23 0.02729752 
0 134 6 12 0.026106618 
880 724 12 21 0.024830319 
68 268 62 84 0.024363512 
266 809 11 23 0.024170559 
791 1 15 11 0.023260092 
154 812 36 39 0.022220377 
149 829 56 57 0.021919841 
478 1471 22 43 0.021785002 
145 1519 36 42 0.021349598 
180 992 81 87 0.021265998 
37 165 9 14 0.021233134 
80 906 11 16 0.020542553 
432 803 12 23 0.020433173 
