16_Award_Ceremony_Awards_Ceremony_16_94
44
145 292 73 94 0.9998012 
782 382 73 101 0.9995443 
384 334 69 97 0.999466 
557 349 71 96 0.9994466 
893 519 24 30 0.20781301 
215 537 11 17 0.11525784 
94 684 12 12 0.078465864 
221 436 22 27 0.061702337 
398 567 23 25 0.05697337 
505 462 31 60 0.054797716 
664 673 73 89 0.05175513 
969 469 16 27 0.048056193 
443 448 68 102 0.045038804 
544 435 19 45 0.04131839 
304 491 99 135 0.03502644 
794 497 19 36 0.034844358 
76 689 10 11 0.03118749 
691 717 40 54 0.030536646 
60 32 11 21 0.028842097 
499 380 302 354 0.028153906 
745 666 11 19 0.027760629 
733 689 30 56 0.02769213 
952 474 32 59 0.027189545 
609 343 16 16 0.026878918 
950 602 20 30 0.026589597 
656 662 61 51 0.026349565 
707 745 21 29 0.025471872 
960 495 9 17 0.025200767 
824 505 62 94 0.024927543 
803 543 19 32 0.024634875 
247 406 27 25 0.023246624 
706 676 40 54 0.02320199 
217 487 87 122 0.022874238 
187 726 18 31 0.022842636 
128 318 9 14 0.022442246 
958 489 17 33 0.022022968 
513 435 32 62 0.021908455 
1019 497 15 28 0.021855175 
114 395 11 14 0.021823434 
623 631 22 36 0.021615257 
56 20 49 88 0.021574862 
631 380 11 18 0.021533953 
875 486 16 29 0.020154556 
30 1 10 12 0.02009446 
