16_Award_Ceremony_Awards_Ceremony_16_116
124
397 162 125 188 0.9998847 
551 126 118 168 0.99987817 
912 513 28 46 0.94174546 
847 478 17 29 0.8064841 
172 466 12 18 0.18481402 
867 520 22 33 0.1720824 
10 446 14 19 0.13094372 
10 139 16 21 0.10797746 
60 520 14 15 0.08863238 
17 635 12 24 0.083699726 
154 450 13 18 0.07728321 
131 622 15 16 0.06475481 
0 654 13 24 0.06299542 
231 514 12 24 0.062074605 
818 517 11 17 0.059184 
305 -5 58 52 0.058096204 
0 623 7 16 0.057831485 
455 25 40 55 0.052109424 
264 595 6 10 0.05152918 
246 627 5 9 0.05033232 
79 511 15 15 0.049406398 
256 497 11 24 0.049329147 
281 646 5 8 0.049016472 
153 719 12 12 0.04848014 
270 595 6 9 0.046778776 
156 757 27 18 0.043222774 
182 359 15 29 0.04313802 
35 654 10 14 0.040379148 
245 646 6 11 0.0399048 
252 629 5 8 0.03850695 
825 518 12 17 0.038100213 
211 310 12 23 0.037603218 
170 492 14 21 0.036593456 
317 891 471 562 0.036287136 
12 616 25 46 0.035877123 
234 608 5 7 0.035425883 
280 -4 36 25 0.035259552 
226 610 4 8 0.034447156 
94 625 12 13 0.034273643 
141 468 16 17 0.033942137 
139 652 19 17 0.033900145 
166 459 10 16 0.0328544 
253 634 6 8 0.03230597 
262 68 29 31 0.03227925 
121 644 14 14 0.031567615 
165 663 14 14 0.031399343 
989 915 15 22 0.03122954 
369 41 32 48 0.031162702 
224 616 4 7 0.030989043 
20 619 12 22 0.030605325 
245 618 4 6 0.03029706 
42 626 7 13 0.030283922 
260 654 6 10 0.02946301 
144 739 10 10 0.028906997 
265 628 5 9 0.02871526 
283 636 4 8 0.028404808 
30 641 9 16 0.028141376 
10 659 10 18 0.027917404 
969 853 13 17 0.027880909 
14 476 28 36 0.027847216 
46 398 16 19 0.027795454 
829 481 11 22 0.027600007 
283 688 8 16 0.027069904 
102 355 26 52 0.02676825 
0 668 11 21 0.026634144 
125 633 13 13 0.026221555 
9 647 11 20 0.026141413 
89 648 7 8 0.025898257 
203 645 10 13 0.025881464 
134 148 14 15 0.02572956 
32 717 18 19 0.025656052 
245 609 4 7 0.025478398 
282 660 9 16 0.025473952 
160 720 10 11 0.025459632 
246 634 5 8 0.02542927 
505 531 57 132 0.025396848 
171 753 16 14 0.025348363 
884 529 15 26 0.025075365 
254 654 7 11 0.025005115 
68 536 12 14 0.024862332 
131 554 16 21 0.024456425 
116 626 7 10 0.02419466 
254 617 5 8 0.024061525 
190 642 13 17 0.023999283 
47 57 12 14 0.023913365 
235 487 10 15 0.023616638 
20 677 32 34 0.023384644 
67 513 10 10 0.023277685 
60 504 28 27 0.023192711 
129 616 11 13 0.02311233 
194 487 10 13 0.02301258 
23 700 31 31 0.022981893 
855 524 14 20 0.02288705 
50 625 6 12 0.022756398 
264 590 5 10 0.022731248 
181 644 17 20 0.022647958 
14 611 10 19 0.022646343 
283 668 8 19 0.022485835 
30 631 8 16 0.02239819 
122 671 17 14 0.022036795 
40 126 9 10 0.021976784 
890 521 24 40 0.021809943 
813 502 22 40 0.021646716 
259 74 18 18 0.021561781 
39 643 8 14 0.021538021 
123 150 14 16 0.021531438 
244 653 7 10 0.021526178 
234 602 4 7 0.021502048 
81 646 7 9 0.021448687 
161 714 9 11 0.021303888 
138 631 137 160 0.021185314 
253 607 5 9 0.021068208 
738 176 17 23 0.02106429 
144 458 14 17 0.02105987 
236 617 4 7 0.021018818 
236 702 7 11 0.020922631 
235 648 5 8 0.02089097 
122 661 16 15 0.020810183 
143 669 16 16 0.02080175 
252 646 7 12 0.020486675 
119 638 8 10 0.020455934 
90 655 9 9 0.020385608 
215 646 7 11 0.020280376 
255 600 4 6 0.02015955 
