16_Award_Ceremony_Awards_Ceremony_16_226
23
605 205 31 38 0.9933513 
205 90 53 79 0.99295956 
751 372 25 38 0.9389641 
285 331 192 287 0.08900774 
588 208 18 32 0.08233613 
235 173 35 46 0.063894555 
364 416 53 52 0.060525678 
189 84 41 68 0.047708828 
1001 409 8 12 0.045478772 
195 355 10 14 0.03459674 
425 466 34 35 0.031078035 
246 386 386 389 0.0295878 
50 350 28 28 0.026564514 
560 300 17 28 0.025445048 
626 396 98 118 0.025098199 
355 398 26 35 0.024650348 
589 209 9 14 0.024602419 
28 52 75 166 0.023798056 
638 118 11 20 0.023515781 
20 203 4 6 0.022261051 
151 363 7 10 0.021635767 
389 1 96 114 0.02057677 
348 414 31 44 0.020019978 
