16_Award_Ceremony_Awards_Ceremony_16_141
66
636 321 22 30 0.99966216 
394 237 40 57 0.999514 
92 258 39 59 0.9992918 
567 310 24 38 0.9982389 
141 261 35 54 0.998211 
546 296 22 39 0.9979171 
189 276 34 51 0.99654096 
606 310 22 39 0.9947464 
19 246 35 56 0.97339994 
349 245 35 63 0.9724793 
462 262 28 40 0.9232675 
502 289 21 36 0.78760976 
438 259 31 51 0.6842117 
213 423 31 27 0.62741214 
464 439 25 24 0.5769662 
613 430 15 17 0.5531667 
36 304 23 37 0.40484843 
276 66 44 92 0.29214138 
538 435 18 23 0.28446797 
483 450 19 29 0.24960136 
3 234 33 55 0.18666086 
492 281 18 31 0.15839066 
404 457 29 44 0.15765016 
644 426 11 17 0.14467494 
662 429 18 21 0.10475224 
371 244 38 54 0.1018131 
530 305 19 27 0.08185582 
428 277 28 42 0.0692761 
921 116 48 89 0.060640033 
515 295 18 31 0.058438756 
451 328 17 33 0.04943805 
514 290 11 22 0.047393374 
505 388 22 23 0.044851277 
45 439 27 28 0.043137483 
555 308 23 34 0.0418385 
54 252 29 51 0.03716171 
209 436 39 41 0.034971345 
585 437 14 17 0.034564108 
971 49 10 20 0.03313643 
72 252 34 53 0.03248545 
0 224 7 19 0.030659502 
448 248 23 36 0.030142045 
695 257 126 176 0.030134343 
350 359 32 57 0.029636357 
620 310 26 38 0.027146662 
152 454 19 34 0.025978547 
2 460 40 52 0.02474943 
453 282 25 35 0.024275832 
25 444 52 52 0.024058344 
586 449 13 16 0.023703892 
640 412 17 27 0.02362068 
965 418 10 16 0.023552565 
430 9 3 6 0.02290817 
471 310 28 44 0.022888489 
524 309 9 17 0.021887992 
769 9 4 6 0.021286033 
415 280 24 33 0.020482425 
801 41 3 6 0.020404171 
404 323 353 423 0.020386651 
584 29 3 5 0.020203013 
423 9 4 6 0.020163866 
469 449 24 30 0.020122968 
488 35 2 5 0.020118266 
583 22 3 5 0.020070907 
792 314 179 162 0.020012103 
578 22 3 5 0.020001763 
