16_Award_Ceremony_Awards_Ceremony_16_73
359
725 88 43 54 0.99923956 
203 55 19 26 0.99895656 
409 145 37 50 0.9986792 
616 147 39 48 0.9981688 
260 123 36 44 0.997931 
91 71 18 25 0.997886 
318 72 31 40 0.99273914 
267 79 16 22 0.9775578 
640 81 16 19 0.9755539 
720 41 17 22 0.9682957 
866 37 12 19 0.9566995 
609 61 15 19 0.94755864 
602 22 15 15 0.94120675 
563 29 16 19 0.9405944 
492 60 16 22 0.9373928 
771 1 15 15 0.92868817 
472 29 13 18 0.9269678 
617 31 15 18 0.9214274 
534 69 11 18 0.9104397 
431 78 15 22 0.9025178 
698 41 16 21 0.90125173 
624 72 15 19 0.89453095 
170 57 12 18 0.8899734 
686 26 14 17 0.87397504 
445 53 15 22 0.8712393 
536 43 15 21 0.8708181 
638 45 14 20 0.8584828 
241 84 12 21 0.8427585 
908 110 17 35 0.8303324 
701 3 14 17 0.8264715 
989 33 12 20 0.8173828 
425 59 16 27 0.7479622 
582 18 12 18 0.71305543 
749 38 16 24 0.712451 
186 69 14 23 0.6857973 
21 75 18 30 0.6638431 
416 62 15 27 0.65548104 
654 23 16 19 0.65479606 
568 78 18 18 0.64865583 
852 22 11 17 0.6458812 
892 33 9 18 0.62808144 
345 32 11 18 0.62656593 
152 139 10 17 0.5952777 
719 15 17 21 0.5702319 
570 52 14 17 0.56834877 
7 81 14 19 0.5616814 
834 39 10 16 0.56023216 
363 49 17 23 0.5248769 
656 65 14 17 0.52414536 
241 60 12 19 0.5189198 
974 21 12 19 0.46389535 
920 36 9 15 0.44831038 
547 79 13 17 0.44447628 
463 60 14 20 0.438871 
877 16 10 16 0.421816 
556 30 12 17 0.37072402 
285 7 7 12 0.36022344 
508 0 13 14 0.35816717 
812 31 12 17 0.34668645 
1003 77 10 14 0.34168762 
436 57 16 25 0.32224187 
622 40 12 18 0.3099791 
593 75 15 18 0.2963575 
445 72 10 18 0.27242112 
398 32 9 17 0.26312009 
348 63 13 23 0.24631232 
991 1 12 17 0.23762766 
852 39 8 13 0.23096788 
0 96 7 21 0.22809856 
588 2 17 13 0.2253121 
642 18 14 15 0.22319229 
801 21 11 13 0.20476812 
211 334 9 13 0.18776256 
973 34 12 19 0.1866779 
918 12 8 15 0.1761592 
527 35 12 17 0.17525928 
785 38 10 16 0.17269741 
77 50 22 23 0.15318242 
460 3 10 11 0.14887398 
691 104 22 32 0.14788818 
400 12 9 14 0.14624739 
913 45 8 15 0.14530909 
558 56 10 15 0.1430924 
804 69 10 16 0.13695891 
325 2 7 11 0.13372537 
903 29 7 13 0.13022734 
838 29 9 14 0.12738213 
427 21 9 13 0.12668234 
598 61 17 23 0.122984566 
388 62 15 25 0.12133514 
457 45 13 18 0.117059834 
548 3 12 18 0.11360362 
124 56 11 15 0.11195217 
343 2 7 10 0.11056414 
391 39 14 24 0.11001089 
587 48 11 12 0.10957395 
655 35 15 23 0.10751533 
131 96 10 18 0.10750869 
388 29 9 17 0.10718893 
453 11 11 16 0.10718078 
485 63 11 16 0.106983736 
419 46 11 15 0.10686404 
791 38 9 15 0.10508614 
365 2 7 9 0.10324223 
367 8 8 13 0.09810773 
915 40 8 14 0.095555894 
156 80 13 17 0.09406792 
232 68 14 25 0.09193518 
457 6 12 16 0.09000848 
53 66 17 25 0.08962399 
884 190 23 27 0.08770862 
319 41 7 11 0.08619205 
841 125 27 49 0.08585759 
645 41 17 23 0.08452501 
807 37 9 13 0.08280824 
892 59 8 14 0.081012644 
339 76 19 32 0.08000491 
539 73 14 20 0.07969041 
356 0 8 11 0.07539167 
545 48 11 16 0.07524278 
12 67 8 12 0.073050186 
1006 25 10 16 0.07281461 
523 63 9 16 0.07173497 
362 19 10 17 0.07152253 
757 -1 10 8 0.0714581 
1002 57 7 14 0.0709817 
818 1 9 9 0.070549764 
445 38 10 15 0.069722034 
279 50 9 19 0.067563936 
384 0 9 13 0.06690946 
331 337 11 19 0.06668763 
997 80 10 16 0.0660613 
6 89 15 29 0.062241137 
821 8 11 15 0.061865717 
816 45 10 14 0.05875933 
758 48 13 17 0.057235226 
369 2 7 11 0.056505833 
370 25 10 16 0.055599783 
387 12 9 16 0.055220176 
18 65 10 15 0.054462273 
898 192 13 17 0.054058377 
135 58 16 24 0.053871416 
881 64 7 14 0.053437207 
52 59 14 18 0.052614447 
279 67 12 21 0.052571267 
434 2 8 9 0.05220643 
954 5 5 9 0.051525872 
796 38 10 14 0.051269956 
239 145 33 44 0.05095638 
840 64 7 12 0.050742283 
743 7 12 13 0.049992833 
178 62 14 24 0.04967645 
31 83 15 27 0.049460433 
274 0 8 12 0.048896894 
445 157 11 18 0.048545226 
694 130 30 48 0.04816549 
421 1 8 11 0.04794345 
629 89 11 14 0.04746835 
142 60 19 26 0.047393568 
377 8 7 13 0.044875834 
273 57 10 18 0.04413196 
28 149 23 31 0.043916833 
877 60 6 11 0.0436924 
906 145 9 19 0.043541197 
822 70 9 14 0.043467768 
915 118 21 36 0.04303615 
847 126 7 14 0.04264331 
-2 149 12 40 0.04197046 
778 32 14 17 0.041547 
502 64 11 19 0.04122664 
37 78 9 16 0.04111798 
920 28 8 15 0.041033722 
971 14 13 17 0.040688653 
370 0 6 7 0.040216208 
544 2 10 13 0.039874587 
1028 96 18 33 0.03986167 
399 63 15 26 0.039783757 
157 143 10 16 0.039379176 
725 9 19 22 0.039184 
777 42 19 25 0.03900944 
1053 106 13 23 0.03847572 
495 20 10 14 0.038186986 
871 0 7 7 0.037887625 
457 35 11 16 0.03772857 
729 44 13 16 0.03762495 
387 87 18 28 0.037366025 
983 25 10 17 0.037166327 
377 4 7 9 0.037147015 
490 31 12 16 0.037134122 
131 59 11 17 0.03681663 
1053 79 12 21 0.036651623 
434 7 9 13 0.03661098 
822 52 9 13 0.036466446 
430 26 10 15 0.03645714 
808 66 11 13 0.036370635 
894 23 8 12 0.036336545 
779 26 11 15 0.036309615 
945 14 8 13 0.036238503 
408 67 13 19 0.035823338 
325 17 10 17 0.03547572 
541 25 10 16 0.03518931 
844 60 8 12 0.03514968 
849 59 8 13 0.034881964 
856 43 8 14 0.034874324 
882 31 8 15 0.03480328 
862 7 9 12 0.034475002 
276 80 18 29 0.03421314 
862 13 8 15 0.033000372 
1055 94 12 21 0.0329188 
875 2 7 9 0.032820623 
0 72 5 14 0.03266766 
1006 127 7 17 0.032562725 
469 67 11 18 0.032226816 
903 127 16 36 0.032090005 
987 0 8 15 0.03206383 
556 201 7 11 0.03177734 
953 13 7 12 0.03171654 
1002 27 18 29 0.031568564 
714 23 13 19 0.031538803 
430 53 12 17 0.031516585 
882 144 8 20 0.0314659 
797 133 17 31 0.03134973 
589 15 16 21 0.031140793 
596 34 16 21 0.03093299 
592 64 13 19 0.030655177 
536 2 9 11 0.030548226 
901 4 6 10 0.030406848 
147 144 9 17 0.030179271 
449 66 11 19 0.030130697 
382 7 10 18 0.029756252 
331 53 19 27 0.029572364 
1018 6 10 15 0.029509516 
509 187 8 13 0.029435271 
876 10 9 13 0.02932849 
27 91 11 20 0.02920048 
260 84 32 43 0.029179987 
599 201 9 13 0.029047322 
537 136 10 16 0.028948665 
872 20 7 12 0.02889708 
812 44 9 13 0.028887006 
0 83 8 19 0.028833183 
83 59 20 27 0.028671624 
1009 36 8 14 0.02846652 
674 45 15 17 0.028236866 
896 8 8 11 0.028165607 
749 96 28 36 0.028155113 
227 78 12 21 0.02813191 
552 22 12 16 0.028080195 
679 149 31 48 0.02802515 
423 23 9 16 0.02796666 
660 48 13 18 0.027906874 
1016 76 8 15 0.027906435 
845 52 7 12 0.027803529 
916 27 7 13 0.027677577 
440 -2 8 7 0.027484095 
379 71 17 30 0.027390484 
863 3 8 10 0.027323784 
804 53 9 12 0.026959158 
676 94 29 40 0.026816113 
681 530 11 20 0.0266768 
429 1 8 10 0.0265372 
804 135 9 18 0.02644853 
488 41 16 23 0.026423378 
700 102 13 19 0.026122639 
1057 35 10 18 0.026103023 
999 168 8 12 0.026086198 
504 21 10 16 0.025975445 
213 329 8 11 0.025904946 
910 49 8 15 0.025683196 
818 66 9 14 0.025599252 
733 4 18 20 0.0255979 
126 68 12 18 0.02558576 
1057 21 10 18 0.025344113 
783 7 10 14 0.025282675 
577 51 12 15 0.025016364 
1056 45 11 20 0.02497243 
758 28 10 14 0.024957072 
940 19 7 12 0.024874954 
960 16 6 10 0.02475003 
625 95 12 14 0.024675507 
969 87 6 11 0.024577064 
476 165 12 23 0.02443551 
499 3 10 12 0.024381714 
417 1 7 12 0.024355138 
101 75 21 25 0.024332391 
245 61 17 28 0.024330767 
648 14 13 15 0.024253033 
401 2 9 14 0.024212724 
1033 58 18 30 0.02420485 
1091 73 10 19 0.024184078 
800 70 19 30 0.0238703 
7 65 8 13 0.023843681 
160 64 18 27 0.023831412 
976 53 10 15 0.023662852 
253 72 12 22 0.023631841 
1020 34 15 26 0.023590868 
11 68 15 24 0.02358351 
629 37 14 19 0.023569284 
650 121 12 19 0.02354595 
1012 20 15 26 0.023484813 
701 26 11 15 0.023345755 
478 66 11 18 0.023128847 
321 -2 16 21 0.023126638 
1054 6 10 19 0.023081845 
421 12 9 14 0.023038236 
40 82 10 17 0.023029786 
1054 68 12 21 0.022988092 
638 9 12 16 0.022922177 
884 37 8 16 0.022896485 
533 53 14 20 0.022771908 
704 15 18 23 0.0226736 
1050 188 15 29 0.022673197 
302 9 8 14 0.022605253 
888 62 15 29 0.022509666 
1033 35 11 21 0.022433678 
805 43 10 15 0.022302164 
1033 47 11 20 0.022277365 
524 27 11 17 0.0222421 
953 28 7 11 0.022225218 
1030 123 13 25 0.022208663 
994 23 15 24 0.022182873 
280 132 23 35 0.022122057 
811 121 10 17 0.02208972 
585 55 17 23 0.022088246 
669 56 12 17 0.022059157 
910 40 7 14 0.021986948 
871 57 7 12 0.021971932 
339 45 17 26 0.02173597 
1051 126 13 26 0.021680346 
793 536 30 29 0.02162043 
523 191 9 15 0.021594629 
349 -2 16 20 0.02154784 
808 47 16 23 0.021466648 
1017 180 9 14 0.02142497 
1012 182 7 12 0.02140934 
182 57 10 17 0.021230906 
145 55 10 14 0.021134097 
24 153 34 62 0.021111913 
1034 88 15 26 0.021039791 
19 92 10 20 0.020981995 
913 54 9 17 0.020974526 
842 46 8 12 0.020912623 
794 60 8 12 0.020819854 
226 66 12 17 0.020792698 
1029 169 15 29 0.020786013 
422 44 15 24 0.020768616 
812 1 10 11 0.020691736 
438 3 9 10 0.020685593 
-1 141 7 25 0.020585397 
336 56 10 15 0.020540629 
616 48 13 17 0.020444185 
1002 128 14 32 0.02035342 
604 85 17 20 0.020287456 
157 86 18 28 0.020114634 
446 85 11 19 0.020099813 
307 75 18 29 0.020091217 
747 3 18 19 0.020023268 
464 34 15 21 0.02001645 
368 72 16 27 0.02001447 
