16_Award_Ceremony_Awards_Ceremony_16_56
26
769 79 64 100 0.9984006 
329 89 65 81 0.99439585 
108 418 49 74 0.30877772 
199 389 18 26 0.10389807 
708 137 13 12 0.097484544 
692 153 24 27 0.083212905 
155 229 21 30 0.058442805 
609 330 282 483 0.048566133 
572 769 28 20 0.047294796 
798 812 44 35 0.036677234 
593 413 10 16 0.035633508 
787 46 30 23 0.033752922 
50 550 18 30 0.030079447 
697 143 26 26 0.029795788 
473 723 7 9 0.028524907 
395 658 27 49 0.025853442 
27 852 29 46 0.025042593 
1016 605 7 12 0.024656834 
979 416 4 8 0.024419669 
579 767 12 11 0.023755435 
980 532 3 5 0.021711113 
889 68 20 36 0.021440431 
560 798 14 15 0.020280236 
191 4 6 7 0.020276768 
34 136 240 453 0.020185724 
781 821 32 29 0.020126311 
