16_Award_Ceremony_Awards_Ceremony_16_84
41
423 156 271 368 0.99992776 
587 1215 151 164 0.1001867 
38 1 18 13 0.09485294 
107 581 23 21 0.071197234 
93 587 35 29 0.0656661 
108 873 22 19 0.06004371 
15 84 11 21 0.05200953 
658 1105 10 12 0.0453666 
981 624 27 38 0.04484267 
78 329 14 24 0.044583336 
10 1266 11 18 0.04128852 
365 58 30 34 0.04044431 
78 617 16 26 0.03838292 
663 1133 12 14 0.035204656 
971 351 23 18 0.032815117 
756 1144 23 20 0.032175627 
138 476 587 605 0.031925548 
45 594 31 34 0.030026427 
50 37 18 26 0.029938137 
731 1180 16 23 0.029804831 
91 303 36 37 0.028838957 
107 1168 22 22 0.027201036 
989 1153 27 39 0.027035072 
30 68 10 15 0.025983954 
14 964 9 20 0.02573488 
36 872 34 30 0.025567433 
728 640 15 21 0.025332099 
1008 643 13 23 0.025325103 
735 333 58 65 0.025160637 
33 1490 35 32 0.025035504 
675 1109 7 8 0.024796419 
95 883 25 22 0.024658427 
234 849 604 490 0.02411573 
747 1159 22 24 0.022729002 
76 86 18 29 0.022723367 
14 665 11 20 0.022325514 
46 301 30 36 0.02178654 
73 911 14 22 0.020841042 
43 41 14 23 0.020591388 
31 1484 24 22 0.02056747 
985 886 28 41 0.02000584 
