49_Greeting_peoplegreeting_49_53
143
436 338 52 73 0.9990231 
329 644 66 90 0.99889874 
774 669 62 92 0.9988757 
84 379 60 86 0.998828 
797 395 58 88 0.9976653 
218 333 47 78 0.9968554 
667 213 44 74 0.9814848 
709 292 35 65 0.96211547 
348 328 43 80 0.9550051 
569 170 39 70 0.94902366 
175 287 32 63 0.9266336 
334 230 35 58 0.85465646 
829 330 40 54 0.7778406 
110 346 50 77 0.67075586 
205 294 29 61 0.5812093 
228 222 47 74 0.57146347 
856 285 36 65 0.50345814 
517 275 39 54 0.3744742 
362 -1 19 15 0.37060854 
686 382 42 69 0.2840021 
534 406 28 44 0.25410149 
244 262 32 59 0.24337664 
451 1161 17 20 0.2206056 
796 247 51 62 0.21029466 
219 293 40 75 0.17949799 
147 357 30 50 0.15269296 
164 2 47 24 0.13241626 
140 1130 35 32 0.13025269 
232 1014 75 173 0.12110446 
568 1092 175 185 0.091988266 
273 1023 74 179 0.090070106 
809 350 34 41 0.08588157 
817 257 58 72 0.081587724 
225 148 22 23 0.079199225 
209 125 52 54 0.07903577 
384 670 104 127 0.07901926 
186 1337 51 43 0.07431255 
633 309 31 65 0.07301733 
534 1 42 43 0.07048522 
303 680 26 42 0.0683166 
976 1091 11 21 0.06667669 
467 1142 15 17 0.059784412 
802 484 26 43 0.057809867 
543 201 31 50 0.056005403 
457 795 49 74 0.05540219 
482 59 65 69 0.05497455 
404 720 38 60 0.05349737 
409 -1 19 12 0.05294726 
328 165 16 20 0.052612573 
540 927 18 18 0.052569572 
777 134 28 43 0.050506372 
692 308 26 40 0.04822645 
773 14 38 70 0.046592444 
730 288 43 71 0.04419782 
224 220 27 49 0.043435365 
473 1137 11 14 0.04323397 
437 1158 26 30 0.042907532 
199 363 30 53 0.042846117 
383 1079 5 8 0.042774443 
381 164 37 39 0.042300995 
123 175 33 38 0.040380735 
628 660 22 38 0.03991792 
476 1133 7 9 0.038594685 
471 1133 8 9 0.03807565 
550 785 33 34 0.0360693 
420 24 45 70 0.03597931 
440 1128 8 10 0.035712883 
713 382 46 77 0.03535463 
781 276 42 72 0.034842245 
812 131 13 17 0.03376435 
813 357 18 23 0.033086196 
459 1096 5 9 0.03298202 
441 1142 12 14 0.03258826 
390 1087 4 8 0.03229851 
205 1044 62 127 0.0322556 
444 1081 3 6 0.031986374 
275 245 29 53 0.031888507 
435 1073 3 5 0.03178888 
571 509 13 22 0.031405553 
364 996 10 23 0.030793732 
378 1140 14 25 0.030687675 
390 1082 3 6 0.029286986 
357 148 32 33 0.029206602 
444 1089 4 6 0.028650315 
576 132 54 80 0.028518507 
470 1090 4 5 0.028361887 
263 281 16 32 0.028325267 
836 706 51 75 0.027956787 
140 196 47 78 0.027660126 
977 1120 8 14 0.026792062 
656 168 50 77 0.026784696 
682 421 211 326 0.026601847 
771 146 45 65 0.026524946 
185 100 59 70 0.026499754 
425 1130 8 10 0.02649376 
998 1119 7 13 0.026389904 
454 1081 3 6 0.026364004 
457 1137 12 12 0.02556487 
310 113 15 19 0.025556503 
351 9 16 27 0.02530216 
173 1096 6 8 0.025275027 
273 273 30 52 0.025233539 
459 1133 7 8 0.02510904 
496 1115 5 7 0.025085215 
248 206 57 80 0.024729777 
291 216 43 72 0.024664719 
602 320 27 47 0.024637101 
764 251 48 64 0.024219282 
488 1071 4 7 0.024118943 
504 18 59 80 0.023946147 
436 1079 4 6 0.023660254 
681 167 27 41 0.023459123 
759 195 37 48 0.023438064 
479 1125 5 7 0.023427002 
449 1139 12 12 0.023240972 
392 158 20 22 0.023145853 
771 86 26 43 0.02301595 
645 315 41 74 0.023010647 
455 1098 5 8 0.02300927 
560 218 30 53 0.022896118 
998 1082 9 15 0.022880437 
418 1045 3 5 0.022875736 
791 363 44 81 0.022844046 
400 1043 3 6 0.022607327 
496 256 74 113 0.022586036 
444 1098 5 7 0.02204192 
666 360 40 81 0.022034597 
344 17 18 29 0.021996118 
446 1173 17 21 0.021295484 
434 1127 8 10 0.021146983 
382 1113 6 9 0.020910012 
997 1112 7 12 0.020748146 
393 1164 6 10 0.020681655 
802 306 45 67 0.02067162 
999 949 6 11 0.020582104 
402 1080 3 6 0.020462193 
167 1097 6 7 0.020370169 
226 147 56 56 0.020158308 
715 1271 38 50 0.020125287 
742 384 47 77 0.020123806 
420 1072 3 5 0.020115301 
585 -2 57 50 0.020108216 
408 1134 5 7 0.0200201 
