49_Greeting_peoplegreeting_49_787
27
222 68 130 196 0.9992149 
674 165 122 163 0.99518305 
842 476 37 50 0.43175033 
681 165 15 13 0.22018896 
348 556 110 143 0.18891902 
774 432 18 22 0.0858099 
835 343 51 59 0.06507453 
662 181 14 13 0.05222551 
547 609 19 25 0.047285102 
824 330 46 46 0.03754369 
827 494 41 64 0.03481526 
522 625 9 11 0.03222947 
858 456 37 58 0.028909234 
697 161 11 13 0.027849546 
516 456 89 113 0.026627127 
745 428 9 13 0.023583079 
754 417 9 11 0.023261173 
734 445 19 24 0.022647683 
719 678 98 162 0.022630513 
543 618 9 11 0.022179315 
888 463 9 15 0.022012666 
473 627 69 84 0.021491993 
508 615 38 49 0.021472415 
514 582 24 25 0.021119872 
346 307 42 62 0.02085683 
548 614 11 14 0.020217575 
841 450 25 27 0.02018649 
