49_Greeting_peoplegreeting_49_943
41
289 442 44 62 0.9998592 
194 430 51 65 0.9996561 
357 443 56 74 0.9990125 
124 444 56 73 0.99872285 
344 77 17 26 0.9830828 
150 96 15 24 0.96152383 
256 147 16 22 0.9603583 
206 140 16 19 0.932396 
263 108 19 25 0.46850342 
273 141 16 22 0.07092836 
105 118 10 19 0.04875433 
12 135 22 35 0.046346184 
112 107 12 21 0.04328064 
156 432 58 73 0.04052133 
216 254 8 16 0.039304476 
438 212 93 152 0.03927871 
192 133 15 25 0.038967356 
352 83 15 24 0.03829995 
305 175 10 13 0.036697824 
300 201 10 15 0.035807364 
382 -151 405 348 0.035787582 
259 125 13 17 0.033797316 
319 159 12 17 0.032723863 
720 403 29 34 0.02789164 
111 228 20 33 0.02676157 
345 230 7 12 0.02554555 
284 221 11 19 0.024716072 
272 255 9 16 0.024074111 
728 363 6 10 0.023309035 
3 105 13 24 0.023245601 
885 338 8 16 0.022977946 
139 98 18 28 0.022504367 
899 587 9 17 0.022051174 
540 112 10 14 0.02147841 
255 256 7 14 0.021275006 
109 124 17 31 0.020740483 
910 191 6 11 0.02066401 
0 348 15 38 0.020604808 
918 250 15 26 0.020532403 
345 93 20 25 0.020345896 
959 291 9 17 0.020028334 
