49_Greeting_peoplegreeting_49_923
67
540 151 55 73 0.9991935 
390 145 55 76 0.99823207 
599 274 56 74 0.99694854 
497 125 52 75 0.9964316 
658 68 53 90 0.9962212 
788 69 63 122 0.4878645 
292 472 9 14 0.38253558 
289 400 32 52 0.1537002 
293 160 11 19 0.13170227 
234 83 8 16 0.083801955 
368 390 6 8 0.07411275 
288 162 9 18 0.07189835 
438 274 37 47 0.061605364 
415 357 6 6 0.059497368 
657 243 42 58 0.059457593 
367 217 31 47 0.05417522 
287 227 11 20 0.050176203 
246 457 8 13 0.04981663 
404 326 8 13 0.049251523 
233 601 6 9 0.041322857 
434 321 11 12 0.040559717 
330 226 4 7 0.037272856 
412 354 6 6 0.037169587 
302 12 6 9 0.036045827 
639 261 38 57 0.03411925 
229 72 14 31 0.03405061 
388 315 7 12 0.033880964 
0 27 5 14 0.033792634 
352 272 8 13 0.033753283 
275 177 7 12 0.03182758 
386 385 5 6 0.03136091 
833 75 61 109 0.031017551 
386 390 5 7 0.030933904 
305 -4 17 25 0.030912528 
333 225 5 8 0.030864047 
398 308 5 7 0.030312713 
284 361 12 20 0.030224608 
10 9 11 20 0.029528804 
270 108 7 13 0.028775522 
287 82 10 19 0.028265158 
0 3 5 11 0.02803254 
400 312 6 9 0.027902048 
490 283 39 51 0.027329586 
292 359 9 16 0.02726298 
285 162 18 33 0.027020168 
402 320 6 10 0.026611945 
416 372 6 7 0.026457544 
486 314 5 8 0.026163217 
292 231 11 21 0.02533064 
496 314 5 7 0.025129963 
505 210 43 49 0.024706846 
7 4 7 12 0.024130126 
328 639 5 10 0.023688672 
111 667 8 15 0.023271186 
448 341 6 8 0.023116134 
401 398 7 7 0.022874655 
391 391 4 7 0.022583276 
462 370 6 7 0.022538772 
497 262 9 9 0.022480432 
412 392 6 6 0.022285024 
461 342 7 12 0.022258263 
311 496 9 16 0.022165183 
280 84 9 17 0.021813056 
869 93 39 67 0.021209234 
344 210 6 12 0.020757139 
426 394 7 9 0.020364942 
467 285 9 14 0.020323388 
