49_Greeting_peoplegreeting_49_56
28
436 75 93 128 0.9997044 
805 60 46 55 0.9989385 
580 63 47 64 0.9981639 
718 70 49 75 0.98826295 
909 60 41 63 0.9576196 
229 103 53 138 0.87549657 
812 363 22 42 0.15021126 
936 49 57 84 0.118567325 
985 41 55 96 0.06978239 
543 306 107 157 0.05183016 
630 218 20 43 0.04551579 
51 458 45 67 0.039751846 
681 103 34 66 0.037164483 
966 63 30 52 0.03681151 
787 191 48 53 0.034135748 
191 150 79 125 0.030768791 
794 366 23 41 0.030159077 
644 212 29 61 0.026908409 
715 395 42 44 0.02604699 
905 59 22 42 0.025518902 
4 274 10 23 0.023890028 
680 245 65 99 0.023793017 
2 287 74 177 0.023773668 
978 414 79 158 0.023281675 
695 300 39 55 0.02273771 
661 197 40 86 0.022133145 
779 94 34 54 0.020633334 
623 -195 423 425 0.020613454 
