49_Greeting_peoplegreeting_49_456
26
239 203 117 147 0.99970704 
89 277 120 145 0.9996123 
371 317 122 157 0.9991861 
852 315 112 157 0.9987999 
104 187 82 95 0.6116421 
762 270 76 92 0.45040584 
495 126 140 181 0.4257669 
532 18 12 12 0.10282173 
62 393 187 232 0.08832688 
457 60 273 349 0.07900048 
797 293 86 105 0.073461145 
236 445 48 50 0.06439482 
880 154 43 44 0.058238965 
782 173 22 22 0.0490402 
201 357 43 60 0.047186453 
272 545 72 132 0.04344573 
377 599 102 73 0.03234645 
768 181 28 26 0.032059178 
470 99 76 143 0.02837806 
608 66 68 140 0.027549937 
759 188 29 31 0.027459087 
28 180 127 209 0.026591629 
966 236 65 109 0.024560127 
-1 170 67 134 0.022028927 
555 208 75 76 0.021760674 
728 224 144 176 0.02160643 
