49_Greeting_peoplegreeting_49_894
268
783 262 48 53 0.9996203 
485 242 48 67 0.9993267 
931 254 44 58 0.9991721 
712 251 49 65 0.99872965 
94 254 44 71 0.9976361 
50 286 42 75 0.9948427 
769 384 59 61 0.99194545 
555 287 43 77 0.9874391 
903 267 35 53 0.98566216 
411 299 47 69 0.9523668 
1005 276 23 40 0.71213496 
283 237 26 67 0.70802987 
937 47 9 12 0.62961775 
957 53 9 13 0.45242423 
261 471 40 74 0.44631076 
554 467 43 80 0.32493106 
842 251 20 39 0.2867651 
847 257 33 54 0.2852847 
649 276 15 32 0.27405128 
985 183 9 11 0.27224213 
682 282 24 47 0.2602735 
905 33 8 12 0.19417228 
861 266 36 60 0.15101524 
212 240 33 78 0.14973596 
978 62 11 15 0.14890096 
0 103 7 17 0.14317653 
358 181 11 14 0.13989073 
508 85 10 12 0.12872884 
979 41 9 13 0.12032211 
301 141 10 13 0.116512425 
521 179 9 12 0.11519163 
306 206 10 12 0.10679139 
4 253 9 16 0.101692185 
889 300 21 33 0.10002788 
41 124 8 13 0.09364211 
649 78 12 21 0.092910044 
863 78 12 13 0.088143274 
700 268 31 51 0.0855435 
977 265 11 18 0.08518692 
69 130 9 12 0.08307388 
678 215 10 12 0.08191819 
800 167 9 12 0.07852613 
310 201 13 13 0.07708433 
431 520 30 51 0.076543406 
831 35 7 9 0.074989304 
668 225 9 13 0.07388679 
631 246 8 13 0.07302432 
223 246 17 44 0.072929285 
510 178 8 11 0.071671605 
621 55 8 12 0.06908646 
861 164 8 11 0.06882707 
889 27 8 11 0.067964956 
881 48 6 9 0.06743265 
654 294 19 27 0.06742414 
1009 179 9 13 0.06742303 
1016 0 8 15 0.06688189 
997 216 9 12 0.06513135 
865 58 7 12 0.06450264 
337 181 11 14 0.06402413 
751 146 12 15 0.061252113 
810 253 39 57 0.060303304 
80 300 24 49 0.058549944 
579 99 11 17 0.05787473 
316 154 11 14 0.056252673 
226 228 29 67 0.0558736 
319 174 9 11 0.05540976 
804 149 9 15 0.05484445 
839 104 8 11 0.054776963 
965 259 25 36 0.053980917 
794 137 8 11 0.05288275 
657 253 10 17 0.05274944 
630 200 8 12 0.05274351 
1 250 16 33 0.05258775 
393 290 44 58 0.052287366 
81 156 11 13 0.05226306 
721 59 9 10 0.05202519 
674 155 8 13 0.051944755 
398 528 43 63 0.051061254 
962 142 11 15 0.049757168 
471 107 10 16 0.049317442 
555 61 8 13 0.04768141 
703 449 7 10 0.047535684 
670 53 10 13 0.047159113 
647 238 9 16 0.04675829 
836 152 8 10 0.046314456 
444 156 11 11 0.04621224 
56 135 10 13 0.04609231 
1002 219 8 12 0.045906104 
605 118 9 13 0.04437588 
268 257 29 57 0.043535803 
62 177 8 11 0.04345844 
33 183 7 13 0.043104485 
291 405 324 414 0.042428717 
657 102 16 23 0.042243157 
812 36 6 8 0.04172024 
130 101 9 10 0.04145013 
622 445 30 63 0.04131644 
729 204 9 14 0.040946808 
1017 103 8 13 0.040734652 
975 207 10 15 0.040488012 
914 59 8 11 0.04026552 
488 155 12 12 0.03920203 
954 49 9 12 0.039063264 
1011 273 43 75 0.03905035 
587 119 11 15 0.039039005 
442 149 10 12 0.038960915 
559 157 10 16 0.03889027 
818 531 11 21 0.038676284 
907 84 11 15 0.03826407 
641 206 8 13 0.03816672 
568 95 13 18 0.03787319 
467 269 19 26 0.036896255 
575 62 12 22 0.03681161 
651 195 7 10 0.03614622 
908 57 7 10 0.036066715 
811 149 8 13 0.035444602 
788 410 30 37 0.0351775 
812 43 7 11 0.034647577 
38 84 6 9 0.03460466 
830 82 11 14 0.034330066 
772 336 27 37 0.03401283 
404 138 8 13 0.033951204 
645 285 10 22 0.033892613 
628 195 8 11 0.033759378 
805 495 69 119 0.033575505 
822 93 10 13 0.033417992 
62 132 9 12 0.03339388 
742 251 42 52 0.03275574 
497 441 11 14 0.032712497 
842 321 23 39 0.03260746 
595 60 5 9 0.03227109 
408 158 10 14 0.03213073 
958 112 11 10 0.03196666 
1012 0 8 12 0.031894438 
804 103 8 12 0.031595137 
304 172 9 14 0.03156973 
322 202 9 11 0.031494565 
582 287 35 69 0.030728385 
891 41 8 10 0.030518612 
833 156 9 12 0.030485334 
400 200 9 10 0.030316127 
778 132 7 10 0.03031264 
550 49 7 11 0.029726597 
395 195 10 11 0.029601652 
787 48 9 11 0.02956599 
663 39 8 13 0.029492617 
208 115 9 12 0.029406969 
1009 66 10 9 0.029406853 
10 124 10 16 0.02925629 
540 129 11 14 0.029103385 
63 597 9 12 0.029019756 
631 220 9 14 0.028931504 
343 207 11 14 0.028771365 
926 162 10 15 0.028710214 
549 67 7 11 0.028434873 
924 225 9 12 0.028404381 
823 527 7 13 0.028216952 
624 187 9 11 0.028127687 
1 593 6 11 0.028066644 
525 124 9 11 0.027879553 
858 142 8 10 0.027871877 
982 36 8 12 0.027529217 
59 152 7 10 0.027464515 
638 165 8 10 0.027205812 
559 65 7 13 0.027091146 
440 163 9 10 0.02696056 
889 34 9 12 0.026923332 
869 193 7 11 0.026765559 
666 300 19 30 0.026675427 
955 145 8 11 0.026515665 
970 81 9 12 0.026267648 
350 133 6 8 0.026168332 
665 221 9 13 0.026166832 
403 203 18 26 0.026134647 
671 242 9 15 0.025826508 
450 533 21 35 0.02579036 
924 189 7 10 0.025730215 
570 182 9 12 0.02571787 
514 86 9 11 0.025622578 
917 381 98 118 0.025590401 
375 90 35 45 0.02558557 
550 59 8 13 0.025308682 
644 71 12 22 0.025166273 
696 110 9 14 0.025139391 
871 125 8 10 0.025128938 
632 165 9 10 0.025003076 
663 157 7 10 0.024818815 
239 443 35 72 0.024790158 
352 138 6 8 0.024769267 
683 497 6 8 0.024766993 
614 43 5 8 0.024708742 
581 104 17 27 0.024626363 
836 161 10 13 0.024434773 
898 217 6 9 0.024340017 
594 42 6 8 0.024337491 
1017 67 7 10 0.024330368 
581 459 43 66 0.024252255 
829 49 9 10 0.02424138 
953 65 75 75 0.024081709 
416 125 8 11 0.024001226 
822 543 9 16 0.023978453 
467 177 7 12 0.02369784 
704 34 6 10 0.023529503 
506 462 66 94 0.023489434 
73 127 9 10 0.023472263 
859 48 5 9 0.023308393 
494 148 13 12 0.023195973 
409 175 7 9 0.02314086 
613 224 10 16 0.02303117 
0 181 7 18 0.022850642 
136 237 63 100 0.02278975 
862 49 7 10 0.022662459 
585 144 10 14 0.022632184 
625 163 9 11 0.02255994 
923 223 6 8 0.022532739 
1016 176 14 21 0.022478603 
319 145 10 13 0.022436338 
310 241 29 57 0.02237653 
979 180 11 12 0.022348601 
817 76 9 13 0.022330366 
505 68 6 9 0.0223125 
952 57 11 13 0.022312153 
51 122 8 13 0.022294942 
781 53 6 10 0.022238405 
827 35 7 9 0.022184648 
566 337 35 38 0.022083582 
859 168 7 9 0.022075405 
729 36 7 9 0.021960137 
567 97 36 43 0.021885013 
1012 277 14 18 0.021734029 
703 181 8 12 0.021724502 
376 121 8 10 0.021672433 
318 88 6 10 0.021604924 
665 230 10 14 0.02160447 
678 301 10 19 0.02159472 
28 290 37 62 0.021479636 
893 132 7 10 0.021435106 
659 188 8 11 0.021393241 
622 167 7 12 0.021199431 
883 54 7 10 0.021153884 
383 75 5 7 0.021142673 
1012 101 8 11 0.021127233 
175 232 57 100 0.02111465 
77 430 9 16 0.021083105 
869 168 8 11 0.021027213 
457 188 9 14 0.020993624 
990 270 7 14 0.020991309 
670 78 9 15 0.020989938 
569 88 8 12 0.02094353 
818 167 10 12 0.02090425 
548 73 7 11 0.020895207 
528 131 8 11 0.020850955 
87 313 12 21 0.02060896 
632 205 9 13 0.020601945 
838 200 9 12 0.020460268 
441 -63 153 176 0.020361325 
969 121 9 10 0.020336451 
911 141 9 12 0.02032256 
691 174 9 14 0.020290338 
577 49 6 9 0.020262279 
696 52 12 18 0.020218061 
332 200 9 11 0.020215612 
856 151 8 10 0.020148223 
742 54 7 8 0.020094704 
804 138 6 10 0.020069415 
907 138 10 12 0.020058254 
631 118 10 12 0.020008935 
572 106 11 18 0.020000463 
