5_Car_Accident_Accident_5_948
52
665 148 21 25 0.5203816 
788 233 258 244 0.24559085 
19 174 16 24 0.22415777 
338 289 19 21 0.2188878 
285 247 9 14 0.20294742 
690 186 9 12 0.19495577 
320 263 357 315 0.19172089 
680 190 11 14 0.083265886 
186 403 32 29 0.079317994 
703 162 11 12 0.07594616 
649 155 16 24 0.07490182 
632 122 8 10 0.06250307 
79 347 537 437 0.059366934 
636 132 10 13 0.050226178 
717 164 10 13 0.047988255 
695 364 38 58 0.047913074 
613 123 9 8 0.047545 
700 287 12 19 0.044341076 
407 394 94 81 0.042182416 
224 372 8 9 0.03999505 
155 557 31 24 0.038532298 
338 281 19 16 0.03655264 
644 170 9 13 0.034371175 
172 173 16 24 0.03341027 
655 179 12 13 0.031997226 
743 205 12 14 0.031305175 
374 289 582 491 0.029748779 
636 193 12 16 0.029583009 
653 154 9 13 0.028691472 
643 148 9 12 0.02824793 
252 387 40 58 0.028226282 
654 147 7 10 0.02789195 
696 119 11 16 0.027739072 
706 201 13 14 0.027316192 
631 127 10 13 0.02604652 
207 386 14 14 0.025925066 
216 385 24 31 0.025924101 
668 140 14 16 0.025613476 
196 380 29 26 0.02552292 
893 204 12 13 0.02541488 
657 140 9 13 0.025412021 
721 142 12 16 0.024322769 
712 127 11 13 0.024094768 
696 191 8 10 0.023940297 
665 188 18 22 0.023920946 
1007 331 19 28 0.022780482 
614 128 9 9 0.021874519 
327 293 21 23 0.02165117 
351 430 20 23 0.021418603 
709 153 9 12 0.020889034 
303 377 22 32 0.020821214 
690 171 10 12 0.020359974 
