5_Car_Accident_Car_Crash_5_475
43
331 254 21 29 0.87036306 
864 342 44 50 0.18200165 
596 192 17 14 0.10546813 
408 199 298 410 0.06630503 
129 512 332 377 0.047844183 
837 272 8 6 0.036568385 
392 321 23 18 0.03640847 
792 29 10 16 0.03503863 
697 253 35 39 0.032979835 
698 298 33 30 0.03260642 
588 214 37 53 0.030165993 
344 13 9 13 0.028601382 
405 343 34 27 0.027994635 
665 199 8 9 0.027929323 
819 238 6 4 0.02751539 
326 258 9 16 0.027269218 
116 387 42 50 0.026670491 
516 314 24 23 0.024843056 
715 259 27 25 0.024647482 
352 6 5 8 0.024244942 
843 272 9 6 0.023820532 
825 41 5 7 0.023255048 
275 357 8 16 0.023117136 
655 200 6 7 0.022979714 
659 200 6 7 0.022912767 
819 235 6 5 0.022415208 
763 212 4 6 0.022247925 
0 14 4 7 0.022240845 
552 4 3 5 0.022064611 
46 140 27 31 0.022032676 
558 4 4 5 0.021749653 
367 200 4 6 0.021748902 
594 199 12 17 0.021690022 
353 4 5 6 0.021475304 
787 52 7 8 0.021424042 
870 226 6 5 0.021356266 
690 203 9 9 0.021314785 
193 150 4 7 0.021011254 
815 238 5 5 0.02070269 
358 13 6 8 0.020562677 
379 6 5 8 0.020530619 
493 216 3 3 0.020182457 
526 255 3 5 0.02003836 
