5_Car_Accident_Accident_5_77
200
376 61 23 32 0.99979264 
758 34 24 33 0.9997731 
574 66 24 33 0.9997094 
628 61 23 32 0.99953294 
885 56 28 37 0.9994803 
290 78 21 27 0.99943644 
490 69 20 26 0.9993179 
185 78 22 25 0.99930704 
232 69 18 25 0.9993061 
810 52 26 31 0.99890864 
654 60 22 30 0.99865156 
718 66 21 32 0.99848384 
929 50 36 44 0.99790573 
540 79 22 23 0.99626356 
113 89 21 25 0.99257374 
692 68 23 34 0.9913209 
445 86 23 27 0.99117905 
588 46 19 24 0.9853302 
518 38 17 19 0.9682995 
980 46 19 28 0.96621275 
710 8 13 17 0.9384259 
437 56 23 32 0.91420144 
740 26 10 13 0.89566034 
795 21 10 15 0.8539849 
83 61 20 39 0.7843516 
872 59 11 17 0.7752913 
796 56 21 24 0.7056546 
19 356 45 49 0.6015465 
54 229 580 495 0.5268337 
910 57 21 28 0.5244078 
713 34 18 23 0.46874 
726 364 182 189 0.38691667 
328 76 11 18 0.3732788 
477 37 16 22 0.31983003 
2 0 14 15 0.28215632 
677 28 11 12 0.2761031 
698 57 20 28 0.26498228 
738 54 11 16 0.21790926 
968 46 16 26 0.20263986 
542 13 12 19 0.19980368 
457 207 34 47 0.18233462 
881 44 13 17 0.17806761 
31 9 14 15 0.16779113 
392 2 12 14 0.15037172 
705 43 18 24 0.14731142 
413 52 11 21 0.14317928 
680 33 11 14 0.13579553 
330 322 35 51 0.13253565 
614 1 10 10 0.12717672 
560 16 21 21 0.12057145 
205 3 16 11 0.105932385 
562 348 22 29 0.09213922 
637 29 12 19 0.090279385 
868 66 16 26 0.08279675 
684 170 31 50 0.07797611 
639 14 10 14 0.06890249 
553 258 8 14 0.06612223 
474 3 10 14 0.06568682 
662 164 12 20 0.06543835 
700 26 13 17 0.06284047 
647 253 316 391 0.058750086 
334 72 14 23 0.05713055 
745 49 15 23 0.05489647 
423 215 29 33 0.054821484 
649 1 11 12 0.054610934 
554 19 15 14 0.052416097 
20 28 13 12 0.051849853 
502 9 11 19 0.051623818 
487 43 12 18 0.050325748 
173 11 13 12 0.048971355 
685 2 8 11 0.048335336 
227 92 11 17 0.046927948 
608 403 39 41 0.046906754 
0 -2 8 14 0.045116108 
65 208 182 222 0.04401557 
813 1 8 8 0.04384766 
0 7 7 17 0.04330886 
377 26 9 15 0.043299913 
696 146 29 50 0.04309611 
778 19 12 15 0.042495873 
567 7 13 16 0.041566122 
997 10 10 13 0.040987108 
683 181 11 21 0.040407155 
671 27 11 12 0.04029527 
358 169 9 19 0.040193804 
740 4 9 11 0.04011451 
750 65 13 20 0.03982872 
328 3 10 9 0.03933973 
166 51 10 15 0.039023492 
593 25 12 16 0.038925216 
676 495 97 84 0.038877774 
1 33 26 28 0.038205054 
317 81 12 17 0.03810368 
611 54 15 24 0.037994668 
316 0 27 21 0.037863545 
611 4 18 20 0.036187295 
636 145 19 30 0.036001284 
471 37 13 18 0.035479445 
557 321 35 52 0.03539726 
62 85 45 63 0.0351604 
887 561 87 79 0.03501387 
689 1 8 8 0.034961082 
97 11 308 393 0.034942597 
432 198 36 49 0.034895055 
312 4 34 42 0.034891497 
657 1 10 13 0.034664687 
510 12 12 17 0.034663606 
975 41 11 16 0.034381684 
580 314 9 14 0.033823706 
320 139 14 24 0.03319995 
200 82 12 18 0.03316009 
989 11 16 21 0.032892674 
450 228 45 71 0.032701924 
725 32 13 19 0.0326693 
581 196 34 60 0.03243839 
569 358 22 30 0.032272607 
192 1 15 12 0.03221256 
536 14 12 16 0.03214938 
555 355 10 16 0.031963702 
673 455 17 15 0.03190236 
650 441 48 42 0.031608414 
683 148 10 15 0.031248964 
792 28 13 22 0.031046579 
885 504 77 76 0.030642614 
456 97 14 21 0.03023506 
630 412 44 37 0.029835263 
786 0 7 7 0.02963261 
808 5 8 8 0.029415837 
619 18 12 16 0.029373135 
641 360 29 34 0.02915232 
703 14 12 14 0.028504748 
873 53 20 29 0.028422037 
186 39 11 14 0.02791844 
149 112 12 15 0.027675075 
566 385 19 34 0.027545178 
276 356 13 15 0.02754346 
397 6 12 15 0.027438555 
308 31 32 49 0.027391069 
440 85 13 20 0.027085934 
681 144 20 33 0.027067684 
630 40 19 25 0.02704845 
987 120 33 67 0.027027275 
521 338 37 52 0.026913753 
598 57 13 22 0.026877511 
227 2 20 21 0.026678843 
724 351 37 28 0.026395662 
323 23 21 30 0.026334045 
804 21 10 17 0.0261968 
1006 432 35 65 0.025793621 
334 147 18 24 0.025690984 
417 164 36 52 0.025361078 
635 9 8 12 0.024603384 
608 4 8 9 0.024426453 
686 33 12 17 0.024387158 
991 267 23 28 0.024116356 
694 6 13 17 0.0240086 
644 9 10 15 0.023962302 
993 155 61 111 0.023946874 
385 4 18 23 0.023719681 
731 63 12 19 0.023679217 
950 42 25 30 0.02343733 
850 29 10 18 0.02341773 
63 7 25 31 0.023417115 
599 23 11 15 0.023333073 
588 366 20 30 0.023101626 
708 53 19 28 0.022855986 
168 4 14 9 0.022709576 
36 178 101 95 0.022433534 
694 36 18 26 0.022298247 
626 58 12 23 0.022295916 
220 66 16 25 0.022292648 
420 154 20 36 0.022280795 
606 20 11 15 0.022212287 
667 4 12 12 0.02202342 
397 55 18 29 0.021997103 
397 0 11 11 0.021907138 
693 316 51 43 0.021832753 
434 62 13 20 0.02177661 
840 459 28 26 0.021725148 
652 152 19 31 0.021512656 
641 56 14 23 0.021509996 
562 283 10 14 0.021495366 
0 143 27 69 0.021385886 
458 57 11 16 0.021279465 
625 1 8 7 0.021274436 
975 570 28 34 0.021221595 
0 111 8 20 0.02112889 
227 15 11 16 0.021003041 
807 9 8 10 0.020804014 
732 31 12 18 0.020694155 
809 23 11 19 0.02056983 
659 454 17 14 0.020545917 
1000 66 10 14 0.020486932 
215 63 11 19 0.02039429 
-1 358 16 32 0.020368326 
192 91 16 19 0.020336734 
28 29 10 11 0.020274363 
649 164 31 47 0.020190261 
248 3 8 11 0.020182958 
560 7 13 17 0.02005245 
