5_Car_Accident_Accident_5_735
44
973 339 19 16 0.9091541 
793 268 43 47 0.16902073 
825 182 22 32 0.12595549 
994 354 12 11 0.12552884 
25 343 490 412 0.11706243 
944 400 20 20 0.0882124 
911 403 20 20 0.07738611 
668 23 14 16 0.075591154 
897 407 13 14 0.058729276 
842 151 10 11 0.056710776 
187 455 245 240 0.043962736 
19 377 15 12 0.043316722 
341 57 11 13 0.04254797 
82 324 9 11 0.038708158 
169 206 19 37 0.036282983 
464 138 8 11 0.033844464 
480 139 6 9 0.03115206 
1009 405 15 23 0.030052347 
776 139 23 22 0.026853425 
755 623 6 5 0.026470331 
775 641 6 4 0.026204132 
756 642 6 5 0.025847498 
1000 295 7 9 0.02581675 
953 277 10 13 0.02578472 
768 618 6 4 0.025698785 
1010 300 7 12 0.025603747 
832 151 21 23 0.02484047 
50 382 11 10 0.024559034 
768 642 6 4 0.02431565 
857 182 10 15 0.023146477 
762 642 5 4 0.02300942 
750 624 6 4 0.022733813 
749 630 6 4 0.022722151 
761 623 6 5 0.022259582 
755 617 6 5 0.022082614 
1019 419 29 37 0.021330988 
962 332 21 23 0.021176072 
249 226 110 119 0.02109667 
1016 228 9 13 0.021063382 
748 642 6 4 0.021042885 
1030 390 15 22 0.02068147 
501 140 5 10 0.020672673 
85 318 9 13 0.020390542 
1050 408 15 23 0.020378346 
