5_Car_Accident_Accident_5_66
63
22 242 32 37 0.97439843 
952 224 18 26 0.87970823 
458 143 10 11 0.39246607 
100 359 155 99 0.15795863 
684 197 48 41 0.13542879 
134 147 9 10 0.08722054 
808 275 37 55 0.079355255 
961 226 11 17 0.07925621 
824 109 7 9 0.072208345 
162 3 402 378 0.04790855 
609 141 6 8 0.043388266 
541 191 17 25 0.042496808 
488 145 8 12 0.042452477 
242 226 41 42 0.039902337 
983 247 11 10 0.038681053 
806 310 40 59 0.0379421 
925 226 12 14 0.036980256 
945 368 11 10 0.036170293 
912 227 12 11 0.035464168 
945 227 14 18 0.03274262 
1075 336 11 19 0.032543685 
1068 318 9 17 0.030455273 
989 247 11 11 0.030244375 
464 144 9 12 0.029734964 
876 157 9 11 0.029623602 
258 239 16 16 0.02885694 
803 243 37 55 0.028110137 
743 127 40 45 0.027431188 
650 128 34 42 0.027394727 
242 223 9 10 0.027122663 
917 223 11 12 0.026093733 
716 92 84 100 0.025910884 
550 38 297 365 0.02576298 
1082 383 16 25 0.025656302 
887 179 8 8 0.025388118 
963 258 10 11 0.025343465 
774 156 40 50 0.025284005 
79 252 429 326 0.025229746 
1062 298 10 17 0.02493631 
824 235 31 53 0.024919841 
131 142 17 19 0.024214432 
269 164 9 12 0.024046713 
535 115 4 6 0.023985978 
848 194 27 26 0.023971025 
977 274 8 10 0.023105161 
329 267 348 357 0.022583721 
109 240 6 7 0.022554982 
612 145 6 8 0.022553464 
818 179 8 9 0.022219308 
400 195 21 35 0.021863079 
310 184 20 33 0.021664778 
820 112 7 8 0.021628484 
5 267 9 11 0.021200767 
0 263 24 28 0.021175658 
1010 331 21 31 0.021046918 
1041 388 24 40 0.02092756 
684 137 7 10 0.020920416 
296 76 105 133 0.020484487 
986 263 8 8 0.020365288 
355 191 33 39 0.02030761 
965 278 9 14 0.020284927 
870 84 8 12 0.020236686 
578 174 4 5 0.020129351 
