5_Car_Accident_Accident_5_460
170
112 313 21 23 0.99801826 
273 314 9 15 0.8818722 
128 291 13 17 0.70520157 
159 309 9 18 0.56532055 
64 311 11 18 0.5348697 
236 306 11 14 0.534516 
868 366 12 16 0.49413702 
183 316 10 17 0.4885155 
337 139 15 24 0.3572991 
217 101 8 13 0.33920908 
309 138 13 19 0.3248241 
389 131 7 11 0.30900487 
251 107 6 9 0.2799619 
2 292 13 24 0.27396795 
918 355 10 13 0.24627803 
343 115 7 11 0.23271216 
204 323 9 15 0.22476305 
217 316 8 15 0.21257934 
387 140 9 14 0.2111525 
317 325 9 15 0.19621593 
894 365 11 17 0.19552678 
155 310 8 16 0.18259183 
701 212 31 27 0.17104262 
973 353 7 9 0.15498121 
467 141 7 10 0.15286836 
467 144 9 13 0.14543608 
426 140 8 11 0.14324383 
210 313 8 13 0.13900612 
222 313 8 14 0.13199376 
920 401 30 25 0.11863794 
458 147 8 12 0.10688275 
889 367 9 15 0.10407057 
924 358 10 12 0.09868417 
261 318 8 15 0.09572702 
319 115 6 9 0.09539471 
189 315 8 17 0.088372104 
182 326 10 23 0.08675515 
203 109 11 12 0.08090056 
449 302 51 48 0.07933032 
92 333 16 24 0.078350246 
285 317 10 15 0.07615888 
212 110 12 15 0.07131339 
324 338 6 11 0.070691586 
228 312 7 13 0.07015349 
462 139 6 10 0.069750756 
314 330 8 13 0.068103 
168 312 16 24 0.06643877 
415 148 9 11 0.06395441 
172 291 9 16 0.06368797 
254 321 9 17 0.06306727 
145 319 11 15 0.060931016 
279 317 8 14 0.060731385 
522 215 12 19 0.060422774 
421 147 9 12 0.057682633 
424 137 6 8 0.057575863 
1 304 13 27 0.057502165 
101 347 18 26 0.05673747 
126 393 21 23 0.0563634 
204 339 15 28 0.056246597 
208 119 13 13 0.054967478 
198 125 8 12 0.052807275 
315 319 7 11 0.052089397 
320 336 7 12 0.050369434 
13 358 15 28 0.050146 
-2 355 12 27 0.04678406 
177 332 10 24 0.046741538 
976 357 9 10 0.04660738 
123 296 17 26 0.046360683 
881 363 9 16 0.046085756 
316 115 6 10 0.04582243 
426 175 8 15 0.045410216 
0 262 5 18 0.04510108 
253 113 8 11 0.04426081 
254 105 6 9 0.044014063 
318 120 9 12 0.043833353 
442 151 7 11 0.042940862 
178 321 11 20 0.04265974 
324 116 7 9 0.0421754 
338 114 14 21 0.041538145 
58 312 9 16 0.041497882 
214 349 10 19 0.04099998 
41 69 16 24 0.04086078 
977 349 6 7 0.04023361 
323 332 6 11 0.040184617 
11 310 8 17 0.03968726 
207 126 13 16 0.039529465 
466 137 5 7 0.037577257 
379 141 7 11 0.037326735 
446 151 7 12 0.036464002 
426 151 8 12 0.03620588 
383 148 11 16 0.03514715 
230 122 7 8 0.034949932 
310 124 16 26 0.03425091 
224 120 7 9 0.034145672 
219 106 9 14 0.033853132 
136 339 16 24 0.033373337 
212 102 8 11 0.033074867 
359 136 7 8 0.032683883 
223 322 8 14 0.0324856 
221 98 6 9 0.032349963 
249 318 8 16 0.031562373 
199 114 9 11 0.03155334 
343 132 9 15 0.031358115 
140 287 7 12 0.031214112 
313 337 8 13 0.031128857 
252 137 9 13 0.030875532 
137 291 9 14 0.030698355 
889 358 9 14 0.030106265 
235 122 7 9 0.030039642 
874 368 19 23 0.02982545 
310 344 9 14 0.029256284 
931 403 13 12 0.029176185 
292 318 6 13 0.029026583 
314 120 8 12 0.028571555 
266 320 9 18 0.028437106 
245 109 6 8 0.028388802 
850 200 10 15 0.02831729 
433 146 7 10 0.028087283 
222 115 8 11 0.027800132 
195 310 8 17 0.027602093 
230 308 9 13 0.027453791 
377 168 9 16 0.0274099 
477 297 50 46 0.027170274 
227 323 9 16 0.02676824 
866 370 18 28 0.026733732 
247 116 17 27 0.026433311 
239 314 9 17 0.026400568 
30 336 12 15 0.025686262 
349 139 11 16 0.025584728 
252 121 8 12 0.025143161 
129 316 11 17 0.025102353 
958 395 9 9 0.025044024 
934 398 8 9 0.024878867 
422 169 7 13 0.024834976 
620 274 182 114 0.024624651 
305 339 8 12 0.024514796 
394 134 6 9 0.02448808 
314 333 14 23 0.024222879 
301 338 8 14 0.0240192 
66 319 11 16 0.02352683 
307 317 7 13 0.023503091 
497 133 10 11 0.023164015 
992 346 6 8 0.02259635 
291 338 27 49 0.022555657 
930 358 9 10 0.022416934 
145 288 6 11 0.022256885 
577 214 38 31 0.02223922 
589 178 28 26 0.021898367 
137 322 18 25 0.021896759 
201 120 12 12 0.021868993 
870 399 10 18 0.021848232 
305 130 34 43 0.02163762 
971 352 17 20 0.02161789 
184 439 12 12 0.021552648 
384 136 78 90 0.021239594 
912 370 9 11 0.021165362 
300 357 9 18 0.021155007 
286 133 81 81 0.020957522 
316 116 16 24 0.020885736 
470 151 7 11 0.020709066 
938 396 9 9 0.020626176 
426 313 43 55 0.02047219 
356 138 10 12 0.020458475 
14 318 11 14 0.020420674 
758 207 30 28 0.020398661 
878 381 22 31 0.020151148 
908 370 8 11 0.020139646 
908 391 7 9 0.020122997 
925 367 11 12 0.020100921 
1020 654 14 23 0.020004658 
