5_Car_Accident_Car_Crash_5_451
67
686 162 24 25 0.8577 
321 144 8 10 0.52616 
784 133 9 10 0.16445443 
455 259 24 23 0.1521925 
813 147 7 9 0.1386179 
877 252 24 29 0.12953854 
844 145 6 8 0.12198096 
727 608 33 22 0.095373444 
843 142 6 8 0.08190047 
801 184 5 8 0.07257654 
69 361 44 46 0.07056101 
573 203 9 10 0.05392901 
635 137 12 11 0.050184816 
72 336 200 179 0.045889653 
682 155 14 23 0.04453088 
560 308 348 432 0.04365183 
909 191 6 7 0.043069366 
864 277 40 38 0.038511153 
323 149 8 10 0.03682586 
-34 295 358 344 0.036309995 
544 194 48 42 0.03554039 
924 252 33 48 0.03493874 
751 191 5 7 0.034423277 
566 358 76 89 0.03311188 
251 353 22 37 0.031443287 
457 254 13 13 0.03128618 
756 582 38 24 0.030402206 
961 229 41 55 0.030024352 
909 196 6 8 0.029423373 
624 176 18 29 0.02942328 
260 313 64 106 0.028971018 
875 130 9 11 0.02740457 
779 292 9 13 0.027330589 
583 212 26 22 0.027265914 
814 142 6 7 0.027216485 
869 121 7 7 0.02623428 
-21 76 143 176 0.02603369 
954 153 26 24 0.02597591 
351 240 347 288 0.025771834 
816 150 7 10 0.025458062 
522 226 51 39 0.025428062 
888 258 32 35 0.025137372 
563 203 24 23 0.024734084 
884 286 41 40 0.024489386 
995 154 11 8 0.023959547 
698 156 15 19 0.023876196 
801 189 7 11 0.023557836 
414 310 53 48 0.023065833 
798 278 9 9 0.022715628 
626 184 9 17 0.02246933 
819 141 6 7 0.022021899 
760 140 7 8 0.02174973 
917 299 14 17 0.021604914 
840 136 4 6 0.021600917 
902 294 35 50 0.021589855 
834 479 27 21 0.021252686 
313 158 6 8 0.02123778 
313 154 7 7 0.021215584 
969 166 10 11 0.020690003 
714 186 9 14 0.020671014 
1079 201 16 29 0.02064857 
613 157 19 32 0.020599991 
738 165 6 8 0.020377556 
787 374 87 72 0.020321162 
961 155 14 12 0.020292677 
812 163 7 10 0.020141084 
959 159 30 34 0.020098394 
