5_Car_Accident_Car_Crash_5_492
23
900 50 24 44 0.8435148 
882 66 19 35 0.16121219 
300 778 28 28 0.10119501 
1005 296 31 54 0.08023003 
925 308 38 50 0.06865451 
496 -7 382 530 0.058469407 
342 416 376 442 0.045344137 
996 280 58 98 0.04269533 
921 39 21 37 0.041091744 
774 22 59 64 0.035068877 
387 753 21 38 0.032806925 
136 479 11 22 0.032221284 
231 373 24 39 0.028524794 
816 155 12 18 0.02496653 
779 -74 263 484 0.023517707 
213 366 18 31 0.022551777 
364 737 11 15 0.021920225 
968 362 16 19 0.021834066 
211 268 331 494 0.021834055 
999 268 31 59 0.021688838 
886 309 40 64 0.021545818 
374 773 23 36 0.021287233 
223 347 18 31 0.020714149 
