5_Car_Accident_Accident_5_340
348
195 233 24 32 0.99959177 
102 211 23 31 0.99924743 
168 204 17 25 0.9978376 
39 217 27 35 0.99682605 
689 67 22 29 0.991911 
342 224 13 15 0.9796282 
267 215 18 22 0.97684073 
985 30 25 44 0.74168885 
299 212 12 17 0.5339956 
294 218 11 16 0.47011238 
311 244 9 12 0.45351273 
892 85 12 17 0.4140339 
886 54 14 18 0.36436623 
556 99 10 15 0.26521918 
351 240 10 12 0.24566089 
430 172 12 14 0.19403209 
4 203 9 13 0.1674288 
255 221 10 16 0.12970398 
377 165 7 8 0.12698698 
199 298 21 20 0.122503005 
949 97 29 28 0.12015798 
576 408 28 25 0.11622815 
298 265 12 13 0.11353611 
255 174 5 8 0.10399603 
289 297 12 14 0.10318369 
393 160 9 8 0.10081601 
319 214 12 14 0.10049335 
0 208 5 11 0.088961706 
565 130 6 12 0.0838736 
179 200 18 23 0.08045575 
166 170 7 10 0.07892225 
545 106 6 10 0.07626219 
502 125 5 11 0.072888575 
427 40 4 5 0.07194895 
381 196 9 12 0.06935885 
14 220 8 15 0.06933806 
347 217 12 15 0.06729428 
850 112 19 31 0.066962786 
129 264 17 23 0.0650339 
287 221 12 16 0.059910543 
353 198 5 7 0.059475455 
384 163 6 5 0.05888074 
119 225 12 17 0.058251597 
334 259 13 15 0.057997335 
378 163 5 6 0.05704523 
330 171 7 9 0.05577267 
360 69 4 6 0.055187277 
347 70 4 6 0.054264706 
389 164 9 8 0.050880108 
398 46 3 4 0.05052033 
365 70 4 6 0.050455477 
424 45 5 6 0.050064888 
369 77 5 7 0.04933258 
372 70 5 6 0.04869598 
659 156 6 9 0.04746497 
366 67 3 5 0.047335304 
710 91 10 18 0.046669304 
738 210 10 12 0.04630122 
310 214 8 13 0.046252716 
306 223 8 14 0.04597293 
265 208 16 16 0.04575986 
439 159 7 6 0.044973366 
3 243 18 24 0.04486743 
484 240 10 23 0.04463657 
550 105 7 11 0.044286985 
507 155 4 8 0.043000538 
386 35 2 4 0.04275002 
397 67 5 5 0.042189665 
331 166 7 8 0.04214236 
11 239 10 16 0.041919816 
494 97 4 7 0.04175764 
383 166 7 6 0.041540705 
263 166 7 8 0.041091442 
68 39 6 7 0.041076865 
298 201 11 12 0.040916555 
391 66 5 5 0.04051524 
556 108 9 16 0.040454783 
310 221 9 13 0.039804477 
4 284 29 30 0.03940987 
377 70 4 6 0.039303947 
402 71 4 5 0.039280504 
87 385 12 15 0.0392279 
221 176 11 11 0.039200015 
176 178 7 9 0.039033048 
277 224 11 16 0.039017923 
385 71 5 5 0.038807593 
418 29 2 4 0.03877642 
373 66 4 6 0.03862274 
142 420 9 14 0.038564917 
327 53 4 6 0.03841081 
511 232 24 31 0.038021483 
221 223 16 22 0.03791171 
736 9 4 4 0.037703786 
328 87 6 8 0.037530076 
259 160 18 24 0.037509467 
339 167 5 5 0.037295368 
347 74 5 8 0.036946382 
505 132 4 7 0.0367469 
398 42 3 3 0.03668319 
390 71 4 4 0.036605377 
239 129 4 6 0.03632892 
356 207 7 12 0.036217254 
254 209 10 14 0.03617932 
423 51 5 6 0.03562573 
385 161 20 17 0.035557367 
428 166 7 10 0.035344932 
162 208 7 15 0.035319302 
257 219 19 23 0.035067104 
298 289 19 20 0.03481927 
260 174 11 12 0.034732353 
443 9 4 5 0.034661863 
353 66 3 6 0.03462541 
493 134 5 9 0.034530953 
605 210 10 17 0.034488656 
351 69 5 7 0.034319017 
399 70 4 5 0.034231253 
315 65 5 7 0.034197416 
457 38 5 7 0.034155957 
121 459 11 14 0.034154665 
421 138 7 10 0.033848338 
134 340 28 34 0.03382688 
538 106 6 9 0.03377579 
366 82 6 8 0.0326935 
391 40 3 4 0.032367058 
91 230 19 25 0.0322802 
337 271 10 13 0.032210737 
163 172 6 9 0.032179605 
379 59 3 5 0.032112174 
377 170 7 8 0.032042753 
391 78 4 5 0.032030456 
731 9 3 5 0.031901453 
385 40 3 5 0.03178484 
652 78 8 13 0.03172618 
473 167 4 7 0.031714093 
352 258 9 11 0.031580903 
333 78 5 6 0.031444397 
380 52 3 5 0.031252075 
337 278 8 11 0.031144563 
456 44 4 8 0.031016247 
436 114 6 7 0.03090218 
854 92 62 87 0.03085674 
68 333 7 7 0.030823063 
338 77 5 7 0.030752756 
66 39 5 6 0.03064246 
259 214 11 16 0.03049231 
191 172 8 9 0.0304438 
780 113 10 10 0.030287944 
321 54 4 6 0.030204544 
50 244 20 24 0.030188555 
266 172 8 10 0.030135019 
486 160 4 6 0.03009488 
232 282 20 26 0.030077562 
448 33 4 6 0.029891094 
275 125 7 8 0.029740108 
852 145 7 11 0.029727725 
367 46 3 5 0.029722061 
424 9 3 4 0.029660024 
418 54 3 4 0.029587252 
545 131 10 17 0.02951281 
418 33 3 5 0.029481597 
408 139 5 8 0.029410902 
378 66 3 6 0.029401666 
336 305 18 22 0.029390922 
500 132 4 8 0.029373506 
152 178 6 11 0.029242508 
373 60 3 5 0.029166665 
386 66 3 5 0.029081661 
350 76 6 8 0.028908918 
-4 253 23 34 0.028740289 
470 167 4 6 0.02873996 
392 47 3 4 0.02859795 
379 46 4 4 0.028586688 
891 64 12 16 0.02835008 
806 130 4 6 0.028231641 
382 171 8 9 0.028197968 
251 269 12 15 0.028159799 
379 8 3 4 0.028116727 
723 280 27 34 0.027858792 
1 5 4 8 0.027766528 
730 12 4 6 0.027629562 
444 12 3 6 0.027603716 
359 439 44 59 0.027477814 
447 70 5 6 0.02745825 
507 140 5 9 0.02741758 
358 224 6 10 0.02739947 
724 8 3 5 0.027247133 
324 277 16 20 0.02724201 
356 199 5 7 0.027169704 
882 120 6 10 0.027117657 
165 103 7 13 0.027045062 
227 273 11 15 0.026935434 
123 468 21 25 0.026917523 
340 173 5 6 0.026778996 
417 13 3 5 0.026726091 
763 8 4 5 0.02664986 
197 168 9 10 0.02661327 
450 46 3 5 0.026581267 
684 93 7 12 0.025987446 
278 285 9 11 0.02598572 
250 226 7 13 0.025974205 
423 34 3 4 0.02588724 
359 173 6 7 0.025878701 
442 32 3 5 0.025850115 
427 43 5 7 0.02581913 
111 273 31 34 0.025662437 
221 169 20 21 0.025540838 
386 77 4 5 0.0255345 
892 72 10 17 0.025457151 
829 142 17 26 0.025389865 
338 82 5 7 0.025389269 
311 265 11 10 0.02536596 
379 40 3 4 0.025341036 
132 296 28 31 0.025299126 
332 83 5 7 0.025297645 
304 282 12 11 0.025177788 
493 155 4 6 0.025045734 
553 102 6 10 0.024996474 
392 9 3 4 0.02494543 
423 171 8 11 0.024939558 
635 169 7 13 0.02489768 
314 122 4 5 0.024876496 
500 118 12 24 0.024853086 
78 2 3 4 0.02482791 
373 37 2 3 0.024770299 
397 78 4 5 0.024728589 
448 13 3 6 0.024628323 
319 121 4 6 0.024610471 
703 77 17 27 0.02460149 
437 156 5 6 0.024458637 
529 634 6 6 0.02444085 
439 172 9 10 0.02434658 
429 9 3 4 0.024345236 
370 636 10 20 0.02408804 
16 352 26 26 0.024086187 
75 295 31 21 0.024063313 
379 91 5 5 0.02398331 
429 34 3 5 0.023960862 
485 644 7 7 0.023940008 
285 213 12 16 0.02389316 
194 316 12 13 0.023772458 
394 156 7 6 0.02369857 
360 167 5 5 0.0236949 
870 96 7 14 0.023686923 
417 9 3 4 0.023640158 
97 1 3 5 0.023595367 
304 230 16 23 0.023582986 
813 1 8 8 0.02347697 
345 174 6 6 0.023471382 
564 148 7 11 0.023409205 
654 155 7 10 0.023362827 
347 67 4 5 0.0233328 
125 222 9 13 0.023296816 
33 228 18 30 0.02316942 
384 91 5 5 0.02314431 
412 13 3 5 0.023118282 
497 95 6 8 0.023085412 
403 41 3 4 0.023063948 
561 260 6 10 0.02301561 
342 324 18 24 0.022982316 
431 13 3 5 0.022957223 
360 7 3 5 0.02287422 
403 46 3 4 0.022863125 
437 73 4 5 0.02283748 
385 60 3 4 0.022785528 
13 214 15 25 0.022740837 
455 51 4 7 0.022718964 
778 104 12 10 0.02266597 
194 166 19 18 0.022645425 
88 40 5 5 0.022614844 
550 112 6 10 0.022601012 
353 196 4 5 0.022599984 
272 280 12 15 0.022572236 
352 168 5 6 0.022521257 
583 182 15 13 0.022486508 
52 2 4 6 0.022463419 
343 279 7 10 0.022440245 
256 168 5 7 0.022375962 
167 162 5 6 0.02237196 
440 165 9 9 0.02235407 
108 368 19 25 0.022315377 
341 164 4 4 0.022278253 
440 156 5 6 0.022271926 
571 616 4 5 0.022204028 
393 13 3 4 0.022169681 
21 2 3 6 0.022150664 
329 77 5 7 0.022123655 
474 583 18 22 0.02209592 
537 112 6 11 0.022079548 
447 172 8 9 0.021963788 
71 2 3 4 0.0219135 
493 139 5 8 0.021909595 
417 58 4 5 0.021789942 
333 121 6 7 0.021775804 
405 60 3 4 0.021774996 
10 206 7 13 0.021766067 
306 282 19 18 0.02173859 
736 12 4 6 0.021667508 
538 155 5 9 0.021629792 
351 172 6 6 0.021492897 
438 27 3 5 0.021444622 
193 205 12 17 0.021410264 
378 78 4 5 0.02140796 
405 3 2 4 0.021265233 
49 349 7 10 0.021262398 
324 287 18 19 0.021254629 
317 265 12 10 0.02124946 
438 33 3 4 0.021245368 
456 56 5 9 0.02123307 
363 166 5 7 0.021221964 
480 149 3 5 0.021217305 
945 95 50 65 0.021212287 
834 127 5 6 0.021177037 
361 228 7 9 0.021089507 
443 27 3 6 0.021085957 
151 353 26 29 0.02104766 
402 66 4 5 0.021042516 
419 135 4 8 0.021024566 
423 28 3 4 0.021004964 
146 304 11 11 0.020986963 
769 7 4 6 0.020971503 
347 310 16 22 0.020897018 
500 141 4 7 0.020874202 
590 634 4 5 0.020834673 
397 85 4 4 0.02080043 
883 49 9 13 0.020794986 
429 162 5 6 0.02076809 
62 331 8 9 0.020765493 
560 119 7 11 0.020730326 
347 35 3 4 0.020707577 
278 262 10 11 0.020656262 
450 51 5 6 0.02063132 
345 163 5 5 0.020608734 
33 2 4 5 0.02059458 
385 45 3 5 0.020586312 
805 133 5 7 0.020534592 
340 91 4 5 0.020511616 
329 45 4 5 0.020490844 
400 164 10 10 0.020431597 
590 629 4 6 0.020290086 
398 51 4 5 0.020251436 
469 162 3 5 0.020227069 
35 313 10 10 0.020145189 
365 7 3 5 0.020097606 
511 141 4 8 0.020082198 
426 135 33 45 0.020073075 
281 239 9 15 0.020033179 
358 176 8 9 0.020013023 
316 56 5 8 0.020012453 
