5_Car_Accident_Accident_5_515
40
921 469 40 55 0.9782346 
127 378 40 53 0.9753676 
833 211 25 42 0.7459212 
451 214 38 47 0.6565948 
758 393 54 136 0.63890034 
845 194 34 30 0.4290338 
619 460 22 23 0.31862596 
551 273 167 144 0.14847179 
374 591 109 129 0.07655361 
870 621 5 6 0.06255351 
474 191 31 50 0.05969339 
871 624 5 6 0.056348916 
119 381 26 36 0.0556028 
162 424 10 15 0.046975065 
904 464 22 31 0.043901585 
1008 402 19 34 0.04073918 
605 524 23 30 0.038455117 
468 223 17 19 0.03836923 
658 439 39 48 0.03783406 
495 197 16 28 0.031574648 
860 200 31 35 0.028570946 
864 627 4 6 0.028560923 
878 624 5 6 0.027816156 
861 245 19 31 0.027056634 
141 406 22 28 0.0263144 
31 352 271 364 0.025709748 
525 527 54 54 0.025188828 
595 529 36 51 0.024936201 
85 381 41 65 0.024031192 
948 471 25 37 0.023825219 
867 621 4 5 0.023345772 
570 498 36 51 0.02324477 
722 98 20 30 0.021953307 
609 512 5 7 0.021489324 
853 227 23 34 0.021211354 
597 605 36 51 0.021186389 
870 617 4 5 0.020627799 
628 644 3 7 0.020601267 
614 511 5 7 0.020281892 
687 208 16 15 0.020157503 
