5_Car_Accident_Accident_5_177
236
833 217 24 25 0.9972326 
697 197 17 24 0.9922616 
893 214 19 27 0.98249996 
302 210 19 22 0.97691953 
810 275 22 28 0.97261876 
597 132 14 17 0.96169484 
394 208 16 21 0.94723535 
975 210 17 31 0.94097775 
747 185 16 22 0.9388518 
989 190 19 22 0.90746224 
905 162 18 20 0.8889378 
869 254 21 26 0.86248165 
881 182 11 20 0.70208544 
910 239 18 27 0.6765602 
639 231 14 26 0.58516425 
877 260 24 28 0.5429083 
669 123 17 23 0.48827443 
800 213 17 28 0.37459332 
496 431 46 112 0.36028102 
856 340 24 43 0.25589958 
727 638 30 30 0.24609646 
831 331 17 24 0.23092395 
325 519 12 21 0.22607465 
257 292 21 31 0.22120036 
797 132 10 16 0.21032475 
682 183 11 16 0.20968162 
980 364 19 35 0.16741864 
343 424 11 20 0.16028516 
727 181 17 25 0.15516172 
591 252 10 16 0.14678177 
529 361 41 51 0.14192623 
755 192 17 24 0.1396567 
767 228 29 41 0.1392885 
985 201 19 30 0.11968568 
789 215 19 31 0.11720551 
907 209 18 28 0.09746443 
798 182 22 32 0.09636779 
823 277 21 28 0.09043233 
274 451 17 31 0.08622943 
285 480 15 29 0.08127015 
675 223 12 21 0.080239035 
746 227 10 16 0.07965064 
837 343 35 56 0.076672524 
929 290 19 39 0.07641701 
566 275 9 13 0.07563204 
694 207 12 22 0.07496038 
802 285 23 36 0.073789336 
677 207 11 16 0.07172903 
272 263 21 33 0.070178255 
711 199 12 20 0.067444004 
312 447 10 14 0.067197196 
762 188 11 18 0.06271537 
992 268 18 27 0.062341925 
696 117 6 10 0.060985405 
671 210 9 13 0.06042268 
646 76 5 8 0.05824375 
783 228 14 23 0.055330675 
834 328 31 38 0.054855477 
319 427 10 18 0.054526366 
348 266 11 15 0.054285936 
425 389 22 30 0.053976994 
673 112 17 21 0.0537919 
729 436 26 20 0.051580742 
281 488 11 18 0.050582483 
508 204 12 23 0.050139915 
347 493 11 17 0.049531836 
396 459 24 33 0.04892068 
318 186 16 24 0.048721373 
580 260 10 16 0.048664562 
210 315 9 17 0.04805064 
625 76 6 9 0.047678206 
796 293 17 33 0.046457067 
693 119 7 11 0.046071775 
1005 227 23 35 0.04593877 
596 204 6 9 0.04499642 
361 473 12 20 0.04484622 
735 209 11 16 0.044681378 
1072 258 22 33 0.044519216 
902 250 23 31 0.04427567 
866 350 32 42 0.043344162 
800 134 13 19 0.04318105 
344 180 9 13 0.042174727 
764 246 20 29 0.042050622 
376 477 16 30 0.041898545 
684 86 8 14 0.04177469 
623 205 10 16 0.041684147 
588 234 9 12 0.04167175 
784 182 11 20 0.04073165 
585 256 12 17 0.0406776 
476 496 9 17 0.039400887 
738 213 12 19 0.03932271 
974 257 27 45 0.03914922 
687 581 27 28 0.038920783 
599 238 14 23 0.038857054 
921 246 19 30 0.03744446 
323 447 11 14 0.037179355 
624 153 12 13 0.0369509 
678 78 5 8 0.036061693 
884 183 20 26 0.035834793 
758 204 20 31 0.035593312 
624 95 10 17 0.034849163 
946 243 10 20 0.034546085 
635 254 9 15 0.034191545 
587 225 9 12 0.034121007 
326 465 19 38 0.03409001 
614 254 9 13 0.034054186 
534 287 18 28 0.03399017 
688 242 12 21 0.03399017 
775 237 15 23 0.033964086 
680 165 11 12 0.033764344 
1100 183 9 16 0.033599786 
283 273 12 21 0.033436 
664 126 11 15 0.03319291 
1072 283 23 35 0.033171453 
726 191 11 19 0.033111416 
340 220 11 15 0.033069022 
317 512 10 20 0.032803427 
724 200 11 17 0.032800283 
990 262 11 22 0.032257635 
893 274 27 37 0.032018133 
508 243 20 29 0.03199384 
584 244 6 10 0.031896796 
126 78 38 53 0.031766944 
598 253 9 15 0.031259395 
655 239 12 18 0.0311534 
185 528 32 34 0.030190913 
820 351 38 61 0.029769175 
221 122 21 31 0.02956292 
557 166 9 11 0.029553892 
593 229 8 12 0.02926057 
255 173 8 12 0.029162366 
287 479 9 16 0.029124916 
885 346 33 45 0.02905052 
584 235 7 11 0.02879409 
643 76 5 7 0.028581092 
785 234 20 30 0.028570164 
367 467 16 30 0.028431118 
983 228 20 38 0.02842199 
350 298 12 16 0.028213793 
620 76 9 14 0.02794298 
266 254 17 27 0.027894652 
617 257 10 15 0.027781535 
349 184 9 13 0.027603578 
578 185 7 11 0.027565079 
776 252 11 16 0.02753746 
317 449 10 16 0.027448341 
611 244 16 25 0.027243342 
680 235 15 27 0.027055956 
238 479 26 43 0.027015354 
408 200 11 19 0.026663346 
917 206 18 30 0.026495233 
317 451 19 28 0.026188139 
491 319 36 54 0.025892872 
1081 239 18 28 0.025850136 
507 309 25 36 0.025845734 
385 277 19 28 0.025825482 
503 254 35 44 0.025760032 
642 73 5 7 0.025722248 
797 205 14 24 0.025688661 
469 275 15 17 0.025500003 
649 194 21 23 0.0254782 
722 426 7 6 0.025300778 
689 201 12 18 0.025259124 
680 128 12 18 0.025256332 
899 226 18 32 0.025180474 
184 57 18 24 0.025130443 
563 280 8 12 0.025050256 
1027 184 15 24 0.025009993 
654 189 13 13 0.024967145 
598 101 9 13 0.024924997 
185 62 9 12 0.02475919 
807 208 16 23 0.024506532 
1084 216 16 27 0.024493141 
600 204 8 11 0.024445852 
766 212 21 33 0.0244267 
590 203 7 10 0.024422126 
949 229 16 30 0.02439485 
461 301 22 31 0.024207082 
621 227 18 28 0.02401848 
646 237 15 20 0.023937572 
688 179 9 13 0.023795292 
647 557 15 14 0.023764351 
583 241 39 56 0.023660913 
346 456 11 17 0.023527863 
663 234 11 19 0.02336257 
567 220 9 15 0.02325441 
682 211 12 19 0.02320518 
351 510 15 25 0.023201928 
560 213 11 17 0.023173565 
356 458 21 32 0.023126818 
673 82 5 9 0.02289675 
673 78 6 8 0.022890462 
744 183 9 18 0.022792077 
587 241 9 12 0.022786103 
684 79 6 9 0.022544418 
621 275 9 16 0.022540702 
697 126 9 16 0.022457147 
634 233 9 17 0.02231659 
619 217 10 13 0.022234011 
628 199 18 27 0.022213414 
888 198 21 29 0.022160536 
266 249 9 15 0.022091316 
313 434 17 28 0.021901706 
639 197 24 31 0.021854708 
1012 271 22 31 0.02171989 
1018 193 17 26 0.021686682 
279 467 17 31 0.021650398 
999 272 22 31 0.021648558 
465 285 38 53 0.021631917 
971 223 18 30 0.021604303 
670 231 10 21 0.021397406 
562 251 10 14 0.021340495 
607 251 10 15 0.021253917 
474 144 15 15 0.0212413 
587 130 11 17 0.021231418 
890 302 26 32 0.021101058 
271 450 40 66 0.021071991 
668 77 5 9 0.02097039 
1100 160 9 16 0.02075704 
966 213 16 28 0.020694485 
610 131 10 15 0.020587686 
569 242 8 11 0.02057707 
333 419 9 14 0.020542154 
278 297 18 28 0.020497963 
1079 309 21 35 0.02043668 
987 217 12 22 0.02042044 
582 250 9 15 0.020406283 
601 268 9 14 0.020405237 
557 282 8 12 0.020330673 
313 190 9 12 0.020283472 
292 483 20 32 0.02025091 
780 176 9 16 0.020224195 
678 169 19 23 0.020194044 
389 203 13 18 0.020154594 
1092 197 12 21 0.020121302 
1017 398 18 26 0.020061422 
