5_Car_Accident_Car_Crash_5_866
45
252 104 41 56 0.5029767 
382 204 51 46 0.5011892 
456 309 76 122 0.4947106 
361 86 59 52 0.3486193 
344 527 153 203 0.22575295 
63 79 66 107 0.20430635 
705 439 38 45 0.18076853 
609 419 42 40 0.13614163 
118 82 47 77 0.11308122 
500 87 26 35 0.10607264 
636 477 62 67 0.0960655 
684 210 44 48 0.07907608 
505 126 40 59 0.071004815 
627 133 34 54 0.05950999 
365 388 197 270 0.04815139 
274 472 348 303 0.046467006 
752 206 32 30 0.045105238 
0 233 6 20 0.039640076 
128 216 39 64 0.03891645 
795 -13 192 174 0.038106643 
756 228 26 23 0.037470076 
796 4 38 38 0.03238074 
817 309 232 402 0.029986283 
664 170 24 25 0.029575301 
453 121 41 72 0.029400289 
244 295 59 96 0.029278921 
31 284 20 33 0.029087739 
395 88 47 60 0.028724518 
320 164 28 53 0.028368639 
400 226 31 38 0.027928496 
639 430 76 84 0.027432613 
782 189 22 25 0.026193125 
477 179 52 67 0.025804862 
9 288 10 17 0.025376849 
278 106 38 54 0.024794102 
756 12 48 45 0.024703538 
734 193 38 38 0.024636531 
264 148 35 57 0.024632473 
3 272 19 31 0.023949157 
681 216 22 22 0.023634067 
64 241 23 43 0.023246344 
469 579 100 116 0.023188697 
812 3 20 12 0.022448022 
685 221 10 11 0.02042446 
322 -40 106 88 0.020018604 
