5_Car_Accident_Accident_5_474
115
242 120 21 24 0.990987 
346 142 20 22 0.98841256 
553 138 17 22 0.9601566 
586 152 17 25 0.9094549 
794 94 40 60 0.86739016 
800 141 21 26 0.74555826 
620 136 23 27 0.6957918 
611 146 19 23 0.43153083 
307 151 10 13 0.4069977 
711 133 17 27 0.3809822 
108 288 23 25 0.31441543 
616 261 12 17 0.26593047 
326 196 23 23 0.24498035 
596 148 16 26 0.23134948 
630 131 21 25 0.20257105 
767 260 11 19 0.100629814 
820 335 13 16 0.08595686 
270 179 19 27 0.085772805 
624 130 15 17 0.08517779 
841 137 16 25 0.07838017 
282 141 10 11 0.0706483 
604 152 14 20 0.06538465 
613 -163 367 427 0.063291125 
292 171 21 25 0.060026165 
335 175 437 382 0.05943544 
837 46 20 29 0.05478815 
167 105 35 36 0.054060325 
1086 323 9 17 0.05281251 
909 48 8 16 0.050944023 
902 277 9 13 0.050078105 
878 191 23 46 0.049933974 
1018 255 7 12 0.047908213 
694 141 13 20 0.045774464 
699 138 20 23 0.045648314 
298 145 12 13 0.04547036 
813 51 15 18 0.044313535 
251 173 23 27 0.043649122 
854 236 9 16 0.043196965 
11 571 95 107 0.042811982 
567 212 21 27 0.042140104 
452 75 20 23 0.042022165 
484 110 30 49 0.040912613 
459 283 19 22 0.040447608 
962 185 7 11 0.04012598 
769 241 11 17 0.04004864 
193 248 19 32 0.039950076 
583 138 20 22 0.03895077 
1091 300 10 19 0.0377119 
1015 272 11 18 0.037303403 
503 118 11 17 0.03706157 
901 159 9 18 0.03612865 
1064 326 14 25 0.035693098 
131 91 49 43 0.035458736 
523 279 28 28 0.035275616 
905 66 9 17 0.03526051 
310 142 8 9 0.034469638 
267 214 21 32 0.03389717 
97 288 39 54 0.033592388 
1053 290 12 19 0.032776836 
984 264 6 8 0.031660978 
119 272 14 16 0.031194836 
459 79 25 25 0.031013109 
1033 270 13 19 0.030004153 
594 222 19 29 0.0295208 
848 48 20 30 0.029406698 
297 150 19 22 0.029157592 
853 341 14 15 0.0284694 
402 143 11 17 0.028364021 
652 335 7 9 0.027841685 
335 34 13 16 0.02761798 
560 370 12 12 0.02693777 
594 306 9 16 0.026789885 
705 326 7 12 0.02662129 
286 138 21 19 0.026283147 
1029 277 15 24 0.026125142 
710 393 12 19 0.02606732 
580 150 13 19 0.02548647 
841 339 12 15 0.025433028 
287 260 26 35 0.025363041 
184 185 32 41 0.02530691 
-31 654 199 207 0.025240583 
517 309 421 387 0.025199072 
835 247 24 27 0.025021078 
502 128 12 22 0.024928475 
910 171 5 9 0.024820793 
654 359 20 21 0.024814863 
535 164 11 19 0.024527779 
764 187 11 16 0.02412376 
966 306 9 13 0.023961723 
308 181 12 16 0.023779338 
1052 213 12 21 0.023369644 
878 247 19 28 0.023302188 
908 332 7 10 0.02321536 
142 102 13 13 0.023187676 
761 195 18 32 0.022977004 
868 54 11 19 0.022815699 
822 301 43 37 0.022417173 
770 371 32 23 0.022113165 
78 307 46 70 0.021913534 
267 292 8 15 0.021715377 
473 146 34 53 0.02167948 
778 277 20 33 0.021621753 
652 271 9 14 0.021517832 
910 328 6 9 0.021452079 
924 179 143 200 0.021045107 
76 549 21 29 0.020904271 
1014 296 26 38 0.020804815 
546 165 11 15 0.020776454 
261 244 81 119 0.020723918 
1013 256 7 9 0.020684958 
1009 273 12 15 0.02057532 
166 95 32 23 0.020425042 
1021 251 14 22 0.020404415 
1002 374 25 37 0.02032671 
105 616 17 27 0.020087989 
