5_Car_Accident_Accident_5_244
109
841 202 22 39 0.9930727 
649 203 19 28 0.9902574 
919 189 16 26 0.9767255 
799 195 21 25 0.9764737 
491 211 23 26 0.9712762 
708 188 18 25 0.97041994 
997 187 37 58 0.96064425 
462 301 26 29 0.8201759 
641 310 36 48 0.77210516 
723 186 16 26 0.59574145 
476 295 27 34 0.57504797 
570 190 16 26 0.46540314 
766 219 23 38 0.43914866 
865 203 30 38 0.4024172 
258 277 18 35 0.342717 
763 204 15 25 0.33370036 
489 554 57 49 0.16754957 
331 313 39 91 0.1563362 
485 581 61 47 0.15080948 
667 207 13 20 0.12960182 
883 199 20 33 0.108285576 
914 222 11 19 0.103182375 
852 206 26 34 0.10065175 
536 293 27 58 0.0899535 
560 191 9 16 0.08613265 
-3 262 14 33 0.08445233 
438 233 10 22 0.08285321 
507 209 14 19 0.07687662 
894 205 12 20 0.069326624 
626 314 31 47 0.061319754 
236 276 30 49 0.05902593 
636 213 10 16 0.058724206 
708 209 17 28 0.055870183 
838 193 9 19 0.055726174 
556 217 9 15 0.054325078 
471 248 31 45 0.05143387 
223 303 16 30 0.051410254 
457 43 19 23 0.04864615 
753 196 10 15 0.04552994 
935 192 13 20 0.04386047 
227 294 12 18 0.043481193 
905 193 11 22 0.04242442 
637 216 16 24 0.04017862 
674 199 13 22 0.039802294 
621 259 31 48 0.039605778 
481 307 30 46 0.039206475 
973 108 4 8 0.036909554 
616 215 12 16 0.036787607 
429 198 31 55 0.035679076 
551 139 8 13 0.035571847 
593 194 22 26 0.03553809 
577 186 11 19 0.03538198 
534 472 27 37 0.034754574 
700 10 36 49 0.034531716 
1072 213 22 35 0.034297563 
966 200 30 53 0.034265768 
913 207 16 30 0.032448526 
758 190 11 18 0.032265045 
655 182 11 13 0.031193962 
752 203 47 82 0.03066109 
482 199 19 24 0.030559108 
271 282 10 22 0.030488124 
486 218 32 43 0.030483713 
696 202 7 13 0.030476203 
568 184 12 19 0.029725093 
494 325 28 43 0.02932964 
737 240 8 13 0.029194642 
542 220 9 13 0.028986102 
662 305 27 46 0.02879994 
753 205 11 18 0.02870237 
520 569 55 46 0.028346613 
221 280 30 48 0.02828052 
442 162 8 15 0.027784104 
541 284 16 27 0.027260562 
629 186 13 16 0.02707393 
254 283 12 21 0.026836386 
492 608 44 25 0.026412591 
549 219 8 15 0.026122397 
748 196 8 15 0.02606215 
790 208 19 27 0.025813434 
629 197 17 26 0.025599707 
639 244 30 48 0.02532931 
558 212 15 25 0.024401398 
1055 304 33 49 0.024378456 
557 158 7 11 0.024262415 
1081 183 11 20 0.02408218 
1063 232 29 42 0.023980297 
129 214 80 81 0.023964098 
970 106 4 6 0.023861824 
956 45 4 7 0.023654757 
1032 127 11 21 0.023624672 
59 118 18 24 0.022999259 
877 213 15 22 0.022649752 
944 228 18 35 0.022403497 
638 180 20 21 0.021851528 
136 180 50 52 0.021649498 
496 230 11 15 0.021437751 
1081 161 9 17 0.021304913 
1007 195 57 90 0.0213005 
247 287 11 20 0.021095984 
987 360 74 135 0.02108547 
943 186 12 21 0.0209991 
582 188 20 29 0.020716514 
961 44 5 8 0.020660242 
818 473 108 155 0.02055087 
757 177 10 14 0.020545801 
755 191 32 40 0.020452315 
551 196 7 14 0.020345084 
922 187 136 147 0.020249581 
