5_Car_Accident_Accident_5_287
177
851 36 15 20 0.93123627 
438 4 11 15 0.27764574 
664 135 41 38 0.22081025 
87 188 11 18 0.1961546 
731 101 8 10 0.18098442 
892 63 19 20 0.17442729 
304 203 13 21 0.157264 
769 97 8 8 0.14379835 
153 157 8 18 0.14272277 
158 137 9 14 0.1404843 
913 47 12 16 0.10520223 
478 32 7 11 0.08807454 
880 39 8 13 0.08401329 
742 96 7 7 0.07074667 
680 120 13 11 0.07039582 
365 177 9 11 0.06722622 
151 120 8 14 0.062331744 
363 171 16 21 0.06091639 
153 132 9 14 0.06058348 
413 121 22 21 0.057909578 
597 543 6 10 0.057520468 
315 4 4 6 0.057035096 
891 46 34 41 0.05668893 
223 209 16 29 0.05477007 
924 24 18 22 0.054345172 
769 94 6 7 0.050373018 
198 198 6 8 0.049164325 
755 103 7 8 0.048716046 
525 550 7 11 0.047040083 
676 95 11 10 0.045553714 
227 207 9 12 0.04550739 
665 119 28 23 0.045122698 
479 549 6 11 0.04477719 
381 97 7 8 0.04440721 
747 105 8 8 0.04268715 
356 265 9 10 0.041790307 
755 117 8 8 0.041216362 
294 189 5 6 0.040924028 
761 99 6 7 0.0408559 
923 20 6 9 0.04080835 
927 19 7 10 0.040568262 
757 100 6 7 0.040541817 
721 95 8 10 0.04023179 
525 547 6 8 0.040162064 
420 25 6 9 0.038658556 
879 182 22 30 0.038248092 
344 149 9 11 0.038053747 
773 94 5 6 0.037374772 
325 195 5 5 0.03714194 
256 265 366 444 0.037056386 
155 142 15 24 0.036708806 
747 97 5 6 0.036453046 
422 20 6 10 0.035917282 
452 90 6 9 0.035445176 
929 16 4 6 0.03517322 
359 181 6 7 0.03479077 
270 158 13 10 0.033961363 
748 92 5 7 0.03385986 
635 159 32 50 0.0326369 
714 95 8 10 0.032271396 
933 20 8 9 0.031576667 
754 110 7 8 0.031526692 
892 31 10 12 0.0314112 
236 9 4 6 0.031403635 
404 552 6 8 0.031172736 
768 101 8 8 0.030830987 
428 93 8 11 0.030805334 
307 194 5 6 0.030782068 
648 120 37 45 0.030594025 
684 109 10 11 0.03054238 
787 130 5 4 0.030459752 
208 162 13 10 0.030374754 
729 97 17 19 0.030160086 
121 212 6 9 0.029896315 
300 191 6 8 0.029867772 
277 3 4 5 0.029805148 
225 3 4 5 0.029772593 
345 137 5 7 0.029629929 
157 118 8 14 0.029246852 
685 105 7 7 0.029170416 
576 544 5 10 0.029133415 
286 142 6 7 0.029008776 
447 90 7 9 0.028225996 
344 140 7 9 0.028022077 
206 119 5 6 0.02800029 
696 39 304 420 0.027961746 
788 138 6 6 0.027636057 
278 159 10 9 0.027578335 
762 93 4 6 0.027414037 
440 32 5 8 0.0273625 
945 315 17 24 0.027049957 
782 87 4 4 0.026818259 
736 100 22 22 0.026799144 
125 136 11 17 0.026700296 
624 544 6 10 0.026528874 
825 113 9 10 0.026471319 
885 86 11 17 0.02639478 
556 442 23 26 0.026382592 
923 17 5 6 0.02583231 
320 150 5 7 0.02568013 
750 98 19 19 0.0256626 
1005 488 24 28 0.02560295 
421 551 7 9 0.02558242 
775 542 7 11 0.02556754 
306 181 5 6 0.025551451 
652 104 23 26 0.02545269 
658 97 8 8 0.02532878 
787 126 6 5 0.02532149 
206 167 15 12 0.02515148 
202 199 6 8 0.025068697 
643 114 26 29 0.024908928 
350 150 6 8 0.02490029 
444 89 6 11 0.024783487 
349 154 7 8 0.024731953 
416 127 10 10 0.024710508 
671 90 21 19 0.024690282 
759 118 7 6 0.024289766 
962 496 12 19 0.024244858 
413 95 6 9 0.024206419 
340 142 16 22 0.024164058 
309 8 5 5 0.023973096 
916 30 19 25 0.02394665 
117 212 6 9 0.023926208 
748 120 8 8 0.023911562 
73 195 10 16 0.023767475 
614 103 5 8 0.023709387 
164 157 8 13 0.023681823 
595 121 6 7 0.02330182 
711 88 18 22 0.023058448 
193 199 7 8 0.02305652 
596 43 31 49 0.022946574 
307 176 5 6 0.022889985 
887 33 16 23 0.022639068 
734 108 9 10 0.022629116 
667 130 80 61 0.022545757 
934 16 5 6 0.022532508 
960 335 28 31 0.022195505 
819 53 5 8 0.02202687 
742 102 9 10 0.022005318 
959 475 10 16 0.021924835 
340 186 6 6 0.021895528 
215 111 9 10 0.02188587 
198 223 6 8 0.02183265 
302 181 5 5 0.02179715 
600 540 6 10 0.02169203 
274 140 8 7 0.021684103 
282 141 7 7 0.02162648 
793 130 6 6 0.021625176 
823 120 10 10 0.021513045 
447 86 5 6 0.021449238 
888 67 11 13 0.021431101 
35 192 17 29 0.021402888 
398 150 6 6 0.021313455 
192 195 5 7 0.021262558 
714 138 9 8 0.021253914 
717 87 6 6 0.021212315 
711 94 6 6 0.02077835 
907 49 12 14 0.020720791 
782 110 5 6 0.020672143 
912 48 21 30 0.020670353 
241 199 7 9 0.020636162 
400 146 21 20 0.020551572 
287 138 5 7 0.020539196 
309 4 5 5 0.020396475 
296 176 5 5 0.020373948 
314 175 6 7 0.020364713 
689 105 6 7 0.020361159 
280 3 5 5 0.020353165 
671 95 10 11 0.020350436 
230 4 4 4 0.02034833 
350 161 6 8 0.020336851 
662 109 11 10 0.020318082 
225 8 5 6 0.020290064 
887 38 63 73 0.020275988 
118 206 5 10 0.02014494 
662 117 13 11 0.020059898 
760 122 7 7 0.02000775 
