5_Car_Accident_Accident_5_641
246
91 267 30 32 0.6267475 
692 131 27 35 0.34766424 
836 263 114 133 0.2398094 
557 207 7 11 0.2274413 
627 155 21 27 0.20542197 
949 181 12 15 0.20035201 
302 245 6 9 0.1521451 
29 526 75 50 0.14372073 
903 23 8 14 0.11730489 
446 161 12 10 0.1133175 
868 28 16 25 0.10519415 
306 249 8 13 0.0986186 
447 397 8 8 0.088330984 
892 217 18 14 0.08342218 
1017 251 7 11 0.08238741 
1017 120 8 13 0.08080362 
615 294 10 11 0.08044501 
858 409 14 10 0.07838911 
891 24 8 15 0.069603585 
779 122 17 24 0.06952787 
438 318 13 8 0.066448815 
340 239 6 7 0.063760765 
183 237 11 13 0.063148074 
650 391 9 9 0.059638478 
1013 460 9 13 0.05912071 
853 109 12 15 0.058865387 
855 226 13 11 0.058445666 
576 203 7 12 0.057885922 
370 378 9 16 0.05593305 
802 454 11 11 0.055819616 
359 372 6 11 0.0552739 
580 201 8 11 0.05315273 
462 388 5 6 0.052188866 
824 82 11 16 0.052031588 
577 340 17 14 0.051549762 
101 242 9 13 0.05150249 
486 333 18 12 0.04985902 
425 154 13 12 0.048977796 
762 433 6 5 0.04897151 
1016 155 7 13 0.048644938 
834 92 17 29 0.046342112 
207 251 10 15 0.044994667 
725 295 10 12 0.04495806 
737 552 40 35 0.044102617 
787 173 125 180 0.043887526 
820 237 9 11 0.043567345 
767 433 5 6 0.04293925 
250 262 6 11 0.042858172 
944 160 9 13 0.042802293 
345 238 6 8 0.041112114 
632 278 8 10 0.040573522 
29 326 48 46 0.04034876 
411 147 11 12 0.040136717 
627 283 10 12 0.039916255 
676 415 10 11 0.039436232 
1006 123 6 10 0.0393716 
1018 46 6 12 0.039162412 
911 182 12 14 0.039105505 
465 388 5 5 0.039084002 
864 22 7 9 0.03896553 
567 344 26 20 0.038922995 
451 321 12 8 0.0387937 
453 394 7 7 0.038521115 
849 95 12 11 0.03831454 
333 240 4 7 0.038178757 
736 199 7 14 0.037453126 
975 165 9 14 0.03737383 
760 436 8 8 0.037298765 
155 245 44 70 0.03729119 
877 406 8 9 0.036976367 
600 346 13 12 0.036723725 
442 398 7 7 0.036669284 
904 354 8 11 0.036073245 
607 320 10 12 0.035943758 
746 195 8 15 0.035126094 
1017 297 7 11 0.034856606 
1010 51 5 9 0.03418896 
332 218 7 8 0.034155753 
415 307 9 7 0.033806134 
329 239 4 6 0.03351704 
914 1 8 10 0.033270705 
624 291 12 15 0.03308747 
210 232 8 11 0.03298709 
598 344 29 23 0.032930672 
1012 154 7 12 0.03291197 
781 390 9 9 0.032650918 
770 120 11 15 0.032598063 
339 221 5 6 0.032442246 
570 201 6 8 0.031866122 
384 234 5 6 0.031817243 
1018 139 7 12 0.031648207 
991 135 7 9 0.030611018 
555 255 6 9 0.030316612 
50 163 311 460 0.030229246 
188 240 11 15 0.030161023 
378 303 5 9 0.03015497 
233 237 8 9 0.030118635 
1017 180 8 13 0.030098312 
812 100 9 13 0.029861575 
1011 127 5 9 0.029717742 
459 393 6 7 0.029493285 
947 424 10 8 0.029369649 
147 231 6 8 0.029352158 
749 388 6 5 0.029261017 
649 347 12 12 0.029096493 
444 320 13 9 0.029031878 
422 158 10 11 0.028569628 
379 235 5 5 0.028540881 
390 234 4 5 0.028525947 
341 236 5 5 0.028452886 
404 235 3 5 0.028399577 
865 347 9 10 0.02827727 
549 278 9 13 0.028256958 
919 383 7 9 0.02821639 
575 266 9 10 0.02821421 
385 239 5 7 0.027970795 
977 127 8 10 0.0275822 
1018 294 15 24 0.027449042 
783 110 10 15 0.027390523 
298 235 27 41 0.02731922 
978 115 7 10 0.02727129 
851 218 25 22 0.02723245 
394 268 12 10 0.026936924 
326 235 4 5 0.026810603 
940 62 7 14 0.026564473 
396 240 5 6 0.026285915 
341 227 5 5 0.026249826 
899 299 10 15 0.026190838 
937 336 9 14 0.026125321 
462 320 13 9 0.02595565 
869 21 7 9 0.025901385 
1018 143 15 28 0.025878936 
1030 261 16 29 0.025851157 
467 393 5 7 0.025755849 
552 370 18 13 0.025678124 
290 245 5 8 0.025446033 
300 238 14 21 0.025395978 
472 323 13 8 0.025346244 
953 438 8 8 0.025236253 
903 223 13 12 0.025216727 
1020 130 15 25 0.025153352 
1017 103 5 11 0.025150392 
377 362 4 6 0.025069222 
951 160 6 10 0.025068412 
391 304 7 9 0.024999408 
502 335 35 22 0.024893835 
295 249 6 9 0.02478504 
323 234 4 6 0.024640394 
588 203 8 12 0.024595223 
956 300 13 15 0.024588453 
856 164 11 12 0.024580952 
294 245 6 9 0.024507048 
398 235 3 4 0.024177058 
418 580 3 5 0.023873318 
495 412 5 6 0.02380366 
753 441 9 11 0.023765389 
1018 149 6 11 0.023672702 
448 404 7 7 0.023661053 
398 298 5 6 0.023597436 
1020 278 16 26 0.023590583 
218 280 8 15 0.023543483 
681 328 42 52 0.02352616 
570 205 6 9 0.023339126 
384 310 5 6 0.023165576 
1017 158 15 25 0.023103653 
415 316 11 9 0.023099937 
819 314 11 16 0.02303691 
997 276 10 11 0.022874573 
311 244 7 9 0.022853386 
311 264 8 12 0.022796558 
632 216 16 26 0.022746198 
760 132 18 23 0.022694055 
1044 198 22 41 0.022664974 
1016 81 7 12 0.022648878 
953 109 8 11 0.02263671 
364 377 7 13 0.022623463 
907 197 12 12 0.022529574 
1013 104 5 10 0.022488268 
188 234 9 10 0.022446096 
947 439 8 7 0.022417624 
913 16 9 14 0.0224003 
437 398 6 6 0.022385545 
453 406 7 7 0.022383727 
620 186 7 12 0.02236951 
754 388 6 6 0.02221908 
927 433 7 6 0.022189097 
408 294 9 8 0.022042757 
884 432 6 5 0.022006355 
954 103 9 11 0.021934247 
961 164 9 12 0.021925561 
1028 246 17 30 0.021893056 
734 419 6 7 0.021877645 
410 304 8 7 0.021877035 
383 305 6 8 0.021853276 
878 200 14 12 0.021852037 
254 263 5 9 0.02175662 
665 404 8 7 0.021728402 
390 239 5 6 0.021691907 
178 241 10 13 0.021690467 
240 253 8 13 0.021672709 
350 239 6 7 0.021630628 
372 357 4 5 0.021609137 
598 358 30 26 0.021556875 
397 250 7 8 0.021552995 
895 413 8 8 0.021490132 
360 612 4 5 0.021488884 
645 188 9 15 0.021453992 
444 580 3 5 0.021419642 
577 291 7 8 0.021399958 
900 432 8 7 0.021355718 
472 221 11 14 0.021333575 
1017 617 5 8 0.02132206 
870 17 5 6 0.021278333 
611 289 18 20 0.02125294 
789 583 10 12 0.021231258 
486 326 34 22 0.021169733 
976 148 7 10 0.021161862 
979 72 6 9 0.021087872 
945 419 11 8 0.021038739 
742 193 8 14 0.020977413 
659 398 6 7 0.020789264 
900 412 9 8 0.020783423 
985 135 7 10 0.020731773 
666 401 8 7 0.020715337 
536 221 9 12 0.020715129 
436 393 7 7 0.020650964 
1009 184 11 11 0.02064396 
569 356 18 13 0.020629855 
717 356 6 6 0.02059994 
452 420 6 6 0.020576337 
423 611 4 6 0.020557003 
333 244 5 7 0.020544669 
1011 83 7 10 0.020510096 
395 303 8 8 0.020481685 
520 335 14 10 0.020298852 
302 254 7 11 0.020293135 
869 26 9 15 0.020273194 
410 580 3 4 0.020249471 
978 636 8 12 0.020230774 
999 85 4 8 0.02016762 
874 433 8 6 0.02016508 
1004 137 6 9 0.020160677 
352 606 4 5 0.020152131 
443 586 4 5 0.020138457 
866 405 11 9 0.020100364 
831 410 11 8 0.020087613 
