5_Car_Accident_Car_Crash_5_51
160
771 268 18 23 0.9845244 
745 267 15 24 0.38896447 
835 244 10 16 0.28875834 
114 246 6 8 0.18733807 
43 156 332 428 0.1838098 
713 262 19 27 0.18091147 
949 253 27 27 0.17648086 
123 246 5 8 0.16520761 
205 251 6 7 0.15475991 
517 238 12 12 0.10420273 
165 246 5 8 0.099161334 
270 244 20 27 0.09831465 
759 228 11 17 0.09769524 
102 241 5 8 0.09741069 
122 243 5 7 0.09285774 
181 247 5 7 0.08938783 
111 220 4 7 0.08257098 
838 244 16 23 0.07315342 
115 228 5 9 0.071352005 
111 227 5 9 0.070925005 
195 334 332 456 0.07081043 
116 232 5 8 0.0632094 
220 269 8 15 0.062214836 
176 246 4 7 0.062171776 
230 257 36 49 0.061590947 
162 247 5 7 0.06021698 
116 242 5 8 0.059899446 
146 247 7 7 0.058135696 
267 237 9 9 0.05617432 
163 220 4 7 0.055300932 
1007 419 19 27 0.052032556 
195 249 4 5 0.05194487 
532 610 33 51 0.051721912 
764 288 9 15 0.050125867 
258 239 6 7 0.049792934 
186 249 4 6 0.049781114 
792 693 12 17 0.049284298 
660 345 7 7 0.048023023 
166 242 4 6 0.047909066 
634 314 8 13 0.0477093 
261 238 8 9 0.047413506 
846 291 25 27 0.04725362 
111 243 5 7 0.04702184 
259 231 39 47 0.04699862 
787 363 11 17 0.046242703 
182 265 5 7 0.04615238 
140 246 7 7 0.044939052 
135 247 7 7 0.04493301 
176 243 4 5 0.042896386 
430 505 123 221 0.04272343 
131 235 5 6 0.042422786 
199 252 5 7 0.042184476 
587 330 88 100 0.040017854 
703 260 10 17 0.0398645 
143 230 3 5 0.039220173 
848 248 12 17 0.039188284 
199 249 4 6 0.036934722 
134 234 5 6 0.036716226 
295 221 4 6 0.03615316 
209 261 15 25 0.035992414 
754 306 21 29 0.03589386 
763 264 32 43 0.035790563 
246 216 5 6 0.03578371 
224 246 5 7 0.03577147 
129 240 5 7 0.035187315 
234 -17 163 153 0.035062652 
115 219 5 8 0.03434905 
175 227 4 7 0.03372726 
505 638 40 57 0.033540428 
96 226 6 9 0.03313531 
128 247 5 7 0.033096895 
122 251 6 8 0.033054 
291 221 4 6 0.032824848 
162 217 4 7 0.032786205 
625 685 12 15 0.032186616 
211 253 6 7 0.032087132 
180 243 4 6 0.032069337 
142 233 5 6 0.03156681 
752 264 18 27 0.03132958 
554 241 10 13 0.031130085 
182 252 5 6 0.03101983 
174 222 4 6 0.030807942 
163 241 4 7 0.030771581 
243 251 10 10 0.030743523 
549 285 39 45 0.03051796 
260 251 9 11 0.029984375 
705 255 17 27 0.029978005 
246 242 5 6 0.02923793 
167 221 4 7 0.029235557 
675 372 16 23 0.029134177 
205 247 32 45 0.02903852 
1098 326 10 16 0.028729836 
135 251 7 7 0.028724866 
689 314 43 51 0.028682105 
175 253 5 6 0.028005453 
162 234 4 6 0.027795805 
766 302 10 14 0.027532773 
726 271 12 17 0.027352273 
594 215 10 17 0.02722838 
260 232 22 23 0.027220147 
302 220 4 7 0.02709052 
1028 296 21 30 0.026512533 
273 238 9 11 0.02613345 
244 246 7 9 0.026084125 
637 689 11 14 0.0257695 
134 241 6 7 0.025551151 
251 235 5 8 0.025306994 
154 247 6 7 0.024933841 
764 226 8 13 0.024852771 
832 224 31 43 0.024829747 
147 234 6 7 0.02463803 
291 226 5 9 0.024384128 
259 243 9 11 0.02426178 
210 258 10 13 0.02417933 
98 211 4 6 0.024139985 
97 214 5 7 0.024135053 
1096 355 10 16 0.023645937 
295 218 4 5 0.023642162 
638 318 9 11 0.023479018 
241 384 22 25 0.023478854 
162 228 4 6 0.02330729 
905 474 23 25 0.023229389 
693 228 6 7 0.023008257 
484 229 9 14 0.022897473 
0 598 13 34 0.02250898 
747 215 8 12 0.02227723 
137 230 4 5 0.022195557 
249 239 6 7 0.022156483 
277 200 7 10 0.022151265 
147 240 7 7 0.022089513 
629 89 20 31 0.022074373 
574 221 10 15 0.022034861 
186 280 6 7 0.021984741 
187 241 4 6 0.02196935 
752 300 11 18 0.021806331 
283 220 5 7 0.021585662 
704 507 21 24 0.021525124 
103 227 5 9 0.02149233 
116 251 6 8 0.021458948 
268 243 10 12 0.021433545 
123 235 4 6 0.021396667 
153 241 6 6 0.021365251 
140 242 7 7 0.02131416 
645 692 11 13 0.021293988 
294 224 6 11 0.021218613 
842 236 12 17 0.021175202 
205 256 8 12 0.021165721 
181 228 4 6 0.021020988 
181 281 5 6 0.020946944 
836 204 14 15 0.020908538 
275 258 11 16 0.02083507 
147 251 7 7 0.020682724 
182 261 4 6 0.020631088 
308 219 6 8 0.020537363 
167 253 4 6 0.02045571 
181 234 4 6 0.020339962 
192 234 5 7 0.020199126 
218 253 5 6 0.02003061 
242 161 22 33 0.020023538 
809 327 11 13 0.020009495 
