5_Car_Accident_Car_Crash_5_544
26
223 200 188 191 0.9997694 
493 54 215 256 0.99975806 
63 225 55 77 0.99840146 
704 148 73 115 0.9476514 
39 270 22 37 0.940128 
153 421 305 494 0.5847984 
478 533 384 468 0.15440725 
266 505 151 295 0.09939996 
433 173 51 74 0.089292854 
-20 406 299 507 0.082292646 
819 448 148 250 0.06947126 
147 66 313 449 0.062266715 
106 221 58 97 0.05905229 
1011 122 17 40 0.051862936 
311 330 266 511 0.04797145 
355 585 93 115 0.04226917 
897 410 63 110 0.03762569 
-6 104 33 86 0.035923615 
856 266 23 30 0.030299263 
31 675 396 372 0.028943455 
94 515 149 241 0.02743246 
1011 99 32 75 0.023542076 
504 778 11 17 0.02324174 
16 68 9 17 0.021212632 
995 -6 58 133 0.020438155 
194 32 224 177 0.02039006 
