5_Car_Accident_Accident_5_982
46
734 197 46 64 0.9996427 
476 224 42 60 0.9994537 
322 236 44 68 0.99895775 
725 613 23 28 0.53213936 
425 393 19 31 0.48583862 
613 212 12 16 0.25482506 
567 497 19 22 0.17955077 
382 369 18 32 0.16094275 
751 503 56 122 0.11415161 
684 336 39 57 0.10708131 
814 349 42 43 0.10468201 
202 310 18 21 0.094310775 
105 286 66 63 0.09270903 
741 582 34 54 0.08723135 
798 357 28 21 0.06067191 
839 133 11 20 0.04850692 
20 365 389 302 0.03967661 
835 205 9 15 0.038811147 
988 319 10 13 0.037213042 
983 274 8 14 0.036998477 
828 337 30 24 0.036248595 
404 225 19 31 0.035934333 
444 270 252 447 0.03502907 
686 501 36 48 0.034383446 
313 125 8 16 0.033151437 
751 613 24 34 0.03313403 
878 139 15 35 0.031701915 
842 61 11 20 0.031591784 
196 315 10 14 0.03024 
630 497 8 10 0.029805344 
844 241 9 17 0.02828777 
222 256 11 17 0.026311524 
420 261 11 16 0.025419958 
680 494 13 15 0.025401762 
860 49 11 17 0.025109926 
818 114 19 34 0.024814978 
577 501 10 13 0.024474371 
901 78 7 13 0.023933347 
887 206 8 16 0.023146195 
1017 639 8 15 0.022780355 
711 652 13 15 0.022771616 
437 49 275 351 0.022714846 
931 204 12 20 0.021792777 
388 211 10 14 0.02163557 
821 372 27 36 0.020654244 
567 508 38 45 0.020157924 
