5_Car_Accident_Car_Crash_5_773
56
631 444 14 18 0.9358882 
325 408 16 24 0.91199523 
550 428 15 22 0.88899195 
395 430 16 18 0.8560824 
687 440 12 16 0.81876373 
466 437 15 17 0.80577797 
7 455 20 29 0.39261872 
725 477 10 15 0.066328555 
708 424 12 19 0.059797157 
660 298 9 12 0.05818076 
583 450 8 14 0.0564431 
509 471 10 13 0.042450905 
732 453 12 16 0.042166904 
299 460 9 16 0.041158848 
514 285 11 12 0.037398234 
383 535 11 15 0.037044786 
491 472 10 12 0.032828994 
652 450 7 14 0.03248601 
415 485 10 13 0.031382907 
291 506 30 53 0.03105744 
344 437 9 12 0.029690128 
1015 448 7 10 0.028468905 
1006 189 16 13 0.028460605 
352 421 8 12 0.028416146 
356 421 13 16 0.027513398 
557 301 33 49 0.027323484 
820 450 13 12 0.026934814 
657 449 7 14 0.026450718 
1011 182 21 22 0.026297703 
272 486 7 7 0.026204586 
1011 412 19 24 0.025940143 
386 476 24 21 0.02561031 
684 447 12 19 0.025488552 
1025 422 17 24 0.025090635 
550 547 11 14 0.025048474 
1018 538 16 22 0.024856417 
319 446 10 15 0.0247314 
442 506 8 9 0.024396801 
657 373 18 28 0.02423154 
346 420 6 11 0.024076534 
299 469 10 16 0.023475876 
643 444 8 15 0.02344008 
1008 421 11 11 0.023373159 
425 576 11 10 0.0232324 
349 438 9 13 0.023186672 
503 32 48 48 0.022738934 
484 430 10 15 0.022503564 
719 478 17 26 0.02208773 
1018 508 8 10 0.021473654 
652 482 7 13 0.02142547 
572 406 11 20 0.021075636 
1019 454 17 21 0.020838156 
497 392 72 95 0.020815916 
631 426 8 10 0.020553663 
504 476 9 11 0.020503048 
440 448 8 10 0.020105565 
