33_Running_Running_33_771
18
416 343 110 132 0.99763775 
332 142 100 128 0.99610585 
435 195 19 29 0.09987196 
360 696 391 701 0.09799105 
393 828 160 219 0.09603012 
12 832 108 206 0.07575816 
125 408 33 52 0.04004363 
376 1316 14 19 0.038060345 
357 858 47 89 0.03578532 
756 112 30 55 0.03531817 
859 854 13 31 0.033867665 
197 758 46 43 0.030802043 
147 530 21 27 0.030309279 
394 -93 549 664 0.023164382 
197 278 49 47 0.02292731 
587 316 20 29 0.021963 
115 -2 48 35 0.020324651 
536 719 19 21 0.020320639 
