33_Running_Running_33_547
159
368 100 43 55 0.999731 
529 107 43 62 0.9994234 
456 50 47 59 0.9993185 
254 78 47 61 0.99879277 
623 133 47 52 0.9983279 
115 30 57 71 0.9978515 
741 56 58 66 0.9973115 
934 174 18 22 0.3786915 
251 571 33 31 0.2584507 
311 523 21 21 0.1621214 
577 3 26 22 0.14024732 
731 194 26 37 0.09959281 
309 577 53 43 0.09159798 
341 4 3 4 0.086205706 
831 550 10 11 0.07803439 
282 5 4 4 0.068257466 
385 3 4 5 0.06783772 
314 9 5 5 0.06310885 
276 3 4 5 0.060753204 
328 10 3 4 0.060036156 
316 4 3 5 0.058703475 
204 542 25 22 0.05643442 
320 4 3 4 0.054750018 
346 5 3 3 0.054376733 
340 10 3 4 0.053641766 
348 22 272 470 0.053352326 
639 553 10 9 0.052112155 
334 10 3 4 0.051623803 
953 9 5 5 0.04942325 
271 4 3 4 0.048697684 
328 5 3 4 0.04767139 
352 4 3 4 0.04630108 
245 5 3 3 0.046142902 
320 9 3 5 0.04433631 
341 16 3 4 0.042863492 
303 4 3 4 0.04269393 
334 5 3 3 0.04178079 
289 5 3 4 0.040936507 
288 10 4 3 0.04065265 
262 9 4 5 0.039221406 
250 4 3 4 0.03905807 
346 17 4 4 0.038525276 
308 4 3 4 0.038076613 
683 26 6 6 0.037668828 
961 2 5 5 0.03711134 
327 16 3 5 0.037033357 
238 9 4 5 0.036782008 
353 11 3 3 0.036644038 
315 0 3 3 0.036536194 
294 5 3 3 0.03572962 
38 337 31 41 0.035473775 
366 5 3 3 0.035127524 
333 16 4 4 0.034754172 
258 9 4 5 0.034423534 
1005 13 5 6 0.034055118 
347 10 3 4 0.033811636 
301 43 4 4 0.032919906 
372 4 3 4 0.032858912 
296 41 4 5 0.032819666 
985 4 5 5 0.032281887 
283 9 4 4 0.032202795 
301 11 3 3 0.03201514 
322 17 3 4 0.031847972 
238 5 3 4 0.03173021 
632 556 9 8 0.03156873 
366 0 3 2 0.031289913 
360 4 3 4 0.030343538 
295 11 3 3 0.030231778 
955 14 6 7 0.029999865 
359 18 3 3 0.029917665 
379 4 4 4 0.029790606 
258 5 3 4 0.029719476 
716 27 5 5 0.02950198 
309 11 4 4 0.029491208 
353 17 4 4 0.029442573 
947 4 5 5 0.029440945 
371 542 12 10 0.029255787 
302 47 4 5 0.02914163 
243 9 4 5 0.028849509 
270 10 3 4 0.02874667 
308 17 3 3 0.028240977 
0 137 6 11 0.028026348 
715 23 4 5 0.028021615 
965 26 5 7 0.027511673 
295 29 4 4 0.027353961 
433 93 12 18 0.027350385 
277 0 2 4 0.027286803 
366 18 3 3 0.027075652 
232 4 3 4 0.027065635 
324 166 13 17 0.027050044 
1018 2 5 7 0.026825365 
33 324 22 36 0.026607616 
321 31 4 3 0.026170611 
365 10 4 4 0.026074782 
1012 3 5 5 0.026053676 
360 0 3 3 0.025803179 
359 11 4 4 0.024866333 
653 4 6 4 0.024723189 
627 558 8 8 0.024538124 
322 36 3 3 0.024484169 
335 0 2 3 0.024437021 
744 567 5 5 0.024425765 
973 9 7 7 0.024267945 
855 589 8 8 0.024262786 
966 3 4 5 0.02421726 
326 55 4 3 0.024179962 
295 36 4 5 0.024021806 
250 9 3 5 0.02391672 
315 23 3 4 0.023831142 
321 0 2 3 0.023731258 
1004 10 5 6 0.023571951 
315 17 3 3 0.023522597 
4 137 8 10 0.023458539 
644 4 8 6 0.023303496 
366 22 4 5 0.023179924 
581 9 13 13 0.023166098 
283 0 3 4 0.02314328 
592 3 11 10 0.023051064 
270 36 6 6 0.023000304 
341 0 2 3 0.02287172 
966 9 6 7 0.022812009 
961 10 4 5 0.022761758 
389 4 4 4 0.022615876 
948 8 5 5 0.022597192 
711 28 5 4 0.022528272 
3 174 7 11 0.02250092 
693 21 7 7 0.022434287 
270 39 6 6 0.022344757 
232 10 4 4 0.022321898 
263 5 3 4 0.022143519 
977 8 7 7 0.021886999 
954 4 4 4 0.021879628 
244 16 3 5 0.02160117 
385 8 5 5 0.021494122 
785 587 42 42 0.02137889 
1005 73 3 4 0.021234993 
282 30 4 4 0.021228814 
690 7 7 7 0.021224186 
243 23 4 4 0.021170149 
353 0 3 3 0.02111628 
311 182 13 24 0.021095088 
301 30 4 3 0.021086903 
942 167 14 16 0.020802714 
288 23 4 5 0.020784501 
890 255 27 25 0.020703789 
276 10 4 4 0.020643968 
628 186 23 27 0.02062165 
302 24 3 3 0.020620229 
307 43 4 4 0.020598022 
513 9 4 5 0.020532424 
372 10 3 4 0.020494862 
331 547 7 7 0.020326236 
949 40 5 5 0.02030862 
915 1 5 5 0.020300632 
308 36 4 4 0.020207956 
698 28 5 6 0.020150835 
323 54 3 4 0.02011412 
372 0 3 3 0.020112738 
327 31 3 3 0.020109681 
