33_Running_Running_33_760
28
427 348 97 122 0.9998356 
131 215 192 253 0.56253046 
280 66 209 280 0.2961466 
574 176 76 128 0.24910374 
45 117 383 454 0.1762463 
597 96 425 545 0.14990266 
754 262 46 59 0.09191466 
683 244 111 114 0.07422721 
345 144 107 164 0.07056508 
628 173 185 299 0.05564394 
595 596 217 294 0.04932424 
601 240 33 55 0.049057446 
780 487 98 94 0.043804765 
543 204 73 123 0.037849285 
215 299 132 142 0.034490623 
648 654 114 152 0.03282822 
546 217 31 58 0.032106426 
526 728 20 43 0.028931908 
412 194 20 27 0.0288259 
25 575 322 502 0.026795618 
57 674 85 103 0.026640201 
556 742 20 38 0.022508202 
522 306 95 126 0.022105798 
172 684 15 19 0.021708447 
744 248 14 19 0.021530045 
245 252 30 29 0.021184722 
108 908 67 79 0.020955063 
788 468 62 65 0.020449935 
