33_Running_Running_33_266
247
874 196 44 55 0.99972194 
241 220 42 59 0.99964 
485 246 47 67 0.99943894 
795 90 40 59 0.99919945 
612 121 39 57 0.99915946 
769 267 48 67 0.99891853 
394 131 39 48 0.99871206 
363 251 46 77 0.99843186 
94 258 48 64 0.9983829 
183 172 43 50 0.9981178 
746 215 44 56 0.9967801 
250 155 43 60 0.99631137 
-1 161 39 59 0.99563617 
664 191 44 45 0.9938691 
810 203 44 59 0.99045604 
887 128 42 62 0.98431647 
516 171 40 58 0.93752205 
127 200 30 33 0.90464807 
284 206 36 47 0.9016682 
479 149 28 49 0.8894128 
38 163 27 46 0.8751223 
990 200 43 62 0.7486917 
324 165 21 40 0.6899325 
381 209 42 50 0.55401236 
923 104 27 55 0.46826005 
675 282 52 48 0.28938398 
435 121 15 25 0.2828178 
634 303 21 36 0.2649919 
900 599 10 11 0.23983471 
56 380 30 40 0.23359017 
54 138 31 50 0.22755863 
229 153 19 29 0.22392079 
0 622 7 17 0.21044236 
642 319 38 36 0.2043751 
451 131 18 31 0.17664029 
654 337 182 305 0.17248166 
613 611 8 11 0.15957612 
439 132 18 32 0.11657229 
418 542 25 28 0.116115324 
503 150 35 55 0.115235575 
155 145 32 42 0.10966826 
98 97 17 25 0.109064385 
145 238 32 59 0.105188854 
384 2 6 7 0.10331506 
318 279 226 416 0.10121308 
121 164 25 26 0.0974689 
169 144 12 19 0.094138294 
940 127 36 68 0.088801846 
112 565 8 12 0.08844241 
368 151 26 37 0.08726056 
112 560 6 9 0.0871056 
733 51 23 29 0.08476081 
344 95 9 12 0.08125719 
303 158 29 48 0.077029146 
61 97 13 20 0.07619092 
265 217 37 51 0.07514329 
210 155 37 51 0.073199034 
70 215 36 49 0.0708089 
199 263 225 385 0.066897586 
529 224 32 62 0.06678825 
337 122 22 25 0.066259794 
369 21 8 10 0.064994186 
273 129 22 29 0.063209936 
696 604 12 11 0.059632707 
899 604 15 16 0.05916402 
962 342 59 50 0.058493506 
273 169 37 53 0.05817909 
494 121 12 20 0.05582961 
927 624 13 12 0.053067498 
380 0 5 5 0.052340407 
266 475 30 43 0.05199899 
317 555 30 31 0.051765755 
457 120 12 23 0.05133502 
131 218 36 62 0.051179945 
137 113 8 9 0.050316617 
109 157 9 16 0.050207175 
497 144 21 39 0.050203618 
244 391 77 127 0.050113577 
353 117 12 14 0.050065406 
654 174 33 53 0.04996466 
125 148 10 13 0.048139106 
184 428 60 126 0.047929905 
4 366 25 30 0.047122452 
70 146 26 37 0.04708926 
402 4 7 6 0.045980535 
560 566 8 11 0.045732077 
40 141 26 40 0.045367155 
588 289 29 32 0.045206986 
15 467 38 57 0.0446432 
363 3 8 7 0.044623375 
14 139 37 58 0.04449855 
417 334 35 54 0.04383673 
855 597 11 11 0.04368095 
343 158 31 46 0.042707413 
248 357 21 36 0.042165708 
945 602 17 24 0.04216375 
577 163 28 49 0.04207167 
389 4 7 6 0.041324437 
445 126 11 18 0.04124904 
941 183 33 65 0.04074078 
109 155 20 28 0.04060542 
246 47 9 11 0.040336117 
371 2 4 4 0.038600713 
370 4 6 6 0.038044814 
705 630 31 24 0.038011894 
452 126 11 20 0.0379115 
375 124 19 28 0.03754566 
176 148 21 33 0.037480745 
953 606 19 21 0.037479457 
123 173 29 38 0.037288535 
138 191 27 29 0.03727005 
48 179 34 60 0.037234284 
380 182 39 50 0.037215397 
741 42 8 11 0.037156932 
714 444 88 165 0.03712125 
900 594 7 10 0.036814895 
108 554 7 9 0.036075003 
901 111 29 47 0.035935078 
959 110 27 62 0.03565422 
427 242 35 56 0.035408825 
134 117 10 12 0.03540696 
563 571 8 10 0.03510123 
651 589 13 12 0.034696054 
370 220 35 57 0.034545913 
781 207 37 57 0.03410045 
645 605 6 7 0.03389801 
378 4 6 6 0.03359863 
609 591 5 9 0.033549592 
561 4 8 7 0.033484355 
379 139 34 49 0.033356003 
84 223 46 65 0.033047467 
344 114 13 15 0.032580033 
986 351 53 61 0.032301042 
97 154 18 30 0.031836618 
791 637 12 13 0.03159553 
599 617 7 8 0.03047168 
404 43 7 9 0.030470785 
178 152 10 18 0.030399216 
455 248 249 361 0.030196138 
1007 222 40 58 0.030165039 
410 2 5 4 0.029982664 
893 612 10 11 0.029933691 
495 146 11 20 0.029913856 
235 142 36 50 0.0298517 
430 250 16 33 0.029762145 
504 590 7 8 0.029602397 
302 5 6 6 0.029502893 
569 263 71 85 0.029480472 
389 1 5 6 0.02945351 
453 115 11 18 0.02938046 
148 142 24 31 0.02927085 
488 605 7 8 0.029264972 
306 43 8 8 0.029021006 
611 10 13 10 0.028914036 
640 140 21 40 0.028883543 
3 95 11 19 0.028650243 
409 4 5 5 0.028644504 
398 4 7 6 0.028261436 
280 351 25 34 0.028142858 
557 3 8 8 0.02760683 
287 10 7 8 0.027464665 
328 41 13 10 0.027424391 
942 111 26 38 0.027225625 
172 610 9 15 0.027069831 
755 579 9 9 0.027015615 
292 219 37 65 0.026864834 
649 152 23 44 0.0267271 
524 591 11 11 0.026367133 
800 223 34 57 0.026073715 
568 571 8 9 0.02597997 
302 10 8 8 0.025975846 
500 600 6 7 0.025970565 
340 60 7 7 0.025936281 
545 166 34 59 0.025867436 
901 613 11 11 0.025766985 
381 87 9 10 0.02571879 
602 130 8 14 0.025614047 
459 113 9 14 0.025610236 
325 28 7 7 0.025599921 
123 149 19 25 0.025391422 
50 404 35 67 0.025321601 
663 608 11 11 0.024819022 
523 113 12 20 0.024737196 
308 184 31 51 0.02462297 
298 33 10 10 0.024601392 
378 80 9 9 0.024579095 
60 162 40 61 0.024326999 
65 614 9 13 0.024229122 
125 612 7 9 0.024172278 
627 369 28 24 0.023878485 
163 150 13 19 0.02384971 
1014 179 42 64 0.023789667 
385 128 13 21 0.023771761 
311 147 20 34 0.02376045 
641 621 5 6 0.023666907 
301 48 8 7 0.023629043 
403 2 5 4 0.023580045 
145 134 11 17 0.023500193 
703 620 8 6 0.023337511 
330 38 9 7 0.023270413 
75 385 55 70 0.023267051 
264 141 34 43 0.02318482 
347 5 7 7 0.02316284 
359 5 8 6 0.022965938 
100 583 11 11 0.02286949 
954 166 52 91 0.02286909 
607 652 18 22 0.022835454 
879 385 32 46 0.022568075 
335 44 11 9 0.02251115 
754 573 8 9 0.022457987 
460 141 19 33 0.022447318 
569 0 9 7 0.02231607 
404 28 7 10 0.02217242 
642 262 27 31 0.022149934 
516 541 7 12 0.022066673 
484 543 10 15 0.021960264 
651 603 9 9 0.021891637 
116 187 24 37 0.021848295 
1023 438 23 37 0.02169841 
658 329 32 37 0.021683177 
101 136 6 9 0.021625824 
685 606 7 7 0.02158224 
363 201 30 47 0.021578094 
608 587 5 9 0.02157783 
500 186 32 53 0.021502893 
370 28 8 9 0.021392671 
555 619 9 10 0.021363996 
350 106 21 24 0.021324085 
1028 588 18 30 0.021313464 
575 605 6 7 0.021169782 
281 4 6 6 0.020945046 
370 111 11 16 0.020879254 
575 632 8 10 0.02086658 
921 142 31 50 0.020864239 
669 644 23 18 0.020854615 
415 635 8 14 0.020785876 
180 567 32 51 0.020592157 
470 630 9 12 0.02056652 
698 618 7 6 0.020541254 
953 216 23 40 0.020492995 
105 578 11 11 0.020420909 
44 435 27 40 0.020403974 
369 204 12 19 0.020390313 
693 610 22 22 0.020300644 
831 317 35 61 0.020277243 
150 139 11 18 0.020226473 
44 126 25 33 0.020165553 
