33_Running_Running_33_786
296
131 376 26 29 0.99801636 
915 450 24 33 0.99732333 
505 123 31 38 0.9964592 
502 458 36 41 0.99386024 
520 237 31 35 0.9909094 
330 253 21 19 0.97689444 
943 352 14 18 0.9761673 
90 457 11 15 0.97441745 
730 453 35 46 0.9670468 
49 464 12 17 0.96502334 
314 374 17 22 0.9567926 
901 121 13 17 0.9491598 
280 225 15 23 0.94141614 
697 111 38 45 0.93307984 
142 462 13 17 0.9259381 
951 113 16 23 0.9211147 
340 464 13 15 0.91432714 
876 340 15 21 0.85055506 
978 340 10 19 0.75747645 
922 135 8 11 0.5832404 
847 138 6 9 0.55406386 
888 340 12 18 0.5450594 
511 338 11 17 0.53626055 
248 453 10 15 0.48603338 
712 332 14 18 0.38163882 
111 248 5 9 0.3598525 
184 377 13 19 0.32526976 
803 136 12 17 0.3114117 
996 145 20 24 0.28762677 
74 387 14 20 0.28308213 
550 341 8 13 0.28107163 
886 519 10 11 0.2511104 
51 240 8 13 0.23962508 
759 230 23 26 0.22983211 
255 445 7 11 0.2281609 
72 105 25 29 0.19093314 
948 156 9 15 0.18760864 
989 357 15 25 0.18205184 
963 155 26 26 0.16817482 
129 247 4 5 0.14937098 
915 134 7 12 0.14332184 
136 249 5 8 0.13950484 
870 516 8 9 0.13495699 
899 134 11 15 0.13040704 
145 470 11 20 0.12523176 
950 127 13 18 0.11943773 
857 514 8 9 0.11303561 
451 342 8 14 0.110369265 
139 250 5 7 0.10741529 
135 246 4 6 0.106758304 
927 155 10 17 0.1062746 
576 392 8 13 0.106167726 
350 229 8 12 0.1018209 
372 259 9 15 0.10070122 
448 336 9 15 0.09523851 
244 445 9 12 0.09299319 
97 99 28 25 0.090264864 
927 139 6 10 0.088467665 
1007 400 8 15 0.08272259 
927 485 29 46 0.08124791 
415 408 5 7 0.08001175 
953 148 19 23 0.07776909 
139 255 5 8 0.071983226 
362 337 12 21 0.07124673 
45 243 7 11 0.070354186 
440 352 11 20 0.070174955 
72 113 14 14 0.07014003 
140 245 5 7 0.06880555 
188 369 9 18 0.06709087 
244 458 9 12 0.06625987 
502 345 15 25 0.06568164 
876 143 6 8 0.065330036 
61 391 25 24 0.062278803 
668 105 47 51 0.06217141 
925 319 6 9 0.061212625 
949 145 11 17 0.057616778 
454 351 8 17 0.056204364 
547 346 12 19 0.0560614 
932 141 6 9 0.055655614 
670 376 7 17 0.055579554 
565 222 11 13 0.054902997 
114 246 4 7 0.053259317 
11 264 6 9 0.05254213 
345 468 13 15 0.0513407 
446 329 9 15 0.05074256 
325 409 7 8 0.05063695 
876 325 6 8 0.049688153 
94 108 21 28 0.04915104 
135 131 45 76 0.049123134 
485 416 8 10 0.049050253 
885 323 5 7 0.048726894 
933 136 5 7 0.04834465 
883 138 7 9 0.04804188 
429 420 7 10 0.04674128 
849 154 7 11 0.045746498 
273 343 9 14 0.045569807 
124 246 4 6 0.0451503 
7 212 5 9 0.045101304 
301 279 8 10 0.04454293 
499 352 10 19 0.04440274 
544 366 8 15 0.043675043 
122 250 5 7 0.043146033 
247 461 10 15 0.04308778 
711 353 18 35 0.04272406 
886 151 17 20 0.042611133 
444 346 13 25 0.042503715 
236 248 7 10 0.042054564 
155 536 8 13 0.040965144 
974 342 9 15 0.04089106 
413 405 5 8 0.040535696 
941 157 7 14 0.039871354 
15 255 4 7 0.039325118 
8 263 5 10 0.03908624 
860 526 10 11 0.038311027 
360 129 12 17 0.038218524 
845 143 7 13 0.03759759 
71 441 6 8 0.037501786 
858 299 7 8 0.03738186 
56 373 24 27 0.037266605 
674 118 21 30 0.037026692 
675 238 8 11 0.037024997 
323 163 25 24 0.03685808 
45 238 6 10 0.03681147 
575 292 10 12 0.036691185 
980 348 32 41 0.036463782 
181 337 7 8 0.036377292 
54 244 9 15 0.036259975 
216 275 3 7 0.036108065 
946 284 5 5 0.035794165 
869 157 9 13 0.03513624 
862 515 10 10 0.03499646 
271 332 10 13 0.03482757 
104 250 4 6 0.033868555 
52 446 7 10 0.033844553 
886 139 8 9 0.03382812 
116 239 3 5 0.033785038 
218 251 4 8 0.03359257 
18 249 4 8 0.033585344 
417 162 5 8 0.03350742 
899 338 9 12 0.033248994 
954 369 12 15 0.03313974 
113 253 7 12 0.032971486 
45 468 10 14 0.032762017 
987 346 11 17 0.032647885 
461 212 6 7 0.03256941 
557 396 5 9 0.03230288 
849 144 7 11 0.03220059 
411 173 27 47 0.03213853 
235 506 7 8 0.031763103 
772 231 21 26 0.03149074 
989 167 10 16 0.03141411 
148 251 3 5 0.0313689 
482 324 4 6 0.0313305 
863 327 7 8 0.031151665 
259 446 7 10 0.031121962 
542 356 9 16 0.03105784 
76 440 6 9 0.030980121 
105 245 3 6 0.030831262 
630 278 35 50 0.030739397 
942 284 6 6 0.030068377 
870 328 6 7 0.029983712 
458 192 29 44 0.029976293 
923 325 7 13 0.029628517 
18 497 9 9 0.029594345 
948 139 8 11 0.029589178 
525 379 4 8 0.029572504 
264 515 3 4 0.029502172 
344 116 42 61 0.029267186 
845 134 13 21 0.029139524 
54 213 3 6 0.029079001 
864 333 16 22 0.028995994 
261 444 5 7 0.028874941 
74 94 8 8 0.028642088 
930 506 14 21 0.028387949 
44 240 14 23 0.028261172 
141 241 3 4 0.028224858 
454 369 7 13 0.028102774 
546 343 7 13 0.028047454 
276 209 6 7 0.028034717 
39 535 7 12 0.028021973 
239 475 18 23 0.027998801 
353 168 5 7 0.027967282 
582 383 7 9 0.027714854 
249 444 7 9 0.027668132 
96 250 4 6 0.027468983 
106 477 10 15 0.027355902 
137 242 2 4 0.02692617 
887 326 8 8 0.026906634 
257 213 5 6 0.026895925 
534 402 8 10 0.02679497 
983 165 11 18 0.026728032 
913 128 7 10 0.026471877 
877 377 7 11 0.026315058 
107 243 14 23 0.026228003 
262 208 5 5 0.026221503 
928 144 9 16 0.025948338 
907 138 9 12 0.025892524 
924 329 9 19 0.025784198 
287 172 9 11 0.025461221 
868 333 8 9 0.025423076 
279 211 7 7 0.025188686 
981 350 13 22 0.024949891 
852 380 5 7 0.024861246 
12 495 7 8 0.024741605 
492 409 8 13 0.024644205 
18 246 4 6 0.024623238 
483 409 17 22 0.024539746 
627 218 33 40 0.024435926 
422 410 5 6 0.024266448 
129 241 3 4 0.024086194 
542 389 19 25 0.024059441 
270 480 6 6 0.024052657 
330 168 9 8 0.024037164 
148 256 4 7 0.02398609 
671 235 21 27 0.023783565 
969 222 23 23 0.023750806 
841 272 3 5 0.023720039 
865 160 7 10 0.023646014 
64 248 5 10 0.023601023 
1011 287 5 10 0.023592498 
885 332 14 17 0.023456031 
240 471 12 15 0.023423221 
381 299 7 13 0.023377992 
65 302 6 8 0.023291066 
288 228 10 13 0.023144433 
177 375 27 44 0.023137286 
214 272 4 7 0.023128197 
18 256 4 7 0.022990877 
475 184 28 39 0.022907421 
275 226 12 17 0.022826012 
526 383 4 6 0.02278629 
737 122 44 43 0.022782031 
846 152 6 10 0.022777578 
543 348 10 17 0.022768557 
1000 323 16 25 0.022762993 
413 177 8 11 0.02275537 
8 258 3 6 0.022747206 
149 460 9 16 0.022708502 
57 212 4 6 0.022652455 
580 390 7 11 0.022588942 
18 276 4 7 0.022569012 
174 214 3 4 0.02254791 
967 147 17 14 0.022391386 
474 326 5 6 0.022373931 
433 503 10 20 0.022344403 
918 135 15 21 0.02233836 
297 275 17 21 0.022246234 
947 181 9 16 0.022222418 
115 260 6 10 0.022211982 
64 441 6 9 0.022183679 
110 239 5 6 0.022002278 
486 392 28 38 0.021867126 
605 138 7 12 0.021865588 
141 474 9 17 0.021862876 
247 471 9 15 0.021786889 
261 212 5 7 0.021734983 
88 467 12 17 0.021670874 
855 327 9 9 0.021658525 
244 213 5 7 0.021560876 
879 137 4 7 0.02154152 
168 409 10 16 0.021463364 
942 278 4 4 0.02138066 
1024 154 18 30 0.02135675 
95 129 25 36 0.021320168 
356 162 8 12 0.021230757 
421 262 10 17 0.021221364 
702 359 19 36 0.021166714 
897 125 10 13 0.021166597 
1011 281 5 8 0.021130418 
1007 325 8 13 0.021075564 
478 403 5 6 0.021058362 
269 515 3 4 0.021041997 
873 146 7 11 0.0209952 
757 142 26 19 0.020946 
940 130 6 7 0.02086963 
1031 278 14 26 0.020725813 
863 139 69 84 0.020702993 
257 208 5 4 0.020667361 
498 374 7 11 0.020656057 
421 164 7 9 0.020652177 
947 278 4 5 0.020549007 
467 211 8 8 0.020539401 
260 264 19 24 0.020529246 
7 221 5 10 0.020524144 
90 245 4 6 0.02046881 
11 217 5 9 0.020465342 
930 278 3 4 0.02037996 
885 97 4 5 0.020375812 
269 209 5 5 0.020346226 
115 270 4 7 0.020246195 
548 392 9 11 0.020196734 
241 491 10 11 0.020150002 
664 371 15 31 0.02006252 
8 494 5 8 0.020015752 
908 291 3 5 0.02000238 
435 175 4 6 0.020001967 
