33_Running_Running_33_17
56
481 206 44 74 0.99843425 
330 295 11 19 0.16428754 
538 397 22 29 0.08028328 
331 177 22 30 0.061855815 
-27 143 349 449 0.054669607 
634 342 6 11 0.046090405 
632 358 8 12 0.041611858 
358 319 5 9 0.036370285 
975 271 10 16 0.035750765 
30 374 403 393 0.032370772 
946 303 8 11 0.031959143 
422 310 9 19 0.031868838 
303 457 9 13 0.029032242 
622 398 10 13 0.02849119 
625 342 8 14 0.028348418 
353 313 6 9 0.027925543 
205 420 19 22 0.027144363 
576 332 8 14 0.026947103 
704 339 23 27 0.026896877 
195 396 34 44 0.02688823 
932 259 9 12 0.026628383 
354 317 6 12 0.025911164 
294 438 21 33 0.025851065 
193 409 7 10 0.025291607 
964 281 10 16 0.024615824 
647 332 5 6 0.024580322 
526 591 2 4 0.024341295 
638 344 6 8 0.024044175 
185 431 17 30 0.023404017 
488 598 3 3 0.022949368 
482 585 3 3 0.022756975 
620 395 21 23 0.022582604 
846 373 3 3 0.022529908 
555 413 8 12 0.022492327 
653 346 4 6 0.02216852 
199 420 7 11 0.022150615 
416 297 21 42 0.022020657 
520 597 3 4 0.021675896 
673 320 5 7 0.021593919 
652 339 4 6 0.021143049 
564 597 3 4 0.021046795 
662 33 45 50 0.020971304 
648 408 5 7 0.020963322 
494 585 3 4 0.020930795 
678 315 3 5 0.020726837 
647 396 4 7 0.020721568 
526 597 2 4 0.020718478 
313 351 5 7 0.02068685 
711 337 6 8 0.020641541 
640 327 4 7 0.020588541 
191 433 7 11 0.02054229 
858 367 3 3 0.020427004 
203 427 8 10 0.020317767 
653 332 4 6 0.020216119 
833 374 3 3 0.020205824 
533 597 2 4 0.020103838 
