33_Running_Running_33_107
29
458 162 35 51 0.9985001 
745 171 31 47 0.9962274 
599 189 30 44 0.9811474 
485 598 12 15 0.22414525 
695 610 15 16 0.11224068 
483 415 23 41 0.09221268 
416 650 9 15 0.06908465 
489 619 13 19 0.06445403 
572 407 35 72 0.044421524 
685 327 13 14 0.040449645 
599 477 10 24 0.03920988 
419 644 11 19 0.033422347 
753 616 17 21 0.031061197 
390 475 322 358 0.029249262 
212 379 184 150 0.028647056 
491 514 11 16 0.026399512 
488 595 21 25 0.026248915 
484 606 17 25 0.024892213 
411 611 16 31 0.024599688 
123 329 186 165 0.024321418 
574 287 43 41 0.023821354 
781 259 29 29 0.023299295 
424 431 24 24 0.023168908 
706 610 10 14 0.02259563 
632 556 23 20 0.022496236 
495 555 20 23 0.022434313 
396 249 240 379 0.0223893 
612 529 11 19 0.021915665 
451 166 21 38 0.021086827 
