11_Meeting_Meeting_11_Meeting_Meeting_11_250
40
100 121 44 58 0.99964404 
597 143 39 49 0.9995407 
861 129 49 62 0.99911636 
701 161 39 55 0.99889624 
347 167 36 48 0.9986504 
224 199 38 46 0.99844426 
467 181 33 50 0.9970783 
540 344 12 22 0.07501883 
729 0 5 11 0.055159234 
666 1 6 11 0.053331252 
866 362 32 32 0.047364365 
230 374 44 35 0.044011973 
725 0 5 11 0.037839126 
716 0 6 12 0.035109002 
636 2 5 11 0.03486219 
411 25 96 113 0.034419537 
683 1 7 14 0.032601163 
711 1 5 11 0.03191037 
691 1 6 12 0.031128138 
621 2 7 15 0.02858991 
624 1 8 15 0.02849597 
658 1 7 14 0.028176878 
328 376 29 26 0.02689621 
679 1 6 13 0.026699614 
646 1 6 12 0.025983676 
250 0 6 13 0.025654437 
773 0 7 12 0.024571408 
703 1 6 13 0.02450045 
653 2 7 13 0.022840166 
615 2 6 12 0.022580285 
671 1 6 11 0.022201695 
268 2 5 11 0.022181159 
263 0 6 13 0.022035705 
757 0 5 11 0.02143777 
587 2 7 15 0.02141495 
735 161 20 34 0.021309337 
748 0 6 12 0.020935671 
761 0 6 12 0.02077869 
813 0 6 12 0.02073724 
787 0 6 11 0.020168915 
