11_Meeting_Meeting_11_Meeting_Meeting_11_375
22
233 170 86 123 0.9995987 
472 165 100 156 0.99839044 
777 123 96 183 0.9982103 
79 206 65 89 0.98780733 
421 141 65 123 0.81997424 
345 459 51 76 0.31488755 
329 147 79 135 0.054437123 
417 325 20 28 0.049397223 
724 100 101 219 0.046449624 
802 156 151 196 0.045065533 
445 459 52 69 0.03524991 
431 358 11 18 0.033583205 
374 138 74 133 0.03347057 
71 375 158 123 0.032171022 
328 667 48 41 0.032129508 
90 410 23 32 0.029749852 
152 590 206 151 0.029523661 
452 292 24 44 0.02782713 
222 328 51 82 0.02775721 
741 394 44 57 0.022741608 
0 82 76 212 0.022245223 
381 328 24 33 0.020255372 
