11_Meeting_Meeting_11_Meeting_Meeting_11_807
98
889 234 85 105 0.99953437 
557 25 40 58 0.99943393 
409 81 48 52 0.9982956 
623 73 44 60 0.99757177 
684 418 102 100 0.99389124 
777 95 47 65 0.99215174 
278 170 61 43 0.98146045 
121 195 43 78 0.8244891 
742 230 15 34 0.3930008 
977 192 38 51 0.21735807 
994 34 11 18 0.13705164 
737 429 93 105 0.1253321 
776 37 37 65 0.11983148 
397 6 13 15 0.11916518 
370 228 23 25 0.09379841 
317 111 28 26 0.08205114 
148 667 20 33 0.0806086 
676 91 303 326 0.079619385 
-107 257 343 422 0.078500494 
745 220 13 26 0.077731945 
980 181 22 38 0.06749196 
270 253 39 39 0.06083575 
210 237 11 11 0.058411367 
373 267 42 43 0.056859814 
297 393 69 94 0.05110095 
830 107 29 49 0.05083018 
260 200 8 9 0.05049622 
794 416 65 101 0.049020145 
996 197 47 71 0.048985556 
994 36 21 32 0.044674903 
310 172 34 28 0.04267871 
314 142 40 52 0.04263017 
313 259 25 24 0.042510916 
221 104 26 27 0.04221851 
1008 443 7 11 0.042051695 
651 166 190 184 0.039039508 
257 197 6 8 0.03750384 
803 44 36 49 0.036343507 
885 13 36 50 0.03428383 
382 -35 289 433 0.0338616 
295 110 47 47 0.033505257 
1002 45 28 37 0.03339775 
536 224 23 30 0.031236265 
639 523 25 22 0.030853515 
210 476 79 93 0.02980979 
690 250 56 58 0.029554596 
509 48 25 33 0.029154245 
255 189 18 23 0.02911171 
807 6 27 24 0.02886306 
911 16 31 43 0.028514205 
255 169 46 50 0.028450381 
183 412 167 236 0.028175684 
404 12 12 14 0.02812397 
21 139 27 23 0.028095964 
542 11 18 26 0.027957294 
783 26 26 39 0.027656617 
958 74 7 6 0.027487028 
254 206 8 11 0.026526947 
229 206 73 85 0.026361795 
348 147 28 44 0.025142998 
788 13 44 46 0.024872148 
2 162 21 27 0.024722822 
228 634 10 20 0.024652258 
53 143 28 24 0.024316303 
844 50 31 42 0.02365942 
333 115 13 16 0.023635063 
827 51 27 37 0.023557622 
-8 57 357 353 0.02333917 
462 643 26 33 0.02333184 
442 491 23 23 0.023216346 
542 0 11 12 0.023053503 
959 71 5 6 0.023037313 
558 203 35 34 0.023013627 
345 267 37 36 0.022980781 
470 252 29 29 0.02279604 
299 148 33 45 0.02274842 
251 209 8 9 0.02249514 
174 122 26 24 0.022289377 
1018 1 8 13 0.02205093 
139 173 68 106 0.022050206 
452 3 12 9 0.021981966 
354 256 27 26 0.021509267 
218 232 24 26 0.021492546 
422 40 8 8 0.021359257 
971 82 7 7 0.021315292 
293 253 37 38 0.02129614 
775 46 7 14 0.021142982 
249 669 14 28 0.021113321 
337 134 18 29 0.021113021 
1025 450 18 29 0.02106058 
1029 468 16 28 0.020852018 
421 228 32 35 0.020826474 
272 222 7 10 0.020777961 
809 518 48 58 0.020635342 
266 201 7 9 0.020579437 
994 31 6 9 0.020492885 
774 44 16 34 0.020081576 
277 597 20 33 0.020012446 
