11_Meeting_Meeting_11_Meeting_Meeting_11_189
223
807 141 32 63 0.99414116 
65 366 18 23 0.98764706 
195 385 29 39 0.97294563 
253 363 11 11 0.9364081 
97 385 18 23 0.9159884 
18 360 11 14 0.8773464 
108 363 10 14 0.8371431 
327 378 11 19 0.8337439 
375 357 7 12 0.8104296 
395 390 16 23 0.69200706 
44 356 10 13 0.6726779 
336 363 9 14 0.6154605 
160 369 16 16 0.59250903 
418 357 7 12 0.5255321 
32 354 13 14 0.463523 
495 362 10 12 0.4080934 
148 446 35 51 0.2934213 
424 369 13 14 0.2834206 
3 355 10 16 0.27797422 
274 376 11 13 0.24141659 
217 357 7 9 0.23987514 
300 351 9 13 0.22052076 
395 363 7 14 0.19535291 
224 359 6 7 0.16329117 
409 374 10 14 0.15385966 
464 394 10 10 0.15357457 
139 364 7 10 0.15341377 
334 359 7 10 0.13656184 
383 379 9 15 0.13450176 
288 346 8 12 0.13108936 
407 388 9 15 0.12742251 
259 452 22 23 0.12650682 
288 336 3 7 0.12600672 
413 436 11 15 0.12496847 
258 359 9 12 0.120948635 
230 360 5 7 0.116894335 
225 356 4 6 0.11438245 
54 380 11 15 0.11434358 
288 340 6 7 0.112559125 
2 368 11 16 0.10955041 
298 403 9 11 0.10125782 
159 346 7 11 0.0994276 
111 387 11 14 0.09780914 
364 425 10 13 0.096642554 
148 368 8 12 0.09647008 
432 369 8 11 0.09366269 
293 356 8 12 0.092106685 
79 363 9 12 0.090293646 
74 358 10 13 0.08431872 
172 347 6 9 0.08336752 
392 361 5 8 0.08287374 
165 347 7 8 0.08173241 
338 373 8 15 0.07681624 
30 344 11 10 0.07675943 
171 356 8 11 0.07643182 
22 351 18 18 0.073372915 
288 372 8 11 0.072792575 
126 393 10 11 0.070626 
396 373 9 13 0.06952549 
155 345 7 11 0.06793029 
368 394 8 11 0.067745015 
436 404 10 11 0.0671529 
496 414 9 11 0.06711534 
305 397 9 11 0.06514842 
122 420 9 13 0.061175328 
352 439 10 13 0.060117003 
134 371 9 10 0.05988117 
390 393 12 16 0.059169423 
236 359 6 8 0.057980772 
169 363 10 15 0.056313686 
504 360 8 11 0.053524755 
440 371 6 9 0.05108456 
409 367 7 10 0.05100521 
338 390 6 10 0.050516658 
165 359 10 12 0.05005467 
106 415 8 12 0.04998528 
131 391 10 11 0.049649194 
204 375 10 12 0.046599086 
230 356 4 5 0.04579952 
228 363 8 10 0.04559802 
350 409 12 12 0.044902842 
152 368 9 13 0.0442535 
242 366 7 10 0.043360498 
96 397 18 27 0.040820766 
140 406 9 9 0.040779524 
165 351 7 9 0.040663313 
394 385 11 16 0.040500324 
235 369 8 11 0.040078495 
155 358 7 10 0.039550044 
476 421 9 10 0.039511915 
287 357 9 11 0.038287897 
267 365 9 11 0.038123805 
468 387 7 6 0.037752263 
285 336 4 6 0.03735716 
283 340 4 7 0.037302334 
384 360 5 8 0.037110317 
378 402 8 11 0.036248997 
368 385 8 10 0.036193747 
372 363 7 10 0.036140688 
387 382 9 14 0.035617802 
129 373 6 8 0.03505817 
361 414 18 23 0.03505544 
414 370 9 13 0.035005346 
441 385 7 9 0.034958262 
386 364 5 8 0.03486134 
37 376 19 21 0.03404743 
361 387 15 20 0.033662315 
224 360 17 18 0.033139486 
409 446 12 14 0.03296798 
131 416 20 20 0.032484878 
262 522 8 9 0.032443233 
128 312 409 403 0.032345954 
471 392 8 8 0.0322703 
74 355 7 8 0.032145686 
201 376 18 24 0.03198588 
159 400 9 9 0.031855628 
137 406 27 35 0.031219305 
343 376 8 13 0.031169552 
261 383 9 11 0.03078383 
269 369 9 13 0.030516967 
119 385 9 10 0.030498754 
506 335 113 179 0.030192029 
30 374 12 16 0.029949341 
13 361 9 15 0.029682888 
166 349 17 21 0.029628493 
432 377 9 10 0.029492278 
167 343 5 5 0.02943351 
156 348 16 21 0.029380294 
154 413 22 27 0.029220091 
342 448 10 15 0.029099924 
133 385 9 10 0.028907081 
280 351 8 12 0.028552052 
120 390 10 11 0.028450644 
408 433 11 15 0.028293997 
17 402 13 12 0.028079031 
401 371 7 11 0.027634792 
433 384 9 11 0.027308187 
472 386 7 7 0.027198462 
446 379 6 7 0.027146844 
151 408 11 11 0.027098505 
338 381 7 13 0.027006038 
130 391 19 20 0.026647164 
408 422 9 10 0.026056848 
486 422 7 8 0.025762076 
412 382 9 15 0.025632966 
133 365 16 21 0.025601238 
135 401 18 19 0.025438229 
311 398 7 10 0.025405101 
89 388 11 16 0.025195297 
303 407 10 12 0.025118621 
511 380 8 8 0.025092423 
143 409 11 10 0.025085565 
258 464 21 24 0.02505238 
485 417 8 9 0.024952864 
505 380 8 9 0.024922015 
190 377 10 12 0.024852874 
133 376 10 11 0.024754262 
346 411 9 10 0.0247175 
441 377 7 9 0.024582662 
468 381 6 6 0.024531383 
133 402 9 10 0.024518877 
105 374 11 16 0.024416592 
335 356 5 8 0.024319364 
434 380 16 20 0.024185622 
172 343 4 6 0.023770416 
706 260 139 298 0.023690177 
230 376 10 11 0.023689693 
332 418 8 9 0.0236722 
358 429 17 23 0.02354796 
511 384 9 8 0.023458686 
415 358 15 21 0.023425398 
114 409 9 11 0.02335934 
525 404 8 9 0.02328143 
156 342 5 8 0.023241887 
272 362 19 18 0.023073446 
336 396 8 11 0.022871705 
254 392 8 10 0.022854788 
152 364 30 35 0.022788338 
450 474 30 32 0.022771297 
464 441 11 11 0.02258676 
504 413 7 9 0.022509865 
392 356 4 6 0.022480477 
281 346 7 11 0.02244554 
171 416 10 14 0.022358216 
156 326 6 10 0.022336846 
356 391 11 11 0.022213751 
662 -27 344 348 0.02220917 
211 354 18 22 0.022182561 
214 356 6 8 0.022104202 
24 345 11 11 0.022088867 
323 422 11 9 0.02191955 
178 365 7 11 0.021841053 
427 361 9 10 0.021830648 
513 372 7 8 0.021753384 
368 403 9 12 0.021592548 
382 396 10 13 0.021506215 
401 384 10 17 0.021502612 
405 417 19 23 0.021428816 
556 389 7 9 0.021313265 
426 372 18 21 0.021279952 
400 435 21 24 0.021104911 
299 364 8 9 0.021016434 
461 445 10 11 0.020899715 
70 441 18 23 0.020853542 
241 360 6 8 0.020762281 
4 378 10 16 0.020684348 
350 372 8 10 0.020650135 
203 367 6 8 0.020637969 
405 397 11 16 0.020609248 
102 368 10 13 0.02056259 
356 385 10 10 0.020490782 
401 365 6 10 0.020474454 
401 402 11 17 0.020466302 
414 422 9 10 0.02046301 
446 386 5 7 0.020454457 
564 366 5 9 0.020371648 
178 416 8 12 0.020359516 
79 372 11 17 0.020317193 
565 372 5 8 0.02019672 
377 371 7 9 0.020113904 
421 424 8 9 0.020102799 
451 398 8 8 0.020094177 
280 403 8 9 0.0200384 
