11_Meeting_Meeting_11_Meeting_Meeting_11_702
313
821 151 28 31 0.9999428 
579 177 24 31 0.99985623 
440 299 52 56 0.9998357 
888 245 49 49 0.9996803 
677 256 48 50 0.99949276 
544 159 21 26 0.9994405 
747 318 62 69 0.99940836 
376 184 24 31 0.9992828 
419 238 38 49 0.9991454 
120 212 29 26 0.9989073 
668 149 22 27 0.99888796 
958 182 46 39 0.9984383 
625 191 28 39 0.9981735 
859 128 20 23 0.9975405 
718 163 26 35 0.99741924 
714 131 19 24 0.997247 
769 134 21 27 0.9967288 
913 120 19 23 0.99637455 
888 163 36 35 0.9954672 
617 141 21 21 0.9952508 
408 201 29 39 0.99478513 
18 192 34 27 0.9939727 
526 140 19 24 0.9923074 
943 114 20 19 0.992063 
791 187 38 39 0.99118185 
359 167 19 27 0.9906675 
401 142 18 23 0.9887038 
373 126 17 23 0.9862135 
3 301 42 33 0.9854535 
-1 213 19 29 0.9815231 
658 121 16 24 0.97247845 
683 122 18 24 0.97233045 
507 133 17 19 0.96790296 
329 131 18 19 0.9623103 
480 130 13 19 0.9620759 
944 144 23 25 0.95295495 
877 107 17 20 0.9266518 
804 122 18 21 0.9182387 
780 109 15 18 0.9096509 
983 126 25 25 0.9078302 
835 119 14 16 0.8740287 
345 156 15 23 0.87225366 
751 113 15 16 0.8713895 
171 416 25 24 0.85322815 
980 102 12 12 0.83556664 
569 127 16 17 0.830919 
531 122 16 16 0.73403746 
42 171 30 22 0.7193028 
898 98 14 17 0.7137712 
631 119 14 18 0.687574 
932 94 15 22 0.68026525 
801 76 10 12 0.67140687 
813 96 12 13 0.66925097 
345 189 10 16 0.6558077 
644 155 20 28 0.58248657 
999 108 12 14 0.57237554 
698 108 11 13 0.51998603 
515 205 27 28 0.48979506 
528 195 25 33 0.47338465 
923 100 13 16 0.36577347 
912 73 15 20 0.3590929 
469 199 21 22 0.3116299 
967 153 21 24 0.28685868 
1013 112 12 15 0.27452126 
105 364 26 23 0.24376822 
749 67 10 15 0.23435749 
772 76 6 7 0.21956544 
642 129 11 21 0.20604049 
159 414 20 24 0.18355839 
792 75 6 7 0.16585349 
788 76 6 6 0.15538679 
811 76 10 11 0.15476002 
649 127 16 24 0.1537694 
607 161 19 30 0.14682734 
186 262 29 31 0.14340377 
696 111 16 21 0.14222068 
615 394 21 34 0.14147314 
324 182 11 17 0.13928004 
-3 399 29 27 0.13304777 
782 76 5 6 0.122869745 
980 138 23 27 0.10948956 
651 139 18 29 0.104318336 
596 102 8 12 0.10254011 
581 334 47 37 0.102436505 
857 276 36 43 0.10152055 
637 124 12 18 0.096145116 
388 156 11 17 0.09405456 
346 276 21 21 0.0852106 
576 329 30 22 0.0852074 
121 363 15 17 0.08415462 
917 85 18 25 0.0808196 
890 144 20 21 0.07774588 
30 176 34 36 0.0770711 
130 140 8 11 0.07437548 
416 7 16 12 0.074332096 
750 56 17 27 0.072544806 
435 5 18 12 0.07105684 
848 132 11 16 0.07065752 
1000 356 31 34 0.07034455 
983 106 16 18 0.068125024 
551 333 23 28 0.066516235 
792 78 6 9 0.06594097 
5 259 21 31 0.0648943 
964 113 14 14 0.06375361 
119 313 14 11 0.061170276 
603 131 14 17 0.058717567 
935 105 17 22 0.058260124 
363 374 24 34 0.055180587 
592 395 38 42 0.054824106 
881 132 10 15 0.05388497 
462 176 17 20 0.053773582 
1021 114 19 29 0.05366537 
55 333 24 23 0.05366513 
472 170 14 14 0.053636163 
618 169 17 26 0.053074006 
614 208 11 15 0.051983565 
603 146 20 28 0.05191395 
460 125 15 23 0.051379196 
781 79 5 6 0.051071804 
470 125 16 22 0.050517887 
932 146 11 16 0.048448343 
422 333 23 41 0.048115067 
272 131 9 14 0.047441904 
993 116 21 23 0.04732746 
449 105 5 7 0.046945296 
1016 394 24 32 0.04666569 
405 180 18 26 0.046129525 
485 357 32 39 0.04560194 
980 154 24 22 0.045288168 
892 153 22 26 0.045063112 
439 105 6 9 0.044997003 
57 182 15 16 0.044953443 
625 133 18 22 0.04491414 
338 216 10 13 0.04479969 
776 55 4 6 0.04448183 
129 351 13 14 0.043256745 
956 82 11 15 0.042397205 
631 274 30 26 0.04206678 
806 156 21 27 0.04204822 
629 167 18 24 0.042038437 
564 375 32 32 0.041391816 
206 246 13 9 0.03987497 
787 96 9 14 0.039469276 
139 137 8 9 0.039355252 
138 316 15 10 0.039008897 
353 222 8 14 0.03857985 
823 133 13 18 0.03806972 
427 174 7 11 0.03733646 
454 106 6 7 0.037014686 
199 357 5 5 0.036884293 
338 249 10 15 0.03555035 
184 421 16 15 0.03538689 
178 354 11 9 0.035328098 
507 238 19 25 0.035099916 
148 366 22 18 0.03496312 
589 323 32 24 0.03493708 
42 279 19 22 0.034884058 
773 33 6 8 0.034775767 
1016 102 16 25 0.03463513 
759 69 8 12 0.03432011 
282 242 5 4 0.03403684 
254 131 10 15 0.03401703 
319 276 6 8 0.03399555 
100 330 40 37 0.033836436 
732 110 10 12 0.0334366 
612 176 11 21 0.033376 
147 136 7 8 0.033276245 
459 107 7 8 0.033247985 
143 309 15 13 0.033127863 
984 170 30 29 0.032874092 
8 211 23 28 0.032775525 
1012 135 10 13 0.032644313 
144 367 12 12 0.0325355 
975 112 19 18 0.03252983 
949 151 25 35 0.03250637 
291 261 10 8 0.03248942 
822 97 8 10 0.032220364 
357 283 19 20 0.032200996 
878 173 24 27 0.031696882 
790 102 10 15 0.031499483 
758 58 9 14 0.030698659 
288 242 5 4 0.030406803 
447 124 8 11 0.030363359 
884 186 27 31 0.030350693 
315 278 5 7 0.029988682 
1016 364 24 31 0.029758833 
846 168 22 28 0.029654078 
459 123 9 13 0.029501038 
66 184 10 14 0.029267844 
680 384 21 40 0.029173233 
315 274 5 7 0.029053686 
288 253 7 6 0.028913965 
564 186 19 28 0.028864855 
826 83 9 10 0.028796952 
497 311 9 15 0.028681912 
801 72 5 5 0.028421385 
1014 125 18 23 0.028396135 
549 198 25 33 0.028290303 
963 389 40 41 0.028271725 
643 107 9 14 0.028187541 
1015 178 22 32 0.028170835 
358 130 18 22 0.028163083 
152 133 6 7 0.028107101 
283 237 4 4 0.027990479 
211 339 4 4 0.027847428 
540 119 10 10 0.027636688 
911 98 17 22 0.02749464 
454 123 8 11 0.027456578 
93 333 23 21 0.02745191 
1012 153 19 25 0.027396698 
119 257 22 27 0.027056409 
834 111 15 15 0.027008243 
42 169 15 15 0.02699527 
456 201 20 23 0.026852591 
100 222 24 21 0.026796661 
924 77 11 15 0.02678482 
234 312 7 6 0.026621787 
485 321 38 51 0.026374066 
808 32 4 5 0.02636845 
434 109 8 9 0.026231643 
566 417 22 29 0.026166076 
364 122 9 12 0.02598668 
156 360 13 12 0.025714213 
810 103 15 16 0.02561564 
596 175 19 26 0.02560337 
604 316 30 28 0.02554638 
322 254 4 5 0.025418414 
805 97 10 11 0.025402447 
454 109 9 9 0.025337692 
802 107 12 14 0.02515978 
192 351 6 5 0.024932405 
180 338 5 5 0.02493035 
462 186 21 24 0.024896225 
206 134 11 13 0.024865834 
886 140 13 15 0.02482315 
37 198 16 16 0.024754528 
511 218 23 29 0.024741367 
676 106 7 9 0.024622455 
140 134 5 6 0.024527092 
181 361 10 8 0.024478175 
371 365 21 29 0.024340242 
320 231 10 11 0.024329364 
758 131 16 27 0.024323817 
442 5 26 19 0.024318686 
1011 142 16 22 0.024244716 
576 121 13 18 0.024066046 
68 328 11 15 0.024017312 
900 134 20 25 0.023958363 
795 71 4 4 0.023896279 
50 188 24 26 0.02373155 
320 357 4 5 0.023554139 
489 244 18 27 0.023499286 
544 358 23 30 0.023424527 
587 350 44 51 0.023349266 
471 122 9 14 0.02326101 
616 163 13 18 0.023237217 
848 291 25 28 0.023048503 
989 99 9 11 0.023048438 
215 248 9 6 0.023020023 
178 349 11 9 0.023016104 
606 349 22 29 0.022895893 
800 32 4 4 0.022778964 
868 79 10 16 0.022753185 
350 129 10 13 0.02274716 
63 316 24 30 0.022744382 
781 55 3 5 0.022688223 
781 31 7 6 0.022607263 
233 131 10 15 0.022559563 
954 118 14 17 0.022312941 
175 376 15 12 0.022307567 
201 381 9 8 0.022278868 
111 409 10 11 0.022251736 
149 384 11 10 0.022202492 
448 101 5 6 0.022198612 
343 224 8 10 0.022185333 
509 347 37 49 0.02218113 
268 248 5 4 0.02213806 
599 218 19 28 0.022114016 
178 343 7 6 0.02203655 
551 281 46 38 0.021880914 
319 286 5 6 0.021724075 
307 274 6 6 0.021694155 
838 133 18 22 0.021623135 
379 91 8 11 0.021608569 
247 291 10 7 0.021592746 
950 87 13 16 0.021447355 
330 341 5 10 0.021434724 
476 249 33 48 0.021350019 
453 128 8 13 0.021311752 
50 7 6 13 0.021310218 
1012 314 21 29 0.021274112 
201 242 12 11 0.02118138 
208 310 11 7 0.021127209 
864 133 22 30 0.021077795 
359 316 25 30 0.021023288 
790 93 8 10 0.020998826 
194 418 13 13 0.020926436 
75 289 27 27 0.020908752 
555 107 9 8 0.020854505 
776 60 5 7 0.020762848 
1013 383 21 26 0.020684285 
934 114 11 16 0.020659922 
975 365 41 41 0.020629749 
571 359 30 30 0.020554993 
972 323 28 26 0.020482546 
381 392 9 16 0.020475516 
624 284 25 24 0.020473296 
943 117 30 38 0.02033526 
46 6 7 14 0.020295622 
597 363 22 28 0.020287063 
456 1 22 21 0.020032996 
367 386 12 18 0.020013945 
150 378 12 11 0.020013554 
