11_Meeting_Meeting_11_Meeting_Meeting_11_102
17
598 19 108 142 0.99960536 
755 194 116 155 0.9995043 
130 74 121 128 0.999416 
-6 241 102 166 0.9985195 
886 243 103 161 0.998382 
435 163 125 174 0.9976107 
968 288 74 128 0.100959055 
803 671 95 117 0.046975493 
381 31 31 55 0.039593212 
348 509 83 100 0.032620348 
16 688 9 16 0.03196809 
434 67 44 56 0.030161211 
812 237 115 152 0.028232746 
594 447 315 374 0.024942921 
308 76 19 31 0.021608789 
503 554 59 64 0.02086167 
670 461 98 125 0.020050632 
