11_Meeting_Meeting_11_Meeting_Meeting_11_339
109
890 247 86 122 0.99992394 
164 147 43 56 0.999483 
456 118 27 39 0.99767536 
670 139 38 68 0.99289614 
279 138 32 48 0.99216753 
719 183 30 63 0.98922706 
617 120 26 46 0.9838034 
139 213 28 52 0.8933571 
37 191 26 59 0.36982045 
114 216 38 55 0.18484336 
85 3 17 33 0.1703276 
444 147 12 12 0.09355486 
596 245 34 35 0.08668385 
93 5 8 13 0.08239963 
53 202 18 42 0.078421034 
536 297 10 10 0.07218055 
352 222 18 12 0.0650669 
375 207 9 11 0.064720795 
395 208 9 9 0.062452298 
32 161 9 17 0.059910003 
2 212 16 47 0.05639645 
57 2 8 17 0.05614247 
745 190 35 57 0.053679276 
356 73 12 17 0.051979065 
394 224 10 9 0.051230665 
270 248 24 23 0.051158626 
227 175 26 30 0.05053981 
355 48 11 14 0.048519127 
390 229 9 8 0.04374522 
25 138 11 23 0.04351569 
513 234 7 9 0.043374777 
442 205 8 9 0.04336938 
496 147 11 12 0.04297155 
432 211 7 10 0.041570116 
561 319 10 9 0.04143645 
541 300 9 9 0.040721238 
213 61 12 14 0.04068906 
537 268 10 9 0.039162125 
787 269 55 42 0.036246266 
562 351 8 7 0.03581844 
112 260 13 19 0.035176747 
553 111 10 16 0.033724904 
466 200 7 6 0.03329811 
204 107 12 14 0.03329321 
275 60 10 15 0.032898873 
531 240 7 7 0.03216655 
1017 314 9 18 0.03204669 
550 286 8 9 0.032026518 
622 299 45 44 0.031928737 
794 556 54 57 0.03105723 
590 308 14 10 0.0303974 
569 348 7 7 0.030072143 
385 55 10 14 0.029955251 
342 272 10 11 0.029835947 
843 193 8 13 0.029321784 
238 6 14 11 0.02929952 
382 248 10 9 0.029079016 
31 193 17 41 0.028645106 
395 219 9 9 0.02860864 
400 223 8 10 0.028554931 
611 112 18 31 0.027855769 
0 9 17 43 0.027840497 
540 294 9 10 0.027620338 
777 310 16 20 0.027500337 
379 250 6 7 0.027498316 
545 283 23 22 0.027439535 
705 160 33 60 0.026757982 
469 195 6 5 0.026327658 
555 144 21 26 0.026195055 
586 223 8 8 0.026160477 
555 286 9 8 0.025441604 
580 308 28 21 0.02507234 
218 30 11 12 0.024991596 
387 224 20 19 0.024869319 
599 262 14 14 0.024730608 
36 44 6 12 0.023866769 
409 222 8 10 0.02382552 
67 216 40 55 0.023791471 
1028 198 18 26 0.02370017 
548 315 22 21 0.023687609 
6 198 27 66 0.023643492 
403 325 10 11 0.023632102 
360 119 11 15 0.02362008 
55 179 32 57 0.023298329 
534 282 8 9 0.023150692 
327 114 15 27 0.023069633 
1029 56 18 30 0.023052707 
717 139 44 71 0.022985378 
461 200 7 7 0.022929724 
402 220 7 8 0.022739634 
1009 655 11 14 0.022680195 
243 53 10 14 0.022391653 
561 324 11 10 0.02199061 
18 164 10 20 0.021976082 
433 232 13 15 0.021826886 
47 31 31 61 0.021726884 
1028 182 18 27 0.021670533 
574 318 14 10 0.021593181 
474 231 6 6 0.021498395 
77 5 6 12 0.021333013 
151 198 21 50 0.020951798 
381 539 9 8 0.020936029 
588 283 25 20 0.020635206 
550 294 9 9 0.020522172 
646 292 35 25 0.020300776 
438 337 11 10 0.020265093 
376 198 7 10 0.02017876 
334 268 19 22 0.020088382 
582 71 11 18 0.020071797 
