11_Meeting_Meeting_11_Meeting_Meeting_11_774
983
404 436 19 30 0.99725 
600 441 19 28 0.99451256 
15 598 53 63 0.9944007 
567 472 18 27 0.9897211 
196 372 11 18 0.9891922 
234 411 16 22 0.9887721 
598 405 12 20 0.9885771 
741 396 17 22 0.98732656 
449 435 17 27 0.98669344 
790 352 12 15 0.9677242 
350 418 14 20 0.9662556 
133 351 9 15 0.96282667 
830 308 9 13 0.9625401 
499 420 17 25 0.9573839 
473 391 14 22 0.9569763 
709 414 17 23 0.95257676 
393 410 14 21 0.9476277 
801 374 13 18 0.9395172 
453 378 11 17 0.93423676 
325 332 8 13 0.92433804 
108 335 9 14 0.91227067 
784 297 8 14 0.9047058 
742 357 9 14 0.9043892 
146 365 10 15 0.89538634 
331 352 9 12 0.8888755 
734 344 10 13 0.8762652 
157 345 9 14 0.87582225 
479 369 11 14 0.8662091 
109 376 10 14 0.8639876 
274 403 15 21 0.86005276 
300 423 16 23 0.85667187 
409 361 11 15 0.85558057 
547 344 8 12 0.84744173 
885 323 10 16 0.84680253 
239 339 8 13 0.84260535 
104 357 11 16 0.83033943 
286 370 8 15 0.82716125 
509 365 9 14 0.819805 
49 368 11 20 0.81856143 
424 387 12 16 0.81358796 
251 379 12 20 0.8120595 
13 97 6 9 0.808904 
361 383 12 15 0.790401 
765 390 15 19 0.77853435 
230 377 10 14 0.7714382 
521 348 9 14 0.7691006 
712 369 14 17 0.7605357 
650 451 13 20 0.74691224 
395 388 12 16 0.7407392 
175 358 11 16 0.73318136 
62 355 10 13 0.7300749 
618 349 10 13 0.71006423 
651 362 12 14 0.7053603 
69 380 10 19 0.691012 
480 354 10 14 0.6763588 
819 374 13 17 0.67461276 
458 353 9 13 0.6715708 
459 334 8 11 0.67155856 
110 308 6 9 0.6575223 
301 388 12 19 0.6566354 
504 347 8 11 0.6448918 
232 363 10 14 0.6400705 
843 365 11 13 0.6325831 
418 302 6 10 0.62916297 
825 395 12 14 0.6263143 
256 338 8 14 0.6230835 
582 383 10 14 0.5994399 
566 439 17 25 0.5931914 
628 396 12 19 0.59005046 
474 338 9 13 0.5895459 
125 389 13 16 0.5795047 
203 345 9 14 0.57634825 
426 407 13 21 0.56471866 
164 117 8 10 0.5646834 
440 335 7 11 0.56441313 
377 369 10 15 0.5630685 
546 465 15 27 0.5581673 
563 340 9 12 0.54661876 
526 419 13 16 0.5458198 
274 349 10 14 0.534785 
507 391 14 19 0.53219104 
661 433 15 25 0.5271941 
368 327 8 12 0.51941824 
524 306 6 8 0.51244026 
576 358 8 9 0.50197625 
657 389 12 19 0.49546328 
324 375 10 14 0.47598308 
371 293 5 9 0.460816 
209 423 11 16 0.46080136 
211 328 7 11 0.4602582 
531 334 8 12 0.458963 
94 102 7 9 0.45268226 
716 302 6 10 0.44978395 
222 319 7 13 0.44456276 
432 357 10 16 0.44218603 
420 333 8 13 0.43956256 
498 347 8 11 0.4382666 
645 298 7 11 0.4241294 
670 309 7 9 0.4220306 
115 321 8 12 0.41028202 
431 346 8 12 0.4076258 
187 391 11 20 0.40098158 
211 310 7 14 0.39832687 
310 363 9 13 0.39429018 
279 334 7 11 0.38450435 
245 326 6 9 0.37478423 
101 395 10 16 0.37333363 
634 352 9 13 0.37265652 
654 439 15 25 0.364134 
128 333 8 11 0.3613438 
394 327 9 12 0.35196608 
350 370 9 16 0.34234273 
357 344 9 14 0.3412848 
336 297 5 8 0.3407768 
1 373 12 19 0.33939683 
246 360 9 15 0.33836132 
314 322 6 9 0.3341984 
362 405 13 16 0.32459685 
184 111 6 8 0.3237584 
639 369 9 14 0.31356752 
69 367 12 17 0.31167266 
346 320 6 10 0.30984366 
829 344 11 16 0.30140278 
946 330 10 13 0.29276448 
130 416 12 12 0.28723887 
122 343 8 13 0.2789166 
249 333 6 10 0.27826157 
281 377 8 13 0.27720663 
159 391 10 14 0.27640802 
39 101 7 9 0.26597267 
127 338 8 12 0.2533999 
888 347 12 22 0.24902593 
584 429 12 20 0.24887304 
264 327 7 9 0.24759476 
162 369 9 13 0.24722236 
227 126 9 11 0.24684428 
300 361 9 14 0.24651164 
566 368 10 13 0.23433913 
377 345 9 13 0.23409861 
613 375 10 15 0.23301324 
216 303 6 9 0.23208046 
302 340 8 10 0.22937337 
391 329 7 11 0.22814576 
525 405 15 14 0.22589055 
567 377 9 12 0.20721689 
270 349 8 14 0.20711693 
626 487 25 23 0.20535079 
719 371 13 18 0.20055848 
165 155 10 16 0.19895814 
426 359 11 16 0.1978289 
600 347 8 10 0.18870255 
346 395 11 14 0.18401524 
65 351 11 14 0.1773358 
346 326 6 10 0.1771628 
66 109 6 10 0.17628784 
301 332 7 11 0.17324369 
759 45 13 12 0.17110792 
181 340 7 10 0.17105755 
68 107 7 10 0.16858429 
328 351 7 12 0.16770269 
361 349 8 16 0.16521733 
541 415 12 18 0.1647991 
302 352 9 12 0.16196978 
410 320 6 11 0.16176768 
706 352 9 12 0.16115014 
465 510 15 26 0.16015527 
447 328 7 11 0.15809171 
101 352 10 13 0.15731893 
119 417 11 11 0.15412994 
522 458 18 29 0.15323904 
186 333 7 10 0.15167956 
208 343 8 14 0.149345 
198 349 9 14 0.1469599 
478 334 7 12 0.14416194 
35 109 8 11 0.14405215 
574 432 16 25 0.14355065 
403 338 8 12 0.14283176 
416 325 8 11 0.14115243 
534 378 12 16 0.13912383 
605 373 11 15 0.13699797 
178 401 10 14 0.13659257 
640 300 8 10 0.13462251 
352 334 7 11 0.13431361 
546 388 12 18 0.13287432 
832 394 11 14 0.13237165 
183 345 9 13 0.13151847 
225 331 7 12 0.1311125 
645 362 10 14 0.13068534 
115 117 6 8 0.13060148 
79 394 10 16 0.13008651 
300 327 6 10 0.13003185 
231 114 6 9 0.12905136 
669 394 10 20 0.12788793 
295 329 6 9 0.12667936 
448 380 10 17 0.12464636 
320 371 10 15 0.12442424 
42 388 8 14 0.1236924 
68 346 9 10 0.1212492 
730 348 9 13 0.1207337 
399 326 10 12 0.119125076 
667 311 8 14 0.118545294 
284 404 11 17 0.11759326 
375 339 7 12 0.11482923 
547 426 12 22 0.11419873 
332 463 12 15 0.11386504 
0 395 8 18 0.1132099 
150 408 11 18 0.11267425 
13 345 7 12 0.11216867 
720 321 9 16 0.11181297 
353 104 6 9 0.11124266 
100 405 9 15 0.11027591 
387 373 10 16 0.10894063 
522 313 9 12 0.10875966 
534 363 9 12 0.10807215 
145 382 9 12 0.10712561 
215 400 12 14 0.106418535 
319 320 5 10 0.10599292 
464 432 11 20 0.105950184 
438 370 11 18 0.104788244 
630 358 10 16 0.103243805 
154 341 8 10 0.10177654 
92 100 5 6 0.10122107 
529 468 19 27 0.10096403 
305 333 7 12 0.10093667 
574 363 9 13 0.10091167 
262 333 7 11 0.09877068 
3 351 9 14 0.098761566 
177 352 10 14 0.098075956 
631 410 12 22 0.097473264 
353 110 7 10 0.09645979 
307 327 6 10 0.09542143 
701 376 10 15 0.09477728 
431 443 12 18 0.094528995 
344 375 10 15 0.09441473 
625 346 9 12 0.094173476 
102 321 5 9 0.09252557 
332 399 12 16 0.09237299 
771 345 11 14 0.09235679 
197 337 9 13 0.09205647 
557 357 8 11 0.09203541 
230 358 10 12 0.09117461 
432 393 10 17 0.09104514 
513 334 8 10 0.09073446 
250 337 7 12 0.090493485 
633 347 8 11 0.09044546 
367 314 6 10 0.0896255 
87 408 10 16 0.08916698 
567 387 11 14 0.08913691 
43 340 9 10 0.086604446 
309 420 10 21 0.0859249 
798 344 9 14 0.08522316 
443 321 7 9 0.08510306 
480 328 7 9 0.0844279 
440 407 11 18 0.08394614 
583 392 12 17 0.08367363 
748 340 10 12 0.08328723 
557 371 9 13 0.08294292 
190 332 8 12 0.08274668 
679 438 9 16 0.08233847 
510 337 9 13 0.08181372 
703 307 7 11 0.08152236 
472 425 12 18 0.08120226 
12 115 9 11 0.08107824 
323 384 10 17 0.08055008 
758 431 15 14 0.0801511 
836 331 8 14 0.079834335 
463 332 9 12 0.07945014 
635 398 11 20 0.0791798 
306 367 9 14 0.078703165 
132 337 8 12 0.078610286 
510 384 12 16 0.07825508 
823 332 8 14 0.077542275 
117 112 5 7 0.07728705 
837 6 10 15 0.07678305 
880 360 12 17 0.07651553 
113 385 10 16 0.07629846 
120 326 6 10 0.07590317 
404 363 9 14 0.07539416 
229 352 10 12 0.07520566 
421 356 9 16 0.07516831 
313 116 5 8 0.07499066 
96 401 10 16 0.074124455 
217 312 8 13 0.074005455 
421 320 7 10 0.07389175 
213 130 6 7 0.07338774 
160 438 11 17 0.07318182 
409 352 9 12 0.07181502 
390 321 7 10 0.070858575 
232 161 7 10 0.07071411 
376 353 11 18 0.070654 
340 333 6 9 0.07054756 
343 429 11 18 0.070500106 
295 388 10 15 0.07021667 
611 335 9 9 0.06994604 
465 393 11 17 0.06978308 
80 364 9 15 0.069581464 
113 313 7 11 0.0695199 
224 375 10 14 0.069061376 
413 354 9 13 0.06903738 
315 459 13 18 0.067893624 
160 333 7 9 0.067640394 
367 386 11 16 0.06752283 
433 325 9 10 0.06746785 
214 134 9 9 0.067398004 
562 381 11 14 0.067201145 
738 340 10 13 0.06675953 
605 347 9 11 0.066420466 
508 345 8 11 0.066357195 
596 351 8 10 0.06603766 
93 383 10 14 0.065599516 
671 51 9 9 0.065533906 
669 404 11 25 0.06483493 
32 410 8 12 0.06479006 
220 396 11 15 0.06456905 
459 386 9 16 0.06438922 
406 386 10 17 0.06435262 
330 337 8 12 0.06413437 
250 141 8 10 0.06368255 
825 327 6 11 0.06343464 
0 357 8 14 0.062872194 
696 379 12 17 0.06280167 
250 136 6 8 0.0624782 
751 436 20 18 0.062178634 
182 354 10 16 0.06213638 
428 98 7 7 0.061856598 
705 289 6 9 0.061819874 
780 399 11 17 0.061701838 
951 353 20 29 0.061372682 
145 426 9 12 0.061315708 
903 374 16 25 0.061152462 
162 121 7 9 0.060801633 
235 140 9 11 0.06068992 
259 343 8 14 0.060610376 
448 350 7 12 0.060550507 
382 389 9 16 0.06049038 
614 347 10 11 0.06016272 
597 347 7 8 0.05985303 
314 112 5 7 0.059789974 
540 472 13 21 0.059585217 
448 104 9 12 0.059028808 
335 356 9 13 0.058768 
707 364 12 17 0.058676995 
106 413 9 14 0.058381654 
861 415 9 10 0.0583492 
1007 612 24 29 0.057941016 
407 346 8 12 0.057938877 
849 420 10 9 0.05786064 
714 330 11 16 0.057717774 
347 142 7 8 0.0574259 
215 326 8 12 0.056958545 
538 351 7 10 0.056873877 
328 122 5 6 0.056820776 
152 395 11 15 0.056802288 
100 382 11 15 0.05679598 
67 106 5 7 0.056640018 
0 452 8 22 0.056535125 
901 356 10 15 0.056513257 
303 344 9 13 0.056098122 
621 399 10 16 0.056080904 
703 413 10 18 0.056041516 
290 329 5 8 0.056023847 
629 295 5 8 0.055957716 
346 332 6 11 0.055799827 
520 431 14 20 0.055648465 
818 343 9 14 0.055426385 
464 357 9 14 0.055404536 
259 321 5 9 0.055346217 
351 358 9 15 0.05519916 
120 111 7 8 0.055152923 
15 382 11 19 0.055021226 
351 98 5 7 0.054651037 
893 324 8 14 0.054534327 
263 323 5 8 0.054523006 
112 138 11 14 0.054506693 
532 361 7 10 0.054414038 
493 85 8 9 0.054045144 
374 334 8 10 0.053591102 
272 387 10 14 0.05290216 
522 303 5 8 0.052740958 
353 351 9 13 0.052497912 
362 339 8 12 0.052482676 
183 368 9 14 0.052373018 
695 406 11 20 0.052318756 
738 314 10 12 0.052192263 
751 343 12 12 0.05209984 
386 326 6 10 0.052004047 
302 322 5 8 0.051923156 
312 447 13 15 0.051827878 
9 375 11 18 0.051431198 
530 383 11 14 0.05118421 
491 331 9 11 0.051095143 
45 372 10 17 0.051073816 
828 12 11 15 0.05101561 
340 109 6 9 0.05099034 
661 403 14 25 0.050742276 
370 308 5 9 0.05069603 
611 364 9 12 0.050518155 
485 328 8 9 0.050313886 
907 364 8 11 0.05022353 
579 410 10 17 0.05006949 
572 369 10 11 0.050003543 
535 370 9 13 0.049822614 
549 377 9 16 0.049754284 
781 403 16 22 0.049481668 
753 320 8 11 0.049480252 
96 352 7 12 0.048562273 
293 429 12 18 0.0485314 
639 289 6 8 0.04835046 
96 453 12 15 0.048341874 
386 322 5 9 0.048291262 
437 338 6 10 0.04803654 
186 123 7 8 0.04800465 
30 330 9 14 0.04773367 
111 357 9 14 0.047326762 
249 131 6 7 0.047307987 
459 328 9 9 0.04724963 
552 470 18 30 0.04722173 
446 315 6 10 0.047050707 
581 355 7 9 0.046988133 
338 368 8 16 0.046924934 
98 325 6 10 0.046777245 
710 305 8 12 0.04666863 
635 301 6 9 0.046532866 
243 334 7 11 0.046516355 
323 333 6 11 0.04623415 
476 343 10 14 0.046199158 
163 398 11 15 0.046169825 
635 296 6 8 0.046024114 
574 381 10 14 0.04583973 
540 380 12 17 0.045619268 
64 113 7 12 0.045488346 
689 344 9 13 0.045031358 
190 350 8 14 0.044879556 
577 531 14 16 0.044876754 
699 306 7 12 0.04486672 
40 469 13 16 0.0447386 
643 59 11 10 0.04472256 
877 324 9 16 0.0445887 
125 419 12 13 0.044514325 
152 415 15 21 0.044473477 
333 123 6 7 0.04417603 
45 357 8 11 0.044124216 
688 435 11 20 0.044120457 
714 435 10 18 0.04403536 
277 354 10 15 0.044026535 
146 401 10 15 0.0437579 
311 117 4 7 0.043674063 
559 415 12 15 0.04340842 
217 426 15 16 0.04339722 
55 395 12 17 0.04339524 
332 304 8 13 0.043181315 
247 322 7 9 0.043157738 
758 424 13 13 0.043142125 
627 419 15 24 0.043120146 
525 333 9 12 0.043043047 
171 335 8 9 0.04299119 
916 364 7 9 0.04296359 
511 84 10 11 0.042922437 
779 338 8 13 0.04278826 
630 340 9 10 0.042700205 
613 356 10 12 0.042688377 
516 338 8 11 0.04259413 
327 314 6 10 0.042369008 
771 384 13 16 0.041886248 
355 437 14 20 0.041864485 
520 396 11 16 0.04177239 
164 382 11 14 0.041640107 
810 424 15 17 0.041631456 
810 375 11 15 0.041612376 
119 370 8 13 0.04153749 
376 378 10 16 0.041516583 
510 424 16 23 0.04148713 
220 158 8 12 0.041486267 
75 105 6 8 0.041275498 
423 98 6 7 0.041221146 
419 440 11 21 0.04110789 
790 374 11 16 0.04090465 
82 340 7 9 0.040857747 
288 135 5 6 0.040812086 
705 295 6 9 0.040733177 
876 361 10 17 0.040642332 
202 136 8 9 0.040588956 
85 426 12 16 0.04043119 
599 387 11 14 0.040411398 
204 332 8 12 0.040396046 
444 393 12 18 0.040376782 
290 405 11 18 0.040336702 
438 394 11 17 0.04021703 
320 131 5 6 0.040171515 
716 351 9 13 0.040098853 
311 394 10 16 0.03996363 
471 382 13 18 0.03985741 
159 423 19 23 0.03985319 
416 313 7 12 0.039787095 
704 300 7 11 0.03966845 
106 386 10 18 0.039636187 
678 463 10 16 0.039568413 
370 321 7 10 0.039530125 
341 105 4 7 0.039444476 
138 422 10 13 0.039388984 
42 99 7 9 0.039230764 
523 72 7 10 0.039201938 
327 380 10 16 0.03916495 
438 357 9 15 0.039025847 
777 436 14 16 0.039011844 
181 114 7 9 0.038995795 
134 370 8 13 0.03888302 
666 496 15 17 0.038794816 
39 344 8 11 0.038734064 
301 137 5 6 0.038709562 
140 338 9 11 0.038402494 
131 376 10 14 0.038396224 
280 364 9 14 0.03802345 
138 406 11 15 0.037936624 
215 345 7 12 0.037788443 
281 329 6 9 0.0376773 
306 130 5 7 0.03767088 
402 321 8 11 0.037646156 
228 132 10 12 0.037622567 
517 328 8 11 0.037342053 
191 362 9 15 0.037127785 
113 461 17 28 0.036951754 
205 140 6 10 0.036914058 
421 103 6 8 0.036863793 
720 407 12 18 0.036839787 
950 334 10 16 0.036799245 
709 54 7 7 0.036761858 
433 111 7 9 0.036718223 
73 345 9 10 0.036681663 
122 391 9 17 0.036644965 
180 123 7 8 0.036640927 
308 322 6 9 0.0365767 
228 332 7 12 0.03643685 
44 110 7 9 0.036396973 
171 378 10 13 0.03628892 
494 350 7 11 0.036215685 
28 419 10 19 0.036206573 
751 356 11 15 0.036162075 
1 131 7 16 0.036111683 
438 414 15 23 0.03599802 
177 130 7 9 0.03595193 
629 301 6 9 0.03590436 
683 68 9 14 0.03586722 
777 344 10 14 0.035845436 
487 86 7 6 0.035676442 
107 327 8 12 0.03558897 
257 328 5 9 0.0355772 
49 352 8 12 0.03552559 
179 335 7 10 0.035486054 
494 339 7 11 0.03546476 
466 326 10 11 0.03540125 
629 291 5 7 0.035392314 
529 85 11 14 0.03535318 
30 391 9 13 0.03531968 
451 557 9 13 0.03509477 
282 471 21 23 0.035090383 
338 338 8 12 0.034841187 
497 342 8 10 0.03480164 
222 390 11 13 0.03472412 
90 352 8 13 0.034700397 
391 316 7 10 0.034689516 
504 357 9 12 0.034643803 
240 388 10 16 0.034541745 
242 135 7 9 0.034410875 
693 436 19 30 0.034350723 
714 312 10 15 0.03434596 
619 364 9 13 0.03434246 
64 369 10 15 0.034338318 
327 320 6 11 0.034265038 
650 300 6 9 0.034227822 
206 327 7 10 0.034221463 
330 327 7 11 0.034212776 
107 304 14 19 0.0341887 
303 460 12 15 0.03414358 
803 344 9 13 0.034075014 
571 353 6 9 0.034005813 
266 331 8 12 0.033979762 
347 138 6 6 0.033607185 
905 370 11 15 0.033596616 
670 56 10 12 0.03358472 
357 114 6 10 0.033578146 
466 98 8 8 0.03353501 
317 131 4 6 0.033462886 
144 341 10 11 0.033462193 
567 334 8 10 0.033421196 
191 124 6 8 0.033401206 
209 431 16 24 0.03339995 
543 348 9 11 0.03333399 
358 326 7 11 0.03327874 
377 315 6 10 0.03326915 
440 378 11 18 0.033173583 
656 404 12 19 0.03296843 
258 123 6 8 0.032900747 
442 93 7 7 0.03276619 
96 333 8 11 0.032673176 
790 387 13 16 0.032668486 
787 439 16 18 0.03256979 
408 333 8 13 0.032292537 
192 129 6 7 0.032260228 
316 136 5 6 0.032131508 
670 382 9 15 0.03203043 
390 110 6 8 0.03198152 
528 328 10 12 0.03195263 
527 308 7 8 0.031860214 
671 339 9 12 0.031837422 
497 88 7 8 0.031776257 
275 328 7 9 0.031661157 
561 388 11 14 0.03151377 
109 319 7 12 0.03144444 
507 436 12 19 0.03130179 
299 157 6 8 0.03126386 
409 315 7 10 0.031192666 
50 136 7 10 0.031170418 
493 111 6 6 0.03114907 
274 461 10 12 0.031093724 
314 123 5 6 0.031068841 
129 424 15 17 0.031042939 
545 333 7 10 0.030986838 
694 369 12 16 0.030974831 
33 114 8 11 0.030946517 
309 123 4 7 0.030931607 
705 325 7 13 0.030916601 
455 327 7 9 0.030681308 
373 401 11 17 0.030658606 
675 394 10 18 0.030621208 
356 376 9 14 0.030619578 
758 62 13 12 0.030593812 
119 384 10 16 0.03054781 
709 312 9 15 0.03050075 
784 382 12 16 0.030455645 
853 362 9 15 0.030424582 
320 327 6 10 0.030377846 
166 87 6 6 0.030335931 
614 406 9 16 0.030332908 
646 340 8 10 0.030324634 
318 392 11 19 0.030253893 
642 394 10 20 0.030239822 
479 92 9 7 0.030186266 
529 352 7 11 0.0301799 
709 324 9 15 0.030137237 
337 125 7 7 0.03010952 
831 417 8 9 0.030102326 
35 103 6 8 0.030080657 
409 110 6 7 0.030066019 
323 458 11 17 0.030019812 
556 345 7 10 0.029978197 
406 411 10 18 0.029950287 
782 453 14 16 0.029856345 
636 417 10 20 0.029820686 
45 115 8 10 0.02981921 
574 395 9 14 0.02976525 
343 405 12 17 0.02972076 
351 92 4 7 0.029662218 
6 111 7 8 0.02952261 
368 396 12 17 0.02943968 
587 359 7 8 0.029399838 
25 335 9 13 0.029363614 
828 407 11 13 0.02933931 
557 340 8 11 0.029326662 
632 334 7 9 0.029105563 
256 135 6 8 0.029011158 
518 76 9 11 0.0289782 
447 356 8 14 0.02894499 
463 377 9 14 0.02892514 
721 351 9 13 0.028841335 
689 377 10 14 0.028833214 
68 113 8 11 0.028740693 
227 393 12 17 0.028735079 
47 339 10 10 0.028701281 
176 375 12 16 0.028657336 
237 334 8 12 0.028635638 
238 323 6 8 0.028527524 
594 388 10 16 0.028477289 
319 135 6 6 0.028457692 
831 6 10 14 0.02841687 
541 363 9 12 0.028384363 
578 444 10 17 0.028355073 
371 350 8 15 0.028169535 
299 373 10 17 0.028116899 
171 400 12 15 0.027991092 
269 407 11 14 0.02798017 
677 48 7 7 0.02794248 
472 363 8 14 0.027897872 
452 392 11 18 0.027878873 
336 345 8 13 0.027869374 
77 340 7 8 0.027737409 
288 320 6 8 0.027681554 
498 354 9 15 0.027635952 
673 306 5 7 0.02756887 
433 380 11 17 0.027523722 
880 381 13 21 0.02750966 
38 357 8 10 0.027493654 
484 90 8 8 0.027448718 
638 305 8 12 0.027414994 
651 314 8 11 0.027389124 
35 98 6 7 0.027362302 
527 437 10 17 0.027352452 
720 463 11 18 0.027310139 
536 394 13 15 0.027294781 
560 421 16 22 0.027289169 
252 396 12 18 0.027131977 
293 345 8 12 0.027106795 
660 328 7 9 0.027077053 
32 403 8 12 0.02705071 
625 432 18 24 0.027046807 
302 143 5 6 0.027021796 
296 143 5 6 0.027014215 
663 387 13 22 0.026966253 
510 350 7 12 0.026946347 
664 333 7 9 0.026904175 
490 375 9 14 0.026778154 
372 117 5 7 0.02676027 
514 367 10 14 0.02675847 
831 332 9 15 0.026731689 
141 117 6 8 0.026670512 
869 360 10 17 0.026617905 
319 345 7 11 0.026574174 
791 300 8 12 0.026557809 
102 376 11 13 0.026525429 
740 298 8 11 0.026439203 
752 368 12 16 0.026424196 
426 340 9 11 0.026404759 
619 300 7 9 0.026401823 
198 140 6 10 0.026395222 
696 356 10 13 0.026392195 
709 335 10 15 0.02638776 
332 137 7 7 0.026320314 
110 122 6 9 0.026301568 
616 485 20 24 0.026299767 
889 3 44 49 0.026288811 
345 362 10 15 0.026288027 
341 328 5 9 0.026240773 
177 389 11 16 0.026238091 
404 109 6 7 0.026218351 
834 432 13 15 0.026152533 
513 328 7 9 0.026065757 
528 396 12 15 0.026043624 
621 335 6 8 0.025950909 
962 361 10 14 0.0259103 
315 340 6 10 0.02587118 
137 388 10 15 0.0258551 
441 325 8 11 0.025788529 
145 149 10 14 0.025787331 
409 105 6 6 0.025757117 
385 137 6 7 0.02573483 
554 381 11 15 0.025733711 
152 477 12 15 0.0257328 
541 431 15 25 0.025728548 
917 357 10 12 0.025688453 
563 544 11 14 0.02568347 
417 109 6 9 0.025670443 
697 301 7 10 0.025658173 
339 144 6 6 0.025636127 
553 431 15 25 0.025595972 
771 402 13 17 0.025520302 
638 443 18 25 0.025503103 
340 444 12 19 0.025479594 
135 137 8 12 0.025478216 
698 296 5 8 0.025457533 
553 393 11 14 0.025446894 
23 326 11 15 0.02540816 
294 315 6 9 0.025392065 
140 126 8 11 0.025344832 
632 328 6 9 0.025290031 
819 395 10 13 0.025281139 
325 365 9 14 0.025257876 
285 377 10 18 0.025243282 
260 392 10 17 0.025169691 
627 501 24 28 0.025163068 
363 359 9 17 0.025153888 
560 519 13 18 0.025105713 
522 374 10 14 0.025093358 
79 429 13 16 0.025087794 
500 393 10 17 0.025070619 
104 332 8 15 0.025053564 
758 376 10 14 0.0249892 
283 132 5 6 0.024975637 
341 319 6 9 0.024922298 
118 422 14 17 0.024879279 
457 371 11 17 0.024804896 
853 412 18 18 0.024778927 
709 296 6 9 0.024771595 
405 136 7 8 0.024769578 
303 412 12 22 0.02473407 
417 104 6 7 0.02471152 
103 316 6 9 0.02463829 
331 311 7 12 0.024615003 
452 404 11 18 0.024592537 
572 426 11 18 0.024528848 
3 362 10 17 0.024478946 
413 413 9 17 0.02436162 
16 101 7 10 0.024333924 
347 123 6 7 0.024321511 
372 477 13 19 0.024300598 
202 387 9 15 0.02428084 
559 450 17 29 0.024244046 
256 128 8 9 0.024178678 
296 137 5 6 0.02417608 
491 357 8 13 0.0241367 
1016 17 15 31 0.024105646 
736 355 9 14 0.024101451 
240 365 11 17 0.02406271 
322 125 4 5 0.024060886 
375 443 11 18 0.024027526 
355 333 8 11 0.024025299 
344 109 6 10 0.024006506 
664 323 8 13 0.023974407 
458 346 10 13 0.023944605 
54 363 10 17 0.023900874 
785 347 11 14 0.023870343 
581 373 9 11 0.023866003 
292 368 8 16 0.023861581 
400 395 11 19 0.023821672 
321 316 6 9 0.023801493 
797 394 11 15 0.02378378 
359 322 6 9 0.023779592 
679 465 17 26 0.023774274 
0 111 5 9 0.023755081 
35 96 15 21 0.023736663 
316 363 10 16 0.02370596 
246 454 17 21 0.023691347 
45 135 6 10 0.023674134 
260 130 7 9 0.023656365 
1 386 11 22 0.023603642 
922 405 7 10 0.023557138 
298 404 13 19 0.023553211 
720 301 7 10 0.023485921 
359 131 5 6 0.023421973 
647 320 8 13 0.02341934 
308 432 16 23 0.023383712 
802 383 14 16 0.023317011 
408 130 8 9 0.02331149 
617 410 12 21 0.023304965 
562 474 12 21 0.023296924 
885 367 12 15 0.023284722 
588 366 8 9 0.023254348 
520 318 9 11 0.023251308 
125 122 8 10 0.023237584 
123 333 6 10 0.023236189 
725 364 12 16 0.023233468 
595 357 8 10 0.023175811 
5 413 8 16 0.023154255 
36 370 16 26 0.023151187 
470 97 9 9 0.023139272 
228 112 5 6 0.023135312 
580 362 9 12 0.023125732 
686 122 12 12 0.023116106 
624 411 13 22 0.02310664 
37 368 9 15 0.02304918 
84 450 21 23 0.022982882 
0 535 18 44 0.02296215 
786 288 9 17 0.022886556 
763 58 11 12 0.022883447 
197 130 6 8 0.022798412 
244 162 6 7 0.022782337 
95 485 19 22 0.022764035 
24 117 7 9 0.022737013 
523 325 9 12 0.022717258 
287 346 7 12 0.02262452 
717 54 7 7 0.02257717 
330 371 9 14 0.022568522 
421 577 8 11 0.022566294 
832 1 7 9 0.022512415 
164 333 9 10 0.02250042 
562 544 26 25 0.02246531 
417 99 6 7 0.022431329 
245 131 6 7 0.02243013 
613 473 16 23 0.022428146 
350 319 6 11 0.022409866 
1076 406 15 29 0.02239463 
279 143 7 7 0.022393908 
750 389 14 16 0.022385668 
483 388 10 17 0.022374693 
182 439 12 13 0.022357708 
303 131 4 6 0.022324378 
391 114 5 9 0.022247309 
367 110 5 7 0.022219859 
810 389 10 13 0.022186453 
616 300 6 10 0.022182718 
307 144 5 6 0.022151804 
429 94 6 7 0.022140915 
51 393 9 15 0.022097105 
638 388 9 18 0.022074128 
453 97 8 9 0.022052556 
291 459 15 14 0.022018716 
549 366 8 10 0.021984462 
836 384 10 15 0.021964965 
628 334 6 9 0.021955082 
700 301 15 23 0.021952562 
665 344 9 12 0.021932045 
377 271 40 56 0.021931188 
339 315 6 10 0.02187499 
151 428 17 23 0.02184974 
37 393 10 14 0.021844396 
415 344 8 12 0.02183695 
7 115 9 10 0.021825675 
314 333 6 9 0.021806106 
454 359 9 15 0.021805746 
403 316 7 9 0.021800272 
169 272 6 6 0.021775585 
319 339 6 10 0.021775514 
69 433 9 15 0.021736346 
414 296 13 20 0.021710819 
107 308 4 7 0.021680474 
287 157 6 7 0.021661323 
675 447 17 25 0.02165631 
49 111 6 9 0.021617759 
360 392 15 18 0.021602921 
23 389 11 15 0.02159357 
385 332 6 11 0.02159343 
141 363 10 16 0.021584045 
522 81 10 13 0.02152885 
590 434 16 25 0.021525448 
505 327 7 8 0.021500451 
530 76 10 13 0.021476487 
404 106 6 6 0.021467878 
597 310 59 65 0.02139588 
549 332 9 11 0.021376336 
865 303 103 125 0.021321733 
442 108 6 9 0.021308161 
224 351 9 13 0.02127426 
267 338 7 11 0.021265734 
826 420 10 13 0.021264797 
87 391 15 23 0.021260552 
776 417 17 20 0.02122407 
445 337 7 11 0.02119732 
826 375 11 15 0.02119328 
553 521 12 19 0.021191398 
533 402 13 16 0.021129709 
100 124 7 9 0.02112877 
695 425 12 20 0.021093307 
112 111 5 6 0.021076763 
797 426 10 12 0.02105215 
659 338 7 11 0.02099943 
196 327 9 12 0.020991739 
41 429 11 19 0.020974675 
208 405 12 15 0.020964013 
1027 30 16 29 0.020961236 
35 407 9 14 0.020954387 
119 358 8 13 0.020952916 
346 146 7 9 0.020935457 
156 407 12 18 0.020907443 
804 301 8 10 0.020842874 
12 401 7 14 0.020839179 
644 54 10 9 0.020818569 
145 352 9 12 0.020804655 
150 383 9 13 0.02080257 
700 71 13 16 0.020759754 
181 107 5 6 0.02073906 
131 399 12 15 0.020710973 
844 423 12 10 0.020701094 
370 292 3 7 0.020695182 
81 122 8 11 0.02069512 
296 130 5 6 0.020673532 
45 362 9 16 0.020670831 
634 290 6 8 0.020646092 
497 414 14 20 0.020628197 
816 387 12 15 0.020606577 
651 325 7 11 0.020582547 
401 301 8 10 0.020579673 
262 356 8 13 0.020541312 
634 368 9 14 0.020540608 
350 327 7 11 0.020530023 
347 116 6 8 0.020503802 
247 352 9 15 0.02047389 
746 346 17 20 0.020457111 
446 92 9 8 0.020444592 
406 373 12 19 0.020419832 
311 467 15 17 0.020402053 
400 431 14 23 0.020388382 
754 50 10 11 0.020369971 
600 357 9 11 0.020369815 
619 420 14 25 0.020354355 
10 91 14 20 0.020312663 
267 323 8 10 0.020298015 
569 413 15 23 0.020216824 
440 116 7 7 0.0201852 
425 332 9 13 0.020165592 
58 469 10 17 0.020162458 
835 422 11 11 0.020145573 
727 355 10 16 0.020112153 
640 319 7 11 0.020043341 
186 127 6 8 0.020028494 
