11_Meeting_Meeting_11_Meeting_Meeting_11_633
485
466 209 201 246 0.9997998 
180 446 158 193 0.9994305 
710 350 151 215 0.9993325 
951 74 10 16 0.3194739 
289 238 9 15 0.252801 
690 632 30 67 0.23448159 
274 200 9 11 0.15109192 
69 421 7 13 0.14666864 
284 220 7 12 0.14325197 
527 142 116 71 0.1375681 
957 468 7 11 0.1344016 
226 254 11 11 0.13162038 
274 226 8 10 0.1305037 
221 197 8 9 0.1251949 
964 52 16 27 0.11749933 
647 649 33 69 0.115407005 
1 286 8 18 0.10766704 
77 409 8 13 0.10119279 
1003 75 9 18 0.09972469 
240 245 12 13 0.09732748 
280 201 7 8 0.092453964 
271 208 10 11 0.08748909 
275 259 10 13 0.08577832 
916 21 7 13 0.08388381 
953 479 6 10 0.08246047 
136 243 11 13 0.0811503 
954 67 14 25 0.07948943 
304 141 297 432 0.077891886 
935 19 8 15 0.07654373 
976 9 10 13 0.075924665 
172 227 6 10 0.073639706 
1005 508 7 8 0.07268837 
751 172 18 33 0.07100715 
146 191 5 7 0.06840744 
158 247 9 11 0.0675275 
153 216 8 10 0.06742897 
929 757 22 27 0.066427216 
979 66 9 16 0.064293966 
174 172 5 6 0.06372205 
190 255 11 13 0.063209504 
316 259 10 15 0.06278779 
88 180 5 6 0.06204407 
1017 79 9 16 0.061899666 
969 474 9 13 0.061687592 
661 53 40 88 0.061234687 
119 204 6 8 0.06054176 
247 221 9 11 0.0599487 
966 22 7 11 0.057690278 
231 196 7 8 0.057481185 
669 621 12 19 0.05663697 
907 37 8 15 0.055766433 
89 379 8 14 0.055643868 
167 130 4 4 0.05404955 
275 191 5 7 0.05367828 
981 473 10 14 0.053610638 
298 251 10 13 0.053162 
677 115 38 68 0.051713035 
937 523 8 10 0.051494025 
636 142 56 55 0.051117096 
222 213 11 15 0.05070937 
167 158 5 6 0.05066127 
141 221 7 8 0.05042637 
947 18 8 13 0.050035287 
1018 413 5 9 0.049965672 
925 29 6 11 0.049832705 
1009 83 8 13 0.049167007 
1005 180 21 38 0.049130373 
154 210 5 8 0.049130213 
234 196 8 9 0.048968274 
192 226 6 9 0.04712123 
148 204 5 8 0.04694051 
71 401 6 11 0.046788417 
220 206 10 13 0.04604529 
959 20 7 11 0.04593619 
960 56 10 20 0.045720503 
134 124 4 3 0.04569718 
45 398 7 14 0.044843595 
934 574 6 10 0.04446418 
217 192 6 6 0.044325367 
161 166 4 6 0.044079468 
97 180 5 5 0.043892752 
963 437 8 12 0.0437668 
958 478 6 9 0.043467693 
208 204 10 11 0.043387543 
123 141 4 4 0.043020308 
116 135 4 5 0.042733118 
116 198 4 6 0.042686313 
231 202 7 10 0.04228211 
953 20 6 10 0.041603535 
1006 572 7 11 0.04157683 
1019 434 6 10 0.041320484 
234 227 8 11 0.040998362 
904 4 4 7 0.040900603 
970 22 8 13 0.040819794 
168 172 5 6 0.040507905 
178 173 5 7 0.04050253 
81 410 8 14 0.040481113 
205 198 5 6 0.040342696 
908 3 5 8 0.04028052 
1003 486 10 13 0.04023455 
201 178 5 6 0.03953447 
128 184 5 7 0.03943814 
33 590 9 15 0.039369002 
164 252 10 11 0.039162178 
154 186 5 6 0.03908334 
987 89 11 17 0.038970407 
117 122 3 4 0.038706 
974 14 8 11 0.038663298 
135 127 4 5 0.03864339 
147 186 4 5 0.038372967 
168 154 4 5 0.03825532 
897 196 5 7 0.037967663 
165 293 33 45 0.03774975 
129 142 4 4 0.037694193 
108 178 6 7 0.037687313 
154 190 4 6 0.03767353 
155 140 4 5 0.037612848 
107 359 8 11 0.037489682 
1020 186 19 36 0.037293166 
168 222 6 9 0.03728181 
130 123 3 4 0.037267543 
70 368 6 12 0.037264492 
313 264 8 12 0.03726293 
173 135 3 4 0.03720807 
161 160 4 4 0.037138574 
805 143 9 14 0.0370943 
135 147 4 4 0.037091132 
154 165 4 6 0.03684422 
161 203 7 8 0.03680115 
160 186 5 6 0.036089413 
158 216 7 9 0.03584581 
204 203 7 8 0.03557174 
940 448 7 13 0.035360575 
141 208 5 7 0.034955896 
102 198 5 5 0.03494842 
233 252 11 10 0.034780774 
205 159 4 6 0.034350906 
941 463 7 12 0.03430233 
890 3 5 9 0.034211073 
154 123 4 4 0.034206647 
973 447 6 8 0.034177043 
154 160 4 5 0.034153692 
173 142 4 4 0.034076177 
155 136 3 4 0.033973556 
168 134 4 4 0.033944085 
77 191 7 7 0.03388472 
159 197 6 7 0.033661444 
147 140 4 4 0.033499412 
221 248 10 11 0.033476368 
695 675 25 33 0.033472173 
1000 508 6 7 0.03343938 
228 248 10 10 0.033423338 
173 231 7 11 0.033402435 
121 208 5 7 0.033303972 
1017 389 9 14 0.03328951 
910 14 5 11 0.033221845 
257 269 14 13 0.03316123 
223 192 6 7 0.03313527 
891 204 5 7 0.03312011 
218 200 9 12 0.032977566 
77 436 8 15 0.03287278 
1006 261 5 9 0.032872215 
121 135 4 4 0.0326092 
169 253 10 12 0.032299194 
116 140 4 4 0.032273147 
128 204 5 7 0.032214325 
243 224 9 12 0.032143448 
982 12 10 16 0.03209493 
149 166 4 5 0.03183358 
142 123 3 4 0.03179795 
199 203 6 9 0.03167077 
810 143 8 13 0.031658646 
922 3 7 8 0.031614445 
985 458 6 9 0.031380154 
66 116 38 43 0.03136675 
174 178 5 5 0.031335827 
178 254 9 12 0.03131822 
926 2 6 8 0.031231662 
912 39 8 14 0.031140488 
141 195 6 9 0.031079393 
128 211 5 5 0.031028802 
286 210 8 11 0.031026224 
134 178 5 6 0.031024888 
235 192 6 6 0.030989759 
1020 10 14 22 0.030875439 
136 203 5 8 0.030752417 
917 4 5 7 0.030718554 
343 264 10 13 0.03067139 
98 183 5 6 0.030495735 
925 41 6 13 0.030490097 
244 171 5 7 0.030457428 
97 141 4 4 0.030437142 
978 113 9 18 0.030323004 
154 173 4 5 0.030297859 
161 156 4 4 0.030273125 
266 254 10 10 0.030243041 
1018 52 8 15 0.030210376 
218 239 8 10 0.0301669 
128 217 6 7 0.030163677 
923 33 7 11 0.03012493 
187 179 4 5 0.030105228 
109 198 5 5 0.029994301 
992 501 8 11 0.02987905 
999 58 18 33 0.029851556 
251 197 5 7 0.029787697 
914 47 8 14 0.029685868 
173 147 5 5 0.029648116 
985 136 8 18 0.029276798 
91 193 5 5 0.029238822 
1019 47 14 25 0.02922316 
997 470 8 10 0.029152935 
173 130 4 4 0.029093388 
261 202 7 8 0.029081924 
187 184 5 6 0.029015096 
88 414 8 15 0.028950548 
169 288 24 23 0.02891037 
1000 350 12 15 0.028874863 
117 130 4 4 0.028874578 
141 217 7 8 0.028816756 
281 269 11 12 0.02868264 
270 181 5 8 0.028666083 
136 174 4 5 0.028607914 
896 4 4 8 0.028592767 
148 123 4 4 0.02856579 
918 182 15 22 0.028415885 
166 190 5 6 0.028391454 
161 191 4 5 0.02836339 
191 185 5 6 0.028358484 
153 128 5 4 0.028221687 
1011 463 6 8 0.02820283 
142 136 4 4 0.028111452 
7 218 5 6 0.028010674 
873 35 6 11 0.027916266 
428 250 8 16 0.027789412 
938 572 6 10 0.027773675 
166 187 4 5 0.02776452 
971 66 10 18 0.027758228 
102 180 5 5 0.027743286 
95 167 5 5 0.027686393 
129 197 5 7 0.027639642 
901 192 4 8 0.027610641 
892 199 4 5 0.027589658 
190 240 9 12 0.027574975 
43 359 8 17 0.027542874 
166 166 5 6 0.027309261 
8 130 3 3 0.027296688 
38 353 8 16 0.02727679 
114 192 5 6 0.027255936 
117 208 5 7 0.027126212 
913 52 10 20 0.027060179 
977 329 13 12 0.02704437 
165 215 6 9 0.02692989 
129 128 4 4 0.026859097 
981 42 31 48 0.02675301 
978 503 7 11 0.02663986 
965 559 10 12 0.026623119 
927 115 8 14 0.026581507 
285 203 6 7 0.026562236 
179 190 5 6 0.026561858 
210 173 5 6 0.026548676 
974 452 7 9 0.026547024 
249 231 12 13 0.026523506 
978 200 10 16 0.026510224 
213 277 16 13 0.026419496 
270 203 8 9 0.02636679 
32 480 14 28 0.026353225 
428 59 342 299 0.026342718 
343 255 7 8 0.026308767 
206 192 5 6 0.026296807 
167 236 6 8 0.026288308 
978 19 10 16 0.026255142 
53 123 4 4 0.026231246 
179 178 4 5 0.026226442 
146 217 6 9 0.026206434 
129 155 4 4 0.026157038 
141 128 4 4 0.026052045 
235 129 6 6 0.026030613 
179 148 4 5 0.025947466 
951 456 7 11 0.02594725 
128 160 4 5 0.025818003 
1019 15 8 12 0.02579265 
97 196 5 6 0.025769835 
991 510 6 7 0.025705257 
947 478 6 9 0.025682468 
160 136 4 3 0.025588863 
36 412 7 12 0.025581634 
142 109 4 4 0.025539344 
935 604 6 11 0.025463086 
145 237 10 12 0.025449585 
186 123 4 4 0.025423424 
237 241 10 10 0.025383977 
543 134 64 48 0.02533846 
1030 517 16 22 0.025329983 
204 178 5 6 0.02531077 
193 123 4 4 0.025284631 
936 33 7 14 0.025277834 
963 293 10 15 0.025260802 
69 374 9 19 0.025257118 
197 227 7 9 0.02522393 
269 222 8 10 0.0251561 
206 124 3 3 0.02515241 
173 190 5 6 0.025014421 
97 154 3 4 0.025002018 
160 123 4 4 0.025001206 
204 128 4 6 0.0249846 
190 235 7 10 0.024948755 
231 192 6 7 0.024898756 
129 181 4 4 0.024898369 
200 123 3 4 0.024857182 
250 192 6 6 0.024845198 
115 233 9 11 0.024822848 
939 554 6 10 0.024782486 
114 227 8 10 0.024775937 
84 162 4 4 0.024721678 
866 11 5 11 0.024718877 
158 141 5 5 0.024703046 
110 193 5 5 0.024670986 
187 228 6 8 0.024650361 
174 186 5 6 0.024644142 
179 186 5 6 0.024618644 
212 192 5 6 0.024601744 
863 15 6 12 0.024574151 
143 186 4 6 0.024565065 
1009 12 6 9 0.024556708 
244 203 7 8 0.024497086 
114 173 5 5 0.024482803 
941 569 5 8 0.024447877 
160 172 4 5 0.024432477 
306 266 8 12 0.024410915 
232 180 5 6 0.02438174 
104 172 4 5 0.024355466 
134 142 4 4 0.024311798 
983 431 7 8 0.024272189 
621 6 5 4 0.024262255 
123 160 4 5 0.02424409 
247 239 11 12 0.024233282 
959 484 5 8 0.024199616 
97 136 4 4 0.024173144 
96 193 6 6 0.024162496 
1009 503 8 10 0.024147455 
177 232 7 11 0.024143985 
122 154 4 4 0.024034085 
130 147 3 4 0.024021067 
947 134 9 13 0.02400094 
219 174 4 5 0.023995608 
123 148 3 4 0.02391916 
232 258 11 11 0.023867661 
135 197 5 7 0.023829004 
115 166 4 5 0.02379249 
110 173 4 5 0.02375684 
953 542 6 8 0.023743382 
59 117 4 4 0.023725258 
982 26 8 13 0.023723977 
110 122 3 4 0.023716573 
232 184 6 6 0.02366835 
940 124 9 15 0.023589782 
212 179 4 5 0.02351498 
240 235 10 11 0.023480665 
244 191 5 6 0.023463203 
255 198 6 7 0.023454094 
160 180 3 4 0.023412433 
958 153 8 16 0.023332605 
992 26 7 13 0.023323229 
1019 585 7 11 0.023311155 
133 191 5 8 0.023298314 
162 129 4 4 0.023296053 
145 195 6 8 0.023290785 
143 140 4 4 0.023288213 
904 1 4 6 0.02321512 
981 523 7 8 0.023213612 
46 123 3 4 0.023191959 
199 128 5 6 0.02310022 
321 488 282 384 0.023028346 
147 136 5 5 0.023016838 
998 451 7 8 0.022787448 
1012 496 9 10 0.022771763 
1013 389 6 9 0.022742828 
997 446 7 9 0.02273583 
872 30 5 9 0.022651443 
79 162 3 4 0.022645412 
135 153 4 5 0.022629136 
154 248 8 10 0.022567365 
20 218 4 5 0.022547578 
1013 383 5 7 0.022471411 
114 448 9 13 0.022442702 
161 209 6 7 0.02238771 
110 116 4 5 0.022353115 
771 658 165 222 0.022345953 
260 209 8 10 0.022309605 
163 308 13 24 0.022280278 
149 173 4 5 0.022268282 
121 199 4 5 0.022264259 
235 132 6 6 0.022256915 
211 196 6 7 0.022240723 
1019 503 16 20 0.02223622 
85 400 6 10 0.022140846 
1031 503 15 22 0.022106117 
261 773 23 30 0.022081984 
103 167 4 4 0.022076344 
14 180 3 4 0.022046356 
1014 171 19 37 0.022023333 
70 155 4 4 0.021960014 
122 129 4 5 0.021959338 
973 439 7 9 0.021927698 
168 179 3 4 0.021925623 
124 185 4 5 0.021892764 
165 203 7 9 0.021880863 
142 116 4 4 0.021880139 
91 155 3 4 0.021863366 
81 192 6 7 0.021855284 
78 117 4 4 0.021853486 
978 576 9 15 0.021842947 
188 221 6 10 0.021832773 
96 172 4 5 0.021827498 
43 524 10 19 0.02181275 
983 488 45 43 0.021771876 
14 219 4 5 0.0217448 
951 369 8 11 0.02171335 
190 197 6 7 0.021702217 
224 129 4 4 0.021677563 
169 147 4 5 0.021662649 
122 123 4 4 0.021649847 
138 203 7 9 0.021627255 
74 425 7 11 0.021610841 
128 165 4 5 0.021607952 
104 154 4 4 0.021594703 
14 124 3 3 0.021526355 
147 179 5 5 0.021525312 
248 203 6 7 0.021463295 
1023 56 19 36 0.02145361 
213 80 2 2 0.02143002 
1018 268 15 28 0.021387493 
911 21 14 24 0.021322275 
903 15 5 10 0.02130219 
124 104 2 3 0.021287654 
226 79 4 3 0.021260701 
218 178 4 6 0.02120523 
169 142 3 4 0.021185309 
229 233 8 9 0.021154255 
946 457 7 12 0.021150267 
183 253 9 12 0.021134196 
142 85 2 3 0.021099964 
115 178 5 6 0.020998094 
903 10 5 10 0.020901173 
83 165 5 5 0.020878365 
103 149 4 4 0.020876346 
97 123 3 3 0.020859674 
141 173 4 6 0.020812048 
192 148 5 5 0.020749472 
212 185 5 6 0.020739673 
978 482 10 13 0.020731064 
59 122 4 4 0.020717273 
1020 573 6 10 0.020678433 
979 457 7 9 0.020668445 
110 160 5 5 0.020654734 
103 124 3 3 0.020554213 
37 396 8 14 0.02053629 
101 184 5 5 0.020516086 
92 384 8 14 0.020463435 
84 110 3 4 0.020443646 
135 222 6 7 0.02044039 
214 561 87 136 0.020438427 
970 137 7 13 0.02041641 
110 142 3 3 0.020373227 
74 352 8 13 0.020360097 
236 233 8 9 0.020359023 
217 229 10 10 0.020348562 
576 687 92 156 0.020298012 
6 174 4 4 0.0202784 
109 154 4 5 0.020274675 
58 155 3 4 0.02026521 
370 107 6 8 0.020238865 
951 529 7 9 0.020228965 
58 160 4 4 0.020217726 
103 129 4 4 0.020208064 
97 149 4 3 0.020201495 
129 117 3 4 0.020192413 
2 129 2 4 0.020190353 
1007 150 7 11 0.020161338 
232 128 5 6 0.020095205 
224 179 5 6 0.020082358 
5 463 7 17 0.020076126 
152 281 11 15 0.020043269 
236 180 5 5 0.020039156 
978 509 6 9 0.02003272 
