58_Hockey_icehockey_puck_58_715
20
627 150 147 195 0.9974579 
263 123 159 174 0.48267254 
304 165 12 13 0.15348767 
623 -2 25 20 0.12223324 
731 14 20 23 0.111926384 
626 62 17 26 0.07233249 
643 5 26 23 0.0701453 
540 493 40 60 0.0673649 
218 -29 252 379 0.043484185 
1000 211 15 34 0.032856252 
147 352 133 194 0.032824196 
590 -36 292 396 0.03225464 
302 0 99 84 0.03055514 
648 2 18 13 0.030353148 
48 421 68 149 0.02833611 
486 505 32 45 0.02563946 
620 2 12 14 0.025588635 
774 237 37 49 0.023584388 
242 29 38 63 0.021836495 
58 283 259 348 0.020118767 
