58_Hockey_icehockey_puck_58_680
601
771 340 40 49 0.9977323 
331 235 34 46 0.99725074 
563 330 35 40 0.99646616 
747 215 40 41 0.996157 
563 242 37 42 0.9949532 
430 224 39 48 0.9942959 
839 205 35 43 0.99301845 
369 323 36 40 0.9924125 
260 176 25 34 0.9921366 
667 353 41 47 0.98934656 
470 321 38 42 0.9890555 
739 118 14 18 0.98857623 
788 124 16 19 0.9868997 
790 51 12 13 0.98667485 
290 331 27 37 0.9858833 
702 26 11 13 0.9845276 
618 251 42 44 0.9839454 
1002 43 13 17 0.98288834 
625 139 12 14 0.98075885 
893 366 36 44 0.97991085 
512 112 17 17 0.976711 
701 151 16 17 0.9731162 
579 131 13 15 0.9707273 
643 142 16 17 0.96852386 
802 149 16 23 0.9664256 
674 60 12 16 0.965426 
579 95 13 15 0.96511483 
451 17 13 13 0.95540816 
626 57 15 16 0.9499404 
980 25 12 14 0.9484363 
833 126 16 17 0.94667745 
246 132 15 18 0.94227976 
636 187 20 21 0.9408072 
225 201 35 36 0.9389154 
693 235 35 44 0.937592 
544 147 14 17 0.93604386 
938 166 12 16 0.9344289 
927 78 13 18 0.9286127 
376 131 16 17 0.9282993 
336 142 11 17 0.9266829 
343 31 10 14 0.922396 
686 188 18 20 0.91941065 
702 120 15 18 0.91637933 
772 21 12 14 0.9160071 
548 191 35 43 0.9139108 
446 95 11 14 0.8965629 
955 125 12 17 0.88714844 
670 2 13 17 0.8743553 
301 138 14 15 0.8725896 
369 104 16 16 0.8629813 
229 82 14 16 0.837947 
889 134 13 20 0.8363836 
500 29 15 19 0.8361481 
116 79 11 16 0.81594205 
259 347 29 38 0.8089517 
426 114 12 14 0.8084381 
301 80 12 15 0.7876812 
832 40 13 15 0.77609575 
948 225 30 36 0.75542796 
701 80 11 20 0.7433973 
363 24 10 14 0.73210716 
484 152 16 16 0.7244538 
213 13 10 16 0.71259254 
984 173 14 18 0.7033922 
175 52 10 14 0.69601834 
106 46 13 19 0.69301015 
560 26 9 14 0.6870557 
517 0 13 13 0.6612486 
271 132 13 13 0.65261334 
435 133 12 14 0.6260818 
143 293 42 46 0.5721677 
538 114 15 14 0.54137933 
348 135 13 18 0.5389766 
875 42 8 14 0.53520703 
404 4 14 15 0.5173496 
836 27 13 12 0.51235366 
731 64 10 13 0.47504783 
588 58 12 16 0.46946365 
324 104 11 16 0.46097192 
280 154 17 23 0.45801648 
581 3 13 15 0.45215413 
466 111 14 17 0.43758145 
919 22 13 15 0.4318193 
392 22 13 11 0.4217102 
737 139 11 17 0.39297366 
464 36 13 14 0.3725636 
402 77 13 13 0.3662854 
722 26 8 14 0.36568633 
417 37 12 13 0.36006492 
949 60 11 15 0.34668785 
973 140 14 15 0.32797146 
970 11 9 16 0.32415834 
741 76 10 14 0.3062611 
895 57 12 16 0.29049188 
20 103 12 15 0.27133015 
525 45 12 14 0.26353604 
753 140 19 19 0.25880376 
409 97 10 12 0.24672139 
1006 12 9 13 0.24605162 
310 107 10 14 0.24425766 
50 37 13 17 0.24311891 
447 117 10 13 0.24253047 
713 50 12 18 0.22930466 
808 12 10 12 0.22739924 
793 176 11 17 0.22343113 
943 102 13 16 0.22279435 
917 202 10 19 0.21016215 
887 102 12 17 0.20955826 
675 105 12 17 0.20842695 
309 19 10 15 0.20686522 
757 61 13 17 0.20593144 
233 13 10 17 0.20182444 
666 78 11 14 0.20124029 
617 76 13 17 0.20017172 
732 21 10 13 0.1984463 
700 213 22 18 0.19763118 
503 0 11 12 0.19645196 
560 35 12 19 0.19604917 
475 164 12 15 0.19368395 
738 369 37 51 0.1926871 
723 13 10 13 0.18851447 
733 74 11 15 0.18650639 
527 68 10 15 0.1857348 
533 119 16 17 0.18368617 
926 9 10 13 0.17369889 
564 114 13 15 0.16199388 
312 164 19 28 0.16094236 
132 202 74 91 0.15993686 
866 25 10 14 0.15851837 
481 81 11 15 0.1581966 
633 271 39 56 0.15674464 
271 157 15 16 0.15438128 
314 191 18 25 0.14590509 
912 19 13 16 0.14366862 
801 76 12 16 0.13316262 
540 124 16 17 0.13193786 
8 254 92 102 0.13144432 
625 -1 12 13 0.1312624 
502 22 12 14 0.12983744 
310 113 12 17 0.1270254 
868 153 11 19 0.12690322 
1010 31 10 13 0.12160324 
469 64 13 15 0.11989065 
424 28 14 12 0.11981617 
395 91 12 12 0.11823841 
735 190 12 19 0.11611912 
342 140 12 15 0.114457525 
918 99 11 16 0.113819614 
893 34 11 14 0.10848347 
589 43 10 15 0.107488506 
688 131 13 17 0.107315816 
599 -1 13 13 0.09975934 
777 148 12 16 0.0980666 
369 32 9 14 0.096629225 
978 170 12 16 0.09465993 
376 66 12 17 0.093370765 
340 161 13 17 0.09225125 
917 57 12 19 0.090574205 
774 48 12 15 0.08972807 
220 163 32 36 0.0887895 
289 153 12 18 0.088301115 
394 239 32 43 0.08672973 
875 11 9 16 0.08658166 
510 93 11 15 0.08654593 
830 10 10 10 0.0861238 
370 58 14 23 0.085208066 
680 57 11 17 0.08499081 
957 139 10 16 0.084482685 
18 32 19 21 0.08390362 
701 49 9 16 0.08321568 
248 65 9 12 0.08257365 
430 105 11 11 0.08169684 
351 42 11 16 0.08160401 
999 0 6 10 0.08058363 
547 26 9 15 0.07803297 
0 38 5 13 0.0779461 
377 240 17 29 0.07787023 
393 135 12 14 0.077574655 
997 78 11 16 0.077327564 
615 194 13 17 0.07709793 
554 40 13 18 0.07652834 
517 69 11 15 0.07627782 
627 104 11 19 0.07575695 
641 83 13 17 0.07477037 
405 116 12 13 0.07401705 
909 1 10 12 0.07380633 
436 31 15 13 0.07314112 
288 32 9 14 0.07264127 
313 198 30 42 0.07253511 
897 93 11 16 0.07225172 
259 148 12 12 0.07054657 
318 18 9 15 0.07053737 
438 113 11 14 0.06883254 
690 56 9 16 0.06843513 
695 52 10 19 0.06807093 
887 13 13 17 0.0679048 
285 162 17 27 0.067814134 
995 64 10 14 0.06707658 
57 70 9 11 0.066589765 
703 70 11 14 0.06451406 
324 17 8 16 0.06383164 
714 145 11 17 0.063012935 
662 22 12 16 0.06237093 
342 45 11 15 0.062361307 
735 0 9 8 0.061777838 
33 62 13 17 0.060649134 
81 90 7 10 0.060216963 
353 70 10 14 0.05992362 
976 160 11 16 0.059908323 
445 160 13 15 0.059083268 
630 196 33 39 0.058668226 
1016 243 10 17 0.058573812 
739 162 16 20 0.05848962 
851 43 10 13 0.0584402 
29 402 64 125 0.058366437 
77 27 8 9 0.0582719 
4 71 12 16 0.058138493 
319 0 9 10 0.057938382 
801 25 12 13 0.05793456 
638 13 11 15 0.05745316 
1057 56 9 15 0.057013724 
874 33 11 14 0.056666426 
766 12 12 11 0.05656373 
966 3 8 11 0.056125294 
196 123 9 11 0.05536674 
277 45 10 14 0.0549709 
592 66 13 15 0.054620918 
291 264 30 40 0.05391104 
97 11 14 18 0.053815402 
785 150 10 15 0.053622175 
314 10 8 11 0.05359745 
470 295 42 44 0.053220764 
932 172 18 24 0.052377425 
688 221 20 25 0.052238297 
504 55 10 16 0.05197454 
1055 65 10 17 0.0517559 
449 28 14 15 0.051041722 
1054 75 12 19 0.050843894 
393 -1 14 11 0.050672457 
558 62 12 15 0.05042278 
510 296 36 33 0.050416052 
426 166 13 14 0.049760744 
1059 172 8 15 0.048791952 
694 302 36 53 0.048117828 
74 60 11 17 0.048102316 
1003 2 7 10 0.04793591 
274 40 8 12 0.047877703 
951 11 9 14 0.047828775 
580 75 12 14 0.047438044 
353 99 13 16 0.04743125 
928 176 10 15 0.047356166 
93 40 10 14 0.047226127 
367 231 19 33 0.04719728 
879 37 11 17 0.046694532 
295 156 13 20 0.046590306 
216 128 12 15 0.04582599 
993 191 18 26 0.045773815 
540 187 24 33 0.045664366 
941 226 20 31 0.04545559 
292 173 13 23 0.045321777 
1057 182 9 17 0.045234025 
527 85 13 15 0.045126185 
1057 145 8 15 0.045086525 
357 225 19 32 0.045045737 
712 357 22 32 0.045036014 
1058 159 8 14 0.04500875 
825 140 11 17 0.044499964 
310 37 10 14 0.04439876 
391 221 22 29 0.044105336 
797 13 13 10 0.04396697 
1042 64 12 17 0.043796156 
872 152 16 24 0.043658637 
881 31 10 14 0.04349958 
484 14 13 14 0.04344951 
466 249 29 29 0.043338563 
497 4 12 13 0.043150984 
108 71 8 14 0.04306725 
842 513 11 12 0.042999115 
482 159 18 23 0.04267991 
1057 132 9 15 0.04258899 
963 140 10 15 0.042460054 
782 253 24 28 0.04233306 
683 128 11 17 0.042070843 
358 20 10 13 0.04192454 
678 160 11 16 0.04191087 
472 229 27 25 0.0415675 
1055 191 11 19 0.041555785 
406 21 14 12 0.041362423 
64 170 33 46 0.04124514 
1035 70 16 21 0.041244026 
1017 37 9 14 0.0412011 
802 20 12 12 0.041111223 
323 30 9 13 0.04071215 
440 6 12 12 0.040624246 
1083 228 12 22 0.04044667 
1034 42 11 17 0.040037405 
1059 46 7 14 0.039815072 
881 11 10 16 0.0395182 
56 5 10 12 0.039385345 
215 473 34 49 0.039192613 
952 37 10 15 0.039019726 
445 142 10 12 0.03900698 
1053 87 12 19 0.038877115 
467 167 10 14 0.038682643 
1055 115 10 17 0.038448986 
991 60 10 13 0.03837755 
364 60 10 15 0.038357392 
889 51 10 14 0.038287394 
1060 34 7 13 0.038261056 
357 205 20 23 0.03817324 
831 30 17 18 0.037992895 
908 120 10 16 0.03774584 
961 171 12 15 0.03756313 
362 35 11 17 0.037434362 
861 32 17 22 0.03711372 
301 31 8 12 0.036981054 
1092 99 9 15 0.03697263 
282 18 8 13 0.03652391 
756 101 13 16 0.03608998 
473 81 10 15 0.03597013 
412 25 20 18 0.035898376 
271 149 12 12 0.035643253 
888 62 18 24 0.035539094 
445 23 13 14 0.035468895 
417 209 25 30 0.035465058 
761 12 10 11 0.03544415 
717 26 8 13 0.035442602 
961 122 12 16 0.03541681 
759 41 12 11 0.03521962 
392 101 12 13 0.03518603 
995 113 11 16 0.035138056 
938 62 11 16 0.03482882 
324 45 9 14 0.034808528 
476 24 13 15 0.034749575 
946 11 9 15 0.0343394 
563 0 7 11 0.0343023 
1053 101 12 18 0.034201577 
619 42 12 15 0.033976126 
931 120 13 15 0.03395619 
311 122 12 18 0.033819854 
411 90 10 13 0.0338071 
298 205 9 16 0.03354004 
1082 166 10 17 0.03350287 
910 233 12 20 0.03346746 
5 48 8 12 0.03315937 
817 21 10 12 0.03300789 
137 255 54 60 0.03293075 
430 160 21 21 0.032786973 
1096 70 8 15 0.032698657 
371 83 9 12 0.032614734 
770 13 17 16 0.032550093 
628 153 13 15 0.032408573 
337 370 30 46 0.032395087 
268 38 9 11 0.03237588 
486 222 14 14 0.032268655 
30 2 9 11 0.032256525 
761 47 16 19 0.032017052 
407 107 12 14 0.031804163 
300 61 12 14 0.031515203 
602 128 12 16 0.03149503 
567 7 9 14 0.03148566 
472 285 30 26 0.031381212 
1012 43 16 20 0.031249465 
844 159 17 21 0.031195914 
613 529 48 35 0.031150522 
1086 197 9 16 0.031105595 
731 1 8 8 0.031073483 
1075 140 12 19 0.030977117 
310 363 32 50 0.03092496 
844 171 18 23 0.030913824 
844 125 13 16 0.030832186 
188 214 27 28 0.030624157 
1 52 6 13 0.030606933 
871 75 12 15 0.030543778 
1036 31 9 16 0.030460933 
376 154 12 18 0.03040611 
542 15 11 19 0.030394265 
374 90 10 11 0.030388746 
885 20 16 22 0.030335048 
574 151 18 26 0.030313853 
258 135 13 11 0.030304788 
1017 23 14 24 0.0302958 
533 392 39 58 0.030286584 
1018 -3 7 9 0.030251767 
1018 9 15 23 0.030248446 
1028 93 19 24 0.030164482 
465 87 10 15 0.030099485 
739 2 10 8 0.030098386 
629 32 11 14 0.030026464 
336 120 10 13 0.029966913 
811 363 38 50 0.029965844 
747 196 17 23 0.02989361 
935 109 16 21 0.029435225 
458 70 11 13 0.029308006 
1004 14 15 22 0.02922536 
306 31 9 14 0.029219154 
323 329 30 40 0.02914061 
248 194 24 29 0.029138 
907 109 9 16 0.029042687 
249 173 23 26 0.028954186 
597 351 22 28 0.028803509 
331 38 8 13 0.028803201 
528 144 12 18 0.028529096 
107 62 9 15 0.028458115 
677 133 12 15 0.028443437 
961 0 7 12 0.02841075 
293 366 30 49 0.02836523 
983 63 11 12 0.028307816 
554 217 41 50 0.02828174 
371 51 9 15 0.028257217 
424 36 13 14 0.02823489 
535 144 13 17 0.02810236 
1055 200 12 21 0.027935347 
970 149 17 21 0.0278957 
855 179 12 16 0.027848864 
310 90 10 13 0.027816577 
956 235 35 53 0.027745716 
1007 239 15 24 0.027745543 
354 244 21 32 0.027721321 
763 189 18 14 0.027652962 
925 102 9 13 0.0275383 
307 43 8 13 0.02749927 
1030 80 18 23 0.027476564 
224 0 8 10 0.027467353 
980 371 35 54 0.027314013 
397 266 22 28 0.027259668 
972 23 9 15 0.027213039 
182 51 9 14 0.027156128 
299 171 18 28 0.027045954 
964 154 8 11 0.02704347 
695 127 11 15 0.02702759 
854 40 10 12 0.027026096 
374 35 10 15 0.026932146 
1034 109 15 21 0.026842313 
536 176 18 30 0.026789203 
963 31 10 16 0.026753802 
253 164 13 16 0.026703494 
509 338 35 43 0.026666433 
318 107 12 18 0.026657838 
324 1 8 9 0.02665353 
928 197 8 15 0.026649574 
41 57 12 15 0.026559396 
288 206 19 30 0.026533399 
496 173 12 18 0.026524732 
318 124 11 17 0.026513882 
92 183 34 51 0.026469603 
1041 142 11 17 0.026446296 
318 153 13 14 0.026291214 
396 81 18 17 0.026268678 
709 46 10 15 0.026177416 
1057 17 8 15 0.026162906 
1077 117 12 20 0.026158083 
617 103 14 21 0.026126891 
797 71 13 13 0.02604802 
331 17 9 16 0.02583942 
782 34 14 12 0.025759257 
457 83 12 15 0.025758514 
950 96 12 16 0.0257446 
937 177 21 33 0.025744187 
12 8 7 10 0.025724478 
1039 127 12 18 0.025586864 
498 219 23 30 0.025487915 
584 244 21 29 0.025465028 
1049 58 9 13 0.025401069 
255 156 22 22 0.025106134 
168 266 32 29 0.025106099 
105 15 12 17 0.025103852 
56 65 16 24 0.025082003 
611 438 22 30 0.025029346 
120 115 12 13 0.024979815 
689 37 11 15 0.024945987 
373 250 29 40 0.024925252 
335 336 13 18 0.024905317 
1034 170 12 18 0.024833854 
481 138 17 19 0.024808079 
158 59 7 10 0.024786862 
926 3 11 10 0.024727346 
783 13 12 10 0.02471074 
772 82 13 16 0.024658885 
315 181 15 22 0.024574218 
613 508 28 22 0.024553528 
109 70 15 22 0.024473608 
619 34 12 12 0.024388704 
911 101 15 24 0.024309937 
432 36 13 12 0.024127895 
869 48 12 16 0.024126459 
988 31 10 13 0.024089389 
682 81 10 14 0.024073495 
574 8 15 22 0.024036834 
607 329 24 33 0.023975596 
20 -1 9 8 0.02391325 
236 173 25 23 0.023879334 
1019 53 16 22 0.023728477 
597 141 11 13 0.02369311 
278 168 13 19 0.023662193 
1028 190 16 26 0.02359985 
1033 52 12 19 0.02357046 
507 -3 17 16 0.023435988 
24 0 9 9 0.0234229 
938 11 11 15 0.023373945 
978 58 10 13 0.023340767 
982 189 19 28 0.023190442 
161 590 43 55 0.023133593 
932 11 9 14 0.023022352 
264 139 14 13 0.02301456 
578 140 15 17 0.022978071 
876 43 16 23 0.0229736 
325 8 8 14 0.02294626 
996 297 51 73 0.022919543 
27 9 9 9 0.022873467 
185 91 8 12 0.022853259 
796 30 13 13 0.022851372 
899 105 11 18 0.022845207 
34 71 12 18 0.022649936 
261 38 9 12 0.022528723 
76 84 10 15 0.022492478 
357 161 16 24 0.022341397 
358 31 9 13 0.02226241 
299 384 12 22 0.0222579 
700 175 12 19 0.022232536 
963 77 11 14 0.022183148 
235 154 12 15 0.022154428 
941 228 9 16 0.022102516 
662 261 36 44 0.022067582 
341 182 14 17 0.022029769 
101 101 10 15 0.021974618 
870 12 10 15 0.021937292 
968 167 17 22 0.021893067 
568 116 17 20 0.021874225 
1032 181 13 22 0.021850482 
546 131 18 19 0.021752672 
465 103 12 15 0.021741534 
166 51 9 12 0.021722466 
317 83 9 11 0.021681515 
1036 20 9 15 0.021656625 
996 39 12 16 0.0216286 
287 182 10 18 0.021614688 
574 22 10 16 0.021581152 
111 128 10 17 0.021564122 
242 347 13 12 0.021542294 
555 244 10 15 0.021530418 
840 38 11 15 0.021500837 
400 25 11 11 0.021490034 
618 159 10 16 0.02148237 
475 194 12 15 0.02147775 
265 53 10 11 0.021357074 
244 67 8 13 0.021287171 
342 198 29 28 0.021284256 
663 101 10 15 0.021244735 
280 99 8 10 0.02124049 
388 109 10 11 0.021231476 
522 54 16 21 0.021220692 
991 37 10 14 0.021210663 
675 80 11 14 0.021158744 
440 102 11 12 0.02115343 
595 152 11 15 0.02107826 
832 189 25 31 0.02104158 
888 36 11 14 0.021037571 
1010 2 7 9 0.021010224 
1050 49 8 12 0.021002404 
257 39 7 11 0.020976512 
330 84 11 13 0.020959074 
241 59 9 13 0.020923456 
610 491 33 26 0.020898681 
1009 94 10 16 0.020847421 
906 493 80 129 0.02083518 
536 157 19 26 0.020775229 
490 108 10 14 0.02076277 
926 235 32 57 0.020756599 
585 67 13 15 0.020731872 
439 154 13 14 0.020730386 
472 145 12 15 0.020729557 
394 30 12 13 0.020725014 
854 -1 14 12 0.020696908 
827 100 13 15 0.020633454 
1044 235 23 38 0.02059185 
360 259 20 29 0.020539839 
1023 318 40 65 0.020462828 
418 21 16 13 0.020444686 
411 77 11 12 0.020392057 
706 76 10 17 0.020384377 
956 116 13 17 0.020365171 
1075 244 17 29 0.02029625 
777 39 14 13 0.02028781 
864 70 11 14 0.02028614 
933 160 12 17 0.02027971 
125 132 9 13 0.020274151 
621 49 16 19 0.0202687 
665 314 43 59 0.020267274 
793 70 10 11 0.0202179 
655 287 37 51 0.020205438 
722 358 27 39 0.020172331 
970 30 9 15 0.020165691 
504 88 12 16 0.020157404 
570 204 22 30 0.020149667 
425 89 11 12 0.02013784 
441 91 12 13 0.020116705 
565 90 12 15 0.020114984 
430 21 12 12 0.020112092 
89 44 9 14 0.020105224 
278 125 10 11 0.020037435 
