58_Hockey_icehockey_puck_58_785
102
131 328 37 45 0.9994281 
526 339 30 38 0.99850583 
626 361 29 38 0.99790657 
919 310 34 46 0.9972216 
376 339 33 47 0.99699414 
728 332 34 45 0.9969145 
244 357 34 44 0.9956808 
686 333 30 43 0.9941356 
448 354 32 43 0.9937298 
658 304 27 41 0.99327236 
792 305 35 47 0.99210805 
482 338 30 41 0.9890315 
285 363 33 41 0.9870216 
278 304 36 53 0.98649305 
423 289 33 42 0.96896905 
330 333 30 44 0.9514912 
611 325 21 35 0.9407181 
284 502 24 40 0.7643434 
834 446 21 26 0.47452644 
233 506 11 17 0.16642521 
241 508 9 15 0.11740036 
556 455 14 17 0.09323084 
621 345 24 38 0.08520352 
569 524 10 20 0.07404664 
84 641 18 36 0.072360925 
66 327 12 16 0.07017537 
756 470 20 23 0.06370816 
572 500 12 21 0.060323257 
22 478 18 24 0.057689372 
310 547 13 23 0.056007065 
622 443 17 27 0.054857817 
800 433 19 22 0.05456451 
1015 432 11 19 0.0527155 
567 514 9 17 0.05263643 
563 315 9 14 0.05137283 
601 327 18 28 0.050659858 
247 552 11 17 0.050193127 
136 686 14 13 0.049796153 
138 663 8 11 0.048149448 
161 681 14 11 0.044566955 
571 293 7 10 0.04412659 
621 329 14 22 0.041089326 
135 710 19 19 0.04089474 
850 341 10 16 0.040802214 
134 733 14 13 0.04019862 
867 331 13 19 0.038128357 
543 580 9 17 0.0379877 
883 400 7 11 0.03650426 
0 284 6 21 0.03579031 
243 29 34 56 0.035653926 
919 539 15 26 0.03451689 
369 554 23 34 0.03196839 
834 431 13 17 0.030197175 
80 327 12 14 0.029947335 
234 227 9 18 0.028999595 
832 334 9 13 0.028736928 
713 472 28 26 0.028713685 
569 320 10 14 0.02834651 
213 628 10 16 0.027979624 
983 510 15 23 0.027875548 
228 320 19 28 0.02594793 
1049 506 14 23 0.02425159 
990 484 11 16 0.024053352 
1012 443 9 16 0.023923678 
796 338 24 35 0.023802193 
249 522 10 13 0.023602545 
573 297 7 10 0.023556132 
189 541 18 34 0.023509381 
545 299 7 9 0.023414569 
528 488 9 17 0.023142632 
505 338 20 31 0.02307722 
777 293 34 46 0.022974191 
41 336 11 17 0.022665665 
784 205 9 16 0.022619309 
160 687 14 12 0.02252078 
592 313 11 16 0.022344247 
681 458 34 42 0.0221629 
160 634 9 14 0.022038348 
272 548 17 26 0.022032252 
1062 333 18 31 0.021999883 
131 635 9 15 0.021866973 
191 651 7 14 0.021852113 
663 383 20 24 0.021809513 
595 532 10 17 0.021731544 
1085 601 11 19 0.021708155 
185 721 10 11 0.021620108 
556 233 7 11 0.021471508 
247 611 17 28 0.021202717 
943 532 19 29 0.021094488 
200 628 10 15 0.021004952 
246 512 10 13 0.020952968 
232 545 19 28 0.020872422 
1050 521 14 23 0.020755325 
286 512 13 19 0.020620985 
119 338 25 31 0.020599367 
324 325 22 38 0.020551583 
73 359 11 16 0.020487692 
542 473 12 20 0.02043638 
55 364 11 15 0.020350978 
945 513 18 28 0.020342933 
243 520 8 12 0.020330077 
222 544 19 27 0.020242618 
