58_Hockey_icehockey_puck_58_248
57
494 186 43 44 0.99803394 
567 73 21 22 0.984298 
88 48 17 17 0.86253524 
399 248 41 47 0.5117651 
690 18 11 16 0.38850534 
367 469 41 42 0.37830707 
81 131 9 13 0.23891425 
374 246 44 46 0.2352115 
450 224 10 13 0.2183039 
468 259 27 32 0.18949859 
254 491 25 27 0.18709093 
366 31 14 18 0.15311584 
554 192 18 27 0.14956328 
497 146 12 16 0.13085835 
551 99 9 9 0.07624863 
413 419 24 29 0.06072764 
408 464 26 24 0.05958952 
567 39 10 16 0.059212986 
724 609 47 43 0.055214975 
536 141 27 30 0.054523993 
567 122 11 14 0.048834894 
545 181 20 31 0.046665214 
493 329 31 41 0.045486607 
563 257 9 13 0.045482118 
419 244 28 35 0.04472518 
404 268 23 35 0.04337222 
562 75 14 15 0.04200799 
389 529 55 49 0.040406603 
836 326 33 24 0.03852412 
225 33 11 14 0.035589278 
495 133 13 14 0.035583586 
494 146 25 28 0.034103878 
578 80 13 16 0.032593865 
401 37 9 17 0.030801488 
411 400 23 32 0.029663192 
81 126 8 11 0.02933605 
315 25 21 26 0.02877716 
513 198 41 47 0.028628075 
680 53 18 28 0.027316796 
546 94 19 19 0.02583664 
434 361 37 46 0.024713753 
546 172 14 18 0.02418876 
87 61 11 15 0.024125017 
267 49 22 38 0.023971995 
681 36 12 17 0.02397126 
484 278 19 28 0.023755567 
559 187 12 16 0.02350413 
376 475 19 17 0.023378648 
408 431 32 46 0.022646954 
17 109 8 14 0.022621388 
541 147 13 14 0.022370093 
422 260 15 22 0.022181796 
316 40 23 31 0.022112194 
556 149 9 11 0.021961186 
563 44 9 12 0.020716432 
369 410 19 27 0.020361904 
556 72 10 14 0.0201938 
