58_Hockey_icehockey_puck_58_507
117
723 113 60 78 0.9977277 
852 216 60 76 0.99460393 
417 107 33 39 0.8777395 
461 69 35 41 0.86135703 
651 204 44 87 0.68179077 
290 47 17 19 0.45948064 
895 219 42 59 0.45836538 
170 16 11 21 0.3148077 
226 368 37 49 0.28107193 
528 106 32 42 0.24890077 
284 39 12 13 0.24004938 
611 201 66 94 0.16805655 
344 163 47 66 0.16136144 
371 37 10 12 0.14518963 
205 14 10 17 0.12791906 
143 15 19 25 0.117612675 
498 141 47 77 0.11178863 
962 420 37 48 0.100818604 
360 30 10 11 0.0919852 
796 3 14 13 0.07664124 
910 428 5 6 0.07410323 
1012 452 19 29 0.07025082 
190 8 17 24 0.069128685 
341 52 12 16 0.06830425 
902 427 4 7 0.06650219 
253 13 10 14 0.05811976 
683 0 10 13 0.057631176 
745 362 6 12 0.054610256 
756 301 5 7 0.053510103 
274 7 9 13 0.050590955 
752 18 11 18 0.05013801 
763 295 4 5 0.046727315 
80 11 11 16 0.045433927 
1010 520 13 14 0.04493665 
191 116 38 53 0.04431529 
920 417 5 7 0.04378428 
272 16 10 15 0.04368295 
429 3 14 12 0.043646473 
781 298 5 7 0.043632526 
178 78 25 40 0.042935327 
890 434 5 10 0.042262506 
517 85 32 30 0.042155027 
213 20 10 15 0.041087892 
918 18 12 19 0.039804988 
750 300 4 6 0.039800756 
307 104 7 14 0.039607532 
264 49 14 16 0.03800888 
373 47 11 13 0.037090506 
513 15 12 15 0.036741994 
933 422 6 8 0.033881795 
310 110 8 15 0.033801485 
315 19 11 12 0.033794302 
730 505 52 64 0.033689152 
457 0 12 10 0.033428144 
313 58 9 13 0.03257347 
406 2 10 11 0.032206554 
547 78 14 12 0.0321664 
1017 4 9 16 0.031461347 
322 58 11 14 0.031129459 
899 428 4 6 0.03086209 
910 425 4 4 0.030522566 
506 119 43 50 0.03041822 
760 301 5 7 0.029707426 
304 30 8 10 0.029555956 
767 294 4 5 0.029143397 
894 435 5 7 0.028532201 
465 429 35 66 0.028257044 
195 4 11 13 0.028123816 
913 429 5 6 0.027826266 
400 115 36 45 0.02772705 
851 394 7 11 0.02746441 
274 29 9 13 0.02657159 
775 301 5 6 0.026439594 
930 423 5 6 0.026425531 
347 54 19 23 0.026370872 
113 63 18 26 0.026067505 
782 297 3 5 0.025782421 
509 10 12 14 0.025777712 
119 12 12 17 0.025526231 
486 41 18 23 0.025346048 
849 212 9 12 0.025326593 
93 67 9 15 0.025283298 
152 88 20 25 0.025248984 
756 304 6 8 0.02516583 
498 137 28 32 0.024672966 
909 432 7 7 0.024447417 
541 80 13 12 0.024135133 
776 296 3 4 0.023987588 
83 89 9 19 0.023794167 
231 77 13 13 0.023546344 
941 420 6 10 0.023544079 
916 421 5 6 0.023319839 
931 425 7 10 0.023149677 
843 232 6 10 0.023030836 
364 41 9 10 0.0230051 
513 97 14 14 0.022870328 
91 88 18 30 0.022816962 
31 70 14 25 0.0227417 
290 37 11 12 0.022259185 
225 73 35 47 0.022130469 
768 291 3 5 0.021707863 
776 311 6 8 0.021642495 
284 46 15 15 0.021508018 
459 61 10 13 0.02150004 
160 49 10 19 0.021413347 
401 99 25 28 0.021157105 
922 429 6 8 0.021107836 
507 370 79 115 0.020970613 
496 35 11 13 0.020968923 
814 295 12 15 0.02095533 
761 336 9 11 0.02083603 
750 297 3 5 0.020669492 
767 314 5 6 0.020571705 
529 240 9 10 0.020476945 
708 119 6 10 0.020404937 
944 14 24 35 0.020352738 
158 78 30 44 0.020056257 
