58_Hockey_icehockey_puck_58_692
41
445 69 61 76 0.996188 
563 94 56 64 0.7613402 
377 163 137 214 0.33622605 
611 137 30 25 0.30208045 
152 44 27 26 0.1768439 
103 145 46 80 0.14813595 
591 115 46 49 0.14431417 
695 157 47 53 0.08506232 
250 48 42 60 0.074229494 
420 85 9 17 0.057907797 
437 206 48 65 0.055657223 
141 47 33 46 0.045679945 
323 125 54 64 0.043900818 
380 85 36 61 0.034310833 
656 140 42 46 0.03369818 
555 40 22 24 0.032559145 
229 501 21 31 0.03213246 
337 283 23 27 0.030376917 
74 128 38 77 0.028565774 
222 38 47 52 0.027120115 
109 66 23 32 0.026784318 
750 47 38 70 0.02625436 
537 155 39 38 0.026236556 
609 52 44 56 0.025132634 
150 42 16 15 0.024772147 
124 33 27 22 0.024051046 
395 102 11 19 0.023513578 
581 62 49 70 0.023406653 
108 31 37 45 0.023254832 
634 130 44 45 0.023179179 
470 150 24 36 0.02251942 
384 183 71 98 0.022272198 
680 465 50 81 0.022115072 
692 142 17 17 0.021174505 
415 126 38 57 0.02113099 
352 114 46 70 0.021078132 
460 225 77 143 0.02078899 
159 54 23 31 0.020761224 
144 57 12 16 0.020735554 
89 94 38 60 0.020315282 
562 108 28 39 0.020149622 
