58_Hockey_icehockey_puck_58_404
23
507 57 58 76 0.9908607 
486 223 47 61 0.9902783 
413 369 35 59 0.3278209 
520 14 40 45 0.24516411 
181 283 156 348 0.144057 
708 505 41 46 0.09014586 
258 455 38 69 0.082945645 
332 115 44 30 0.0717348 
356 464 23 40 0.060015947 
371 533 48 43 0.059320178 
413 344 18 31 0.050571125 
763 505 38 65 0.048604723 
542 133 35 46 0.045229293 
728 496 55 75 0.044455882 
509 322 78 128 0.040056486 
530 232 23 32 0.034349594 
455 206 52 68 0.03021475 
345 117 22 15 0.026832983 
701 348 74 114 0.02679374 
443 185 13 17 0.021239564 
314 119 74 54 0.021077259 
466 354 28 36 0.020277783 
422 174 67 87 0.020098545 
