58_Hockey_icehockey_puck_58_493
148
468 77 78 105 0.9997805 
111 130 37 48 0.998676 
110 15 28 40 0.9955716 
719 -1 29 34 0.99338126 
251 47 33 41 0.99033195 
656 55 29 42 0.98935306 
907 124 35 48 0.9862125 
236 110 42 46 0.98597914 
228 0 32 30 0.9858284 
613 139 33 46 0.98440486 
773 131 44 57 0.9786589 
440 53 22 40 0.9660479 
599 -2 34 36 0.9462828 
347 -1 34 25 0.86729836 
4 -5 26 39 0.85872525 
321 175 57 72 0.85447556 
159 129 31 42 0.84767246 
485 1 29 30 0.74051166 
-2 116 16 42 0.6784636 
936 23 27 26 0.5124321 
699 -1 20 24 0.42460033 
809 3 30 32 0.33171263 
307 2 22 19 0.32760382 
146 194 28 38 0.31497172 
724 79 17 25 0.21845017 
388 72 17 15 0.20771886 
345 91 27 22 0.19129743 
801 182 40 42 0.17512971 
829 190 41 46 0.16678663 
372 87 23 23 0.15330766 
28 137 21 26 0.1489271 
825 101 24 33 0.1372364 
309 76 23 18 0.12467024 
874 25 19 20 0.12409069 
286 160 25 30 0.09972114 
736 103 20 36 0.09510021 
753 62 22 26 0.08963373 
755 60 12 14 0.07456059 
755 37 22 26 0.07365187 
258 166 41 49 0.07061781 
233 41 22 25 0.0664508 
152 63 25 28 0.061661128 
555 117 34 48 0.06139248 
19 0 24 34 0.05877298 
64 200 33 46 0.058640778 
950 123 19 30 0.05854056 
866 238 31 26 0.05706057 
662 283 23 32 0.05626209 
209 117 24 36 0.05217395 
575 31 32 48 0.052163184 
412 119 34 53 0.05210079 
846 56 25 24 0.051467933 
379 21 9 15 0.051166475 
660 352 40 51 0.048054334 
126 195 36 44 0.0464608 
378 80 24 20 0.04559464 
885 76 16 20 0.044861984 
83 203 41 47 0.04222322 
167 209 31 46 0.041774843 
562 8 29 39 0.04095861 
907 107 24 24 0.040417917 
994 201 14 20 0.0401608 
209 86 32 35 0.039927132 
750 209 37 32 0.038347438 
730 91 18 26 0.03651164 
749 122 24 37 0.03588901 
164 8 35 41 0.03568513 
709 -4 24 27 0.03563214 
66 7 27 35 0.03521221 
234 180 52 52 0.035048943 
844 75 23 23 0.03450103 
44 4 26 31 0.034228235 
1072 189 19 31 0.034087796 
313 26 14 16 0.03408383 
48 112 22 23 0.034007672 
1080 71 13 26 0.033742484 
185 221 22 37 0.032355864 
311 83 27 24 0.032138716 
855 179 36 46 0.031778123 
817 160 39 49 0.031437293 
780 78 32 42 0.031333633 
58 217 20 34 0.031039441 
90 88 21 32 0.030891625 
1074 218 18 32 0.030650245 
740 97 11 20 0.030090064 
1006 193 24 36 0.029590784 
98 149 21 34 0.029264094 
1071 135 17 31 0.029091222 
1075 168 16 27 0.028670099 
434 84 33 55 0.028422017 
874 169 33 43 0.02795324 
511 436 27 42 0.027815659 
1082 97 11 22 0.027603412 
737 1 21 29 0.027422372 
765 62 23 25 0.02739436 
832 97 15 19 0.027392043 
114 258 26 35 0.027207293 
749 90 34 50 0.026887229 
986 194 32 46 0.026568364 
1081 121 12 23 0.02626331 
756 -1 19 24 0.026246693 
789 70 20 26 0.025584575 
151 133 20 31 0.025461327 
148 225 35 49 0.025374182 
432 103 18 32 0.025263172 
648 114 31 46 0.025037304 
194 3 26 30 0.025028499 
488 378 68 108 0.024820596 
95 238 39 48 0.024629053 
595 49 34 48 0.024521941 
715 107 16 25 0.02447024 
429 136 37 60 0.024419257 
520 342 18 28 0.024286084 
169 42 27 22 0.024176408 
307 8 37 43 0.024033837 
1016 185 24 36 0.023951441 
222 129 39 43 0.023821611 
875 12 25 23 0.023417752 
711 9 23 30 0.023056265 
280 59 22 26 0.022776894 
327 94 41 37 0.022768361 
752 77 24 29 0.022714538 
818 76 62 77 0.022666046 
440 137 20 31 0.022571627 
836 60 45 42 0.022425635 
270 5 21 20 0.022368878 
499 11 14 17 0.022292618 
172 121 24 31 0.022200007 
333 88 24 21 0.02211236 
242 46 26 30 0.021853402 
642 0 22 32 0.021836484 
377 87 33 45 0.021705901 
210 91 20 16 0.02154553 
547 109 26 37 0.02149729 
138 133 21 31 0.02122695 
294 95 35 37 0.020813676 
851 166 25 32 0.02077017 
1079 45 14 29 0.020684896 
316 11 73 78 0.020620836 
1035 47 19 32 0.020589815 
1013 210 21 32 0.020531353 
351 29 11 15 0.020495983 
385 96 13 15 0.020431636 
710 293 20 28 0.02026459 
185 184 31 43 0.020109383 
189 124 22 34 0.020065762 
266 165 65 83 0.020051755 
776 72 20 25 0.02000796 
