58_Hockey_icehockey_puck_58_182
35
378 167 52 67 0.9993049 
612 155 48 70 0.9757214 
623 92 28 38 0.95259124 
818 117 36 46 0.9054782 
482 223 14 14 0.2227742 
670 130 35 72 0.17612413 
426 338 27 31 0.123827025 
639 87 23 33 0.089405306 
377 313 22 24 0.06843017 
577 266 40 58 0.068044186 
410 293 14 14 0.06435488 
821 214 23 25 0.050376873 
634 138 36 68 0.049671236 
388 319 12 14 0.046236943 
612 224 33 48 0.040502287 
822 219 39 53 0.034826092 
733 266 34 50 0.033160802 
17 163 17 30 0.033077665 
860 198 33 49 0.03233452 
549 275 35 48 0.028970575 
886 12 12 14 0.02653662 
676 250 32 36 0.026422005 
77 38 5 8 0.026204001 
353 326 28 20 0.026032506 
788 267 34 48 0.025894864 
755 268 32 48 0.025724031 
678 99 14 28 0.024238124 
76 52 8 15 0.0230397 
656 133 21 43 0.022983344 
372 331 14 13 0.022806961 
374 319 14 14 0.022453882 
392 311 13 16 0.022221604 
805 274 27 33 0.02160882 
841 221 26 31 0.020717448 
833 127 16 18 0.020365944 
