58_Hockey_icehockey_puck_58_431
21
889 193 52 72 0.99917287 
240 300 28 49 0.65199924 
221 300 32 49 0.566636 
308 252 58 107 0.2472436 
321 141 33 28 0.08231384 
175 257 36 46 0.068817094 
363 247 172 203 0.0683685 
205 115 57 41 0.06318916 
136 381 22 23 0.04695267 
179 409 5 7 0.042109072 
166 385 8 6 0.036139034 
845 369 9 11 0.03445382 
139 118 54 42 0.030550513 
202 268 24 25 0.026722128 
170 383 9 8 0.025997745 
276 293 36 58 0.024026139 
206 306 32 54 0.023285579 
217 296 19 32 0.021746121 
678 181 52 48 0.021564858 
171 379 9 8 0.020417703 
912 320 61 107 0.020348681 
