58_Hockey_icehockey_puck_58_285
100
568 173 36 44 0.9950405 
292 142 35 43 0.9830126 
569 96 18 25 0.96594054 
428 127 36 34 0.9547539 
611 166 21 31 0.8769283 
42 131 19 22 0.8669971 
965 268 52 49 0.84795916 
786 82 13 16 0.70159787 
29 105 16 27 0.42238486 
868 278 90 101 0.40121913 
310 115 24 32 0.20264211 
791 119 10 14 0.115229025 
853 275 27 24 0.10183143 
856 67 6 9 0.08512635 
842 82 7 10 0.0743199 
831 80 6 9 0.066938534 
841 86 6 10 0.06196606 
46 142 23 23 0.061073005 
794 85 10 13 0.060237873 
803 72 11 11 0.060093213 
172 262 6 5 0.055788904 
20 289 5 6 0.05347243 
153 261 8 6 0.053080168 
166 261 7 6 0.05287018 
536 149 35 48 0.051920142 
172 258 7 5 0.05021034 
23 212 11 13 0.05017224 
-30 515 443 479 0.049840674 
830 100 7 10 0.048962064 
159 260 9 7 0.048630025 
854 68 5 8 0.04368811 
871 62 6 12 0.043379232 
851 75 5 8 0.04278418 
192 262 6 6 0.042216834 
72 167 48 42 0.040710736 
846 76 6 8 0.040516354 
170 78 7 13 0.039509945 
204 257 7 5 0.03535948 
831 96 6 9 0.034323875 
987 258 55 69 0.033584505 
541 177 20 28 0.03321492 
231 167 320 377 0.032488212 
310 132 26 42 0.03248703 
167 67 5 9 0.031873897 
4 333 8 12 0.031566415 
999 80 8 12 0.030907042 
730 43 7 16 0.030886386 
175 68 4 8 0.03067355 
199 257 7 5 0.030200984 
768 87 7 10 0.029646043 
175 63 4 8 0.029568393 
813 86 7 10 0.029417718 
145 261 10 7 0.029045926 
797 91 9 12 0.029040063 
226 257 6 5 0.028606828 
701 37 4 9 0.028373852 
430 144 29 31 0.028202409 
186 282 6 6 0.02792157 
196 277 8 6 0.027875794 
34 100 10 15 0.02766843 
975 246 47 49 0.027358558 
207 282 6 5 0.027004424 
206 262 6 6 0.026894702 
185 258 8 5 0.026838478 
152 256 10 8 0.026620284 
851 81 5 9 0.026348699 
440 136 19 17 0.026231866 
7 288 4 6 0.026003595 
790 118 19 27 0.02593266 
211 277 6 5 0.025905475 
80 163 28 23 0.02509335 
181 258 6 5 0.02494779 
193 280 7 7 0.024682436 
791 78 10 11 0.024590619 
599 197 30 44 0.024573874 
167 287 8 8 0.024524571 
853 87 5 9 0.024343029 
317 110 12 20 0.024209447 
796 130 11 16 0.023951804 
366 80 8 12 0.023519905 
180 64 4 7 0.02330598 
856 73 7 10 0.022919005 
0 310 5 11 0.0227649 
198 262 6 5 0.02243344 
796 117 10 15 0.022266444 
602 155 24 33 0.02221614 
187 261 7 5 0.021918058 
532 90 4 8 0.021758981 
143 38 5 8 0.02157334 
177 276 7 6 0.021396507 
193 258 6 5 0.021208256 
212 257 6 5 0.021156175 
33 289 5 6 0.020753486 
1 330 6 15 0.020533254 
180 69 4 7 0.020530172 
137 256 14 8 0.020450644 
9 325 5 9 0.020426523 
812 299 179 157 0.020403303 
217 256 6 5 0.020394515 
34 98 35 44 0.020160438 
