58_Hockey_icehockey_puck_58_384
139
601 195 19 27 0.99574846 
425 493 29 36 0.98160857 
530 440 33 39 0.97925055 
552 296 27 39 0.92634654 
605 224 29 35 0.9234841 
544 250 25 32 0.8917153 
226 204 30 33 0.8527844 
727 39 68 97 0.6069201 
624 77 28 25 0.54996204 
772 61 23 28 0.53284633 
348 576 34 36 0.5275525 
219 192 24 36 0.52664787 
143 533 29 30 0.4238976 
844 82 34 59 0.41837654 
848 20 19 21 0.3417115 
278 376 47 73 0.29516464 
506 327 27 38 0.22879477 
0 496 29 38 0.22807346 
814 8 29 28 0.16572097 
399 264 47 50 0.10887017 
310 610 40 47 0.09061056 
677 75 19 26 0.08379797 
520 285 27 40 0.078236766 
800 137 37 53 0.07350096 
540 264 35 50 0.06908981 
661 190 21 35 0.069067016 
477 210 11 15 0.06855938 
558 260 26 34 0.067717865 
488 377 27 48 0.066900514 
671 67 17 26 0.06390956 
635 189 18 25 0.062947735 
841 29 13 15 0.060381994 
471 304 23 35 0.060288996 
884 2 73 86 0.057375435 
426 240 43 43 0.056635633 
464 203 34 48 0.05612653 
809 75 46 63 0.05553386 
417 285 25 36 0.054594602 
837 14 40 48 0.05286168 
254 618 18 25 0.049912173 
378 606 42 72 0.049670417 
515 254 39 55 0.04889729 
488 339 40 48 0.047496647 
452 246 22 25 0.046538215 
615 80 17 27 0.0461944 
530 161 17 31 0.04617466 
826 17 24 26 0.045621555 
310 455 11 19 0.04313731 
851 3 9 9 0.042174544 
548 311 37 53 0.04203349 
699 154 32 64 0.041093867 
286 446 32 48 0.04035988 
639 73 34 46 0.040161517 
591 180 39 45 0.039920114 
787 18 14 19 0.03912989 
569 317 35 52 0.038380098 
656 200 36 50 0.038183473 
3 503 40 68 0.036882643 
775 16 20 28 0.036736786 
506 372 38 58 0.036127765 
341 369 27 39 0.035889238 
508 411 19 27 0.03522408 
267 485 12 20 0.034607764 
77 355 8 14 0.033958133 
697 60 74 110 0.03386439 
346 339 69 92 0.033707064 
445 208 34 45 0.03311048 
462 245 12 15 0.032945875 
816 40 68 86 0.032913122 
356 485 10 20 0.03242976 
352 482 8 17 0.03212906 
307 353 60 92 0.031827368 
309 448 20 37 0.03123066 
466 441 36 52 0.031089779 
438 192 10 18 0.030983075 
390 287 40 46 0.030767756 
582 60 145 197 0.02992918 
605 184 11 19 0.029698884 
645 232 20 30 0.02948432 
615 193 14 19 0.029401766 
806 15 47 54 0.029266804 
573 194 10 18 0.0288848 
734 112 29 39 0.028780315 
410 496 22 28 0.02857426 
430 360 26 33 0.028176593 
768 62 43 56 0.027783092 
741 97 43 59 0.027595246 
661 67 18 30 0.027465742 
471 274 34 54 0.026611488 
750 58 27 40 0.026526792 
619 130 10 16 0.026181933 
662 71 35 48 0.025921512 
473 198 67 97 0.025775524 
30 501 36 58 0.025523933 
521 137 12 21 0.025500985 
387 585 35 46 0.025017878 
433 206 20 31 0.024991738 
503 300 39 51 0.024456115 
847 8 22 22 0.024354834 
533 293 23 34 0.02423136 
324 486 32 54 0.024128472 
461 252 21 32 0.023920918 
168 595 17 28 0.023915082 
466 212 10 14 0.02386751 
446 268 37 57 0.023686958 
828 60 14 17 0.023574559 
846 67 11 12 0.023512883 
311 467 33 56 0.023287142 
349 482 25 43 0.023268472 
580 257 25 28 0.022957677 
535 246 21 34 0.022777794 
445 613 9 15 0.02267891 
186 553 84 117 0.02263631 
132 522 22 32 0.022617532 
265 185 64 98 0.02243727 
881 72 9 16 0.022427898 
325 630 162 159 0.022425495 
364 310 25 34 0.022323672 
844 1 8 8 0.022261146 
304 612 27 28 0.022079559 
387 272 75 96 0.021579957 
535 306 13 17 0.021492412 
390 359 47 64 0.021320468 
490 164 137 172 0.021219317 
327 583 39 48 0.021199048 
876 15 9 17 0.02097319 
428 284 38 57 0.02084122 
519 131 9 17 0.020815017 
614 81 9 13 0.020784965 
513 212 70 88 0.020774266 
425 241 22 27 0.020670984 
558 239 36 41 0.020665348 
872 -109 123 110 0.020640697 
475 417 39 60 0.020632148 
441 249 18 19 0.02061518 
763 138 40 60 0.020530492 
293 571 33 45 0.020332903 
628 85 69 108 0.020252902 
369 246 39 43 0.02003046 
