58_Hockey_icehockey_puck_58_94
64
686 162 46 58 0.9998062 
570 151 43 53 0.9992225 
818 231 41 56 0.998505 
761 117 39 55 0.99845433 
123 34 40 44 0.99475265 
441 116 33 51 0.98783743 
311 94 34 45 0.9455446 
64 18 24 41 0.8066371 
1008 114 23 42 0.42521924 
982 117 25 40 0.32756343 
292 100 17 33 0.31676906 
607 106 31 51 0.101090945 
870 203 34 46 0.077325046 
523 31 25 36 0.063805446 
502 30 32 47 0.054407254 
109 49 10 15 0.054295387 
942 125 11 16 0.051278915 
574 104 40 53 0.047410194 
855 93 19 30 0.04691124 
181 359 80 113 0.04655652 
0 20 8 23 0.041054104 
42 534 14 29 0.037839502 
640 199 24 30 0.036444604 
618 388 10 20 0.035710886 
755 513 8 10 0.035453297 
778 48 17 32 0.034752212 
792 250 38 57 0.03220194 
598 385 20 28 0.031712357 
501 151 21 25 0.03154276 
165 143 12 12 0.031189043 
827 48 15 31 0.031105049 
770 211 19 25 0.030699741 
886 336 18 26 0.030392028 
590 376 10 17 0.02997418 
176 172 15 13 0.029737115 
802 39 10 14 0.028892653 
612 378 21 35 0.027840042 
147 169 19 13 0.027778838 
531 230 43 51 0.02757606 
843 404 10 15 0.027263295 
554 149 11 17 0.027031943 
590 119 38 55 0.027030934 
866 334 35 46 0.026849005 
634 357 8 12 0.026515493 
37 509 7 13 0.026192727 
885 216 27 25 0.025530823 
1019 131 22 38 0.025467208 
681 260 36 62 0.025024451 
995 131 12 21 0.024771051 
165 324 185 203 0.022977516 
723 240 8 14 0.022650745 
554 142 22 31 0.022547342 
939 110 18 28 0.02233214 
109 43 21 27 0.022223525 
232 381 83 130 0.022045512 
-6 332 109 152 0.02181039 
20 89 15 14 0.021741563 
994 117 14 18 0.021671008 
623 127 11 19 0.02157603 
554 171 35 48 0.021305364 
0 217 6 18 0.020913322 
678 280 8 14 0.020721266 
3 49 14 14 0.020368611 
911 214 10 14 0.02008228 
