19_Couple_Couple_19_810
33
455 336 24 25 0.97289795 
481 347 18 20 0.6687306 
517 621 54 51 0.27930233 
0 132 300 431 0.1611884 
677 141 265 383 0.11702146 
466 343 36 37 0.093607746 
477 360 27 31 0.05763175 
801 257 82 110 0.05028081 
536 558 43 48 0.048054207 
373 279 82 93 0.044058405 
751 253 74 107 0.0386007 
509 353 11 14 0.036819845 
401 577 36 50 0.036628302 
458 325 191 235 0.03635718 
591 598 91 98 0.035120443 
493 510 42 45 0.033009306 
17 716 23 48 0.03296413 
555 107 111 123 0.029150918 
412 303 50 56 0.028201895 
196 -15 287 359 0.028002575 
47 277 47 70 0.026984919 
420 578 22 29 0.026619028 
518 316 97 117 0.024705939 
494 174 342 538 0.02425604 
332 120 68 125 0.023429686 
508 360 12 17 0.022418806 
446 344 40 47 0.021817828 
113 345 83 110 0.021370713 
420 412 48 74 0.020973932 
402 603 76 77 0.020846719 
449 337 18 15 0.020763924 
485 556 49 57 0.020630963 
332 324 121 181 0.020596279 
