19_Couple_Couple_19_325
86
389 161 132 125 0.99746823 
322 253 138 151 0.9957936 
232 321 110 92 0.13580537 
52 9 5 8 0.0989543 
568 675 10 16 0.09144206 
630 663 9 11 0.08581471 
639 661 8 11 0.08131161 
679 392 4 5 0.07829345 
319 505 204 249 0.06938727 
567 674 18 31 0.054672267 
710 412 4 5 0.05294382 
673 404 5 7 0.052929685 
710 415 4 5 0.052891467 
650 664 7 11 0.05235738 
681 386 3 4 0.0486062 
646 663 7 10 0.045408268 
704 404 4 4 0.04330522 
647 717 5 9 0.04326358 
581 673 11 15 0.043092284 
674 397 3 5 0.043021396 
794 332 8 10 0.042966884 
674 393 3 5 0.041653663 
678 396 4 5 0.04158751 
705 412 5 4 0.04129891 
705 416 4 5 0.039520223 
677 403 5 7 0.039241433 
587 673 10 13 0.038213808 
574 718 35 52 0.034561798 
718 410 3 5 0.03291354 
644 658 6 9 0.032369472 
717 428 4 5 0.032107286 
691 125 24 37 0.031582996 
712 436 3 5 0.03098618 
717 405 4 4 0.030761812 
705 423 4 5 0.030709587 
718 441 4 6 0.03007408 
680 379 4 5 0.029685052 
698 404 4 5 0.029279863 
710 399 4 4 0.02904826 
686 379 3 4 0.028907856 
712 404 3 4 0.028751718 
492 748 4 6 0.028050076 
632 708 6 10 0.028032057 
691 386 4 4 0.0278909 
668 672 12 13 0.027778707 
756 216 39 62 0.027533442 
717 416 4 4 0.02732144 
704 399 3 4 0.026403815 
710 391 3 4 0.026401557 
513 755 4 7 0.026228873 
699 494 5 4 0.025625028 
686 386 3 4 0.02560305 
684 372 5 6 0.02510034 
76 11 4 7 0.02501975 
710 423 5 6 0.025008168 
565 217 32 27 0.02493731 
716 437 4 5 0.024836909 
673 493 6 5 0.024591291 
270 494 3 5 0.024483481 
668 411 3 5 0.024380567 
278 333 32 29 0.024321562 
729 408 5 7 0.02413823 
717 386 4 3 0.02404847 
697 418 4 4 0.023904433 
684 410 5 5 0.023792755 
820 345 5 8 0.023501694 
574 236 38 26 0.023136873 
781 222 22 32 0.022660637 
653 657 6 10 0.022332394 
710 386 3 4 0.022129772 
620 678 8 16 0.021909535 
663 664 24 27 0.021853505 
632 757 8 10 0.021776456 
630 756 4 7 0.021709897 
700 399 3 3 0.02129919 
684 392 4 5 0.021128006 
698 386 4 4 0.021096596 
728 403 5 6 0.02108127 
564 693 7 12 0.021076819 
798 334 7 10 0.020978121 
725 405 4 4 0.020937027 
520 705 37 66 0.020670062 
672 407 5 7 0.020573786 
614 700 6 11 0.020392817 
717 423 5 6 0.02038933 
626 662 17 23 0.0203502 
