19_Couple_Couple_19_254
32
620 51 95 146 0.9923458 
573 74 66 144 0.9897858 
581 647 5 6 0.062048346 
556 642 4 5 0.048401896 
951 206 11 14 0.04644284 
64 -43 351 470 0.04229523 
531 642 5 6 0.040507525 
485 35 11 19 0.03561154 
552 642 4 4 0.034214575 
1007 61 41 86 0.03388043 
538 641 4 5 0.03331621 
595 646 5 6 0.030809022 
577 646 5 7 0.028286586 
556 645 5 7 0.027701711 
772 21 8 12 0.02673726 
564 642 4 5 0.025521511 
531 644 6 8 0.025156327 
569 646 5 5 0.024560446 
322 131 277 457 0.023726055 
9 396 53 137 0.023592213 
591 646 5 6 0.023555042 
397 653 6 14 0.023133123 
565 645 4 6 0.02309036 
544 641 4 5 0.022960844 
889 2 12 12 0.02271037 
913 3 12 10 0.022191454 
860 11 12 18 0.021888841 
1022 101 34 75 0.021362362 
1 216 316 520 0.021261947 
214 315 11 16 0.020991607 
186 266 20 28 0.020536918 
551 646 6 6 0.020498006 
