19_Couple_Couple_19_301
21
363 112 107 148 0.99991596 
580 211 98 127 0.9997706 
626 491 16 18 0.09022001 
587 500 27 30 0.07698562 
686 496 20 23 0.04273726 
657 485 16 16 0.031332545 
656 491 24 26 0.029139172 
823 1196 5 5 0.025690572 
813 1196 5 5 0.025115117 
235 231 29 40 0.025013166 
203 145 20 43 0.02493317 
636 493 12 17 0.02449166 
852 1321 62 64 0.0226722 
824 1202 4 5 0.022667559 
257 142 27 44 0.021932071 
635 511 29 38 0.021491043 
609 510 30 32 0.021475947 
822 1188 5 4 0.021312002 
713 564 28 30 0.021271115 
812 1203 5 5 0.021115718 
592 517 36 31 0.02053232 
