19_Couple_Couple_19_847
28
504 483 178 274 0.9999361 
286 633 176 252 0.99993265 
217 951 16 15 0.08701567 
788 229 101 189 0.070103586 
400 565 392 420 0.06553277 
176 1025 16 15 0.0573382 
0 367 43 78 0.043552425 
100 213 43 62 0.04128568 
33 235 13 19 0.037642468 
689 166 12 22 0.034804862 
244 954 27 26 0.033470735 
266 1029 37 31 0.033256922 
337 979 37 28 0.028459055 
103 1034 17 14 0.02732114 
240 94 62 70 0.026659794 
110 987 34 33 0.026525008 
979 237 13 15 0.024783583 
281 952 44 41 0.02407099 
200 290 13 19 0.023349034 
369 987 40 39 0.02176814 
183 1020 14 10 0.021551786 
207 1042 24 27 0.021320954 
476 1048 45 49 0.021084065 
240 927 30 31 0.020960502 
56 1030 27 26 0.020653935 
184 301 18 31 0.020515036 
702 184 230 430 0.020446295 
263 995 29 26 0.020296834 
