19_Couple_Couple_19_836
26
808 68 87 149 0.99985695 
811 469 88 162 0.9996848 
297 849 91 174 0.9996106 
635 34 97 167 0.99950826 
290 458 80 160 0.99926645 
116 435 107 175 0.9990087 
233 79 85 122 0.9987789 
633 424 108 191 0.9973756 
116 811 110 204 0.9934083 
666 912 126 112 0.9313449 
204 96 65 100 0.75279826 
176 130 62 88 0.33195397 
604 847 173 238 0.20686796 
69 23 340 481 0.06898668 
741 899 80 121 0.060626492 
250 813 86 210 0.05492506 
236 244 34 38 0.04256041 
431 1105 70 60 0.041922178 
132 106 83 129 0.039042156 
54 458 82 151 0.033943903 
679 380 72 164 0.029572325 
175 172 34 48 0.029324802 
187 110 136 180 0.02327699 
472 595 42 102 0.021825891 
13 1115 54 58 0.021278167 
22 511 25 31 0.020926304 
