19_Couple_Couple_19_156
19
545 118 37 47 0.8247602 
-45 91 454 296 0.23913382 
589 159 449 284 0.08979982 
843 132 12 11 0.06567371 
469 161 39 67 0.041301496 
772 224 11 12 0.0403653 
441 25 279 374 0.039490458 
-1 409 18 33 0.035120197 
994 138 12 17 0.03447967 
953 106 12 14 0.02961086 
298 101 293 410 0.02723705 
527 125 40 67 0.025230002 
979 112 18 15 0.024933761 
296 344 15 12 0.024276502 
-47 260 436 360 0.02365903 
484 198 67 106 0.023592997 
549 537 40 46 0.023124147 
850 186 8 10 0.021075021 
791 222 11 16 0.020090075 
