19_Couple_Couple_19_106
25
584 173 56 79 0.9982116 
304 123 61 88 0.9957942 
143 -4 76 41 0.2868401 
561 427 7 10 0.13300896 
245 139 22 30 0.057166208 
282 -13 84 72 0.042575095 
97 -64 172 160 0.042550296 
864 430 40 51 0.041701276 
899 -8 100 229 0.03442542 
305 8 31 27 0.03201133 
363 -107 275 378 0.029167717 
331 6 30 32 0.02893957 
32 233 10 13 0.026405893 
609 440 7 11 0.025916805 
5 5 17 30 0.02582492 
446 120 24 28 0.024611615 
7 210 17 26 0.023790019 
491 591 69 133 0.023643581 
87 113 317 449 0.023123119 
618 450 9 13 0.022728138 
580 76 39 55 0.02229331 
1 249 8 16 0.022065382 
307 144 120 301 0.021929283 
226 184 23 33 0.021299664 
421 102 21 26 0.021230364 
