19_Couple_Couple_19_514
17
186 353 291 368 0.99226534 
-16 325 237 291 0.98221374 
214 256 272 183 0.31679982 
22 79 345 604 0.3055452 
268 201 331 396 0.13549359 
670 -176 347 534 0.09595478 
136 -148 390 565 0.072937146 
439 -49 337 579 0.054516617 
611 110 374 592 0.052352387 
-17 276 91 197 0.044414002 
200 366 132 115 0.041776948 
438 489 85 88 0.041302916 
27 -15 189 288 0.037184693 
12 428 142 143 0.036012925 
484 210 330 645 0.03313475 
52 273 102 166 0.022002488 
292 274 156 94 0.02143141 
