19_Couple_Couple_19_31
210
605 232 46 107 0.5538888 
28 544 32 24 0.09974733 
440 524 15 27 0.09737033 
104 341 3 4 0.067754276 
117 347 4 4 0.057350054 
257 335 3 3 0.055456888 
870 560 17 10 0.054328937 
141 328 3 4 0.05309566 
116 341 3 3 0.052964482 
142 342 3 3 0.052285932 
117 335 3 4 0.052175485 
90 360 4 4 0.051223975 
109 342 4 3 0.050234564 
161 342 3 3 0.050148297 
104 367 4 4 0.0493477 
104 335 4 4 0.049288154 
161 336 3 3 0.048664648 
143 322 3 4 0.048049606 
141 334 4 4 0.04612861 
148 342 3 3 0.045540385 
104 329 4 3 0.045506313 
136 323 3 3 0.04549976 
137 348 4 3 0.044901736 
148 347 4 4 0.044277415 
263 335 3 3 0.044088732 
141 347 3 4 0.04328163 
148 335 4 3 0.04268251 
136 328 3 4 0.042578723 
167 348 3 3 0.040990293 
104 347 3 4 0.04009615 
117 354 3 3 0.039860476 
161 359 3 4 0.03963027 
166 354 4 3 0.039541908 
858 560 16 9 0.039361484 
148 327 4 4 0.0393029 
180 348 3 3 0.038645346 
103 361 4 3 0.03838308 
103 354 4 3 0.038216356 
155 342 3 3 0.037617195 
435 528 9 17 0.03733066 
97 354 4 4 0.036298905 
116 361 4 3 0.03627579 
839 405 4 4 0.036091123 
83 367 3 3 0.035940573 
162 348 3 3 0.035762053 
228 -61 378 353 0.03516039 
116 367 4 4 0.034707297 
78 341 4 3 0.03469698 
79 367 3 3 0.034550264 
123 354 3 3 0.03433875 
851 418 4 4 0.03428133 
109 354 4 3 0.033662856 
866 557 14 9 0.033479154 
91 367 3 3 0.033337355 
520 42 410 323 0.03318139 
84 361 4 3 0.033130232 
851 425 4 3 0.03304682 
122 348 3 4 0.0329186 
161 354 3 4 0.032462403 
110 322 3 3 0.032244224 
136 334 3 4 0.032131094 
110 373 4 4 0.032038655 
257 342 3 3 0.03189307 
148 323 3 3 0.031838216 
103 373 4 4 0.0317481 
96 341 4 4 0.031698346 
174 348 3 3 0.031690642 
12 513 17 13 0.03167055 
96 361 4 3 0.031666704 
109 347 4 4 0.031415448 
84 355 3 3 0.030887043 
89 354 4 3 0.030463157 
251 334 4 4 0.03045548 
846 418 3 3 0.030328494 
168 343 3 2 0.030244961 
104 379 3 4 0.029956372 
187 328 3 4 0.029792506 
109 329 4 3 0.029566994 
103 322 3 4 0.029269755 
853 557 15 9 0.028987642 
129 341 3 4 0.02865931 
110 361 3 3 0.028656991 
122 361 4 3 0.028637625 
916 430 3 4 0.028601734 
257 329 2 3 0.028483143 
750 432 4 3 0.028309554 
858 424 4 3 0.028229339 
109 335 3 3 0.028227394 
78 361 4 3 0.028130837 
174 354 3 3 0.02790374 
180 322 3 3 0.027754225 
832 419 3 2 0.027726015 
97 347 4 4 0.02771718 
109 367 4 4 0.027579116 
741 431 5 4 0.027466709 
173 335 3 3 0.027374445 
174 342 3 3 0.027011795 
181 343 3 3 0.026982933 
827 419 3 2 0.026856886 
136 342 4 3 0.026774393 
251 354 3 3 0.026633488 
128 329 4 3 0.026570404 
833 425 3 3 0.026492767 
928 438 5 3 0.026348686 
78 354 3 3 0.026223172 
252 329 2 4 0.026134808 
833 413 2 2 0.026134213 
853 644 30 22 0.026073242 
168 335 3 3 0.026041642 
128 334 4 4 0.025917385 
923 431 3 3 0.025908334 
71 361 4 3 0.025793428 
149 354 3 4 0.02569062 
161 367 3 4 0.025589207 
168 329 3 3 0.025568059 
918 559 15 10 0.025531061 
834 405 3 3 0.02541318 
213 328 3 4 0.025277523 
142 317 3 3 0.025250006 
909 438 4 3 0.025158552 
846 412 3 3 0.025066134 
841 556 15 9 0.025036879 
91 373 3 4 0.024868123 
820 413 2 2 0.024851693 
167 322 3 4 0.024782596 
154 347 3 4 0.024775099 
737 431 5 4 0.024660984 
929 425 4 3 0.0245771 
840 418 3 3 0.024574462 
251 343 3 3 0.024551177 
187 343 3 3 0.024546977 
154 354 4 4 0.024528356 
96 367 4 4 0.024423806 
251 348 3 3 0.024264222 
148 360 4 4 0.024253657 
199 335 4 3 0.024244389 
91 334 4 4 0.024053335 
97 374 3 3 0.024040835 
154 360 4 4 0.02397285 
845 406 3 3 0.02378454 
154 367 4 4 0.023689661 
859 419 3 3 0.023594702 
91 380 3 3 0.023588419 
79 335 3 3 0.023484072 
839 412 3 3 0.023400461 
83 386 3 4 0.02334145 
574 194 78 90 0.023315985 
28 495 14 11 0.023273513 
833 386 4 4 0.023194255 
128 354 3 3 0.023159154 
915 424 4 4 0.023154616 
83 393 4 3 0.022871764 
96 380 3 3 0.022864014 
84 373 3 3 0.022828905 
283 335 3 4 0.02282814 
65 341 4 3 0.022746144 
742 436 6 5 0.02268585 
838 425 4 4 0.02267986 
923 438 4 3 0.022656096 
264 342 2 3 0.022556929 
91 322 4 4 0.022508034 
129 367 4 4 0.022369951 
129 361 4 3 0.022325264 
735 436 7 5 0.022225691 
858 431 4 4 0.022192316 
77 348 4 4 0.022171896 
90 342 4 3 0.022145288 
83 341 4 4 0.022140583 
270 335 4 4 0.022127843 
115 373 4 3 0.022091553 
194 374 2 3 0.022051997 
167 360 3 3 0.021999596 
827 425 3 3 0.021944858 
110 379 4 4 0.021936791 
136 354 4 4 0.02184453 
122 335 4 4 0.021808496 
83 347 4 4 0.021756152 
96 322 4 4 0.021722246 
90 347 3 4 0.021658896 
90 329 4 3 0.02163101 
916 438 4 4 0.021451766 
173 322 3 3 0.021314519 
891 419 4 3 0.02126597 
749 437 6 4 0.02122478 
200 328 3 4 0.021196313 
161 322 3 4 0.021151299 
141 354 4 3 0.021144109 
663 610 393 332 0.021057002 
954 436 5 3 0.020995507 
903 418 3 4 0.020981817 
71 348 4 4 0.020851845 
83 334 4 4 0.020826757 
122 367 4 4 0.020744784 
212 386 3 3 0.020713741 
194 381 2 3 0.020668317 
263 330 3 3 0.020589205 
827 407 2 2 0.020561708 
851 412 4 3 0.0205569 
910 425 4 4 0.02050026 
192 327 3 4 0.020468706 
263 349 3 3 0.020419933 
815 412 3 3 0.020331005 
84 380 4 3 0.020285161 
218 329 3 3 0.020197716 
839 399 3 3 0.020191427 
762 430 4 4 0.020175993 
78 393 4 3 0.020085925 
839 392 3 3 0.020011963 
445 517 10 18 0.020008761 
128 373 5 4 0.020007053 
