19_Couple_Couple_19_319
79
489 590 29 41 0.9877936 
497 577 19 31 0.37045452 
73 798 47 72 0.3596488 
472 596 19 28 0.14466088 
896 401 47 79 0.09306468 
972 1030 8 8 0.06432754 
462 600 19 25 0.06154362 
55 1323 15 21 0.06060492 
509 612 19 30 0.05550649 
434 725 42 55 0.053328402 
393 615 17 28 0.05194245 
869 1036 7 9 0.048443858 
507 686 33 53 0.043989222 
1008 838 14 29 0.04027514 
861 241 15 21 0.037288163 
1009 1062 8 16 0.037059594 
995 1018 6 8 0.036683295 
977 1010 6 7 0.036541816 
39 758 27 32 0.03452019 
1006 1056 6 11 0.03388515 
993 1066 7 10 0.0337029 
967 1029 7 9 0.033596523 
985 1028 7 8 0.032305803 
986 1048 5 7 0.032300394 
971 772 13 21 0.032086503 
956 1002 6 6 0.03206523 
37 1104 35 36 0.031499453 
880 1036 7 8 0.031451013 
504 583 28 38 0.031100595 
973 758 8 13 0.029571751 
214 676 13 24 0.029460164 
985 1019 6 7 0.029049654 
176 680 10 16 0.028533058 
975 1037 6 8 0.028416438 
879 1030 6 8 0.027533533 
870 1019 6 8 0.027472602 
976 1002 6 6 0.027306328 
889 1038 7 9 0.027161386 
984 1010 7 7 0.027159946 
977 1047 6 8 0.027137462 
2 788 58 92 0.026337016 
994 1045 6 9 0.026061762 
860 1028 6 8 0.025952918 
32 578 12 19 0.025644181 
996 1008 6 8 0.02557201 
555 611 15 20 0.025489448 
966 1038 6 7 0.024918508 
986 1056 6 10 0.02490125 
962 743 10 16 0.024849111 
871 1029 6 8 0.024802089 
194 444 15 20 0.024663424 
947 1009 6 7 0.02456947 
909 1049 6 8 0.02436036 
995 1028 6 8 0.02366586 
869 1046 8 9 0.023582116 
956 1028 7 8 0.023537299 
994 1073 7 11 0.023294982 
890 1028 6 9 0.023198167 
3 492 10 17 0.023070933 
185 667 14 22 0.022963507 
965 1001 6 6 0.022916537 
900 1056 7 10 0.02288773 
993 1056 6 10 0.022705248 
946 1039 6 8 0.022694414 
454 743 34 46 0.022583865 
956 1009 6 7 0.022366693 
976 1020 6 6 0.022262089 
5 674 15 27 0.02200867 
82 654 6 8 0.021958545 
954 571 62 112 0.021944918 
994 1038 6 10 0.021720102 
868 998 7 9 0.021714166 
906 1028 7 9 0.021407627 
947 1002 6 7 0.0211515 
965 1010 6 7 0.02109412 
550 600 13 19 0.020870242 
997 1003 5 6 0.020584712 
852 1029 6 8 0.02017328 
976 1057 6 9 0.020081026 
