19_Couple_Couple_19_881
174
586 229 90 126 0.9992731 
248 194 91 118 0.9990765 
458 91 16 11 0.22071591 
223 562 41 41 0.20188458 
384 45 19 12 0.19271153 
483 74 14 10 0.17852467 
883 293 29 39 0.16805297 
437 295 18 15 0.16289046 
369 59 12 9 0.12701033 
477 83 13 9 0.12506726 
357 145 16 14 0.11374119 
338 116 17 11 0.1043555 
442 149 16 10 0.09978952 
482 81 15 9 0.088758685 
472 209 17 11 0.08841975 
485 69 12 8 0.08018418 
465 189 15 10 0.07833668 
476 91 14 8 0.07643467 
716 173 123 161 0.072429866 
40 339 22 21 0.07042633 
338 106 17 12 0.06873484 
554 142 14 11 0.06797473 
406 32 19 13 0.065576784 
336 123 18 14 0.065543585 
465 141 15 8 0.06540244 
482 223 14 11 0.064187914 
653 141 17 13 0.05878009 
196 552 83 102 0.058392383 
400 158 13 8 0.05818133 
489 690 50 81 0.05815021 
578 94 11 7 0.05536195 
460 86 13 9 0.05409453 
478 99 13 7 0.05307364 
854 12 40 40 0.05221629 
468 214 17 11 0.05143739 
357 76 14 11 0.05099073 
390 56 19 12 0.046499778 
502 181 16 12 0.046308484 
440 144 14 8 0.04502106 
408 232 16 13 0.044975962 
446 154 18 10 0.044917155 
473 167 16 9 0.04434963 
539 142 13 12 0.043485023 
476 159 14 8 0.042907774 
587 126 12 8 0.04234315 
382 203 16 13 0.042258058 
603 117 13 8 0.04195592 
469 175 15 9 0.041398186 
388 225 13 11 0.03939418 
11 352 16 18 0.038541295 
341 100 16 11 0.038143005 
425 151 13 8 0.03771915 
490 82 15 9 0.03725409 
553 135 11 8 0.03693567 
424 158 13 8 0.036681157 
317 4 17 8 0.03658836 
502 167 11 7 0.036426548 
535 118 12 8 0.036102973 
511 98 13 9 0.035847757 
542 148 12 10 0.035323247 
401 25 16 10 0.03526888 
312 121 19 15 0.035184857 
497 92 15 8 0.034980886 
478 143 12 7 0.034741502 
538 110 10 8 0.033966128 
436 134 12 7 0.03339811 
365 115 15 9 0.03280863 
468 160 14 7 0.032069843 
424 168 13 10 0.031912573 
508 156 13 10 0.031504303 
633 126 15 9 0.031234568 
482 133 14 8 0.031199805 
481 127 14 9 0.031180795 
400 49 17 11 0.031170476 
458 151 14 8 0.03094477 
390 123 19 11 0.030835582 
577 203 13 14 0.03063267 
384 117 14 9 0.0303671 
544 109 13 8 0.030302294 
807 7 32 30 0.030124553 
571 93 11 7 0.03008354 
369 54 12 8 0.030060137 
518 192 13 10 0.03003863 
567 141 14 10 0.029793162 
503 177 13 8 0.029599588 
425 244 15 13 0.029109536 
219 120 10 6 0.028981086 
453 98 15 10 0.028951967 
337 2 12 6 0.02892166 
459 126 15 9 0.02892079 
145 126 9 6 0.028918078 
981 1218 5 6 0.028882386 
604 112 11 7 0.028252706 
973 1209 5 7 0.028209727 
453 131 14 8 0.028175097 
365 108 14 9 0.028172119 
345 130 31 25 0.027848592 
383 192 14 10 0.027618079 
465 135 15 8 0.02716284 
880 5 60 58 0.027086472 
501 109 12 9 0.027050143 
145 149 10 8 0.027016358 
477 150 14 8 0.02648978 
349 224 18 22 0.02617337 
466 125 14 7 0.026155533 
419 144 12 7 0.026148297 
27 304 15 14 0.026133025 
306 97 22 13 0.026100641 
601 122 15 10 0.025828542 
553 86 10 6 0.02551483 
546 102 11 8 0.025322566 
348 127 20 14 0.025198244 
687 149 13 11 0.025148869 
848 302 30 41 0.025095444 
577 99 12 8 0.024828147 
198 111 8 5 0.024782108 
678 133 11 9 0.024731768 
538 84 10 7 0.024729466 
147 119 8 5 0.024611136 
27 329 42 47 0.024420135 
594 119 12 7 0.024133516 
143 145 10 6 0.023741374 
534 123 11 8 0.023711607 
543 85 11 7 0.023605416 
500 99 13 8 0.023598019 
585 131 14 9 0.023581842 
530 295 57 66 0.023380527 
519 94 12 8 0.02327633 
491 167 14 8 0.023249459 
551 115 14 11 0.023197453 
401 255 16 12 0.023177043 
472 183 15 9 0.022895716 
401 239 15 12 0.022702508 
722 31 16 10 0.022586022 
162 110 9 5 0.02255007 
583 92 12 7 0.022543585 
377 116 13 8 0.022495633 
578 134 11 8 0.022494182 
483 168 13 7 0.02247251 
214 134 8 6 0.022409914 
468 117 14 8 0.022375897 
801 110 17 13 0.022282518 
118 126 10 6 0.022078373 
449 248 14 12 0.02195021 
375 123 14 9 0.021714956 
478 70 26 19 0.021643141 
536 91 12 7 0.02163131 
569 135 11 8 0.021622982 
786 96 16 13 0.021557735 
521 157 12 8 0.021519812 
383 111 14 8 0.021378163 
478 107 14 9 0.021359485 
476 117 12 8 0.02130991 
364 122 16 11 0.02116503 
476 202 14 10 0.021125369 
441 101 13 9 0.021112239 
114 118 9 7 0.021020275 
435 157 16 10 0.021010151 
499 116 14 10 0.020833291 
973 1168 5 6 0.020794416 
215 224 11 10 0.02073246 
364 100 16 10 0.020655354 
552 91 12 7 0.02062608 
147 157 9 7 0.020586867 
465 148 16 9 0.020535642 
531 76 9 7 0.02049723 
632 119 15 8 0.020491732 
391 33 15 10 0.020467827 
139 177 7 6 0.020436341 
371 64 14 11 0.020433508 
943 281 44 60 0.020348342 
314 25 13 10 0.020288521 
571 99 11 8 0.020266086 
448 167 15 9 0.020175355 
