4_Dancing_Dancing_4_289
48
498 107 66 91 0.9369522 
734 419 16 24 0.6584413 
674 399 17 27 0.26175123 
642 518 38 56 0.12884559 
798 404 19 32 0.08037977 
539 262 18 35 0.04338523 
534 105 46 59 0.04284943 
687 546 10 19 0.037058398 
891 477 3 5 0.036050852 
564 115 33 53 0.03510165 
371 114 44 48 0.034672875 
891 481 3 5 0.034373723 
410 123 208 446 0.03329903 
898 477 3 5 0.033183165 
435 102 34 28 0.032428324 
897 480 5 7 0.031023249 
556 442 16 23 0.029998545 
879 388 14 14 0.029455522 
192 81 7 13 0.026930852 
350 5 7 11 0.025266245 
661 422 29 51 0.025179807 
877 476 3 4 0.023911763 
288 18 4 9 0.023829497 
870 475 4 6 0.0237523 
291 214 11 16 0.02352059 
877 469 3 5 0.023430115 
850 440 11 12 0.02215794 
689 430 10 18 0.02207416 
385 24 8 12 0.022035379 
345 3 9 14 0.021899885 
424 57 18 31 0.021817004 
166 13 4 7 0.021809788 
765 386 11 16 0.021805387 
869 255 17 31 0.021763993 
293 172 9 19 0.021642651 
1020 257 4 7 0.021458086 
287 161 9 22 0.021266699 
305 16 7 12 0.021105926 
896 445 7 9 0.02105055 
166 8 5 7 0.020938832 
1020 231 5 7 0.020885075 
591 236 15 38 0.020788206 
866 475 4 5 0.020705957 
301 14 7 10 0.020526858 
420 74 72 70 0.020407753 
586 422 19 30 0.020195689 
242 24 264 380 0.020034382 
351 12 6 10 0.020029612 
