4_Dancing_Dancing_4_422
106
394 376 67 131 0.99118876 
315 389 71 116 0.9405119 
511 97 65 105 0.9297413 
588 82 64 123 0.9038228 
215 -1 382 418 0.7132772 
697 394 20 41 0.57033676 
153 380 328 403 0.46442538 
633 617 20 25 0.3480235 
741 662 14 14 0.19993243 
419 700 18 22 0.19725211 
513 662 14 17 0.17413676 
654 16 297 486 0.16285342 
545 97 75 113 0.12355611 
328 711 13 14 0.1192275 
681 397 23 39 0.11730071 
334 666 14 13 0.09928755 
593 269 291 459 0.095956825 
843 441 21 25 0.08612635 
601 563 10 17 0.076790996 
510 644 11 13 0.07378188 
355 689 13 17 0.07268505 
699 729 15 16 0.06983967 
639 552 9 16 0.067100614 
441 700 10 14 0.066953234 
766 664 15 13 0.0663243 
280 409 21 33 0.06385921 
241 381 155 244 0.058403686 
617 668 13 19 0.05255274 
433 733 19 25 0.04968818 
702 685 13 13 0.049065705 
800 611 10 11 0.048651215 
680 658 28 27 0.048629474 
561 39 143 219 0.048589338 
650 695 18 24 0.04677009 
554 97 38 64 0.044669647 
166 101 179 318 0.044284485 
190 496 10 16 0.04198995 
357 487 318 345 0.04141578 
548 638 9 12 0.03986312 
759 396 13 17 0.038583964 
308 496 14 17 0.037972353 
919 439 8 12 0.037215598 
546 516 13 15 0.036741678 
399 731 23 25 0.036725063 
550 677 10 12 0.036611322 
648 628 11 16 0.0354652 
523 589 22 26 0.035128526 
556 535 21 32 0.034662824 
475 611 22 31 0.034580626 
752 91 39 55 0.03436148 
564 717 10 16 0.033699673 
842 204 12 13 0.033656575 
452 729 16 23 0.03353239 
583 551 10 15 0.032596927 
678 641 11 12 0.03217107 
355 717 13 15 0.031637315 
427 670 21 20 0.030621601 
718 720 11 13 0.030228171 
471 704 18 26 0.02958075 
543 227 175 198 0.029542003 
283 216 107 93 0.02932172 
533 496 14 18 0.029024586 
629 622 36 39 0.028857525 
177 583 12 14 0.028255424 
655 620 17 26 0.028226491 
359 736 22 27 0.027185684 
683 750 13 15 0.026943227 
540 145 45 82 0.026816767 
449 598 29 48 0.026580509 
728 709 13 15 0.026506914 
737 398 18 30 0.026432993 
797 526 92 167 0.026008027 
541 735 14 19 0.025916921 
535 669 11 12 0.02576421 
256 668 10 16 0.025410712 
574 407 9 11 0.025294302 
760 643 13 12 0.02524396 
716 381 30 47 0.025019245 
708 400 19 38 0.024765749 
931 444 8 13 0.024397317 
999 183 44 100 0.024133587 
791 209 9 13 0.024092207 
781 644 17 12 0.023978177 
611 652 12 15 0.023937652 
662 400 23 30 0.023850521 
776 85 24 42 0.023784267 
779 683 15 17 0.023221105 
737 415 21 36 0.023064682 
531 711 11 14 0.022765797 
305 678 13 13 0.022610655 
800 692 18 25 0.022586156 
692 667 14 15 0.022549985 
621 671 20 22 0.022462774 
595 653 13 17 0.021946728 
826 630 13 18 0.021850528 
649 644 19 21 0.021304958 
425 549 27 38 0.021219837 
600 683 12 12 0.021116447 
433 648 11 14 0.021041706 
700 707 14 13 0.020921523 
804 636 13 12 0.02077982 
694 715 24 23 0.02074113 
541 558 20 25 0.020712739 
630 576 12 19 0.020501018 
542 675 19 21 0.020358551 
746 400 12 20 0.020051766 
