4_Dancing_Dancing_4_41
92
21 402 21 25 0.9951865 
131 375 13 22 0.9837863 
596 95 52 81 0.9787178 
39 380 17 24 0.9691647 
152 395 18 26 0.94513553 
257 388 14 17 0.90411466 
229 371 13 17 0.8871344 
556 100 30 80 0.87315685 
96 401 21 23 0.8613541 
58 364 14 18 0.83929205 
177 370 14 20 0.78471154 
198 392 14 20 0.7083013 
105 353 13 19 0.5763635 
529 119 37 80 0.3066826 
476 132 25 43 0.24488407 
308 326 9 17 0.22175574 
181 395 9 16 0.20750628 
114 371 10 19 0.17430513 
751 24 11 17 0.16460782 
212 446 12 15 0.16215885 
242 418 16 24 0.1389478 
314 358 8 17 0.11173671 
516 235 336 344 0.10706232 
475 92 44 72 0.09688993 
198 429 11 15 0.0868964 
366 227 328 469 0.083499596 
108 375 9 16 0.07455519 
270 415 17 26 0.07226905 
193 329 8 12 0.061612893 
517 72 45 55 0.05978266 
723 3 7 8 0.058602586 
203 419 17 21 0.054966807 
232 440 10 15 0.0530277 
87 402 13 15 0.052495122 
463 282 51 50 0.05094232 
695 307 17 28 0.05044101 
744 27 8 13 0.048706762 
235 390 12 19 0.046716757 
729 4 6 6 0.04625617 
80 423 12 14 0.045274585 
711 20 7 11 0.04159534 
226 391 16 23 0.040533353 
143 345 10 15 0.039702076 
742 17 7 11 0.038717505 
81 359 12 16 0.038589716 
521 134 66 117 0.0363286 
121 397 11 17 0.034999244 
207 385 9 16 0.03453702 
731 11 6 9 0.03347183 
261 451 12 14 0.033296388 
627 218 34 64 0.033248924 
615 378 443 255 0.03242474 
101 348 13 16 0.03205073 
736 4 7 8 0.03172148 
223 391 11 17 0.03047907 
582 202 40 54 0.02984575 
715 4 6 8 0.029736985 
-16 342 373 364 0.029575946 
219 446 11 14 0.029570928 
658 281 25 33 0.028957432 
527 61 35 28 0.02894615 
138 401 9 17 0.028540589 
29 390 19 27 0.02851107 
87 312 10 16 0.02813401 
212 138 8 13 0.027668783 
176 344 11 17 0.02667316 
408 383 10 15 0.026316104 
398 356 13 18 0.026224786 
709 2 7 9 0.025805619 
49 409 12 20 0.024712259 
388 379 14 13 0.024374 
402 193 64 96 0.02403159 
36 373 15 17 0.023295548 
96 394 17 16 0.023248453 
499 105 48 86 0.023008617 
258 336 9 18 0.022917034 
597 117 24 48 0.022867592 
201 453 19 22 0.022334656 
408 390 46 49 0.022313481 
517 429 41 45 0.02227199 
305 376 8 13 0.022025319 
245 412 13 15 0.021839608 
187 417 11 13 0.021166446 
3 447 11 16 0.02094855 
680 14 9 13 0.020818463 
503 75 33 27 0.020692255 
313 345 9 18 0.020634528 
220 427 11 16 0.020537661 
767 455 28 23 0.020457849 
257 359 9 16 0.020274496 
202 435 17 23 0.020033848 
659 -30 286 444 0.020019352 
