4_Dancing_Dancing_4_253
24
485 347 40 53 0.9991416 
656 112 56 95 0.99281126 
350 51 52 104 0.9849141 
56 395 21 25 0.14548574 
545 188 8 12 0.0808373 
511 195 10 17 0.065362655 
33 360 287 392 0.062120844 
505 203 7 12 0.060643848 
769 483 35 95 0.04529242 
598 144 9 14 0.042541772 
297 473 44 92 0.04204171 
503 207 10 20 0.041839313 
514 192 10 13 0.03445865 
555 443 25 39 0.032389678 
1 443 10 17 0.031039448 
744 148 40 74 0.030840877 
838 59 8 22 0.029826544 
513 192 17 27 0.029523015 
430 442 26 36 0.026437385 
856 196 7 11 0.024050467 
692 125 57 99 0.023279745 
331 93 48 88 0.022086648 
623 100 17 27 0.021020448 
1016 290 9 16 0.021007426 
