4_Dancing_Dancing_4_489
124
128 117 42 54 0.9999156 
174 239 51 64 0.9998915 
253 129 43 58 0.99987805 
278 242 42 57 0.9998759 
296 66 40 51 0.9998629 
399 123 44 58 0.9998592 
602 211 47 62 0.99984324 
779 237 47 59 0.99982685 
531 61 40 51 0.9998259 
616 77 39 54 0.99981564 
669 101 42 58 0.99979967 
915 138 40 48 0.9996742 
706 283 43 55 0.99965644 
189 78 39 55 0.9996239 
750 108 41 48 0.9995994 
394 238 49 57 0.999595 
484 107 38 50 0.9995931 
420 61 41 50 0.99958855 
827 109 44 49 0.99934167 
886 103 36 42 0.99930024 
540 234 43 54 0.99923944 
345 83 37 46 0.99855155 
690 31 36 47 0.9983718 
806 21 36 43 0.9980927 
908 47 35 40 0.9940499 
937 12 19 22 0.988419 
758 42 33 37 0.9837985 
24 18 16 21 0.9817187 
981 20 16 19 0.95673406 
900 2 17 21 0.9527345 
871 24 19 22 0.92482597 
62 34 16 22 0.88235897 
50 21 15 18 0.88191396 
164 23 15 17 0.85868335 
852 5 13 16 0.8354903 
109 25 16 19 0.6308038 
87 31 15 23 0.5725067 
151 12 11 16 0.50319046 
91 -2 13 12 0.39233026 
4 1 10 13 0.3645954 
84 23 13 15 0.31421384 
26 47 20 27 0.26874483 
68 53 10 14 0.21315542 
486 7 35 54 0.16927153 
331 341 30 53 0.12785234 
60 20 13 15 0.12341941 
0 85 6 14 0.119990155 
143 -2 13 10 0.11276791 
72 0 13 13 0.10251418 
0 11 6 13 0.0859914 
49 4 12 12 0.07928083 
224 3 9 13 0.0775331 
363 398 20 36 0.07244218 
6 105 9 11 0.06778901 
410 455 8 13 0.06548188 
92 47 17 26 0.063759826 
9 176 9 16 0.058265794 
153 55 9 16 0.055897843 
288 503 39 57 0.049096607 
63 0 9 9 0.048718676 
141 14 18 21 0.047957376 
850 79 28 37 0.04711406 
112 49 11 18 0.04631404 
10 13 10 16 0.044759747 
93 40 13 18 0.044666674 
221 13 12 20 0.043948386 
989 101 13 14 0.043622736 
194 46 11 12 0.042666614 
953 39 10 15 0.040964846 
176 56 19 27 0.039453268 
63 9 12 16 0.038496096 
105 31 18 25 0.038060576 
109 0 8 8 0.03762695 
96 0 14 15 0.03708323 
168 35 12 17 0.036715377 
73 46 10 17 0.035097647 
59 28 14 18 0.034609433 
16 6 11 17 0.034268346 
148 5 14 14 0.033014905 
935 272 41 51 0.032665025 
101 44 18 27 0.032629684 
100 25 17 22 0.032388248 
57 37 12 17 0.031371642 
39 0 8 8 0.03113248 
51 7 16 19 0.030544305 
35 73 11 16 0.030207226 
842 13 13 16 0.030033518 
412 449 6 8 0.028781427 
888 3 10 11 0.028584698 
221 1 16 23 0.028146783 
397 410 4 6 0.027763078 
151 26 12 14 0.027418876 
409 308 45 56 0.027253503 
43 0 10 9 0.027199356 
4 13 10 16 0.02657186 
20 19 11 17 0.024376323 
0 106 6 12 0.024247661 
1090 65 16 26 0.024110205 
158 21 12 15 0.023635603 
0 163 5 12 0.02361422 
1 0 7 12 0.023545375 
72 34 11 18 0.02342001 
891 -2 11 12 0.02323111 
859 5 10 12 0.02306595 
885 26 11 17 0.02273918 
181 47 21 23 0.022568604 
408 408 7 7 0.02247338 
138 10 12 15 0.02240822 
107 55 17 24 0.021952784 
175 27 11 15 0.021710055 
-5 423 27 33 0.021552138 
1 19 6 16 0.021223577 
107 274 25 35 0.021223366 
880 17 12 15 0.021120645 
383 425 6 11 0.02097312 
49 40 10 18 0.020866038 
349 264 21 25 0.020843673 
86 11 17 21 0.020763377 
800 137 8 12 0.020749075 
892 53 15 16 0.020638024 
882 11 9 10 0.020547038 
131 283 35 45 0.020515606 
75 26 11 18 0.02048911 
110 2 11 13 0.020223374 
