4_Dancing_Dancing_4_854
18
549 305 85 115 0.9999441 
368 251 80 115 0.9999243 
206 211 98 136 0.99989295 
752 202 104 151 0.9997675 
380 -80 365 354 0.23637894 
158 395 243 361 0.072673604 
157 -40 336 335 0.045251194 
415 224 28 29 0.03274948 
687 637 19 22 0.03269153 
256 292 8 12 0.031988654 
999 278 13 12 0.02702202 
633 344 17 30 0.025477195 
958 268 10 11 0.025197724 
699 467 65 135 0.025016574 
983 497 55 94 0.022260064 
123 309 3 4 0.022164743 
84 443 161 217 0.020980706 
251 287 16 23 0.020033885 
