4_Dancing_Dancing_4_228
52
450 117 36 56 0.99907887 
846 33 53 74 0.9949098 
278 158 31 52 0.99377114 
617 103 33 53 0.9937503 
415 366 41 92 0.25185955 
654 118 17 35 0.14677908 
585 136 27 62 0.06507335 
599 107 28 54 0.0548919 
496 305 60 126 0.053305943 
673 50 4 7 0.053002175 
266 349 68 168 0.04776079 
726 19 4 6 0.0441805 
565 329 60 122 0.040390465 
818 149 40 70 0.03905294 
730 20 4 6 0.038678624 
575 159 16 31 0.03410395 
1017 518 16 27 0.030571038 
725 23 5 8 0.028664159 
551 113 8 13 0.028190944 
588 126 17 34 0.028062645 
693 27 3 5 0.027967967 
732 59 10 15 0.027769146 
627 37 5 7 0.02771957 
973 499 11 14 0.027693737 
8 696 35 72 0.02716103 
538 118 6 9 0.026750406 
649 131 27 50 0.026688365 
680 51 5 6 0.026186885 
688 27 3 5 0.025036473 
1015 514 10 19 0.024577716 
669 45 4 6 0.024051582 
731 24 4 7 0.024022778 
766 29 7 11 0.02397869 
542 93 7 11 0.023072198 
571 52 4 7 0.02238835 
478 132 24 41 0.02177787 
576 62 5 9 0.021688858 
544 119 5 8 0.021533549 
578 56 4 8 0.02142977 
625 -17 264 375 0.021399222 
672 46 4 6 0.021395708 
693 31 4 6 0.021117788 
1028 486 17 30 0.021094626 
598 147 17 38 0.020940246 
597 56 5 9 0.020920314 
624 32 4 6 0.020747438 
590 61 5 9 0.020679316 
658 155 20 39 0.020608678 
1024 562 17 25 0.020422753 
662 91 19 33 0.020300014 
1050 566 15 25 0.020274783 
735 24 5 8 0.02000814 
