4_Dancing_Dancing_4_718
251
461 159 96 141 0.99735105 
369 833 196 475 0.23128708 
437 704 4 5 0.08973293 
29 1159 8 12 0.08805188 
430 704 4 5 0.07690625 
457 714 4 5 0.07301081 
385 765 7 13 0.072865285 
51 1144 6 9 0.069186896 
449 694 4 6 0.06784855 
30 1153 8 10 0.06553707 
44 1163 7 9 0.065468185 
503 687 4 6 0.06508656 
477 666 5 6 0.06436291 
466 658 4 5 0.063602656 
438 686 4 5 0.06309659 
497 687 4 5 0.0603955 
417 704 4 5 0.059653066 
407 705 4 5 0.05900764 
447 706 4 5 0.058852088 
429 696 5 5 0.058219455 
468 705 4 4 0.055149347 
417 675 4 5 0.055005323 
408 686 4 5 0.054160338 
448 713 4 5 0.054085977 
427 667 4 5 0.05356626 
429 741 5 8 0.05323979 
466 695 4 5 0.053014964 
486 733 4 5 0.051755752 
417 686 4 5 0.051748466 
417 695 4 5 0.051163025 
456 696 3 5 0.050701044 
45 1144 6 8 0.05050293 
446 686 4 5 0.050415527 
467 724 4 5 0.05026252 
475 705 3 5 0.049094893 
400 704 4 6 0.049048144 
400 694 3 5 0.04862263 
447 742 4 6 0.048000142 
486 687 4 5 0.047734596 
429 687 4 4 0.047191575 
504 693 4 6 0.04680411 
466 714 5 6 0.046601012 
496 695 4 5 0.046127286 
2 1145 3 9 0.04598024 
486 751 5 6 0.04585074 
448 790 4 7 0.045618422 
486 741 4 6 0.045009494 
43 1170 7 10 0.04492133 
483 666 4 6 0.044918567 
435 696 4 5 0.044869337 
447 733 4 5 0.044648476 
467 666 3 5 0.044312663 
447 666 4 5 0.044039562 
437 713 5 6 0.0437633 
486 696 3 4 0.043470643 
457 733 4 5 0.042977914 
495 752 4 7 0.042826653 
475 724 3 5 0.042460967 
429 657 4 5 0.04237911 
447 725 4 5 0.042260047 
428 713 5 6 0.042254902 
456 705 4 5 0.042216953 
435 742 5 7 0.041981272 
45 1149 7 10 0.041627333 
494 713 4 5 0.041476328 
448 677 3 5 0.041424196 
458 687 3 4 0.041388586 
448 796 5 8 0.04082824 
496 665 5 6 0.04080544 
572 549 5 8 0.04067343 
16 1145 4 8 0.040625587 
276 583 397 576 0.040593967 
486 725 4 5 0.03999289 
488 714 4 5 0.03981816 
427 733 5 6 0.03975734 
68 1161 7 10 0.03958337 
437 678 4 4 0.039291427 
26 1146 4 7 0.038767457 
474 714 4 5 0.038407248 
467 732 4 5 0.038116634 
477 751 4 6 0.037609793 
26 1151 6 10 0.037293427 
458 743 4 5 0.037014034 
51 1151 7 9 0.036898527 
467 638 3 4 0.036768723 
457 771 5 6 0.036706053 
464 687 4 4 0.03665887 
495 657 4 5 0.03655604 
477 638 3 5 0.03572095 
396 730 6 7 0.035543304 
410 694 3 5 0.035497677 
427 771 5 7 0.035446066 
429 724 4 5 0.035359263 
477 674 4 5 0.03507774 
477 657 3 5 0.034708135 
427 779 5 7 0.034699492 
457 724 4 6 0.034195665 
435 751 5 7 0.0340144 
17 1172 5 7 0.033943873 
45 1138 5 6 0.033804435 
166 433 4 9 0.033673827 
429 675 3 5 0.03367029 
419 668 4 5 0.0336396 
486 705 4 4 0.03359811 
415 750 6 7 0.033403385 
438 724 4 5 0.0332854 
552 560 5 6 0.033009853 
396 725 5 6 0.032770015 
477 696 3 5 0.032736447 
457 667 4 5 0.03266018 
782 1143 7 9 0.032629058 
504 733 4 5 0.032336794 
572 555 5 8 0.031842835 
477 647 4 5 0.031811137 
23 1170 6 9 0.03173931 
513 686 5 6 0.031583514 
32 1145 6 8 0.031431936 
406 712 6 7 0.031026667 
92 1115 4 9 0.030939354 
474 617 4 6 0.030914536 
505 714 4 5 0.03069671 
447 752 5 5 0.030694026 
496 647 4 5 0.03054545 
460 3 85 164 0.030405823 
457 780 4 6 0.030059526 
50 1162 8 11 0.030044354 
485 675 4 5 0.030038992 
457 627 4 6 0.030032143 
456 676 3 5 0.02987797 
457 752 4 6 0.029481973 
467 676 3 5 0.02946438 
61 1145 6 7 0.02928302 
400 711 5 6 0.02881354 
407 761 5 7 0.028783033 
51 1137 5 7 0.028694557 
401 687 4 5 0.028609835 
404 1366 44 65 0.028585916 
417 713 5 6 0.028304392 
539 624 10 10 0.028237795 
485 658 4 5 0.028096057 
427 788 5 7 0.027998857 
436 791 5 6 0.027960451 
447 761 4 6 0.027599344 
475 733 4 6 0.027568964 
495 705 3 5 0.027445797 
505 648 4 5 0.027362047 
513 752 4 6 0.027317503 
434 798 6 8 0.027245171 
465 751 5 6 0.027209736 
514 694 4 5 0.02717137 
562 559 4 6 0.027074639 
505 656 4 5 0.026876178 
409 677 3 5 0.026845088 
457 761 4 6 0.026706424 
564 550 4 6 0.026533578 
477 687 3 4 0.02647859 
430 749 5 7 0.02644263 
438 667 3 4 0.026392588 
563 541 5 6 0.026343498 
244 1020 7 20 0.026199583 
63 1153 7 9 0.025959138 
464 742 5 6 0.025812553 
513 743 4 5 0.025759881 
496 676 4 5 0.025608037 
476 743 4 5 0.02541599 
436 772 5 7 0.025382727 
495 627 3 5 0.025253672 
586 571 8 17 0.025248105 
505 742 4 6 0.025160484 
486 618 4 5 0.025070108 
771 1020 7 20 0.02494044 
408 769 6 7 0.02488064 
467 647 4 5 0.024798049 
484 647 4 5 0.024756014 
435 779 6 6 0.024690708 
476 627 4 5 0.024594218 
496 724 4 5 0.024549179 
466 791 5 6 0.024475345 
495 619 3 5 0.024467114 
503 818 4 7 0.024418077 
495 598 5 6 0.024188315 
15 1151 5 8 0.024177218 
390 787 7 11 0.023978585 
409 778 7 9 0.023969725 
410 750 5 7 0.023816494 
455 789 5 7 0.023816114 
496 609 3 5 0.02368092 
419 779 5 8 0.023649387 
156 795 7 15 0.023477685 
503 618 4 5 0.023396067 
456 646 4 5 0.02338727 
494 638 4 5 0.023333376 
506 637 4 5 0.023320606 
397 750 6 8 0.023291398 
448 771 4 6 0.022968717 
438 658 4 5 0.022962812 
459 658 3 5 0.022951117 
515 724 4 5 0.02286869 
475 761 4 6 0.022796629 
540 752 5 6 0.022768611 
588 364 109 127 0.022740053 
524 742 5 6 0.022709046 
505 704 4 5 0.022555111 
446 658 3 5 0.022513544 
505 725 4 5 0.022480795 
0 1162 4 10 0.022463018 
633 1 65 113 0.02244388 
438 760 5 6 0.022416895 
457 639 3 5 0.02226151 
485 639 3 4 0.022211976 
35 1138 4 6 0.022194518 
524 686 4 5 0.022162108 
392 725 4 5 0.02215774 
438 734 4 5 0.022120297 
541 742 5 6 0.021925827 
486 761 4 6 0.021848414 
542 616 8 8 0.021821538 
493 789 5 6 0.021736158 
448 781 4 5 0.021685604 
851 1162 7 10 0.021623502 
409 667 3 4 0.021614017 
478 579 4 5 0.021433026 
535 790 6 8 0.021313673 
542 540 4 6 0.021303162 
818 1158 12 12 0.021279268 
3 1172 4 8 0.021254629 
427 761 5 6 0.021132346 
496 734 4 5 0.021096207 
400 759 6 8 0.021081943 
515 665 5 6 0.021054184 
409 743 5 6 0.020994727 
428 819 5 7 0.020936888 
523 570 4 5 0.020790184 
417 743 5 6 0.020755375 
475 610 3 5 0.020747885 
476 790 4 6 0.02071851 
467 761 5 6 0.020657474 
761 1143 7 11 0.020598238 
394 788 8 10 0.020533111 
578 554 5 9 0.020510623 
515 609 4 5 0.020489525 
457 551 4 5 0.020283775 
391 730 6 7 0.02019128 
524 608 5 5 0.020175494 
543 560 4 5 0.020165967 
534 771 5 8 0.020152336 
391 705 4 5 0.020130742 
533 694 4 6 0.020117048 
495 743 4 5 0.020027427 
397 742 6 7 0.020021724 
419 769 5 7 0.020021582 
