4_Dancing_Dancing_4_194
23
644 537 54 102 0.5812373 
33 452 88 162 0.09490625 
258 -7 422 565 0.08963195 
676 498 20 49 0.08289394 
663 313 49 61 0.07865275 
524 419 68 135 0.05286067 
597 468 64 80 0.050256975 
5 -135 355 563 0.046500795 
562 -171 453 535 0.043583896 
786 219 41 73 0.040261414 
26 402 67 132 0.038257867 
619 453 46 49 0.037931297 
292 129 25 28 0.03624787 
49 366 22 33 0.03401198 
493 145 328 501 0.033943105 
640 470 46 60 0.029955419 
353 522 31 39 0.029632932 
3 436 37 79 0.028065655 
187 166 117 111 0.02284312 
740 545 95 123 0.022094702 
789 461 274 327 0.020626599 
-4 524 74 166 0.020300655 
199 363 21 42 0.020281723 
