7_Cheering_Cheering_7_386
203
764 291 28 42 0.78270054 
765 434 32 42 0.7731903 
432 423 16 26 0.62752277 
30 341 63 147 0.5824641 
211 535 49 63 0.57986844 
355 430 20 24 0.5471343 
662 444 25 26 0.54434854 
410 405 15 22 0.51927406 
220 427 15 22 0.4947613 
392 403 14 16 0.4661796 
414 440 19 27 0.44725204 
285 401 17 18 0.42171788 
793 486 33 63 0.41141543 
302 432 23 27 0.33181176 
900 367 10 15 0.25066438 
583 372 14 16 0.21632107 
798 508 42 80 0.21489781 
306 409 15 16 0.16273834 
330 457 25 33 0.15614212 
529 425 11 16 0.15536831 
967 455 71 126 0.15091473 
400 344 238 380 0.14641756 
328 396 14 14 0.1333436 
205 468 88 141 0.13229859 
382 400 19 22 0.12818326 
81 320 101 167 0.12716009 
566 422 13 18 0.12321629 
443 444 21 38 0.12010058 
536 340 9 13 0.10899537 
258 429 12 18 0.09587427 
578 393 14 16 0.091180705 
725 244 281 418 0.08692835 
399 406 12 17 0.08354352 
623 339 12 17 0.08321871 
-1 406 13 33 0.07683604 
312 426 21 25 0.07401024 
546 392 10 15 0.06957148 
423 432 19 23 0.06604035 
708 -27 364 352 0.06506599 
795 533 61 120 0.06392088 
548 449 18 29 0.06308085 
530 422 139 245 0.062941 
532 249 295 452 0.060687963 
157 370 329 404 0.05994357 
386 424 12 17 0.05642652 
58 508 35 67 0.053695 
424 448 13 20 0.052300014 
918 377 17 27 0.052071616 
539 335 10 12 0.050988723 
429 422 12 17 0.050067052 
429 450 18 30 0.049458116 
558 450 12 18 0.048222777 
562 375 11 16 0.047949415 
361 393 14 16 0.0471195 
205 429 18 28 0.04522385 
374 439 14 18 0.04519794 
265 352 11 13 0.04456197 
189 402 11 15 0.04413906 
197 425 17 28 0.04375384 
679 275 31 54 0.04210965 
472 388 11 18 0.040486675 
132 -33 344 408 0.04013827 
992 373 20 29 0.03908807 
266 378 12 13 0.038616754 
829 424 12 17 0.036892943 
960 401 20 25 0.036860995 
208 384 10 16 0.036282644 
533 416 11 18 0.035297178 
196 436 20 41 0.034300726 
486 412 17 36 0.03422814 
22 351 285 370 0.03372161 
261 379 9 12 0.033688337 
363 410 12 15 0.03350097 
226 428 21 24 0.033456966 
445 393 11 16 0.033099458 
675 437 20 28 0.03298505 
270 38 4 5 0.031877723 
813 404 34 51 0.03137169 
546 -40 331 410 0.031359624 
414 414 18 25 0.031092219 
463 455 18 28 0.03086864 
11 232 130 322 0.030855613 
821 384 24 27 0.030021202 
438 333 8 12 0.029591357 
648 348 23 24 0.029011063 
584 386 12 14 0.028959155 
445 414 10 19 0.028381845 
431 299 13 17 0.028338414 
555 392 9 13 0.028080957 
290 90 3 4 0.027899455 
624 444 17 25 0.0278005 
747 484 148 256 0.027774857 
1006 449 44 96 0.02757252 
284 108 3 5 0.027541908 
1007 351 10 16 0.027536705 
261 432 18 25 0.027343737 
394 437 14 15 0.027159637 
630 340 10 16 0.027125183 
522 394 34 49 0.026884241 
15 386 9 15 0.026866486 
219 458 22 29 0.026570417 
538 102 3 5 0.026411256 
544 389 8 11 0.026318243 
283 102 3 5 0.026296524 
834 78 3 4 0.02602124 
316 -16 347 361 0.025892504 
248 468 23 36 0.02586381 
765 291 10 14 0.025682015 
-8 517 139 268 0.0254989 
289 96 3 5 0.025198897 
335 427 12 16 0.025176516 
532 432 19 33 0.025138436 
438 385 15 24 0.025134476 
575 468 73 112 0.025099996 
834 83 3 4 0.024998967 
418 387 10 14 0.024760034 
461 438 18 31 0.024644049 
471 368 10 17 0.024344208 
886 399 19 25 0.024281152 
271 102 2 5 0.024243088 
242 427 20 24 0.024133634 
407 398 11 16 0.024125129 
283 96 3 5 0.024112653 
334 344 14 15 0.024011953 
363 358 13 13 0.023833953 
539 121 3 6 0.023825034 
296 97 3 4 0.023815142 
793 412 35 53 0.023740279 
353 52 3 5 0.023629809 
547 403 17 29 0.023600925 
533 108 3 6 0.023576198 
418 398 12 17 0.02350429 
283 90 3 4 0.023368979 
873 379 23 26 0.023355577 
586 337 19 25 0.023283582 
573 388 12 15 0.023247475 
801 44 4 5 0.023156948 
607 294 22 22 0.023066016 
356 425 13 17 0.023037858 
452 442 11 23 0.022966055 
184 387 9 12 0.022912487 
276 102 3 5 0.022891162 
545 370 9 15 0.022765912 
533 121 3 6 0.022531003 
345 373 18 22 0.022518814 
833 408 33 47 0.022478135 
539 96 3 5 0.022426339 
771 540 24 39 0.022397831 
937 405 18 25 0.022335451 
558 89 3 6 0.02209689 
788 91 3 4 0.02207133 
558 102 4 6 0.022060402 
396 515 40 56 0.022052074 
526 115 4 6 0.022050798 
270 437 12 15 0.022012243 
366 383 14 17 0.021995671 
276 89 3 5 0.02196919 
638 450 10 16 0.02193553 
289 102 3 5 0.021826172 
264 45 3 5 0.021806622 
220 435 24 36 0.021758672 
506 103 4 5 0.021707118 
205 380 8 14 0.021662991 
539 108 3 6 0.02165962 
1015 334 10 20 0.021649614 
848 380 13 16 0.021648917 
289 109 3 5 0.021621086 
884 197 4 5 0.021505352 
246 377 11 16 0.021387951 
69 457 17 32 0.02132199 
271 96 3 5 0.021287113 
564 83 3 5 0.02128302 
571 102 3 6 0.021279309 
382 338 18 25 0.021242276 
1015 401 10 17 0.021224601 
699 103 2 4 0.021209875 
782 97 3 4 0.0211935 
570 350 9 10 0.021122282 
51 521 64 133 0.021025749 
394 378 12 14 0.020975037 
680 451 12 19 0.020972619 
526 45 3 5 0.02093594 
213 379 13 14 0.020931123 
757 97 2 4 0.020783091 
539 116 3 5 0.020731797 
498 361 10 13 0.020724328 
213 373 12 12 0.020693699 
434 389 11 18 0.020630525 
276 96 3 5 0.020610133 
565 115 3 6 0.020583248 
258 45 3 5 0.020564912 
291 374 12 10 0.02053997 
313 404 18 22 0.020534193 
519 121 4 6 0.020523643 
1007 431 19 33 0.020519655 
232 17 4 7 0.02048632 
686 439 13 19 0.020423211 
165 355 9 12 0.020243345 
571 109 3 5 0.020226454 
839 78 3 4 0.020226004 
318 621 11 15 0.020221919 
513 122 4 6 0.020218337 
361 447 41 48 0.020001592 
