7_Cheering_Cheering_7_334
93
708 293 43 53 0.9999267 
167 136 45 58 0.99992454 
376 240 46 59 0.9999199 
292 306 42 53 0.9999182 
299 200 47 57 0.9999057 
644 377 45 56 0.9999056 
462 124 40 55 0.9999027 
400 352 44 55 0.9998853 
803 144 42 56 0.9998758 
511 339 45 61 0.9998716 
566 178 44 53 0.9998323 
194 282 49 55 0.99981636 
680 173 43 52 0.9998041 
497 242 43 59 0.999801 
780 285 42 56 0.99975723 
615 258 41 57 0.9996043 
386 166 19 27 0.8814821 
841 5 9 14 0.61042196 
1015 145 12 18 0.3840209 
628 624 53 54 0.26205587 
664 624 45 54 0.11827894 
888 33 9 17 0.104741015 
720 58 4 7 0.08960737 
753 48 7 12 0.0639641 
722 58 4 8 0.05670392 
864 311 26 30 0.052187324 
873 39 6 9 0.05080844 
84 60 8 14 0.04532958 
957 40 24 37 0.044220775 
1019 142 23 38 0.043617204 
817 7 9 10 0.04188323 
1044 150 21 35 0.038765952 
622 19 30 46 0.038586985 
850 11 8 13 0.037958294 
118 5 8 10 0.03452898 
377 170 19 29 0.03329177 
814 12 7 8 0.03278375 
831 24 9 15 0.030757304 
794 504 40 45 0.030719038 
825 5 8 10 0.029795444 
135 67 32 43 0.029779302 
795 13 5 7 0.02965814 
830 18 9 13 0.029220572 
1081 73 10 17 0.029189086 
830 59 9 17 0.028800199 
364 18 5 8 0.028389158 
592 294 11 17 0.028352458 
1054 45 12 23 0.027741678 
1077 86 12 23 0.0274043 
742 19 6 8 0.026939888 
665 286 29 44 0.026827712 
1020 32 14 26 0.026740387 
350 357 32 48 0.026687438 
1019 18 8 11 0.026197491 
139 72 13 18 0.026106024 
1058 40 9 17 0.026060497 
891 65 5 9 0.026040277 
84 60 14 28 0.026025062 
1018 100 8 14 0.025739284 
859 40 6 8 0.025538594 
462 212 34 53 0.025162436 
541 298 34 47 0.02513805 
489 374 10 16 0.025088515 
1084 140 13 25 0.025083087 
1020 13 15 23 0.025010701 
1019 42 7 14 0.025007458 
1081 204 14 25 0.024888009 
495 538 84 132 0.024639765 
1077 106 14 24 0.024565717 
1059 31 7 14 0.024413832 
873 41 8 13 0.024084585 
829 5 9 11 0.023949603 
447 423 172 286 0.0238946 
1019 24 7 12 0.023229912 
829 12 9 11 0.022951672 
884 39 8 14 0.022790344 
799 7 7 9 0.022710422 
1017 50 24 40 0.022490155 
1080 171 14 26 0.022201685 
744 14 7 9 0.021916924 
848 5 9 13 0.02188514 
146 81 10 12 0.02168981 
1005 25 6 9 0.021453312 
1048 62 17 30 0.021403112 
836 24 8 12 0.021343071 
472 91 12 19 0.021314558 
713 58 4 6 0.020770827 
723 63 5 9 0.020713221 
631 212 33 45 0.020456305 
1055 16 9 15 0.020409284 
1019 95 15 25 0.020305626 
960 202 36 55 0.02024326 
773 22 6 7 0.020098558 
