7_Cheering_Cheering_7_631
25
385 214 136 195 0.99988866 
706 333 94 149 0.9653845 
469 706 74 78 0.6347456 
137 1082 43 103 0.51835734 
2 1340 84 188 0.30448616 
288 581 80 80 0.09515936 
884 1081 65 73 0.08871645 
435 684 63 65 0.08055668 
484 700 32 53 0.055778407 
151 1115 53 100 0.045912378 
682 336 61 110 0.043722633 
348 1128 119 251 0.040473092 
602 546 46 81 0.029211594 
473 1192 15 29 0.028740402 
195 274 123 185 0.027378604 
460 1249 17 35 0.026729556 
71 779 29 56 0.025223553 
708 320 40 77 0.025134837 
480 1200 14 28 0.02410623 
468 1203 39 76 0.023332322 
539 1070 133 231 0.023178233 
211 878 36 54 0.020952784 
-1 1428 28 64 0.020832116 
221 1109 58 101 0.02080358 
452 1188 23 39 0.020667529 
