7_Cheering_Cheering_7_462
66
551 129 67 100 0.9988305 
362 587 32 69 0.97844225 
201 369 24 33 0.9646029 
-1 545 16 41 0.962128 
276 359 33 42 0.9541235 
719 334 22 46 0.93748695 
67 548 28 54 0.90963054 
823 364 29 44 0.82916445 
95 420 21 28 0.6264377 
893 507 17 34 0.5189601 
762 197 172 207 0.42530912 
374 606 39 70 0.3502196 
361 427 74 89 0.26691183 
61 421 20 29 0.25751042 
945 231 55 85 0.22364403 
895 518 31 46 0.19775844 
50 460 17 24 0.18238449 
147 382 23 25 0.16169012 
12 423 15 23 0.14266863 
78 575 29 44 0.13135053 
428 582 29 68 0.09229308 
843 370 21 35 0.0697111 
816 384 19 33 0.06489957 
219 417 38 58 0.060285565 
33 430 12 19 0.059246685 
75 399 10 15 0.050226755 
912 527 24 34 0.046602704 
187 397 21 29 0.04277754 
78 462 12 16 0.04007052 
1010 228 31 45 0.03845734 
0 470 6 21 0.038339004 
981 231 37 51 0.038159534 
3 385 18 34 0.038100347 
939 270 47 82 0.03745654 
414 433 41 54 0.03724095 
395 323 36 59 0.036107518 
373 383 35 52 0.033702854 
31 491 20 22 0.03357751 
854 380 13 22 0.0331596 
102 415 15 19 0.0327608 
867 600 13 20 0.032410976 
800 142 236 361 0.03176112 
998 266 50 91 0.030307008 
1008 356 47 84 0.027272582 
405 601 37 69 0.026451627 
18 426 18 28 0.026137 
66 433 21 27 0.025571832 
891 430 31 66 0.024838233 
267 362 23 30 0.023572402 
37 470 28 42 0.023417223 
942 497 29 49 0.023184014 
201 380 35 46 0.023080662 
153 497 24 31 0.022879424 
1011 282 20 37 0.022758666 
1013 513 19 31 0.02254619 
1010 407 21 37 0.022543408 
681 243 85 117 0.022510696 
810 403 12 19 0.022366153 
813 552 17 27 0.022239411 
484 465 12 20 0.021948315 
1014 270 19 28 0.02161677 
-1 536 8 24 0.020766126 
938 321 24 36 0.02074156 
413 320 43 71 0.020464806 
757 566 21 30 0.020298684 
1016 378 18 34 0.020277547 
