7_Cheering_Cheering_7_391
141
222 348 16 26 0.86316794 
710 178 15 16 0.83465457 
206 435 56 73 0.78994066 
303 361 18 28 0.66357327 
117 265 19 36 0.6526721 
478 334 18 27 0.632708 
311 327 16 26 0.6306012 
344 635 73 120 0.54385924 
664 269 12 23 0.5350722 
110 478 52 71 0.41875464 
736 363 19 34 0.2784573 
741 372 37 44 0.25705117 
370 304 9 16 0.24227409 
357 367 11 20 0.21841271 
716 282 19 37 0.20258252 
412 319 17 25 0.15782884 
813 277 20 37 0.15193088 
422 317 11 18 0.15091896 
538 332 17 30 0.14958565 
697 229 10 17 0.14112279 
356 326 10 18 0.1216741 
728 150 7 9 0.11946129 
815 341 24 42 0.10805577 
742 292 30 44 0.10531818 
508 329 20 35 0.103686854 
92 346 318 389 0.099922605 
214 358 20 25 0.09832709 
386 329 9 14 0.091337696 
637 269 10 15 0.09037283 
492 174 16 14 0.09005978 
403 317 17 26 0.089697056 
702 291 12 22 0.08743871 
925 412 61 98 0.0822749 
64 406 33 65 0.07946266 
460 316 10 17 0.0757052 
307 334 10 16 0.074036114 
552 406 32 53 0.0715994 
679 254 21 22 0.070521615 
496 306 20 36 0.07014572 
760 252 11 17 0.069883406 
361 351 18 32 0.0694611 
88 272 26 37 0.06678709 
812 319 22 33 0.06636336 
0 214 16 47 0.06374773 
188 347 11 19 0.06264987 
946 256 12 17 0.058828533 
736 372 9 18 0.05822395 
501 385 32 46 0.05695957 
758 293 10 18 0.05670299 
7 420 22 40 0.05571414 
658 270 11 17 0.05544957 
103 270 28 46 0.052725464 
485 323 17 27 0.050052237 
694 298 16 27 0.048524015 
624 243 17 24 0.047525883 
728 168 9 12 0.045926023 
660 328 14 15 0.044821613 
757 257 17 31 0.04459461 
824 235 18 38 0.04327435 
588 384 12 18 0.042623144 
251 439 47 51 0.04119046 
58 365 36 65 0.040694483 
445 360 13 15 0.038773727 
718 395 7 10 0.038711604 
499 302 9 16 0.038703576 
382 326 17 28 0.03816743 
477 351 26 27 0.037100304 
802 293 31 48 0.036969658 
464 311 11 18 0.03634216 
483 315 8 15 0.035820678 
595 200 5 6 0.034183286 
87 412 33 63 0.033823743 
368 327 34 54 0.03301896 
467 380 26 23 0.032815386 
753 274 19 37 0.03276627 
168 438 71 89 0.032603458 
135 471 81 93 0.032113772 
213 370 14 16 0.032056704 
676 210 7 9 0.0311525 
648 170 10 14 0.031059949 
444 313 11 19 0.030931719 
278 438 14 14 0.030859035 
559 282 6 8 0.030735321 
673 206 5 6 0.030463887 
781 303 32 46 0.030437157 
97 452 41 76 0.030421296 
363 322 17 27 0.029958533 
309 338 19 37 0.029525487 
886 335 12 15 0.028747456 
103 403 34 55 0.028583853 
373 324 17 27 0.028400168 
6 285 44 62 0.02811817 
503 318 10 20 0.028051909 
771 355 36 47 0.028013662 
176 610 131 133 0.027979765 
475 314 19 29 0.02766599 
322 368 17 29 0.027565744 
724 270 17 30 0.027443117 
453 314 10 17 0.02710035 
796 342 33 52 0.026948743 
725 263 12 19 0.026805403 
690 306 11 19 0.0266591 
440 309 8 17 0.026532974 
881 343 39 47 0.02641296 
468 310 17 25 0.026357837 
363 689 44 93 0.026248457 
656 323 12 16 0.026103819 
842 347 38 53 0.02610274 
434 366 22 26 0.02585522 
489 330 30 41 0.025509495 
990 443 48 84 0.02507951 
288 468 22 40 0.024987284 
567 283 11 15 0.024836544 
744 344 45 55 0.024784828 
715 194 11 14 0.024777988 
75 318 8 13 0.024487138 
374 357 18 27 0.024336802 
517 204 6 8 0.024205934 
203 551 119 113 0.024107834 
435 308 8 15 0.02408673 
261 587 146 196 0.02365908 
479 310 9 17 0.023346953 
674 166 6 7 0.023277545 
500 245 15 27 0.023118908 
705 293 19 32 0.022739643 
719 199 10 14 0.022546465 
762 264 21 37 0.022095304 
678 257 32 42 0.02203565 
502 111 9 12 0.021953752 
401 313 35 44 0.02189268 
787 295 57 87 0.021700243 
933 365 60 57 0.02168966 
683 287 11 18 0.021586904 
365 307 16 27 0.021282578 
590 363 20 24 0.02104324 
538 338 30 43 0.02100357 
440 317 10 19 0.020965485 
562 284 9 12 0.020641614 
524 333 23 34 0.020511515 
311 367 19 30 0.020349303 
124 274 19 37 0.020231025 
