7_Cheering_Cheering_7_536
81
242 235 34 26 0.995195 
331 264 30 24 0.9928595 
326 306 30 32 0.9880639 
515 335 38 60 0.982886 
204 227 29 22 0.98093057 
309 235 33 22 0.92815787 
995 243 32 34 0.85787344 
615 250 77 72 0.820239 
176 256 29 29 0.8176483 
937 299 39 27 0.79568875 
896 244 33 25 0.7907794 
-2 342 20 34 0.78101283 
211 263 40 32 0.74619544 
850 284 35 34 0.6671298 
131 252 33 26 0.54826415 
97 244 33 24 0.5340929 
249 313 35 32 0.47868854 
197 243 32 24 0.3270314 
504 264 53 36 0.32595903 
884 259 37 30 0.31403226 
267 256 23 18 0.29607785 
454 281 33 21 0.22917046 
26 296 23 29 0.18344085 
511 255 39 23 0.18131612 
725 278 84 152 0.15797207 
699 295 35 54 0.14860801 
133 236 30 23 0.13061821 
-3 230 29 30 0.1274268 
902 391 31 22 0.120280884 
724 227 46 47 0.11195895 
398 249 19 12 0.108128056 
435 251 27 20 0.10283277 
603 255 29 23 0.09810875 
501 279 31 20 0.0973012 
997 400 31 26 0.09249197 
201 529 30 56 0.09186557 
200 633 19 32 0.08386738 
187 250 43 37 0.0791235 
459 466 90 122 0.07340667 
353 247 24 17 0.07239672 
872 268 30 23 0.054044086 
88 355 34 43 0.053292938 
704 271 65 101 0.05090447 
264 389 7 11 0.04776576 
312 221 33 27 0.045675714 
595 294 26 26 0.043912433 
42 230 33 21 0.043444082 
593 281 52 49 0.042939086 
158 290 41 40 0.042077146 
393 259 29 18 0.041219067 
378 280 19 12 0.039122164 
606 268 33 30 0.03834484 
549 348 32 63 0.038220882 
341 255 26 20 0.03783533 
26 245 27 20 0.037424915 
720 234 79 92 0.03710772 
692 241 41 54 0.036640424 
381 263 28 18 0.03492856 
909 67 132 179 0.034529515 
1035 182 25 47 0.03310217 
279 584 28 35 0.03307199 
1014 336 19 29 0.03196506 
253 391 9 17 0.031008279 
119 267 44 45 0.030095825 
1016 253 46 54 0.027612502 
64 237 29 22 0.026872601 
925 309 37 25 0.02659765 
535 272 34 25 0.026540378 
73 464 27 31 0.02608939 
1055 229 27 47 0.025575941 
796 141 18 29 0.025402503 
125 313 53 46 0.025220202 
339 277 27 24 0.024785314 
182 627 26 38 0.02425464 
370 262 46 39 0.02390962 
1002 137 40 71 0.022400135 
189 614 38 62 0.021935387 
670 255 43 56 0.021603623 
350 338 41 43 0.021233 
361 252 25 21 0.020930178 
889 382 32 26 0.02061411 
