7_Cheering_Cheering_7_884
21
325 181 65 99 0.9996197 
465 118 90 122 0.9989286 
186 430 37 47 0.9957266 
823 189 61 87 0.99115086 
992 336 26 41 0.9598813 
166 363 26 33 0.8740132 
994 411 38 84 0.11666988 
26 295 24 33 0.07021412 
943 370 21 39 0.04480386 
111 479 49 60 0.040736884 
758 354 17 31 0.03155294 
1080 340 18 36 0.030250572 
383 132 38 59 0.029834395 
1082 316 15 31 0.029592302 
1005 339 14 23 0.02356269 
144 167 40 54 0.022612406 
421 160 37 64 0.022000294 
1023 352 38 66 0.021526137 
1017 445 36 77 0.020982353 
-3 281 21 40 0.020455508 
715 204 272 422 0.020394154 
