7_Cheering_Cheering_7_413
86
730 450 84 104 0.9998909 
927 380 58 70 0.9995485 
843 377 36 47 0.9994466 
616 369 40 51 0.9989473 
68 331 22 27 0.9988906 
747 382 50 64 0.9984641 
341 413 44 64 0.99730384 
167 335 22 31 0.99724317 
320 349 22 26 0.996536 
543 347 29 40 0.9946233 
428 364 30 37 0.9939896 
271 340 27 38 0.99143183 
39 334 19 26 0.9894125 
486 429 53 87 0.98145366 
44 384 35 38 0.96865004 
736 360 28 41 0.9670574 
383 340 16 20 0.9560858 
202 333 12 17 0.94204515 
249 333 14 20 0.9041241 
493 395 38 33 0.84226185 
1003 372 26 42 0.8113574 
340 331 24 24 0.7700591 
6 343 18 26 0.6971022 
353 284 12 14 0.6452528 
157 380 30 55 0.64099175 
299 452 47 56 0.4119328 
250 508 34 68 0.1096924 
-3 566 19 43 0.108296424 
970 374 38 53 0.09020102 
1 337 16 23 0.085757926 
172 390 35 53 0.08216429 
315 340 15 18 0.08145908 
-1 456 20 23 0.062190138 
13 347 20 32 0.061549205 
743 408 61 90 0.056178443 
441 476 41 49 0.045832742 
0 353 8 21 0.044073828 
707 438 11 18 0.041831367 
247 340 19 29 0.04145889 
52 337 14 22 0.040701173 
42 375 21 23 0.040305138 
327 335 23 22 0.038996033 
281 464 61 101 0.0387655 
202 359 17 25 0.035052814 
100 361 19 34 0.033211827 
195 394 38 50 0.032905426 
462 460 42 59 0.032229617 
224 427 34 48 0.030963512 
0 494 12 19 0.030740732 
984 359 55 83 0.03047013 
349 373 22 33 0.030273661 
151 369 19 35 0.029371366 
658 182 6 10 0.02932589 
790 123 315 364 0.028637182 
886 176 14 12 0.028450249 
198 345 18 26 0.028378947 
21 330 25 39 0.027604982 
664 231 5 6 0.026282428 
491 385 27 27 0.025937121 
32 381 25 28 0.025813546 
346 294 21 27 0.024742167 
45 3 393 362 0.023924487 
885 235 6 9 0.023390643 
172 310 115 125 0.023257146 
867 237 4 5 0.02271747 
705 420 31 55 0.022637492 
70 674 175 188 0.022395208 
0 454 9 15 0.022089545 
36 377 12 18 0.021890862 
603 123 18 28 0.021782044 
187 344 13 21 0.021600373 
457 376 11 17 0.021454703 
391 411 36 57 0.02136156 
537 344 10 13 0.021332853 
334 322 22 24 0.021260038 
316 418 36 59 0.021217901 
899 249 6 9 0.021140581 
205 367 22 35 0.021082528 
784 400 38 53 0.021047758 
-10 -27 102 168 0.020669099 
636 263 4 7 0.020489205 
198 213 158 173 0.020446189 
450 488 15 18 0.020425767 
443 379 25 33 0.02035828 
53 327 13 20 0.02030387 
335 378 26 32 0.020047672 
