7_Cheering_Cheering_7_426
198
857 1182 34 48 0.9974623 
310 1007 61 76 0.9904316 
512 1025 51 64 0.5048972 
770 1131 24 36 0.4594819 
604 867 65 56 0.24502258 
885 1107 10 18 0.20009805 
453 1022 46 72 0.19994877 
841 399 22 39 0.18520673 
523 1050 76 61 0.17803842 
3 988 13 22 0.15591945 
80 1072 39 73 0.1535656 
584 1035 55 64 0.13804346 
494 1024 30 57 0.13279118 
859 321 20 32 0.13049558 
722 101 7 12 0.12273627 
727 1172 22 37 0.113884404 
883 1115 15 27 0.106041975 
869 1132 13 21 0.10191481 
727 1321 16 27 0.101581834 
100 1055 31 49 0.098657794 
638 114 7 10 0.09488289 
564 1335 60 68 0.08563984 
444 119 10 13 0.08545145 
723 97 7 9 0.082106374 
782 1136 30 36 0.08034924 
780 1203 21 36 0.07980813 
756 117 8 13 0.079539545 
802 1059 10 16 0.07642273 
634 153 7 12 0.06944942 
365 1009 56 70 0.0679877 
892 1123 13 22 0.06444046 
5 1322 49 63 0.06340028 
34 1021 13 18 0.061884917 
707 102 7 11 0.061516996 
485 441 13 19 0.056990106 
915 1198 14 26 0.055273537 
317 81 13 19 0.053623978 
472 532 13 20 0.05351142 
689 1189 27 34 0.05350278 
21 1301 56 67 0.0509982 
742 1217 16 24 0.050964132 
860 355 13 22 0.050364323 
393 32 18 17 0.050339807 
801 18 33 33 0.050294887 
79 1326 61 67 0.050268356 
184 11 13 17 0.048905242 
731 160 11 16 0.04827394 
266 1 11 10 0.047461905 
975 1092 11 20 0.04691179 
387 436 14 22 0.046804383 
715 113 7 11 0.04671847 
619 1026 55 79 0.046557687 
378 494 16 26 0.046230152 
790 1032 10 14 0.04521481 
712 103 7 10 0.044583987 
727 1299 25 39 0.044418134 
587 1347 67 74 0.043935254 
685 128 9 14 0.043557074 
750 1125 20 34 0.04316172 
734 154 11 16 0.043065295 
804 1206 16 30 0.042094514 
504 1 11 5 0.04161905 
913 1114 13 24 0.041024398 
619 153 8 12 0.040794913 
837 1197 31 34 0.040576015 
706 1091 17 27 0.039882243 
54 1077 41 71 0.039325222 
916 1158 12 21 0.03912099 
755 42 9 13 0.0376443 
720 110 8 12 0.037039015 
914 144 11 16 0.03596799 
249 1028 42 73 0.03596083 
841 1204 15 19 0.035459463 
695 1076 42 64 0.035310768 
385 446 16 25 0.035298195 
497 1059 92 124 0.034955833 
160 1025 16 18 0.03359398 
159 106 14 20 0.033478014 
418 462 10 13 0.03336896 
453 160 49 57 0.033312768 
732 60 150 147 0.033222076 
736 1193 41 59 0.032808285 
798 1059 23 34 0.032573167 
139 1129 39 43 0.032561317 
790 1046 11 18 0.03251202 
712 180 7 10 0.03219948 
425 1057 50 80 0.031453297 
749 1063 25 36 0.03131391 
584 161 12 18 0.03095518 
730 168 10 16 0.030712197 
708 175 6 11 0.030690135 
436 1035 82 123 0.030517086 
46 1041 14 18 0.030487336 
484 1009 27 56 0.030452317 
609 2 8 6 0.030427143 
767 1209 27 40 0.030262046 
510 0 12 7 0.030122928 
625 152 8 12 0.030075148 
152 1031 23 28 0.029972984 
652 121 7 12 0.029879456 
105 1048 21 26 0.029669013 
723 91 6 7 0.029619632 
690 88 6 9 0.029538795 
33 1268 59 54 0.0294091 
390 424 12 19 0.029253963 
777 124 11 18 0.029130174 
876 1126 13 22 0.028819297 
378 392 14 29 0.028794557 
714 98 6 9 0.028397558 
694 87 7 9 0.028350582 
894 59 10 13 0.02829743 
713 0 9 5 0.028170988 
633 163 9 16 0.027659092 
715 118 7 12 0.027476411 
712 259 11 14 0.027319677 
55 82 225 197 0.027269317 
494 0 11 6 0.027217582 
446 469 87 158 0.027084917 
891 346 16 23 0.026940528 
415 520 13 22 0.026823137 
627 128 6 12 0.026783582 
897 1111 20 34 0.026629815 
883 183 14 22 0.026618233 
735 1247 14 22 0.026600935 
87 1279 42 52 0.026599968 
830 1100 19 17 0.026418783 
293 1321 47 50 0.02615285 
35 1071 31 59 0.026144652 
617 126 8 13 0.02609472 
419 467 13 19 0.025995748 
641 118 8 13 0.025895735 
629 138 6 11 0.025881426 
635 129 7 12 0.025729163 
703 121 6 10 0.025484798 
445 105 8 9 0.025481412 
506 457 12 16 0.025408976 
720 0 9 5 0.024836738 
615 137 8 12 0.024677485 
27 1351 69 94 0.02462372 
681 126 8 14 0.024507834 
924 295 108 218 0.024420613 
700 1316 24 48 0.024320481 
628 977 57 92 0.024269806 
893 150 11 16 0.02419983 
914 158 11 19 0.024167337 
277 979 49 73 0.024144784 
705 0 8 6 0.024014989 
654 170 9 13 0.023963511 
618 94 9 13 0.02385323 
798 1050 11 18 0.023826275 
809 29 18 18 0.023757126 
915 119 9 14 0.023731727 
764 112 7 10 0.023667743 
705 137 8 13 0.023642179 
350 1356 34 42 0.023619454 
654 114 6 9 0.023128651 
652 0 8 6 0.022956297 
486 435 10 15 0.022801684 
447 113 10 13 0.022705188 
313 141 14 18 0.022639286 
381 987 80 109 0.022489665 
787 1188 26 46 0.022406083 
512 460 12 18 0.022378907 
737 17 7 9 0.022375846 
978 1120 7 14 0.022358295 
531 998 58 74 0.02214981 
176 57 9 12 0.021802325 
616 1 7 6 0.02180049 
730 199 8 12 0.021759206 
396 0 14 7 0.02170876 
661 129 8 12 0.02137454 
737 233 12 17 0.021368029 
843 1170 35 41 0.021348707 
777 1156 27 42 0.021072503 
466 1 12 6 0.021067142 
62 1349 62 73 0.021017175 
635 911 56 82 0.02082298 
619 1356 68 92 0.02081893 
9 994 14 22 0.020751545 
666 129 8 13 0.020675382 
15 1008 13 20 0.020595692 
911 1144 14 26 0.020593258 
911 1129 12 22 0.020505749 
723 207 8 13 0.020468745 
883 1126 24 41 0.0204326 
409 104 11 13 0.02030907 
748 129 8 13 0.020291086 
169 0 15 8 0.020260472 
704 130 8 12 0.020235784 
780 297 12 18 0.020225354 
877 146 10 14 0.020170012 
113 1010 9 11 0.02015545 
449 105 9 10 0.020143827 
676 1054 47 71 0.020077422 
477 0 12 6 0.020026762 
417 1 11 6 0.020021606 
699 268 11 14 0.020004144 
871 1138 25 40 0.020000242 
