7_Cheering_Cheering_7_138
71
469 168 46 65 0.9997229 
600 196 49 54 0.99945587 
338 137 51 59 0.998569 
219 133 38 54 0.996994 
836 121 53 71 0.99643636 
864 88 50 61 0.99584854 
785 120 45 65 0.99462986 
56 174 40 52 0.99047804 
298 126 37 59 0.9877494 
495 100 50 72 0.9873673 
195 123 24 35 0.9806451 
394 138 35 47 0.84746295 
-3 342 64 100 0.5926467 
943 306 27 53 0.5512752 
617 329 46 42 0.42206934 
107 152 31 35 0.36609918 
554 94 28 58 0.3283723 
94 116 20 24 0.27804676 
143 192 43 41 0.16601148 
368 135 41 53 0.1623829 
904 101 20 38 0.1466416 
280 137 32 51 0.110438816 
822 156 37 61 0.07843043 
114 221 44 37 0.067589745 
405 149 42 58 0.06439692 
535 104 32 62 0.053725827 
500 536 8 16 0.052412014 
170 189 40 48 0.046340987 
611 114 25 44 0.044140913 
1005 98 39 81 0.04364872 
46 336 28 25 0.04267854 
314 108 28 33 0.040837046 
150 319 14 18 0.04048713 
289 193 31 51 0.03985202 
358 162 42 55 0.03759018 
954 316 31 57 0.0346152 
821 493 45 62 0.033271685 
903 226 38 68 0.030063892 
120 130 18 26 0.029217156 
109 151 17 18 0.029048773 
258 145 29 47 0.028972043 
928 278 32 61 0.02698014 
916 257 33 60 0.026549766 
250 20 5 9 0.025620747 
338 240 27 32 0.025370296 
136 309 24 24 0.024816364 
294 1 7 8 0.024591766 
986 219 22 53 0.023983384 
313 155 35 59 0.023571704 
408 278 31 37 0.023318773 
1024 331 21 36 0.02323661 
1011 128 22 42 0.022559458 
584 543 14 23 0.022448126 
208 55 10 17 0.022403248 
245 3 6 6 0.022399046 
414 138 28 38 0.022364598 
104 180 41 49 0.02215997 
596 108 7 13 0.022158302 
208 132 30 40 0.022137864 
984 337 18 31 0.021681251 
430 159 35 58 0.021244345 
523 120 29 53 0.021095198 
491 140 39 71 0.021067806 
522 202 36 56 0.020843076 
613 144 31 49 0.02074952 
302 5 6 9 0.02059549 
250 3 6 6 0.020514792 
251 189 30 49 0.020381827 
522 237 39 53 0.020218007 
859 168 36 61 0.020202352 
411 187 39 56 0.020200467 
