7_Cheering_Cheering_7_209
29
193 204 86 101 0.9999118 
705 159 76 93 0.99987435 
384 241 78 100 0.9998591 
582 271 75 93 0.99969363 
324 268 229 381 0.09242653 
339 367 38 42 0.07857841 
580 41 36 54 0.060247477 
506 65 25 32 0.050196674 
335 38 40 51 0.045437854 
314 332 25 31 0.041045737 
261 531 16 29 0.036819216 
48 344 37 29 0.035384096 
105 48 38 54 0.031260908 
100 312 19 24 0.029805247 
362 360 36 43 0.029746044 
559 438 34 66 0.028871415 
484 80 21 26 0.026251435 
111 311 11 16 0.023993075 
946 568 45 54 0.023974016 
515 70 13 17 0.023527747 
490 81 10 14 0.023346284 
802 341 74 117 0.022242289 
83 328 8 9 0.021628115 
771 197 22 33 0.021530075 
101 367 42 43 0.021437299 
777 150 10 14 0.021099066 
53 328 24 30 0.020725561 
807 37 42 51 0.020698303 
505 69 9 9 0.020551762 
