23_Shoppers_Shoppers_23_259
51
525 72 147 200 0.9997856 
762 35 127 218 0.99572843 
258 95 98 224 0.9767719 
819 57 140 233 0.29774842 
4 406 404 374 0.15720525 
652 408 51 106 0.117095776 
864 152 153 195 0.08176187 
194 97 120 264 0.0794372 
498 563 9 12 0.076770954 
619 598 185 164 0.0720096 
126 41 243 434 0.07149509 
648 452 21 43 0.0628903 
672 678 24 27 0.061349586 
677 532 8 10 0.05976658 
599 570 9 10 0.05460043 
596 589 38 33 0.053820554 
556 545 11 12 0.052271493 
968 290 77 128 0.04890158 
675 539 8 12 0.0485643 
781 352 48 70 0.04140205 
691 649 90 85 0.041350435 
536 521 10 9 0.039462857 
511 526 12 11 0.0381909 
683 530 8 11 0.036522076 
563 557 17 22 0.036383346 
524 477 6 7 0.03525936 
538 605 14 11 0.03491521 
696 485 61 129 0.03469036 
641 692 27 30 0.031730067 
617 565 27 23 0.029389678 
554 620 13 17 0.027997328 
722 674 30 30 0.026732733 
512 477 6 8 0.025297197 
723 627 28 26 0.025012719 
151 76 20 25 0.024645913 
532 477 6 8 0.024439126 
570 553 7 9 0.024312163 
553 543 21 23 0.023693966 
542 532 13 11 0.023415834 
531 487 8 10 0.02334405 
595 596 8 10 0.02287146 
531 482 7 8 0.022503741 
510 566 9 9 0.022368321 
728 691 25 27 0.022001494 
628 570 27 22 0.02194693 
637 575 14 11 0.021719798 
668 533 17 26 0.021296801 
673 535 7 9 0.02115134 
680 -15 257 395 0.020940581 
667 513 38 56 0.020894604 
514 521 11 10 0.020334305 
