23_Shoppers_Shoppers_23_880
34
198 104 59 139 0.97040784 
658 714 96 64 0.25275004 
737 206 80 128 0.22052547 
263 134 99 186 0.13498893 
27 377 241 366 0.08008153 
365 235 59 62 0.07637381 
409 166 14 21 0.07260621 
599 645 42 42 0.051428407 
515 673 33 46 0.05098535 
558 640 41 30 0.0499749 
289 521 60 57 0.04787707 
431 214 16 22 0.047856968 
589 619 25 18 0.04315451 
304 92 190 306 0.04226319 
250 498 579 514 0.041327834 
371 112 84 152 0.03316833 
391 190 50 71 0.032155152 
271 43 12 19 0.030630274 
401 230 45 66 0.028839063 
535 636 100 85 0.028341802 
438 669 63 51 0.028329436 
674 735 105 115 0.028146863 
714 725 43 40 0.027140133 
404 91 37 41 0.026896603 
568 662 232 186 0.024871316 
456 196 14 25 0.024796775 
166 113 29 59 0.023985961 
432 646 38 35 0.02361329 
325 163 105 154 0.023523364 
287 49 16 24 0.021775862 
651 800 19 29 0.021016061 
388 173 11 18 0.02071559 
451 205 14 24 0.020236012 
470 674 63 54 0.020099372 
