23_Shoppers_Shoppers_23_122
20
719 -9 120 125 0.9868596 
263 49 63 79 0.96787125 
938 519 53 57 0.35149837 
93 63 20 19 0.23231986 
190 219 302 503 0.18641877 
530 105 161 296 0.16104855 
166 145 59 109 0.090747446 
950 50 38 70 0.068722226 
959 31 27 41 0.052907847 
433 85 33 52 0.05174928 
880 70 27 41 0.045717195 
974 8 20 30 0.039494727 
37 23 23 26 0.038965266 
989 51 38 57 0.03614686 
99 68 25 23 0.029811898 
111 35 26 26 0.028505674 
0 54 19 30 0.02507094 
142 66 16 17 0.021730054 
203 304 106 110 0.021386862 
475 -17 328 585 0.020164773 
