23_Shoppers_Shoppers_23_271
74
499 225 53 69 0.999042 
603 233 57 68 0.99877447 
266 275 23 29 0.9909904 
19 279 33 38 0.9891685 
163 315 34 28 0.9890393 
169 377 21 22 0.44527265 
370 297 19 30 0.32793698 
870 330 8 13 0.19791692 
925 346 5 9 0.16012213 
124 341 13 14 0.12836136 
111 380 16 16 0.093664505 
111 406 12 18 0.062402807 
479 351 44 38 0.05908414 
866 328 6 8 0.0564053 
922 367 6 11 0.055774007 
936 357 7 12 0.050351452 
137 341 18 19 0.04549853 
976 311 9 13 0.04311613 
629 575 24 33 0.04079215 
153 354 11 14 0.040764846 
611 470 33 33 0.04047798 
45 269 307 485 0.03740177 
87 409 15 24 0.03518963 
421 313 29 45 0.0329963 
935 353 6 8 0.032290798 
173 39 6 7 0.032031737 
431 472 35 54 0.031805065 
-2 306 18 31 0.031586204 
292 381 10 21 0.031175997 
973 317 9 10 0.031161532 
829 319 7 10 0.03084422 
481 437 81 84 0.030052543 
0 299 6 13 0.02917882 
558 230 43 56 0.028547019 
849 320 7 9 0.028399594 
935 348 4 6 0.027750045 
1012 288 5 9 0.027726432 
540 -215 376 495 0.027024044 
873 332 9 14 0.0268383 
362 316 12 17 0.026330678 
844 322 8 12 0.02629736 
1061 280 8 15 0.025813363 
859 325 5 8 0.025794052 
734 -1 117 150 0.025167748 
116 397 20 27 0.025025463 
109 370 14 13 0.024794308 
839 351 8 12 0.024738085 
1003 253 6 11 0.024609733 
998 252 7 12 0.024411047 
1017 452 9 11 0.024101205 
1018 221 8 12 0.02387933 
1049 281 8 15 0.02372132 
476 475 45 49 0.023456538 
261 281 15 18 0.023364518 
1077 424 12 21 0.023163248 
841 325 6 9 0.022694394 
358 329 28 49 0.022463936 
555 487 43 49 0.02233389 
313 -72 397 406 0.022057122 
971 311 18 23 0.02141944 
1013 371 21 30 0.021177327 
201 33 5 6 0.021140086 
149 45 4 5 0.0211384 
156 344 11 14 0.021124875 
884 291 5 9 0.02106526 
186 35 7 8 0.02095283 
844 314 8 12 0.020858636 
1016 202 10 17 0.020780655 
568 506 11 14 0.020431792 
639 337 365 376 0.020352365 
349 285 10 19 0.020214401 
167 306 16 17 0.020184834 
1037 254 9 16 0.020109685 
1018 254 7 13 0.02006499 
