23_Shoppers_Shoppers_23_328
273
128 343 82 88 0.99936885 
317 215 31 37 0.9971578 
477 205 27 39 0.9922266 
621 184 14 18 0.9533754 
327 166 28 32 0.951789 
575 182 15 19 0.93776405 
545 191 15 18 0.8182282 
648 187 11 18 0.35301208 
69 426 28 24 0.32652012 
340 203 25 35 0.2754586 
918 235 12 21 0.23187952 
139 598 25 37 0.16916035 
638 189 8 17 0.114874594 
378 221 10 15 0.11346068 
844 72 9 16 0.10198883 
298 327 10 19 0.09613176 
22 425 18 14 0.09559884 
30 435 37 26 0.09336956 
525 201 13 15 0.08995225 
829 80 8 16 0.080564484 
368 272 23 36 0.080406174 
647 211 8 13 0.0699059 
602 194 14 14 0.06947077 
48 204 9 15 0.0675345 
626 141 415 354 0.0649199 
935 239 9 18 0.063281834 
98 405 12 14 0.06280159 
693 319 6 8 0.060111698 
316 171 18 29 0.05919764 
992 259 10 14 0.05731002 
1001 307 9 11 0.05600432 
533 192 18 22 0.055898525 
837 74 8 16 0.053770084 
1060 341 7 13 0.053195518 
1060 328 7 12 0.051115658 
668 269 6 10 0.051018335 
543 159 13 14 0.050987557 
1000 331 12 15 0.050983414 
1017 255 10 17 0.050902694 
614 210 10 15 0.050754942 
625 213 10 15 0.049977504 
996 236 8 10 0.049386326 
1060 264 7 12 0.04936786 
1038 294 13 17 0.04897621 
818 165 6 11 0.047844335 
1019 442 7 11 0.04769868 
1040 284 11 15 0.047614243 
523 159 16 14 0.047335558 
1018 606 14 27 0.045963366 
664 207 9 14 0.04593437 
703 271 5 9 0.045110315 
653 170 7 15 0.044832237 
995 230 9 11 0.042942617 
1061 406 6 11 0.042696886 
1058 274 8 14 0.042517617 
667 300 7 11 0.042138994 
232 197 7 16 0.041754145 
313 176 9 17 0.041751377 
1058 287 8 14 0.04150536 
651 274 7 11 0.040804487 
1060 480 8 14 0.040647827 
1041 438 11 17 0.040263727 
998 383 10 11 0.04024977 
1040 358 12 17 0.04012801 
638 236 9 16 0.039690852 
1039 507 15 22 0.03965745 
434 174 32 45 0.039521452 
611 194 10 14 0.039514408 
969 257 12 16 0.039424296 
812 219 9 16 0.039312214 
541 232 11 17 0.038074665 
619 212 10 17 0.03799931 
666 241 6 10 0.03785815 
654 295 6 10 0.037433624 
689 209 7 10 0.03732198 
1002 584 33 54 0.03694889 
640 177 8 14 0.0363596 
997 314 11 10 0.036349762 
1061 253 6 10 0.03616656 
816 271 4 7 0.03610247 
989 243 9 10 0.0360029 
401 265 8 11 0.03593355 
1058 352 8 14 0.03589023 
1057 299 8 14 0.035847783 
794 116 4 8 0.035674084 
663 444 114 149 0.03551355 
1038 368 14 18 0.035334118 
1097 402 6 10 0.03522478 
233 225 5 11 0.03499504 
230 169 8 14 0.034619447 
432 246 9 11 0.034328878 
1005 244 6 8 0.034197494 
1061 419 7 12 0.03403752 
1057 364 9 14 0.033604514 
1058 554 9 16 0.033460867 
711 276 6 10 0.033205144 
632 208 8 16 0.033186905 
807 159 6 9 0.033086784 
1038 238 8 12 0.032855354 
1094 369 6 11 0.03253759 
1058 313 7 12 0.032499142 
1004 82 22 25 0.032436296 
1058 466 8 14 0.032198355 
1011 166 11 13 0.032066587 
990 182 12 16 0.0317502 
684 270 6 8 0.031677805 
1014 481 10 13 0.031264547 
421 261 6 7 0.031147188 
807 263 6 8 0.030914566 
1059 492 8 15 0.030891206 
1059 390 7 13 0.03086637 
804 161 4 8 0.03085292 
1036 248 9 15 0.030778293 
969 236 10 12 0.030708767 
681 271 6 8 0.030676777 
466 509 9 15 0.030676253 
1057 375 8 14 0.030597579 
852 157 7 12 0.030442039 
471 511 9 14 0.030301034 
969 390 10 11 0.030199265 
1052 560 12 20 0.030126479 
21 466 20 12 0.030044984 
1019 314 8 11 0.029880429 
1100 328 5 9 0.029657891 
975 406 13 16 0.029459292 
1059 543 8 14 0.029397683 
1057 180 9 16 0.029326934 
920 300 10 15 0.029200388 
1060 429 8 14 0.029005412 
66 423 17 12 0.028939703 
410 563 46 45 0.02885825 
963 166 10 12 0.028706122 
1031 537 12 20 0.028646147 
1045 567 15 25 0.02863866 
660 190 37 58 0.028573653 
1091 343 6 11 0.02843926 
972 313 10 11 0.028378025 
1037 315 8 13 0.02819696 
1043 349 10 15 0.028152937 
50 252 8 13 0.028109577 
925 303 10 14 0.028102478 
614 204 9 13 0.02803314 
678 211 6 8 0.027910728 
1020 437 6 10 0.02789461 
996 320 10 9 0.0278433 
969 183 12 16 0.027711675 
1038 391 8 13 0.027422654 
1038 445 14 20 0.027147237 
1035 529 10 17 0.027022392 
1045 428 9 15 0.026926799 
47 241 10 15 0.026720725 
1038 303 8 12 0.026716078 
1059 223 7 13 0.026696438 
992 238 8 10 0.026683327 
545 327 6 9 0.02643991 
1095 248 5 11 0.0264386 
691 243 6 8 0.026419325 
1015 558 25 36 0.026388967 
1093 268 6 12 0.026208637 
1025 547 16 23 0.026186861 
666 326 7 11 0.026180498 
1001 404 12 16 0.0261611 
814 137 5 8 0.026149547 
1058 194 10 16 0.026090475 
1059 441 8 14 0.026059862 
1059 238 7 11 0.025822716 
1020 443 15 21 0.025692843 
1018 319 8 13 0.025666136 
975 307 11 12 0.025635667 
1106 453 6 10 0.025348293 
1036 400 9 15 0.02534219 
1042 495 13 21 0.025214035 
1016 169 16 23 0.02520125 
849 81 6 13 0.02511302 
51 424 14 10 0.025061658 
690 270 6 8 0.024998743 
1035 325 9 14 0.024860136 
423 271 6 9 0.024794845 
1034 271 9 14 0.024726652 
1034 260 9 15 0.024682086 
996 389 10 11 0.024601739 
794 112 5 7 0.02445755 
451 241 11 13 0.024420286 
1039 380 7 12 0.024419716 
1034 477 11 17 0.024410766 
1056 451 10 15 0.02437184 
686 317 5 7 0.024286682 
1017 180 10 18 0.024257183 
116 226 5 9 0.024230957 
445 235 19 24 0.024221586 
1020 403 15 24 0.024179194 
696 174 8 15 0.024101764 
844 147 5 10 0.024080269 
782 133 5 10 0.02362879 
40 423 31 22 0.023508381 
1018 460 10 12 0.0234059 
1036 467 10 15 0.023394661 
657 173 7 12 0.023352053 
729 213 7 11 0.023341702 
1101 300 5 11 0.023320477 
1040 226 7 12 0.0232222 
639 155 9 16 0.023206996 
680 319 5 8 0.02319094 
649 80 20 25 0.023097448 
116 230 6 10 0.023003453 
803 168 4 7 0.022956561 
678 326 16 30 0.022938414 
640 145 7 12 0.022709182 
694 119 8 16 0.022694604 
886 239 8 14 0.022634722 
1103 556 6 11 0.022615485 
1038 455 8 15 0.022591786 
631 189 9 16 0.022546565 
966 241 10 12 0.02240819 
619 204 8 13 0.022391198 
1019 235 7 12 0.02209421 
678 300 7 10 0.021996 
700 271 5 9 0.021995429 
762 283 5 9 0.021901462 
686 208 7 9 0.021864807 
703 175 6 14 0.021802228 
650 229 9 16 0.02178922 
840 159 5 10 0.021782098 
1043 536 12 19 0.02172801 
1035 143 15 23 0.021598317 
1021 315 14 22 0.021569759 
731 130 7 12 0.021536373 
298 162 11 17 0.021499949 
1003 389 9 10 0.021490725 
1019 510 15 22 0.02145365 
1033 335 10 16 0.021442475 
1035 170 10 17 0.0214105 
998 242 7 9 0.021402836 
1035 348 10 15 0.021399418 
696 205 6 12 0.021372737 
1057 503 10 16 0.021344088 
1046 477 10 16 0.02133695 
645 146 7 13 0.02131232 
750 225 5 9 0.021242604 
115 236 5 10 0.021215593 
1037 518 9 15 0.021187421 
1105 479 6 11 0.021170475 
232 192 6 12 0.021111991 
128 253 7 8 0.02107181 
400 264 19 25 0.021070747 
0 447 15 28 0.021055816 
671 315 7 9 0.020969408 
446 238 10 13 0.020939201 
124 252 6 7 0.020905636 
651 147 7 13 0.020876942 
815 274 5 9 0.02086222 
1019 537 8 12 0.020851754 
1035 182 9 16 0.020792283 
1046 340 9 14 0.0207289 
532 160 20 18 0.020726794 
1008 449 8 10 0.020664938 
709 217 6 12 0.020659905 
409 265 7 9 0.020655971 
89 404 22 25 0.020651184 
722 286 7 10 0.020590363 
1059 209 9 14 0.020586496 
652 254 7 13 0.020422332 
669 273 8 11 0.02038829 
1034 488 10 17 0.020320531 
977 378 7 10 0.02031701 
1019 362 15 22 0.020310443 
408 248 8 10 0.020306911 
1036 158 10 16 0.020244852 
1056 528 9 15 0.020200541 
807 224 5 9 0.020182626 
678 242 6 9 0.02013306 
1057 516 9 15 0.020126106 
832 73 6 12 0.020024946 
