23_Shoppers_Shoppers_23_511
605
530 12 9 12 0.83509135 
648 306 11 13 0.82084155 
291 140 11 15 0.7031885 
56 301 9 12 0.57016724 
131 357 12 18 0.5616161 
745 273 13 15 0.53461784 
484 24 10 13 0.49022597 
127 528 15 25 0.4837895 
501 318 11 13 0.4665804 
419 286 8 11 0.44443247 
242 123 12 15 0.43924996 
716 335 10 14 0.4391612 
384 249 9 13 0.42486924 
16 292 10 14 0.34704423 
712 612 21 36 0.3365502 
284 486 27 37 0.32633242 
247 162 10 15 0.32224968 
217 584 18 16 0.31819275 
94 63 15 21 0.31591213 
324 211 11 14 0.3003336 
748 574 9 11 0.29266158 
854 561 8 12 0.27687806 
730 197 14 16 0.2692026 
731 602 26 45 0.26024663 
101 37 6 9 0.25041515 
846 224 7 11 0.23311634 
161 94 11 16 0.23092973 
61 299 9 15 0.22559278 
860 641 12 16 0.22385058 
70 363 18 21 0.21962142 
82 91 11 17 0.21716912 
200 118 10 14 0.21214283 
615 5 7 9 0.212086 
845 228 10 16 0.20386037 
806 190 6 10 0.20242946 
14 222 10 14 0.1874284 
452 299 10 15 0.18059729 
66 301 11 17 0.17239043 
495 320 20 22 0.16609122 
285 178 17 29 0.16581321 
742 216 12 14 0.1572524 
484 52 6 8 0.15534146 
823 237 9 15 0.1541849 
820 263 17 16 0.15354897 
639 303 10 12 0.15110214 
103 62 12 18 0.14983289 
66 286 7 12 0.14693105 
268 449 39 67 0.14485312 
243 132 13 16 0.14381772 
696 601 28 49 0.14217527 
72 316 13 17 0.14009304 
835 254 12 13 0.13916965 
800 15 7 12 0.1385997 
829 238 10 14 0.1365325 
163 54 10 17 0.13469325 
4 241 12 19 0.13308637 
799 189 7 11 0.13297667 
792 6 6 9 0.13185361 
484 324 8 12 0.12776354 
477 12 7 9 0.12691364 
699 340 9 15 0.11724793 
345 214 8 12 0.114406936 
37 60 18 26 0.11200547 
266 432 27 42 0.11165572 
894 341 9 15 0.10710384 
917 330 11 19 0.10637142 
787 6 8 11 0.10636838 
737 320 12 17 0.10521337 
355 235 34 64 0.101849064 
889 342 9 15 0.101529226 
817 570 9 16 0.09575034 
138 51 7 8 0.094098024 
786 187 4 7 0.09268523 
484 57 7 12 0.08945423 
72 48 11 17 0.08929875 
799 577 8 14 0.086017005 
142 532 13 19 0.085955 
170 477 11 12 0.08541827 
353 521 11 13 0.08449371 
351 243 21 38 0.080953665 
616 363 11 10 0.0792274 
826 581 8 13 0.079153925 
83 49 10 14 0.07891386 
130 93 10 16 0.07798214 
870 343 9 14 0.077867545 
810 606 11 15 0.07768059 
799 7 6 9 0.075350344 
364 560 12 13 0.07450736 
230 33 7 9 0.073649935 
820 256 14 14 0.072984725 
215 31 7 11 0.07283262 
552 38 6 8 0.072335295 
235 98 8 12 0.072217755 
466 25 6 11 0.07205842 
169 585 12 15 0.070846155 
560 326 13 9 0.070695095 
364 242 8 12 0.070600286 
919 314 27 43 0.0705102 
959 5 14 26 0.0696643 
709 605 9 19 0.06875119 
813 222 7 10 0.06808086 
151 389 13 19 0.067795575 
659 22 4 6 0.06658363 
723 187 8 9 0.06616673 
696 18 7 9 0.06586104 
5 301 8 13 0.06568849 
533 16 8 13 0.06556149 
560 36 8 11 0.065460175 
717 6 5 7 0.0650289 
49 59 17 27 0.06361409 
658 25 5 8 0.06268241 
794 18 6 9 0.062459137 
787 388 12 10 0.06210001 
247 39 10 10 0.061577175 
789 640 11 16 0.06137337 
480 60 8 15 0.060809337 
906 327 9 16 0.06071791 
755 8 7 8 0.06068829 
14 604 13 16 0.06062903 
850 566 10 16 0.06028613 
79 320 11 15 0.05987675 
846 319 12 15 0.059830047 
87 45 8 12 0.05959827 
627 334 9 9 0.059011407 
119 524 36 43 0.05834487 
701 375 10 14 0.05824656 
725 337 9 13 0.058154754 
689 344 9 11 0.057166837 
557 37 6 10 0.05606266 
807 210 7 10 0.055901337 
173 86 8 13 0.055648696 
213 26 6 9 0.055354483 
481 572 36 51 0.055083714 
655 25 5 8 0.054232374 
125 88 11 17 0.05412393 
323 203 58 93 0.05355348 
195 130 10 14 0.05351357 
792 11 8 12 0.05343716 
281 451 64 94 0.053155016 
0 505 6 14 0.052695956 
769 287 20 23 0.052345242 
796 188 5 7 0.052097674 
31 595 37 48 0.050642353 
170 102 8 11 0.050569728 
159 60 9 13 0.05019707 
744 577 16 21 0.049989253 
129 550 23 23 0.049951505 
6 310 8 15 0.049876023 
18 473 9 12 0.049769804 
845 605 11 14 0.049449798 
720 339 10 14 0.049418468 
192 116 7 10 0.049252 
574 252 15 13 0.04865677 
782 187 5 7 0.04857483 
560 317 13 10 0.048070423 
786 191 5 9 0.048034906 
657 298 9 15 0.0479062 
727 191 11 13 0.047893148 
793 25 6 8 0.047846656 
233 107 10 14 0.047693923 
479 320 10 14 0.047290754 
845 333 12 16 0.047266975 
189 27 7 8 0.04704375 
793 364 8 9 0.046879534 
189 577 27 23 0.046668522 
297 142 10 17 0.046544407 
43 318 8 13 0.04645179 
372 34 6 7 0.04637517 
588 337 13 12 0.04569573 
383 255 11 16 0.045484584 
326 24 8 11 0.04548076 
835 235 9 12 0.045230385 
189 588 14 13 0.045168683 
200 28 5 6 0.044814203 
67 309 12 18 0.044576645 
784 1 16 24 0.04457633 
665 324 7 11 0.044459116 
301 27 6 8 0.044045616 
173 108 7 12 0.043425135 
813 566 9 15 0.043410905 
703 400 9 13 0.043268695 
313 26 6 8 0.043201193 
586 328 9 8 0.04300021 
476 53 5 8 0.042890556 
804 231 9 13 0.04285991 
490 580 12 16 0.042746633 
654 310 9 11 0.042732306 
1 292 6 12 0.042621396 
356 247 11 20 0.042518914 
614 10 7 11 0.04219047 
902 325 8 14 0.04216496 
585 548 10 12 0.041965045 
749 257 17 26 0.04177361 
239 616 13 16 0.04171759 
758 385 9 9 0.041673828 
63 291 10 17 0.041551344 
54 323 10 11 0.041406006 
47 593 11 12 0.04106008 
219 558 19 20 0.041018605 
224 32 6 9 0.040946566 
132 62 11 13 0.040781517 
417 307 21 25 0.040758565 
793 555 7 12 0.040508766 
55 56 9 15 0.040326707 
287 32 8 10 0.04009961 
644 578 6 7 0.039993424 
604 340 11 10 0.039589033 
881 344 9 16 0.039256815 
793 306 9 11 0.038810678 
51 338 11 16 0.03874919 
36 311 8 12 0.03853674 
120 87 8 15 0.03851359 
671 368 9 11 0.03826302 
169 119 8 13 0.0382261 
458 548 19 26 0.038109094 
750 363 12 13 0.03782705 
479 328 10 14 0.03780998 
527 17 7 10 0.037596904 
100 41 9 13 0.037389718 
788 18 6 10 0.03737129 
791 214 9 13 0.036874566 
735 335 11 13 0.03669656 
146 76 9 13 0.03665702 
543 38 4 8 0.036504082 
712 335 8 14 0.03650402 
75 483 7 11 0.03645828 
5 335 10 18 0.03640397 
798 555 7 12 0.036300354 
0 407 6 14 0.03613344 
275 33 7 10 0.03597138 
710 6 5 7 0.035722345 
816 244 12 14 0.03565844 
187 91 6 7 0.035434578 
103 526 21 29 0.035430234 
844 45 6 9 0.03511734 
44 232 17 31 0.034963075 
359 45 6 8 0.034958597 
816 335 11 13 0.034671664 
826 14 6 8 0.034619574 
824 575 8 13 0.034580085 
646 320 7 9 0.03452838 
790 345 13 14 0.034505107 
94 315 8 14 0.03438729 
10 331 9 16 0.03433245 
41 351 9 13 0.034328658 
57 54 17 27 0.034245927 
792 33 7 9 0.03418959 
492 50 7 11 0.034166034 
172 626 10 11 0.034011487 
471 45 17 28 0.033980977 
792 561 8 15 0.033940706 
447 93 7 11 0.033848338 
22 310 9 14 0.03371492 
825 19 7 10 0.0336947 
478 53 15 27 0.033671282 
671 303 10 12 0.033663798 
676 31 6 8 0.033586286 
111 380 14 17 0.033558507 
459 62 7 13 0.033418793 
770 281 11 12 0.033233784 
4 292 8 13 0.032949112 
270 83 6 8 0.032852735 
287 24 6 8 0.03278714 
661 31 4 7 0.032691497 
381 496 11 14 0.032666724 
171 114 7 11 0.032666165 
146 506 10 9 0.03256167 
499 50 7 13 0.03251868 
180 123 6 9 0.032231584 
478 17 9 13 0.03199609 
774 259 8 11 0.03198625 
23 298 9 13 0.031975944 
476 9 6 8 0.031891126 
580 212 13 17 0.031815533 
131 519 12 15 0.031715654 
558 277 14 15 0.031661298 
294 27 6 8 0.0316099 
811 562 8 14 0.031587154 
291 31 9 11 0.0315345 
629 46 4 6 0.031411234 
768 274 8 10 0.031312175 
792 358 11 11 0.031250414 
861 633 11 15 0.03118989 
166 67 9 12 0.03118056 
850 44 5 9 0.03115452 
94 336 17 21 0.031129181 
806 560 7 13 0.031124456 
312 32 6 8 0.031103635 
199 31 5 8 0.031100415 
635 306 7 9 0.031094646 
90 67 11 15 0.03099359 
206 119 10 14 0.03095121 
797 217 7 10 0.030931156 
252 39 9 10 0.030911366 
735 256 36 44 0.030875709 
360 41 5 7 0.030869205 
359 51 5 7 0.03086189 
157 72 9 14 0.030772606 
646 62 6 9 0.030724406 
635 13 5 8 0.030688275 
853 623 12 13 0.030616196 
820 25 7 9 0.030554255 
167 563 22 20 0.030539531 
134 56 8 11 0.030539386 
236 124 10 14 0.030438978 
204 27 4 7 0.030379573 
656 22 4 7 0.030339343 
326 31 9 11 0.030308453 
151 75 10 13 0.030186499 
238 30 32 37 0.030102372 
745 619 13 21 0.030090893 
795 8 14 22 0.03004726 
555 327 10 9 0.030014794 
706 9 4 5 0.030014269 
217 35 7 11 0.029934065 
899 341 9 17 0.029919466 
1 300 6 13 0.029884523 
162 115 16 23 0.029760996 
651 582 9 14 0.029688332 
558 34 5 7 0.029583666 
21 292 9 13 0.029531185 
723 605 19 36 0.02946926 
782 6 7 11 0.029431785 
635 9 5 7 0.02942069 
704 13 5 7 0.029406209 
829 352 11 12 0.029304313 
711 343 8 14 0.029241452 
799 212 5 9 0.029198525 
200 130 11 14 0.029193023 
521 53 4 7 0.029077977 
620 339 7 7 0.029061621 
612 0 16 22 0.02905773 
847 584 10 14 0.029052863 
0 420 15 34 0.029048618 
152 69 10 12 0.029022392 
121 532 12 17 0.028937507 
364 39 4 7 0.028927166 
341 212 17 28 0.028853212 
697 332 10 13 0.028681017 
472 30 6 12 0.028657261 
720 281 7 10 0.028655827 
594 538 9 11 0.028618278 
854 355 10 13 0.028517792 
178 31 7 9 0.028514285 
432 525 61 78 0.028416326 
819 231 7 9 0.028400369 
781 19 5 8 0.028359352 
488 45 18 29 0.028289204 
830 278 13 15 0.028159495 
833 561 7 13 0.028146 
138 464 17 24 0.028136095 
758 264 10 15 0.028057383 
10 317 9 13 0.028029876 
113 60 9 16 0.02801814 
771 301 14 16 0.028004847 
67 57 12 18 0.027998544 
740 211 11 13 0.02797561 
492 320 10 12 0.027966477 
760 201 10 13 0.027943859 
137 89 8 13 0.02785891 
144 67 10 13 0.027852708 
472 24 7 11 0.027802879 
318 46 6 6 0.027756233 
283 21 6 9 0.027655385 
767 21 7 8 0.027623707 
62 45 19 25 0.027546117 
71 179 21 42 0.027525192 
676 28 6 6 0.027519247 
280 32 7 11 0.0275073 
41 427 21 20 0.027483178 
87 45 18 22 0.027454402 
323 454 67 84 0.027433302 
367 257 20 31 0.027345646 
863 193 10 19 0.027325368 
276 43 6 9 0.027315991 
685 15 4 5 0.027266739 
13 298 7 11 0.027207825 
806 610 10 13 0.02715274 
793 573 8 14 0.027123021 
50 42 9 12 0.027046869 
810 229 9 12 0.026946297 
715 602 7 14 0.026872981 
15 338 19 25 0.02684012 
811 241 11 14 0.026795696 
240 101 8 10 0.026787996 
216 572 23 20 0.026786761 
789 552 5 8 0.026778575 
107 50 9 13 0.026714204 
830 245 11 14 0.026654843 
482 317 15 21 0.026588123 
828 262 18 21 0.026538253 
181 610 13 14 0.02650239 
604 193 11 8 0.026399413 
755 0 6 7 0.026362658 
634 46 4 6 0.026291193 
588 333 10 9 0.026260411 
767 285 9 12 0.026170501 
224 26 6 8 0.026131824 
174 32 5 8 0.026113631 
913 324 10 18 0.026076768 
103 89 20 27 0.026036335 
211 19 35 44 0.02601848 
105 338 9 12 0.025921628 
50 320 8 12 0.02590763 
139 535 23 30 0.025893837 
474 325 10 13 0.025873447 
127 82 9 13 0.02583852 
264 548 13 12 0.025807323 
635 357 9 11 0.025777325 
107 43 8 11 0.025691623 
162 1 5 7 0.025673337 
625 6 6 9 0.025654772 
648 38 4 7 0.025597231 
807 551 4 7 0.025595175 
539 38 5 8 0.025574077 
738 588 19 37 0.025519015 
746 281 12 14 0.025504122 
714 348 9 13 0.025497857 
115 553 42 49 0.025488865 
785 626 8 12 0.025485614 
368 242 7 11 0.02545772 
620 313 8 8 0.02544427 
191 126 10 15 0.025435375 
751 13 6 8 0.025401784 
776 309 10 13 0.025239738 
838 231 7 11 0.025238851 
652 32 5 8 0.025224486 
177 357 9 12 0.025217377 
855 571 9 14 0.025155613 
21 613 33 46 0.025134481 
191 97 5 7 0.025072917 
807 230 18 21 0.024999594 
464 337 10 12 0.02496999 
800 373 6 6 0.024948385 
620 333 9 9 0.02487777 
-1 358 7 18 0.024818856 
797 365 8 8 0.024735942 
475 46 5 9 0.024694314 
839 40 6 8 0.024601929 
593 549 9 11 0.024573177 
251 156 11 19 0.024564633 
523 54 4 5 0.024511194 
782 183 4 6 0.02446884 
332 26 5 8 0.024452044 
108 39 5 7 0.024390751 
470 19 15 23 0.024350855 
489 29 9 12 0.024350563 
261 33 5 6 0.02433002 
95 298 7 13 0.024229888 
277 27 17 21 0.024192808 
320 225 22 35 0.024188492 
760 6 6 10 0.024178622 
638 296 10 13 0.024172932 
308 32 5 8 0.024164615 
781 11 7 10 0.024117572 
817 224 6 8 0.024087308 
475 61 7 12 0.024084143 
217 64 6 6 0.02404224 
16 628 19 25 0.02404164 
210 25 14 21 0.0240383 
262 65 4 5 0.02402148 
11 326 8 12 0.023960294 
223 600 37 39 0.023954267 
248 33 6 8 0.023951089 
481 28 8 13 0.02383738 
58 543 36 34 0.023807729 
648 33 5 8 0.02378407 
836 578 8 12 0.023783099 
15 446 69 85 0.023778474 
618 10 8 12 0.023768863 
230 586 13 14 0.023766737 
751 310 11 15 0.023759834 
624 607 7 8 0.023737516 
745 316 12 16 0.02371542 
183 487 12 11 0.023706589 
242 43 10 10 0.023582378 
621 33 5 7 0.023502238 
209 133 8 12 0.023497239 
270 80 5 7 0.023457568 
150 355 10 14 0.02338719 
685 9 5 6 0.023382906 
480 48 6 9 0.023349045 
292 172 10 14 0.023313008 
609 6 6 8 0.023294963 
474 18 7 11 0.023292221 
754 274 18 23 0.023290394 
797 566 8 14 0.02327015 
804 576 7 13 0.023267966 
767 12 7 9 0.023242781 
596 534 6 8 0.023225412 
27 302 14 22 0.023185749 
140 452 25 23 0.023164807 
153 114 9 13 0.023149727 
499 46 6 9 0.023142725 
448 52 4 8 0.0231118 
812 556 6 11 0.022972072 
516 323 10 12 0.022967577 
674 31 5 7 0.022963434 
269 407 15 21 0.022954265 
768 358 8 9 0.022935819 
183 640 11 16 0.022797782 
779 211 18 21 0.022775853 
36 40 32 41 0.022755051 
685 21 5 6 0.022744276 
801 184 4 5 0.022734614 
17 315 8 15 0.022729915 
167 9 8 14 0.022689838 
9 305 9 13 0.02268226 
40 419 15 13 0.022571698 
843 237 12 15 0.02257149 
15 467 17 23 0.022550043 
362 469 38 49 0.022540044 
552 36 4 6 0.022538468 
728 320 15 22 0.022508882 
7 383 19 26 0.022503646 
453 307 10 14 0.022500098 
856 607 10 12 0.022452045 
221 32 17 22 0.022451565 
761 19 6 9 0.022401562 
634 18 7 11 0.022400932 
829 576 9 13 0.0223863 
663 305 9 11 0.022310507 
187 22 6 7 0.022300191 
203 66 65 77 0.022253973 
759 11 6 9 0.022239916 
126 265 9 15 0.022209143 
722 5 5 9 0.02219613 
593 70 6 10 0.022190185 
333 70 5 7 0.02211781 
550 395 9 11 0.022105863 
637 36 33 48 0.022048226 
787 586 9 15 0.021958893 
806 183 4 6 0.02194867 
691 9 4 5 0.021906627 
612 340 9 8 0.021873329 
767 26 6 8 0.021868533 
851 627 19 20 0.02186062 
752 571 7 10 0.021808716 
457 293 10 15 0.021802869 
456 299 17 21 0.021798447 
780 44 9 11 0.02175673 
241 107 9 13 0.021744234 
36 583 23 27 0.021726735 
628 52 3 6 0.021711703 
786 365 9 10 0.021706725 
31 300 7 12 0.021689449 
772 357 9 10 0.021673717 
92 92 10 15 0.021671645 
150 528 10 17 0.021655798 
224 36 8 11 0.021646624 
471 335 24 33 0.02159148 
607 537 6 9 0.021561354 
858 585 9 15 0.021533329 
179 64 9 12 0.021510746 
640 46 4 6 0.021480726 
813 552 4 7 0.02144514 
780 189 7 11 0.021443583 
846 593 12 15 0.02143063 
114 85 10 15 0.02142864 
250 56 35 41 0.02142794 
831 37 7 9 0.021405108 
301 92 5 6 0.021357603 
74 89 33 44 0.021341361 
598 188 21 18 0.021331446 
368 507 9 15 0.021241967 
576 552 5 5 0.021231497 
187 2 4 6 0.021222968 
543 35 4 5 0.021220088 
824 562 7 13 0.021155132 
860 624 11 13 0.021126013 
810 191 5 9 0.021059977 
636 363 9 10 0.021019712 
468 52 5 8 0.021000335 
740 342 9 11 0.020963263 
98 545 20 21 0.020910285 
333 66 5 7 0.02089904 
862 609 12 14 0.020839091 
307 26 5 8 0.020838471 
178 38 7 10 0.02077008 
147 348 11 16 0.020754164 
652 38 5 7 0.020693831 
149 557 37 43 0.020690156 
203 32 6 8 0.02068609 
626 59 5 8 0.020669779 
67 576 24 21 0.02064687 
650 319 8 9 0.020621967 
751 9 6 7 0.020617323 
251 522 82 81 0.02053991 
319 26 5 8 0.020529542 
53 379 15 17 0.020526456 
845 42 4 6 0.02052567 
55 330 10 14 0.020513052 
896 374 10 16 0.02050311 
121 263 10 18 0.020500856 
464 304 9 12 0.020463066 
176 114 6 10 0.020446554 
851 42 5 6 0.020338818 
627 13 6 9 0.020322686 
157 80 10 15 0.020242708 
755 52 6 10 0.020236114 
759 280 9 12 0.020207565 
775 188 5 7 0.020065311 
767 339 9 11 0.020044012 
218 45 7 8 0.020035082 
146 510 11 13 0.020034079 
