23_Shoppers_Shoppers_23_561
45
467 223 63 69 0.9999306 
686 216 64 68 0.99988985 
235 232 64 69 0.9998074 
644 608 61 52 0.99957186 
444 616 60 52 0.99893636 
674 497 33 26 0.9868766 
235 516 31 27 0.8934278 
442 491 45 42 0.65164816 
464 120 29 23 0.18629828 
252 1104 108 114 0.08936566 
599 684 29 40 0.05890994 
42 928 245 301 0.057886068 
5 251 483 650 0.055360366 
285 244 38 46 0.04635235 
231 136 26 17 0.04422641 
701 112 29 23 0.041402522 
402 453 6 9 0.036448672 
696 527 15 15 0.034828693 
395 436 6 9 0.033697795 
176 944 58 76 0.03365661 
470 427 8 12 0.03278971 
247 950 132 170 0.03249117 
73 1052 141 150 0.032382783 
395 441 7 10 0.03166083 
444 400 6 9 0.030371862 
690 629 51 60 0.029777262 
447 394 5 9 0.026953269 
410 451 8 9 0.026487496 
427 346 7 13 0.025145542 
752 494 41 52 0.025127128 
519 241 34 37 0.023760138 
458 364 11 19 0.023581762 
386 427 5 8 0.023013452 
452 393 6 9 0.02277741 
453 492 24 24 0.022111878 
436 349 9 14 0.021801135 
395 428 6 8 0.021673959 
462 450 9 9 0.021617943 
410 443 8 10 0.021530872 
448 445 6 9 0.021388898 
412 436 6 9 0.020846836 
396 451 7 11 0.020819357 
682 622 45 36 0.020610841 
601 517 27 33 0.020368624 
502 502 10 12 0.020104453 
