23_Shoppers_Shoppers_23_364
150
587 178 94 125 0.9997726 
276 212 74 94 0.9996835 
457 228 54 67 0.9977816 
59 181 10 16 0.44542637 
590 533 60 58 0.25501382 
11 271 8 15 0.17791077 
403 329 10 19 0.16897605 
39 278 8 14 0.16800009 
562 527 110 109 0.16172029 
744 82 11 17 0.12851518 
200 309 24 31 0.12846354 
169 392 9 13 0.12535968 
792 249 8 14 0.10380386 
1 195 5 9 0.093056716 
370 291 10 19 0.08170592 
172 378 10 14 0.080216914 
1011 100 15 27 0.07663899 
735 250 7 13 0.07339891 
519 237 14 19 0.073216446 
720 247 10 18 0.06270788 
176 360 9 12 0.06255372 
85 482 9 12 0.062247314 
747 254 7 13 0.058282394 
759 253 6 11 0.05710633 
4 195 6 9 0.05699941 
334 506 35 28 0.05697245 
747 263 8 14 0.056507625 
524 362 66 103 0.05490734 
68 265 7 12 0.051233023 
150 362 10 12 0.048801854 
164 396 17 24 0.04811675 
83 211 6 8 0.044562012 
0 248 3 9 0.04287946 
464 352 63 111 0.04286106 
108 532 10 17 0.04104701 
178 366 10 13 0.04067683 
260 122 39 53 0.040555533 
736 266 8 13 0.038803104 
49 244 8 12 0.038664848 
56 169 6 11 0.038082104 
741 252 8 13 0.03686866 
258 700 127 162 0.036640562 
-13 192 67 86 0.036446456 
664 314 376 416 0.036337987 
38 459 133 219 0.035858452 
430 301 69 129 0.0356213 
13 259 7 12 0.035409167 
148 371 7 8 0.03534563 
42 418 11 11 0.03484656 
232 288 325 355 0.034258086 
67 293 9 11 0.034177765 
54 215 8 11 0.034122605 
142 373 5 7 0.03339696 
365 502 38 43 0.0332429 
434 254 11 22 0.033210568 
17 257 7 14 0.033146154 
26 209 7 10 0.03287317 
26 215 8 12 0.0328073 
33 218 32 40 0.0319028 
760 263 10 16 0.03188206 
206 252 18 27 0.03158137 
0 254 3 10 0.031552505 
33 290 7 11 0.031269595 
5 134 10 16 0.03118894 
758 111 22 25 0.031157315 
76 189 8 13 0.031134564 
31 261 6 9 0.030927341 
9 184 5 9 0.030888299 
11 283 7 14 0.030596122 
244 733 6 13 0.030544933 
756 135 24 28 0.030445984 
200 315 35 55 0.03010666 
618 532 31 34 0.029818898 
256 197 33 61 0.029635172 
735 149 9 15 0.029360622 
755 264 8 14 0.028869638 
559 399 87 98 0.028857298 
83 406 10 11 0.028803201 
56 209 7 10 0.028784757 
177 374 9 13 0.028471334 
42 485 10 19 0.028275896 
773 133 25 24 0.028247105 
98 174 4 6 0.028041432 
741 264 8 14 0.02795086 
46 242 7 12 0.027758073 
163 366 9 13 0.027375847 
0 235 3 10 0.027371049 
740 171 6 8 0.027081914 
82 401 9 10 0.026516119 
117 399 10 13 0.026267799 
5 289 8 13 0.026234308 
8 276 7 13 0.02605665 
757 149 20 30 0.025608666 
820 677 9 12 0.025543751 
89 210 6 9 0.025511803 
73 330 10 17 0.025348999 
423 503 381 384 0.025293032 
63 172 6 9 0.024986938 
4 201 7 14 0.024976065 
39 265 8 12 0.024837466 
741 18 5 11 0.024826111 
183 372 10 15 0.024696104 
683 239 39 70 0.024533354 
850 524 8 8 0.024230802 
79 210 6 8 0.024010327 
727 248 9 17 0.023934301 
0 169 6 14 0.02386338 
26 203 7 10 0.023684602 
845 567 134 180 0.023591246 
93 277 10 15 0.023536352 
713 251 16 31 0.023388883 
88 187 8 11 0.023079928 
52 291 6 9 0.022610594 
0 214 4 13 0.022490535 
38 415 9 11 0.02247381 
175 401 8 13 0.02241081 
102 299 6 8 0.02230292 
66 261 7 11 0.022090325 
0 259 5 11 0.02201145 
748 7 17 36 0.021977425 
6 -119 368 256 0.021951657 
64 248 7 10 0.021948311 
151 357 7 8 0.021942617 
96 188 24 28 0.021869546 
741 4 6 11 0.02181367 
1003 166 10 17 0.021750916 
45 227 6 11 0.021632731 
1019 220 7 14 0.021591708 
84 184 6 9 0.02157899 
550 468 11 15 0.021571318 
47 231 31 41 0.021433182 
517 218 19 31 0.021428136 
467 366 160 199 0.02139127 
6 259 5 12 0.021220557 
545 439 163 144 0.021206185 
107 194 9 11 0.02117052 
35 181 18 29 0.021043995 
114 210 9 12 0.020902833 
102 173 5 6 0.020881167 
1 138 5 12 0.02068318 
215 309 26 34 0.02057355 
76 184 7 10 0.0205456 
432 226 33 56 0.020535003 
752 85 9 16 0.020393139 
40 261 7 10 0.020222412 
71 188 7 13 0.020216692 
18 199 35 45 0.020194134 
887 521 7 9 0.0201935 
765 119 26 24 0.020108564 
33 255 32 42 0.02005628 
