23_Shoppers_Shoppers_23_640
31
352 230 167 226 0.999739 
758 361 65 90 0.99971 
831 376 80 101 0.99906176 
220 271 80 113 0.99842405 
618 285 88 128 0.98809 
4 327 90 131 0.98787564 
103 569 43 53 0.058614608 
14 1477 48 56 0.049443647 
971 141 13 23 0.047240097 
123 426 14 21 0.04701154 
174 955 41 57 0.045210328 
934 363 41 91 0.04316719 
811 261 16 32 0.040874083 
689 139 12 20 0.03730022 
433 33 145 152 0.034376275 
833 147 8 14 0.02976286 
38 48 138 148 0.027492559 
477 182 68 95 0.026509468 
698 638 37 36 0.025782695 
629 434 46 87 0.02561556 
829 167 8 15 0.023318699 
98 389 28 48 0.022050016 
869 109 13 24 0.02189226 
90 671 40 51 0.021744078 
1015 713 5 11 0.02170949 
965 911 13 20 0.021691903 
803 35 32 61 0.021291751 
879 349 55 103 0.020903414 
814 168 8 14 0.020328213 
849 187 10 16 0.02019955 
179 952 9 11 0.020134658 
