23_Shoppers_Shoppers_23_571
231
880 354 97 154 0.9982735 
353 482 21 29 0.89988875 
55 636 9 21 0.52263814 
289 570 11 18 0.31440458 
589 595 8 15 0.30097914 
39 598 7 13 0.2650452 
631 700 9 19 0.25897783 
644 462 14 31 0.17556646 
601 593 8 16 0.17398484 
575 595 8 14 0.1665291 
166 654 9 15 0.15981503 
701 698 9 21 0.15389085 
72 611 10 14 0.15281376 
233 565 9 21 0.14828514 
112 621 8 12 0.12812378 
264 751 10 20 0.1254588 
576 575 6 12 0.10267376 
221 577 7 14 0.100329466 
577 560 5 9 0.09023525 
591 560 5 9 0.076696 
566 597 6 12 0.07600452 
564 604 6 10 0.07156149 
661 742 16 29 0.069594555 
576 564 6 12 0.06900032 
376 672 7 13 0.068324886 
365 669 8 16 0.066042334 
184 617 56 123 0.06377539 
49 664 8 16 0.061587274 
480 564 3 5 0.060986925 
260 557 8 15 0.060417462 
928 248 20 28 0.05936645 
476 564 3 5 0.057331134 
275 614 6 13 0.055594023 
741 570 10 15 0.05553542 
946 530 23 28 0.05476101 
196 693 6 13 0.049042158 
631 571 7 14 0.04792231 
632 567 4 8 0.047178067 
208 640 7 14 0.04705579 
261 617 6 12 0.04664054 
853 558 15 14 0.04638923 
705 610 5 10 0.045658607 
589 584 7 12 0.044306077 
614 595 7 15 0.043027926 
581 565 5 9 0.042995635 
375 623 5 10 0.04271681 
878 276 12 20 0.041309666 
583 656 6 9 0.039598886 
571 496 6 10 0.039397128 
645 578 8 17 0.038247123 
520 707 8 13 0.03765348 
480 567 3 5 0.03729535 
730 539 6 9 0.03722912 
344 617 8 13 0.037054583 
113 643 7 10 0.036743995 
268 582 9 17 0.036643256 
403 573 4 6 0.03654376 
257 561 7 15 0.036161013 
593 560 4 7 0.035558585 
619 595 8 15 0.035248686 
587 490 7 11 0.034613635 
570 565 4 10 0.034439452 
417 579 6 10 0.034383535 
41 638 7 16 0.033915486 
506 506 7 15 0.033821747 
293 610 4 8 0.033444565 
1000 523 20 21 0.033406194 
390 630 5 10 0.033120546 
616 553 5 9 0.033071294 
796 540 9 12 0.033043295 
959 640 38 57 0.032736376 
277 766 9 17 0.032722235 
690 447 31 62 0.03269032 
790 575 9 15 0.0326072 
39 624 8 20 0.032511346 
966 642 22 24 0.032506853 
640 548 3 6 0.031971894 
221 571 13 25 0.031788804 
257 639 8 18 0.031497095 
58 508 9 13 0.03148331 
602 514 3 6 0.03145231 
40 688 8 17 0.03143455 
58 603 7 11 0.03137126 
590 712 6 11 0.03128728 
281 573 10 16 0.030848429 
218 638 7 16 0.030757528 
43 719 6 14 0.030626887 
487 563 3 5 0.03059971 
195 628 7 14 0.030557178 
633 561 3 7 0.030431654 
563 609 5 8 0.030199355 
611 564 27 46 0.030014966 
193 688 5 8 0.029944966 
55 665 8 15 0.029540503 
657 482 7 15 0.029400283 
108 644 20 31 0.029373707 
689 614 8 14 0.029160574 
259 700 7 11 0.029156175 
22 607 9 20 0.029099954 
549 658 5 6 0.029087337 
416 576 5 7 0.029010069 
590 579 5 9 0.02884862 
683 611 7 12 0.028575517 
397 632 5 8 0.028564194 
207 565 5 11 0.028416445 
384 673 5 11 0.028385293 
259 649 19 39 0.02827647 
1018 526 8 12 0.028135888 
546 661 5 8 0.028119935 
586 656 6 10 0.028117266 
645 562 29 50 0.028034821 
564 571 5 10 0.027999613 
684 529 5 7 0.027965918 
549 662 6 8 0.027802853 
532 665 5 7 0.027745837 
359 476 14 18 0.027593296 
566 567 4 10 0.027067384 
581 740 7 14 0.02700926 
748 544 7 13 0.026819406 
375 629 6 11 0.026801605 
729 203 21 25 0.02679788 
577 559 13 27 0.026771888 
107 626 8 13 0.026477708 
616 572 5 11 0.02637909 
710 701 9 17 0.026367407 
23 595 8 16 0.026131192 
691 463 9 17 0.026028216 
567 603 7 12 0.025988804 
153 644 6 10 0.025944876 
232 559 8 14 0.025883963 
257 553 59 108 0.025728462 
409 611 4 8 0.02565395 
634 697 14 25 0.025431508 
590 570 5 10 0.025339447 
465 625 7 8 0.025294323 
225 596 8 14 0.025269534 
67 598 17 26 0.025212025 
559 523 3 5 0.02512032 
709 720 6 11 0.024857724 
593 565 5 10 0.024809787 
610 525 2 5 0.024786633 
594 572 4 8 0.024700608 
183 684 7 13 0.024621893 
258 553 17 26 0.024280075 
184 711 7 14 0.024184568 
533 549 4 7 0.024098767 
386 631 5 10 0.024080535 
582 566 27 43 0.024016473 
418 512 14 28 0.024002114 
629 554 4 8 0.023984684 
630 560 4 7 0.023944132 
626 454 18 31 0.023938086 
429 683 4 8 0.02393411 
1013 542 20 24 0.023836106 
616 558 4 9 0.023835743 
52 607 15 29 0.023589673 
579 589 11 23 0.023546906 
618 552 6 12 0.0235385 
544 741 8 13 0.023476353 
808 582 11 18 0.023400621 
410 681 5 8 0.023218809 
609 530 3 5 0.023128903 
580 561 4 7 0.02312235 
192 660 7 14 0.02307837 
215 608 6 12 0.02303281 
704 597 5 9 0.023024615 
112 649 9 11 0.02298601 
92 625 13 16 0.022946555 
568 592 12 21 0.022919917 
836 396 10 22 0.022915592 
205 735 9 16 0.022885 
28 591 13 25 0.022864224 
75 619 11 15 0.022838864 
270 617 5 10 0.022837441 
83 616 9 13 0.022596981 
259 331 11 15 0.022511821 
570 561 4 8 0.022308445 
149 615 9 14 0.022270588 
566 561 4 7 0.022243856 
848 540 13 11 0.022220658 
126 614 8 16 0.022201866 
537 665 5 6 0.02215621 
212 579 5 10 0.0221322 
722 575 5 7 0.022131816 
588 557 13 26 0.022085382 
193 564 7 13 0.022043353 
211 610 7 13 0.021991799 
646 562 4 7 0.021973524 
634 554 3 7 0.021954382 
192 532 104 194 0.021944284 
746 573 10 15 0.021818804 
702 764 6 11 0.021772806 
748 602 8 13 0.021763409 
698 607 5 8 0.021649024 
1009 550 14 13 0.021614838 
580 686 6 10 0.021608636 
1016 522 17 22 0.021450417 
1007 687 28 41 0.021426836 
651 477 9 19 0.02138272 
606 590 7 15 0.021368971 
443 578 5 9 0.021323591 
583 652 5 7 0.021227527 
615 529 3 6 0.021053556 
902 531 35 39 0.021042172 
251 378 22 29 0.02101799 
784 598 9 13 0.020945517 
591 658 17 30 0.020924848 
197 690 5 8 0.02087859 
349 676 15 26 0.020853238 
580 578 5 9 0.020809758 
293 605 4 9 0.020786395 
725 541 5 9 0.020721162 
695 614 8 14 0.020685567 
819 529 6 9 0.020652836 
613 610 9 13 0.020598559 
641 605 5 8 0.0205912 
516 704 16 24 0.02048454 
371 572 6 9 0.020335967 
206 627 15 31 0.020272369 
626 612 6 9 0.020226192 
579 602 7 13 0.020210117 
614 524 3 5 0.020207226 
158 453 26 27 0.020195218 
636 547 3 8 0.02012694 
191 622 14 28 0.020102696 
563 579 4 10 0.020055119 
597 515 3 6 0.020035813 
27 542 122 219 0.02003575 
302 599 5 9 0.02003109 
618 592 30 42 0.020021299 
646 566 5 10 0.020018674 
