23_Shoppers_Shoppers_23_823
44
672 164 95 139 0.99927837 
251 514 70 109 0.9947044 
312 463 82 112 0.9876059 
160 521 57 82 0.07882022 
130 502 47 81 0.074471705 
187 1156 6 8 0.06355985 
452 685 50 62 0.0635177 
273 1239 4 7 0.04564774 
255 1173 6 10 0.04472133 
183 1165 5 7 0.0411328 
187 1298 8 9 0.041058518 
907 1391 18 19 0.03844487 
724 1318 55 60 0.038429733 
200 1165 6 8 0.035064884 
189 1173 5 9 0.034462843 
180 1173 6 9 0.034297734 
199 1171 7 9 0.034012847 
178 1281 7 9 0.03313281 
259 1174 7 9 0.032328382 
188 1162 6 9 0.03105072 
260 1292 6 7 0.03100431 
261 1201 7 10 0.030463157 
296 1276 5 7 0.029547814 
279 1174 6 8 0.028356161 
190 1257 4 8 0.0280619 
180 1197 6 9 0.026288468 
200 1247 4 7 0.025916096 
166 1199 5 11 0.024257505 
192 1192 6 10 0.023516 
196 1292 6 8 0.02289988 
207 1273 6 8 0.02259379 
191 1294 6 7 0.022456631 
165 1228 5 9 0.02240414 
210 1281 5 8 0.022101281 
212 1291 5 6 0.021920418 
491 748 27 45 0.021158213 
216 509 66 87 0.020542592 
215 1299 6 9 0.020519631 
261 1178 7 10 0.020284163 
51 234 11 26 0.02026971 
200 1263 4 8 0.020169554 
192 1182 5 9 0.020165734 
197 1192 6 9 0.02015577 
176 1218 4 8 0.020091578 
