23_Shoppers_Shoppers_23_223
19
463 348 90 116 0.99986446 
377 376 27 23 0.33301044 
122 196 42 40 0.07314665 
260 31 19 23 0.0652915 
508 233 12 21 0.0531053 
810 730 14 27 0.0498984 
628 414 28 28 0.0498558 
291 33 14 15 0.046917357 
727 29 20 25 0.04087031 
276 34 11 13 0.03373966 
249 28 18 25 0.031206299 
376 340 11 13 0.02640916 
209 53 70 103 0.024908384 
393 92 15 15 0.02470502 
516 113 11 17 0.024465544 
610 433 20 30 0.024452277 
593 384 26 21 0.022129152 
433 120 12 11 0.021433704 
522 119 9 16 0.020248568 
