23_Shoppers_Shoppers_23_25
33
453 58 38 65 0.997097 
888 78 17 30 0.44085574 
270 162 22 32 0.43598363 
367 112 12 18 0.33477756 
228 258 57 61 0.2813677 
906 39 36 58 0.21118777 
244 475 65 124 0.12149479 
938 526 56 44 0.10456765 
761 143 152 206 0.08806277 
2 486 20 19 0.07709433 
898 19 21 32 0.06420504 
619 93 12 18 0.060367763 
362 117 13 19 0.058636136 
76 450 10 13 0.055193767 
889 253 16 27 0.043423828 
-1 508 36 74 0.042688582 
27 475 18 14 0.038325153 
373 200 48 45 0.03667136 
892 72 30 44 0.03632188 
938 92 10 19 0.03289148 
910 69 22 36 0.028196817 
443 112 18 31 0.02799845 
850 212 67 118 0.026758477 
303 398 17 23 0.026327984 
279 535 43 70 0.025968244 
926 51 10 16 0.024435475 
916 26 61 92 0.024271075 
340 96 13 17 0.023633897 
317 342 17 24 0.022761537 
226 386 129 247 0.021680187 
610 14 253 330 0.021130553 
350 214 49 50 0.020330006 
302 537 38 62 0.020308241 
