23_Shoppers_Shoppers_23_500
22
439 118 39 71 0.99809796 
509 138 30 40 0.7543776 
51 290 270 482 0.07597231 
192 312 234 585 0.06697924 
716 257 232 185 0.059106 
255 96 46 52 0.056511655 
294 70 31 56 0.046877924 
628 396 63 107 0.04418459 
659 13 381 414 0.03994938 
182 204 31 26 0.03552974 
205 687 30 33 0.031161318 
24 210 19 37 0.030336512 
-1 239 17 46 0.030098528 
87 201 29 44 0.029390806 
806 63 88 91 0.026557595 
466 292 29 35 0.025806082 
485 206 69 103 0.025766687 
86 227 28 50 0.0247993 
484 109 53 78 0.024252372 
526 233 36 74 0.024176227 
2 211 25 56 0.022832284 
503 209 21 23 0.02037145 
