23_Shoppers_Shoppers_23_243
170
106 405 12 17 0.7766417 
570 420 23 35 0.6143718 
47 393 14 18 0.6007562 
230 435 6 9 0.29649383 
288 468 10 15 0.25848976 
499 446 6 12 0.18144822 
44 397 18 34 0.13035925 
357 446 6 10 0.12088405 
217 441 5 8 0.09932196 
521 533 9 15 0.095679596 
214 442 5 6 0.088572085 
341 463 10 15 0.08158829 
185 438 9 11 0.08115283 
303 439 9 13 0.07275915 
742 425 30 47 0.06974359 
472 524 18 29 0.06724931 
355 451 8 13 0.0670807 
500 440 6 12 0.063631214 
358 442 5 8 0.06096109 
251 465 6 10 0.059397444 
235 447 8 12 0.056715835 
487 453 5 8 0.056428194 
358 432 5 10 0.056313556 
756 486 5 8 0.055745196 
388 495 20 26 0.05436778 
225 470 7 11 0.05373979 
245 433 4 7 0.053430162 
401 475 9 11 0.052328203 
231 450 7 12 0.051823203 
466 -55 475 390 0.05048672 
494 432 5 9 0.050206244 
371 426 5 10 0.04854815 
224 453 6 10 0.04779421 
304 453 9 15 0.046039633 
190 435 8 10 0.04592224 
250 461 5 9 0.043772727 
2 479 10 11 0.041371267 
51 406 18 33 0.039866332 
584 418 17 32 0.03848269 
328 454 5 8 0.038426097 
154 428 6 7 0.038131613 
747 465 7 11 0.037866496 
217 446 6 8 0.03768833 
258 454 5 8 0.03763823 
804 482 8 11 0.03659135 
156 547 8 11 0.0362795 
449 474 4 7 0.03611926 
351 462 9 15 0.03579683 
384 513 22 27 0.03578164 
372 421 4 9 0.03560833 
494 453 5 7 0.035204202 
245 430 4 6 0.0344968 
430 474 6 8 0.03420496 
264 440 6 9 0.034104854 
773 472 6 10 0.033973955 
593 436 8 15 0.03359214 
448 478 5 7 0.03261259 
500 435 5 7 0.032064408 
235 433 6 9 0.032019943 
256 458 7 10 0.032008637 
373 504 11 17 0.03147739 
501 478 5 10 0.031464964 
495 447 6 10 0.03085297 
0 442 7 19 0.0306484 
592 418 8 15 0.030560225 
480 503 6 8 0.030546447 
270 402 6 9 0.030245677 
503 439 7 13 0.030100252 
238 429 5 6 0.030090299 
587 434 10 17 0.030073805 
561 425 22 40 0.02982461 
425 467 4 5 0.029794415 
450 492 4 7 0.02897698 
320 542 10 12 0.028964678 
191 472 11 11 0.028585266 
444 479 5 7 0.02856423 
612 463 10 17 0.02841722 
505 434 5 9 0.028010571 
418 479 5 7 0.027655233 
257 435 5 7 0.027519574 
375 494 23 30 0.027482806 
320 401 8 10 0.027300587 
198 440 6 9 0.027264232 
500 429 5 8 0.027220888 
233 429 4 7 0.027210852 
232 423 4 7 0.027145244 
236 440 6 10 0.02664224 
249 434 5 8 0.026411144 
410 478 5 7 0.025855388 
522 519 9 14 0.025825514 
199 445 7 10 0.025799228 
506 429 5 7 0.025698189 
663 487 9 13 0.025696052 
65 475 8 14 0.02542727 
2 434 17 24 0.025396354 
0 549 5 10 0.025242297 
660 502 9 13 0.024892442 
368 420 5 9 0.024878405 
371 444 6 12 0.024706868 
488 458 5 8 0.024560096 
223 449 6 8 0.02455441 
335 519 4 7 0.024545453 
129 433 7 10 0.024423322 
60 412 18 31 0.024423147 
1 554 5 10 0.024152659 
320 511 7 11 0.024074282 
757 490 6 9 0.024060205 
496 438 14 24 0.02398184 
549 522 20 34 0.023934258 
418 514 23 28 0.023923256 
647 472 8 10 0.023878269 
769 485 7 11 0.023877926 
203 445 7 10 0.023873733 
327 458 7 11 0.023834582 
473 447 5 8 0.023778426 
373 431 4 8 0.023577724 
517 433 6 11 0.023552125 
421 479 6 7 0.023522645 
740 444 7 14 0.02348496 
244 459 7 10 0.023262722 
355 459 9 17 0.02325419 
9 523 9 10 0.023213904 
707 437 10 15 0.023206187 
444 474 4 7 0.023181306 
486 447 7 11 0.02286042 
606 466 16 31 0.022836586 
418 476 4 5 0.022808744 
241 27 34 21 0.02278916 
511 446 6 10 0.022703312 
583 528 7 12 0.022701288 
314 457 8 13 0.02261969 
723 434 6 9 0.022591412 
382 407 4 7 0.02254783 
133 433 7 10 0.02239865 
585 376 8 10 0.022363525 
452 500 8 10 0.022301592 
801 480 7 10 0.022141766 
285 444 10 16 0.021922994 
465 513 9 16 0.021905478 
482 452 5 8 0.021879885 
158 433 8 9 0.02186058 
314 447 7 12 0.021792838 
525 428 5 9 0.02174275 
345 453 6 10 0.021690112 
453 492 6 8 0.021650845 
99 412 16 29 0.021639276 
167 546 7 10 0.021512872 
206 442 5 7 0.021460239 
932 619 20 23 0.021418024 
256 420 7 9 0.021370662 
197 435 7 8 0.021354204 
218 437 5 7 0.021318465 
346 447 5 7 0.021262469 
736 418 8 12 0.021232994 
367 417 5 8 0.02117188 
1 432 7 14 0.02111587 
650 473 10 12 0.021059075 
225 439 6 9 0.020941088 
463 547 9 15 0.020900836 
450 540 8 13 0.020884246 
506 449 6 11 0.02069765 
322 397 7 9 0.020514946 
609 458 8 14 0.020459061 
187 414 5 9 0.020422142 
0 386 5 19 0.020262416 
415 520 11 14 0.020254578 
500 459 6 9 0.020226577 
397 520 22 28 0.020129517 
228 433 15 21 0.020049205 
224 536 5 9 0.020029187 
