23_Shoppers_Shoppers_23_607
306
236 301 180 238 0.9992667 
170 1217 12 18 0.31880233 
116 1261 8 14 0.18532991 
686 658 318 377 0.16121916 
174 1280 11 18 0.15199625 
147 1238 9 15 0.14735445 
130 1234 8 13 0.12482827 
136 1239 9 13 0.12082671 
188 1223 9 16 0.118023105 
548 1295 11 17 0.10827464 
136 1416 7 11 0.101946086 
87 1366 8 14 0.100716 
100 1310 8 14 0.099804424 
99 1455 8 13 0.09953801 
92 1455 7 13 0.097766705 
174 1432 10 15 0.08423269 
105 1309 9 15 0.082119726 
455 914 10 14 0.080437794 
139 1424 7 12 0.0788761 
131 1415 7 12 0.07792519 
185 1503 7 13 0.076974995 
152 1267 10 16 0.0741172 
201 1442 10 16 0.0732759 
212 1418 8 11 0.070673585 
106 1454 8 13 0.06966945 
128 1386 8 14 0.06408143 
137 1435 7 12 0.06353196 
169 1436 8 12 0.06320035 
231 1411 8 14 0.061360843 
129 1253 7 11 0.06121783 
110 1251 8 12 0.059216812 
264 1424 8 16 0.05876678 
484 1481 7 14 0.05860175 
157 1473 7 13 0.058334433 
111 1219 7 13 0.058009293 
543 1291 9 16 0.055233113 
115 1242 8 13 0.054390833 
139 1220 8 13 0.05428875 
214 1193 10 14 0.05390831 
159 1223 9 15 0.053330317 
117 1219 8 14 0.053321652 
98 1337 9 17 0.05263488 
232 1307 9 14 0.052122332 
112 1267 9 15 0.051022694 
121 1462 7 13 0.050644778 
478 1484 7 13 0.050513316 
234 1345 9 14 0.048664097 
329 1178 10 16 0.048318177 
89 1337 9 18 0.047947828 
116 1252 7 12 0.046605673 
149 1262 9 16 0.04633178 
126 1259 8 13 0.045665924 
471 1329 9 15 0.043203697 
126 1221 9 13 0.043081198 
108 1343 9 16 0.04180256 
158 1445 7 11 0.04176451 
138 1298 9 16 0.041283254 
144 1306 8 14 0.041109294 
126 1297 8 16 0.040976338 
467 1329 8 14 0.040695377 
567 1490 40 75 0.040631272 
138 1346 8 15 0.040086925 
503 1334 8 13 0.03942666 
83 1367 7 13 0.039109662 
227 1413 8 12 0.038602713 
145 1494 8 12 0.038439155 
206 1196 8 12 0.038117073 
120 1299 8 14 0.037844997 
136 1251 8 12 0.037277162 
428 1465 7 13 0.03668478 
166 1442 8 12 0.036571085 
573 1587 16 34 0.036526524 
110 1242 7 13 0.036037344 
88 1316 8 14 0.035882354 
126 1462 8 15 0.035869364 
101 1297 8 13 0.0357159 
371 918 7 10 0.035518512 
138 1408 6 10 0.035505775 
592 1485 39 76 0.035453442 
111 1204 6 10 0.035353784 
132 1483 5 10 0.035209734 
130 1437 7 11 0.03488782 
242 1201 7 13 0.03480292 
138 1442 6 11 0.034687735 
524 1584 17 35 0.034578912 
158 1436 6 11 0.034452755 
226 1261 9 13 0.034435075 
72 1424 6 13 0.034285266 
232 1261 9 14 0.03381989 
156 1278 8 13 0.03380294 
129 1408 6 10 0.033642065 
492 1318 8 13 0.033596106 
156 1229 9 15 0.033406626 
100 1251 7 13 0.033396244 
226 1305 10 17 0.033263624 
130 1443 6 10 0.033240627 
599 1574 21 45 0.033110935 
149 1445 6 10 0.03282188 
349 907 8 11 0.03260496 
375 934 8 14 0.032583732 
181 1434 9 14 0.03257599 
106 1299 7 14 0.032520566 
177 1484 7 12 0.032422792 
81 1374 7 12 0.03229389 
547 1584 17 35 0.03222665 
176 1441 8 12 0.031930637 
242 1434 8 14 0.031798765 
236 1435 8 12 0.03130617 
108 1394 7 13 0.03101033 
509 1584 17 36 0.030910673 
588 1583 18 38 0.030897075 
196 1407 7 10 0.030804485 
204 1406 7 11 0.030728873 
178 1491 5 11 0.030557005 
323 1180 8 15 0.030555118 
281 1584 17 34 0.03052794 
488 1318 7 13 0.030519385 
95 1271 9 14 0.030228771 
225 1214 8 12 0.029922493 
159 1415 7 11 0.029862564 
438 918 6 8 0.029776601 
127 1473 6 11 0.02968779 
243 1306 8 13 0.029659152 
166 1227 10 15 0.029617652 
89 1415 8 14 0.02950422 
203 1450 9 15 0.029421508 
429 1338 7 12 0.029384997 
159 1453 6 10 0.029198466 
96 610 609 573 0.029192505 
417 1402 8 16 0.029073969 
540 1344 7 13 0.028925505 
120 1445 6 10 0.028872829 
514 1520 8 14 0.028720602 
170 1280 8 15 0.02857804 
119 1455 7 11 0.028435182 
236 1202 7 13 0.02825561 
137 1260 8 13 0.028225297 
144 1221 8 13 0.028157633 
526 1329 8 13 0.028148709 
136 1386 8 13 0.02812512 
402 1431 9 17 0.027891718 
197 1193 7 12 0.02780668 
125 1212 9 15 0.027762957 
115 1344 9 15 0.027750859 
268 1423 10 18 0.027739985 
137 1354 7 14 0.027638093 
417 1338 6 11 0.027501933 
397 915 8 10 0.027418604 
244 1154 7 11 0.027203547 
172 1227 11 16 0.027119594 
90 1310 7 13 0.027083777 
207 1425 7 11 0.027031578 
245 1164 7 12 0.027006568 
101 1366 7 14 0.026939383 
489 1584 17 36 0.026831578 
189 1204 7 11 0.026745409 
438 1406 7 13 0.026643453 
477 1491 6 10 0.026588652 
144 1425 8 12 0.026580704 
457 1330 6 11 0.026506802 
188 1396 7 12 0.026501132 
420 1348 6 11 0.026480865 
176 1415 7 11 0.026397955 
85 1357 9 16 0.026344342 
512 1338 7 11 0.026304707 
129 1356 8 14 0.02628101 
254 1307 8 14 0.026107207 
245 1414 8 14 0.025939597 
622 1571 21 45 0.025760176 
157 1465 7 12 0.025689486 
121 1473 7 12 0.025651999 
263 1586 15 32 0.02560849 
138 1493 7 12 0.025582971 
184 1442 8 13 0.025579702 
389 1454 7 13 0.02556547 
137 1482 6 11 0.025556188 
194 1214 8 12 0.025509631 
197 1435 8 14 0.025411785 
455 909 8 10 0.025355812 
116 1278 8 13 0.025343852 
91 1445 7 13 0.025329534 
121 1385 7 15 0.025128176 
419 1442 7 14 0.025083141 
168 1494 6 10 0.025056073 
410 1339 6 10 0.024998961 
552 1490 10 16 0.02495429 
140 1307 8 13 0.02486121 
212 1297 10 18 0.024772046 
102 1476 7 11 0.024662815 
261 1156 8 13 0.024571463 
108 1407 7 12 0.024570197 
429 916 6 9 0.0245305 
549 1271 8 13 0.024475913 
129 1347 8 15 0.024380798 
428 1366 8 14 0.02431049 
251 1415 8 15 0.024019133 
143 1212 9 15 0.023924658 
293 1585 17 34 0.023840077 
118 1232 8 13 0.023831934 
428 1317 8 13 0.023792915 
232 1287 11 17 0.023668328 
314 1194 7 12 0.023599757 
149 1249 9 15 0.023581412 
146 1416 7 11 0.023561578 
78 1423 8 15 0.023433633 
465 1319 8 13 0.02329201 
466 916 7 11 0.023250693 
193 1416 8 11 0.02321359 
89 1406 8 14 0.02318149 
205 1378 8 13 0.023163427 
518 1286 11 16 0.02314916 
106 1356 9 14 0.02290599 
180 1503 7 12 0.02290265 
280 1182 7 14 0.022897404 
131 1492 6 11 0.022858035 
255 1300 8 13 0.022856243 
166 1416 7 11 0.022832837 
245 1482 7 11 0.02277066 
535 1339 7 12 0.022761159 
118 1195 6 11 0.02256571 
434 1338 8 14 0.022484474 
534 1290 8 13 0.02245853 
106 1413 9 13 0.022456152 
236 1149 7 10 0.022454614 
408 915 7 9 0.022445604 
109 1232 7 13 0.022428824 
92 1224 6 9 0.022418093 
644 2 14 21 0.02231667 
514 1384 7 13 0.02227582 
100 1224 6 11 0.022224013 
147 1407 6 11 0.022223497 
447 916 8 11 0.022177836 
419 1395 9 17 0.02213125 
150 1475 6 10 0.022123488 
272 1463 7 15 0.022116948 
97 1433 9 16 0.022107277 
447 1329 7 11 0.022088267 
176 1408 8 11 0.022076003 
254 1421 7 14 0.022069316 
190 1303 13 19 0.022067033 
156 1212 8 14 0.022059515 
260 1308 9 14 0.022052074 
542 1242 8 12 0.022032462 
217 1482 7 11 0.022010298 
167 1203 8 12 0.021981746 
498 1423 7 15 0.021981267 
168 1257 10 17 0.021942507 
274 1453 8 14 0.021938892 
427 1358 8 13 0.021926872 
427 1454 7 13 0.021871768 
448 1444 6 11 0.021846835 
166 1483 6 11 0.021846117 
418 916 6 9 0.021832207 
188 1213 7 12 0.021778561 
202 1258 10 14 0.021693066 
99 1415 8 14 0.021587437 
120 1405 7 11 0.021572776 
542 1516 31 56 0.021569354 
436 1317 7 12 0.021563279 
182 1214 19 31 0.021496639 
473 916 8 10 0.02142545 
437 922 6 11 0.021418734 
235 1282 9 13 0.021414896 
244 1211 7 12 0.021380028 
193 1205 7 11 0.021360867 
367 1174 8 14 0.021317275 
314 1203 7 13 0.0213071 
550 1279 9 14 0.021278879 
968 505 45 86 0.021270813 
437 1309 8 14 0.02116748 
639 1565 24 49 0.021158447 
242 1148 8 11 0.021156384 
80 1440 8 13 0.02113917 
216 1215 7 11 0.02107476 
400 1424 8 16 0.021033881 
543 1305 9 15 0.020972813 
295 1191 8 15 0.020961283 
119 1395 7 13 0.020951457 
538 1425 58 107 0.020904744 
92 1277 8 15 0.020901969 
197 1377 8 12 0.020875717 
468 922 7 12 0.02086342 
170 1427 7 11 0.020858767 
497 1431 6 13 0.020830536 
216 1443 8 13 0.020822564 
159 1408 7 10 0.020821882 
206 1214 7 10 0.020775931 
282 1424 9 17 0.020719802 
496 1337 7 12 0.020704478 
270 1444 59 90 0.020680102 
426 1415 7 12 0.020674277 
436 1330 7 12 0.020647842 
475 1590 16 32 0.020629635 
120 1290 8 14 0.020624489 
108 1375 7 13 0.020557646 
542 1287 20 33 0.0205501 
135 1319 8 13 0.020431679 
504 1434 7 12 0.020368392 
434 1365 8 15 0.020354642 
197 1259 9 14 0.020348074 
358 1202 9 15 0.020340594 
400 1305 8 15 0.020260539 
426 1348 7 12 0.020253433 
762 466 47 67 0.020176493 
525 1337 7 11 0.020165179 
74 1375 6 12 0.020148866 
