23_Shoppers_Shoppers_23_817
124
355 607 12 19 0.32260805 
556 493 15 19 0.24230944 
329 544 11 18 0.23802248 
419 655 12 20 0.18798958 
381 603 14 21 0.18692137 
534 471 15 14 0.15562905 
404 518 12 22 0.14728926 
404 593 545 567 0.14718792 
58 379 365 608 0.1350708 
856 65 79 164 0.1176379 
687 521 15 12 0.11720432 
569 -33 328 445 0.11675334 
357 568 21 47 0.1158892 
533 523 17 16 0.11348385 
331 581 11 18 0.112244144 
352 540 12 19 0.09964993 
706 512 16 12 0.09789136 
606 572 23 30 0.09391785 
425 579 17 26 0.08645563 
400 387 14 17 0.084564485 
486 592 21 37 0.078942664 
322 572 9 17 0.07625094 
538 491 14 15 0.07526005 
382 612 16 27 0.074643105 
323 4 418 510 0.072815605 
733 520 15 12 0.07248329 
547 468 17 13 0.071520075 
320 441 15 25 0.070060484 
316 573 9 18 0.07002707 
490 538 17 24 0.06981458 
634 556 18 17 0.0688469 
401 654 10 19 0.06539988 
409 661 18 33 0.06325541 
367 590 13 24 0.057889655 
382 672 10 20 0.057625763 
294 566 13 24 0.054116316 
373 620 19 34 0.053180654 
384 363 16 20 0.05028 
559 504 14 18 0.048806153 
410 405 13 18 0.048518714 
588 553 18 18 0.046127804 
397 372 24 30 0.045942836 
792 537 12 12 0.04529778 
640 528 16 13 0.044668715 
363 561 10 22 0.043587774 
752 570 14 13 0.04327914 
349 407 27 38 0.04247072 
328 574 11 17 0.042331412 
730 535 17 14 0.041066863 
528 476 22 24 0.04081019 
768 524 13 12 0.04063382 
426 568 15 22 0.040288247 
548 461 17 13 0.040088743 
560 515 15 17 0.03973743 
401 672 15 28 0.03957507 
368 564 9 18 0.039198115 
296 581 10 21 0.03861856 
375 638 14 27 0.038102295 
712 538 27 25 0.037574295 
301 565 9 17 0.03708603 
448 525 15 20 0.036576577 
410 390 11 15 0.035989337 
418 493 14 17 0.035873108 
402 369 15 17 0.03496161 
337 604 11 18 0.03455174 
264 511 10 21 0.034250826 
379 702 12 23 0.033401962 
354 405 356 575 0.033275843 
436 595 12 22 0.03274058 
687 532 17 15 0.032494016 
348 536 22 37 0.03192352 
751 538 14 12 0.03107319 
319 636 11 19 0.030766029 
392 543 16 25 0.030030506 
551 455 13 11 0.029683555 
287 553 25 43 0.028482532 
53 39 209 274 0.028260171 
422 595 11 19 0.028252728 
345 558 11 20 0.02798614 
426 475 15 16 0.02794596 
582 479 16 14 0.027732603 
659 527 12 11 0.027021773 
544 626 10 14 0.026880667 
532 541 15 18 0.026846789 
287 601 10 17 0.026685404 
403 364 12 12 0.026651084 
392 366 15 18 0.02645596 
342 566 19 37 0.0262744 
577 460 14 13 0.026077125 
410 496 13 18 0.025650896 
741 610 14 12 0.025409648 
314 444 26 42 0.02520518 
365 390 25 35 0.02503438 
377 590 11 20 0.02432886 
392 490 13 18 0.024049982 
726 522 28 20 0.023972426 
595 452 14 10 0.023958914 
373 368 23 29 0.023935545 
318 475 26 41 0.023761017 
378 385 25 35 0.023663359 
633 516 10 12 0.023619069 
363 627 21 37 0.02342664 
403 470 7 11 0.022797573 
345 447 11 17 0.022660788 
354 585 13 23 0.022585627 
428 560 9 16 0.022154314 
372 403 26 37 0.022105517 
433 638 15 23 0.022030914 
442 532 21 32 0.02196201 
460 667 12 16 0.02190514 
715 516 13 12 0.021904152 
716 538 13 12 0.021705203 
302 582 9 18 0.021372205 
429 380 7 8 0.021340705 
454 666 21 33 0.020966033 
403 494 41 56 0.020870248 
580 485 15 21 0.020621156 
577 454 13 10 0.020423044 
705 524 16 12 0.020354722 
726 527 13 10 0.020313507 
574 561 13 13 0.020148896 
400 389 24 31 0.020082224 
308 598 8 16 0.020033905 
330 439 22 34 0.020028714 
