59_peopledrivingcar_peopledrivingcar_59_283
22
217 67 131 240 0.99876654 
487 155 63 137 0.99716645 
336 144 70 131 0.3572113 
541 519 44 43 0.1389288 
149 -48 270 391 0.12191364 
598 -12 152 97 0.095902376 
819 318 38 63 0.056337204 
108 350 268 399 0.05207551 
443 180 75 113 0.04352013 
896 430 22 35 0.037256964 
870 227 44 52 0.035912562 
701 535 52 57 0.033335302 
895 640 18 30 0.027709419 
721 315 18 32 0.026433868 
270 96 174 178 0.026114628 
954 348 84 105 0.02488986 
445 601 10 17 0.02384667 
1028 412 18 33 0.023320258 
698 7 63 51 0.023182563 
132 307 8 14 0.021718442 
593 531 51 42 0.020826774 
381 177 82 120 0.020648664 
