59_peopledrivingcar_peopledrivingcar_59_690
30
297 246 35 73 0.99908686 
748 287 46 71 0.9974533 
804 359 39 52 0.061805997 
724 483 34 42 0.053300183 
506 44 5 7 0.04855748 
147 322 20 37 0.039206877 
17 79 7 9 0.03895077 
531 55 9 13 0.038402203 
382 466 24 37 0.034203205 
65 75 6 10 0.03413776 
391 50 4 6 0.03171223 
335 378 17 25 0.031588033 
562 34 10 13 0.030496161 
545 57 6 9 0.02533505 
573 52 10 14 0.02532851 
0 96 3 6 0.024761964 
512 44 4 7 0.023817798 
778 584 22 29 0.023780456 
519 44 5 7 0.023043394 
14 77 6 8 0.02297327 
12 70 5 6 0.022369776 
-5 53 60 71 0.021364082 
442 102 7 6 0.021204298 
446 102 7 7 0.02092908 
69 76 6 9 0.020912101 
97 605 4 8 0.020579267 
507 47 5 10 0.020578355 
211 263 299 306 0.02054526 
573 90 11 13 0.020281015 
530 41 10 12 0.020143827 
