59_peopledrivingcar_peopledrivingcar_59_401
37
211 252 169 211 0.9999442 
396 255 104 135 0.9994848 
636 346 12 19 0.5460483 
661 346 10 15 0.06667406 
792 381 272 338 0.06345163 
660 330 8 13 0.05654354 
900 51 10 11 0.049484514 
908 16 10 16 0.045428947 
676 349 11 15 0.045080476 
465 307 9 17 0.041570842 
615 345 10 20 0.04101357 
968 50 8 12 0.039470986 
608 3 13 13 0.037743866 
834 29 7 13 0.03649588 
911 45 10 12 0.03498185 
647 12 18 24 0.034702267 
525 285 9 14 0.03285627 
888 95 9 11 0.03168725 
872 101 13 13 0.03127052 
599 344 16 25 0.028166339 
500 299 7 11 0.027941227 
866 107 22 24 0.02685957 
670 314 8 11 0.026763277 
619 4 12 12 0.026233668 
882 106 24 23 0.025881786 
504 261 9 14 0.024692487 
758 50 8 13 0.024422843 
564 -18 191 136 0.024284055 
490 269 10 20 0.024032256 
907 48 10 12 0.02252215 
657 1 12 9 0.021696936 
498 304 9 14 0.021625914 
503 296 6 10 0.021473203 
626 344 15 23 0.020684224 
1029 121 17 31 0.020304393 
641 0 13 11 0.02022226 
624 361 10 16 0.020051634 
