59_peopledrivingcar_peopledrivingcar_59_659
43
185 253 29 34 0.98246735 
791 324 22 34 0.9819179 
297 274 21 32 0.97141707 
511 243 20 26 0.91083926 
256 245 21 32 0.8304817 
595 256 15 30 0.6756147 
776 383 12 15 0.34962687 
244 251 24 29 0.23285607 
196 97 361 379 0.12836011 
200 471 26 40 0.11094157 
586 494 11 18 0.04464372 
575 553 49 48 0.042475477 
434 405 316 410 0.040610474 
327 425 25 21 0.03710398 
798 335 24 34 0.03674103 
458 248 7 10 0.035691455 
498 246 36 52 0.034895893 
486 92 351 346 0.03334402 
-112 415 470 368 0.031788614 
603 263 11 19 0.03162799 
565 563 27 31 0.02905903 
790 316 11 23 0.028811138 
579 497 12 16 0.027485486 
1097 405 11 20 0.026229953 
768 379 22 33 0.025160287 
393 465 10 12 0.024747688 
593 501 9 14 0.024639014 
593 254 10 17 0.024279416 
306 159 17 29 0.02343094 
176 257 17 18 0.023292743 
242 556 433 348 0.021729901 
729 424 42 56 0.02149908 
234 241 20 30 0.02140965 
393 474 12 14 0.021188203 
576 257 24 27 0.02117587 
268 235 19 30 0.02098538 
687 588 22 24 0.020879297 
1084 357 16 30 0.02037474 
205 264 12 17 0.02035167 
747 444 11 16 0.020256536 
1052 394 13 23 0.020137632 
137 229 303 449 0.020069445 
1095 457 10 18 0.020006942 
