59_peopledrivingcar_peopledrivingcar_59_704
18
478 38 45 62 0.9998727 
333 88 44 54 0.9997855 
766 93 50 65 0.99963284 
627 14 52 76 0.99907696 
166 85 54 75 0.99814916 
442 176 62 90 0.99697423 
863 132 65 84 0.99669844 
101 200 65 77 0.99436176 
602 255 27 29 0.4032164 
745 306 180 274 0.09853512 
143 163 312 526 0.07447145 
714 286 10 15 0.046438072 
934 310 44 99 0.030974708 
295 83 268 482 0.025315981 
416 227 310 451 0.025255911 
752 487 40 46 0.023252685 
227 167 77 135 0.02273931 
544 315 26 42 0.021478651 
