59_peopledrivingcar_peopledrivingcar_59_532
163
132 51 21 28 0.9973953 
64 88 25 32 0.9905233 
232 50 22 33 0.9878835 
172 91 24 29 0.97601026 
0 71 24 34 0.9672346 
97 53 20 26 0.8630042 
295 73 23 28 0.71429926 
204 104 27 23 0.5204303 
855 24 11 18 0.44322988 
198 372 318 317 0.434988 
818 83 10 16 0.3744158 
737 65 27 41 0.36460474 
504 90 11 16 0.23460248 
674 103 10 12 0.18536033 
845 164 8 12 0.17902493 
652 328 10 20 0.17538765 
944 128 12 16 0.15646376 
52 82 24 35 0.13366838 
243 472 35 50 0.12076927 
743 115 18 34 0.1126743 
843 104 9 11 0.10102735 
381 97 18 21 0.09824005 
513 113 13 16 0.09668697 
516 228 15 25 0.08682773 
879 83 12 17 0.08571872 
644 331 10 17 0.0853606 
458 269 8 9 0.085338995 
714 127 14 17 0.08312516 
527 208 39 57 0.08006714 
651 102 15 15 0.07856504 
861 113 8 11 0.07482435 
83 47 28 38 0.07340287 
826 107 7 10 0.07149447 
784 128 17 21 0.070727795 
258 124 13 19 0.06813089 
812 105 8 13 0.061508127 
307 77 13 17 0.058787584 
869 124 9 15 0.055311467 
88 58 14 18 0.055016674 
1011 127 6 11 0.0550158 
401 84 12 14 0.051960263 
814 85 8 14 0.051894326 
623 191 11 14 0.05010277 
822 88 9 15 0.049522053 
847 100 8 12 0.047972474 
374 179 20 22 0.046102088 
860 159 6 8 0.045594823 
940 87 7 9 0.04484857 
464 35 8 12 0.043031342 
845 142 9 12 0.042569354 
643 332 18 32 0.041463368 
806 47 8 12 0.04089082 
873 118 10 15 0.04048477 
792 29 8 11 0.040466763 
580 60 10 11 0.039100923 
807 3 8 10 0.038418487 
588 82 21 25 0.037283834 
697 100 8 10 0.036296483 
773 35 9 12 0.035533905 
727 100 10 12 0.035122015 
869 114 8 12 0.03463132 
747 175 12 14 0.034568608 
866 127 7 10 0.034146287 
78 65 23 27 0.034020267 
848 158 7 10 0.032866437 
108 57 13 17 0.032698132 
808 106 8 12 0.032690343 
185 97 13 17 0.032447018 
390 196 38 60 0.031897556 
451 280 9 11 0.031551197 
216 114 14 15 0.031195972 
670 108 10 14 0.03110646 
557 91 9 12 0.0310932 
464 53 12 17 0.031042734 
640 371 10 18 0.03103355 
793 24 8 11 0.031014647 
1021 119 5 10 0.030826407 
682 106 8 10 0.030600281 
1020 131 5 11 0.030485446 
969 18 7 9 0.030478798 
849 153 6 9 0.02997745 
856 85 8 11 0.029631162 
861 30 9 16 0.029615872 
830 11 6 8 0.029400209 
825 5 7 7 0.029292008 
831 86 8 14 0.028957833 
1010 28 8 10 0.028757391 
539 205 21 32 0.02873502 
849 30 10 16 0.028596314 
321 4 7 7 0.028524218 
722 101 9 11 0.028372413 
807 21 8 11 0.02827076 
926 82 6 8 0.028270448 
817 109 8 14 0.028163884 
858 108 16 21 0.028149543 
979 107 8 10 0.027494187 
817 11 7 8 0.027290197 
662 103 12 14 0.02721798 
781 301 61 119 0.026752904 
967 99 8 12 0.026374226 
829 151 7 9 0.026227277 
775 263 31 51 0.02617581 
972 33 79 94 0.02597438 
785 149 13 17 0.025784383 
825 10 8 9 0.025666593 
231 105 18 25 0.025441311 
536 93 11 12 0.025338186 
740 33 8 11 0.025325509 
636 362 80 100 0.025186906 
839 101 7 11 0.024991326 
1019 28 7 12 0.024767471 
862 115 31 38 0.024749568 
875 127 10 14 0.024647145 
831 6 5 7 0.024454832 
459 38 11 15 0.024440708 
806 86 6 11 0.024424769 
69 55 24 27 0.02409462 
938 143 9 16 0.024063125 
887 81 8 13 0.024027333 
997 109 6 8 0.023464113 
992 113 6 9 0.02340771 
203 109 38 41 0.02338682 
870 83 9 15 0.023361346 
721 68 8 12 0.023115693 
579 81 10 12 0.022893667 
1019 24 15 21 0.02282179 
812 9 8 10 0.022772342 
862 153 6 7 0.022765579 
811 268 20 33 0.02276346 
287 80 21 29 0.02276257 
936 88 6 8 0.022607865 
987 94 7 10 0.022603689 
1021 133 13 23 0.0225728 
764 74 10 17 0.022439651 
788 31 8 10 0.022327907 
633 356 8 14 0.02217341 
851 18 8 14 0.021974228 
397 87 9 10 0.021853687 
864 148 6 7 0.021721192 
820 100 17 22 0.021671953 
1018 71 9 14 0.021527573 
950 84 10 13 0.02142648 
753 28 11 12 0.02116371 
858 128 6 8 0.021124791 
61 96 16 17 0.0211115 
1009 109 5 7 0.021039782 
945 85 9 11 0.020750286 
537 80 39 44 0.020731252 
858 138 7 8 0.020672154 
546 219 12 15 0.02066004 
812 41 8 13 0.02062183 
939 120 8 11 0.020617446 
490 88 7 12 0.02053327 
856 0 9 9 0.020521265 
321 430 82 120 0.02051528 
797 104 9 11 0.020482631 
934 129 8 13 0.020346737 
936 83 5 7 0.020325353 
759 323 7 12 0.020106252 
965 82 8 10 0.020079903 
933 119 8 11 0.020035103 
438 177 19 37 0.02002678 
810 17 9 10 0.020017574 
