59_peopledrivingcar_peopledrivingcar_59_404
45
865 180 49 65 0.999579 
792 107 22 30 0.4624457 
713 278 23 32 0.41752735 
696 85 13 17 0.3165622 
812 87 21 26 0.30049482 
741 84 13 16 0.12506963 
765 280 40 41 0.09807037 
637 179 81 87 0.07282179 
598 196 49 48 0.06939096 
802 94 25 32 0.055573076 
749 295 29 26 0.050874326 
720 292 22 34 0.04733895 
861 73 11 14 0.045143604 
554 501 47 51 0.040286504 
1015 578 10 13 0.03629298 
719 274 15 20 0.03579433 
674 206 84 102 0.03542399 
579 516 26 29 0.033738762 
16 318 121 87 0.033560302 
143 449 74 52 0.033105653 
815 186 36 50 0.030703347 
624 582 42 41 0.029154371 
708 152 46 45 0.027295288 
620 35 176 184 0.027284373 
871 23 73 122 0.02726142 
525 145 7 9 0.026614916 
23 302 381 348 0.02612356 
739 82 21 32 0.025722362 
494 151 25 26 0.02556463 
184 389 101 87 0.02531744 
713 250 28 35 0.0251588 
770 80 61 72 0.024792245 
846 115 25 28 0.024347082 
640 560 51 49 0.024200803 
810 80 12 20 0.023547404 
240 440 45 48 0.023303565 
523 164 22 23 0.023142591 
741 11 38 57 0.02285202 
557 191 26 25 0.022755072 
850 98 37 54 0.021676695 
545 216 14 11 0.021365687 
591 205 32 28 0.021352524 
716 30 16 25 0.021340005 
562 347 23 31 0.020656895 
556 106 39 47 0.020365441 
