59_peopledrivingcar_peopledrivingcar_59_856
126
185 254 22 22 0.9948571 
559 246 12 18 0.5621609 
450 276 13 14 0.3032473 
77 333 9 10 0.09247274 
45 317 5 7 0.08295921 
122 338 11 12 0.073103145 
231 353 12 14 0.071212046 
68 329 8 9 0.06833318 
958 312 8 10 0.06368558 
482 343 11 13 0.058976028 
120 319 9 10 0.058772173 
796 329 4 6 0.056624845 
156 363 12 12 0.055284917 
1 302 6 11 0.053120792 
566 250 11 17 0.049672984 
200 337 13 15 0.048055537 
563 315 5 7 0.047369763 
814 317 5 5 0.047207635 
480 353 7 10 0.046617117 
101 358 7 8 0.045966722 
107 393 7 9 0.044990417 
0 571 16 31 0.04426278 
801 329 4 6 0.04318745 
819 317 5 5 0.041933473 
106 334 11 12 0.041395254 
838 317 5 5 0.040900297 
796 324 4 5 0.04061243 
62 91 7 12 0.03985812 
112 338 11 11 0.039525673 
615 379 5 7 0.039249953 
846 316 5 5 0.038928177 
148 269 19 23 0.038674228 
810 175 10 17 0.038653567 
96 328 8 9 0.037993357 
832 304 5 5 0.037461735 
679 3 8 9 0.0371699 
120 328 9 11 0.036982443 
819 311 6 6 0.035789084 
200 345 21 24 0.03481662 
845 338 5 4 0.03450943 
114 329 9 10 0.034294035 
851 316 6 5 0.03415123 
4 303 6 9 0.033860777 
835 317 4 4 0.033815093 
803 311 4 5 0.03358483 
807 331 5 5 0.033155676 
324 312 11 11 0.033094972 
572 310 7 8 0.03244735 
196 307 12 14 0.03229853 
33 318 5 7 0.03209248 
820 306 5 4 0.032026682 
216 347 22 24 0.031730372 
846 312 6 6 0.031078447 
115 315 10 12 0.030554622 
800 325 4 5 0.03005282 
480 346 20 24 0.029773753 
585 283 4 7 0.029685162 
815 312 5 5 0.029499209 
64 333 8 8 0.029112123 
659 394 5 7 0.028668284 
871 337 5 5 0.028588122 
474 354 8 10 0.028308498 
258 90 6 11 0.027585564 
95 338 11 12 0.027531419 
34 321 5 8 0.027163591 
107 366 23 21 0.02671576 
859 310 5 6 0.026590776 
160 96 6 11 0.02652337 
826 305 5 5 0.026362069 
558 316 5 6 0.026231846 
45 342 7 9 0.026135681 
167 413 396 365 0.02546548 
163 369 11 13 0.025448212 
622 374 5 5 0.025397735 
832 300 4 4 0.02529054 
549 336 9 9 0.025202598 
45 320 6 9 0.024988571 
796 318 4 5 0.024761505 
110 91 6 12 0.024651328 
839 313 5 4 0.024359943 
624 371 3 3 0.024301102 
584 279 5 7 0.02413593 
636 370 5 4 0.023991946 
861 305 4 6 0.023952534 
814 323 4 5 0.023907844 
99 333 11 13 0.023715952 
641 368 5 6 0.023668328 
835 312 4 4 0.023584716 
320 311 8 8 0.023524145 
573 257 9 12 0.023523754 
853 337 5 4 0.023335388 
170 365 9 11 0.023312086 
828 300 4 3 0.022914564 
150 99 5 9 0.022875255 
155 364 21 23 0.022849808 
858 336 5 5 0.022659045 
205 333 21 27 0.022619436 
811 167 9 15 0.022448776 
807 335 5 6 0.022393579 
661 419 6 6 0.022135625 
0 282 4 10 0.021920398 
110 86 4 8 0.021835573 
1 271 5 11 0.021748552 
68 210 10 13 0.02173988 
241 315 12 11 0.02157548 
591 291 4 6 0.021526666 
649 399 4 6 0.02149331 
484 311 35 45 0.021462753 
865 336 6 5 0.02143766 
802 335 5 6 0.021416094 
27 291 5 7 0.021380963 
490 369 10 11 0.02134792 
810 318 4 4 0.021295767 
168 317 17 15 0.021129934 
39 355 7 7 0.021022452 
5 297 6 9 0.020976879 
40 316 5 7 0.020732274 
769 331 5 5 0.020676652 
8 361 5 7 0.02066833 
0 328 3 9 0.020632245 
215 364 11 13 0.020615188 
619 399 7 10 0.020602843 
33 303 6 8 0.020329 
473 316 6 7 0.020234989 
57 323 5 6 0.020231389 
34 310 4 6 0.020184541 
