59_peopledrivingcar_peopledrivingcar_59_1019
88
93 549 20 27 0.99820495 
124 559 16 22 0.58860666 
963 514 28 43 0.5792979 
729 514 51 121 0.4766984 
951 605 21 36 0.47484908 
275 488 57 109 0.26018265 
299 496 19 43 0.2296166 
237 66 7 12 0.20473047 
880 453 22 44 0.17264639 
264 42 10 14 0.14006525 
234 25 10 14 0.12404478 
804 431 27 51 0.11568696 
769 430 22 44 0.10777666 
1 329 11 16 0.0634849 
700 496 17 30 0.060007997 
274 55 9 13 0.050220344 
290 48 9 13 0.047518283 
204 3 10 11 0.047057968 
701 567 254 470 0.04655328 
578 471 254 485 0.045188755 
298 71 9 14 0.044966258 
241 12 8 10 0.044210818 
798 524 57 135 0.043833777 
208 10 8 12 0.042657074 
4 403 9 16 0.041603457 
258 22 9 13 0.041275337 
280 21 9 13 0.038680065 
182 23 9 12 0.03845191 
234 438 134 208 0.037913695 
935 592 34 62 0.03789891 
171 0 11 13 0.03785446 
267 81 10 14 0.035970822 
280 28 9 14 0.034621987 
788 442 32 56 0.033982694 
184 42 8 11 0.031885695 
4 466 15 25 0.030994944 
51 321 11 14 0.03095188 
1007 622 12 18 0.03089338 
227 10 8 11 0.03063934 
333 410 249 369 0.030512406 
233 32 10 15 0.029540192 
211 37 7 9 0.029537579 
287 5 10 14 0.02940714 
357 245 71 96 0.029064484 
1031 707 30 59 0.02880156 
216 58 11 14 0.028285667 
73 227 9 12 0.028109947 
686 596 56 98 0.028070515 
291 40 10 15 0.027824862 
639 503 18 33 0.027294453 
774 382 9 13 0.027114386 
867 364 35 62 0.02671892 
232 42 9 12 0.026453018 
73 747 17 24 0.026301868 
207 70 11 12 0.026223624 
254 83 9 14 0.026164548 
240 64 8 11 0.02615026 
316 39 11 14 0.025889002 
356 6 8 9 0.025606161 
0 405 6 17 0.02555886 
255 42 8 12 0.024802558 
157 376 285 381 0.024164911 
1021 702 22 44 0.024022924 
1 348 19 29 0.023684211 
837 561 8 20 0.02365601 
468 372 96 168 0.023610795 
338 133 9 14 0.022861017 
686 512 109 252 0.022708803 
211 42 8 10 0.022694573 
969 528 34 60 0.022509264 
299 2 9 12 0.022480102 
286 68 7 12 0.022455912 
1040 587 26 52 0.022316024 
222 24 7 12 0.021939741 
294 69 9 14 0.021829035 
110 583 12 18 0.021739662 
121 555 11 16 0.021284755 
363 10 10 11 0.021024624 
999 681 33 54 0.020960052 
-19 86 77 94 0.020959178 
637 17 12 18 0.020726874 
67 207 8 12 0.020540442 
37 480 25 31 0.020476697 
275 15 9 15 0.02046314 
214 38 8 10 0.020275129 
-1 413 5 16 0.020133007 
1001 669 18 36 0.020119911 
304 73 9 13 0.020008992 
