10_People_Marching_People_Marching_2_638
138
412 222 352 381 0.99994063 
349 -3 37 36 0.5866061 
295 54 20 27 0.2843247 
396 127 21 27 0.24922898 
283 196 275 359 0.19549847 
103 96 294 382 0.12561679 
311 375 51 52 0.12559588 
202 68 60 60 0.12520239 
283 82 27 32 0.11279159 
256 122 8 11 0.09852598 
465 0 12 10 0.09833213 
641 -136 388 273 0.08643283 
375 71 8 14 0.08403135 
405 145 11 16 0.08381546 
446 56 13 12 0.07894565 
489 45 9 9 0.070507124 
330 8 13 14 0.06843777 
354 127 12 18 0.063396804 
417 160 13 14 0.05892792 
270 130 20 23 0.058408454 
424 165 13 11 0.05587468 
630 278 11 13 0.05385607 
635 261 6 9 0.05257459 
433 54 22 19 0.052182343 
239 166 22 36 0.048347678 
638 257 6 10 0.048145752 
435 167 10 9 0.04661063 
395 2 9 11 0.04574554 
330 16 13 16 0.044827607 
549 2 9 9 0.042053252 
387 182 29 23 0.04198949 
485 47 9 8 0.041647628 
245 223 35 53 0.0412899 
498 189 7 7 0.040162213 
439 188 8 9 0.03971078 
648 259 4 6 0.039548416 
306 255 18 26 0.038945593 
486 5 10 12 0.03886565 
415 101 43 51 0.03839592 
412 153 11 15 0.03807711 
258 209 20 36 0.037162874 
469 19 8 11 0.03698263 
407 128 8 13 0.035710357 
260 54 68 77 0.035644345 
434 172 10 9 0.035081502 
490 2 8 10 0.035052653 
430 161 21 19 0.034731574 
597 668 13 17 0.034158412 
399 192 14 11 0.034141473 
467 195 6 7 0.033082742 
433 200 6 8 0.031901892 
299 286 11 18 0.031129574 
388 138 23 30 0.03083944 
480 80 39 26 0.030838735 
427 174 9 8 0.030248476 
371 60 15 31 0.029632078 
402 207 9 8 0.02918656 
429 96 25 23 0.028562922 
228 116 8 8 0.028376278 
633 34 27 31 0.028208813 
237 228 8 15 0.027784685 
597 237 10 15 0.027607758 
472 181 7 7 0.027480755 
530 30 5 6 0.027474424 
352 192 28 23 0.027277166 
326 154 8 11 0.027217954 
338 170 30 40 0.027066164 
622 27 10 17 0.026918447 
346 151 8 13 0.026812261 
350 105 8 8 0.026775058 
380 150 20 31 0.026627325 
396 122 79 80 0.026609052 
349 145 10 16 0.026255984 
215 153 12 17 0.026174018 
760 89 25 32 0.02610554 
236 79 49 51 0.025984796 
292 50 12 16 0.025853481 
260 196 64 95 0.025769917 
381 75 9 13 0.025631784 
298 256 7 9 0.025186345 
589 62 10 14 0.025006963 
482 49 6 7 0.024768196 
553 4 10 11 0.024669563 
400 110 37 53 0.024634259 
498 275 35 28 0.024497388 
102 255 59 57 0.024161601 
357 103 7 7 0.02414496 
492 183 6 5 0.024120389 
369 174 23 28 0.024046356 
297 662 10 17 0.023704685 
441 115 9 9 0.023658039 
267 140 10 13 0.02360803 
640 254 5 7 0.023336679 
646 254 4 6 0.023321299 
531 76 26 24 0.02327464 
253 221 11 18 0.023204673 
406 156 20 24 0.023155723 
358 99 7 7 0.022978408 
471 129 10 13 0.022945117 
240 121 9 10 0.022924144 
494 188 7 7 0.022900859 
441 122 9 9 0.022710377 
309 58 8 12 0.022519432 
453 195 5 7 0.022460911 
447 50 24 22 0.022424743 
384 0 19 24 0.02236789 
432 46 10 9 0.02226261 
178 -112 280 315 0.022260925 
447 41 6 7 0.022170058 
463 2 20 17 0.021945326 
434 18 8 10 0.021926612 
331 29 9 13 0.021920403 
529 79 7 6 0.02186067 
436 78 41 39 0.021772554 
615 50 9 13 0.021743895 
363 67 17 30 0.021740828 
258 126 22 24 0.021716572 
376 104 10 13 0.02161293 
219 46 55 55 0.021532908 
500 40 6 6 0.021413596 
542 70 10 9 0.021274928 
571 637 28 30 0.021255357 
499 36 5 6 0.021244723 
236 123 9 9 0.021235535 
294 251 22 28 0.021218041 
267 202 19 34 0.021188006 
265 45 14 15 0.020955313 
523 42 6 6 0.02073724 
387 162 10 16 0.020720508 
403 110 20 28 0.020607736 
298 69 14 17 0.020541215 
618 267 10 11 0.020346634 
143 215 88 115 0.020211695 
417 50 42 40 0.020204809 
435 132 48 49 0.020179959 
306 335 40 47 0.020107673 
479 188 7 7 0.02010272 
632 271 8 10 0.020018427 
