10_People_Marching_People_Marching_2_793
59
278 73 48 64 0.99968994 
804 117 45 50 0.99958354 
62 134 51 59 0.9994221 
128 76 43 65 0.9993718 
405 81 49 58 0.9992424 
513 94 49 61 0.99893314 
650 178 44 53 0.99867934 
898 13 43 67 0.9982889 
936 167 39 54 0.9952506 
412 7 47 50 0.9927254 
109 218 35 27 0.10246444 
393 334 10 16 0.09649298 
934 13 27 42 0.0844794 
904 540 14 14 0.08437544 
995 212 21 23 0.07479603 
1012 534 17 37 0.07135647 
304 420 74 138 0.06641318 
982 198 42 52 0.06483252 
1 284 40 68 0.06212932 
21 355 137 203 0.053539682 
139 307 24 30 0.05090026 
732 326 14 15 0.048492257 
755 343 8 14 0.044362064 
581 435 8 12 0.041769974 
657 555 41 65 0.04122566 
333 163 39 45 0.041109398 
201 591 32 54 0.040715378 
747 196 33 51 0.038366847 
999 160 20 37 0.037445 
463 557 10 15 0.036353305 
364 236 33 29 0.035994772 
418 108 41 58 0.032738708 
436 89 31 35 0.031296562 
584 246 34 41 0.031285748 
985 218 51 66 0.031031061 
34 492 8 14 0.030561544 
967 166 37 52 0.030560322 
728 100 10 13 0.03046303 
438 15 39 48 0.029541804 
43 432 12 15 0.029367134 
857 257 39 40 0.029118879 
827 361 76 129 0.028896289 
564 364 70 118 0.027424293 
51 121 23 39 0.025806626 
357 551 11 16 0.025194082 
754 223 24 46 0.024788782 
170 142 25 38 0.023675403 
974 482 17 32 0.023299383 
35 221 12 18 0.023208423 
595 448 7 13 0.023118526 
416 568 8 10 0.02290968 
492 81 24 38 0.021633975 
914 236 21 36 0.02163382 
525 423 5 10 0.021613965 
530 392 7 13 0.021448277 
42 497 10 15 0.021142459 
36 489 8 11 0.021084812 
642 520 32 47 0.020675758 
0 382 7 23 0.02022851 
