10_People_Marching_People_Marching_2_36
490
650 307 27 28 0.99842656 
753 317 30 33 0.9939902 
944 334 39 44 0.9882202 
697 304 33 39 0.98719704 
558 325 29 35 0.98566586 
221 318 31 33 0.984688 
811 329 35 40 0.98259133 
305 337 32 37 0.982077 
256 323 33 34 0.981108 
828 292 21 19 0.9747381 
383 296 32 29 0.9729273 
426 303 28 33 0.9654049 
500 318 33 38 0.96483254 
32 287 16 21 0.95761096 
152 305 29 33 0.95711756 
188 312 27 30 0.9336836 
851 292 22 19 0.9021165 
672 272 18 17 0.88083845 
812 292 22 22 0.8704631 
463 310 31 33 0.8676479 
11 313 16 18 0.8566973 
972 295 15 16 0.8396999 
112 290 23 23 0.7697041 
50 409 14 15 0.7644163 
92 311 16 16 0.7532201 
134 295 23 25 0.6056573 
593 277 15 15 0.55082154 
898 301 17 19 0.55074424 
313 290 24 24 0.49707958 
638 290 18 21 0.46772456 
477 307 40 43 0.46519932 
58 239 18 17 0.43537515 
1008 294 10 13 0.41010776 
487 225 19 22 0.40569755 
569 293 15 12 0.3892589 
933 295 11 18 0.34683073 
108 414 11 18 0.30356932 
618 309 20 25 0.29919884 
958 280 19 18 0.2962526 
61 376 10 15 0.25813508 
625 297 20 21 0.23355462 
256 232 15 16 0.16506293 
354 291 23 23 0.16458726 
10 341 14 18 0.16204546 
274 320 29 28 0.15511963 
233 205 14 13 0.1366427 
717 283 15 13 0.13540085 
30 338 18 23 0.12807672 
83 52 5 4 0.1249112 
95 301 26 26 0.12016233 
521 291 17 13 0.1147785 
943 287 16 19 0.11446487 
229 202 11 13 0.09244053 
96 45 4 4 0.09000575 
832 333 31 30 0.08903677 
21 447 19 19 0.08851617 
803 355 21 26 0.08404938 
97 52 4 4 0.082338616 
444 307 29 31 0.080639094 
7 253 6 10 0.07975623 
96 56 5 5 0.077003494 
72 57 5 5 0.07613151 
78 52 4 4 0.07446723 
368 286 34 36 0.07325471 
91 40 4 4 0.07169209 
58 458 9 11 0.07129508 
77 39 4 4 0.071252726 
83 56 5 5 0.071145505 
22 432 10 11 0.0688768 
29 402 14 18 0.06760405 
85 45 3 4 0.06740771 
321 336 32 32 0.06713096 
308 658 12 13 0.064812474 
10 422 11 13 0.06409707 
91 76 5 5 0.06296017 
139 303 27 27 0.061972007 
550 245 8 11 0.061759308 
764 285 8 9 0.06125939 
688 236 10 15 0.06087038 
683 238 10 15 0.06066417 
88 230 6 7 0.06016946 
577 326 25 30 0.05929524 
104 77 4 5 0.05804211 
84 33 4 4 0.05791633 
75 57 5 6 0.057868775 
90 44 5 5 0.057825297 
78 33 3 3 0.057348777 
72 32 3 4 0.057027757 
91 33 3 3 0.056502815 
1014 297 9 13 0.055937175 
791 297 8 9 0.055267166 
91 26 3 4 0.05461696 
77 45 4 4 0.054349374 
91 72 4 4 0.054097503 
0 324 4 11 0.054032538 
951 284 18 19 0.05386951 
675 313 25 26 0.053742867 
90 52 4 5 0.05350133 
0 349 5 13 0.0534651 
64 51 4 5 0.053177267 
967 284 23 21 0.053064898 
0 382 7 25 0.053055048 
987 426 28 25 0.052808963 
1 254 4 10 0.052253425 
84 63 4 4 0.05166545 
668 260 30 36 0.05150724 
91 57 5 5 0.05115444 
104 38 4 4 0.050996237 
83 228 7 8 0.05074589 
109 51 5 5 0.05067294 
610 327 22 35 0.050597515 
252 194 9 11 0.050583057 
647 292 13 13 0.0505196 
726 304 24 35 0.05046821 
703 282 27 23 0.049988788 
273 212 10 15 0.049539234 
53 420 12 13 0.049504973 
767 578 11 13 0.04933049 
63 46 4 4 0.048890926 
51 217 6 7 0.048776742 
32 236 5 6 0.046534967 
436 437 16 26 0.046482686 
815 288 36 39 0.04582876 
102 52 5 4 0.0457902 
55 222 7 8 0.045740023 
60 51 4 4 0.045699205 
95 70 5 5 0.045561586 
1016 298 15 20 0.045499574 
109 82 3 4 0.04541859 
33 754 8 14 0.04528761 
110 46 3 4 0.044962917 
38 57 5 5 0.04460158 
873 315 10 13 0.044473227 
95 77 4 5 0.04415672 
355 194 9 12 0.044086494 
52 45 3 4 0.0439995 
946 297 22 20 0.043746836 
775 291 25 22 0.04363504 
48 226 10 9 0.043197036 
110 77 3 5 0.04317083 
669 329 24 31 0.043159824 
90 21 3 4 0.043136656 
109 64 4 5 0.04310727 
229 198 9 10 0.04277169 
83 224 6 6 0.04260241 
538 285 20 20 0.042487532 
103 416 10 13 0.04248679 
116 407 17 23 0.042399127 
84 39 4 4 0.04236864 
191 208 7 10 0.04228659 
1000 283 14 14 0.04210247 
58 204 5 6 0.041827224 
103 33 4 4 0.041643575 
73 27 2 4 0.041564967 
60 47 3 3 0.04153882 
66 33 3 4 0.040447272 
1017 291 7 12 0.040065456 
174 123 3 4 0.03976559 
78 77 4 5 0.039734755 
367 322 14 19 0.03950106 
303 279 21 28 0.039407577 
543 294 11 11 0.039209463 
55 218 6 6 0.038905155 
45 243 6 8 0.038855545 
16 426 12 13 0.03883057 
8 242 5 8 0.03856886 
72 46 4 4 0.038481046 
83 72 4 4 0.03829018 
343 212 10 18 0.03828593 
51 52 4 4 0.038252305 
71 62 5 5 0.038036708 
96 40 3 4 0.037743725 
8 246 6 10 0.037743695 
769 319 28 32 0.037652113 
47 216 6 6 0.03764946 
109 38 4 4 0.0375881 
16 433 18 18 0.037358735 
403 3 7 6 0.03722838 
521 265 8 9 0.0369449 
578 297 13 11 0.036941353 
116 109 4 5 0.036743246 
71 52 5 4 0.036657423 
554 242 8 11 0.036629878 
160 97 4 4 0.036486637 
97 32 4 4 0.03629757 
693 288 12 15 0.036275346 
21 443 12 12 0.03615227 
0 319 3 10 0.036010448 
110 70 4 5 0.035986595 
97 28 3 3 0.035930015 
91 63 4 5 0.03578007 
688 206 9 10 0.035676286 
45 233 7 8 0.035649534 
109 34 3 4 0.035593376 
132 305 13 14 0.03538926 
0 355 6 18 0.035352964 
534 285 12 11 0.03519617 
123 64 5 5 0.035166096 
740 303 9 14 0.03516092 
426 310 14 16 0.034827024 
940 284 12 14 0.03466264 
975 338 29 35 0.034435697 
168 146 4 4 0.034370027 
530 475 7 10 0.033969197 
925 291 13 15 0.03395202 
927 299 12 16 0.033942197 
115 243 6 6 0.033735752 
72 39 4 4 0.033669848 
90 219 5 5 0.03363621 
968 281 11 11 0.033433866 
300 203 6 10 0.03317948 
96 64 5 5 0.0329899 
90 145 3 5 0.032871503 
64 444 9 12 0.032871183 
103 46 4 4 0.032865424 
77 27 3 4 0.03285287 
594 279 25 25 0.032704666 
116 115 5 5 0.032609805 
785 295 9 8 0.032601755 
85 20 3 4 0.03223168 
117 102 4 5 0.032179438 
76 90 5 5 0.032129686 
895 343 20 30 0.03212574 
47 197 6 6 0.03188787 
268 197 8 9 0.031762846 
116 38 4 5 0.03158461 
333 403 36 62 0.03145208 
745 313 10 19 0.031363584 
58 39 3 3 0.031306587 
947 308 12 14 0.031191938 
89 233 6 7 0.031137336 
398 304 30 29 0.03108118 
57 226 7 8 0.031026447 
108 97 5 5 0.030991921 
66 186 4 5 0.030978678 
65 191 4 4 0.030768344 
675 235 16 23 0.030732807 
5 405 7 12 0.030676352 
486 226 10 13 0.030648604 
1024 300 18 29 0.030405134 
234 324 37 32 0.030080197 
19 252 7 10 0.029980876 
53 33 3 4 0.029974652 
63 228 8 7 0.029833617 
1 3 4 9 0.029814636 
594 395 22 27 0.029729571 
485 234 12 16 0.029647905 
463 445 18 32 0.029647341 
523 317 24 31 0.029484661 
854 286 15 16 0.029268658 
109 90 4 4 0.029206118 
135 71 5 5 0.029162839 
28 438 10 11 0.029124744 
311 188 10 17 0.029116236 
145 262 6 7 0.028948238 
89 222 5 5 0.028918413 
502 231 10 14 0.028835779 
52 58 4 4 0.028833568 
109 58 5 4 0.028756252 
109 101 4 4 0.028745128 
51 241 8 9 0.028730053 
65 39 3 4 0.028650813 
886 295 32 39 0.028633459 
401 436 16 29 0.02862857 
16 450 11 12 0.028595485 
547 290 20 22 0.02858694 
0 209 4 7 0.028521918 
18 247 7 9 0.02852027 
176 211 6 8 0.028369943 
603 291 22 27 0.028359106 
104 115 4 4 0.028350614 
344 204 11 16 0.028314948 
463 231 9 11 0.028263884 
998 290 11 14 0.028262986 
102 57 5 5 0.028154861 
524 303 27 28 0.028132478 
98 19 4 4 0.028061537 
97 142 4 5 0.028061403 
868 318 11 14 0.027920295 
778 77 10 10 0.027915267 
149 291 12 14 0.027825212 
516 295 15 13 0.027756529 
97 103 4 4 0.027735207 
129 122 3 4 0.02772845 
696 227 6 10 0.027692469 
85 27 3 4 0.027589617 
129 179 2 4 0.027524387 
78 72 5 4 0.027467646 
202 317 30 33 0.027356453 
12 229 5 6 0.027349798 
155 266 8 9 0.027282642 
115 45 4 5 0.027264623 
86 390 10 14 0.027207118 
837 287 35 37 0.027187474 
795 324 23 30 0.02702885 
692 292 21 33 0.027015172 
58 63 5 5 0.026971368 
77 82 4 4 0.026946736 
58 59 4 4 0.02684656 
96 109 5 5 0.026743902 
259 222 10 13 0.02672399 
515 381 8 15 0.02664087 
45 229 7 8 0.026574697 
78 8 2 3 0.026574599 
156 142 5 5 0.02630967 
598 299 13 14 0.02626519 
0 241 4 8 0.026195005 
140 129 4 5 0.02618271 
333 294 13 18 0.026064608 
192 204 5 7 0.026035147 
333 282 33 37 0.025947677 
536 323 20 31 0.025881685 
38 242 5 7 0.025870075 
85 142 4 4 0.025821133 
102 27 4 3 0.025733933 
109 377 15 31 0.025726749 
103 90 3 4 0.025715996 
278 212 12 16 0.025671067 
734 300 12 19 0.0256628 
963 294 14 15 0.025618482 
104 71 3 4 0.02560486 
738 315 23 31 0.025596142 
375 35 8 9 0.025542952 
898 529 18 29 0.025490696 
607 352 9 18 0.025469007 
631 307 20 25 0.025462538 
76 63 5 4 0.025452614 
136 75 4 5 0.025419958 
733 118 8 11 0.025345465 
0 236 3 8 0.025178624 
46 53 5 4 0.025149709 
28 461 13 13 0.0251433 
621 319 20 33 0.02511093 
716 5 4 5 0.025039742 
148 83 4 6 0.02499123 
79 159 5 5 0.024924811 
337 34 6 8 0.024884414 
63 224 6 7 0.02485899 
73 14 3 3 0.02473389 
84 14 3 4 0.024657227 
127 95 4 5 0.024602821 
42 392 9 11 0.024579214 
117 205 3 4 0.02449121 
582 483 7 11 0.0244751 
96 12 4 5 0.024436194 
83 76 3 5 0.024388405 
104 97 5 4 0.024276419 
842 540 19 28 0.0242645 
298 232 11 16 0.02417388 
137 128 4 5 0.024173036 
865 298 12 16 0.024128407 
8 236 5 6 0.024123978 
319 197 10 16 0.02411626 
67 380 9 12 0.024109209 
51 212 5 4 0.024086855 
945 280 8 11 0.023915181 
532 294 14 11 0.023911417 
359 41 6 8 0.023879645 
11 242 6 8 0.023855284 
85 83 4 4 0.02381752 
232 191 22 21 0.023807498 
104 83 4 4 0.023739228 
220 385 8 13 0.023728974 
397 255 21 28 0.023689516 
980 290 13 15 0.023660015 
63 210 5 6 0.023642723 
168 313 30 30 0.023636848 
58 34 3 3 0.023622032 
140 89 5 7 0.023429085 
126 63 5 6 0.023352982 
59 209 5 5 0.023318406 
46 221 8 8 0.023318037 
147 133 5 5 0.023268586 
294 201 7 11 0.023264354 
98 90 4 4 0.023210023 
514 467 18 35 0.023165327 
250 192 8 8 0.023048073 
941 329 14 15 0.02296984 
306 213 9 14 0.022949181 
19 237 6 6 0.02292481 
59 26 2 4 0.022908917 
70 83 4 4 0.022902694 
93 299 11 14 0.022864135 
50 198 5 6 0.022860063 
225 195 7 11 0.022823269 
122 69 4 6 0.022806441 
15 419 12 12 0.022746507 
60 335 14 27 0.022716332 
169 96 4 5 0.02271257 
109 237 4 4 0.022705153 
336 256 10 13 0.022685241 
168 116 3 4 0.022657514 
53 39 3 4 0.022650445 
12 234 5 7 0.022646334 
604 336 18 33 0.022552388 
270 206 8 12 0.02244845 
135 187 3 3 0.0224464 
28 433 10 10 0.022444068 
110 167 4 5 0.022384781 
78 382 16 21 0.022356793 
341 335 21 32 0.022356134 
29 254 8 10 0.022315005 
699 388 6 10 0.022312205 
169 91 3 4 0.02228604 
72 173 4 4 0.022273129 
334 208 17 27 0.022254026 
26 232 5 5 0.022240821 
530 265 7 8 0.022214836 
595 353 17 28 0.02220078 
136 192 3 4 0.022194978 
205 336 21 32 0.022176677 
237 191 9 8 0.022160238 
174 135 3 4 0.022148516 
348 198 11 15 0.022114426 
161 102 4 5 0.022100477 
0 371 6 20 0.022034094 
129 102 4 5 0.02200406 
109 116 4 5 0.021995857 
83 233 7 8 0.021973614 
70 187 4 4 0.021953307 
774 236 4 6 0.021917209 
13 172 5 6 0.021915575 
385 35 7 9 0.021911832 
128 58 4 5 0.021878066 
95 236 5 5 0.021854531 
167 142 4 5 0.021739144 
77 13 4 5 0.021730674 
103 205 4 4 0.021718564 
79 20 3 4 0.021668015 
0 411 6 11 0.021635111 
115 71 4 4 0.02160781 
76 135 4 4 0.02151223 
986 288 40 44 0.021497907 
564 297 17 14 0.021397866 
71 20 3 3 0.021339651 
563 292 12 12 0.02127864 
132 255 6 5 0.021178098 
543 309 10 12 0.021148723 
234 196 12 11 0.021147769 
17 225 6 6 0.021145668 
115 246 7 7 0.02103363 
516 269 10 12 0.02102121 
505 259 9 10 0.021008385 
306 305 38 46 0.02098674 
114 211 5 6 0.020934252 
110 6 3 4 0.020923594 
154 145 6 6 0.020914616 
636 312 10 14 0.020885117 
10 230 4 6 0.020874225 
47 45 4 4 0.020864548 
0 171 4 6 0.020858744 
27 234 5 6 0.020834107 
38 257 7 10 0.020824041 
65 27 3 4 0.020775307 
461 371 8 15 0.020769158 
0 192 3 5 0.020739246 
1 205 3 6 0.020729128 
82 429 7 10 0.020694898 
922 296 10 13 0.020686623 
889 308 11 12 0.020681147 
563 427 5 9 0.020651264 
618 361 18 27 0.020628745 
679 334 12 17 0.020612478 
46 65 5 4 0.020588836 
64 64 4 4 0.02057335 
19 186 4 5 0.020546967 
746 303 8 14 0.020520417 
85 219 4 4 0.020517422 
10 407 7 11 0.020496292 
497 410 16 25 0.02049123 
36 236 6 7 0.020470014 
198 77 3 5 0.020437617 
76 380 9 10 0.020392705 
11 414 7 9 0.020353144 
639 286 11 14 0.020348083 
114 52 4 4 0.020311106 
76 442 9 16 0.020302733 
482 317 16 20 0.020293506 
42 227 17 21 0.02027432 
67 20 2 4 0.02026057 
521 593 13 16 0.020239482 
268 198 18 24 0.0201793 
544 266 9 9 0.020154016 
102 19 4 5 0.020137202 
958 408 11 11 0.020106126 
84 95 5 5 0.020102827 
205 320 16 19 0.020073172 
488 309 14 19 0.020050725 
95 223 5 5 0.020036776 
52 140 4 4 0.020002844 
