10_People_Marching_People_Marching_2_433
25
503 250 110 147 0.9998889 
351 237 112 146 0.9996432 
243 383 151 186 0.99953187 
619 363 154 189 0.9987979 
270 1162 40 88 0.21931233 
26 13 12 15 0.122733176 
492 759 282 309 0.09895314 
23 69 16 25 0.093615465 
1002 391 13 23 0.05615023 
5 33 27 48 0.05496745 
363 1188 11 23 0.04508255 
979 435 17 23 0.044981174 
231 1147 70 120 0.041072406 
15 3 11 16 0.03730489 
278 1170 26 39 0.03401906 
728 746 54 70 0.031865284 
40 5 13 15 0.030747969 
937 388 18 19 0.030709013 
362 1173 9 20 0.027755344 
29 6 15 18 0.027603298 
877 57 20 26 0.027162045 
359 1201 22 41 0.02636636 
950 445 19 19 0.022040453 
621 947 474 345 0.021628244 
312 172 16 24 0.021494482 
