10_People_Marching_People_Marching_10_People_Marching_People_Marching_10_499
74
578 363 31 29 0.9629518 
547 26 19 25 0.8465442 
364 208 26 41 0.7170998 
493 276 16 26 0.51391995 
645 76 17 23 0.51094896 
570 284 16 26 0.49418882 
378 245 21 32 0.4802807 
445 275 20 27 0.3154805 
367 163 20 24 0.26616305 
456 273 18 26 0.2569944 
612 73 11 16 0.17976837 
654 74 16 24 0.13034344 
548 308 25 39 0.12858915 
87 -28 369 462 0.12722285 
788 -1 34 19 0.11985604 
500 262 30 44 0.11158517 
756 81 19 27 0.098518364 
792 115 51 41 0.09222414 
806 155 46 56 0.08350147 
501 277 13 20 0.079991885 
393 246 12 21 0.06676453 
354 132 18 26 0.06000452 
431 279 25 28 0.058607098 
560 21 12 19 0.058066186 
568 -1 17 19 0.057367932 
709 197 13 18 0.056732394 
744 88 13 18 0.056514688 
557 295 20 31 0.05537342 
892 6 53 39 0.051953234 
758 207 20 23 0.051561415 
509 272 10 19 0.04995592 
382 224 38 55 0.0462875 
793 110 27 28 0.045035403 
474 304 40 43 0.043927945 
792 210 12 16 0.04319374 
662 70 11 18 0.03883052 
922 72 58 52 0.038697954 
799 167 34 31 0.03857369 
739 75 34 47 0.038012244 
420 303 46 44 0.03800886 
399 204 24 33 0.037644144 
563 296 9 15 0.037361115 
726 33 36 49 0.037337035 
623 72 11 14 0.037140355 
598 69 20 24 0.036588114 
615 351 26 27 0.033647932 
825 10 32 25 0.033006962 
618 68 10 13 0.03257604 
449 262 37 44 0.032211624 
752 86 13 20 0.03059253 
406 212 37 54 0.029132267 
341 193 42 60 0.028374083 
447 229 11 18 0.027435469 
639 78 12 16 0.025136659 
413 251 41 58 0.024894591 
775 0 30 23 0.024745287 
419 203 12 16 0.024662899 
633 52 9 13 0.024078114 
427 216 32 47 0.02320852 
1018 24 17 24 0.02290604 
377 201 21 40 0.022733368 
459 284 41 47 0.022635834 
791 176 27 29 0.02253686 
518 260 11 17 0.022505475 
485 258 9 13 0.022474194 
555 402 21 33 0.021782609 
642 178 12 15 0.021621717 
360 144 34 41 0.020921476 
465 264 10 14 0.020884704 
798 -1 48 33 0.020866107 
629 40 18 29 0.020732883 
909 25 30 28 0.02029752 
616 37 20 27 0.020242477 
696 100 20 23 0.020166771 
