10_People_Marching_People_Marching_10_People_Marching_People_Marching_10_People_Marching_People_Marching_10_1020
22
689 87 37 60 0.9934248 
908 298 59 53 0.2662127 
917 325 30 29 0.17010604 
925 296 30 29 0.07694477 
404 460 386 456 0.06277071 
267 -141 371 355 0.04747122 
730 172 341 372 0.038572732 
80 784 9 12 0.031659976 
251 221 362 348 0.029939834 
680 301 10 14 0.029818803 
634 134 37 44 0.028125908 
904 805 90 119 0.027056815 
585 223 275 428 0.026830705 
-18 430 339 498 0.025044283 
21 784 10 13 0.025039263 
925 282 26 27 0.023053098 
56 803 8 12 0.021683805 
673 310 21 30 0.021624278 
677 275 8 9 0.021572633 
844 185 30 39 0.021150751 
879 228 19 24 0.020689365 
666 84 41 57 0.0200093 
