10_People_Marching_People_Marching_2_236
60
463 152 33 50 0.9618364 
38 125 10 13 0.5026331 
1 123 8 15 0.29556224 
920 126 10 14 0.20515682 
837 122 10 12 0.13308014 
976 126 9 13 0.12498839 
813 137 10 14 0.12495911 
477 124 23 23 0.12386838 
307 246 111 100 0.1093773 
991 308 16 30 0.09657674 
878 132 10 13 0.09382385 
787 116 17 28 0.08624201 
480 144 35 49 0.08025592 
556 128 10 14 0.07866031 
476 120 14 16 0.076496676 
833 98 8 10 0.06313947 
20 246 8 16 0.062363256 
824 126 10 12 0.062271398 
311 214 11 15 0.05155854 
503 141 31 46 0.04786656 
331 166 95 106 0.04680399 
791 114 10 17 0.043952692 
712 129 12 15 0.042932738 
983 127 7 14 0.04161875 
75 200 84 97 0.038442675 
777 188 42 58 0.036012657 
127 661 9 13 0.03414134 
271 325 10 10 0.03281476 
830 121 10 13 0.03242581 
472 113 11 16 0.031562116 
992 125 7 16 0.0315545 
703 116 8 10 0.0315186 
140 119 10 13 0.031432286 
849 129 10 11 0.03090153 
1028 111 17 37 0.030171959 
796 122 20 31 0.027909694 
908 189 9 14 0.027524156 
105 107 349 372 0.026794653 
930 176 17 33 0.026455365 
861 120 10 11 0.026442837 
731 131 13 17 0.025179274 
280 230 8 11 0.025147755 
853 164 19 29 0.024864731 
489 119 13 15 0.024587458 
720 129 11 15 0.024563283 
824 163 11 18 0.024152486 
1035 101 27 57 0.023978423 
268 554 44 50 0.022982579 
604 116 13 12 0.022966819 
471 131 28 43 0.022927351 
300 657 9 11 0.022776354 
209 631 10 11 0.02237301 
981 273 19 30 0.021619113 
972 131 11 14 0.021607298 
621 -76 162 171 0.02130342 
139 119 34 52 0.021265926 
284 231 17 22 0.02123156 
-1 197 6 19 0.020977916 
863 139 10 14 0.02094836 
981 198 16 31 0.020925466 
