10_People_Marching_People_Marching_10_People_Marching_People_Marching_10_552
43
441 104 68 83 0.9985165 
693 97 12 17 0.28557253 
827 9 30 51 0.17786598 
839 88 12 15 0.14386387 
713 3 20 22 0.11325226 
902 172 13 20 0.08388331 
597 4 22 30 0.07195463 
932 2 13 16 0.071835175 
715 108 21 33 0.06978103 
953 3 12 16 0.068828695 
795 93 10 14 0.06395076 
861 18 16 26 0.06350992 
974 5 17 24 0.05901379 
656 90 11 15 0.05203366 
873 92 32 52 0.050846867 
254 300 66 95 0.04528421 
657 8 11 16 0.04154655 
428 36 16 25 0.039137658 
836 91 17 26 0.033557735 
636 26 24 34 0.03227392 
628 94 14 18 0.031008298 
745 97 13 20 0.030970776 
682 114 12 20 0.030627394 
280 322 31 28 0.029846752 
842 166 19 30 0.029707074 
906 2 10 17 0.026718533 
533 118 23 31 0.026351932 
919 119 22 25 0.02509415 
375 13 18 24 0.024845885 
683 4 14 15 0.02466211 
992 3 14 18 0.024005556 
843 15 21 36 0.023684729 
179 0 23 17 0.02317703 
911 28 20 32 0.022996122 
567 17 36 46 0.022936022 
882 82 16 29 0.022724349 
882 36 31 45 0.02253434 
777 6 21 26 0.022146918 
926 0 13 15 0.021974055 
940 0 16 20 0.021730857 
829 0 13 14 0.02166277 
897 3 15 23 0.021469938 
356 226 148 275 0.020262677 
