10_People_Marching_People_Marching_2_498
318
28 15 21 28 0.9995322 
786 541 24 28 0.99830365 
69 146 22 29 0.9982768 
543 6 22 25 0.9974934 
346 419 27 31 0.9970626 
953 545 21 32 0.9966497 
411 586 25 26 0.99628264 
705 0 20 24 0.994228 
1003 274 21 28 0.9884466 
609 129 22 27 0.9832117 
835 276 20 27 0.97040087 
771 134 24 27 0.9559093 
190 28 21 25 0.9528727 
896 417 18 28 0.93247545 
163 422 24 29 0.92439795 
720 418 23 25 0.8790152 
364 28 21 28 0.8552213 
238 138 21 25 0.65295184 
37 615 24 24 0.6049295 
120 272 17 22 0.5177137 
289 286 24 27 0.4956115 
905 38 14 25 0.47548938 
573 596 16 30 0.4440954 
840 62 18 31 0.39706746 
703 317 9 16 0.39525965 
540 440 25 33 0.34233123 
876 3 24 30 0.30533597 
0 50 26 29 0.25738537 
63 32 24 27 0.2552774 
805 307 19 26 0.2326554 
129 274 12 16 0.20055006 
940 119 25 27 0.17113474 
662 279 26 24 0.15536945 
291 0 14 11 0.14513221 
887 88 14 15 0.1420296 
540 459 23 28 0.12765598 
193 14 14 13 0.12750958 
965 186 19 32 0.12237095 
282 265 35 38 0.12036987 
895 50 11 15 0.11978929 
697 316 9 16 0.114593424 
565 45 26 32 0.11292634 
165 72 12 17 0.10708181 
170 64 11 17 0.103992276 
99 180 18 27 0.10376371 
124 296 19 27 0.09941168 
649 10 18 14 0.099149555 
351 394 20 28 0.0974902 
894 444 40 84 0.09642155 
735 41 23 22 0.093873136 
520 35 10 16 0.09107392 
889 51 8 13 0.08735799 
1 454 15 30 0.08658363 
429 626 21 31 0.083515085 
668 0 14 10 0.08135231 
759 452 9 15 0.077223696 
943 106 25 27 0.07632675 
681 314 9 12 0.07586834 
270 321 16 28 0.07362646 
217 57 17 23 0.07333569 
345 1 9 12 0.07192727 
563 33 22 25 0.07149803 
699 5 9 12 0.07144692 
106 177 12 18 0.07139931 
722 402 26 31 0.07024878 
905 55 18 28 0.06720626 
496 325 10 15 0.06339168 
620 165 10 15 0.062367443 
726 22 12 16 0.062273633 
868 22 8 14 0.061988138 
198 469 17 31 0.06172676 
974 146 13 17 0.060086217 
310 326 23 34 0.059764598 
295 4 16 12 0.05900971 
557 9 12 17 0.05701661 
728 6 17 21 0.056614485 
964 173 19 28 0.055753905 
0 433 7 20 0.05567708 
350 1 10 10 0.054779056 
585 165 15 27 0.05354866 
235 123 26 28 0.052156977 
801 547 11 15 0.051962335 
661 258 25 31 0.051240433 
733 7 9 11 0.05054965 
586 611 11 17 0.050303288 
659 -2 24 20 0.049557865 
722 27 11 18 0.04845938 
340 68 17 29 0.04829325 
300 292 15 16 0.048039768 
503 324 8 15 0.0478488 
330 320 8 14 0.047788948 
66 645 22 33 0.047543976 
207 632 43 54 0.04710429 
62 35 14 15 0.04669405 
535 56 11 17 0.046671104 
613 111 12 15 0.046646334 
292 336 7 14 0.04634903 
355 0 8 9 0.04634717 
675 311 18 23 0.04609993 
721 37 19 27 0.046055958 
640 165 15 14 0.04551912 
213 71 19 28 0.045262374 
910 163 17 28 0.04496389 
745 446 22 28 0.04487479 
650 315 11 21 0.042127654 
914 452 9 14 0.04198707 
495 329 19 28 0.04169152 
211 615 25 33 0.041121624 
670 312 9 15 0.040461816 
843 0 19 28 0.040007103 
51 619 13 15 0.039804045 
702 224 10 12 0.039512586 
971 140 10 12 0.039008245 
948 111 14 15 0.038956396 
442 330 14 27 0.038801238 
884 196 90 117 0.03867927 
841 49 10 21 0.038457267 
478 301 8 13 0.037829734 
1002 253 23 34 0.037322372 
870 12 17 26 0.037216034 
599 637 18 34 0.03714671 
675 162 11 17 0.037009478 
47 189 11 17 0.03693545 
329 307 8 9 0.03692177 
390 623 6 9 0.036704227 
0 1 5 11 0.03669252 
885 50 7 13 0.036310058 
984 134 10 13 0.035938755 
232 75 11 16 0.03582923 
784 517 20 28 0.03566151 
260 322 15 30 0.035631333 
719 8 12 16 0.034847915 
364 8 10 10 0.034750987 
671 155 12 16 0.034734774 
174 421 14 16 0.034686565 
901 35 11 20 0.0345292 
943 133 15 17 0.03452642 
528 36 11 19 0.034437917 
882 43 6 11 0.034422986 
645 312 8 13 0.03435766 
566 468 11 14 0.034114003 
767 468 9 18 0.03409102 
692 457 16 26 0.034003284 
364 63 41 74 0.033914994 
43 53 39 73 0.033759985 
473 338 6 12 0.033311985 
967 150 21 25 0.033150982 
47 9 11 20 0.032957207 
685 2 6 7 0.032706235 
320 315 17 25 0.032608885 
886 18 12 18 0.03237875 
473 299 15 24 0.03217273 
600 0 18 23 0.031972792 
424 160 14 17 0.031539693 
362 19 13 18 0.03153005 
678 47 9 16 0.03148745 
531 43 15 24 0.031136906 
665 302 37 54 0.031018248 
977 138 10 14 0.03096597 
282 178 7 13 0.03077432 
172 60 7 10 0.030614717 
240 120 15 16 0.030595316 
173 96 13 28 0.03049671 
802 172 20 29 0.030405007 
621 136 12 16 0.030341698 
224 63 17 24 0.030334419 
656 319 10 18 0.030233594 
909 452 17 29 0.029880872 
680 39 14 27 0.029702205 
128 264 7 9 0.029573288 
692 317 9 14 0.029565174 
1011 282 19 31 0.029523024 
182 441 16 22 0.029486153 
271 170 17 28 0.029349126 
181 620 24 31 0.029238664 
513 38 7 10 0.029226713 
296 271 13 13 0.029047588 
476 338 36 63 0.02897711 
43 601 24 30 0.028829386 
318 341 19 29 0.028730303 
542 55 8 14 0.02865707 
241 68 10 15 0.028650992 
667 262 13 15 0.028644852 
612 96 19 25 0.028601289 
17 487 20 30 0.028508341 
433 594 8 13 0.028347915 
312 318 12 17 0.02779257 
968 588 12 18 0.027736835 
755 38 20 24 0.027725725 
811 170 12 19 0.027706092 
137 297 10 17 0.02769219 
117 274 10 15 0.027454047 
691 5 8 11 0.027363567 
997 142 12 16 0.027343038 
661 184 10 15 0.027334925 
485 327 19 22 0.027221866 
4 402 16 29 0.027212875 
678 285 12 15 0.02716833 
802 435 17 28 0.02710711 
359 5 20 19 0.027011445 
739 254 41 53 0.02690862 
788 501 17 29 0.026892401 
132 469 22 32 0.026819479 
937 173 10 18 0.026762908 
932 164 12 23 0.026475139 
279 333 15 28 0.026351636 
44 6 10 13 0.026322702 
841 45 7 10 0.02631537 
799 181 27 51 0.02629818 
538 9 10 16 0.026166739 
229 51 8 12 0.026108127 
764 459 7 15 0.025987484 
657 162 10 14 0.025980044 
222 51 11 15 0.02586868 
584 45 23 31 0.02580696 
556 648 18 30 0.025756296 
213 593 27 36 0.025720524 
709 199 9 14 0.025664339 
680 0 18 22 0.025636852 
665 317 7 13 0.025508037 
303 16 13 18 0.025434483 
517 41 16 25 0.025403338 
957 359 64 115 0.025388993 
125 268 12 15 0.02535376 
873 459 10 18 0.025349045 
913 156 10 19 0.025260523 
964 141 12 12 0.025154918 
605 104 27 43 0.025065826 
605 618 8 13 0.02489247 
732 27 22 26 0.024845773 
928 140 8 14 0.024840845 
91 318 17 28 0.024795601 
423 165 29 38 0.024756387 
747 179 18 25 0.024737542 
127 311 20 35 0.024734294 
8 656 17 31 0.024713378 
429 130 6 6 0.024441808 
72 31 13 15 0.024433998 
359 -19 123 202 0.024428254 
646 1 34 34 0.024426168 
467 289 4 7 0.024418393 
560 24 62 74 0.024316886 
206 31 10 15 0.024200357 
43 626 19 32 0.023737347 
908 459 8 14 0.023624057 
1016 255 38 60 0.023579806 
818 167 7 14 0.023573654 
234 64 9 12 0.02356427 
644 7 13 11 0.023475543 
837 601 8 13 0.023374166 
690 1 6 8 0.023307208 
282 164 7 11 0.023237132 
80 30 9 13 0.023171967 
610 118 16 18 0.023033146 
780 545 14 18 0.022987343 
561 48 13 16 0.022905448 
796 585 19 32 0.022835888 
467 300 6 12 0.022777626 
820 569 8 10 0.022761222 
999 19 21 28 0.022735687 
515 473 8 9 0.022726333 
1020 286 22 33 0.022645973 
954 133 12 12 0.022631463 
382 50 41 67 0.022595244 
167 59 7 8 0.022582147 
758 455 15 28 0.022518435 
592 612 9 14 0.022377035 
474 295 7 11 0.022367539 
227 180 9 18 0.022307225 
422 284 70 129 0.022299176 
432 130 8 6 0.02227401 
914 420 8 13 0.02224685 
432 184 23 24 0.022245895 
912 31 9 18 0.02223567 
891 8 12 17 0.022222688 
877 40 8 14 0.022181418 
907 464 7 16 0.022136306 
541 673 19 26 0.022094972 
1008 255 12 15 0.022086289 
676 3 8 11 0.022072028 
422 62 8 16 0.021718824 
956 113 11 14 0.021655744 
412 572 20 27 0.02163972 
644 1 10 8 0.02162795 
862 317 9 11 0.021551764 
329 38 58 90 0.021443725 
205 73 7 12 0.021438375 
1028 196 18 30 0.021342885 
565 9 11 15 0.021272356 
310 4 10 11 0.021262448 
387 620 17 24 0.021187134 
966 130 20 23 0.021080954 
477 336 8 14 0.020949535 
754 38 8 12 0.020906877 
513 44 7 10 0.020831574 
691 333 8 12 0.020821773 
964 149 14 14 0.020817704 
639 1 8 8 0.020804837 
163 416 9 12 0.020733919 
256 153 41 58 0.020684602 
702 309 7 11 0.020677086 
28 622 20 28 0.020671826 
913 463 18 32 0.020662231 
356 5 9 10 0.020635404 
177 58 8 11 0.020590715 
447 199 11 16 0.020535372 
210 60 12 16 0.020306325 
635 159 17 15 0.020305047 
256 188 8 13 0.020287968 
432 135 9 10 0.020241326 
196 68 8 13 0.020235369 
475 289 5 7 0.020224852 
918 151 9 15 0.020211246 
466 295 4 9 0.020146023 
462 289 4 9 0.020112509 
924 589 21 30 0.02008209 
812 590 18 33 0.0200161 
651 177 19 25 0.02000525 
