10_People_Marching_People_Marching_2_173
555
794 511 25 33 0.99837863 
365 496 12 16 0.9541719 
859 514 15 20 0.9363103 
318 487 10 12 0.9066176 
521 501 9 16 0.8477713 
760 499 10 13 0.82572776 
494 504 10 14 0.8013228 
454 496 9 12 0.68798196 
210 483 7 9 0.5854636 
250 492 9 11 0.5716175 
674 503 9 14 0.53015363 
812 495 11 18 0.51779735 
677 533 10 17 0.50674886 
614 506 9 16 0.48229298 
191 486 7 8 0.47672066 
171 490 8 9 0.4608175 
444 497 6 10 0.45430917 
484 503 8 11 0.32288688 
468 504 6 9 0.31464037 
349 488 10 14 0.31233227 
262 491 6 9 0.30127645 
509 502 8 12 0.28298375 
422 498 7 9 0.280804 
145 492 8 8 0.27680558 
187 487 5 6 0.27201423 
583 504 8 12 0.26838383 
732 504 12 15 0.26303744 
646 497 7 11 0.25666732 
649 557 8 14 0.24396078 
383 491 9 12 0.22462471 
779 514 13 18 0.21687153 
341 497 7 11 0.2156326 
569 501 9 14 0.19227153 
282 498 8 9 0.19130655 
543 496 6 9 0.19060612 
939 489 23 35 0.18923031 
640 496 7 12 0.18869396 
824 469 15 23 0.18306588 
345 489 8 12 0.18272702 
263 487 5 6 0.17702267 
388 495 8 10 0.17283112 
181 487 5 5 0.16922536 
697 483 8 10 0.16855766 
186 491 8 8 0.16708103 
596 477 9 11 0.16387318 
658 501 7 11 0.16233192 
760 531 12 20 0.16214265 
753 541 11 20 0.15788278 
631 520 10 16 0.15644278 
552 492 6 9 0.15426238 
441 503 7 10 0.15333366 
197 486 5 7 0.15039316 
308 492 6 9 0.14971592 
654 478 7 10 0.14270613 
275 494 6 7 0.13173465 
190 490 7 8 0.1316624 
447 500 7 11 0.1309006 
344 479 8 10 0.1295516 
423 492 6 9 0.12712233 
583 471 7 11 0.12211562 
226 480 4 6 0.12179759 
116 488 6 6 0.12026703 
512 509 7 9 0.118508376 
569 481 8 12 0.11814872 
702 516 8 14 0.11808049 
307 485 6 8 0.11372335 
555 495 7 10 0.11270992 
287 489 7 9 0.10852547 
155 488 6 6 0.10788756 
429 478 5 8 0.10407103 
375 485 8 9 0.10347937 
134 485 6 7 0.10153405 
295 506 7 8 0.100976974 
443 494 5 8 0.100447595 
582 478 7 9 0.0972819 
562 472 6 7 0.0956517 
159 492 8 6 0.09436231 
666 472 4 8 0.09122789 
467 500 6 7 0.089318596 
168 488 6 6 0.0890519 
701 485 8 10 0.08904795 
224 502 7 8 0.08850353 
665 496 8 12 0.08816378 
474 528 8 10 0.085252196 
513 487 6 8 0.08349826 
398 497 6 9 0.0834293 
641 472 6 9 0.0820828 
426 498 7 8 0.080521725 
459 501 7 10 0.078945234 
232 493 6 7 0.07884126 
582 466 7 9 0.0769877 
313 491 8 10 0.07661528 
376 491 9 11 0.075312324 
950 497 21 32 0.07512403 
575 467 6 8 0.075016074 
205 491 6 7 0.0749556 
575 514 7 13 0.07307071 
634 489 7 12 0.07285615 
283 492 5 7 0.07198473 
270 497 6 7 0.0719345 
517 491 7 9 0.07126337 
371 479 8 10 0.07126208 
242 486 6 8 0.069863 
556 485 6 10 0.06980068 
323 485 8 11 0.068469755 
514 516 7 9 0.068293765 
667 506 8 13 0.06796404 
692 483 7 10 0.06729536 
237 490 6 8 0.066715024 
709 486 9 11 0.06591758 
580 513 9 13 0.0654825 
285 487 5 7 0.06529928 
230 499 6 8 0.06480749 
428 485 6 9 0.06430564 
977 490 8 8 0.063871294 
482 501 6 8 0.0632321 
429 474 5 7 0.062826626 
302 492 6 8 0.062505975 
159 488 6 6 0.062215697 
378 457 7 11 0.062047753 
252 487 5 7 0.06147618 
438 505 6 7 0.060776703 
650 498 7 11 0.060039274 
671 538 16 26 0.059602197 
459 495 7 9 0.059215598 
401 497 7 10 0.05915448 
689 495 9 12 0.05910348 
486 508 8 10 0.05866004 
128 402 6 8 0.058277432 
311 495 7 11 0.05816753 
1017 507 9 18 0.05776638 
469 467 4 6 0.05775198 
678 478 6 11 0.057461206 
654 474 6 8 0.05689683 
937 489 12 17 0.05675284 
556 508 8 12 0.056560803 
187 483 4 4 0.056425363 
436 518 7 11 0.056039885 
418 473 4 7 0.055964578 
341 479 6 8 0.055423614 
208 482 5 7 0.055114448 
194 482 4 6 0.055052992 
575 521 8 13 0.05482545 
418 479 4 7 0.05389033 
474 533 8 14 0.05375757 
185 497 8 7 0.05366374 
265 482 4 5 0.053389736 
285 502 8 9 0.05286736 
685 479 6 10 0.05225742 
120 488 6 5 0.05204481 
971 485 11 11 0.052009184 
198 482 5 6 0.051905178 
493 500 8 11 0.051417693 
302 495 6 12 0.050776977 
975 517 17 21 0.050095044 
146 487 6 6 0.049880438 
123 419 6 9 0.04982791 
573 497 9 14 0.049287897 
657 507 9 13 0.04924891 
473 511 6 9 0.048775006 
211 489 7 9 0.04806769 
679 474 5 7 0.04801712 
660 467 5 7 0.04773868 
581 483 8 11 0.047626454 
564 502 8 14 0.04741845 
614 499 7 12 0.047250647 
365 474 6 7 0.046987213 
505 508 8 11 0.046651375 
572 471 6 7 0.046472605 
996 500 11 12 0.046396073 
670 498 9 14 0.046179168 
478 522 19 23 0.04615479 
231 481 5 6 0.04562232 
708 512 10 14 0.045413267 
595 508 7 13 0.044921063 
475 480 5 6 0.04468339 
478 521 11 14 0.044554956 
625 513 11 16 0.043908294 
707 501 17 22 0.04388362 
620 599 25 34 0.04384349 
675 509 11 18 0.043792758 
142 495 9 9 0.0434358 
543 527 7 12 0.043431897 
924 483 9 14 0.04340242 
269 486 5 6 0.043381557 
103 446 6 10 0.042640697 
424 486 5 9 0.04214866 
194 350 13 16 0.041929174 
119 637 8 11 0.041882336 
660 473 5 7 0.04181379 
416 498 7 10 0.041603975 
577 479 6 9 0.04143224 
233 487 5 6 0.041230176 
696 488 9 13 0.041022908 
654 466 6 7 0.04083827 
667 468 4 7 0.040798172 
297 508 8 11 0.040625975 
419 467 4 7 0.040543392 
975 533 19 25 0.040520363 
991 497 11 13 0.04048724 
142 486 6 7 0.040097073 
521 467 5 6 0.0399193 
1019 381 5 9 0.03975108 
686 460 5 6 0.039714627 
760 501 16 22 0.039534125 
672 466 6 8 0.03944365 
354 508 11 13 0.03890441 
290 459 5 7 0.03884177 
474 515 7 9 0.03849994 
517 487 6 8 0.038468275 
220 481 4 6 0.03815896 
143 482 5 5 0.038078405 
753 508 9 12 0.037952777 
134 407 6 9 0.037907552 
635 495 8 11 0.03770191 
146 408 7 9 0.03755379 
692 460 4 6 0.037485123 
135 396 6 6 0.037459802 
520 455 5 5 0.03713772 
484 533 11 16 0.03708149 
618 480 11 15 0.036985487 
350 481 9 11 0.036901336 
563 479 6 10 0.03682982 
512 462 5 5 0.036678813 
147 482 5 5 0.03667658 
713 488 10 11 0.036294527 
488 461 4 5 0.03626455 
559 479 5 8 0.03596763 
276 486 5 5 0.035851806 
414 503 8 9 0.03578574 
709 520 10 14 0.03559734 
130 487 5 5 0.035526443 
160 498 8 7 0.035499178 
437 492 5 7 0.035496924 
226 475 4 6 0.03535836 
218 486 6 6 0.035318106 
263 495 7 9 0.03527195 
228 502 6 9 0.035215944 
500 467 5 6 0.034989227 
991 521 9 13 0.034953002 
488 467 5 5 0.034854364 
771 519 17 26 0.034829978 
383 487 8 9 0.034798525 
168 439 5 9 0.034751408 
475 486 5 7 0.03473142 
645 472 6 9 0.034710925 
665 476 5 10 0.034528 
481 488 4 5 0.03452772 
540 493 5 9 0.03448016 
174 482 5 5 0.03447799 
354 485 8 11 0.034282017 
600 505 8 16 0.03418718 
303 486 5 7 0.034154058 
594 515 8 13 0.034042384 
587 512 8 13 0.034039523 
425 473 4 7 0.034016445 
844 605 8 10 0.0340123 
110 487 6 6 0.033983875 
447 494 7 8 0.033735454 
424 479 5 7 0.033732668 
108 492 6 6 0.03371762 
570 505 14 20 0.033711348 
552 487 6 8 0.033583764 
147 403 6 8 0.033559646 
970 542 11 19 0.033516977 
400 492 7 10 0.033408713 
217 498 8 10 0.033393186 
656 481 8 13 0.033365306 
410 503 8 10 0.03323704 
103 488 6 6 0.033224817 
1012 508 8 15 0.033167347 
564 469 5 7 0.03302276 
368 526 10 13 0.03297322 
179 492 6 6 0.03296976 
327 518 6 8 0.032819178 
545 486 5 7 0.03281705 
476 475 4 5 0.03278061 
305 499 9 13 0.0326806 
333 479 5 7 0.03263489 
524 468 6 6 0.032519147 
644 505 9 15 0.0324512 
444 479 5 6 0.032369997 
551 508 8 12 0.032225538 
424 467 4 7 0.032202736 
520 450 4 5 0.032143656 
0 624 43 41 0.03193723 
274 226 6 11 0.0319037 
569 521 9 13 0.031781696 
579 521 8 14 0.0317403 
838 242 4 7 0.03168762 
815 477 17 27 0.031641845 
600 369 10 14 0.03157995 
608 506 7 15 0.031410158 
481 479 5 6 0.031391304 
512 474 5 5 0.031368095 
495 461 4 5 0.031315386 
198 491 6 6 0.03109741 
338 524 9 10 0.031083671 
526 449 4 5 0.03101689 
375 511 9 14 0.030835798 
741 497 8 10 0.03073133 
399 474 5 6 0.03062711 
921 540 11 14 0.030566521 
217 492 7 8 0.030432424 
257 487 4 6 0.030395886 
513 467 4 6 0.030358622 
683 500 9 13 0.03034143 
212 497 8 10 0.030147634 
731 541 19 31 0.030083984 
328 479 5 8 0.030057669 
276 480 4 6 0.030017037 
341 492 7 8 0.029992186 
182 483 4 4 0.029872844 
479 533 9 15 0.029852154 
676 519 11 18 0.029764801 
500 461 4 5 0.029741582 
985 497 7 10 0.02967929 
542 501 8 12 0.029619072 
835 241 4 7 0.02954613 
601 528 7 16 0.029432781 
1018 422 6 8 0.029298538 
581 488 10 13 0.029210847 
716 472 6 8 0.029068999 
366 479 6 8 0.029012635 
467 493 6 7 0.028904006 
332 491 6 9 0.028829517 
379 441 5 8 0.02879291 
1017 521 8 15 0.028778693 
249 502 8 9 0.028774496 
683 521 9 14 0.02873901 
431 462 3 5 0.028675564 
418 484 5 8 0.028611772 
439 508 8 12 0.028601002 
300 463 7 10 0.028590837 
235 498 6 9 0.028542602 
585 496 10 16 0.028414212 
111 401 4 8 0.028355177 
507 480 5 6 0.028352825 
586 484 9 11 0.028292501 
220 474 4 6 0.028277129 
271 481 4 6 0.0282361 
626 524 11 16 0.02816771 
448 479 4 6 0.028147785 
689 523 7 11 0.028118627 
411 480 4 6 0.027999375 
481 492 5 6 0.027888717 
701 484 16 21 0.027662791 
948 294 8 17 0.027504673 
532 473 5 6 0.027381208 
332 485 6 9 0.027367176 
124 402 6 8 0.027321883 
224 486 5 6 0.027307237 
638 484 8 11 0.02720978 
442 474 5 6 0.027175596 
136 414 6 8 0.027134784 
480 508 8 10 0.027080532 
280 492 15 19 0.027068874 
527 472 4 6 0.027046429 
992 500 19 23 0.02698786 
141 488 17 16 0.026944838 
961 497 21 26 0.026929436 
133 402 6 9 0.026870715 
242 490 7 10 0.026865553 
609 497 6 10 0.026848441 
198 499 7 8 0.026826032 
748 544 10 21 0.026788037 
191 497 7 8 0.02676225 
129 406 6 9 0.026577387 
521 462 4 5 0.026542664 
544 473 5 6 0.026469871 
463 468 4 5 0.026373161 
90 406 5 10 0.026336698 
686 474 5 7 0.026325574 
482 455 4 5 0.0262981 
661 462 5 6 0.026249973 
597 402 5 8 0.026189199 
508 461 4 5 0.026167171 
559 469 5 7 0.026090728 
533 484 6 9 0.026083242 
482 468 4 5 0.025995838 
416 509 8 11 0.025934096 
430 467 4 6 0.02591752 
360 465 7 9 0.025867619 
294 498 6 9 0.025850434 
333 496 7 10 0.025807695 
746 496 9 10 0.025787523 
748 492 7 9 0.02578681 
781 517 20 26 0.025748283 
272 237 4 8 0.025724633 
691 474 6 8 0.025485959 
295 480 5 6 0.025437986 
485 498 14 19 0.025249772 
251 482 4 5 0.025245013 
854 230 4 6 0.025128467 
684 491 18 25 0.025085624 
508 449 3 5 0.02507772 
874 513 10 17 0.025047751 
413 474 4 6 0.025010118 
481 475 5 6 0.024822017 
713 524 9 16 0.024791945 
702 494 9 13 0.024777757 
596 521 7 14 0.024555743 
626 496 7 11 0.024549918 
495 467 4 5 0.024538161 
602 365 6 8 0.024497617 
1077 574 14 24 0.02447709 
1006 554 15 25 0.024476886 
206 479 16 19 0.024462443 
543 539 10 19 0.024437148 
373 518 11 15 0.024394702 
523 491 7 13 0.024367196 
651 550 7 13 0.02435933 
534 456 4 5 0.024297645 
126 416 6 8 0.02422856 
333 466 5 7 0.024220027 
858 238 4 6 0.024140831 
652 527 8 14 0.024140332 
1083 549 13 23 0.024097864 
546 467 4 7 0.023882741 
888 587 21 26 0.02375716 
563 491 6 11 0.023708556 
1066 591 17 29 0.023684675 
109 427 6 8 0.023661003 
166 468 5 6 0.023651106 
538 480 5 7 0.023647122 
420 510 8 9 0.02361023 
1026 510 17 25 0.023578707 
756 502 9 11 0.02357757 
470 463 3 5 0.023536686 
419 461 3 5 0.023438277 
771 500 11 16 0.023390364 
525 462 5 6 0.023306323 
167 473 4 5 0.023299366 
685 466 5 7 0.023153238 
193 344 9 11 0.023123449 
254 503 7 9 0.02310973 
314 485 9 10 0.023080252 
1011 503 8 12 0.023065256 
963 511 12 16 0.023059431 
828 312 4 9 0.023014292 
436 468 5 6 0.022988962 
436 473 5 7 0.022947425 
673 460 5 7 0.02292707 
124 481 5 5 0.022893861 
642 492 13 21 0.022864724 
686 493 7 10 0.02281772 
382 500 9 11 0.022794211 
469 486 5 6 0.022596825 
494 480 5 6 0.022568181 
580 467 14 21 0.02256725 
673 471 5 9 0.022533156 
325 503 7 10 0.022501491 
634 478 6 9 0.022484178 
447 492 13 19 0.022446463 
563 520 7 12 0.022368208 
654 463 5 6 0.022363055 
166 485 16 18 0.022351013 
607 477 7 12 0.02232223 
130 482 4 5 0.022289673 
596 458 6 9 0.022224652 
743 467 4 6 0.022093628 
168 483 4 4 0.022086851 
365 485 8 11 0.022064127 
671 529 11 17 0.021992117 
674 482 7 12 0.021916019 
103 440 6 11 0.021889882 
992 554 10 15 0.021828383 
319 482 8 10 0.02181253 
324 494 7 11 0.021798665 
706 532 10 15 0.02179351 
275 475 5 6 0.02179215 
274 504 7 8 0.021791058 
526 455 4 5 0.021785868 
1102 486 9 17 0.021777807 
243 504 8 8 0.021773359 
472 500 6 7 0.021761796 
341 485 6 8 0.02175052 
667 460 4 6 0.021706725 
297 464 6 9 0.021689437 
680 476 16 23 0.021653987 
1019 501 15 26 0.021624288 
762 517 17 23 0.021617038 
2 730 41 49 0.021616701 
1019 343 6 10 0.021615952 
995 513 12 18 0.021493908 
331 516 7 10 0.021473784 
757 538 16 28 0.02146786 
504 514 8 10 0.021465478 
187 461 4 7 0.021463923 
971 491 20 23 0.021457136 
204 498 6 9 0.021434363 
626 490 7 11 0.021425512 
292 490 8 10 0.02141479 
334 523 8 9 0.021393755 
890 593 10 12 0.02136805 
170 495 9 9 0.021357631 
533 460 5 6 0.021308051 
699 515 16 23 0.021306265 
1012 408 5 7 0.02128599 
397 502 7 10 0.021283505 
431 455 4 4 0.02107148 
402 501 8 11 0.021064064 
508 474 4 5 0.02089196 
538 484 5 8 0.020887896 
181 465 5 7 0.020865494 
274 235 5 10 0.020856323 
1054 510 15 22 0.020843342 
399 525 12 14 0.020793524 
269 505 6 7 0.020788819 
977 495 9 12 0.020768039 
425 462 3 4 0.020767277 
466 522 7 10 0.020764118 
743 493 7 8 0.020761603 
218 465 5 8 0.020760799 
488 488 5 5 0.020734489 
369 514 11 14 0.020645306 
741 535 27 44 0.020642053 
493 486 5 7 0.020635111 
422 529 7 11 0.02063271 
1105 471 7 15 0.02062959 
457 467 4 5 0.020610373 
854 236 4 7 0.020608675 
185 480 16 18 0.020604163 
625 502 9 14 0.020599483 
637 515 8 15 0.020592596 
622 473 6 9 0.020567985 
539 473 5 6 0.02056674 
575 489 9 13 0.020565502 
635 473 5 8 0.020551251 
514 454 4 5 0.020509876 
264 475 5 6 0.020506168 
467 516 6 10 0.020479685 
963 496 10 14 0.02046257 
698 459 5 7 0.020459222 
485 517 9 12 0.020455455 
442 488 5 6 0.020436596 
633 502 9 14 0.020434346 
463 474 4 5 0.020413658 
840 600 8 11 0.020382488 
637 525 8 15 0.020365136 
709 495 11 14 0.020342974 
764 480 5 6 0.020284899 
495 474 4 6 0.020282561 
475 462 4 5 0.02021845 
624 478 8 12 0.020187343 
85 404 4 7 0.020184513 
433 512 14 22 0.020180317 
416 524 7 9 0.020169448 
933 485 9 14 0.020142686 
753 509 17 25 0.020122506 
1019 441 5 8 0.020100655 
645 526 9 17 0.020097522 
524 485 6 9 0.02007673 
1093 526 11 22 0.020063499 
641 112 115 117 0.020051014 
