10_People_Marching_People_Marching_10_People_Marching_People_Marching_10_People_Marching_People_Marching_10_938
19
480 263 114 156 0.99984324 
89 2 52 41 0.078357674 
594 925 62 87 0.068295635 
385 469 53 105 0.05267067 
481 445 20 26 0.045347977 
564 293 14 22 0.040898517 
4 450 30 56 0.037971895 
981 1032 10 16 0.03344944 
392 528 37 61 0.031562533 
254 156 29 40 0.031041723 
185 1475 62 76 0.027740397 
538 1148 10 21 0.026824538 
424 1203 98 204 0.025367668 
133 2 16 10 0.023509001 
11 1104 524 589 0.02339006 
910 1280 103 197 0.021344226 
75 103 15 12 0.021005947 
114 971 14 19 0.020593084 
415 475 14 26 0.020080088 
