10_People_Marching_People_Marching_2_373
877
338 167 25 30 0.9998735 
766 117 24 26 0.9997806 
768 497 37 51 0.99971884 
269 95 27 33 0.99969566 
969 92 25 32 0.9996629 
863 136 25 27 0.9995956 
106 427 42 44 0.99958867 
145 504 44 53 0.99956256 
691 485 47 48 0.99953365 
981 151 27 33 0.99943835 
727 87 23 28 0.99941194 
512 413 39 52 0.99939024 
877 100 25 31 0.9993861 
477 40 21 27 0.9993772 
381 186 27 40 0.99937195 
259 262 28 38 0.9993455 
249 464 40 49 0.9993259 
274 364 37 46 0.9991986 
772 185 26 39 0.9991825 
352 436 50 57 0.9991684 
314 203 28 39 0.9990845 
252 167 25 28 0.99907684 
913 150 27 33 0.9990596 
808 144 25 30 0.9990313 
839 157 25 27 0.9989372 
873 69 25 23 0.9988644 
994 78 23 31 0.998841 
837 78 27 25 0.9988148 
620 113 25 31 0.9987582 
182 120 23 34 0.99875224 
943 207 28 31 0.9985586 
630 471 39 46 0.9985563 
251 400 38 49 0.9984799 
51 52 23 28 0.9982792 
264 139 26 31 0.9982666 
757 336 30 38 0.9981281 
716 174 24 33 0.99775416 
984 241 30 38 0.9977149 
694 202 32 32 0.9976331 
346 52 22 23 0.99761176 
826 55 21 29 0.9974675 
393 350 35 40 0.9973049 
87 188 24 30 0.9972994 
612 76 23 26 0.9972928 
305 11 17 23 0.9971807 
980 437 28 40 0.99695 
577 62 18 25 0.9968797 
885 174 29 33 0.9968438 
967 189 24 31 0.99675167 
321 43 19 25 0.9967103 
268 201 29 31 0.9965557 
380 4 22 20 0.99650466 
757 27 19 25 0.9964443 
927 119 24 30 0.9963122 
186 14 17 25 0.9962315 
774 89 23 24 0.9960712 
162 72 20 27 0.996064 
158 7 16 21 0.99598914 
677 137 22 31 0.9957919 
570 302 28 41 0.99557173 
953 505 41 41 0.9952182 
756 235 27 31 0.9948413 
695 296 29 34 0.99469227 
500 93 24 33 0.99449 
626 173 22 38 0.9944195 
285 16 17 22 0.9941875 
672 437 38 42 0.99405885 
934 73 24 32 0.9939645 
354 78 23 26 0.9939526 
368 384 30 40 0.9939138 
808 295 36 41 0.9936069 
797 118 24 33 0.99294126 
135 314 32 40 0.99245125 
911 227 31 41 0.9922301 
370 108 25 30 0.99204785 
757 273 33 40 0.99137175 
88 374 35 45 0.9909853 
655 138 27 31 0.99065757 
56 304 29 41 0.9905882 
103 242 20 28 0.9903446 
858 293 27 38 0.98970896 
168 385 36 39 0.9892986 
851 51 22 24 0.9891132 
368 135 26 34 0.9890698 
312 535 52 48 0.988361 
56 224 22 28 0.98809147 
412 427 32 46 0.9880469 
477 274 26 26 0.9875674 
291 467 33 49 0.9873146 
849 207 27 27 0.9870946 
122 8 17 20 0.98689353 
20 320 38 41 0.9868759 
463 327 31 42 0.98669875 
694 241 30 33 0.9848844 
169 288 33 49 0.98417205 
791 68 23 25 0.9840254 
520 258 32 35 0.9838351 
1002 370 27 42 0.9836885 
870 402 37 50 0.98319906 
284 294 33 41 0.98306423 
795 17 17 30 0.9826366 
146 99 27 38 0.9818854 
223 307 29 44 0.9816159 
698 338 31 41 0.9814765 
817 181 21 33 0.98038095 
404 56 21 21 0.97820824 
797 374 30 35 0.9772509 
729 5 15 23 0.9751676 
188 63 17 29 0.973691 
70 465 38 55 0.9735965 
368 41 16 25 0.9719453 
150 345 37 39 0.9704165 
656 53 22 25 0.97025406 
121 36 17 22 0.96664685 
208 258 26 38 0.9661794 
207 201 25 35 0.96565205 
416 99 21 25 0.9649159 
201 102 20 26 0.9633795 
185 439 29 43 0.96302927 
51 258 27 37 0.9622076 
146 43 17 24 0.9619281 
817 89 20 26 0.9612045 
774 146 22 31 0.96024984 
332 279 31 36 0.95955056 
847 236 31 37 0.9594663 
48 426 40 54 0.95846355 
992 478 31 42 0.94654036 
167 188 29 32 0.94310343 
877 274 30 30 0.9419667 
794 270 27 38 0.94029546 
993 206 25 31 0.9384947 
823 513 22 37 0.9338147 
209 229 22 34 0.9323459 
446 43 17 22 0.9234001 
745 165 23 27 0.92260146 
929 499 39 43 0.9214994 
445 288 28 37 0.9214605 
700 1 15 17 0.91723883 
176 499 26 46 0.91720307 
819 37 18 23 0.90716743 
241 7 15 18 0.9050328 
553 388 36 45 0.90017205 
930 290 25 40 0.89910495 
362 12 16 16 0.8987513 
22 80 21 33 0.8975192 
590 372 22 33 0.8972304 
917 383 26 40 0.89665246 
424 52 19 25 0.8856055 
109 303 20 28 0.8783111 
701 26 17 29 0.8778171 
262 75 18 24 0.8699 
523 63 16 22 0.86858124 
899 70 19 22 0.86804014 
403 300 26 33 0.86676776 
348 24 17 20 0.8639548 
641 28 17 23 0.86302793 
628 410 28 42 0.85973066 
635 287 32 47 0.8535746 
546 94 21 31 0.8361845 
410 28 17 23 0.8273993 
570 82 15 24 0.82499534 
771 48 19 21 0.80774677 
229 83 19 24 0.80674356 
24 4 10 13 0.7704033 
894 98 21 28 0.7693848 
704 143 21 27 0.74543417 
83 36 18 20 0.7416392 
351 329 20 32 0.7312132 
116 57 18 22 0.7312053 
565 -1 18 13 0.7179706 
932 51 12 19 0.70999104 
836 476 22 41 0.70534337 
53 543 39 39 0.7032828 
494 25 16 17 0.7025569 
38 11 16 22 0.7015616 
216 95 19 26 0.7014405 
415 328 25 34 0.69895047 
764 79 22 23 0.69484067 
571 34 15 17 0.6936984 
397 253 27 34 0.68534625 
337 130 21 28 0.6736744 
457 385 22 38 0.6722164 
801 56 20 24 0.66816187 
618 35 19 26 0.6634635 
229 34 18 24 0.65822005 
3 10 18 15 0.647339 
498 50 17 24 0.64414436 
905 264 27 36 0.6278424 
1 86 18 26 0.6267131 
287 170 18 29 0.6058957 
139 130 26 34 0.6051718 
538 76 14 22 0.60072964 
398 77 25 33 0.5981352 
123 385 34 37 0.5949494 
804 412 21 35 0.5899779 
767 6 15 21 0.57734925 
945 285 31 45 0.573532 
1 47 13 17 0.5670062 
18 373 22 39 0.56302303 
0 197 16 34 0.54872257 
56 21 14 15 0.54449123 
134 82 22 29 0.52947897 
548 46 17 20 0.5214194 
64 244 24 37 0.5211002 
841 18 18 21 0.50639534 
584 44 14 16 0.49999747 
904 559 29 31 0.49421743 
577 38 15 18 0.48204488 
462 78 17 28 0.47940698 
660 16 15 23 0.46005407 
223 542 40 34 0.45192474 
623 2 10 11 0.4479548 
339 101 19 27 0.44341862 
457 12 13 16 0.4426739 
35 59 12 16 0.41436365 
79 9 14 15 0.40674168 
974 550 41 41 0.40534335 
878 46 20 21 0.39764884 
529 69 17 23 0.37001216 
943 28 11 15 0.35448298 
614 16 10 15 0.34995005 
513 11 12 16 0.34083593 
59 357 25 35 0.34036157 
300 538 26 33 0.32912564 
744 179 21 31 0.32355186 
667 383 25 39 0.3234193 
1001 131 16 25 0.3217666 
226 224 16 26 0.30982867 
519 36 12 13 0.30950347 
947 9 11 15 0.30814472 
25 21 11 13 0.30490863 
329 430 30 40 0.30223835 
72 1 14 12 0.29377574 
731 61 21 27 0.2902151 
103 314 24 33 0.28493157 
818 25 17 24 0.26954913 
662 195 25 26 0.26769662 
214 1 14 14 0.26748475 
4 256 18 28 0.26440144 
657 399 23 39 0.255721 
456 43 15 22 0.25551486 
554 24 15 20 0.25380772 
267 -1 14 9 0.25137278 
274 50 22 20 0.24549696 
689 136 20 28 0.24222778 
608 194 18 45 0.23571572 
401 126 17 26 0.22840974 
251 366 25 38 0.22012289 
582 511 15 32 0.21820575 
477 27 11 16 0.21391253 
628 75 15 24 0.2054465 
792 417 22 40 0.20481375 
666 229 24 32 0.20114158 
661 209 28 37 0.20107186 
213 65 16 25 0.19765858 
357 0 11 9 0.19568744 
605 319 24 45 0.19234768 
1016 116 11 18 0.19110866 
202 416 20 34 0.18949816 
221 181 24 30 0.18699826 
551 255 26 32 0.18638356 
749 288 25 35 0.18468805 
845 27 20 22 0.1815509 
45 175 22 27 0.18024702 
682 9 10 18 0.18001764 
242 108 14 18 0.17977679 
121 366 31 37 0.17508927 
672 351 22 29 0.17371668 
316 155 18 29 0.16765192 
14 64 13 18 0.16685718 
118 302 31 41 0.16411828 
911 91 21 30 0.16402352 
638 389 31 50 0.1630715 
937 178 23 26 0.1627848 
341 14 17 14 0.16009094 
459 20 14 24 0.15975273 
432 302 20 33 0.15964411 
231 24 15 19 0.15889195 
5 295 17 27 0.15876825 
712 130 18 26 0.1581059 
540 11 13 13 0.15614793 
522 1 10 9 0.15608709 
797 475 8 15 0.15413886 
444 360 18 26 0.15397099 
501 82 20 24 0.14909749 
324 9 11 12 0.14852954 
91 334 23 32 0.14723235 
946 359 34 50 0.14684033 
464 279 33 40 0.14428386 
896 362 31 50 0.14247996 
130 208 16 29 0.14082561 
837 228 24 34 0.14047934 
884 30 20 20 0.13809758 
194 116 21 30 0.1364903 
772 17 13 19 0.13479578 
799 0 12 10 0.13393532 
759 48 12 17 0.13327841 
201 268 21 34 0.13227749 
663 0 12 15 0.13173196 
412 18 12 17 0.12878244 
749 1 11 15 0.1259684 
535 306 21 35 0.12483949 
848 479 24 36 0.12372702 
365 259 25 33 0.12008224 
899 82 24 33 0.11873581 
236 53 13 17 0.1170556 
40 35 13 17 0.117025144 
382 426 42 50 0.11677198 
67 41 14 15 0.11666641 
807 84 21 27 0.116483316 
927 365 32 53 0.11466019 
634 1 8 7 0.11424403 
10 207 11 22 0.11327244 
606 23 8 13 0.11111582 
776 10 12 14 0.110915534 
0 66 7 15 0.10983662 
718 89 14 18 0.10884455 
190 267 21 29 0.108571135 
202 191 19 25 0.10695824 
513 325 25 43 0.10505654 
37 0 8 7 0.10492269 
729 43 19 21 0.10460986 
303 224 12 16 0.10417865 
733 554 37 40 0.102903575 
706 160 21 31 0.10251137 
916 134 27 30 0.10199914 
658 2 11 12 0.1013935 
973 489 39 43 0.10123304 
439 366 29 43 0.09772284 
522 308 24 40 0.09756638 
792 80 20 29 0.0968647 
195 48 16 25 0.09678821 
56 372 30 46 0.09669706 
508 5 11 11 0.09599332 
946 387 23 37 0.09548538 
487 31 20 21 0.09438742 
865 64 20 23 0.09266853 
400 28 11 15 0.090443395 
1005 214 13 15 0.08967343 
420 312 25 34 0.08925365 
790 469 16 28 0.08747858 
830 448 16 26 0.0871614 
663 266 25 35 0.08672844 
608 1 7 8 0.08638038 
872 52 16 16 0.08633093 
899 391 33 51 0.08584976 
738 13 10 16 0.08561832 
672 363 25 43 0.08487109 
99 299 20 29 0.08340763 
644 4 9 10 0.08192745 
160 455 32 40 0.08111079 
996 29 32 44 0.08011185 
624 446 25 36 0.079831526 
602 17 8 13 0.07912064 
435 48 17 24 0.07843203 
184 73 13 22 0.07810933 
227 67 20 27 0.077963054 
97 554 34 33 0.077811316 
23 205 17 26 0.07725673 
904 514 24 30 0.077141404 
69 11 14 14 0.076016426 
678 4 9 15 0.07569221 
533 21 12 15 0.07497715 
31 0 8 8 0.07386441 
611 4 10 11 0.07191157 
53 145 21 32 0.07174301 
957 304 44 53 0.07061669 
955 396 24 34 0.07043726 
545 14 13 14 0.070372425 
418 22 11 16 0.069394425 
474 115 22 27 0.06905376 
111 144 26 43 0.0690148 
723 8 10 16 0.06852604 
0 261 10 17 0.067526594 
472 85 18 22 0.067197375 
438 478 35 52 0.067124955 
716 83 11 17 0.06693729 
639 4 9 10 0.06646707 
854 2 10 13 0.06578303 
752 17 13 20 0.06577294 
70 286 23 31 0.06552075 
497 65 20 27 0.0647157 
157 120 28 39 0.064638875 
14 87 19 31 0.06438089 
516 5 10 10 0.064292766 
203 11 10 16 0.06425698 
334 19 14 16 0.064091004 
143 2 12 17 0.06346645 
337 23 20 23 0.062259525 
421 489 36 48 0.06158756 
41 5 13 13 0.06112459 
44 0 10 8 0.060968295 
214 12 13 20 0.0607367 
317 3 14 13 0.060509425 
977 197 29 38 0.06012109 
239 207 18 24 0.06001339 
344 33 23 25 0.059832904 
746 96 13 21 0.059598748 
399 33 16 22 0.05939635 
1011 60 26 42 0.059349265 
463 264 27 26 0.059283912 
613 1 7 7 0.05880951 
797 7 14 19 0.05848805 
892 24 13 15 0.057997387 
781 161 20 31 0.057292927 
614 209 25 45 0.056710415 
453 79 18 31 0.056702193 
14 15 11 13 0.056473617 
276 -1 12 9 0.05640063 
92 117 27 39 0.056167975 
620 60 12 15 0.0561633 
787 90 15 19 0.05588719 
729 455 23 34 0.055348013 
351 144 29 41 0.055288155 
16 69 20 29 0.055061404 
790 256 24 34 0.054668367 
73 238 14 21 0.054645218 
34 70 13 17 0.05461814 
522 14 10 16 0.05439912 
501 17 13 16 0.054165766 
883 346 33 48 0.053823873 
0 91 8 16 0.05377947 
510 18 10 16 0.053762298 
1 146 21 31 0.05370978 
6 421 33 61 0.053102292 
960 281 37 45 0.052799772 
20 1 9 9 0.05255533 
566 371 35 44 0.05247753 
8 51 12 16 0.052251805 
646 275 25 35 0.052129716 
611 24 11 16 0.052045196 
652 2 7 7 0.051496875 
6 291 12 16 0.051242597 
688 4 10 16 0.051225506 
503 8 12 13 0.05105504 
129 59 12 17 0.050740242 
434 331 20 33 0.050627433 
173 75 14 20 0.05061898 
529 17 11 15 0.05060616 
272 71 21 26 0.05054171 
106 383 32 31 0.05034301 
117 246 13 20 0.050335374 
509 299 23 32 0.050304543 
559 368 29 28 0.05026296 
540 260 23 31 0.05013659 
1017 252 16 27 0.049927488 
322 92 21 29 0.049902197 
80 337 22 28 0.049689226 
95 260 22 28 0.04957932 
455 309 28 41 0.049559966 
845 62 27 28 0.04903861 
129 242 12 18 0.049019173 
617 476 30 34 0.04880086 
859 475 30 46 0.048308372 
0 25 5 9 0.04828422 
846 9 14 15 0.048031062 
372 10 20 21 0.04799268 
661 8 13 17 0.047700357 
936 455 34 41 0.047426436 
554 36 17 22 0.0473202 
656 415 11 17 0.047071468 
890 54 13 14 0.046641808 
-1 126 7 20 0.046570398 
73 193 23 25 0.046549022 
559 83 18 28 0.04651319 
0 214 7 20 0.046277557 
272 5 15 16 0.046275947 
29 13 16 21 0.04621365 
154 85 22 31 0.046129797 
481 20 15 21 0.046065405 
331 134 13 19 0.04572078 
1015 31 18 27 0.04560546 
498 2 12 13 0.04540476 
942 401 13 21 0.04538647 
863 94 18 26 0.04498635 
618 10 10 13 0.044796284 
989 128 21 26 0.044652525 
350 0 11 8 0.044568174 
483 16 10 14 0.044381272 
760 249 27 41 0.044227183 
448 284 17 21 0.04413059 
670 24 10 16 0.044105593 
976 323 35 47 0.043977913 
380 336 22 30 0.04395817 
209 32 18 23 0.04394605 
591 21 10 15 0.04386675 
356 288 29 44 0.043744903 
801 511 18 29 0.043658353 
860 30 14 15 0.04349125 
480 3 8 10 0.0432507 
898 157 31 39 0.04310069 
853 462 23 39 0.042989634 
830 180 18 29 0.042919505 
540 19 13 15 0.042572822 
837 23 12 17 0.042396482 
4 19 12 12 0.042378955 
814 2 12 13 0.04230316 
155 302 35 46 0.042002015 
503 379 31 35 0.041794874 
627 394 18 38 0.04176847 
889 418 36 54 0.041748956 
18 58 19 22 0.041682664 
388 107 20 31 0.041614164 
667 540 41 47 0.04159089 
89 165 32 45 0.041588347 
981 402 22 29 0.04154174 
954 0 8 8 0.0413875 
348 4 13 10 0.041209105 
794 193 19 29 0.0411622 
619 64 19 26 0.041040555 
245 176 21 28 0.040914882 
675 455 48 52 0.040890727 
807 384 26 46 0.040785093 
259 39 19 21 0.040712763 
682 253 32 41 0.040708795 
1 11 9 12 0.04054503 
980 264 22 31 0.040385023 
179 170 20 31 0.040224724 
663 344 22 27 0.04017078 
498 89 12 20 0.03999425 
604 1 7 7 0.039772984 
397 94 18 28 0.039640054 
936 55 21 22 0.039629545 
1008 205 22 35 0.039521344 
309 453 33 49 0.03943955 
210 9 11 15 0.039368518 
726 65 12 16 0.03931899 
546 19 17 19 0.039226092 
841 177 20 28 0.039136488 
652 184 21 30 0.039055258 
559 70 12 19 0.038968533 
974 362 35 46 0.038964577 
38 266 9 15 0.038868703 
468 395 25 36 0.038693737 
64 269 27 26 0.03851979 
554 10 11 13 0.038469728 
987 220 28 39 0.038280543 
917 85 13 18 0.038185664 
602 27 9 13 0.038093794 
631 64 17 26 0.03807103 
558 98 13 18 0.0377363 
953 74 17 27 0.037674844 
0 182 6 18 0.037635725 
233 186 14 18 0.037608705 
989 38 19 24 0.037370827 
222 32 15 24 0.03731347 
85 20 12 13 0.037235618 
781 16 16 26 0.037127823 
930 399 20 31 0.03679325 
935 41 14 19 0.03677825 
105 338 25 35 0.03675475 
392 159 17 23 0.03662921 
47 3 10 11 0.036448207 
196 209 21 29 0.035637505 
429 435 34 49 0.035470184 
441 4 7 12 0.03545425 
596 187 49 86 0.03543349 
547 62 13 19 0.03535574 
463 284 15 16 0.035313524 
35 81 18 30 0.03522194 
100 3 11 12 0.03505233 
119 69 29 39 0.035051655 
715 14 9 15 0.034918677 
834 439 34 56 0.03481893 
484 322 30 46 0.034771048 
349 133 20 26 0.034629103 
917 196 21 25 0.03455523 
408 10 10 13 0.034548096 
333 322 23 38 0.034547955 
574 392 23 33 0.03442003 
410 261 14 18 0.034384772 
399 8 12 17 0.03423226 
814 418 11 19 0.034215383 
574 25 12 15 0.03419592 
225 3 11 13 0.03417809 
481 398 24 36 0.034174263 
524 92 9 16 0.034152057 
911 375 14 21 0.03409221 
868 236 24 33 0.034061246 
318 443 21 35 0.034035902 
188 215 18 24 0.03388967 
1011 66 10 16 0.033873938 
865 55 16 19 0.03382797 
669 397 12 21 0.033715077 
359 25 14 16 0.033596765 
395 38 12 18 0.03339717 
787 132 20 31 0.03327603 
48 86 10 17 0.033241738 
687 36 18 30 0.03318 
202 287 23 36 0.033177998 
702 138 13 21 0.03317495 
16 385 33 58 0.033026353 
623 28 30 41 0.032999866 
788 286 25 39 0.03298817 
314 103 19 28 0.03296103 
5 309 16 31 0.032924768 
91 8 11 16 0.032763876 
806 515 9 15 0.03275562 
780 361 26 26 0.03257359 
911 263 15 20 0.032415073 
385 79 11 16 0.032282736 
55 99 19 35 0.0322802 
14 255 22 31 0.032224618 
1008 44 11 17 0.032177914 
842 38 12 16 0.032025985 
637 59 13 18 0.031923827 
494 0 7 6 0.031910166 
338 147 22 32 0.031805012 
781 275 21 32 0.031795755 
322 404 31 42 0.0317591 
835 231 13 20 0.031721186 
676 239 26 32 0.031655457 
129 126 21 36 0.031610887 
681 396 11 18 0.031507704 
870 499 17 28 0.03148074 
759 13 17 24 0.03146914 
544 98 12 18 0.03146811 
572 431 24 32 0.03140127 
1026 119 18 29 0.03133292 
232 100 18 23 0.031054331 
843 445 9 15 0.030913215 
183 49 17 28 0.030846244 
673 188 22 25 0.030812634 
606 383 30 48 0.03071375 
805 16 18 27 0.03070064 
949 4 10 13 0.030699445 
91 67 17 29 0.030668529 
41 360 15 18 0.030595696 
877 261 23 28 0.03056355 
38 57 17 25 0.030548753 
711 301 22 31 0.030539539 
939 411 28 47 0.03049678 
70 381 28 44 0.0304527 
745 279 21 29 0.030223377 
84 289 20 33 0.030106617 
445 108 20 24 0.030105682 
1008 492 23 33 0.030103402 
580 17 8 12 0.030019382 
440 343 23 33 0.030016825 
0 38 7 12 0.029892707 
922 74 19 27 0.029868476 
1017 22 8 13 0.029755646 
1028 40 29 43 0.029742945 
30 380 22 32 0.029724723 
589 28 9 12 0.02949734 
417 57 16 18 0.029492678 
120 268 19 29 0.029445097 
344 267 33 43 0.029370137 
999 62 19 30 0.029289663 
143 195 19 26 0.029287642 
593 5 8 10 0.029206231 
879 0 16 9 0.02910092 
881 180 14 18 0.0290409 
742 67 12 16 0.028992267 
411 130 10 18 0.02897798 
55 104 9 19 0.028932052 
189 361 21 32 0.02890934 
485 86 17 26 0.028865533 
656 353 20 32 0.028781474 
643 364 31 50 0.028763065 
1014 125 15 26 0.028674606 
526 35 11 14 0.028607806 
440 41 13 19 0.028474769 
381 252 32 46 0.028452097 
545 314 12 17 0.028431224 
628 0 16 18 0.028367598 
473 23 10 16 0.028311724 
729 368 21 32 0.02829404 
605 328 12 21 0.028288292 
849 38 18 19 0.02824031 
3 58 14 25 0.028219206 
343 7 13 11 0.027990544 
273 179 26 34 0.027973007 
448 65 16 30 0.02795405 
787 0 8 7 0.027927384 
358 52 15 18 0.027761148 
366 0 11 9 0.027665962 
441 70 11 17 0.027635146 
553 54 17 24 0.02756731 
889 71 16 18 0.027548615 
136 58 12 18 0.027547574 
11 193 18 29 0.027471213 
38 145 25 36 0.027442003 
257 79 12 15 0.027440775 
643 139 12 18 0.027393939 
219 6 13 16 0.027387386 
805 189 29 44 0.027370535 
580 11 8 11 0.027345095 
757 1 17 20 0.027251525 
352 105 20 27 0.027240619 
637 70 33 41 0.027215462 
0 80 8 15 0.027170908 
763 38 18 23 0.027129767 
172 65 26 40 0.027057061 
567 63 17 23 0.02694548 
327 10 18 19 0.026938014 
245 295 12 17 0.02690289 
89 56 17 25 0.026900254 
219 19 10 18 0.026878368 
9 142 12 19 0.026874179 
619 32 11 14 0.026790064 
532 405 35 50 0.026626294 
761 62 23 26 0.026615782 
637 23 15 17 0.026542157 
58 9 18 21 0.026516119 
587 91 10 15 0.026492342 
148 76 19 26 0.026409846 
739 195 20 29 0.026322685 
938 320 46 67 0.02630128 
588 16 10 13 0.026290348 
1018 103 16 26 0.026213167 
710 78 10 16 0.026115851 
867 81 13 20 0.026048904 
9 501 34 50 0.026041757 
1037 432 25 42 0.025911354 
793 5 10 11 0.025873693 
493 3 9 12 0.025840705 
398 303 17 22 0.02578399 
66 98 20 39 0.025731249 
862 454 20 32 0.025708988 
768 2 9 8 0.02562058 
67 20 11 13 0.025615795 
586 425 21 37 0.025521988 
421 25 17 25 0.025518999 
802 91 13 21 0.025498834 
50 290 27 36 0.025405588 
827 18 18 24 0.02537038 
303 7 14 15 0.025366593 
1091 71 14 26 0.02529132 
382 401 26 31 0.025109377 
27 389 12 19 0.025063666 
4 72 9 15 0.025034916 
784 77 18 21 0.024994345 
870 447 31 53 0.024941068 
360 6 15 13 0.024859797 
938 477 28 40 0.024834024 
695 152 20 28 0.024783451 
329 4 12 11 0.024739774 
438 118 19 25 0.024736576 
502 24 16 21 0.024674764 
911 76 14 18 0.024648616 
72 35 14 16 0.024624083 
719 124 13 20 0.024469372 
450 53 13 22 0.024422256 
322 0 12 8 0.024401097 
212 171 23 29 0.024370633 
1018 193 24 36 0.024352245 
660 66 16 21 0.024265945 
26 260 20 29 0.024261722 
296 1 13 14 0.023957685 
250 13 14 16 0.023849126 
807 70 13 19 0.023848657 
23 189 18 24 0.023827346 
721 118 10 14 0.023815433 
1001 245 39 53 0.023771849 
356 11 14 12 0.023761882 
625 190 32 49 0.023746166 
7 99 13 21 0.023724025 
811 6 11 17 0.023685742 
244 83 13 17 0.02361309 
804 -2 19 18 0.023603156 
619 314 10 16 0.023592126 
261 99 19 29 0.0235725 
334 122 16 22 0.023566527 
190 200 22 26 0.023493957 
675 19 10 17 0.02348861 
716 97 12 16 0.023326967 
15 55 13 15 0.02327603 
1022 265 33 46 0.023268733 
694 71 11 15 0.023267778 
137 5 12 17 0.023240462 
46 364 21 30 0.023238054 
243 542 40 43 0.02322604 
605 134 11 16 0.023174407 
194 308 23 37 0.023104133 
1084 86 18 32 0.023063637 
183 10 14 19 0.023034373 
259 359 13 23 0.022921242 
513 85 12 18 0.022887055 
515 44 13 18 0.022879485 
912 206 20 27 0.022804527 
935 1 6 7 0.022790631 
934 4 7 10 0.022789326 
80 29 14 18 0.02276683 
188 197 14 19 0.022633946 
726 18 19 26 0.02247095 
326 163 22 28 0.02241874 
812 520 17 27 0.022407666 
986 548 50 69 0.022401638 
401 320 27 34 0.022282487 
564 39 18 23 0.02223239 
888 161 24 28 0.02220926 
648 22 17 21 0.022174077 
136 95 23 36 0.022112006 
555 440 9 12 0.022108726 
123 159 21 35 0.02208989 
458 257 24 20 0.022043677 
404 503 41 46 0.022002187 
666 313 30 41 0.02196452 
646 0 15 19 0.021943802 
961 412 20 37 0.021940783 
845 256 30 36 0.021928554 
216 390 29 45 0.021905884 
870 80 23 32 0.021896254 
66 343 28 33 0.021888418 
319 294 20 34 0.021880912 
908 447 36 48 0.021808274 
39 25 14 17 0.02176347 
218 197 15 24 0.021731926 
602 4 7 9 0.0217318 
739 608 44 58 0.021677721 
487 252 22 24 0.021664921 
220 71 17 27 0.021634836 
638 4 16 21 0.021614319 
949 427 29 45 0.021509891 
573 120 18 33 0.021485923 
93 306 13 19 0.021474667 
654 223 22 35 0.021469617 
819 70 22 29 0.021443378 
1051 397 33 54 0.021358395 
588 0 9 7 0.021331605 
1018 271 16 26 0.021271959 
537 264 14 20 0.021270026 
0 6 7 11 0.02126958 
118 332 24 38 0.021229077 
48 46 13 19 0.021219004 
864 206 16 21 0.021165915 
626 302 20 30 0.02113108 
818 16 10 16 0.021090478 
28 218 26 44 0.021076512 
431 40 11 16 0.021051997 
639 95 33 43 0.02101307 
125 392 15 17 0.0209949 
1002 246 20 29 0.020966226 
634 272 23 34 0.020948002 
105 6 12 17 0.020917814 
630 379 26 40 0.020890681 
541 42 13 17 0.020866884 
3 126 20 31 0.020821914 
50 65 12 22 0.020820063 
362 111 15 18 0.020807227 
629 39 11 16 0.020784557 
18 101 10 19 0.020775594 
85 78 18 32 0.02077106 
617 312 21 37 0.020727143 
823 16 11 16 0.020725135 
747 15 11 15 0.020717438 
589 250 20 26 0.02068529 
382 52 11 17 0.020670734 
916 110 21 31 0.020667356 
334 38 13 20 0.020615382 
939 0 7 8 0.020614052 
359 315 21 36 0.02060583 
316 8 12 16 0.02059991 
20 98 22 28 0.02053328 
662 156 22 27 0.020491946 
514 280 34 48 0.020448314 
244 116 18 28 0.020397836 
834 555 28 33 0.020394294 
471 70 18 27 0.020389508 
623 14 11 14 0.02036154 
152 189 22 30 0.020353211 
893 60 21 23 0.020339262 
833 528 13 20 0.020337787 
17 444 33 63 0.020329777 
39 390 10 16 0.020328201 
0 29 7 9 0.020308198 
638 596 45 54 0.020227028 
306 0 10 9 0.020180391 
868 482 10 19 0.020175952 
741 182 12 22 0.020156628 
312 398 25 28 0.020128734 
43 379 20 33 0.020104697 
238 14 14 20 0.020091033 
1025 63 32 48 0.020081019 
1037 193 28 40 0.020075787 
705 42 13 19 0.020045761 
