10_People_Marching_People_Marching_2_131
39
470 366 44 55 0.9998228 
342 389 38 50 0.9996952 
144 305 38 48 0.9996238 
612 376 40 48 0.999421 
736 401 41 50 0.99934345 
199 371 44 43 0.9988997 
407 299 39 43 0.99888486 
619 317 39 44 0.99822634 
326 215 34 42 0.9976566 
729 323 36 42 0.99736005 
284 315 34 43 0.99734867 
513 305 34 43 0.9971257 
448 239 36 37 0.99624604 
840 329 34 38 0.99446255 
684 258 32 43 0.9919624 
564 266 31 44 0.9843711 
662 295 20 31 0.2752068 
591 381 34 47 0.19071929 
539 123 13 12 0.08257709 
678 400 31 42 0.08139483 
263 322 20 37 0.080508985 
509 116 11 11 0.07913445 
291 283 20 27 0.05099047 
380 247 31 38 0.04657345 
455 389 18 32 0.040197264 
583 399 32 49 0.03738785 
679 491 30 39 0.033628184 
119 335 18 37 0.030505776 
828 258 290 468 0.030337503 
431 263 20 28 0.029332047 
434 250 21 27 0.028577637 
282 298 26 31 0.027796801 
513 125 16 15 0.026736517 
235 381 22 34 0.026301786 
297 282 10 14 0.026226485 
21 152 387 529 0.025396463 
359 240 20 28 0.024632355 
757 762 12 16 0.020563474 
481 265 23 27 0.02049864 
