10_People_Marching_People_Marching_10_People_Marching_People_Marching_10_368
36
449 188 56 69 0.99969053 
521 222 48 55 0.99962795 
187 93 64 89 0.9986451 
336 149 56 85 0.998252 
859 174 69 86 0.99805105 
599 135 62 80 0.9979748 
730 112 61 83 0.99750984 
399 153 43 64 0.997246 
43 99 62 82 0.99483705 
270 189 50 58 0.9777851 
662 185 44 62 0.9734547 
-3 181 38 56 0.94429874 
927 224 35 56 0.511001 
996 543 41 67 0.15810299 
301 166 61 76 0.057608668 
986 371 73 168 0.04999178 
931 197 11 17 0.046247143 
890 196 68 86 0.04574006 
149 474 18 38 0.045360267 
637 -118 331 529 0.04355268 
558 231 40 47 0.03559386 
500 244 26 35 0.034995135 
574 402 30 41 0.03303654 
623 159 61 74 0.032750838 
981 488 71 135 0.029486638 
807 418 38 59 0.026937077 
515 432 33 54 0.02543759 
18 490 10 21 0.024510479 
517 467 35 66 0.024490628 
434 466 25 34 0.023572871 
420 166 55 67 0.023394024 
497 432 33 50 0.022611097 
472 437 23 33 0.022081077 
484 435 24 33 0.021014277 
29 473 17 33 0.02039042 
175 121 6 11 0.020260895 
