10_People_Marching_People_Marching_2_269
938
768 236 29 36 0.99869496 
65 221 14 12 0.7432877 
655 193 7 11 0.72108 
747 191 8 13 0.4668941 
651 112 9 15 0.46547857 
724 198 9 13 0.4508297 
247 208 9 11 0.44151264 
825 459 41 35 0.4400614 
252 251 13 13 0.4217317 
918 173 10 12 0.40131763 
604 196 4 7 0.37872577 
722 183 9 12 0.37283972 
741 223 10 22 0.3603288 
944 184 8 10 0.33146098 
653 213 7 12 0.3140339 
474 214 6 8 0.30249658 
202 221 12 12 0.2912145 
859 177 12 11 0.25849855 
687 194 5 9 0.2561929 
525 202 4 6 0.25299135 
550 221 7 10 0.25248304 
275 215 7 8 0.25130108 
669 187 5 9 0.24949975 
572 196 4 6 0.24222107 
224 203 6 7 0.23996021 
562 209 6 9 0.2345455 
711 186 6 11 0.22511956 
889 174 9 10 0.22429374 
808 215 12 18 0.21574937 
695 183 7 10 0.21134166 
524 239 12 15 0.20240188 
675 200 6 11 0.18884794 
591 195 5 6 0.18796034 
717 230 8 15 0.18528578 
230 210 6 7 0.1773881 
474 210 5 6 0.17622273 
174 238 9 10 0.17297591 
690 194 6 11 0.17073509 
495 208 4 7 0.17070496 
198 224 8 11 0.16986437 
841 211 9 14 0.16414182 
193 225 7 9 0.16081767 
364 -24 359 459 0.15638772 
138 232 8 12 0.15209143 
615 193 6 10 0.15191177 
221 203 5 6 0.15047637 
570 219 5 9 0.15039207 
598 208 4 8 0.14766295 
308 208 5 6 0.14503162 
46 284 14 15 0.14381179 
668 184 5 8 0.1413155 
85 292 19 19 0.14127035 
268 203 6 8 0.14046414 
225 207 6 7 0.13990645 
640 194 4 8 0.1387345 
549 239 6 9 0.13770974 
775 189 6 9 0.13607532 
584 208 5 9 0.13431539 
637 195 4 7 0.13287516 
155 229 6 7 0.1302205 
559 208 6 9 0.12952137 
602 199 6 10 0.12923525 
437 198 4 5 0.12893687 
693 187 6 9 0.12605885 
572 200 5 8 0.12573831 
530 216 5 8 0.12569024 
763 361 22 27 0.1255221 
481 207 6 8 0.1252485 
237 203 6 7 0.12357462 
237 208 6 7 0.12320821 
424 197 5 5 0.12167984 
751 194 9 12 0.11857667 
778 464 24 22 0.11851248 
628 195 5 7 0.11801647 
192 216 7 7 0.11735434 
87 221 9 10 0.117101945 
610 216 5 9 0.116765045 
591 191 5 6 0.11594825 
159 227 6 8 0.114414655 
282 221 5 8 0.11404718 
789 187 6 7 0.1129148 
545 238 7 9 0.11245149 
583 213 5 9 0.112231515 
531 197 4 7 0.11208417 
538 202 4 6 0.109418735 
575 232 6 8 0.10867884 
411 196 5 6 0.108648986 
185 228 6 7 0.10821683 
566 240 5 8 0.10806238 
385 197 4 5 0.10795689 
704 218 9 13 0.10776343 
187 240 6 8 0.107616484 
656 222 11 17 0.10707115 
92 266 11 16 0.10573106 
514 208 5 9 0.10570379 
558 201 5 7 0.1055675 
948 196 9 10 0.10489265 
494 203 5 8 0.104634665 
697 195 7 10 0.10283241 
589 203 5 8 0.1027088 
585 205 4 6 0.1020079 
295 221 4 7 0.10149014 
88 276 18 21 0.10095739 
955 182 7 9 0.09944997 
494 195 4 7 0.099144734 
122 232 8 11 0.09887628 
885 165 7 6 0.09860175 
185 250 8 10 0.098464645 
686 191 5 8 0.09751612 
239 196 4 6 0.09616977 
507 196 5 7 0.09608407 
429 198 5 5 0.09522099 
673 195 5 8 0.09445935 
486 207 6 8 0.094090134 
380 203 3 5 0.09376232 
254 212 8 10 0.09375955 
198 214 7 8 0.09357651 
198 320 11 17 0.093324274 
266 202 5 7 0.09291629 
442 201 5 6 0.09256323 
512 201 5 7 0.09218132 
82 214 9 9 0.091779135 
727 186 8 11 0.091294326 
48 298 13 22 0.09035333 
806 188 7 9 0.09006209 
495 191 4 5 0.08943824 
0 281 8 19 0.0891165 
436 213 5 7 0.089086 
269 207 5 7 0.08842717 
139 228 7 9 0.08806479 
715 187 7 11 0.087656766 
620 216 11 15 0.087303415 
753 199 9 12 0.08721197 
791 223 13 17 0.08673022 
436 211 5 5 0.086704575 
809 223 15 23 0.0864738 
418 234 6 8 0.086337954 
71 301 13 14 0.085531205 
230 203 5 7 0.08547863 
493 214 5 7 0.085372515 
617 206 6 9 0.08523038 
499 208 5 7 0.08514038 
489 196 4 6 0.08445346 
551 216 5 7 0.08443063 
149 233 5 8 0.08404553 
187 223 5 6 0.08396078 
219 206 6 7 0.083887234 
0 247 6 16 0.0831012 
438 202 4 5 0.08307932 
667 193 6 10 0.08262469 
575 197 5 6 0.08229169 
527 198 4 6 0.08130472 
169 194 9 8 0.08099071 
926 175 7 9 0.080872536 
468 210 5 6 0.08082397 
665 201 7 10 0.08080493 
296 190 4 5 0.080268115 
563 202 5 8 0.08005118 
467 235 6 8 0.07993524 
366 228 5 5 0.079599865 
696 219 8 12 0.079348244 
883 178 6 7 0.078213684 
507 201 5 8 0.07776355 
521 202 5 6 0.07756559 
588 185 5 5 0.07746268 
427 221 6 8 0.0773864 
283 231 7 11 0.07710537 
403 202 6 6 0.07708185 
56 234 7 9 0.07693391 
489 260 9 10 0.0767329 
379 208 5 7 0.0767295 
398 202 5 7 0.07669747 
384 209 5 6 0.07623676 
499 203 5 8 0.07623399 
596 240 7 12 0.07610411 
605 200 7 12 0.07606697 
538 226 6 8 0.075654715 
469 215 5 6 0.07560601 
431 191 4 4 0.07522298 
601 207 6 10 0.07469546 
793 184 6 6 0.074358486 
634 208 5 9 0.07355877 
360 216 4 5 0.07342237 
572 232 5 8 0.07339052 
417 209 5 6 0.07305591 
177 234 8 10 0.072809316 
475 203 5 6 0.0726813 
928 187 7 9 0.07234839 
546 245 8 12 0.07197643 
520 190 4 6 0.071283184 
761 181 8 9 0.07082956 
404 198 4 4 0.07033744 
142 220 6 7 0.06995816 
277 210 4 6 0.06986693 
525 207 5 7 0.06975181 
423 221 7 7 0.069682114 
578 191 4 5 0.069557056 
792 189 7 7 0.06954871 
916 170 8 8 0.069450326 
677 196 6 8 0.06935918 
442 199 4 5 0.068697095 
276 204 5 5 0.06852731 
666 149 8 11 0.068173006 
289 222 5 7 0.0679426 
486 203 6 8 0.06779313 
392 204 5 6 0.06756961 
558 234 5 8 0.06705975 
667 207 5 9 0.06698066 
832 180 9 13 0.066411376 
417 203 5 6 0.06620311 
203 215 9 8 0.06575463 
412 192 4 4 0.06564346 
972 182 7 7 0.065341085 
710 193 7 11 0.06506437 
504 216 5 7 0.06496706 
669 270 10 13 0.06480339 
847 190 9 10 0.06472271 
379 198 4 4 0.06464371 
588 207 5 8 0.06450891 
601 240 7 12 0.06435256 
296 227 5 8 0.06427796 
772 405 16 25 0.0642112 
399 191 4 4 0.06355741 
596 195 4 6 0.063486695 
417 191 5 5 0.063444205 
283 209 5 6 0.06290826 
330 210 4 5 0.062755294 
501 190 4 7 0.062625565 
585 191 4 5 0.06258801 
462 203 5 6 0.062398456 
567 220 4 8 0.06208096 
487 216 5 7 0.061904255 
533 201 4 6 0.061837256 
-4 125 44 67 0.061761994 
295 247 7 9 0.061726034 
462 198 4 5 0.061556745 
914 191 7 8 0.061331905 
501 215 5 7 0.061308965 
512 198 5 6 0.061149463 
103 233 7 9 0.06105829 
846 177 6 7 0.060759984 
173 214 6 8 0.060724016 
635 201 5 9 0.060617402 
935 176 7 9 0.060471278 
597 222 4 7 0.060232054 
175 220 6 8 0.060202323 
960 201 7 8 0.059531074 
481 190 5 6 0.05944306 
424 191 4 4 0.059336282 
436 225 6 8 0.058952834 
417 185 5 4 0.05873257 
400 198 4 4 0.05858461 
527 219 6 8 0.058529206 
166 227 6 8 0.058483552 
404 191 4 4 0.05828903 
8 221 8 9 0.05816784 
291 190 3 5 0.058154076 
692 199 6 10 0.058016304 
646 202 6 10 0.058006246 
745 189 6 10 0.058001533 
569 246 6 8 0.057976678 
380 192 3 4 0.057960864 
502 227 7 8 0.057558376 
564 234 5 7 0.057534497 
211 209 6 7 0.057504777 
858 172 9 8 0.05732049 
227 226 8 10 0.057307 
181 228 5 7 0.057289295 
482 220 5 8 0.05718035 
773 199 8 14 0.057134464 
469 197 4 5 0.056974985 
794 194 7 9 0.05673647 
720 445 22 19 0.05655286 
462 209 6 6 0.056538943 
56 244 8 11 0.056487136 
249 203 7 8 0.056188773 
265 196 4 6 0.056147985 
101 245 7 10 0.055880807 
449 191 4 5 0.05566668 
967 189 7 8 0.055616394 
269 196 5 6 0.055587377 
584 233 7 11 0.055475965 
474 219 6 8 0.055466667 
475 197 4 6 0.055292506 
320 215 5 7 0.055272426 
706 175 5 8 0.055134293 
776 185 5 6 0.055119462 
929 171 6 7 0.055078417 
309 205 4 4 0.05501521 
693 176 5 9 0.054941826 
517 228 6 8 0.054717615 
524 250 11 14 0.054564174 
392 227 6 9 0.05453876 
545 197 4 5 0.054476216 
965 171 7 7 0.05436676 
869 178 7 8 0.054316025 
781 203 9 16 0.05420425 
429 202 5 5 0.054130327 
469 204 4 5 0.05410381 
708 214 7 12 0.05390477 
290 185 3 5 0.053721804 
225 197 6 6 0.053690203 
730 287 13 11 0.053605784 
0 270 5 15 0.05357454 
800 189 6 9 0.05355783 
643 208 5 9 0.05354659 
58 215 8 9 0.053546477 
357 234 6 8 0.05350878 
161 223 5 6 0.05347162 
540 197 4 6 0.05344085 
397 187 4 4 0.05342364 
851 178 8 7 0.053311735 
638 192 3 6 0.05316236 
15 269 17 25 0.05299772 
236 213 8 8 0.0529064 
525 235 8 11 0.0528997 
436 192 4 4 0.052835003 
385 203 4 5 0.05282706 
187 216 6 7 0.052777585 
346 198 4 5 0.052629665 
877 177 6 7 0.052550547 
877 172 6 6 0.05217126 
56 257 9 14 0.052168477 
559 246 5 9 0.05212548 
225 221 8 10 0.05174507 
87 250 9 12 0.05162739 
646 214 6 10 0.051582478 
704 195 6 10 0.05157069 
888 164 7 6 0.051559452 
287 227 5 8 0.05135543 
283 204 5 6 0.051255904 
565 192 4 5 0.05124071 
53 322 20 29 0.0511384 
578 209 5 7 0.05106823 
191 201 6 7 0.051020525 
271 191 3 5 0.0510073 
391 208 5 5 0.050919123 
726 339 24 26 0.05070666 
545 191 4 5 0.05040193 
706 188 5 9 0.0503749 
564 245 5 8 0.05016693 
727 202 11 13 0.050092325 
883 170 7 7 0.050069377 
894 170 7 6 0.04983101 
673 204 6 11 0.049770832 
245 262 10 14 0.049441606 
316 198 3 5 0.049358923 
576 202 4 7 0.049335454 
801 185 5 6 0.04932226 
152 232 6 8 0.04927238 
644 218 7 11 0.04903671 
955 178 5 6 0.04841218 
710 176 5 8 0.048259143 
784 199 7 12 0.048174012 
657 197 8 13 0.047994047 
283 190 4 5 0.047774952 
517 213 7 9 0.04762747 
372 223 5 6 0.047392808 
341 192 3 4 0.047391485 
169 214 6 6 0.047370043 
775 448 15 15 0.047015343 
374 204 3 5 0.046960536 
545 227 5 8 0.04690599 
124 235 9 14 0.04685693 
342 198 4 5 0.046566926 
449 202 5 6 0.04652807 
195 190 4 5 0.04642968 
467 221 6 8 0.04633421 
457 197 4 5 0.046284355 
289 240 6 8 0.04625968 
386 192 3 4 0.046256375 
8 237 7 13 0.04622728 
138 254 7 8 0.04612386 
284 184 4 5 0.04603113 
875 182 7 9 0.045991965 
805 184 7 8 0.04562974 
564 196 4 6 0.04547128 
296 209 5 6 0.04543062 
423 202 6 6 0.045197055 
280 215 6 8 0.04514982 
642 214 6 9 0.04508116 
743 317 16 15 0.0448421 
571 192 4 4 0.044794273 
779 189 7 8 0.0444954 
303 208 4 6 0.0441872 
808 204 12 16 0.044108063 
559 197 4 6 0.04410598 
499 240 8 9 0.044014968 
966 175 7 7 0.043949496 
412 184 4 5 0.043937437 
968 183 6 7 0.043847345 
691 214 7 10 0.043781564 
518 209 6 9 0.04376235 
545 202 4 6 0.043678727 
278 185 3 5 0.0436449 
191 232 7 9 0.04352584 
191 197 6 7 0.04348619 
334 203 4 5 0.043443017 
341 202 5 6 0.043296102 
921 190 6 8 0.043264452 
373 208 5 7 0.043208778 
355 191 4 5 0.043172345 
586 184 4 6 0.043085326 
517 232 6 9 0.042975277 
583 172 5 5 0.042937268 
278 190 3 5 0.04289125 
590 227 6 9 0.042823125 
355 222 4 5 0.04280192 
316 203 3 5 0.042795032 
724 179 5 7 0.042658277 
410 222 5 6 0.042448726 
276 197 4 5 0.042126104 
416 197 5 5 0.041968565 
684 268 21 24 0.041868996 
645 227 8 12 0.041843317 
94 222 8 9 0.04179461 
947 170 6 7 0.04175995 
367 197 4 5 0.041750044 
304 205 3 5 0.041712042 
-7 223 358 380 0.04162023 
127 256 8 9 0.041565537 
653 209 7 9 0.041532505 
80 233 10 12 0.04147114 
71 283 14 13 0.04142132 
532 191 4 5 0.041380253 
797 216 15 24 0.041298572 
333 209 5 7 0.041286547 
505 220 6 8 0.041143455 
521 197 4 6 0.041045077 
265 235 12 17 0.04095422 
933 170 7 8 0.04093416 
582 220 5 9 0.040804785 
468 192 5 5 0.04042392 
585 196 3 5 0.04041985 
405 187 4 4 0.040292934 
742 175 5 9 0.040266138 
560 212 5 9 0.040229876 
617 269 11 15 0.040225662 
231 197 5 5 0.040034745 
602 220 5 9 0.03986201 
185 234 6 7 0.039841987 
262 216 7 8 0.03980255 
226 214 8 8 0.03975017 
749 184 6 8 0.03953924 
538 215 6 7 0.0394582 
252 208 8 10 0.039383 
745 182 4 8 0.039381985 
180 222 5 7 0.039296057 
733 194 7 11 0.03909762 
805 358 9 10 0.038815662 
421 238 7 8 0.038710628 
990 177 7 7 0.03863637 
374 198 3 4 0.038617976 
619 194 7 9 0.038537614 
679 228 8 12 0.038493104 
476 192 4 5 0.038489945 
665 212 8 12 0.038467426 
392 216 5 6 0.038455077 
297 185 4 5 0.0383635 
204 209 8 7 0.038361236 
624 231 9 15 0.038285524 
404 207 6 7 0.038181573 
198 189 4 6 0.03816971 
648 191 4 6 0.038148377 
598 204 3 6 0.03810388 
290 246 6 8 0.038035404 
415 184 34 32 0.037981287 
315 210 4 5 0.037950452 
708 230 9 15 0.03794994 
573 229 4 7 0.037949268 
301 190 4 6 0.037807494 
51 306 17 30 0.03775535 
711 207 6 10 0.03773723 
558 190 4 6 0.03771075 
735 468 23 21 0.03761264 
602 213 5 9 0.037443575 
430 217 4 5 0.037369628 
329 204 4 5 0.037342064 
604 193 4 5 0.037271746 
456 209 5 6 0.037212342 
444 191 4 5 0.037126727 
466 226 7 8 0.0370443 
602 234 6 9 0.0370292 
200 211 6 6 0.037020035 
851 176 18 18 0.036892176 
167 250 8 10 0.036863636 
272 185 3 4 0.03680684 
355 204 3 5 0.036791608 
266 225 10 13 0.03674822 
335 191 4 5 0.03672972 
373 191 4 5 0.036589354 
579 221 4 8 0.036560323 
598 213 5 8 0.0365444 
360 204 4 5 0.0365304 
710 265 10 12 0.03639957 
733 201 7 11 0.036390428 
37 234 8 9 0.03639041 
366 204 4 5 0.036360808 
347 191 4 5 0.03634138 
860 183 11 12 0.03631687 
696 177 6 9 0.036311638 
349 215 4 7 0.03628831 
178 216 6 7 0.036236256 
296 233 6 8 0.03622669 
526 228 6 8 0.03621538 
716 213 7 11 0.036187194 
734 189 6 9 0.035997547 
520 185 4 5 0.035908796 
686 183 5 8 0.03569695 
595 225 5 9 0.035523955 
74 232 11 12 0.035499576 
405 222 4 6 0.035293303 
614 214 6 11 0.0352656 
220 197 5 6 0.03523238 
358 228 5 5 0.035231907 
8 225 10 11 0.035224922 
424 217 4 5 0.03521139 
716 200 7 11 0.03519157 
391 198 4 4 0.035143446 
919 163 7 8 0.03512101 
700 165 4 6 0.035043124 
163 262 11 11 0.035041492 
317 215 4 6 0.035030328 
416 215 6 7 0.035023656 
962 196 7 9 0.034974996 
712 199 7 11 0.034874152 
716 207 7 10 0.03474767 
481 215 5 8 0.034730587 
359 209 4 6 0.034668636 
284 179 3 5 0.034662243 
704 207 6 9 0.034635417 
564 229 5 7 0.03455615 
678 170 5 10 0.034504727 
538 252 6 9 0.03449909 
652 209 15 22 0.03449856 
1 308 20 26 0.034473572 
208 215 9 9 0.03446596 
591 222 5 7 0.034450077 
481 195 4 6 0.034396015 
353 215 4 6 0.034317724 
766 183 7 8 0.034173153 
181 203 6 7 0.034125075 
106 214 9 9 0.034108598 
107 252 10 12 0.0340073 
553 202 4 6 0.03397601 
797 193 8 9 0.033951588 
538 457 29 27 0.03392052 
412 182 4 3 0.033864256 
289 209 5 6 0.033756457 
175 228 5 7 0.033715077 
360 191 4 5 0.033695087 
45 320 17 28 0.033628285 
702 200 6 11 0.033610478 
952 187 8 9 0.03351828 
669 153 7 11 0.033482 
289 196 4 6 0.03347143 
903 177 7 8 0.03339749 
896 165 6 6 0.033316553 
392 191 4 5 0.033288784 
595 192 4 6 0.033216607 
442 210 5 6 0.03318016 
838 214 15 22 0.03316949 
355 209 3 6 0.033158116 
494 240 6 9 0.033010427 
729 327 23 24 0.032987013 
211 235 10 15 0.032959856 
488 191 4 5 0.03291065 
538 232 7 10 0.032874987 
875 201 8 12 0.032846104 
948 292 8 9 0.032809984 
185 202 6 7 0.032782856 
370 227 7 6 0.032782648 
360 222 4 6 0.032752212 
427 226 7 8 0.0327081 
410 202 5 6 0.03265199 
916 157 7 8 0.03264449 
519 176 4 6 0.032635745 
570 185 4 5 0.032390457 
706 371 20 26 0.032262307 
345 202 5 6 0.0322152 
477 251 8 9 0.032142855 
123 278 16 13 0.032131445 
933 181 8 9 0.032131393 
238 192 3 5 0.032074686 
256 224 9 13 0.032048423 
686 208 6 10 0.03199772 
394 186 3 4 0.031893358 
588 214 4 8 0.031865202 
887 198 11 12 0.03186516 
238 210 19 22 0.031806678 
514 190 4 6 0.031761095 
608 226 7 11 0.031753115 
243 197 5 6 0.03170426 
743 212 8 14 0.03168746 
464 257 8 8 0.0316544 
507 177 4 5 0.03157701 
506 190 4 5 0.03153725 
321 210 4 5 0.031508304 
455 191 4 5 0.03146434 
716 193 7 11 0.031362504 
300 229 6 7 0.031354576 
705 170 5 8 0.031278595 
938 177 8 8 0.031270493 
101 239 7 11 0.031160474 
59 302 16 22 0.031139614 
284 197 4 5 0.03108012 
672 287 12 14 0.031073201 
356 227 4 6 0.031068223 
500 232 9 9 0.031040672 
328 214 5 7 0.031002527 
159 214 6 7 0.030982945 
533 209 4 7 0.030982342 
367 192 4 4 0.030924445 
243 203 7 8 0.0307868 
680 189 5 9 0.030758554 
354 197 4 5 0.030695273 
168 211 6 6 0.030683089 
195 186 4 5 0.030648323 
538 238 7 9 0.030612253 
335 198 3 5 0.030540984 
137 258 9 9 0.030495265 
595 234 6 11 0.030484555 
973 178 7 7 0.03039081 
384 214 5 7 0.030389208 
602 227 5 8 0.030389074 
920 194 6 8 0.03025357 
424 226 6 8 0.030229932 
835 185 8 11 0.030194536 
495 185 3 4 0.030165158 
0 235 14 28 0.030138826 
569 177 5 6 0.030126575 
297 250 8 9 0.02999401 
545 214 5 7 0.029954776 
887 180 9 9 0.029921502 
294 241 6 7 0.029914645 
486 220 5 8 0.029844465 
38 238 9 12 0.029824657 
614 224 8 14 0.029805357 
456 203 5 5 0.029776245 
614 226 17 28 0.029754944 
619 202 6 9 0.029582035 
295 216 5 7 0.029503511 
474 235 6 8 0.029479127 
809 193 9 12 0.029468564 
76 213 9 9 0.029355189 
979 170 7 5 0.029349538 
313 242 6 7 0.029289475 
367 223 4 5 0.02928149 
269 215 6 7 0.029244894 
1012 317 19 25 0.029228507 
907 168 7 8 0.0291473 
363 164 34 42 0.02907133 
514 227 6 8 0.029066997 
184 265 9 9 0.029047636 
846 180 8 9 0.029044503 
361 197 3 4 0.02902951 
557 227 5 8 0.028991546 
81 300 13 14 0.028981272 
296 196 4 5 0.02895182 
646 194 6 9 0.02894851 
154 259 8 8 0.028924076 
468 184 4 5 0.028879939 
546 223 5 8 0.028867656 
501 195 4 7 0.028858535 
167 222 5 7 0.028814912 
756 182 7 9 0.028807804 
301 222 5 6 0.028700244 
266 192 3 4 0.028665204 
756 466 24 23 0.02861752 
862 195 8 10 0.028600432 
214 197 5 6 0.02858588 
583 285 6 7 0.028555386 
474 248 7 9 0.028392341 
698 168 6 8 0.028386764 
686 176 5 8 0.028376166 
579 214 5 9 0.028370777 
725 222 18 29 0.028368711 
410 208 5 7 0.028302688 
640 200 6 10 0.028262181 
146 216 6 7 0.028251968 
825 449 27 24 0.028135912 
705 183 5 9 0.028103245 
923 202 6 9 0.028082518 
577 280 5 7 0.027995262 
54 214 20 19 0.027947467 
889 189 9 10 0.027876316 
960 166 6 6 0.02777202 
127 229 7 9 0.027690837 
544 209 6 9 0.027672824 
577 176 5 6 0.027658245 
794 179 6 6 0.02760095 
255 202 6 7 0.02759576 
329 198 4 4 0.027587747 
546 185 4 5 0.027522523 
628 135 8 12 0.02751596 
571 207 5 7 0.027484681 
780 184 6 7 0.027466485 
507 185 4 5 0.0274608 
135 247 6 9 0.027410595 
578 173 5 4 0.027348341 
507 174 4 3 0.027261676 
960 187 6 8 0.02724906 
11 217 10 9 0.027193291 
844 173 7 6 0.027183138 
173 211 5 6 0.027111618 
453 220 9 11 0.027094532 
647 257 18 24 0.027055284 
448 197 5 5 0.027004026 
82 225 10 10 0.026991513 
289 204 4 6 0.026975624 
151 238 8 11 0.026850449 
934 163 8 7 0.026835898 
727 217 9 14 0.02676081 
418 221 6 7 0.026710559 
837 195 8 12 0.026697915 
754 352 27 24 0.026694806 
321 205 4 5 0.026680354 
789 233 15 21 0.02658041 
172 245 9 13 0.026526837 
417 181 4 4 0.02650053 
97 263 10 12 0.02645505 
251 197 5 6 0.026452448 
556 240 6 8 0.026407087 
204 315 20 24 0.026404317 
588 253 6 9 0.026352605 
627 142 10 16 0.026348038 
179 208 6 7 0.026318913 
515 174 3 3 0.026256807 
393 221 5 6 0.026226716 
614 232 8 13 0.026220093 
504 246 8 8 0.026128327 
398 207 5 6 0.026047532 
570 173 5 4 0.026010929 
515 177 4 5 0.02600525 
311 198 3 4 0.025987104 
741 207 7 11 0.025948148 
691 207 7 11 0.025940724 
533 278 12 9 0.025904072 
978 190 8 9 0.025856595 
103 250 7 10 0.025720336 
590 111 38 51 0.025702547 
339 209 5 7 0.025680322 
757 324 21 20 0.025660655 
903 169 6 7 0.025494276 
270 138 5 8 0.025389958 
739 171 5 6 0.025371417 
476 185 3 5 0.025347572 
7 336 25 37 0.02534675 
383 222 5 6 0.025255322 
296 205 4 5 0.025189605 
583 228 5 7 0.025174588 
940 178 16 18 0.025168413 
744 218 10 18 0.025148347 
257 183 4 6 0.025139078 
874 186 8 10 0.025124826 
504 241 7 7 0.02511365 
526 191 4 5 0.025082977 
95 245 8 11 0.025067646 
113 214 8 9 0.025040213 
94 260 9 10 0.024988636 
781 178 6 7 0.024969619 
301 185 4 5 0.024962239 
947 156 7 7 0.024945494 
1075 227 17 30 0.024879057 
510 246 8 10 0.024865463 
396 216 5 7 0.02484674 
460 214 6 7 0.024838813 
192 210 6 6 0.024834879 
102 220 8 9 0.024799174 
539 185 4 4 0.024793584 
432 210 4 5 0.024778564 
719 306 25 21 0.024753686 
386 186 4 3 0.024740143 
744 383 15 16 0.024737943 
417 229 5 6 0.024729673 
960 178 5 6 0.024726922 
983 188 9 11 0.024637274 
404 148 46 46 0.024590762 
5 229 18 23 0.024561053 
553 197 4 5 0.024546515 
233 192 4 5 0.024486167 
176 251 10 10 0.02444745 
644 222 16 24 0.024443172 
429 250 8 10 0.024437426 
290 180 3 4 0.02421969 
216 214 8 9 0.024140086 
154 209 7 8 0.024139183 
456 185 4 5 0.024120357 
422 210 4 5 0.024118371 
539 207 5 8 0.024101863 
564 184 4 5 0.02404883 
329 192 3 4 0.024018848 
597 56 13 12 0.02399637 
636 177 4 6 0.02397657 
709 295 15 14 0.02397386 
769 360 13 15 0.02390858 
501 185 4 5 0.02388308 
583 166 5 5 0.02387584 
1015 181 8 10 0.023873672 
540 192 3 4 0.023855418 
411 215 6 8 0.023817798 
628 208 6 9 0.023795519 
688 188 14 21 0.023788674 
605 239 7 12 0.023779782 
424 186 4 4 0.023779264 
478 235 7 8 0.023738163 
649 186 4 5 0.023727959 
188 197 5 6 0.023714362 
472 201 17 21 0.023709517 
519 220 6 8 0.023662193 
645 64 10 13 0.02365945 
742 171 5 8 0.023650369 
148 246 7 11 0.02363701 
290 216 4 6 0.023634424 
264 206 6 8 0.023512168 
752 188 8 11 0.02350815 
236 225 8 11 0.023467844 
842 198 10 14 0.023446245 
787 436 19 16 0.023392806 
879 229 12 14 0.023377558 
191 222 16 18 0.023335498 
287 251 8 10 0.023332953 
186 209 5 6 0.023332942 
770 -11 331 412 0.023326745 
463 191 4 5 0.023309622 
378 241 5 6 0.023240302 
694 171 5 7 0.023194933 
519 239 8 10 0.023142079 
208 239 17 26 0.02313778 
792 198 8 11 0.023071427 
159 259 8 10 0.023055559 
107 219 9 9 0.023029553 
512 222 6 8 0.02299762 
978 166 7 6 0.022951607 
256 218 8 12 0.022948397 
538 259 7 8 0.022926543 
367 186 4 4 0.022894213 
597 178 4 6 0.022893839 
764 456 24 20 0.022892201 
148 238 7 9 0.02288326 
938 163 7 7 0.022784462 
461 234 6 8 0.022772245 
519 173 4 4 0.02275679 
554 221 5 9 0.022700738 
531 227 7 9 0.022694498 
929 150 5 6 0.022602944 
159 232 6 7 0.022577187 
871 172 6 5 0.0225215 
514 185 4 5 0.022517124 
587 287 7 7 0.022334117 
412 229 4 6 0.022326585 
799 361 9 8 0.022317918 
348 210 4 6 0.022280326 
374 186 3 3 0.022279859 
257 222 17 21 0.022196025 
576 238 6 10 0.021979485 
772 207 10 17 0.021962902 
278 178 3 6 0.021954285 
255 240 21 27 0.02191312 
553 190 4 5 0.021903563 
602 193 14 23 0.021890962 
397 221 5 6 0.021876032 
455 214 6 8 0.021874294 
666 245 8 11 0.021846717 
372 216 5 6 0.021771625 
607 213 15 23 0.02175903 
68 228 13 13 0.021694718 
722 288 25 21 0.021649085 
213 204 4 5 0.02162443 
85 202 8 8 0.021599483 
397 233 5 7 0.021568224 
998 170 8 6 0.021565307 
115 264 9 11 0.021562334 
367 140 47 54 0.021556841 
366 217 4 5 0.021528106 
590 155 6 7 0.021523029 
635 223 6 13 0.021504082 
64 333 26 26 0.021500822 
160 253 7 9 0.021487478 
738 175 6 8 0.021464456 
310 192 3 4 0.021439632 
252 182 4 6 0.02143254 
114 219 8 9 0.021430552 
795 362 8 7 0.02142667 
701 141 9 12 0.021417195 
86 207 9 9 0.021403635 
3 273 16 29 0.02139979 
628 200 6 9 0.021369196 
564 179 5 5 0.021359006 
98 302 11 11 0.021350827 
673 217 7 12 0.021339182 
930 164 6 6 0.021319065 
870 199 9 11 0.021290584 
121 219 6 9 0.021198306 
666 239 7 11 0.021174677 
398 254 6 7 0.02114297 
779 449 24 25 0.02110231 
309 241 6 7 0.021095768 
519 245 8 11 0.021060659 
582 271 6 7 0.021004759 
506 206 5 9 0.02093107 
88 256 10 11 0.020849923 
354 186 4 4 0.02084371 
156 223 5 7 0.02081999 
51 232 8 10 0.020802002 
273 231 9 13 0.020785501 
87 238 8 10 0.020784112 
248 255 17 21 0.020739375 
742 200 7 10 0.020720437 
649 150 6 11 0.020691508 
430 187 4 3 0.020649869 
929 159 7 7 0.020635111 
224 207 17 19 0.020599684 
584 177 5 5 0.020535707 
636 185 4 6 0.020524288 
558 185 4 5 0.020493148 
991 243 10 15 0.02048275 
266 220 8 9 0.020464417 
63 283 10 14 0.02045268 
899 221 9 9 0.020418603 
732 316 22 22 0.020406201 
670 212 8 14 0.020401947 
701 236 10 15 0.020392211 
902 187 8 10 0.020378431 
207 203 5 5 0.020377526 
817 195 9 11 0.020326968 
764 171 5 6 0.020292731 
697 213 15 22 0.020280752 
658 231 9 16 0.02023639 
348 248 4 6 0.020143304 
274 223 8 13 0.020138176 
298 144 8 9 0.02012685 
461 259 8 8 0.02012294 
308 246 8 9 0.0201204 
844 185 17 18 0.020094294 
744 321 24 21 0.02007995 
600 247 10 15 0.020057522 
1046 190 20 30 0.02003252 
