10_People_Marching_People_Marching_10_People_Marching_People_Marching_10_People_Marching_People_Marching_10_674
1188
843 285 12 16 0.9748448 
273 458 20 24 0.96365213 
496 382 11 18 0.8990352 
258 300 13 16 0.8577373 
867 287 11 14 0.84005857 
17 367 12 22 0.8400342 
822 274 9 14 0.8363475 
233 272 10 13 0.80914074 
680 383 11 15 0.7827218 
919 312 9 13 0.7784946 
405 331 12 14 0.77839637 
630 383 13 15 0.7589584 
638 342 14 14 0.7494787 
829 398 17 17 0.748888 
516 254 8 11 0.70541966 
9 278 10 15 0.70332044 
787 295 9 13 0.7018291 
844 220 12 15 0.6920863 
710 379 11 18 0.6515124 
414 256 10 12 0.6442619 
462 345 12 13 0.6438989 
207 311 13 14 0.6432855 
273 311 10 14 0.61001176 
100 293 10 13 0.60733646 
447 362 13 19 0.60662997 
155 302 11 13 0.60656875 
657 351 11 14 0.5989981 
796 333 10 13 0.5602929 
406 379 15 15 0.54853606 
697 268 8 11 0.53440803 
527 340 10 11 0.53014743 
143 289 9 12 0.529482 
164 240 12 17 0.52850467 
477 361 8 14 0.526439 
596 339 11 12 0.51041967 
859 371 12 13 0.4964552 
562 282 7 10 0.48168987 
53 394 10 19 0.46930778 
299 285 10 15 0.45956776 
732 286 12 13 0.458841 
43 443 12 20 0.44907016 
197 348 12 13 0.44705942 
630 528 18 34 0.44688332 
442 342 10 14 0.4453165 
144 408 11 19 0.4435322 
564 387 12 17 0.42890024 
115 287 11 12 0.388902 
599 269 8 9 0.38712877 
401 258 7 9 0.38167354 
962 314 12 14 0.38053918 
277 308 10 13 0.37532246 
393 341 11 14 0.37075302 
720 292 12 16 0.36807147 
653 327 9 11 0.3617881 
881 339 11 14 0.36055362 
777 293 10 12 0.35691237 
318 267 7 10 0.35436037 
564 294 8 13 0.35264194 
473 476 23 25 0.34972706 
728 359 10 12 0.34210116 
982 318 10 13 0.33858627 
369 268 10 13 0.33664632 
587 301 7 11 0.33619103 
895 308 9 13 0.3297341 
508 288 9 12 0.32103086 
596 272 6 8 0.31900537 
349 481 10 17 0.31058794 
131 301 10 13 0.30978432 
918 293 9 13 0.30862677 
528 369 9 12 0.30201226 
197 261 8 10 0.30158198 
575 365 13 13 0.30133066 
410 460 24 34 0.30067632 
796 314 10 12 0.2984112 
672 273 9 11 0.2891578 
498 341 8 11 0.289046 
867 310 10 14 0.28598043 
203 257 8 10 0.28433165 
949 298 13 12 0.28200528 
722 347 7 10 0.2763868 
136 236 10 12 0.2694263 
593 332 11 12 0.2652304 
191 272 9 13 0.26402068 
938 377 10 14 0.2614285 
512 358 10 12 0.26116696 
221 275 8 12 0.25950202 
297 263 9 9 0.25589088 
269 316 10 14 0.25443026 
348 457 9 13 0.24615896 
112 254 10 12 0.22599578 
347 329 6 9 0.2256938 
802 332 9 12 0.22526371 
23 242 8 14 0.2243765 
83 402 14 16 0.21964206 
561 340 9 12 0.21854164 
613 264 7 8 0.217584 
490 307 9 12 0.21572796 
571 320 7 10 0.21199554 
183 293 10 10 0.21021447 
765 382 10 15 0.20972261 
937 301 10 11 0.20889106 
349 295 8 10 0.20521471 
639 275 6 7 0.20457163 
219 329 11 14 0.20446247 
537 352 10 11 0.20414636 
52 251 6 10 0.20399132 
515 370 10 13 0.20281452 
760 356 8 10 0.2015901 
525 346 9 11 0.18969989 
726 298 8 12 0.18915258 
229 287 10 12 0.18817024 
371 515 16 28 0.18621823 
348 299 10 13 0.18392108 
414 279 9 16 0.17943127 
192 223 8 11 0.17662917 
352 326 7 9 0.17533411 
345 483 8 14 0.17510813 
612 353 10 10 0.17335244 
570 352 11 12 0.17229939 
196 278 8 15 0.17042495 
340 319 6 9 0.16288216 
635 271 8 8 0.16214961 
428 331 10 12 0.15948603 
626 263 9 10 0.15696922 
964 296 11 11 0.15662935 
535 377 9 13 0.15592298 
775 289 9 11 0.15429185 
418 347 12 12 0.15276213 
166 229 8 11 0.15276164 
657 322 8 11 0.15144005 
838 220 10 14 0.1509043 
430 262 7 9 0.14950153 
190 288 8 10 0.14947037 
379 325 8 12 0.14856909 
56 287 8 13 0.14785835 
358 308 9 12 0.14730991 
151 286 9 10 0.14205918 
412 315 11 12 0.14114138 
626 345 8 10 0.14025716 
450 331 11 12 0.13955164 
759 539 25 25 0.13888876 
741 358 9 11 0.13685165 
725 381 11 16 0.13373984 
686 283 8 10 0.13370664 
673 371 12 13 0.13337815 
506 346 6 9 0.13266066 
478 300 7 11 0.13221537 
728 374 11 15 0.1311144 
286 332 10 17 0.13092373 
284 499 10 18 0.1300042 
656 398 10 17 0.12872793 
131 274 10 13 0.12762807 
933 304 9 11 0.126925 
323 478 10 14 0.12612781 
610 264 6 9 0.12606739 
590 257 7 8 0.12521516 
906 220 8 14 0.122616135 
617 378 13 13 0.121510774 
55 249 8 11 0.120633505 
759 318 7 12 0.11990209 
564 287 6 10 0.11987932 
571 325 8 11 0.11873661 
226 311 12 11 0.11478282 
247 313 11 14 0.11440123 
709 340 8 13 0.113912135 
317 307 9 13 0.113250725 
339 343 9 12 0.11286327 
550 333 7 9 0.11242929 
634 332 9 9 0.112411425 
161 307 11 12 0.11083616 
229 256 7 10 0.11005963 
510 353 9 11 0.10975023 
224 248 7 12 0.10967906 
341 527 20 27 0.10965981 
1002 331 8 11 0.10892299 
723 284 16 19 0.108471945 
281 355 11 16 0.10758697 
413 482 17 29 0.10656659 
0 415 7 16 0.106432825 
656 331 9 10 0.10636815 
590 271 6 7 0.10624938 
107 333 9 12 0.1057154 
688 388 10 14 0.105259605 
580 360 11 14 0.104792915 
157 282 8 10 0.1037959 
720 577 22 39 0.10374974 
384 259 6 8 0.10351307 
324 361 9 14 0.103317626 
633 328 8 8 0.10275584 
933 274 8 9 0.10157461 
477 313 8 13 0.100435786 
295 496 16 17 0.09956679 
448 325 8 11 0.09912875 
556 345 9 12 0.09796689 
160 237 10 13 0.09575892 
550 327 8 10 0.09546407 
197 220 9 13 0.09510895 
337 486 9 17 0.09469362 
270 542 15 26 0.094530545 
173 277 9 10 0.09452733 
13 304 8 12 0.0942596 
691 397 10 14 0.0942541 
314 285 9 14 0.09424185 
369 262 9 11 0.093960665 
117 399 12 21 0.09204215 
188 314 11 10 0.091615945 
617 250 9 10 0.091190696 
623 369 13 11 0.09102525 
816 355 9 14 0.08957464 
510 348 7 8 0.0892709 
645 284 7 8 0.08889069 
527 329 5 7 0.08871363 
382 332 10 12 0.0884203 
853 365 13 14 0.08834588 
848 358 10 12 0.087533645 
446 319 9 12 0.08619031 
728 266 9 10 0.08516565 
786 268 10 11 0.08492162 
619 540 29 40 0.0845492 
409 313 8 11 0.08414294 
581 400 13 14 0.08385472 
776 299 8 11 0.083791986 
753 288 11 11 0.083227135 
552 313 6 9 0.08319455 
616 358 11 10 0.082960986 
484 320 8 10 0.08243519 
746 359 9 10 0.08197752 
574 270 6 6 0.08170172 
309 482 11 15 0.08155091 
756 377 11 14 0.08150227 
216 245 11 15 0.08097449 
528 334 9 11 0.080354184 
145 284 8 11 0.07989519 
571 358 13 12 0.07953538 
379 520 10 19 0.07926259 
71 287 8 10 0.07834374 
609 251 6 7 0.07809934 
772 267 10 12 0.07770233 
126 319 8 11 0.07768819 
398 261 7 9 0.0775004 
847 352 9 11 0.07730624 
363 313 7 9 0.07647792 
644 358 10 10 0.07637259 
752 371 11 10 0.07633093 
575 265 6 7 0.07568789 
800 288 7 9 0.075631514 
695 301 10 11 0.07452837 
500 324 7 11 0.07437962 
330 333 8 11 0.07408532 
128 267 11 13 0.073930554 
523 366 10 13 0.07300447 
650 389 11 15 0.07271922 
382 360 10 13 0.07267391 
617 365 13 12 0.07258918 
804 279 12 12 0.07254873 
517 288 7 11 0.072499774 
144 317 12 14 0.07233526 
614 269 6 7 0.07197066 
370 259 7 8 0.07175656 
188 332 10 12 0.07164594 
246 288 10 17 0.071510404 
640 281 8 11 0.071457155 
250 255 10 11 0.071431406 
656 282 12 11 0.0712478 
337 490 14 24 0.071175635 
648 344 11 13 0.071106225 
191 309 10 9 0.069746956 
349 332 9 11 0.069732055 
628 302 7 10 0.06944134 
765 358 9 12 0.06934696 
780 339 8 11 0.06900813 
310 498 11 19 0.06860128 
873 418 12 13 0.06859493 
86 252 10 14 0.068293065 
526 332 7 10 0.06775309 
950 320 12 14 0.066858925 
688 414 9 14 0.06644417 
465 381 11 15 0.06631951 
248 274 10 11 0.06624395 
280 338 10 14 0.06622524 
170 399 12 16 0.06605676 
292 317 9 17 0.06585493 
618 256 9 9 0.065756015 
625 327 8 9 0.06524144 
127 421 11 14 0.06499584 
406 310 5 7 0.06451288 
486 301 8 11 0.064439096 
195 268 9 12 0.06433661 
770 382 11 14 0.06410022 
486 312 8 11 0.064043105 
276 338 7 12 0.063920796 
342 314 8 10 0.06376411 
90 306 9 14 0.063752644 
1012 329 6 8 0.063494354 
702 380 11 15 0.063438736 
390 262 7 8 0.063162714 
485 297 7 9 0.06307041 
716 380 15 20 0.063040785 
420 321 9 10 0.062991716 
329 362 12 16 0.06290007 
0 426 8 18 0.06259326 
1017 326 8 11 0.062338173 
608 229 7 8 0.062243085 
363 515 11 18 0.06202326 
624 376 14 15 0.062010396 
790 288 11 13 0.06200622 
629 227 6 5 0.06196391 
1011 370 6 9 0.06168632 
927 306 8 10 0.061660703 
949 353 7 10 0.061568398 
689 256 8 8 0.06135766 
419 259 9 11 0.061334446 
74 288 10 12 0.061296288 
677 345 10 14 0.06109971 
283 287 8 12 0.061090387 
584 271 5 7 0.060959414 
63 250 7 8 0.060530722 
567 345 9 11 0.060477242 
95 254 9 13 0.06037819 
500 290 6 10 0.059767492 
524 395 9 14 0.059656087 
594 376 11 16 0.05952013 
0 300 7 15 0.059048418 
209 263 8 9 0.05854733 
727 353 9 9 0.058290105 
853 389 12 15 0.057691287 
70 310 10 14 0.057657108 
457 351 18 23 0.057398073 
863 317 9 14 0.057065576 
728 348 6 7 0.057062186 
462 250 6 8 0.05694748 
818 362 8 13 0.05693975 
770 295 7 9 0.056898285 
562 319 8 10 0.056856852 
286 306 8 11 0.056076106 
585 306 5 9 0.05606213 
696 564 16 30 0.055920895 
477 305 8 13 0.055807006 
222 270 9 12 0.05576376 
147 469 44 61 0.055742536 
105 300 9 11 0.055649005 
325 326 8 9 0.055617712 
712 309 6 8 0.05552824 
4 300 8 14 0.0550719 
296 272 11 15 0.054918673 
716 287 12 14 0.05491791 
121 316 9 14 0.054613248 
748 377 10 10 0.05441819 
535 340 8 8 0.054313395 
0 275 5 11 0.05405493 
563 279 5 7 0.053646706 
427 496 11 16 0.05339848 
647 603 35 61 0.052902516 
218 289 7 10 0.052487254 
593 306 7 12 0.052125596 
346 291 7 9 0.052113265 
835 332 7 11 0.05191677 
633 322 7 8 0.05186036 
504 342 6 8 0.05177119 
207 257 9 9 0.051726297 
100 254 10 15 0.051699102 
320 322 6 10 0.051688675 
190 205 8 8 0.05166275 
545 273 6 10 0.051648315 
544 340 7 8 0.05156129 
425 470 11 17 0.05135525 
633 307 7 9 0.051308703 
634 338 10 14 0.051043857 
344 321 7 10 0.050776962 
919 201 9 13 0.050682556 
507 351 7 9 0.050231125 
525 288 7 10 0.05017944 
499 334 7 9 0.050045352 
600 275 7 9 0.05001628 
801 347 7 10 0.049886875 
139 314 11 13 0.049862895 
57 246 7 9 0.049671024 
755 354 9 10 0.04955795 
552 322 6 8 0.04952586 
214 308 9 11 0.049400866 
923 252 6 9 0.049297083 
222 293 8 12 0.049192727 
595 251 6 8 0.049117226 
971 371 9 12 0.049019005 
352 312 9 11 0.04898564 
798 309 10 12 0.048761003 
618 246 9 8 0.048695177 
179 289 10 10 0.04867666 
1059 416 7 13 0.04838728 
589 347 8 9 0.048312627 
596 246 5 6 0.048244327 
127 279 11 12 0.048188142 
581 277 6 7 0.04818602 
570 276 7 8 0.048051193 
708 366 9 10 0.047991045 
79 293 9 12 0.04793914 
760 301 7 10 0.047710508 
654 369 10 14 0.047306903 
103 239 7 8 0.04671242 
285 293 9 12 0.04662462 
184 224 8 11 0.046577588 
531 291 5 7 0.046149228 
774 321 8 10 0.046093784 
197 302 8 10 0.046016403 
748 364 10 10 0.04596675 
633 244 8 10 0.045841858 
589 264 7 7 0.04580759 
938 289 8 9 0.045705277 
620 263 8 9 0.045672614 
627 240 7 6 0.045646604 
176 281 9 10 0.045644224 
662 326 9 10 0.045598235 
778 267 10 12 0.045375604 
468 250 6 9 0.04528052 
591 275 6 7 0.045265786 
567 284 7 8 0.045128454 
106 237 8 9 0.04511492 
557 366 9 11 0.045029625 
723 369 10 12 0.044953503 
548 270 7 8 0.044851486 
603 339 9 12 0.044743296 
109 306 7 10 0.04472901 
351 291 8 9 0.044698164 
513 302 6 9 0.044613972 
784 340 8 10 0.044509172 
102 319 10 13 0.0444307 
527 390 8 13 0.044429246 
621 238 7 7 0.044394143 
437 299 7 12 0.044234436 
293 258 9 10 0.044137783 
555 314 8 10 0.044097934 
929 275 7 9 0.04407939 
253 286 10 14 0.044062715 
760 363 8 12 0.044053007 
823 353 7 11 0.044026297 
690 275 9 11 0.0437264 
819 270 9 13 0.04368927 
52 439 11 17 0.04359835 
64 256 9 12 0.043507636 
403 253 6 7 0.043445926 
456 332 11 13 0.043439917 
339 327 7 9 0.04342034 
626 332 7 10 0.043409616 
102 244 7 8 0.04340944 
132 409 18 24 0.04338335 
663 332 9 10 0.0432864 
592 328 7 10 0.043273382 
101 376 12 16 0.043235283 
1057 401 8 14 0.04305959 
135 233 8 9 0.043010563 
584 297 7 9 0.042896524 
677 316 9 15 0.04287944 
517 626 20 26 0.042670626 
280 255 9 10 0.04264341 
608 268 6 8 0.042625792 
468 246 6 7 0.04251958 
940 359 7 10 0.042426005 
712 325 8 12 0.042417463 
133 318 10 12 0.042234287 
760 345 7 10 0.042188648 
357 302 8 10 0.04218042 
294 291 9 13 0.04209173 
265 462 18 17 0.042027567 
723 343 6 9 0.041954976 
355 321 8 11 0.041833606 
578 226 4 5 0.041792054 
864 375 12 14 0.04166548 
631 359 9 9 0.04163232 
292 502 13 15 0.04161622 
633 240 6 7 0.04159905 
776 339 7 10 0.041507635 
157 317 10 12 0.041488394 
0 281 5 11 0.04117715 
614 309 5 6 0.04110642 
493 340 8 10 0.041057605 
857 203 7 10 0.040978726 
240 274 9 11 0.040780883 
411 322 12 14 0.04067263 
831 305 9 15 0.040613823 
131 256 9 11 0.040601842 
202 274 10 12 0.04057086 
22 407 10 17 0.0405025 
899 316 10 13 0.040467426 
224 223 7 10 0.040431876 
376 263 7 10 0.040345293 
546 335 6 8 0.040334105 
568 289 6 9 0.040293597 
608 246 5 6 0.040289078 
337 334 7 9 0.04025307 
61 423 10 15 0.040134486 
291 338 7 12 0.040076405 
0 257 4 9 0.040051132 
677 281 9 10 0.040036235 
952 292 10 9 0.039988253 
697 256 8 8 0.039968483 
639 246 6 7 0.039963663 
622 326 7 10 0.039957047 
433 259 7 9 0.039944418 
189 325 12 13 0.03986976 
797 293 8 11 0.039802585 
900 303 9 11 0.039687987 
933 295 10 12 0.039677463 
101 381 20 24 0.039599173 
4 358 17 27 0.039593887 
325 280 7 11 0.03952052 
1046 430 8 12 0.039490584 
279 251 8 9 0.039457094 
310 489 12 18 0.039428122 
793 262 7 9 0.039361082 
670 413 10 16 0.039324112 
43 228 8 14 0.039314732 
683 277 8 9 0.039218303 
515 353 10 11 0.039046485 
576 259 6 7 0.039030127 
576 277 6 7 0.03901949 
486 259 6 8 0.039008945 
682 391 12 15 0.038984384 
127 296 9 11 0.03895755 
626 244 8 9 0.03888164 
1007 512 12 12 0.038868047 
646 241 6 5 0.038648836 
186 269 9 13 0.038436197 
254 293 10 16 0.038407553 
550 340 6 7 0.038277958 
146 299 9 11 0.038225427 
1060 432 7 12 0.038219295 
813 345 8 11 0.038158167 
663 262 8 9 0.038118068 
658 338 8 11 0.03807971 
433 338 10 11 0.03807829 
782 402 12 13 0.038029227 
336 361 11 16 0.03797653 
479 332 8 10 0.037932165 
69 243 8 9 0.037807032 
354 482 10 17 0.037800416 
606 346 8 10 0.03779893 
941 366 7 9 0.0377853 
287 300 8 12 0.03775408 
917 300 7 10 0.03775064 
123 230 9 10 0.03763702 
361 519 18 28 0.037576582 
683 319 8 13 0.037563425 
1052 448 6 10 0.037496373 
541 347 8 10 0.037423473 
646 278 6 6 0.037399467 
151 298 10 11 0.03739361 
1026 357 21 28 0.03736302 
936 372 7 11 0.037358943 
94 238 7 8 0.037284974 
345 463 10 15 0.037282147 
538 289 5 8 0.037255317 
777 284 10 10 0.03725503 
590 313 6 10 0.03719293 
550 264 7 8 0.037136365 
769 320 6 9 0.03702654 
768 315 6 10 0.036995012 
105 324 10 13 0.036964618 
943 371 9 12 0.03695708 
349 493 10 18 0.03692624 
163 400 12 14 0.036891732 
602 250 5 8 0.036837604 
120 236 10 11 0.03682973 
14 280 11 15 0.03679964 
927 191 7 10 0.036762044 
574 295 7 10 0.036732532 
853 359 11 12 0.036717597 
211 295 8 10 0.03659966 
75 377 12 14 0.03650304 
312 298 10 14 0.03641266 
629 232 5 5 0.03636961 
569 305 7 11 0.03619952 
609 257 7 8 0.03617154 
140 282 8 11 0.036125325 
82 320 8 13 0.035940282 
496 313 8 12 0.035894867 
873 282 10 14 0.035862587 
850 375 10 11 0.03584981 
481 262 6 8 0.03584967 
391 259 6 7 0.035831176 
510 372 12 16 0.03574831 
711 332 8 12 0.035697557 
638 302 8 10 0.035612255 
785 551 34 40 0.035594597 
626 250 9 11 0.035588756 
441 256 7 10 0.035574265 
813 340 6 10 0.035531256 
794 327 9 12 0.035527468 
748 354 7 8 0.03548341 
1002 321 10 9 0.03536823 
448 257 7 10 0.035316505 
125 237 9 11 0.0353138 
596 327 10 11 0.03518081 
768 551 25 28 0.03517079 
609 221 5 6 0.03511734 
735 355 8 9 0.03511732 
158 288 9 10 0.035092894 
340 442 16 27 0.03505958 
467 288 7 9 0.03494207 
890 206 6 8 0.034902986 
215 225 8 10 0.034825698 
375 348 9 10 0.034721624 
169 312 10 11 0.034718763 
967 375 8 10 0.034656294 
498 372 9 13 0.034622565 
398 254 6 6 0.034601893 
595 264 7 8 0.03453847 
718 298 8 12 0.034511484 
411 280 7 13 0.034508653 
191 210 9 11 0.034504253 
1000 547 35 45 0.034478143 
419 285 10 14 0.03441286 
64 245 7 9 0.034400955 
1054 384 10 17 0.03436665 
542 390 7 11 0.03429714 
665 258 7 8 0.034271926 
323 481 17 24 0.034189064 
74 267 8 14 0.034058917 
577 372 12 16 0.034054536 
613 315 7 8 0.03402974 
696 380 11 15 0.033988804 
864 339 8 10 0.033843722 
115 298 10 13 0.03368412 
667 250 7 8 0.033681802 
253 260 10 13 0.033640917 
540 378 8 12 0.033580445 
556 334 8 9 0.033564784 
749 292 8 10 0.033521127 
663 594 67 97 0.033502955 
925 294 10 13 0.033365462 
247 282 11 14 0.033347383 
924 405 6 8 0.033321336 
288 261 7 10 0.03332076 
944 377 8 13 0.033262793 
465 469 20 29 0.0332402 
697 360 7 9 0.03320988 
1061 447 6 11 0.033048555 
287 343 8 14 0.033016063 
120 242 9 9 0.032988694 
23 273 7 12 0.032967918 
873 311 8 13 0.032961592 
374 531 12 18 0.03294314 
528 548 10 17 0.03292199 
529 383 10 13 0.03288874 
707 371 11 13 0.032808267 
178 222 9 13 0.032776058 
302 491 13 16 0.03260528 
137 275 8 12 0.03255773 
560 278 4 7 0.032499414 
468 349 11 16 0.0324215 
683 261 9 10 0.032402124 
317 497 10 17 0.032285556 
0 369 7 19 0.032237466 
709 359 7 9 0.032224707 
419 316 8 10 0.032202706 
761 308 7 9 0.032200444 
251 317 11 13 0.03217508 
62 282 7 11 0.031958587 
65 305 8 12 0.03190819 
629 256 9 11 0.031904764 
166 276 9 12 0.031884834 
568 333 8 9 0.03186222 
608 356 9 11 0.031842384 
403 246 5 7 0.031832967 
209 326 11 11 0.031819433 
822 362 10 14 0.03174356 
69 292 11 13 0.0317395 
61 287 8 12 0.031719495 
1079 360 13 19 0.03169343 
72 404 20 28 0.031682007 
473 251 6 8 0.03163142 
83 269 8 13 0.031590614 
936 358 6 10 0.031589262 
1043 411 10 16 0.031544562 
188 218 15 20 0.031536397 
646 385 10 14 0.031428788 
333 322 6 8 0.031406734 
475 296 7 10 0.031371154 
318 482 11 17 0.031317376 
845 372 8 10 0.03125573 
790 273 10 11 0.031216385 
517 301 7 10 0.03119802 
855 286 8 14 0.031077692 
462 287 7 11 0.031000895 
531 294 6 8 0.030861447 
684 252 9 9 0.030808458 
85 389 14 14 0.030803557 
106 280 10 13 0.03079104 
690 262 10 12 0.030757658 
343 339 9 13 0.030739967 
942 249 6 9 0.030703759 
402 351 8 14 0.03070136 
331 327 7 9 0.030693159 
60 425 17 27 0.030678628 
988 314 9 11 0.030670002 
106 285 15 18 0.030651394 
102 217 8 8 0.030562447 
105 252 14 18 0.03054235 
536 366 8 10 0.030530691 
794 259 6 7 0.030527651 
613 370 12 14 0.030415593 
375 274 8 10 0.030385066 
74 317 10 14 0.03037859 
524 252 6 8 0.030289417 
571 266 7 7 0.030050887 
125 252 10 10 0.030022774 
419 636 23 34 0.030019421 
367 510 11 17 0.029989531 
809 392 10 11 0.029945325 
652 315 7 10 0.029938787 
936 251 5 8 0.029916907 
170 224 9 11 0.029912874 
411 402 21 27 0.029884914 
537 347 8 9 0.029870575 
5 313 7 10 0.029806914 
370 331 8 11 0.029797126 
327 336 8 12 0.02967799 
671 280 9 10 0.02965603 
628 365 11 11 0.029642498 
666 375 9 12 0.029590044 
164 289 9 9 0.029576205 
248 298 8 13 0.029526278 
349 317 15 19 0.029492056 
332 343 8 12 0.029443905 
426 286 10 13 0.029437682 
466 441 7 9 0.029386932 
976 515 37 37 0.029336087 
93 383 12 14 0.029289203 
593 233 6 7 0.029274583 
699 252 7 8 0.02922041 
176 261 10 12 0.029209336 
485 325 7 9 0.029132139 
814 247 11 15 0.029130407 
846 348 8 10 0.02912671 
1094 339 9 15 0.02910523 
620 345 10 10 0.029084954 
590 252 7 8 0.029032605 
998 324 17 20 0.02902735 
613 250 17 19 0.029000564 
399 245 5 7 0.028998448 
521 358 10 11 0.028988702 
1069 380 15 20 0.028969465 
443 324 8 11 0.028967995 
99 393 11 16 0.028958805 
739 292 9 12 0.028952787 
368 496 11 16 0.028838182 
233 264 11 14 0.028742857 
292 300 8 11 0.028722575 
67 259 10 15 0.028640594 
85 420 12 20 0.028548291 
835 300 9 14 0.028465295 
607 280 7 10 0.02844416 
387 343 17 24 0.028375475 
803 285 11 12 0.028269768 
126 260 12 14 0.028224334 
595 239 6 6 0.028198738 
92 393 13 17 0.028179498 
1032 373 16 23 0.028149903 
409 252 8 9 0.028081952 
69 224 8 10 0.028062308 
292 253 8 8 0.02793398 
890 212 7 11 0.027910527 
662 346 10 14 0.027749311 
118 254 10 13 0.027721487 
228 261 10 13 0.027716717 
529 306 8 12 0.027668813 
503 370 10 15 0.027647592 
608 239 6 6 0.027633768 
756 325 7 10 0.027606983 
242 297 9 14 0.027535798 
743 377 8 9 0.027450964 
537 308 5 10 0.027445683 
498 282 6 10 0.027419629 
694 389 11 15 0.0274145 
778 326 9 11 0.027398514 
615 303 5 7 0.027380934 
90 232 7 8 0.027372083 
689 320 7 12 0.027367603 
994 508 11 13 0.027352558 
509 281 15 23 0.027344612 
899 175 4 6 0.027343886 
453 257 7 10 0.027310992 
612 231 7 7 0.027269896 
512 308 5 7 0.027268503 
55 300 9 13 0.027207952 
653 287 8 9 0.027136236 
58 277 6 10 0.027124846 
96 289 10 14 0.027119862 
958 527 37 40 0.027099457 
926 287 8 10 0.027036827 
757 340 8 11 0.02695832 
705 558 29 42 0.026930185 
371 289 6 7 0.026897736 
803 319 8 12 0.026863571 
895 294 9 10 0.026839375 
917 295 14 20 0.026818609 
388 312 8 10 0.026808055 
704 370 8 12 0.026769431 
683 269 8 10 0.026762363 
461 255 7 9 0.02676024 
424 349 11 12 0.026748504 
635 281 7 9 0.026691882 
209 301 10 13 0.02667882 
907 312 7 11 0.026658032 
95 317 9 12 0.026641592 
921 275 7 9 0.026613137 
620 315 7 7 0.026592799 
339 438 9 15 0.026540404 
1010 264 8 10 0.026534606 
888 433 9 11 0.026524786 
957 321 9 13 0.026522499 
165 268 7 9 0.02649043 
505 261 7 10 0.026471207 
332 276 9 12 0.026367445 
1062 461 5 10 0.026367273 
467 256 7 9 0.026347375 
102 276 8 11 0.026306637 
377 546 10 17 0.026272237 
442 315 7 11 0.026257763 
491 318 8 12 0.026252326 
928 181 6 8 0.026250686 
178 300 10 10 0.026216531 
1098 312 9 16 0.02621275 
754 221 8 11 0.02616637 
611 304 5 7 0.026160888 
260 335 10 15 0.026115494 
71 421 18 28 0.026108693 
795 574 25 26 0.026106296 
432 499 11 16 0.0260913 
671 326 9 10 0.026082205 
74 238 8 9 0.026054453 
402 384 22 26 0.026049916 
835 338 8 10 0.026047792 
340 310 6 9 0.025966624 
653 301 7 9 0.025963796 
1090 543 13 21 0.025957681 
157 296 12 13 0.02593976 
996 343 8 14 0.025917914 
851 306 8 11 0.025880495 
223 239 9 12 0.02583784 
55 373 11 17 0.025830345 
900 287 8 10 0.025817873 
363 488 10 16 0.025794711 
150 312 12 16 0.025775198 
581 355 8 9 0.025722746 
159 420 19 29 0.025710259 
633 232 5 5 0.025706587 
660 259 7 7 0.02568132 
131 401 12 15 0.025656471 
785 333 9 10 0.02565225 
937 246 4 6 0.02561465 
445 348 12 15 0.025612712 
906 307 8 10 0.025536401 
113 305 9 11 0.025505437 
362 302 8 9 0.025492994 
556 264 7 8 0.025472403 
63 389 9 16 0.025452595 
717 350 8 10 0.025414538 
278 315 10 15 0.02540303 
615 277 6 8 0.025333224 
461 246 6 8 0.025267147 
332 440 16 26 0.025248984 
86 319 9 13 0.025218304 
356 461 7 9 0.025204359 
946 246 6 7 0.025195712 
227 330 11 15 0.025188234 
120 308 9 12 0.025187152 
1043 520 24 32 0.025182636 
501 262 5 8 0.025167879 
465 264 9 16 0.025123026 
671 332 9 10 0.025089517 
850 384 11 14 0.025073022 
160 267 8 11 0.02506192 
495 287 6 11 0.02505529 
525 322 6 7 0.025048764 
587 352 9 9 0.025048688 
62 294 7 10 0.025034701 
647 251 6 7 0.02500498 
776 382 11 14 0.02500282 
146 307 10 12 0.024994908 
603 246 4 6 0.024989612 
1073 146 18 31 0.024954367 
19 274 8 12 0.024917223 
322 351 11 17 0.024917003 
1055 342 12 21 0.024894908 
676 341 9 11 0.024875272 
336 247 9 11 0.024855118 
715 314 7 9 0.024806913 
536 336 7 8 0.024806604 
410 260 7 10 0.024803488 
745 285 16 18 0.024798183 
254 330 9 16 0.024787437 
352 282 7 9 0.024755128 
676 412 10 17 0.02474158 
595 322 7 10 0.024733854 
519 333 7 9 0.02473317 
689 401 15 24 0.024707628 
418 353 13 14 0.024706837 
212 228 7 10 0.02466111 
498 366 8 11 0.024637366 
247 322 11 17 0.024516644 
854 307 16 22 0.024495617 
440 304 8 13 0.024491636 
592 383 11 18 0.024487589 
278 543 12 18 0.024468267 
583 265 6 6 0.024465755 
207 351 12 12 0.024434885 
624 359 12 10 0.02442063 
139 404 12 15 0.024397148 
144 237 9 10 0.02434818 
831 229 8 12 0.024330558 
68 296 16 22 0.024307251 
199 -29 110 85 0.024291776 
627 323 8 8 0.024289688 
758 284 10 10 0.024246704 
876 276 8 11 0.02423652 
643 334 11 11 0.02422722 
413 309 9 12 0.024200719 
743 354 16 19 0.024134133 
683 277 15 19 0.024118582 
-1 357 8 18 0.024113359 
347 284 6 8 0.024075994 
286 312 8 13 0.024046607 
458 368 17 23 0.02403716 
694 412 11 19 0.024018435 
1053 368 13 20 0.024012808 
172 287 9 10 0.02400377 
471 287 8 11 0.024003278 
549 275 6 8 0.023979664 
593 350 9 10 0.02397378 
313 325 8 11 0.023959069 
602 282 7 9 0.02392988 
1018 322 16 21 0.023922063 
396 253 15 19 0.023904854 
366 319 6 10 0.023901384 
396 332 10 14 0.023893565 
418 338 12 14 0.023836458 
383 345 9 11 0.023823516 
554 309 7 10 0.023818918 
941 354 6 10 0.023799565 
108 213 7 9 0.023798289 
423 468 27 41 0.023786094 
445 314 17 21 0.023785375 
438 500 12 17 0.02377103 
800 501 25 21 0.023754051 
267 537 9 16 0.023748612 
296 486 14 16 0.023729444 
1076 559 19 30 0.023723839 
620 270 6 7 0.023719788 
946 365 6 9 0.023704315 
83 229 7 10 0.023701739 
163 318 11 12 0.023651287 
117 360 20 24 0.023645189 
735 400 10 16 0.02362669 
155 403 18 22 0.02359414 
652 277 8 8 0.023575235 
677 255 10 10 0.023561362 
80 281 9 13 0.02355578 
203 267 9 12 0.02354969 
621 302 5 7 0.02351655 
601 351 9 11 0.02348031 
427 250 6 9 0.023463126 
768 299 8 11 0.02342974 
893 186 7 11 0.023424316 
481 275 6 11 0.023417862 
281 260 9 13 0.023409301 
105 433 13 16 0.023393838 
663 411 11 18 0.02332092 
715 274 8 10 0.023315191 
614 325 8 11 0.023315128 
370 281 8 10 0.023314167 
763 268 8 9 0.023299975 
798 268 9 11 0.023295645 
370 315 7 9 0.023253836 
896 198 6 9 0.0232492 
191 301 10 10 0.023211293 
590 246 5 5 0.023172962 
32 235 7 11 0.023150414 
349 447 11 20 0.023144538 
415 290 8 13 0.02313102 
196 212 9 12 0.023073427 
93 231 8 10 0.023032824 
68 250 8 9 0.023026608 
957 305 12 13 0.023026535 
922 237 6 9 0.023016462 
486 339 7 9 0.022980858 
334 270 7 8 0.022968318 
280 246 7 8 0.022944823 
638 296 8 8 0.022916688 
273 303 10 13 0.022914805 
211 249 9 12 0.022910085 
952 357 7 11 0.022892626 
613 320 8 10 0.022842059 
658 262 9 8 0.022832096 
769 326 7 9 0.022826234 
569 244 7 7 0.02280254 
177 308 9 10 0.02279844 
355 333 8 10 0.022770988 
940 284 7 7 0.022720361 
566 378 11 15 0.022717653 
927 254 5 10 0.02271373 
439 295 6 11 0.022655886 
137 322 14 14 0.022644127 
379 538 12 20 0.022632943 
126 244 8 8 0.022618502 
892 311 7 13 0.02261387 
574 290 7 7 0.022500107 
154 235 9 11 0.022497967 
537 295 6 8 0.022496039 
172 268 10 12 0.022427155 
557 270 7 7 0.022423515 
499 282 14 22 0.022416577 
242 262 8 12 0.022378843 
255 451 11 15 0.022364005 
615 282 7 10 0.022361945 
1056 463 5 9 0.022355024 
834 224 7 11 0.022338789 
673 559 29 49 0.022334822 
838 511 26 29 0.02229663 
990 337 12 17 0.022294747 
528 401 8 11 0.022287214 
353 275 8 11 0.022280801 
421 252 7 10 0.022257308 
1054 330 12 20 0.022248277 
805 396 11 11 0.022234201 
617 295 6 10 0.022228481 
424 226 5 6 0.022215808 
991 512 22 22 0.02215833 
884 332 11 13 0.022131104 
429 266 7 12 0.022108288 
137 305 12 14 0.022096975 
603 225 7 9 0.022093803 
497 315 14 21 0.022077402 
886 214 5 8 0.022055147 
252 522 10 15 0.022053944 
192 351 9 11 0.022043806 
646 328 8 8 0.022037186 
500 376 13 19 0.022035183 
280 301 9 13 0.022019835 
604 231 7 7 0.022010304 
889 320 7 10 0.022002878 
968 443 5 7 0.021995984 
646 393 11 17 0.021985749 
0 344 6 12 0.021977738 
377 258 7 9 0.021977661 
570 295 15 20 0.021972528 
949 185 5 8 0.021930294 
775 569 15 19 0.021929156 
676 390 12 17 0.021926144 
376 510 11 18 0.021921288 
427 315 8 10 0.021920506 
53 247 6 8 0.021911029 
552 260 5 6 0.021892987 
949 181 4 7 0.021886718 
634 296 7 9 0.02188244 
1061 472 6 11 0.021866607 
591 227 5 5 0.021863624 
438 195 4 6 0.021841085 
599 386 10 17 0.021835664 
95 298 11 14 0.021835215 
696 280 9 10 0.02182004 
867 295 12 17 0.021802766 
0 350 6 14 0.021795409 
1018 238 8 10 0.02179243 
398 342 12 16 0.021771492 
892 168 4 7 0.02177113 
767 346 8 11 0.021758007 
927 239 5 8 0.021755645 
759 293 8 12 0.021750925 
7 257 5 7 0.021750197 
424 287 16 24 0.021736488 
507 379 12 17 0.021718238 
857 158 8 11 0.021707393 
346 306 7 10 0.021657536 
670 255 9 10 0.021652538 
447 306 8 16 0.021631878 
935 394 7 13 0.02162785 
478 313 18 21 0.021621425 
899 232 5 8 0.021612408 
717 260 8 10 0.021590842 
631 265 16 18 0.021551708 
583 253 6 6 0.021545911 
652 271 9 7 0.021537896 
246 268 18 22 0.02153764 
1010 505 21 24 0.021509929 
384 313 8 12 0.021479774 
343 363 8 13 0.02147711 
892 174 4 7 0.021476198 
354 499 17 24 0.021422083 
632 352 9 9 0.021406772 
-1 447 17 26 0.02139431 
323 251 8 9 0.021365188 
203 301 9 12 0.02133912 
266 336 9 14 0.02133709 
11 244 7 9 0.021321718 
896 180 6 8 0.021308977 
759 400 9 13 0.02130393 
612 227 6 7 0.021295141 
283 256 16 22 0.021278702 
1085 199 13 23 0.021276891 
507 363 7 11 0.021269625 
329 347 17 29 0.021252718 
910 181 5 7 0.021224026 
357 514 12 19 0.02119895 
924 408 8 11 0.02119103 
1053 506 13 22 0.021189153 
773 343 10 13 0.021182436 
1040 394 12 18 0.021182392 
946 324 14 23 0.021169994 
1109 510 5 9 0.021126956 
798 263 7 9 0.021094816 
710 351 7 9 0.021068271 
988 324 10 12 0.021062963 
603 242 5 4 0.0210567 
0 252 4 9 0.021045841 
442 250 6 8 0.021022532 
403 345 18 23 0.021012662 
922 192 7 11 0.021007571 
573 346 9 12 0.0210067 
10 311 10 12 0.021003345 
622 258 18 19 0.020996861 
153 277 8 10 0.020914443 
710 270 8 10 0.020912072 
19 291 8 12 0.020883026 
452 343 12 15 0.020834757 
276 356 9 14 0.020831686 
582 226 5 5 0.020818528 
654 306 6 9 0.020807918 
333 314 7 9 0.020803094 
902 192 6 10 0.020784345 
204 275 17 21 0.020783614 
840 629 9 17 0.020765387 
719 342 15 19 0.020761926 
563 270 7 7 0.020751826 
681 405 16 25 0.020750567 
176 395 16 24 0.020739475 
317 301 16 23 0.020732803 
1020 442 6 8 0.020713175 
73 393 18 23 0.02066918 
715 321 8 12 0.020662349 
344 471 10 17 0.020660242 
583 366 11 14 0.020629236 
472 367 10 15 0.020612655 
51 280 8 12 0.02059302 
569 370 9 11 0.020592906 
910 365 7 11 0.020577928 
235 299 8 13 0.020558462 
874 326 11 14 0.020553226 
666 246 7 7 0.020546688 
67 419 11 18 0.020543383 
786 371 10 12 0.020537626 
246 503 12 18 0.02053206 
692 547 19 31 0.020517185 
159 232 9 10 0.020507852 
174 308 18 20 0.020494755 
439 335 11 13 0.020468118 
138 297 11 13 0.02046348 
862 350 10 10 0.020426167 
671 344 10 13 0.020418355 
229 299 10 13 0.020415409 
243 318 9 11 0.020356894 
529 357 10 11 0.0203523 
61 649 20 31 0.020343415 
457 249 5 8 0.020340217 
473 263 6 10 0.020325234 
105 395 13 16 0.02031705 
975 423 6 8 0.020297155 
382 268 8 12 0.020290026 
580 326 8 11 0.020286528 
293 306 7 11 0.02028206 
298 324 8 14 0.020275889 
665 277 8 9 0.020266777 
40 227 7 11 0.020242356 
494 276 6 9 0.020231903 
188 201 6 8 0.020228676 
787 327 8 11 0.020224318 
126 286 10 12 0.020177383 
480 326 8 11 0.020172257 
200 352 14 15 0.02017095 
1031 321 14 20 0.020141685 
216 352 10 11 0.020141084 
958 284 7 8 0.020124484 
476 295 14 21 0.020114547 
902 155 5 8 0.020089928 
259 289 9 12 0.020084787 
469 376 10 15 0.02005928 
778 305 8 11 0.020041153 
105 364 21 24 0.020016657 
645 272 7 7 0.02001044 
