10_People_Marching_People_Marching_2_316
32
24 -51 200 292 0.9962224 
355 330 248 493 0.43301013 
636 28 159 145 0.3650304 
336 103 192 181 0.3096459 
320 -148 389 368 0.21128032 
710 231 145 198 0.17601213 
456 446 185 219 0.16460395 
135 6 214 246 0.1309254 
139 283 311 506 0.07010934 
256 79 173 163 0.06544893 
865 367 156 177 0.052057654 
0 376 31 72 0.051543456 
691 -149 373 370 0.047978226 
210 448 166 252 0.04446446 
491 38 104 103 0.03976042 
371 368 162 181 0.038614918 
477 -16 280 376 0.03553669 
88 191 96 102 0.034898344 
357 72 142 106 0.033659987 
-27 289 322 444 0.03165723 
974 181 75 132 0.028640889 
891 73 176 312 0.028185701 
849 21 60 57 0.028073229 
950 414 89 120 0.027722718 
300 31 338 391 0.024434658 
4 280 29 31 0.023260616 
938 609 29 27 0.023223625 
499 53 51 46 0.022872206 
80 454 25 32 0.021994907 
0 332 69 115 0.021594478 
-1 463 15 39 0.02113611 
-6 251 71 98 0.020701317 
