10_People_Marching_People_Marching_10_People_Marching_People_Marching_10_524
69
587 168 64 75 0.99736315 
839 136 54 66 0.99301696 
66 141 71 78 0.9868896 
284 212 41 44 0.9831388 
358 287 46 50 0.4956426 
196 302 38 50 0.37320954 
892 12 170 255 0.35774684 
502 246 16 26 0.2336264 
270 217 31 35 0.22034983 
892 212 39 53 0.1773905 
681 166 73 114 0.17099617 
323 71 160 259 0.16272186 
861 125 68 84 0.11731424 
125 149 22 30 0.11229973 
150 188 36 51 0.09892261 
222 237 41 47 0.08059717 
599 39 45 74 0.073886275 
21 219 49 59 0.070553966 
49 88 32 39 0.06467426 
154 215 35 54 0.06262422 
315 289 35 45 0.060971946 
339 257 39 46 0.05323761 
500 253 32 59 0.049982246 
1000 143 33 52 0.04432591 
207 186 27 28 0.04384253 
963 53 78 127 0.043321885 
447 -141 395 353 0.042086862 
44 -6 306 364 0.041245077 
355 230 24 30 0.04029743 
969 165 20 25 0.039758798 
531 144 36 56 0.038133737 
648 202 41 55 0.03805723 
996 258 15 23 0.037525725 
206 218 38 62 0.03496782 
897 71 86 134 0.034740813 
239 253 42 44 0.03301446 
315 217 13 15 0.03171549 
297 135 24 37 0.031673934 
89 176 37 40 0.03153526 
52 314 90 155 0.030752506 
328 276 28 37 0.030348936 
233 174 33 52 0.029749356 
393 230 20 35 0.029712202 
0 127 6 21 0.029257048 
216 119 28 39 0.027821703 
185 164 38 51 0.027308704 
984 129 63 97 0.027203243 
113 146 44 54 0.027171204 
554 334 106 167 0.026288461 
196 147 63 84 0.025439914 
253 178 11 17 0.025417572 
706 243 48 70 0.02539568 
249 272 42 40 0.023876168 
253 176 21 31 0.023805693 
300 260 38 46 0.023419656 
550 419 116 175 0.023400879 
370 231 22 31 0.023125764 
167 175 35 53 0.02309904 
972 173 64 112 0.02300691 
126 171 43 55 0.022985335 
360 228 13 19 0.022621807 
167 204 27 41 0.02237177 
3 169 43 54 0.021961637 
995 270 19 36 0.021792341 
9 185 24 29 0.021606157 
309 210 40 48 0.021023266 
367 255 41 59 0.020688038 
387 86 83 126 0.020502973 
304 213 25 26 0.020023067 
