10_People_Marching_People_Marching_10_People_Marching_People_Marching_10_People_Marching_People_Marching_10_716
112
327 346 52 65 0.9995727 
198 413 42 45 0.9989505 
121 420 41 41 0.9989255 
770 265 71 95 0.9985775 
509 295 61 70 0.9982096 
73 441 39 41 0.99428684 
4 434 34 45 0.9933663 
653 525 21 23 0.951326 
175 545 44 36 0.44810334 
932 456 31 34 0.41787517 
25 529 42 53 0.35244903 
64 524 39 53 0.27213174 
759 452 111 103 0.22232576 
234 448 23 31 0.19289358 
213 386 25 25 0.16654165 
983 626 41 50 0.15533172 
683 628 16 15 0.12602063 
342 312 31 28 0.122310586 
647 521 43 46 0.1073775 
125 565 37 42 0.10383277 
129 393 26 25 0.10299654 
540 179 33 55 0.10131246 
-3 402 34 53 0.06808325 
886 539 52 39 0.0634428 
923 421 61 81 0.055849105 
523 257 50 72 0.054474197 
392 63 5 6 0.052801073 
676 533 27 27 0.052566648 
662 506 8 12 0.05232553 
571 538 49 61 0.048419707 
428 472 80 100 0.048313733 
1 539 21 34 0.045814354 
406 67 4 5 0.04574589 
11 125 7 5 0.043138288 
51 405 34 40 0.040731966 
236 2 7 10 0.040625192 
396 66 5 7 0.040283203 
0 473 10 15 0.03979963 
410 79 6 7 0.038249582 
-1 469 19 28 0.03819764 
396 62 5 6 0.03753034 
1007 278 9 14 0.037243027 
910 549 53 37 0.03722548 
410 74 5 6 0.036658082 
205 3 5 6 0.036548015 
32 120 5 5 0.03644527 
329 306 48 60 0.03577432 
790 213 47 47 0.035771985 
88 419 16 15 0.03458789 
387 63 4 5 0.033946693 
134 4 6 7 0.03350523 
984 539 57 54 0.031188767 
409 67 5 5 0.030667376 
719 531 27 32 0.030001739 
43 390 8 16 0.029642776 
406 73 5 6 0.029340727 
257 5 5 5 0.029009368 
71 409 39 46 0.028827151 
1008 638 50 68 0.028456545 
422 92 5 6 0.027896442 
166 2 5 6 0.027722726 
434 97 8 8 0.027415087 
1051 336 13 24 0.027361523 
393 73 5 7 0.027123155 
435 149 5 5 0.026963262 
0 226 5 10 0.026719516 
221 428 24 27 0.026620226 
770 180 81 97 0.02622812 
421 86 7 6 0.025979223 
199 510 29 26 0.02587355 
333 59 5 6 0.025869157 
59 388 18 27 0.025374448 
680 601 23 20 0.0252557 
151 363 9 14 0.025171077 
721 142 89 113 0.024889732 
396 73 5 7 0.02441979 
201 5 5 5 0.02414577 
202 379 38 57 0.02404695 
1055 306 11 20 0.023829008 
138 572 49 47 0.023816073 
237 15 5 8 0.023513252 
0 303 4 7 0.023513066 
0 538 7 18 0.023308944 
1032 286 12 21 0.022820197 
435 525 28 29 0.022813816 
162 9 4 7 0.02277435 
57 122 6 8 0.022738602 
654 508 18 27 0.022565283 
1053 315 12 22 0.022363128 
1057 296 9 18 0.02232506 
197 524 31 25 0.022177277 
417 85 6 7 0.021990867 
329 209 12 16 0.02195753 
1038 397 14 28 0.021914342 
409 544 31 33 0.021865994 
1017 293 8 14 0.02185558 
59 408 11 17 0.02184494 
423 74 4 5 0.0217648 
470 459 91 115 0.021568254 
422 80 6 7 0.021357812 
406 63 4 4 0.021329 
1045 304 11 20 0.0212201 
1018 313 6 9 0.021093689 
1067 257 19 34 0.021037819 
266 570 8 11 0.020978715 
33 123 5 6 0.020955278 
1016 276 15 24 0.02087967 
256 7 6 7 0.020784391 
1052 374 12 23 0.020522343 
417 75 4 4 0.020253146 
448 133 6 6 0.020193633 
131 4 5 6 0.020123597 
