10_People_Marching_People_Marching_2_395
224
578 181 32 38 0.9957131 
959 180 27 31 0.98883784 
831 212 22 30 0.97393835 
219 163 28 41 0.94521856 
742 214 23 32 0.9107305 
926 147 24 28 0.9034762 
512 208 29 23 0.76763886 
334 237 23 23 0.7654739 
93 169 22 20 0.61223197 
319 228 24 23 0.59499305 
0 233 8 13 0.5700306 
154 177 27 32 0.56120086 
101 201 28 22 0.46018937 
61 228 29 25 0.4166669 
8 264 24 25 0.36936602 
655 85 18 29 0.35029402 
467 185 26 21 0.30942008 
160 173 16 19 0.23398341 
421 220 24 21 0.2184032 
397 0 7 9 0.21295731 
7 229 22 21 0.20187198 
41 201 28 25 0.19310826 
167 188 27 27 0.16717291 
464 193 37 42 0.16434279 
365 3 8 8 0.16253236 
436 223 14 13 0.15772516 
666 222 13 15 0.14136907 
410 19 19 33 0.1357772 
39 191 14 13 0.13295433 
341 231 15 15 0.121267505 
671 91 10 18 0.11418893 
253 464 24 24 0.10750439 
1012 310 17 32 0.10118499 
299 336 16 30 0.09513855 
748 200 36 46 0.09404699 
0 218 42 42 0.09136082 
360 3 5 6 0.08394537 
600 91 11 13 0.08231903 
393 223 31 25 0.082264006 
393 211 12 10 0.08212553 
70 206 11 8 0.07794827 
282 261 20 22 0.07261903 
357 256 26 23 0.07204185 
352 11 4 7 0.07104977 
400 1 10 9 0.07023686 
10 227 13 11 0.06913157 
117 197 27 23 0.06779573 
489 209 29 23 0.0659699 
99 208 16 13 0.06520022 
390 208 24 21 0.06461399 
358 10 6 7 0.06295958 
980 182 23 28 0.059896138 
71 221 12 10 0.059751656 
620 411 17 29 0.05837329 
229 168 38 46 0.05836194 
368 7 7 8 0.058198754 
109 173 12 13 0.057081394 
357 231 10 12 0.05691332 
124 199 13 12 0.055145126 
406 2 12 11 0.053126067 
636 97 8 13 0.05307794 
445 222 10 11 0.05298773 
417 213 9 9 0.051712908 
416 211 8 6 0.05114847 
362 225 10 11 0.04661499 
49 237 30 24 0.045997657 
383 2 5 7 0.045495387 
420 28 11 24 0.044973813 
130 200 10 8 0.044797163 
15 198 38 37 0.044099648 
318 250 11 10 0.043897398 
850 236 11 17 0.043825902 
70 226 16 13 0.0437461 
246 190 13 15 0.042725287 
309 326 39 58 0.042503648 
744 262 19 27 0.041953787 
378 3 7 7 0.04127806 
469 207 16 17 0.040630907 
353 4 4 5 0.04038749 
6 214 6 6 0.04011242 
11 222 10 8 0.040093925 
33 196 18 16 0.038236465 
994 188 11 16 0.038235065 
2 235 17 25 0.03820097 
313 242 23 22 0.038069703 
55 218 28 21 0.03729919 
420 9 20 36 0.037267484 
32 207 16 12 0.036848925 
947 149 21 28 0.035830855 
0 227 13 24 0.035624776 
2 245 24 30 0.035614196 
24 213 11 9 0.03470181 
483 9 11 10 0.034484923 
428 221 12 12 0.034448344 
856 210 19 24 0.03417602 
946 226 19 30 0.03382541 
393 230 16 12 0.033727787 
621 190 25 33 0.03364515 
410 210 21 20 0.03332787 
668 215 21 25 0.033027265 
348 228 11 12 0.032477032 
357 15 6 8 0.03229039 
514 219 16 14 0.032047357 
881 8 35 43 0.031886496 
1025 214 19 31 0.03182472 
409 214 10 8 0.031478185 
20 263 14 17 0.031102663 
499 218 14 11 0.030785564 
32 241 23 20 0.030734591 
297 242 5 7 0.030565737 
384 0 4 5 0.03008365 
354 0 3 5 0.029935127 
94 181 29 33 0.029880097 
711 311 10 18 0.029562453 
638 441 7 12 0.029472947 
79 201 10 9 0.029391823 
941 255 10 17 0.02932323 
32 251 9 9 0.029015942 
30 258 10 13 0.02853226 
483 29 40 52 0.02842094 
428 8 11 18 0.028381957 
348 10 5 8 0.02825553 
482 211 14 12 0.028144768 
326 382 66 144 0.027911913 
403 225 16 13 0.027751084 
143 196 22 21 0.027485391 
499 213 13 10 0.027342081 
140 200 8 7 0.027240492 
1010 379 9 22 0.027078457 
60 183 5 7 0.026975024 
310 254 13 15 0.02695499 
2 210 4 6 0.026915552 
274 354 6 8 0.026911356 
361 238 9 10 0.02687206 
343 274 11 12 0.026858568 
815 197 24 31 0.026614796 
600 83 24 28 0.026311101 
428 216 8 7 0.02628649 
13 480 8 14 0.026246646 
86 187 9 9 0.025944266 
387 238 12 10 0.025940193 
367 252 13 14 0.025888424 
121 159 11 12 0.025877832 
44 249 12 10 0.025689278 
11 215 7 5 0.025649974 
350 267 25 26 0.025476126 
980 273 25 35 0.02547432 
257 587 40 50 0.025302624 
416 227 16 16 0.025263535 
24 246 23 25 0.025123157 
781 225 20 26 0.02497229 
184 643 23 29 0.024855789 
700 243 19 26 0.024694797 
360 2 17 19 0.024458056 
1011 299 4 6 0.024386888 
479 201 30 23 0.024337677 
1023 189 19 33 0.02429325 
809 277 21 25 0.024084914 
365 1 5 5 0.023922052 
973 196 23 32 0.02385776 
34 263 11 14 0.023710603 
400 220 13 11 0.023593944 
944 174 11 17 0.023560626 
1019 374 18 42 0.0235584 
27 259 22 26 0.023444483 
67 199 21 17 0.023410583 
3 256 10 13 0.023231195 
460 215 51 53 0.023192981 
304 262 11 16 0.023157833 
226 317 37 43 0.023096193 
687 69 17 31 0.023056371 
370 24 5 7 0.023040382 
88 179 10 10 0.022859016 
391 3 6 7 0.02284528 
874 12 9 13 0.022808162 
45 249 25 23 0.022742124 
524 24 12 15 0.02272402 
643 86 19 28 0.022677504 
478 7 38 46 0.022661172 
442 220 19 20 0.022660384 
304 324 22 44 0.022561638 
407 219 12 10 0.022495938 
243 450 8 11 0.022476358 
11 210 6 6 0.022460463 
1013 369 16 32 0.022449492 
648 80 36 49 0.022372873 
703 205 10 11 0.022360627 
46 188 11 12 0.022284435 
807 595 36 30 0.022259304 
380 0 5 6 0.022254283 
399 2 24 33 0.021999195 
429 1 7 9 0.021989277 
2 213 5 8 0.021986067 
1015 448 17 28 0.021919498 
1027 242 17 31 0.021913927 
25 208 10 9 0.021783482 
762 2 33 57 0.021541044 
1024 397 20 42 0.021489462 
234 614 29 31 0.021418279 
345 232 22 23 0.021412766 
281 411 19 25 0.021410592 
773 159 19 40 0.021404086 
388 218 11 8 0.021383518 
317 251 22 24 0.021337746 
471 22 10 15 0.02121446 
7 219 8 8 0.021212148 
446 3 20 23 0.02113269 
940 242 17 25 0.02107626 
4 271 12 14 0.021021824 
501 197 28 24 0.020638522 
129 204 12 12 0.02061174 
145 200 11 11 0.020354 
433 217 9 8 0.020349598 
1024 298 18 37 0.020324517 
865 216 11 14 0.020292863 
773 36 63 107 0.020272642 
671 180 11 19 0.020246578 
133 202 24 20 0.020181686 
510 213 14 11 0.02016207 
21 220 13 11 0.020120315 
501 205 12 10 0.020117242 
136 213 19 23 0.020024402 
768 258 20 35 0.020010173 
920 101 8 13 0.02000053 
