10_People_Marching_People_Marching_10_People_Marching_People_Marching_10_848
68
643 161 44 65 0.99920696 
484 159 41 56 0.99871325 
760 127 51 73 0.9985524 
244 215 36 47 0.9969439 
131 184 30 45 0.9946002 
364 200 42 48 0.9943739 
987 195 34 52 0.96927345 
728 182 27 42 0.68990016 
108 238 16 21 0.49017534 
581 203 27 37 0.39137414 
531 114 29 45 0.15370883 
649 97 306 431 0.15253045 
20 231 16 31 0.11499858 
189 428 16 27 0.0986594 
893 403 20 20 0.092629716 
529 105 25 29 0.06807233 
274 447 6 10 0.05386297 
13 221 32 61 0.046840888 
418 174 29 42 0.044842448 
33 401 7 12 0.04012361 
557 372 37 41 0.03793877 
99 243 18 25 0.037278377 
44 402 7 11 0.035168003 
256 434 6 8 0.03220315 
460 372 7 9 0.031625867 
38 401 7 12 0.03139816 
692 181 33 49 0.03127445 
842 64 11 18 0.030398872 
615 441 24 32 0.029526934 
601 180 37 57 0.029330337 
328 341 27 45 0.029171571 
161 534 11 16 0.02874393 
262 435 6 8 0.028449386 
561 455 35 47 0.028034532 
790 93 18 26 0.0278189 
599 510 99 160 0.027338095 
510 117 38 57 0.026825525 
553 464 12 20 0.026792187 
210 432 7 11 0.026195887 
250 434 6 7 0.026127532 
683 402 12 11 0.025899751 
491 389 16 27 0.02575842 
725 115 34 51 0.025386928 
101 236 33 41 0.025225665 
796 89 9 15 0.025184432 
287 430 5 7 0.02516562 
1006 207 43 59 0.024842594 
475 376 31 41 0.024830624 
284 430 5 7 0.024750108 
163 221 24 37 0.024644598 
521 144 37 55 0.024126386 
160 266 38 55 0.02412496 
463 428 9 12 0.023732917 
997 485 63 128 0.023219766 
309 436 5 8 0.02274198 
655 91 10 17 0.022618115 
625 171 38 61 0.022492856 
730 150 59 73 0.022273524 
500 48 19 29 0.021822134 
584 453 18 26 0.021646233 
208 431 5 9 0.021577278 
862 212 29 26 0.021231754 
573 451 19 25 0.021057738 
80 260 25 29 0.020851651 
805 84 9 16 0.020700334 
632 449 27 31 0.020355515 
962 217 18 32 0.020264998 
169 206 18 29 0.020052206 
