10_People_Marching_People_Marching_2_668
633
769 316 24 29 0.99981076 
857 315 22 27 0.99947804 
408 306 45 51 0.99945515 
604 304 23 30 0.9992932 
541 293 29 35 0.9987639 
295 347 39 45 0.99806195 
190 297 37 45 0.99740654 
513 314 21 26 0.99720484 
655 310 36 35 0.99324554 
99 263 32 39 0.9922869 
370 329 20 28 0.9900878 
464 317 23 32 0.9600931 
922 335 16 23 0.89248675 
957 330 14 18 0.8656948 
986 329 10 17 0.59479374 
417 274 24 32 0.43572927 
970 350 11 18 0.36143565 
903 348 11 15 0.33444938 
889 289 6 8 0.28453982 
739 391 25 46 0.23454534 
918 390 8 13 0.2302295 
828 338 10 15 0.22514415 
837 328 12 16 0.2198392 
898 281 6 9 0.19203413 
645 330 17 24 0.15273257 
922 329 11 17 0.14636345 
992 258 4 6 0.14103003 
923 353 12 20 0.13003132 
829 314 11 15 0.12627572 
815 341 11 18 0.121970676 
979 372 10 19 0.12168864 
945 298 9 12 0.117236495 
938 393 9 16 0.11350444 
937 447 14 28 0.10854817 
889 284 5 7 0.10696763 
499 321 19 25 0.10570579 
909 401 6 11 0.10338159 
1007 348 10 16 0.1032574 
586 316 9 14 0.10197957 
941 310 8 12 0.09931685 
989 258 4 5 0.09641095 
1001 257 4 6 0.09579146 
886 284 5 6 0.09255333 
964 368 8 16 0.092335954 
64 320 4 8 0.08926552 
727 330 12 18 0.08807176 
988 111 5 6 0.087350644 
998 357 8 13 0.08430071 
903 278 4 7 0.08403136 
963 321 8 11 0.078434035 
995 328 9 16 0.07782869 
1016 350 9 15 0.07720569 
1008 331 8 13 0.07689097 
783 208 4 5 0.07533147 
952 374 10 20 0.07404999 
988 339 10 18 0.07319515 
75 378 12 12 0.07261455 
1006 337 8 12 0.07237253 
915 93 10 16 0.072325066 
923 162 3 5 0.07122105 
829 319 17 22 0.071197994 
960 149 4 5 0.06974046 
914 302 6 9 0.06845387 
836 341 11 14 0.06844388 
173 289 5 9 0.06581904 
859 251 4 7 0.06447742 
89 322 5 7 0.06415878 
911 288 6 8 0.06408188 
947 337 9 15 0.063796476 
79 324 4 5 0.0634734 
975 252 3 5 0.06338268 
78 239 4 5 0.06308323 
927 387 8 13 0.06293387 
90 296 5 6 0.062739804 
959 369 8 15 0.06173718 
911 162 3 4 0.061694827 
952 333 10 17 0.061574563 
948 152 4 3 0.061331443 
25 315 6 7 0.061285637 
684 370 35 55 0.060515754 
911 158 3 4 0.06019101 
719 255 6 8 0.05910733 
971 300 7 11 0.058444712 
723 257 5 6 0.057522804 
975 258 3 5 0.05681301 
911 283 5 7 0.056746203 
587 306 16 23 0.056494053 
854 279 4 6 0.056193132 
970 258 3 5 0.05553686 
850 361 11 15 0.055024076 
45 302 4 6 0.05468535 
886 292 6 11 0.054605678 
1018 109 6 9 0.053190354 
711 289 28 40 0.053005643 
985 323 9 13 0.052894503 
1019 309 5 8 0.052221294 
969 252 4 5 0.051995426 
6 314 5 9 0.05153041 
1013 111 6 6 0.05134731 
878 181 4 5 0.051301405 
512 298 23 26 0.050684318 
864 300 8 10 0.05007636 
14 315 5 6 0.050041176 
924 158 3 4 0.04953888 
881 329 10 14 0.04947575 
963 340 10 17 0.048957545 
722 252 5 7 0.048792604 
77 310 4 6 0.04859704 
987 106 5 6 0.048384875 
189 289 7 9 0.048167914 
447 221 34 46 0.047561802 
918 118 5 7 0.0472065 
912 348 8 15 0.046920106 
815 195 4 4 0.046866912 
849 294 7 12 0.04686149 
991 375 8 14 0.046179622 
84 226 5 4 0.04604559 
808 194 4 5 0.04593161 
834 303 4 6 0.045813195 
981 131 5 5 0.045686867 
957 151 4 4 0.045630526 
981 208 3 5 0.045370843 
919 163 3 5 0.045058392 
89 309 5 7 0.044916455 
648 319 23 27 0.044626012 
772 209 2 4 0.04448638 
802 195 4 5 0.04437395 
936 370 7 11 0.044174112 
601 391 25 35 0.04411915 
65 317 3 5 0.04408016 
951 341 9 16 0.04391879 
834 188 3 5 0.043666728 
1019 338 7 12 0.04361364 
867 219 3 6 0.043317046 
980 105 5 6 0.04322097 
1018 427 7 13 0.042878594 
985 123 5 7 0.042578924 
1059 359 9 17 0.042521536 
989 117 4 5 0.042450704 
986 167 5 5 0.04243218 
905 163 3 4 0.042400103 
857 277 5 8 0.04238893 
782 195 5 6 0.042093497 
996 377 8 14 0.042067602 
981 259 3 5 0.042022586 
585 261 12 17 0.04193827 
833 207 3 4 0.041514896 
795 207 4 5 0.04149617 
842 176 3 4 0.04145744 
2 284 3 7 0.04143325 
1006 394 7 12 0.04104763 
987 164 4 4 0.040871974 
376 269 7 10 0.040726334 
721 369 34 61 0.04072601 
1018 313 7 11 0.040572185 
981 211 4 6 0.040259723 
936 251 5 5 0.040225 
1059 347 9 16 0.03995742 
828 189 3 4 0.039849665 
917 169 3 5 0.039811406 
975 247 3 4 0.039611485 
980 253 3 4 0.03959568 
822 181 4 5 0.039583493 
34 315 5 7 0.03947686 
854 220 3 5 0.03942871 
994 402 10 14 0.039364405 
739 245 4 5 0.039248593 
21 271 4 5 0.039176192 
922 284 6 6 0.038938344 
827 346 11 17 0.03865929 
1 329 3 8 0.038522966 
80 227 4 4 0.03843511 
895 350 16 23 0.03829736 
942 251 5 5 0.03826062 
736 271 5 6 0.038253337 
78 314 4 6 0.03806171 
753 316 10 14 0.038008377 
962 247 4 4 0.037566364 
847 299 6 10 0.037343387 
774 303 22 29 0.03729727 
778 299 10 12 0.037283357 
904 394 7 14 0.037201133 
923 259 4 5 0.037137654 
85 273 4 5 0.037048664 
86 316 4 6 0.03697926 
567 288 13 21 0.036970574 
949 241 4 4 0.03693109 
14 310 5 7 0.03671403 
921 117 5 7 0.036698956 
961 145 5 5 0.036618493 
238 396 31 52 0.036409102 
3 314 4 9 0.03633272 
993 254 4 5 0.036269452 
732 246 3 5 0.03622332 
19 297 6 7 0.03619635 
85 309 5 6 0.036127374 
83 275 5 7 0.036080107 
545 269 14 18 0.03601612 
969 264 3 5 0.03596422 
420 246 41 51 0.035954483 
1 308 4 8 0.035944916 
73 311 4 5 0.03567007 
1002 255 3 5 0.0355539 
21 316 5 6 0.035377894 
833 176 3 4 0.035376694 
90 270 5 6 0.03499872 
1060 443 7 12 0.03483441 
814 190 4 4 0.03471422 
991 117 6 6 0.03468913 
789 195 4 5 0.03462422 
542 272 22 32 0.034335822 
14 290 5 6 0.03402905 
968 183 4 4 0.034028724 
890 434 6 11 0.03399798 
627 34 4 8 0.033968005 
919 260 3 4 0.03394403 
827 195 3 5 0.03384017 
1017 232 7 10 0.033810217 
1060 316 6 12 0.03380947 
829 176 3 5 0.033807416 
1018 219 5 7 0.033793792 
184 306 8 13 0.033694267 
1018 327 14 24 0.03361967 
933 388 7 13 0.033441167 
974 182 4 4 0.03340441 
275 313 6 7 0.03336786 
822 215 3 4 0.03333491 
872 156 4 5 0.03330055 
898 272 4 5 0.033170294 
989 254 4 4 0.033124045 
957 145 3 3 0.033100504 
968 247 4 4 0.032965645 
808 182 4 4 0.032894455 
266 338 11 15 0.032887988 
777 209 3 4 0.032778293 
1061 328 7 13 0.032726355 
1070 388 9 16 0.032686684 
1060 338 8 14 0.032679856 
990 106 6 5 0.03260881 
808 188 4 5 0.032364026 
975 136 4 5 0.032325458 
975 133 5 4 0.032284092 
846 201 4 5 0.032227516 
1060 456 7 12 0.03218204 
1073 413 9 17 0.03197807 
1073 369 8 15 0.031934157 
769 158 39 46 0.031822123 
996 369 8 14 0.031741742 
1035 335 10 18 0.03170198 
918 121 4 7 0.03163624 
1006 254 4 5 0.031618226 
1003 354 14 24 0.031518895 
827 182 4 5 0.031490866 
290 308 6 7 0.031428613 
1005 258 4 5 0.031407688 
1034 345 10 19 0.031361822 
826 301 5 8 0.031357985 
777 196 4 5 0.031355467 
906 159 2 3 0.031321358 
1004 103 5 7 0.0312802 
118 425 11 19 0.031221464 
860 219 3 5 0.03120528 
847 176 3 4 0.031177063 
989 240 3 5 0.03117112 
27 302 4 5 0.031142032 
822 208 3 4 0.031137459 
825 333 10 15 0.031121876 
576 401 26 36 0.031083984 
26 264 5 5 0.030988542 
968 363 14 24 0.030930134 
892 169 3 5 0.03088984 
1060 467 8 13 0.030794559 
853 281 5 7 0.030567063 
981 169 5 4 0.030563213 
904 272 4 5 0.030555978 
1013 97 5 6 0.03042164 
89 316 4 6 0.030340414 
886 158 2 4 0.030314615 
1059 371 10 18 0.030305803 
905 338 10 13 0.030303786 
72 408 25 25 0.030281782 
918 264 4 4 0.030226069 
994 168 5 4 0.030174332 
86 322 4 6 0.030168721 
40 309 5 6 0.030087704 
89 326 6 8 0.030052153 
912 400 8 14 0.02999052 
929 157 3 4 0.029957885 
982 125 5 4 0.029948235 
904 183 3 5 0.02993222 
769 182 4 4 0.029928263 
975 284 4 5 0.029871386 
1037 302 8 14 0.0298638 
602 354 33 49 0.02972492 
949 156 4 4 0.02956528 
20 301 5 6 0.029438982 
721 245 4 5 0.029433645 
448 300 29 39 0.029408548 
840 201 3 5 0.02938517 
8 296 4 8 0.029363452 
873 170 3 5 0.029362954 
899 164 2 4 0.029314442 
2 288 4 8 0.029296625 
8 301 4 7 0.029230623 
704 362 32 56 0.028949209 
1037 323 9 17 0.02890309 
284 258 4 5 0.028894031 
712 253 4 6 0.02888408 
871 217 4 7 0.028784197 
788 209 4 4 0.028782148 
78 327 5 7 0.02866329 
861 217 3 4 0.028650878 
990 111 6 6 0.02859071 
833 308 6 10 0.028588975 
802 189 4 4 0.02853708 
992 354 9 14 0.028502623 
1058 428 8 13 0.028395563 
744 245 4 5 0.028341126 
944 153 3 3 0.028298564 
949 144 3 4 0.028235622 
795 189 4 5 0.028235322 
70 382 10 10 0.0282326 
858 268 5 8 0.028222738 
840 296 5 8 0.028165424 
800 201 4 5 0.028047035 
848 283 4 6 0.028033895 
833 215 3 5 0.027949948 
879 189 3 4 0.027757263 
931 164 3 4 0.027756665 
78 234 4 5 0.027703704 
923 263 4 6 0.02769469 
950 300 7 10 0.027689436 
89 292 6 6 0.027662214 
407 254 10 17 0.027640259 
797 240 3 5 0.027599739 
854 234 3 5 0.027585985 
2 318 4 10 0.027460257 
79 290 4 5 0.027443673 
1058 303 7 12 0.027439727 
1020 410 14 24 0.027425904 
838 301 5 8 0.027412552 
948 251 5 6 0.027379002 
95 372 8 9 0.02737824 
943 112 4 5 0.027370458 
354 339 20 28 0.027354868 
851 289 6 10 0.027345378 
724 246 4 5 0.027310722 
879 157 3 4 0.027305871 
7 310 4 7 0.027303463 
905 169 3 4 0.02727339 
816 202 3 4 0.02726566 
944 242 3 3 0.02719976 
893 164 3 3 0.027188228 
658 280 25 31 0.027184281 
38 314 6 8 0.027145788 
840 195 4 5 0.027114717 
1057 413 8 14 0.027092338 
346 319 9 14 0.027071109 
523 293 23 27 0.02706757 
1046 358 10 18 0.027047856 
919 159 2 3 0.026988443 
0 302 4 8 0.026962988 
932 169 2 4 0.026948556 
1018 187 6 8 0.026922531 
943 247 3 4 0.026915342 
872 162 4 5 0.026889885 
66 239 5 5 0.02675778 
955 246 5 5 0.026746958 
732 272 4 5 0.026715647 
828 202 4 5 0.02668709 
951 318 8 13 0.02659275 
944 144 3 4 0.026547931 
931 333 14 24 0.026538167 
910 122 5 7 0.026519548 
1018 439 8 13 0.026509037 
98 313 7 9 0.026491072 
480 316 15 20 0.026488412 
1081 331 6 11 0.026444552 
929 284 4 7 0.026313553 
73 314 4 7 0.026258823 
833 220 4 4 0.026150992 
821 202 3 4 0.026137844 
1036 312 9 16 0.026128083 
188 270 6 9 0.026084319 
931 176 3 4 0.026069012 
809 202 3 4 0.026051676 
980 136 5 4 0.0259708 
974 176 4 5 0.02595797 
866 157 4 4 0.02594972 
878 175 4 5 0.025917165 
783 190 4 4 0.025869329 
764 210 3 4 0.02586627 
730 258 5 7 0.025844935 
187 293 7 10 0.02583918 
873 216 3 5 0.025783787 
89 275 6 7 0.025728183 
795 183 4 4 0.025691796 
1037 417 8 14 0.025603786 
822 196 3 4 0.025593355 
879 260 4 5 0.025556764 
848 319 17 25 0.02555006 
622 34 6 9 0.025516357 
993 239 4 5 0.02547065 
696 338 31 47 0.02546478 
14 301 5 7 0.025392506 
939 361 11 17 0.025382355 
830 207 3 4 0.025375629 
840 189 4 5 0.025373409 
815 216 3 5 0.025345324 
834 202 4 5 0.025292056 
1018 97 6 7 0.025283324 
797 203 4 4 0.025257634 
960 315 8 10 0.025232518 
39 319 6 9 0.02518508 
873 175 4 5 0.025145154 
1019 258 6 8 0.025007516 
981 240 4 5 0.025000764 
814 219 3 5 0.024998277 
126 434 19 25 0.024991982 
893 159 2 4 0.024950495 
1061 477 8 16 0.024937298 
802 177 3 4 0.024935404 
7 285 4 5 0.024874553 
826 297 4 7 0.024824897 
415 275 44 59 0.024819441 
910 272 4 5 0.024804987 
810 220 3 4 0.024804076 
1017 340 14 24 0.024802841 
823 189 3 4 0.024743404 
986 348 8 15 0.024742253 
1038 290 8 13 0.024742225 
13 322 5 7 0.024727225 
956 234 3 4 0.024709022 
722 338 17 28 0.024697518 
494 382 33 56 0.024668232 
1079 352 6 11 0.024623072 
84 247 4 5 0.024583811 
1006 112 5 6 0.024565104 
877 361 8 14 0.024479326 
78 374 8 9 0.024465274 
885 187 4 5 0.024443764 
943 115 5 7 0.024430329 
846 206 4 5 0.024357505 
842 214 3 5 0.024346506 
982 165 5 4 0.02434228 
93 263 7 10 0.024338651 
617 163 5 7 0.02433737 
1058 292 6 12 0.024319807 
77 296 5 6 0.024317024 
898 169 3 5 0.024273498 
854 251 4 6 0.024263518 
865 162 4 6 0.02425603 
375 273 9 13 0.024238886 
1001 99 5 5 0.024197217 
903 196 4 5 0.024188047 
973 289 5 6 0.024153344 
1036 388 9 15 0.024128921 
878 194 4 5 0.024078773 
962 137 4 4 0.024052938 
929 357 14 23 0.02404761 
924 181 3 5 0.024025204 
983 129 7 7 0.023992922 
690 420 30 43 0.02397039 
139 427 20 25 0.02395657 
916 283 5 7 0.023923932 
853 176 3 4 0.023923835 
763 213 4 4 0.023915028 
1057 397 9 17 0.023911597 
1019 442 15 23 0.023907863 
1021 313 14 24 0.023882823 
968 137 4 4 0.02388159 
963 189 3 5 0.02385474 
1019 263 6 8 0.023802985 
1019 250 6 8 0.02374426 
20 311 4 6 0.023683522 
554 404 24 30 0.023649333 
976 104 5 5 0.023636693 
15 295 5 8 0.023580281 
1075 437 9 17 0.023570437 
1004 321 16 26 0.023566552 
84 292 4 5 0.023563359 
833 183 4 4 0.023535602 
1037 403 8 14 0.02351191 
329 347 21 30 0.02350696 
134 209 33 40 0.023490638 
739 241 4 5 0.023451876 
866 215 3 5 0.023407983 
969 289 4 5 0.023381738 
982 265 3 5 0.023365859 
1001 104 5 5 0.02334865 
26 299 4 5 0.023322172 
931 144 3 4 0.023277435 
937 247 4 5 0.02325038 
944 157 3 3 0.023235181 
704 327 21 25 0.023234734 
873 151 3 4 0.023186218 
906 176 3 4 0.023160158 
886 164 3 3 0.023159288 
21 320 4 6 0.023084939 
796 194 3 5 0.023067404 
924 176 3 4 0.023047743 
744 242 3 4 0.023028696 
892 279 3 5 0.02302761 
1019 244 6 8 0.022962024 
937 241 4 4 0.022960516 
961 241 4 5 0.022846652 
970 388 8 12 0.022726333 
778 202 3 4 0.02268514 
750 246 4 4 0.022677045 
1019 325 7 13 0.022660933 
1059 384 9 18 0.022630896 
816 228 3 4 0.022609264 
1014 357 15 26 0.022541592 
736 259 6 6 0.022532461 
1 294 4 9 0.022524659 
981 110 4 5 0.02246021 
867 151 3 4 0.022303324 
1038 276 8 13 0.022280648 
937 144 3 4 0.022266386 
941 287 7 8 0.022262082 
90 303 5 5 0.022253547 
809 178 3 3 0.02224399 
1020 429 14 23 0.022222366 
828 219 3 5 0.022220261 
1037 428 8 14 0.022163354 
933 432 9 15 0.022124201 
802 183 4 4 0.02209753 
956 139 4 3 0.022095054 
271 315 4 6 0.02207623 
902 301 6 9 0.02207303 
776 183 3 4 0.022040742 
905 258 4 5 0.022005415 
26 328 5 6 0.02200059 
71 220 5 5 0.021955522 
883 287 14 21 0.021938654 
911 119 4 6 0.021929782 
742 271 5 5 0.021903444 
791 183 3 4 0.021893991 
815 182 4 4 0.02186009 
1084 463 8 14 0.021854034 
153 319 35 48 0.02181533 
26 311 5 5 0.021809215 
173 284 5 8 0.021780534 
936 170 3 3 0.02172143 
1033 357 11 19 0.02170407 
793 298 10 15 0.021698164 
836 307 7 10 0.021683881 
937 158 3 3 0.021655152 
887 318 8 12 0.021648932 
854 239 3 5 0.021627033 
1014 309 5 6 0.021607367 
270 259 4 5 0.021591203 
82 239 5 6 0.021583475 
345 253 34 44 0.021573745 
899 184 3 4 0.021573476 
628 331 10 13 0.021561692 
1018 168 5 7 0.021525783 
976 439 9 14 0.021431979 
790 221 3 4 0.021430124 
944 139 3 4 0.021414109 
974 170 4 4 0.021357646 
84 328 5 7 0.021273438 
841 207 4 5 0.021246389 
85 251 4 5 0.02123144 
909 278 4 6 0.021221569 
956 157 3 4 0.02121105 
993 245 4 6 0.021193238 
973 313 6 9 0.021163698 
924 168 3 4 0.021152634 
97 227 4 5 0.021151198 
772 212 3 4 0.021134611 
198 269 7 10 0.021122592 
909 306 7 10 0.02110879 
9 327 4 7 0.021038242 
835 195 3 4 0.021006802 
97 274 7 10 0.021003963 
957 394 8 14 0.020957703 
828 215 3 5 0.020942967 
384 305 22 29 0.020941546 
924 144 3 4 0.020881651 
1019 215 5 7 0.02083858 
1020 415 7 13 0.020833757 
1005 99 4 5 0.02083264 
865 168 5 6 0.020812036 
86 297 4 4 0.020795826 
910 175 4 5 0.020755358 
502 317 13 17 0.02075394 
685 300 22 30 0.020745302 
930 259 4 5 0.020739147 
949 139 4 3 0.020689242 
938 341 9 16 0.020681983 
913 294 6 10 0.020671427 
928 287 6 8 0.020623257 
759 335 10 17 0.02059525 
486 317 19 26 0.020568594 
1015 221 4 4 0.020563018 
770 196 3 4 0.020554528 
850 343 8 11 0.020551233 
1090 483 8 14 0.02053337 
63 386 7 8 0.020531585 
930 140 3 4 0.020525616 
782 202 4 4 0.020510845 
848 279 4 5 0.020506373 
841 408 10 13 0.020495329 
1017 129 7 8 0.020485405 
989 245 4 5 0.020475304 
1087 501 11 20 0.020474905 
90 232 5 6 0.020464988 
790 189 3 5 0.020431107 
26 270 5 6 0.020425104 
732 241 3 5 0.020422276 
248 323 9 13 0.020414855 
1020 397 15 24 0.02039479 
297 262 32 50 0.020380622 
854 194 3 5 0.020378262 
956 241 4 4 0.020368058 
889 339 9 11 0.020346746 
845 263 5 8 0.020339554 
873 190 3 4 0.020337254 
899 151 3 4 0.020325359 
1020 401 7 12 0.020287916 
712 256 5 8 0.020259874 
621 431 19 28 0.020256868 
886 253 4 5 0.020225944 
944 344 12 18 0.020171342 
886 279 4 5 0.020170739 
1035 186 9 15 0.020143904 
866 209 3 4 0.020126842 
1009 115 7 7 0.020064399 
914 330 8 14 0.020058967 
904 187 4 5 0.020010758 
397 270 6 9 0.020006876 
757 213 4 5 0.020004708 
