10_People_Marching_People_Marching_2_898
110
678 588 56 65 0.993792 
510 707 52 57 0.99142027 
261 796 58 61 0.9825797 
803 654 27 27 0.86008424 
497 869 78 127 0.3585606 
868 570 25 44 0.34636173 
626 922 39 48 0.30448434 
454 935 57 68 0.20520008 
636 762 20 18 0.19432487 
223 734 56 60 0.1637587 
801 595 29 32 0.16253193 
382 686 13 17 0.12989248 
868 532 27 30 0.124638654 
801 554 17 21 0.11020823 
377 770 40 27 0.10758151 
326 723 16 19 0.09686463 
326 653 11 14 0.09580086 
663 903 43 63 0.079148754 
230 754 73 82 0.071173586 
423 758 26 31 0.06824959 
859 673 29 33 0.06709518 
385 696 15 19 0.062677845 
385 778 38 40 0.060462017 
945 675 12 19 0.056505054 
658 626 32 33 0.054855898 
878 657 30 30 0.051054604 
344 779 14 19 0.048320726 
446 787 27 36 0.04747696 
337 683 12 13 0.045053426 
391 674 11 13 0.043820795 
556 728 48 54 0.04357464 
384 678 11 13 0.043534655 
788 649 49 53 0.042809065 
445 707 14 13 0.04110391 
402 766 32 31 0.040750977 
625 699 11 17 0.040421594 
814 599 31 39 0.040162425 
556 662 9 12 0.03772984 
245 684 14 15 0.03692975 
433 801 40 59 0.036908634 
394 773 18 14 0.035958786 
923 642 24 39 0.03523186 
801 833 48 78 0.035136826 
551 655 9 10 0.034673654 
382 660 10 13 0.033427726 
813 662 48 49 0.033320725 
743 570 17 18 0.032613732 
879 639 26 26 0.03196781 
571 754 41 49 0.031108942 
386 668 10 12 0.03099241 
914 586 12 18 0.030785292 
777 690 12 20 0.030491265 
865 581 45 58 0.02998134 
323 856 33 38 0.029545633 
821 658 16 17 0.028464416 
715 824 83 126 0.028461812 
599 801 10 17 0.028352601 
376 657 11 15 0.027438642 
619 723 37 49 0.027307348 
910 646 23 36 0.026863404 
612 694 27 34 0.026849449 
325 707 22 29 0.026710806 
209 774 53 70 0.026682025 
847 678 27 37 0.026602196 
841 590 26 38 0.02640837 
595 690 14 20 0.026400981 
838 628 15 19 0.0263425 
361 693 10 14 0.026118008 
547 662 22 29 0.025833277 
421 772 16 20 0.025750013 
324 647 8 10 0.025327267 
195 829 26 33 0.02527387 
328 694 12 15 0.02481052 
429 771 27 36 0.024554377 
343 704 12 19 0.024485597 
690 850 62 93 0.024422515 
766 848 51 74 0.024108794 
612 743 27 32 0.02333732 
361 848 46 58 0.02321077 
793 494 51 67 0.023152111 
237 707 15 14 0.02312407 
565 668 10 12 0.023096142 
413 760 15 17 0.023061357 
590 656 11 12 0.02290422 
251 698 26 25 0.022432461 
336 909 26 32 0.022424573 
277 1001 44 49 0.022274958 
387 607 8 9 0.022207659 
470 650 16 20 0.02203589 
595 899 51 74 0.021814315 
547 648 9 9 0.021763321 
533 772 40 50 0.021739587 
354 845 30 38 0.021694787 
363 623 8 11 0.021604111 
860 539 42 59 0.021311328 
587 107 16 20 0.021259176 
559 787 9 14 0.02124062 
-122 1104 113 189 0.021197274 
344 661 9 11 0.020917935 
388 683 14 18 0.02085206 
472 791 52 60 0.020787379 
271 1021 93 169 0.020781618 
282 666 13 17 0.020748755 
427 790 26 36 0.020702438 
406 798 39 56 0.02055911 
825 589 26 32 0.02054831 
325 834 33 36 0.020376058 
856 639 47 46 0.02022915 
854 481 26 37 0.02015512 
204 804 29 38 0.02009107 
