26_Soldier_Drilling_Soldiers_Drilling_26_934
31
140 386 84 107 0.999925 
480 67 91 119 0.9998778 
68 168 44 55 0.9998728 
973 207 48 64 0.99948174 
680 214 69 84 0.9980629 
804 534 97 148 0.9972965 
151 134 31 52 0.8109793 
-2 179 25 52 0.74318457 
744 177 46 81 0.6984337 
420 486 99 118 0.3181035 
125 208 51 58 0.16496602 
552 436 81 111 0.13444011 
257 655 27 24 0.100629345 
309 695 26 26 0.09618691 
737 867 41 61 0.085238375 
758 206 49 71 0.0674051 
10 57 59 111 0.05989455 
1006 387 22 40 0.042039026 
775 178 69 101 0.04026078 
758 893 42 48 0.038378958 
360 747 71 50 0.036347557 
1007 204 44 63 0.03552408 
164 135 41 64 0.029096238 
785 818 72 95 0.02847909 
99 777 24 26 0.027023928 
150 222 73 104 0.025866656 
208 525 15 22 0.025832133 
1003 501 33 66 0.024114557 
712 860 42 54 0.022567023 
714 465 157 223 0.022156771 
-1 828 8 20 0.020772029 
