26_Soldier_Drilling_Soldiers_Drilling_26_336
49
638 207 39 52 0.99877757 
84 225 38 51 0.9962047 
581 284 37 55 0.092134714 
932 654 13 15 0.073361255 
840 472 7 12 0.051173143 
1018 669 8 14 0.04980923 
769 671 13 13 0.037742656 
74 619 12 16 0.036267463 
342 664 9 11 0.033391573 
446 587 6 4 0.032551557 
693 667 15 15 0.031156251 
435 9 7 6 0.031028945 
313 665 10 13 0.029865863 
1030 570 15 26 0.029142773 
423 15 4 5 0.028448336 
107 509 28 35 0.025594134 
54 307 29 25 0.025158603 
288 659 9 10 0.024909014 
868 616 8 8 0.024728812 
700 -17 288 427 0.024542872 
786 266 10 21 0.024231367 
447 649 7 6 0.0242167 
988 592 4 5 0.02386928 
441 653 8 9 0.023848934 
954 592 6 6 0.023704873 
1006 573 4 6 0.023602828 
794 671 9 10 0.022909328 
424 10 4 4 0.022862941 
450 630 5 5 0.022491634 
68 611 11 14 0.022349086 
1034 637 12 22 0.022327056 
256 287 6 8 0.022213437 
194 647 17 21 0.022198712 
363 663 8 10 0.021828271 
84 487 21 35 0.021811051 
385 617 5 4 0.021779172 
244 616 6 7 0.021706263 
881 612 6 6 0.021554442 
969 560 4 6 0.021440743 
340 190 3 3 0.021407757 
436 13 7 6 0.02122263 
334 548 4 5 0.020939128 
777 672 10 11 0.02086142 
1007 567 4 5 0.020838268 
314 659 9 10 0.020819219 
666 219 20 36 0.020564271 
315 189 3 4 0.020325676 
57 612 26 27 0.02016656 
1006 578 5 7 0.02006422 
