26_Soldier_Drilling_Soldiers_Drilling_26_393
69
380 79 71 111 0.9977569 
509 72 68 130 0.9930392 
754 47 66 128 0.98519033 
80 125 56 116 0.9530551 
861 136 50 94 0.7351321 
177 656 22 26 0.4507368 
705 87 55 51 0.4015594 
273 460 9 16 0.19815777 
216 633 20 27 0.1980206 
195 221 11 16 0.18036336 
137 319 19 21 0.08255349 
142 652 15 24 0.07671122 
90 320 16 15 0.063419715 
314 209 29 28 0.05469669 
817 576 11 15 0.046498794 
293 466 11 13 0.045018278 
742 418 19 29 0.043155 
946 109 9 19 0.041130766 
434 51 11 18 0.038377102 
296 446 8 11 0.03812554 
243 614 8 13 0.037143946 
937 112 18 35 0.036859028 
136 377 9 11 0.036361467 
847 566 13 18 0.036006164 
540 99 310 470 0.035485532 
282 623 39 53 0.035039783 
844 464 8 12 0.034402978 
474 168 12 15 0.033820968 
221 519 26 24 0.033762444 
200 651 19 29 0.032752663 
29 486 12 12 0.03222252 
215 585 13 14 0.030731296 
562 286 19 21 0.030531088 
3 420 19 23 0.030365022 
194 237 73 91 0.030279186 
145 363 12 12 0.030156212 
834 535 10 14 0.029753948 
227 598 12 14 0.028964698 
777 575 8 11 0.028810285 
189 255 9 17 0.028321868 
676 503 10 12 0.028203392 
474 384 8 15 0.027205389 
387 550 10 11 0.026974473 
791 540 11 13 0.026724583 
818 433 9 16 0.026612122 
708 437 23 23 0.025806362 
557 264 16 14 0.02457795 
83 537 9 10 0.023238353 
858 463 8 13 0.023201495 
803 515 8 12 0.02316322 
832 450 8 14 0.02259377 
139 363 10 11 0.022350686 
168 658 20 29 0.022269648 
787 147 26 35 0.022192951 
823 521 9 14 0.022075012 
868 463 7 12 0.021968987 
554 58 7 13 0.0216248 
138 103 8 12 0.021404294 
839 130 47 80 0.02135667 
150 366 10 14 0.021310652 
785 403 19 30 0.02110587 
682 479 10 9 0.020727886 
124 376 10 13 0.020689512 
279 509 8 12 0.020579223 
268 449 8 11 0.020506782 
695 86 29 37 0.020360218 
112 664 22 26 0.020353818 
787 564 6 9 0.020278968 
460 405 10 15 0.02017532 
