26_Soldier_Drilling_Soldiers_Drilling_26_764
104
691 125 22 29 0.999785 
68 141 9 12 0.84821886 
85 134 12 13 0.7810417 
741 166 11 17 0.7239716 
556 643 15 15 0.33060986 
806 165 7 12 0.32804 
359 650 9 15 0.29696658 
490 649 9 14 0.29681903 
336 588 21 25 0.21921667 
512 648 10 15 0.20206471 
289 642 17 24 0.20144805 
121 144 19 40 0.18068907 
419 653 9 12 0.1759354 
266 115 12 19 0.17277879 
598 649 9 14 0.16507086 
498 647 7 12 0.13718896 
475 652 10 13 0.13503851 
463 653 7 11 0.12590337 
809 313 46 45 0.11291443 
210 127 38 37 0.11279904 
713 650 11 15 0.10117351 
652 645 8 15 0.08138012 
571 644 10 16 0.075570464 
499 643 6 9 0.072394334 
693 586 6 11 0.07037036 
593 645 10 14 0.064805776 
448 652 6 12 0.063707374 
681 649 10 14 0.06336261 
624 651 7 13 0.06282448 
801 165 7 12 0.06022757 
404 645 6 10 0.05218885 
662 177 19 24 0.051487625 
408 645 6 9 0.049991913 
861 296 32 75 0.04979447 
73 144 9 13 0.04666164 
647 650 8 13 0.04521812 
430 643 5 7 0.044420138 
539 643 8 15 0.043884303 
615 650 8 13 0.043439556 
378 650 7 12 0.042833474 
436 653 6 10 0.042324513 
588 644 8 14 0.039549157 
716 586 6 11 0.038699828 
670 653 8 11 0.038055282 
699 652 6 12 0.03764207 
834 346 13 15 0.037078694 
583 649 8 14 0.0360758 
628 640 6 11 0.035473198 
504 646 6 13 0.035387136 
838 156 29 44 0.035107393 
602 573 8 12 0.03498662 
787 205 6 8 0.034572653 
542 605 10 13 0.03400749 
606 650 8 13 0.033067714 
225 585 5 7 0.031731043 
565 640 12 16 0.031715304 
245 132 34 44 0.03138627 
91 137 10 14 0.030112762 
319 646 7 14 0.029729724 
832 303 35 47 0.02887504 
359 587 8 11 0.028357694 
462 648 6 10 0.028130049 
452 648 6 10 0.026885573 
750 651 8 13 0.026861714 
598 642 9 12 0.02561759 
493 646 14 21 0.025232956 
809 169 8 14 0.0252151 
467 643 6 8 0.024697803 
535 604 13 16 0.02416093 
621 642 7 10 0.023925483 
677 587 7 9 0.023751447 
377 591 9 16 0.02353197 
218 585 4 6 0.023521513 
449 643 4 6 0.023470668 
443 643 5 7 0.02324787 
435 647 6 8 0.023048032 
670 641 7 10 0.023025883 
433 643 5 7 0.022477834 
426 653 6 11 0.022414403 
0 222 6 17 0.021957325 
441 648 6 8 0.021907631 
466 647 7 11 0.021720102 
321 642 6 10 0.021606617 
609 642 6 10 0.02155827 
208 122 30 22 0.021498451 
86 140 11 16 0.02145131 
19 171 6 11 0.021299336 
731 609 6 10 0.021289904 
462 643 15 22 0.021162964 
226 589 5 8 0.021148043 
402 651 6 11 0.020837476 
632 636 5 8 0.020761888 
548 601 8 13 0.020570587 
702 641 6 10 0.020498032 
417 648 6 10 0.0204523 
348 588 11 15 0.020413058 
353 589 17 26 0.020376796 
568 396 32 29 0.02037343 
688 650 8 13 0.020256938 
844 376 7 11 0.02019406 
809 161 8 14 0.020169675 
740 651 8 12 0.02010058 
414 644 16 23 0.02009907 
619 647 9 14 0.02006468 
