26_Soldier_Drilling_Soldiers_Drilling_26_184
39
415 303 87 140 0.98682356 
521 534 447 626 0.65362525 
767 1197 12 28 0.23596951 
319 522 417 763 0.15878865 
757 1190 11 28 0.12408335 
751 1195 11 23 0.112309285 
754 732 106 195 0.097490415 
301 910 471 763 0.094859816 
800 1217 9 18 0.08576202 
186 -36 426 773 0.057737 
709 1193 13 27 0.05698611 
775 1194 8 18 0.04797142 
409 -38 509 650 0.04629842 
810 1193 6 12 0.045436826 
-87 843 460 556 0.035707504 
803 1393 34 43 0.03496671 
728 1180 8 19 0.03435866 
820 1203 7 14 0.034324802 
780 1185 6 12 0.033208277 
811 1247 12 27 0.031013554 
816 1193 6 11 0.030031491 
810 1188 6 10 0.029982733 
760 1176 6 12 0.029571107 
572 867 480 651 0.029535308 
861 236 14 26 0.028583053 
-45 376 400 721 0.026850205 
804 1164 7 13 0.025669033 
434 1487 43 37 0.025304176 
788 1177 6 11 0.02519713 
770 1185 6 16 0.025043292 
710 1159 10 23 0.024738377 
769 1175 6 12 0.024437504 
907 673 30 51 0.022303708 
721 1187 10 24 0.02191388 
769 1167 5 12 0.021651113 
344 700 46 68 0.020792928 
518 131 39 45 0.020663176 
690 1105 11 24 0.020601407 
870 187 14 29 0.020036684 
