26_Soldier_Drilling_Soldiers_Drilling_26_390
52
363 400 107 138 0.8882529 
461 213 65 58 0.35563233 
678 493 23 24 0.05948379 
603 476 35 23 0.050015833 
461 175 51 58 0.04440155 
231 53 37 27 0.043034434 
660 184 10 11 0.042200353 
409 14 24 22 0.04204755 
441 6 11 8 0.041891713 
-127 30 486 374 0.04066662 
624 414 9 11 0.03838778 
428 57 9 8 0.03630044 
425 35 12 13 0.035308506 
680 486 16 15 0.034124598 
550 466 11 13 0.03410225 
427 440 88 100 0.033747345 
611 491 43 26 0.033606905 
521 409 9 11 0.0324962 
444 3 10 7 0.030706042 
377 163 25 23 0.028919596 
547 478 187 180 0.028180227 
417 12 14 12 0.028053053 
484 174 57 44 0.027751187 
444 81 12 10 0.027502486 
413 68 12 10 0.025870621 
722 471 23 21 0.025744982 
447 66 9 9 0.02571676 
424 23 14 13 0.02527329 
672 442 7 10 0.025249802 
648 461 30 27 0.024856754 
670 474 38 39 0.02477829 
425 11 12 12 0.024636686 
592 389 6 10 0.02456237 
603 425 5 6 0.023852585 
438 7 23 20 0.023309404 
420 58 11 9 0.022718348 
440 71 10 8 0.022397524 
427 7 9 8 0.022212101 
585 424 4 6 0.022062313 
443 132 431 353 0.021906605 
528 386 10 9 0.021875378 
549 463 21 24 0.021866223 
452 35 11 12 0.021299545 
430 63 23 22 0.021278718 
461 44 9 9 0.021138193 
679 440 7 10 0.021134319 
622 206 5 5 0.020786503 
576 462 36 30 0.020507876 
428 2 7 6 0.020506889 
718 535 30 29 0.020256603 
9 373 365 457 0.020237003 
647 411 5 5 0.020125797 
