26_Soldier_Drilling_Soldiers_Drilling_26_64
86
456 175 51 67 0.9998461 
662 163 47 70 0.9996892 
47 158 51 63 0.99648535 
587 189 28 33 0.98582953 
737 193 18 33 0.26037163 
690 340 16 24 0.14338404 
538 167 24 34 0.12309257 
712 357 28 35 0.11929565 
273 185 10 18 0.117334925 
366 410 18 25 0.08493444 
263 182 17 24 0.081113 
412 434 39 48 0.0712257 
670 369 17 23 0.07043839 
14 173 41 39 0.064946584 
259 178 15 19 0.062968865 
654 326 14 16 0.06234545 
109 175 29 49 0.056962356 
689 306 14 18 0.047758635 
250 402 42 51 0.045782167 
539 183 30 48 0.042229395 
357 419 9 18 0.0416433 
501 375 24 26 0.040615957 
801 144 11 14 0.039932176 
836 198 11 15 0.03823855 
648 39 3 5 0.034676623 
82 169 38 53 0.032514002 
527 371 20 25 0.031289957 
385 242 7 11 0.030620186 
359 243 4 5 0.029905777 
673 39 3 5 0.029287398 
654 45 3 5 0.028284965 
684 344 11 17 0.028042108 
678 343 28 41 0.027975118 
648 45 3 5 0.027825017 
641 39 4 5 0.027674586 
642 45 3 5 0.027518304 
653 51 4 6 0.027489537 
673 33 3 5 0.02738795 
709 181 8 15 0.02704619 
535 360 20 29 0.026780816 
307 198 5 10 0.02673073 
667 38 3 6 0.026606727 
725 460 77 86 0.02628108 
278 182 9 17 0.025981003 
261 398 28 27 0.025785761 
653 39 3 5 0.02547053 
660 39 4 5 0.025175836 
272 177 9 15 0.024995577 
316 208 17 29 0.024820931 
360 240 3 4 0.02478133 
-58 450 357 369 0.024656534 
667 45 3 5 0.02431247 
306 201 8 18 0.024277091 
225 133 4 7 0.023931315 
311 201 9 20 0.023905361 
613 463 9 15 0.023662534 
347 244 4 5 0.023204405 
648 51 3 6 0.023172323 
641 52 3 5 0.023022963 
667 33 3 5 0.022954663 
628 45 3 5 0.02285612 
488 336 21 32 0.022772977 
680 51 4 6 0.021697976 
588 382 34 63 0.02160904 
517 377 22 27 0.021525878 
350 175 19 19 0.021319836 
622 38 3 6 0.021240905 
622 45 3 5 0.021214377 
554 194 25 41 0.021068515 
679 33 4 5 0.021037424 
634 45 4 5 0.02098497 
324 221 10 18 0.020968478 
444 188 12 18 0.020928646 
492 386 24 29 0.020903079 
573 191 29 49 0.020882338 
679 39 4 5 0.02087184 
660 45 3 5 0.020825371 
753 187 22 32 0.020819172 
635 52 3 5 0.020816727 
821 201 12 14 0.020535372 
641 33 3 5 0.020457515 
673 45 4 5 0.02019647 
635 38 3 6 0.020189147 
686 39 4 5 0.020182349 
272 382 21 24 0.020058572 
764 186 12 17 0.020041324 
