26_Soldier_Drilling_Soldiers_Drilling_26_619
157
815 245 26 25 0.99683505 
458 214 36 41 0.96499 
380 248 21 25 0.792574 
66 240 19 26 0.4992916 
776 380 23 34 0.45550987 
768 300 28 22 0.38290703 
212 148 15 22 0.22683015 
129 251 20 24 0.19603029 
679 318 13 13 0.19099438 
191 409 10 11 0.17749745 
429 -47 386 478 0.14879392 
752 301 22 17 0.13800563 
288 462 5 6 0.13651659 
889 372 22 18 0.09813839 
935 357 18 13 0.082827434 
914 370 15 13 0.079077505 
119 254 22 27 0.07763987 
725 352 23 33 0.0771629 
967 323 6 7 0.077088386 
770 277 15 13 0.067125954 
507 35 6 9 0.065736376 
717 363 9 11 0.062411934 
698 365 8 8 0.062376168 
277 468 5 5 0.05520264 
284 462 5 5 0.05512233 
666 385 29 23 0.053272862 
105 253 11 15 0.05024384 
288 381 89 122 0.049946405 
863 312 9 9 0.049505506 
282 467 5 6 0.046280935 
44 133 19 27 0.043002017 
206 440 7 8 0.042849313 
274 504 8 8 0.042713374 
313 444 8 10 0.042552218 
240 26 23 28 0.04225354 
258 473 5 6 0.040606078 
294 461 5 6 0.040475134 
288 500 7 7 0.040420942 
112 250 20 22 0.040054195 
288 466 5 5 0.039925832 
205 436 6 6 0.03971269 
293 486 6 7 0.039446052 
709 362 8 9 0.03902173 
230 498 6 6 0.038554274 
454 57 5 7 0.038183894 
18 132 18 31 0.037715353 
302 461 5 7 0.036646385 
834 255 14 18 0.03590987 
263 469 4 5 0.035558134 
685 300 6 10 0.035417456 
251 469 4 6 0.03484458 
953 411 11 15 0.034513917 
939 357 27 23 0.034028932 
808 348 22 21 0.03312335 
832 383 10 13 0.03308094 
13 514 21 30 0.03300127 
283 456 5 4 0.03295487 
281 473 6 5 0.03211889 
293 492 6 6 0.03146579 
270 462 5 5 0.03130634 
293 479 7 7 0.031249296 
262 473 5 6 0.031152738 
244 469 6 7 0.030278783 
444 212 22 29 0.030145122 
150 350 37 55 0.03007648 
301 454 6 7 0.029425288 
267 524 9 8 0.029385766 
15 488 16 15 0.028977774 
698 360 7 8 0.028878054 
261 500 7 6 0.02876317 
251 473 5 6 0.028507534 
258 469 4 5 0.028469779 
978 97 17 23 0.028455624 
239 473 5 7 0.028393997 
50 234 35 49 0.028301401 
274 500 7 7 0.028267318 
702 370 9 9 0.028212406 
65 403 19 28 0.027955111 
187 411 9 10 0.027791891 
289 448 5 6 0.02743296 
232 518 11 9 0.026940066 
806 245 18 25 0.026849613 
205 542 21 22 0.026541783 
500 45 5 6 0.026458047 
653 232 13 16 0.02641172 
706 375 10 11 0.026228653 
203 423 7 7 0.026213532 
270 475 5 5 0.026108619 
755 309 29 23 0.025936663 
28 443 21 25 0.025715755 
635 428 110 104 0.025709257 
301 446 6 8 0.025406789 
716 358 17 22 0.02521808 
963 345 11 9 0.025142023 
7 230 18 35 0.024884414 
173 131 19 27 0.024790816 
280 485 7 7 0.024782758 
348 210 70 83 0.024738263 
763 291 16 14 0.0246833 
289 493 6 6 0.024633555 
11 481 35 46 0.024538673 
699 328 20 22 0.024490783 
878 319 9 8 0.02429055 
270 457 4 4 0.023871778 
236 511 8 7 0.023720283 
764 284 15 12 0.02346462 
95 459 9 14 0.02332612 
667 472 13 13 0.023183903 
723 293 9 12 0.023167413 
294 499 6 8 0.023117071 
742 338 20 23 0.023108512 
189 155 8 13 0.023075607 
289 474 6 6 0.023032514 
708 369 8 10 0.022984833 
1002 91 9 15 0.022824233 
287 504 7 7 0.022810977 
82 476 12 12 0.022784637 
635 101 19 22 0.0224236 
277 463 4 4 0.022412904 
79 477 21 23 0.022320764 
699 245 15 17 0.022251435 
10 272 11 21 0.022159126 
962 370 23 28 0.022144372 
873 345 25 20 0.021829067 
954 347 24 19 0.021795202 
281 506 8 7 0.02173843 
113 266 23 28 0.021682056 
270 484 7 8 0.021609666 
691 340 10 13 0.021532435 
300 502 7 7 0.02143369 
277 456 4 4 0.02135962 
283 449 4 5 0.021192148 
275 473 7 6 0.02110898 
239 480 5 6 0.021045785 
131 558 20 20 0.021006444 
845 326 6 8 0.02098594 
250 481 6 6 0.02097263 
923 407 10 13 0.020921573 
434 509 7 10 0.020880088 
700 53 71 93 0.020874731 
704 360 7 8 0.020790149 
300 491 6 7 0.020771082 
108 452 6 9 0.020743135 
282 441 5 8 0.020735128 
273 357 12 15 0.02063308 
290 487 6 6 0.020577557 
296 503 7 7 0.020502612 
142 409 8 11 0.020475658 
958 361 23 21 0.02041127 
477 548 14 15 0.020227777 
743 322 15 12 0.020217175 
226 494 5 6 0.020209061 
743 80 21 31 0.020153593 
787 320 16 13 0.020145224 
-1 489 6 17 0.020144586 
970 323 7 9 0.020079985 
726 297 11 13 0.020007564 
