26_Soldier_Drilling_Soldiers_Drilling_26_893
29
487 659 7 11 0.18128859 
446 657 10 11 0.13626799 
599 640 10 12 0.04972539 
132 445 8 12 0.046937592 
477 652 7 11 0.04068543 
414 669 10 16 0.037725013 
139 94 375 392 0.03707523 
466 715 9 14 0.03514945 
499 515 9 14 0.034367353 
418 77 36 66 0.02966358 
127 442 9 12 0.02894761 
504 706 9 14 0.02534098 
489 685 10 15 0.025188277 
499 472 11 13 0.024954902 
284 243 15 14 0.024725052 
197 484 12 16 0.024687514 
321 272 364 421 0.024375726 
507 654 6 9 0.024088278 
487 669 8 12 0.023681477 
441 658 9 12 0.023054054 
436 95 36 61 0.02263229 
165 131 41 40 0.022249097 
200 449 6 10 0.021958431 
439 663 9 11 0.021704527 
822 535 39 47 0.020994367 
76 193 40 59 0.020839306 
739 468 11 17 0.020595632 
364 381 31 31 0.020447416 
686 425 65 111 0.020368943 
