26_Soldier_Drilling_Soldiers_Drilling_26_178
38
550 112 92 97 0.999892 
451 113 79 104 0.9996087 
705 79 83 110 0.99958986 
879 136 103 133 0.9993344 
186 132 64 66 0.9984388 
292 129 48 80 0.99681723 
777 144 52 60 0.9886531 
128 101 48 61 0.9880435 
350 159 74 73 0.9830047 
643 117 66 87 0.96453965 
123 436 34 51 0.07589862 
333 127 63 86 0.061194982 
969 372 35 50 0.050986942 
943 10 48 48 0.04996009 
823 424 33 55 0.04502073 
838 390 22 28 0.04367558 
383 396 56 62 0.03271033 
338 210 41 53 0.030254623 
983 -4 51 62 0.030025437 
576 39 52 46 0.029799633 
166 96 65 77 0.029686753 
472 177 48 59 0.028290147 
869 420 29 50 0.026830133 
362 304 22 38 0.02577065 
157 248 39 67 0.023559114 
262 289 32 53 0.023513487 
1014 355 25 41 0.023340853 
162 419 23 40 0.022722356 
987 293 28 44 0.022529952 
982 378 41 62 0.022345377 
1017 250 43 74 0.022152536 
936 398 34 50 0.021141091 
998 68 47 75 0.021064673 
607 351 378 426 0.0209887 
809 -203 274 314 0.020933842 
973 340 18 28 0.020546151 
323 351 12 17 0.020484788 
871 451 28 46 0.020318015 
