26_Soldier_Drilling_Soldiers_Drilling_26_719
83
814 245 25 25 0.8965601 
381 248 20 24 0.86824375 
454 213 37 40 0.8056223 
118 255 18 23 0.38011563 
769 277 18 14 0.3584739 
61 203 20 23 0.18295784 
439 269 45 46 0.14156798 
679 320 12 14 0.103712715 
191 408 11 12 0.0774767 
43 134 23 27 0.06555843 
804 249 12 17 0.06249486 
776 379 22 33 0.061872445 
507 36 6 9 0.061257947 
517 3 415 444 0.05707365 
281 455 7 6 0.052069318 
693 280 17 25 0.047852863 
707 320 14 13 0.047694836 
998 375 20 32 0.047382463 
728 241 10 13 0.04587005 
708 361 8 9 0.04475984 
64 241 21 28 0.043899793 
752 303 17 13 0.042366136 
288 461 6 7 0.03962633 
288 499 7 8 0.038740955 
637 242 10 16 0.0381854 
877 315 6 5 0.036495198 
835 256 13 19 0.03487282 
274 504 8 8 0.034771193 
470 491 12 15 0.034648284 
653 230 13 19 0.03443095 
444 213 22 27 0.03361286 
132 557 19 21 0.033386122 
282 459 7 7 0.032285318 
768 300 28 20 0.031417508 
261 500 8 7 0.031128531 
390 277 36 47 0.029999254 
765 284 15 12 0.029542418 
276 455 6 5 0.02948103 
334 261 18 28 0.029362947 
713 364 23 29 0.029006913 
698 244 15 16 0.028542444 
270 455 5 5 0.02849851 
270 461 5 5 0.028370356 
257 473 5 6 0.02814589 
857 300 6 7 0.027288131 
205 537 22 25 0.026281377 
213 140 17 28 0.026142163 
957 347 14 12 0.025757166 
276 467 6 6 0.025641765 
343 208 76 83 0.02520325 
935 359 15 15 0.025154978 
817 350 14 14 0.024585066 
793 276 29 26 0.02425998 
20 451 38 51 0.024156278 
965 375 23 30 0.023689525 
377 257 26 35 0.023621855 
435 191 69 72 0.02356068 
7 263 18 34 0.02344597 
276 461 5 6 0.023434183 
235 510 9 8 0.023117643 
797 332 11 13 0.02284004 
803 265 13 13 0.022773754 
263 469 5 5 0.0226947 
702 364 10 9 0.022541178 
797 260 24 26 0.022502119 
852 300 6 7 0.02246103 
697 367 9 9 0.022433493 
267 524 9 8 0.022418099 
277 450 5 5 0.02210606 
832 308 7 6 0.022046827 
257 469 4 4 0.02154375 
744 338 19 23 0.021520764 
834 235 13 16 0.02098589 
708 290 11 15 0.020880356 
744 322 15 12 0.020738056 
204 436 8 7 0.020538911 
251 469 5 5 0.020534318 
536 75 34 57 0.020486973 
293 486 6 7 0.020414693 
292 461 7 7 0.020367583 
689 339 10 13 0.02035438 
302 461 7 7 0.020216752 
716 362 9 11 0.020059824 
