26_Soldier_Drilling_Soldiers_Drilling_26_886
42
677 99 60 76 0.9979381 
287 644 18 23 0.24805248 
599 651 8 13 0.11583414 
417 649 13 16 0.08741191 
301 583 15 31 0.07249272 
616 652 7 12 0.07129413 
358 649 9 16 0.06515361 
377 648 9 15 0.06436771 
463 652 9 14 0.064331956 
336 591 22 24 0.054298606 
396 400 10 10 0.05191576 
626 652 6 12 0.05005276 
713 649 10 17 0.044966158 
699 652 7 14 0.038110938 
448 650 7 15 0.037808567 
556 639 18 23 0.037087098 
863 198 6 11 0.035435747 
307 13 6 10 0.034846168 
542 145 82 121 0.034397382 
406 659 10 16 0.033300318 
640 568 10 13 0.032713782 
262 319 278 441 0.029846929 
554 234 48 28 0.028505724 
813 373 4 6 0.02793031 
680 649 9 14 0.027278665 
359 587 7 10 0.02720742 
118 211 84 103 0.027159996 
371 425 7 10 0.02560462 
676 600 8 16 0.02537742 
359 593 8 14 0.024689984 
353 588 18 24 0.023784058 
517 89 63 98 0.02351436 
582 650 8 13 0.023087269 
814 368 3 5 0.022898106 
630 642 5 9 0.022256708 
719 370 9 13 0.021830158 
883 387 4 5 0.021218795 
306 583 7 16 0.021185122 
751 650 8 15 0.020936755 
852 386 4 6 0.020935697 
604 650 8 13 0.02081697 
172 239 4 6 0.020240823 
