26_Soldier_Drilling_Soldiers_Drilling_26_31
145
806 158 43 54 0.99904245 
378 173 41 54 0.99724495 
530 211 42 49 0.9971621 
662 196 40 46 0.99647224 
236 186 33 44 0.9718326 
869 179 19 32 0.5332249 
282 193 20 34 0.33825982 
249 281 19 31 0.25544372 
704 195 25 38 0.24451548 
298 207 21 39 0.19366251 
404 142 19 29 0.16685668 
209 172 36 51 0.15930405 
620 419 12 19 0.15112321 
387 11 11 12 0.13539928 
788 161 36 50 0.12819865 
768 181 25 40 0.12478516 
317 386 12 19 0.10664661 
650 573 22 25 0.10391723 
716 166 20 22 0.0872852 
192 105 38 56 0.0695348 
597 260 11 19 0.06866933 
311 410 10 19 0.064671 
642 195 21 32 0.055365186 
95 537 31 29 0.055168096 
321 44 8 15 0.05269432 
525 15 8 9 0.052565698 
512 213 27 37 0.051846992 
610 190 14 17 0.049990512 
856 175 19 30 0.049924698 
338 19 6 7 0.04823552 
459 406 11 18 0.04792487 
365 17 8 8 0.04514847 
347 18 7 7 0.044081118 
462 217 24 42 0.043911606 
261 184 21 31 0.04174254 
828 104 12 16 0.040658455 
312 47 7 12 0.039359525 
340 25 6 8 0.03928326 
717 197 29 44 0.03781884 
669 116 16 26 0.03747872 
363 62 9 16 0.03732149 
708 198 13 20 0.036283188 
538 25 6 8 0.03566609 
1058 274 9 18 0.035624187 
769 155 34 50 0.035605296 
737 206 23 37 0.034522753 
515 167 24 32 0.033856496 
1017 272 15 27 0.033255685 
378 25 8 10 0.032619286 
296 180 16 27 0.032458164 
848 171 12 19 0.032233525 
656 657 22 32 0.031548526 
882 382 20 29 0.031437967 
532 25 5 8 0.030768301 
1078 342 10 21 0.030589975 
1056 257 10 20 0.030413449 
1019 233 8 13 0.030246446 
1058 287 9 18 0.030018667 
571 19 5 6 0.029970242 
357 6 8 7 0.029960122 
418 9 9 12 0.029783837 
565 224 20 29 0.029458975 
680 169 24 31 0.029401021 
544 6 6 8 0.029198412 
424 193 22 30 0.027571417 
433 20 9 14 0.027284486 
364 24 7 8 0.027081117 
544 11 6 7 0.026605487 
881 173 29 44 0.02652435 
355 11 8 8 0.02648801 
344 25 7 8 0.026475457 
625 665 18 23 0.02637063 
333 17 8 10 0.026308285 
309 348 7 10 0.026226435 
538 6 7 7 0.026049951 
1034 263 10 19 0.025988167 
750 189 28 47 0.025721813 
544 24 5 8 0.025389561 
1018 219 8 14 0.025385067 
1018 132 17 24 0.025260616 
321 37 7 10 0.025098724 
520 11 7 8 0.024715213 
1057 246 9 18 0.02467887 
358 24 7 8 0.024615195 
545 19 5 7 0.024443354 
599 178 32 46 0.024019089 
1035 252 10 19 0.023910962 
208 353 20 37 0.023892151 
563 17 6 7 0.023890473 
1017 257 9 16 0.023860501 
391 22 7 10 0.023814222 
472 387 9 14 0.02376645 
375 42 11 17 0.023637576 
308 390 17 29 0.023530336 
905 195 18 28 0.023432987 
291 186 12 19 0.0233908 
603 5 6 8 0.023348508 
710 5 7 9 0.023330452 
1020 222 14 27 0.023079017 
464 390 10 14 0.023005616 
679 152 14 16 0.02299295 
317 263 7 12 0.022981247 
1012 20 8 12 0.022818595 
307 69 7 11 0.022795543 
1079 397 10 21 0.022528654 
373 424 7 11 0.02243323 
736 6 8 9 0.022302322 
1075 363 10 22 0.022191666 
477 385 18 28 0.022191303 
1089 298 9 18 0.022105869 
1019 4 6 9 0.022007938 
305 76 10 15 0.021859093 
2 547 6 13 0.021805493 
551 30 8 10 0.021789769 
570 5 6 7 0.02177069 
477 386 9 16 0.021736478 
790 112 20 22 0.02170864 
1081 320 9 20 0.02167215 
1020 254 14 25 0.0216694 
604 261 9 18 0.021628376 
854 90 12 18 0.021518484 
486 175 20 23 0.021502031 
920 1 8 8 0.021416852 
281 99 15 25 0.02137334 
1047 299 9 18 0.021233026 
677 155 21 26 0.021165697 
705 3 7 10 0.021018183 
1045 284 10 20 0.020960746 
712 164 15 15 0.020843133 
657 182 25 42 0.02084267 
571 13 4 7 0.020791642 
371 5 7 7 0.020731898 
757 177 18 31 0.02060088 
650 346 23 47 0.020586018 
1056 307 10 21 0.020535223 
479 396 9 15 0.020428862 
929 5 7 9 0.020419883 
782 180 22 37 0.020325694 
343 275 30 54 0.020292338 
337 11 7 10 0.02027728 
1010 416 17 24 0.0202723 
162 227 19 29 0.020245144 
362 43 8 12 0.02008606 
551 25 6 8 0.020080935 
353 6 7 7 0.02003207 
