26_Soldier_Drilling_Soldiers_Drilling_26_223
67
913 109 36 51 0.9997222 
615 98 27 34 0.99942553 
203 125 22 27 0.99893516 
17 129 20 26 0.9986451 
277 111 27 37 0.99779284 
384 112 27 30 0.99707055 
408 95 24 30 0.99625766 
721 104 32 38 0.9954401 
516 78 32 37 0.98589504 
91 130 20 29 0.9839969 
164 139 19 26 0.9742022 
126 150 18 24 0.92575216 
111 140 12 20 0.42088482 
68 134 9 17 0.372798 
438 107 16 25 0.2862761 
465 104 24 30 0.2811658 
417 155 30 44 0.25984225 
670 148 21 34 0.20846231 
624 180 17 28 0.2050293 
364 133 12 18 0.12749487 
144 154 11 19 0.11772275 
118 146 16 24 0.115212694 
222 240 14 24 0.08393397 
73 143 10 18 0.07113633 
137 152 11 17 0.06958119 
276 288 44 76 0.05919275 
50 247 9 16 0.056392647 
79 178 20 26 0.053541303 
493 111 11 17 0.048221223 
674 138 20 26 0.040516715 
346 236 11 15 0.03792394 
249 93 10 11 0.03640972 
161 145 12 18 0.035296895 
175 140 11 19 0.03452457 
199 180 21 28 0.03451768 
578 140 12 14 0.03446933 
702 137 12 17 0.03397612 
464 235 10 16 0.033541407 
377 113 10 18 0.033145238 
710 130 20 28 0.0328673 
179 114 9 16 0.03183489 
667 143 16 25 0.031173294 
369 105 10 18 0.031033391 
924 145 25 35 0.030780042 
315 245 13 15 0.030525174 
88 129 12 18 0.029227417 
852 237 25 31 0.028834978 
625 168 31 34 0.026925668 
82 154 9 14 0.026209094 
681 136 12 14 0.025589684 
198 129 11 18 0.02555146 
106 133 11 20 0.024420097 
205 206 19 30 0.024185846 
95 208 10 16 0.023360968 
76 191 26 37 0.022680586 
183 198 11 18 0.022647642 
63 142 10 19 0.021912308 
480 105 15 21 0.02189591 
55 144 9 16 0.021759074 
465 292 74 158 0.021541765 
79 134 16 26 0.021203943 
704 130 9 12 0.02112603 
568 139 10 12 0.02098834 
405 113 15 23 0.020934321 
136 247 10 14 0.020599343 
393 223 9 14 0.020340836 
150 189 17 28 0.020260926 
