12_Group_Large_Group_12_Group_Large_Group_12_112
63
217 29 78 114 0.99975497 
869 296 23 29 0.71905625 
505 297 48 72 0.28588426 
957 225 30 29 0.24098165 
912 356 40 64 0.22439066 
405 277 24 20 0.21784298 
845 462 55 152 0.20945579 
1008 440 19 35 0.1407405 
390 522 81 116 0.13338375 
392 472 42 77 0.12932625 
907 478 13 20 0.10177421 
662 407 35 70 0.101024255 
873 333 13 15 0.09195789 
907 276 34 45 0.08591848 
878 308 12 16 0.06721492 
411 253 21 19 0.0561733 
553 343 30 22 0.053999115 
406 272 14 13 0.052336898 
629 416 42 88 0.049788944 
486 174 10 15 0.046097856 
895 418 10 15 0.04522544 
489 517 72 115 0.045031928 
406 285 28 26 0.04375864 
895 308 10 14 0.042848893 
633 615 9 16 0.039836638 
918 558 34 49 0.036505807 
574 372 45 50 0.036411613 
948 215 28 25 0.03428419 
885 310 11 17 0.034251496 
435 256 22 19 0.032739695 
312 434 36 60 0.03228469 
642 42 8 16 0.031009529 
44 264 150 216 0.030827614 
493 229 27 40 0.030751236 
392 275 11 10 0.030508794 
685 587 6 12 0.0286854 
1022 382 36 72 0.027982587 
-10 347 76 175 0.027451422 
496 263 45 74 0.027310025 
332 -123 350 340 0.02645227 
431 268 21 24 0.026203599 
441 327 72 102 0.026125252 
449 252 21 18 0.025890592 
732 8 8 13 0.025780084 
57 527 27 37 0.025739577 
1008 428 40 78 0.025149055 
424 274 14 15 0.024968367 
255 336 95 110 0.022685396 
888 288 34 40 0.022547506 
391 273 8 7 0.02200643 
381 512 43 68 0.021646408 
919 315 61 118 0.021599319 
422 284 22 28 0.02128651 
905 302 22 26 0.021112636 
980 394 15 33 0.020974735 
451 260 22 24 0.020761902 
888 356 11 19 0.020571273 
700 597 7 12 0.020406257 
740 379 26 29 0.02026743 
463 249 14 13 0.020163232 
266 117 18 27 0.020087609 
862 304 35 40 0.020085579 
901 474 29 69 0.020054609 
