12_Group_Team_Organized_Group_12_Group_Team_Organized_Group_12_759
22
695 296 87 107 0.99991035 
452 288 89 125 0.999731 
233 289 57 139 0.9668091 
639 357 46 64 0.69944805 
614 357 46 72 0.49349698 
531 370 33 62 0.45620286 
-28 -118 377 428 0.08113676 
-3 99 94 160 0.07737558 
605 407 19 39 0.07622452 
935 474 26 27 0.06925313 
488 336 70 99 0.06457859 
492 -70 395 404 0.056154557 
626 437 19 24 0.0503367 
942 446 13 14 0.050226472 
602 382 38 69 0.03593408 
732 538 22 22 0.032585032 
701 492 14 14 0.029208586 
650 489 11 13 0.028585043 
649 327 40 54 0.028163334 
679 443 21 21 0.02299264 
187 56 27 26 0.022391742 
203 500 72 123 0.021436887 
