12_Group_Large_Group_12_Group_Large_Group_12_557
26
472 86 107 129 0.99990904 
829 150 107 128 0.999881 
119 207 108 129 0.9998802 
638 175 112 143 0.99966896 
284 211 109 140 0.99950993 
90 46 328 383 0.18114342 
314 493 241 257 0.17241073 
244 208 47 63 0.06078837 
113 78 28 50 0.044610765 
34 563 140 103 0.03901407 
84 83 29 57 0.03572208 
133 60 6 11 0.031426914 
33 84 24 35 0.031414174 
472 22 35 29 0.029736921 
54 85 21 40 0.027812054 
64 81 22 37 0.026785256 
128 64 8 13 0.0240804 
69 103 24 38 0.022734614 
803 45 154 173 0.022498304 
232 194 25 43 0.022249162 
418 186 73 115 0.021642968 
818 28 85 102 0.021416673 
117 61 20 33 0.020694172 
849 57 29 32 0.020691363 
568 509 229 184 0.020310756 
120 76 10 18 0.020111442 
