12_Group_Large_Group_12_Group_Large_Group_12_736
266
938 454 22 33 0.9829683 
424 390 17 28 0.9585976 
572 398 31 45 0.9240172 
397 389 17 25 0.9010653 
636 358 15 27 0.83570695 
227 394 18 36 0.8034114 
71 312 11 12 0.735407 
143 390 22 32 0.7191853 
5 685 31 24 0.6860489 
154 330 21 41 0.59850013 
770 355 12 22 0.49177942 
892 282 11 13 0.48937047 
546 467 36 71 0.46101618 
186 363 18 34 0.45796877 
15 357 18 33 0.37519032 
658 672 39 58 0.35384157 
974 501 24 34 0.29314035 
315 383 18 28 0.24864869 
232 367 12 19 0.22563851 
414 406 17 27 0.20261614 
450 389 12 24 0.20081031 
401 746 11 17 0.19017917 
675 693 40 65 0.15734729 
631 349 12 17 0.1519324 
741 388 24 38 0.14440149 
126 379 36 55 0.1344859 
323 354 19 27 0.117054954 
182 731 13 19 0.10514811 
66 343 20 35 0.09501838 
283 737 18 26 0.09358152 
955 436 12 16 0.09142514 
740 295 13 13 0.0907188 
432 405 12 20 0.09008995 
970 418 10 20 0.08766977 
664 438 10 16 0.08396983 
86 732 20 32 0.0831114 
235 371 14 27 0.080173075 
65 312 9 11 0.079175204 
3 309 8 11 0.077267766 
266 386 10 15 0.07439927 
300 383 18 29 0.07255688 
387 385 16 27 0.07052758 
676 371 17 25 0.06996248 
584 381 24 40 0.069578744 
19 368 22 38 0.066284336 
355 683 12 11 0.06580217 
449 439 18 34 0.06547094 
209 388 10 20 0.064874254 
341 708 11 12 0.06437363 
0 358 6 15 0.06400678 
4 335 11 20 0.06383936 
209 741 26 30 0.06333573 
299 378 10 18 0.06246238 
834 296 11 13 0.060624212 
348 381 9 18 0.05849833 
586 422 33 59 0.057611562 
145 750 9 16 0.056874473 
785 291 10 10 0.05671176 
397 720 10 12 0.055484515 
949 445 22 34 0.055063263 
736 378 20 28 0.054285493 
274 387 9 14 0.05394815 
412 393 17 27 0.051662307 
520 402 21 36 0.051282506 
244 742 22 26 0.051149677 
558 437 32 69 0.05094641 
643 353 11 22 0.05092706 
138 351 33 59 0.050831534 
340 700 10 10 0.050547957 
108 749 10 17 0.0485693 
648 391 15 27 0.047594335 
81 316 9 9 0.046929147 
88 572 9 17 0.04685262 
273 728 13 18 0.0463889 
756 392 19 38 0.04552752 
504 691 25 31 0.045211285 
404 704 12 13 0.04513858 
35 616 13 15 0.04473999 
626 365 12 17 0.044628173 
28 361 12 21 0.043732204 
481 633 12 11 0.04291439 
132 494 13 18 0.042837203 
66 520 38 71 0.042800806 
437 402 11 18 0.04273952 
177 363 16 31 0.042147003 
211 712 24 20 0.042096265 
222 366 17 29 0.041557793 
163 726 12 21 0.04022336 
462 404 13 31 0.039406713 
784 392 275 414 0.039163325 
462 435 15 35 0.038994826 
579 372 22 29 0.03859686 
27 632 9 10 0.038200438 
769 411 11 17 0.037752736 
579 443 29 63 0.037485987 
611 358 9 16 0.037385512 
41 325 13 16 0.037311357 
210 361 15 25 0.036232725 
435 444 28 48 0.03596226 
126 543 19 32 0.035688497 
406 377 11 18 0.035656527 
890 288 11 14 0.0356286 
810 512 8 10 0.034940653 
170 756 13 15 0.034787986 
206 715 8 10 0.034757495 
246 376 9 20 0.0346681 
650 324 11 17 0.03380991 
290 406 8 12 0.0333071 
660 454 8 17 0.033137437 
337 748 18 25 0.033007793 
573 374 11 15 0.032963414 
676 739 7 16 0.032747913 
600 392 10 20 0.03266355 
262 726 18 22 0.032634247 
89 318 8 10 0.03258628 
183 699 10 12 0.032585535 
0 338 8 17 0.03231646 
195 380 11 19 0.032195445 
69 574 9 16 0.031914704 
470 643 10 9 0.03174369 
29 707 12 12 0.03162247 
157 701 9 11 0.03159091 
260 380 10 18 0.03145119 
9 312 19 24 0.031214874 
832 751 9 12 0.030877328 
93 377 27 50 0.030804466 
23 594 9 16 0.030653859 
73 714 12 15 0.030335637 
351 701 11 12 0.030001124 
465 398 8 19 0.029993273 
26 570 9 16 0.029938366 
779 297 9 11 0.029904513 
599 448 17 28 0.029630313 
200 378 16 27 0.029564247 
418 729 14 17 0.029241856 
427 383 10 16 0.02924114 
16 682 20 15 0.029199384 
19 305 8 9 0.029099567 
62 359 18 31 0.02890933 
115 340 10 13 0.028541004 
-1 572 4 13 0.028409557 
108 577 8 16 0.028107256 
695 371 18 23 0.02805187 
358 380 8 14 0.027971689 
384 435 20 27 0.027918832 
493 598 11 11 0.027640514 
13 360 11 21 0.027512467 
1 666 5 10 0.027355544 
463 422 28 57 0.027327472 
3 671 10 9 0.027279038 
53 751 18 23 0.027209997 
338 370 17 29 0.027200816 
2 315 5 12 0.027104262 
149 755 11 16 0.02704516 
73 639 14 13 0.026945591 
31 590 10 16 0.026925258 
724 590 51 66 0.026902346 
484 399 9 16 0.026687535 
246 716 23 21 0.026533665 
619 367 10 16 0.026412712 
759 393 9 22 0.026396811 
349 671 7 7 0.02627132 
165 719 12 16 0.026231479 
195 359 16 27 0.026190478 
294 384 9 17 0.02598464 
214 708 13 11 0.025943737 
256 389 9 17 0.02587403 
162 328 13 22 0.025831835 
444 751 21 22 0.025792591 
236 724 11 14 0.02563572 
753 385 10 19 0.025624722 
571 448 17 37 0.025550144 
754 445 38 45 0.025480907 
408 426 15 32 0.025310656 
493 653 15 12 0.025282865 
126 741 19 28 0.025273442 
150 743 12 17 0.025246963 
786 532 8 15 0.02496871 
226 727 11 13 0.024950191 
0 300 5 10 0.024932753 
230 385 10 18 0.024927745 
176 740 12 17 0.024831599 
100 374 11 20 0.024818607 
126 340 10 17 0.02474975 
67 371 9 16 0.024645558 
349 686 12 11 0.024639465 
335 364 12 19 0.024588605 
45 337 25 32 0.024527034 
260 733 11 18 0.024372581 
197 707 7 10 0.024260988 
382 628 29 21 0.024098929 
374 428 15 28 0.024064103 
492 747 20 27 0.02406271 
39 351 31 49 0.023987414 
205 345 10 15 0.023973579 
74 727 12 18 0.023965113 
361 386 9 14 0.023959175 
383 692 6 5 0.023924474 
246 740 11 14 0.023812858 
357 395 10 17 0.023727437 
530 392 27 47 0.023465078 
408 679 8 9 0.023436341 
167 729 17 26 0.02327897 
5 558 16 32 0.023278574 
334 697 19 18 0.023263618 
344 666 10 8 0.023092225 
515 418 11 20 0.022915045 
102 320 6 7 0.022896497 
95 743 19 27 0.022865355 
474 423 7 16 0.022810033 
275 362 10 14 0.022513501 
19 302 7 7 0.022502676 
805 510 9 11 0.022496456 
920 754 8 10 0.022462383 
374 373 9 14 0.022307372 
0 735 17 34 0.022304688 
314 363 20 34 0.022292247 
242 701 10 12 0.02229217 
633 411 18 33 0.022283193 
15 699 23 20 0.02227962 
677 734 6 11 0.022142056 
649 355 10 21 0.022122184 
343 676 22 18 0.022043917 
0 673 25 23 0.021894446 
399 623 5 5 0.021785155 
292 708 9 8 0.021784997 
486 418 9 15 0.02178037 
905 302 11 16 0.021777079 
87 354 8 14 0.021774946 
24 310 9 10 0.021714278 
459 396 8 18 0.021671137 
914 321 20 25 0.021550702 
347 705 20 22 0.021505466 
79 353 11 18 0.021482624 
822 308 9 14 0.021478374 
286 703 10 10 0.021456515 
169 339 9 17 0.021423316 
184 396 8 16 0.021363812 
391 628 8 7 0.021297734 
74 610 11 11 0.021287639 
224 709 14 12 0.021175638 
170 367 29 53 0.021138337 
140 748 9 15 0.021118496 
704 713 30 35 0.020996504 
151 371 30 49 0.02097839 
924 314 13 21 0.020966358 
222 740 38 41 0.020920347 
509 614 10 14 0.020895207 
922 400 9 11 0.02076373 
156 485 17 27 0.02073356 
96 349 8 12 0.02071695 
22 450 60 115 0.020711632 
921 532 54 73 0.020625496 
649 317 10 13 0.020611007 
316 701 11 12 0.020607177 
102 731 19 27 0.020568702 
435 627 8 6 0.020490745 
468 416 15 33 0.020461489 
760 358 9 16 0.02042253 
476 653 13 10 0.02039356 
372 443 17 32 0.020384273 
242 366 8 17 0.020343449 
264 722 14 13 0.020308925 
4 356 16 32 0.020275326 
332 684 9 9 0.020139974 
95 637 21 25 0.020123912 
