12_Group_Team_Organized_Group_12_Group_Team_Organized_Group_12_83
161
728 367 171 244 0.9999269 
299 240 37 47 0.99620724 
807 222 64 73 0.9905764 
40 261 21 20 0.98909587 
145 283 28 38 0.9820295 
109 237 26 33 0.9809507 
29 325 21 23 0.9704277 
997 192 19 23 0.95255727 
907 244 18 26 0.9516176 
730 225 19 20 0.9299571 
403 244 29 42 0.9246566 
961 192 14 23 0.8795924 
956 247 18 18 0.8399958 
0 343 16 33 0.77626383 
90 280 27 32 0.7211649 
9 262 19 24 0.7088845 
208 270 19 25 0.70226055 
552 271 42 33 0.61373407 
917 206 14 15 0.55145735 
184 265 19 23 0.4879227 
1002 237 18 21 0.4132359 
388 286 22 26 0.40429896 
143 261 19 25 0.3668534 
199 295 21 35 0.35952145 
760 209 20 25 0.24329086 
129 255 13 18 0.23874314 
582 267 30 26 0.238495 
753 242 33 60 0.14954638 
201 252 11 13 0.14180216 
922 249 14 17 0.13281333 
777 117 37 47 0.12609386 
978 533 45 108 0.12241471 
995 250 12 16 0.122283496 
703 261 24 29 0.12132221 
910 212 17 22 0.12099724 
62 327 16 22 0.114372715 
111 311 20 31 0.10243425 
137 257 17 21 0.10155779 
905 235 11 19 0.10065915 
967 283 18 24 0.09565895 
422 463 8 16 0.08923439 
208 249 9 14 0.075489044 
125 242 32 41 0.06626274 
784 92 12 13 0.06302209 
822 139 10 16 0.06232441 
56 263 21 21 0.061932098 
285 298 33 35 0.05927574 
378 252 16 36 0.0588197 
207 307 21 32 0.057733648 
17 343 17 28 0.057082932 
218 278 11 16 0.05453205 
661 460 39 49 0.0544549 
187 257 13 16 0.052998234 
704 193 10 9 0.05263758 
20 607 15 14 0.04722765 
900 443 23 49 0.04666629 
542 266 31 55 0.044427667 
910 113 7 11 0.044390004 
243 267 10 15 0.043613415 
899 215 12 17 0.04271285 
194 277 19 33 0.039483707 
159 280 32 41 0.03886681 
930 210 11 15 0.03879218 
100 247 14 16 0.038468987 
946 233 12 14 0.037938923 
763 207 13 14 0.03787253 
991 228 10 15 0.035593126 
17 296 17 25 0.035423778 
899 220 33 44 0.03522977 
94 259 13 16 0.034695175 
920 215 19 24 0.034304507 
247 244 7 10 0.034288768 
3 275 13 18 0.034148406 
28 262 18 24 0.034000915 
171 304 9 16 0.033816885 
797 129 20 30 0.033723515 
1017 203 9 15 0.033541843 
967 247 13 15 0.033523194 
383 286 38 53 0.033516947 
807 133 19 26 0.03233856 
759 214 31 57 0.032034036 
19 267 13 16 0.03175385 
218 236 8 11 0.0313909 
720 218 19 23 0.03018541 
227 260 10 13 0.030173773 
6 357 19 31 0.029986728 
83 284 18 26 0.029311566 
210 242 8 11 0.0289155 
292 246 24 32 0.028844457 
545 223 24 24 0.028660024 
722 224 8 12 0.028032953 
149 255 12 17 0.027631817 
157 298 23 35 0.027229961 
105 297 23 32 0.02710823 
743 226 13 17 0.027057791 
1019 128 5 7 0.02690799 
25 645 35 26 0.026870545 
925 199 10 14 0.026816372 
882 121 10 14 0.026419982 
805 132 9 12 0.026019905 
872 187 15 17 0.025851808 
894 235 18 29 0.025759043 
1025 233 19 27 0.02573727 
731 97 25 31 0.02522985 
896 129 8 11 0.025175367 
837 148 9 11 0.024784526 
1021 248 20 28 0.024304548 
770 70 11 14 0.024087267 
811 133 8 10 0.024020107 
102 289 14 19 0.023895063 
897 222 17 26 0.023883846 
931 198 8 11 0.023839794 
930 203 10 14 0.023770034 
776 210 11 14 0.023641579 
489 293 251 357 0.02363229 
860 137 10 12 0.023585385 
507 556 40 35 0.023489183 
64 356 20 26 0.02318149 
197 254 19 22 0.023178974 
796 125 12 18 0.023141474 
253 268 10 10 0.02306435 
923 116 5 8 0.023016902 
1022 193 16 28 0.02293747 
257 244 4 7 0.022757119 
756 188 37 49 0.022616696 
975 499 10 17 0.022577647 
900 127 7 10 0.022539014 
323 250 28 40 0.022485964 
923 131 4 6 0.02235333 
1025 303 20 37 0.022305993 
805 145 9 14 0.022249402 
907 210 11 16 0.022115165 
939 436 18 29 0.02198438 
423 246 30 42 0.02183568 
923 136 5 6 0.021624701 
785 158 20 23 0.021614304 
673 133 9 11 0.021489887 
787 107 23 30 0.021449389 
236 267 8 12 0.02142272 
938 211 10 13 0.021312738 
894 113 7 9 0.021250268 
646 266 20 36 0.021157933 
164 120 46 52 0.021132052 
994 231 17 22 0.021067634 
179 291 19 27 0.020939346 
124 295 21 26 0.020825142 
4 428 34 67 0.020816237 
171 256 20 24 0.020810561 
1001 461 24 22 0.020758426 
913 127 7 9 0.020736018 
222 240 8 11 0.020522803 
31 267 9 13 0.02051277 
191 305 20 26 0.02049916 
223 267 9 13 0.020462058 
923 123 4 7 0.02035367 
912 120 7 12 0.020307407 
909 127 7 10 0.020245884 
5 602 24 24 0.020155417 
733 142 34 40 0.02007378 
969 276 12 13 0.020016076 
618 132 8 13 0.020009018 
