12_Group_Large_Group_12_Group_Large_Group_12_322
39
516 373 36 53 0.99942976 
252 355 33 47 0.9984524 
1000 380 27 38 0.99765885 
321 364 26 40 0.9973648 
62 351 25 36 0.99567634 
819 398 29 45 0.99430853 
755 357 24 44 0.5465848 
474 3 7 8 0.0917067 
479 1 6 8 0.065706424 
886 327 18 36 0.05469016 
998 44 18 21 0.053520966 
496 412 360 449 0.050315477 
532 52 6 8 0.048638914 
865 348 8 15 0.047803015 
377 303 23 30 0.042003527 
919 298 8 16 0.040052198 
914 324 18 38 0.038171165 
219 342 29 48 0.037568673 
449 4 8 8 0.032851025 
662 53 4 5 0.031201284 
495 79 4 5 0.029907174 
31 140 9 12 0.029884439 
741 327 47 88 0.029834885 
60 50 13 13 0.029495217 
441 4 6 7 0.027595082 
533 74 4 9 0.027182594 
920 74 15 11 0.026061399 
770 365 18 35 0.023018705 
647 53 4 5 0.022996964 
749 368 17 33 0.022649936 
453 357 11 17 0.022504851 
532 90 4 6 0.02189652 
537 52 5 7 0.02176342 
261 407 334 406 0.021517055 
10 118 15 16 0.020739757 
525 46 5 6 0.020736532 
981 119 15 15 0.020668253 
892 317 23 39 0.020497615 
434 3 7 8 0.020003466 
