12_Group_Large_Group_12_Group_Large_Group_12_853
32
443 245 388 586 0.9999479 
175 727 12 25 0.31289965 
98 442 10 17 0.17803025 
27 1359 11 19 0.083217315 
139 603 13 25 0.077726096 
209 604 9 18 0.06705163 
26 856 12 24 0.057610184 
-9 927 467 555 0.04784313 
741 1279 6 7 0.045610994 
52 440 12 19 0.045028817 
170 490 12 20 0.041344553 
58 1287 12 21 0.036720455 
177 68 23 43 0.034924142 
27 1236 11 21 0.02965832 
-37 500 486 582 0.029213874 
397 1212 11 16 0.029001229 
739 1302 11 10 0.028564706 
27 609 8 18 0.028535347 
187 494 11 19 0.024836622 
749 1297 9 9 0.024687663 
264 984 12 17 0.022970809 
18 490 11 23 0.022592466 
176 985 7 12 0.02242842 
662 1279 7 8 0.02205761 
758 1295 9 9 0.021602267 
95 436 18 33 0.020849658 
209 376 27 48 0.020629643 
74 446 9 15 0.020527907 
734 1280 6 6 0.020486603 
717 1270 8 8 0.020300688 
205 1159 13 18 0.020127367 
741 1285 7 7 0.020018257 
