12_Group_Group_12_Group_Group_12_794
28
568 42 64 56 0.9101098 
382 156 35 58 0.5576654 
445 174 25 45 0.34746614 
1 291 11 28 0.18916212 
651 118 35 63 0.16011901 
472 149 26 56 0.14966 
496 68 50 52 0.11368135 
534 125 90 149 0.110254854 
534 39 67 76 0.11007627 
376 186 31 35 0.107259095 
457 159 29 58 0.08667648 
694 72 28 26 0.049815316 
953 405 6 9 0.04449969 
482 140 18 38 0.044157412 
36 314 15 26 0.043252155 
439 119 37 54 0.040096465 
488 52 23 24 0.0400838 
451 137 292 475 0.039533 
364 139 45 55 0.038225863 
586 66 48 66 0.037069507 
373 50 266 349 0.03307005 
670 129 33 62 0.030392239 
560 66 23 36 0.027161065 
625 92 42 60 0.026200594 
653 155 24 36 0.026062166 
461 124 37 56 0.02420133 
723 85 29 23 0.023418106 
84 642 21 34 0.022819685 
