12_Group_Group_12_Group_Group_12_578
31
530 240 68 97 0.9977769 
300 246 54 62 0.9926165 
43 290 48 66 0.59592456 
157 288 51 77 0.23225312 
758 371 51 65 0.2095936 
770 205 25 52 0.19068135 
784 356 55 70 0.12456143 
454 147 7 9 0.10774352 
603 255 38 71 0.068219885 
74 310 468 490 0.05279073 
707 249 38 74 0.04305401 
142 330 58 64 0.041647684 
449 147 6 8 0.041406006 
722 176 8 12 0.03753543 
361 186 35 58 0.034736983 
251 527 433 348 0.032874413 
559 401 20 30 0.03040034 
778 39 12 16 0.029734349 
46 305 73 100 0.029278575 
455 176 6 12 0.027633423 
114 30 14 26 0.02728806 
1 273 12 29 0.026825031 
40 313 25 37 0.025813343 
54 262 47 65 0.024693916 
488 685 30 30 0.023925347 
271 62 4 7 0.02338481 
825 99 8 16 0.023254616 
441 149 7 9 0.023241764 
718 203 36 61 0.021287436 
580 135 42 57 0.020717625 
79 303 38 58 0.020274883 
