12_Group_Large_Group_12_Group_Large_Group_12_196
148
163 190 44 54 0.99983025 
229 197 41 50 0.99978775 
614 253 37 50 0.9997671 
309 192 40 48 0.99973446 
806 139 42 56 0.99960726 
540 191 37 49 0.99959844 
716 133 45 58 0.99957234 
105 107 51 69 0.9995695 
874 83 50 66 0.9995161 
402 282 36 43 0.99850863 
474 319 32 45 0.99473274 
721 277 38 53 0.18434694 
842 155 22 37 0.15924956 
846 481 6 9 0.13655443 
825 551 5 7 0.08636083 
847 475 4 6 0.08463661 
791 320 6 10 0.078214616 
849 485 4 8 0.07783866 
676 524 23 36 0.07617528 
800 499 4 7 0.07390013 
819 538 3 7 0.07335842 
812 521 3 5 0.06528271 
869 524 5 9 0.06474288 
765 709 12 14 0.06282675 
825 547 4 5 0.06262246 
879 531 4 8 0.05953511 
808 513 3 5 0.058584988 
870 520 3 6 0.05574897 
796 406 5 11 0.055607643 
802 505 4 8 0.055395592 
833 557 4 5 0.055127054 
799 494 3 6 0.055123035 
576 203 10 16 0.054915346 
857 501 6 10 0.053700622 
806 507 3 6 0.052468162 
589 457 6 13 0.051703993 
810 520 3 6 0.050759446 
813 525 4 6 0.05040204 
780 711 11 14 0.049804803 
822 551 4 7 0.04719925 
826 457 4 6 0.04717061 
984 408 10 11 0.047034238 
878 520 4 6 0.046886425 
864 514 3 6 0.046845853 
839 558 3 5 0.046159897 
833 554 3 5 0.045596216 
809 525 3 6 0.044730354 
614 468 5 8 0.042171963 
878 527 4 7 0.04176355 
819 533 3 6 0.04149598 
839 480 5 8 0.0411737 
826 460 4 7 0.040286895 
720 341 10 13 0.040183675 
379 371 380 426 0.038907517 
840 565 4 6 0.038386434 
889 566 3 7 0.03836947 
460 318 17 31 0.03786899 
839 553 3 5 0.037861556 
822 546 3 5 0.036929354 
580 716 10 12 0.03630304 
382 486 6 12 0.03616217 
782 545 5 8 0.03559013 
839 475 3 7 0.035387885 
571 207 22 34 0.03479692 
852 494 3 6 0.034716874 
853 501 3 7 0.03386573 
866 519 4 7 0.033281058 
841 485 4 9 0.032914024 
815 532 4 7 0.032128125 
723 381 24 29 0.03200683 
882 551 4 7 0.030879064 
846 391 3 7 0.030666191 
794 397 4 8 0.03047962 
975 388 10 11 0.029925475 
620 719 10 12 0.029711336 
807 532 4 7 0.029409794 
879 537 4 7 0.029373795 
827 451 3 4 0.029331442 
795 487 4 7 0.029240284 
845 492 5 7 0.029127492 
890 512 4 7 0.028993944 
609 489 3 6 0.028906891 
826 556 5 7 0.028685793 
793 571 5 8 0.02836479 
797 494 3 6 0.028362203 
832 469 3 6 0.0282138 
427 717 11 14 0.027914546 
815 552 4 6 0.027718337 
614 719 9 11 0.027674075 
872 530 4 8 0.027673341 
790 478 4 10 0.027667532 
860 511 4 8 0.027302237 
822 456 3 6 0.027004763 
793 481 4 7 0.026983293 
813 436 4 7 0.026646858 
611 468 4 7 0.02664189 
787 564 4 6 0.026512124 
807 429 4 8 0.026105478 
501 340 20 32 0.025664771 
383 519 5 10 0.025653023 
821 450 2 5 0.025514593 
862 506 4 8 0.025139632 
853 505 4 8 0.025018929 
834 474 3 7 0.024891574 
795 565 3 5 0.024613025 
635 472 4 8 0.024384333 
831 461 3 6 0.024104021 
857 495 4 7 0.024010522 
814 546 3 5 0.023865245 
782 539 3 6 0.023824075 
832 546 3 5 0.023810223 
816 537 4 7 0.023786299 
880 550 4 7 0.02365478 
420 346 20 41 0.023649696 
975 400 12 13 0.023454677 
826 540 3 5 0.023363316 
551 451 7 15 0.023202423 
834 480 3 7 0.023014298 
598 263 20 29 0.023000175 
986 383 6 8 0.022981482 
814 430 3 7 0.022914132 
40 390 7 10 0.022503657 
820 527 2 5 0.022503626 
827 474 4 7 0.022397447 
798 416 5 9 0.02239333 
831 457 3 6 0.022360053 
827 467 4 7 0.02229308 
624 702 11 10 0.022231514 
842 479 14 22 0.021867733 
39 395 7 10 0.021426197 
851 391 4 6 0.02141628 
799 489 3 6 0.02136777 
844 567 3 4 0.021289835 
807 502 3 5 0.02127933 
538 674 5 5 0.021194968 
789 473 4 9 0.02107689 
788 469 4 7 0.020734625 
839 264 10 16 0.02073316 
850 476 3 6 0.020661006 
779 328 5 6 0.020580541 
882 520 4 6 0.020514935 
847 501 4 6 0.020485826 
813 514 2 5 0.020368144 
871 515 3 5 0.020330785 
891 517 4 8 0.020326303 
30 403 12 14 0.020312501 
797 499 3 7 0.020050745 
821 557 4 7 0.020022903 
