12_Group_Team_Organized_Group_12_Group_Team_Organized_Group_12_186
221
719 174 23 31 0.99991655 
495 164 23 31 0.9998957 
674 194 25 33 0.99985313 
763 154 24 32 0.99984884 
253 146 23 31 0.99983263 
325 156 27 33 0.9997595 
824 198 29 37 0.99970883 
368 192 25 34 0.9996921 
225 202 26 37 0.99967945 
340 312 25 34 0.99967897 
516 192 24 32 0.99967337 
559 195 26 34 0.99965656 
469 307 28 39 0.99963236 
402 144 23 37 0.9995571 
675 155 21 29 0.9995004 
146 190 29 36 0.99945396 
723 144 22 27 0.9994512 
191 175 28 35 0.99941087 
308 380 30 37 0.99939597 
583 154 24 31 0.99936 
576 111 20 31 0.99928063 
448 163 22 26 0.9992539 
601 185 23 34 0.99922264 
460 189 26 33 0.9991886 
900 194 28 33 0.9991541 
716 352 29 35 0.99912924 
530 343 26 37 0.99909997 
113 171 25 38 0.9990808 
396 366 27 38 0.99900633 
14 179 30 38 0.9989975 
598 360 28 36 0.9988299 
295 271 28 32 0.99879336 
625 205 25 27 0.9987721 
448 392 29 37 0.99845695 
860 325 30 38 0.9983053 
163 146 28 34 0.99827516 
755 224 28 37 0.9982461 
697 218 26 33 0.99820435 
269 195 25 34 0.9981408 
971 342 28 39 0.99787116 
657 367 27 37 0.9976981 
285 169 21 25 0.9973743 
513 99 19 29 0.9960872 
69 155 31 38 0.9954099 
363 156 27 37 0.99474204 
199 356 34 44 0.9931292 
169 4 13 12 0.57517195 
777 447 30 35 0.52655286 
958 336 16 29 0.30887818 
283 399 23 26 0.22420387 
341 43 10 16 0.21585427 
978 308 14 23 0.17983969 
721 460 21 32 0.16657946 
745 122 20 22 0.15744363 
388 534 24 32 0.14888056 
386 459 22 22 0.14535613 
659 1 7 11 0.13495475 
646 1 6 9 0.1283422 
805 229 12 22 0.12152434 
653 0 6 9 0.11691053 
185 1 9 9 0.10621059 
392 5 37 38 0.091070265 
679 417 35 34 0.08955202 
778 264 15 24 0.088857345 
900 166 16 24 0.08254519 
484 64 11 13 0.081214264 
355 40 11 15 0.08043382 
156 419 19 35 0.07300107 
64 4 6 8 0.07206235 
390 0 9 9 0.07054782 
97 13 22 20 0.07050791 
350 43 9 14 0.06997428 
851 204 19 26 0.06708031 
855 378 55 56 0.06576123 
341 51 10 18 0.065703824 
778 363 11 24 0.060974628 
664 1 6 10 0.059134685 
500 60 8 13 0.059082672 
419 339 17 26 0.054141194 
447 478 31 29 0.053125817 
356 61 10 13 0.0494449 
802 283 24 34 0.046543878 
607 336 11 14 0.045036107 
645 7 6 11 0.044342015 
531 93 10 17 0.04422021 
433 225 19 42 0.043479864 
635 292 28 26 0.04331256 
544 3 3 5 0.042855512 
346 81 35 35 0.042654105 
175 2 12 11 0.041885585 
468 35 5 7 0.041278806 
631 1 7 9 0.0412229 
562 117 9 17 0.041109573 
494 39 6 8 0.040549923 
393 448 33 39 0.04014237 
604 270 17 32 0.039746474 
457 34 8 9 0.038155816 
443 575 25 29 0.03805026 
71 9 7 9 0.037208747 
546 184 16 27 0.036818493 
408 7 11 10 0.036605783 
988 312 11 17 0.036353555 
479 36 6 7 0.036122214 
546 16 4 6 0.035916004 
641 2 5 7 0.03581105 
581 81 9 17 0.035796583 
346 8 8 9 0.03561827 
344 46 16 22 0.035524998 
330 438 23 29 0.0354339 
474 36 5 6 0.034901682 
549 16 4 6 0.03461447 
267 354 18 29 0.034593195 
604 228 17 28 0.034219835 
296 63 4 5 0.033067007 
583 1 6 9 0.0329258 
618 0 8 11 0.032858558 
330 50 17 26 0.032666232 
398 22 21 28 0.03235171 
539 28 4 7 0.032037593 
1018 33 7 12 0.031890176 
74 11 11 12 0.03188236 
362 2 7 9 0.031775888 
548 95 10 16 0.03158167 
522 75 9 15 0.03131601 
158 537 19 20 0.031301156 
480 40 6 6 0.030890722 
672 1 6 9 0.03063069 
385 28 12 14 0.030287536 
1004 528 25 28 0.030257681 
540 3 3 5 0.029703213 
540 23 3 6 0.029641941 
345 13 10 11 0.029303156 
479 64 10 9 0.02927682 
90 2 7 7 0.029202266 
545 10 4 6 0.028671758 
556 350 9 18 0.028525617 
183 147 19 28 0.028132824 
612 1 9 12 0.028086226 
339 269 18 27 0.027971767 
335 38 31 40 0.027919618 
301 165 17 28 0.027847081 
563 2 5 8 0.027824176 
3 57 11 18 0.027548704 
474 56 19 19 0.02740544 
165 536 9 11 0.027349504 
485 29 5 6 0.027285846 
204 470 28 27 0.02725922 
179 -1 7 7 0.026595887 
489 60 10 14 0.026416402 
545 1 3 4 0.02619913 
607 1 9 12 0.02602704 
191 0 5 6 0.026025752 
374 16 22 22 0.025961239 
731 300 23 39 0.025817262 
294 66 4 6 0.02571903 
184 6 8 9 0.02519863 
58 9 5 8 0.024713919 
740 156 11 18 0.024622586 
289 67 4 5 0.024577234 
379 160 19 30 0.024573945 
361 57 10 14 0.024567464 
319 474 31 45 0.024523145 
117 11 14 14 0.024419954 
332 388 22 30 0.024414025 
558 3 5 7 0.024391675 
396 6 9 10 0.024199214 
333 2 6 7 0.024187552 
138 8 8 8 0.024017368 
532 52 6 10 0.02394394 
622 148 17 24 0.023760322 
483 30 4 5 0.023512537 
352 165 9 16 0.023431089 
485 41 5 7 0.023323271 
817 230 10 15 0.023123793 
59 4 5 7 0.02310114 
364 535 21 23 0.022831017 
468 39 6 7 0.022572173 
533 16 4 6 0.02257012 
545 21 4 7 0.022518216 
469 30 4 5 0.022446226 
577 2 5 8 0.022343105 
1019 15 6 9 0.02232029 
189 5 9 10 0.02226073 
314 163 17 28 0.022235423 
713 5 9 13 0.02223062 
339 19 8 9 0.022170188 
565 112 15 28 0.02206173 
356 159 18 27 0.021995177 
291 444 22 33 0.021948889 
696 200 17 25 0.021871421 
515 137 19 26 0.021813102 
535 48 7 13 0.02177504 
540 0 3 5 0.021761717 
559 8 4 6 0.021688191 
306 3 5 5 0.02163774 
1019 33 15 23 0.021631753 
513 176 18 31 0.021437623 
816 201 19 30 0.021339748 
330 36 19 24 0.021302635 
983 316 20 28 0.021213638 
526 4 3 4 0.021203784 
686 6 7 13 0.02103233 
545 345 20 33 0.020953212 
582 6 7 11 0.020898439 
544 204 8 13 0.020890191 
349 64 20 27 0.02084582 
371 1 8 9 0.020779142 
328 3 5 5 0.020708632 
267 400 16 30 0.0206659 
-2 220 15 41 0.02064315 
678 1 5 8 0.020634755 
551 0 3 4 0.020560801 
496 34 7 9 0.020434832 
550 21 4 7 0.020387556 
389 1 24 23 0.02035088 
653 7 6 10 0.020332195 
452 36 11 11 0.020303452 
81 4 10 8 0.020266872 
563 9 4 7 0.020145126 
835 595 9 13 0.020131543 
402 7 9 9 0.020018306 
