12_Group_Large_Group_12_Group_Large_Group_12_43
122
815 251 30 33 0.9998722 
451 221 27 38 0.9998642 
683 214 24 31 0.9998491 
99 239 44 46 0.9998109 
224 231 41 50 0.9998072 
617 232 26 38 0.9995016 
488 206 19 28 0.9994758 
744 250 29 37 0.99936277 
543 246 29 36 0.9991141 
565 271 38 46 0.9988882 
779 292 29 37 0.9987685 
342 215 27 39 0.99866796 
704 266 32 43 0.99837494 
648 270 33 46 0.9981876 
546 208 21 24 0.99810946 
895 282 43 41 0.9978514 
184 210 38 38 0.99687034 
405 202 20 26 0.9963897 
475 269 31 37 0.99607605 
385 281 33 40 0.99025494 
642 221 16 23 0.84969443 
329 191 19 25 0.770435 
517 462 18 25 0.14400685 
320 212 16 23 0.10335388 
933 416 10 16 0.07328242 
298 197 13 15 0.063038625 
536 257 10 16 0.060693607 
328 204 13 22 0.05425818 
737 502 22 25 0.052432455 
328 185 14 15 0.046729647 
293 199 10 13 0.04130562 
515 289 19 30 0.040664744 
313 215 13 16 0.03958584 
316 192 10 12 0.038412873 
821 57 3 3 0.036498543 
831 50 4 4 0.035743605 
834 76 3 3 0.03371351 
840 89 2 4 0.0327018 
802 90 3 3 0.032155495 
782 24 4 4 0.031504165 
802 5 3 4 0.031124052 
833 55 3 4 0.03097407 
827 56 3 4 0.030757831 
707 413 42 101 0.030709457 
801 50 4 4 0.02998752 
840 62 3 4 0.029856501 
814 4 3 3 0.028082479 
840 70 3 3 0.0271652 
814 69 3 4 0.027154692 
839 24 3 4 0.026876992 
492 119 7 14 0.026864268 
894 644 27 35 0.026858535 
852 147 3 4 0.026603565 
827 70 3 4 0.026365329 
792 17 4 5 0.026185295 
478 112 17 27 0.025870284 
335 189 12 12 0.025826652 
464 573 20 24 0.02568312 
839 76 3 3 0.02559073 
828 75 3 3 0.025521914 
789 6 3 4 0.025521899 
525 282 19 33 0.025382621 
341 193 11 13 0.025148166 
795 37 3 4 0.025008295 
834 82 3 3 0.024946133 
729 292 21 33 0.024860686 
762 5 4 4 0.024819467 
834 63 3 4 0.024728492 
305 197 20 22 0.02422884 
833 24 3 4 0.024174979 
840 57 3 3 0.024092998 
790 18 3 3 0.024056373 
402 214 13 16 0.024048673 
814 89 3 4 0.023840677 
795 69 4 4 0.023470094 
291 16 10 14 0.023407634 
326 202 30 40 0.02334036 
845 76 3 3 0.02332204 
829 51 3 3 0.023192964 
280 9 10 10 0.023192393 
532 261 8 14 0.02312121 
808 133 4 4 0.02307622 
808 120 3 4 0.02300359 
801 95 2 3 0.022945559 
552 180 7 10 0.022834565 
839 95 3 3 0.022584446 
311 189 20 21 0.022573309 
802 44 3 3 0.022545451 
846 145 3 5 0.022442622 
815 38 3 3 0.022355622 
814 11 3 4 0.022202315 
852 63 3 3 0.02220079 
866 145 3 4 0.022185946 
808 44 3 3 0.021999862 
794 57 4 3 0.02183454 
480 238 19 29 0.02181652 
820 71 3 3 0.021788873 
312 188 11 10 0.021701965 
368 252 22 38 0.021675358 
846 4 3 4 0.021669643 
821 4 3 4 0.021482917 
571 205 7 10 0.021285087 
833 17 4 5 0.021271704 
826 5 2 3 0.02119844 
802 109 2 3 0.02110812 
416 209 11 15 0.021000654 
852 95 3 4 0.020879613 
782 12 3 3 0.020842997 
834 96 3 3 0.020748869 
788 94 3 4 0.020592596 
859 62 3 4 0.020462617 
616 206 6 7 0.020454468 
707 230 19 23 0.020394886 
775 95 3 3 0.020339496 
507 110 7 12 0.020283189 
937 293 9 12 0.020257363 
852 4 4 4 0.02024758 
834 90 3 3 0.020218534 
833 70 3 3 0.020150922 
846 57 3 3 0.020018188 
788 23 4 5 0.020002827 
326 192 11 14 0.020000923 
