12_Group_Group_12_Group_Group_12_732
29
822 199 27 35 0.9995085 
467 254 29 39 0.99920386 
589 233 28 34 0.9985228 
698 220 29 34 0.9951499 
220 143 36 41 0.9509324 
346 171 27 35 0.90713876 
771 198 20 34 0.6954849 
581 343 42 43 0.4303333 
567 232 22 32 0.26234594 
811 210 23 28 0.08389372 
327 165 30 41 0.07586204 
679 320 43 84 0.057952892 
153 96 6 12 0.056641977 
450 252 20 27 0.054067668 
208 159 29 35 0.047811914 
646 157 9 19 0.04207231 
567 237 12 17 0.03482735 
904 172 9 13 0.030370936 
847 212 10 16 0.029274877 
162 643 4 5 0.025033653 
156 114 9 17 0.023766316 
840 209 12 16 0.023127789 
691 215 21 31 0.02258171 
169 637 4 5 0.021309068 
377 351 34 64 0.020916525 
179 643 5 6 0.020350864 
877 701 147 132 0.020114487 
790 209 12 18 0.020110918 
577 228 16 19 0.020092502 
