12_Group_Large_Group_12_Group_Large_Group_12_448
19
508 411 192 266 0.99990547 
724 267 194 227 0.99973243 
166 448 241 198 0.9991406 
311 170 228 211 0.9972723 
608 151 162 177 0.9761648 
-2 334 126 192 0.101834424 
195 226 343 336 0.07127486 
430 344 138 94 0.047968917 
742 131 331 411 0.04548582 
488 53 327 300 0.044221543 
960 322 88 92 0.040250584 
597 9 73 45 0.036005683 
47 365 259 327 0.032912273 
869 251 160 193 0.023204923 
482 484 23 41 0.02241869 
532 -6 151 84 0.02147759 
313 536 31 24 0.020961931 
356 119 109 80 0.020717857 
318 552 30 26 0.020594196 
