12_Group_Large_Group_12_Group_Large_Group_12_354
140
27 302 73 136 0.99933666 
214 357 69 95 0.99924576 
356 332 46 77 0.9988269 
832 252 182 388 0.9468064 
441 367 43 54 0.9237691 
298 336 40 90 0.5478716 
658 370 35 80 0.5343835 
621 491 20 37 0.4814705 
559 564 45 36 0.42457873 
203 479 11 11 0.18435368 
688 383 51 96 0.14387886 
37 42 23 28 0.12811594 
163 528 13 11 0.11533333 
170 557 182 211 0.11526457 
238 548 6 9 0.11265433 
228 543 8 10 0.10995827 
242 542 8 13 0.10915515 
196 540 10 10 0.107678294 
185 478 7 8 0.10135204 
631 391 13 21 0.09295628 
183 534 8 8 0.08652024 
254 517 98 85 0.083777726 
168 467 10 11 0.08291402 
475 499 6 6 0.07989592 
429 416 448 380 0.07702822 
283 305 35 68 0.07400675 
179 478 7 8 0.073237814 
223 543 8 10 0.07261996 
619 501 36 52 0.058570735 
175 576 22 21 0.058421783 
229 528 7 9 0.055793263 
783 387 39 75 0.053808685 
179 536 8 8 0.05374644 
111 453 11 12 0.04961537 
634 503 44 58 0.048430294 
218 542 8 12 0.0460326 
243 536 9 10 0.0459599 
323 161 11 22 0.04409345 
379 89 41 62 0.04337757 
225 525 7 8 0.043272603 
225 509 8 10 0.039964363 
128 486 6 7 0.039669152 
191 498 7 9 0.037618224 
192 538 8 7 0.03752166 
193 566 24 26 0.037360888 
619 475 18 33 0.03724608 
235 555 8 12 0.036689114 
168 524 10 10 0.036348194 
542 474 15 26 0.036018007 
442 551 6 6 0.03573932 
76 53 29 30 0.035540536 
220 571 10 12 0.034917634 
321 503 11 13 0.034448028 
577 481 7 13 0.03397561 
172 474 7 10 0.032799013 
213 572 12 13 0.032372415 
638 384 29 54 0.032096516 
224 481 4 5 0.032070804 
526 439 21 30 0.03197367 
173 510 8 9 0.031785652 
178 475 6 7 0.031668853 
266 503 9 10 0.031564895 
308 306 33 74 0.031501185 
596 148 3 5 0.031406038 
244 487 5 5 0.031131834 
191 493 8 7 0.030926848 
240 552 9 14 0.030920647 
645 339 4 6 0.03073246 
230 554 8 11 0.03068024 
216 560 10 11 0.030640826 
642 339 3 6 0.03049299 
237 486 5 6 0.03014324 
709 -36 321 439 0.029962212 
263 505 7 8 0.02978931 
136 481 6 8 0.0297888 
135 485 6 7 0.029344985 
211 506 10 9 0.029341538 
204 475 7 7 0.029079746 
222 555 8 11 0.029071182 
565 483 5 9 0.029023265 
201 605 28 31 0.028875979 
715 351 41 74 0.028216382 
529 422 9 17 0.02818578 
193 542 8 8 0.028138442 
192 504 8 8 0.027939735 
446 550 7 7 0.02793341 
184 504 7 9 0.027423017 
239 523 8 10 0.026954807 
197 524 7 7 0.026746495 
235 369 348 345 0.026665788 
479 509 8 9 0.02638341 
183 492 8 8 0.026117682 
403 317 33 59 0.025892897 
654 339 4 6 0.025698224 
319 509 12 12 0.025626443 
553 423 11 21 0.02538243 
471 579 19 32 0.02520917 
235 548 16 27 0.02478633 
639 476 41 56 0.024608584 
537 508 10 14 0.024503201 
198 493 7 7 0.024471223 
879 101 21 29 0.024233906 
202 491 10 10 0.024203308 
20 5 278 418 0.023957642 
190 531 7 7 0.023535479 
423 440 35 40 0.023244673 
577 149 3 3 0.0231826 
187 524 8 9 0.022940889 
653 148 3 5 0.0229393 
670 344 43 81 0.022761755 
209 490 8 9 0.02272301 
182 484 8 9 0.02239948 
208 515 9 11 0.022331629 
578 465 5 11 0.022301001 
278 511 13 11 0.02217646 
185 510 7 8 0.022161126 
473 509 7 9 0.021991814 
266 466 37 39 0.021928681 
220 482 4 5 0.021859178 
216 529 7 9 0.021808712 
554 460 6 10 0.021804236 
248 492 6 8 0.021786815 
89 57 29 36 0.021663448 
202 538 8 8 0.021360334 
169 545 23 19 0.02127299 
19 31 7 14 0.021080231 
113 71 46 48 0.020991735 
203 496 8 9 0.02083049 
196 531 8 8 0.020791063 
555 471 6 12 0.020752294 
640 153 3 6 0.020693459 
232 487 5 5 0.020678775 
214 575 20 25 0.020581912 
460 506 6 6 0.020563006 
649 159 3 7 0.020412443 
554 465 6 11 0.020392383 
746 358 30 65 0.020240055 
236 536 7 8 0.020156762 
178 505 8 9 0.020114487 
635 243 4 7 0.020096488 
