12_Group_Group_12_Group_Group_12_912
30
219 83 38 55 0.9995958 
828 71 39 52 0.9991417 
617 242 39 50 0.9985902 
284 193 42 51 0.9984232 
379 240 42 57 0.9982153 
490 243 39 52 0.9979248 
698 178 35 49 0.99767095 
409 139 34 46 0.9954639 
534 140 36 46 0.98802745 
306 117 34 48 0.97289264 
649 103 32 43 0.9631679 
605 223 33 38 0.079029225 
249 395 21 27 0.061651487 
272 181 19 29 0.051902995 
630 162 29 46 0.039333135 
356 594 11 16 0.037338182 
485 223 25 35 0.03536804 
456 286 23 39 0.034577686 
606 351 22 25 0.033732805 
622 373 22 23 0.033685777 
641 366 24 29 0.03280948 
621 181 29 42 0.026048912 
614 401 34 42 0.02494344 
298 309 10 12 0.02195735 
644 398 31 39 0.021588186 
462 360 28 34 0.021415675 
639 192 19 33 0.020592518 
668 148 21 32 0.020491268 
477 407 34 41 0.020159747 
680 149 20 31 0.020084307 
