12_Group_Team_Organized_Group_12_Group_Team_Organized_Group_12_927
75
443 172 26 32 0.9998561 
403 193 27 37 0.9998312 
746 152 24 36 0.99981314 
604 209 22 31 0.99981064 
970 163 25 36 0.99977785 
555 207 23 31 0.9997702 
582 179 20 32 0.999691 
505 178 23 35 0.99949026 
795 185 25 34 0.999483 
478 154 23 29 0.99942505 
168 174 33 48 0.9994024 
910 148 29 39 0.99940217 
547 176 22 29 0.9993709 
784 315 23 31 0.99931383 
713 155 21 28 0.99923027 
725 340 26 33 0.9991391 
670 290 23 35 0.99912566 
633 156 25 33 0.99894375 
740 424 23 31 0.9988918 
288 169 27 36 0.9988494 
667 369 27 42 0.9987935 
845 165 25 37 0.99878484 
796 163 22 31 0.99867463 
583 273 29 41 0.99860626 
679 172 21 36 0.9985852 
347 176 28 40 0.9983047 
214 200 27 36 0.99804187 
864 337 22 34 0.99802196 
512 285 26 37 0.9976179 
1002 195 22 37 0.9975321 
403 168 24 31 0.997424 
526 182 21 32 0.9926649 
125 187 25 39 0.9912935 
812 339 21 26 0.96767956 
363 166 22 31 0.8552388 
755 330 15 24 0.3201097 
633 240 17 37 0.19033878 
30 148 13 19 0.09383139 
644 300 10 20 0.09157498 
152 183 23 34 0.080169395 
642 404 11 15 0.06547501 
199 184 20 33 0.054167356 
337 325 31 27 0.05259079 
924 281 21 26 0.045180384 
581 247 18 26 0.04337603 
637 281 17 33 0.040838223 
249 321 442 348 0.036629833 
533 216 16 26 0.035230547 
659 303 10 15 0.034358207 
705 185 19 26 0.03371083 
536 175 24 40 0.033108193 
643 507 24 27 0.03180011 
529 294 19 30 0.030732196 
615 315 12 16 0.030385926 
111 194 24 30 0.029075861 
664 301 12 18 0.027230246 
1043 393 22 46 0.026521584 
710 169 19 31 0.026424753 
23 127 9 14 0.026227346 
464 300 15 27 0.025676312 
66 287 22 31 0.024885105 
144 423 20 28 0.0248263 
254 222 22 43 0.024650633 
650 299 9 19 0.024447465 
740 515 13 12 0.02297571 
716 506 10 11 0.022847198 
742 338 22 28 0.022438634 
1019 225 24 47 0.022418931 
773 447 10 16 0.021897057 
611 345 19 30 0.021612635 
643 280 9 17 0.021207003 
856 569 10 17 0.021190783 
902 314 18 26 0.02090863 
668 457 23 23 0.020514973 
736 289 9 16 0.020251958 
