12_Group_Group_12_Group_Group_12_354
43
59 44 42 59 0.9998888 
281 39 41 56 0.9998179 
191 95 45 59 0.99974316 
158 9 42 57 0.9997278 
774 97 26 31 0.9995683 
557 24 20 31 0.9973515 
670 28 16 27 0.9922253 
956 73 25 35 0.9871569 
467 21 19 30 0.9615093 
427 66 18 25 0.95962113 
739 33 13 20 0.7135358 
465 64 19 25 0.20662995 
867 68 27 34 0.20538382 
593 43 10 19 0.15002623 
253 175 19 36 0.13400072 
652 78 16 34 0.118966095 
459 242 7 14 0.074785315 
739 243 9 19 0.074539855 
746 30 20 28 0.059994318 
924 240 13 21 0.05343185 
961 253 14 31 0.051727198 
754 41 24 33 0.04841373 
414 204 21 37 0.04785297 
345 249 26 26 0.037039082 
447 113 8 14 0.03584741 
834 37 10 19 0.03383038 
440 63 18 30 0.031278994 
590 33 19 34 0.030872129 
420 210 11 21 0.029380301 
438 203 8 14 0.028012095 
764 37 12 17 0.027414393 
0 211 4 11 0.026478149 
421 73 17 29 0.02583516 
873 77 34 45 0.025436336 
511 137 7 9 0.025419049 
483 94 9 15 0.022577727 
493 60 7 13 0.021906529 
911 236 17 26 0.02078504 
143 175 25 49 0.020533806 
549 49 14 26 0.020382259 
1068 56 28 52 0.020381048 
106 62 17 29 0.020302577 
910 252 18 27 0.020094864 
