12_Group_Group_12_Group_Group_12_759
480
539 190 75 105 0.9994722 
249 179 66 98 0.9979919 
380 116 60 94 0.99770075 
61 93 66 143 0.9973062 
835 136 60 104 0.9963877 
795 276 8 16 0.1260478 
665 122 6 10 0.12153806 
978 118 15 22 0.11577139 
766 122 6 9 0.09743197 
665 145 9 11 0.09369995 
658 152 8 11 0.07889701 
628 58 6 9 0.07481467 
762 113 8 11 0.072192386 
671 165 8 12 0.070708126 
744 128 6 9 0.06959684 
760 177 7 10 0.06822045 
757 153 7 10 0.06664052 
715 612 9 13 0.064885676 
568 102 10 15 0.06174487 
381 25 7 9 0.05839244 
920 92 16 29 0.057650153 
760 157 7 11 0.057480834 
1008 94 9 16 0.05664683 
994 77 8 11 0.0546956 
334 12 5 7 0.053892575 
819 155 5 8 0.05222246 
449 7 4 7 0.052074905 
748 289 7 11 0.050982587 
512 70 7 9 0.05063117 
647 4 6 9 0.04980335 
774 160 6 8 0.049336743 
756 36 6 8 0.04925122 
353 7 4 6 0.048808016 
1020 30 6 9 0.048807137 
447 3 5 6 0.047257625 
723 288 8 10 0.046972055 
475 8 3 5 0.046509027 
244 14 4 6 0.04637799 
756 184 6 11 0.045731533 
673 135 7 7 0.04553714 
487 8 4 6 0.045143925 
524 53 7 7 0.045093123 
480 7 4 6 0.044868343 
893 12 6 8 0.04467307 
455 7 5 7 0.044670712 
710 66 6 7 0.044510525 
601 105 10 13 0.04442079 
787 104 5 8 0.044234335 
295 15 3 5 0.0441498 
774 120 5 9 0.043977417 
736 70 7 9 0.043709178 
773 171 6 9 0.0434696 
1004 86 9 14 0.043025658 
347 8 4 5 0.04296108 
733 304 8 17 0.04294918 
449 13 5 7 0.042940248 
1005 26 4 8 0.042329274 
749 89 6 9 0.042110514 
787 126 7 10 0.041920643 
468 8 5 6 0.041708745 
672 128 6 7 0.041677073 
725 282 6 9 0.041502483 
678 100 6 8 0.041415278 
669 140 8 10 0.04118438 
773 71 5 7 0.04092779 
746 37 7 9 0.040876195 
750 58 6 8 0.040865295 
884 5 5 7 0.04073098 
378 20 6 9 0.040606264 
411 6 5 7 0.04044455 
615 59 6 8 0.03982156 
662 151 9 11 0.039744027 
517 66 6 7 0.039705127 
755 276 6 9 0.039647773 
722 96 7 9 0.039193716 
890 7 6 8 0.03911715 
753 288 6 10 0.03904484 
739 90 7 9 0.039008927 
347 27 5 6 0.0388967 
730 58 6 7 0.038836233 
827 77 7 9 0.038603652 
537 7 5 8 0.038493045 
529 59 6 6 0.038431372 
749 115 7 10 0.038151003 
301 8 4 5 0.037748467 
244 9 3 5 0.037720684 
617 209 12 21 0.03757822 
597 58 6 7 0.03723338 
757 179 7 10 0.037109114 
562 87 10 11 0.037105825 
508 20 5 8 0.036770206 
742 133 7 11 0.03665276 
736 140 7 9 0.03659702 
770 71 5 7 0.03650113 
339 9 4 5 0.036495797 
261 43 7 8 0.036383167 
340 13 4 6 0.0362269 
763 126 7 9 0.03621576 
642 141 11 15 0.036212165 
468 33 5 6 0.03533161 
576 59 5 7 0.035127066 
334 9 4 6 0.03511727 
775 153 6 9 0.035016894 
206 69 6 8 0.03478459 
782 65 4 6 0.03473958 
444 2 4 6 0.034705892 
657 134 8 10 0.03466957 
747 153 7 9 0.03456153 
629 27 5 7 0.034349468 
762 58 6 8 0.03410542 
596 39 4 6 0.0338815 
744 184 6 10 0.033822726 
647 63 6 7 0.033779543 
775 39 5 7 0.033698797 
653 25 6 10 0.033604972 
760 64 6 9 0.033308458 
773 101 7 10 0.033146504 
507 32 5 7 0.033140495 
532 39 6 8 0.033075377 
481 3 4 5 0.03293664 
295 8 4 5 0.032880735 
353 20 5 7 0.03281765 
770 46 5 7 0.03277636 
289 9 3 5 0.03276593 
231 57 6 8 0.032709446 
666 117 6 8 0.032684363 
744 32 7 10 0.03263167 
690 161 6 7 0.03261016 
646 60 5 7 0.032248 
455 3 4 6 0.0321766 
342 44 7 10 0.032143693 
655 19 5 8 0.032030236 
1018 92 7 15 0.032006904 
750 95 5 8 0.03197964 
769 148 6 8 0.03192142 
768 153 6 9 0.03191952 
390 36 9 9 0.03190852 
589 14 4 6 0.03176297 
782 103 5 8 0.03169501 
760 36 7 8 0.031622373 
1005 64 6 10 0.031491235 
983 159 12 18 0.031485297 
371 6 5 7 0.031428613 
627 33 5 6 0.031378254 
575 112 8 12 0.031308345 
345 36 7 10 0.03124629 
928 57 9 10 0.03124361 
672 161 8 10 0.031219052 
415 7 5 6 0.031125546 
689 176 9 10 0.031058028 
740 57 7 8 0.030992286 
620 27 4 6 0.030958254 
526 65 6 7 0.03091515 
1019 76 15 24 0.03088273 
526 57 6 6 0.030744342 
460 7 4 7 0.030669944 
475 3 3 5 0.030635206 
660 128 5 7 0.030630631 
344 14 5 6 0.030626584 
999 6 5 8 0.030592259 
205 65 6 9 0.030368619 
671 154 7 9 0.030326538 
782 109 5 7 0.030246252 
779 160 5 8 0.030142734 
743 159 7 10 0.03013895 
289 14 4 6 0.030096302 
999 40 4 7 0.03007675 
716 282 6 11 0.0300192 
635 8 5 6 0.029990543 
1013 75 6 9 0.029985076 
750 63 6 8 0.029859947 
1011 44 5 9 0.02985099 
768 77 5 7 0.0298322 
726 292 8 11 0.029788269 
544 41 5 6 0.029779704 
789 151 6 9 0.029733067 
597 25 4 7 0.02970968 
735 121 6 9 0.029696211 
610 20 4 7 0.02967274 
768 179 6 7 0.02961164 
782 45 5 7 0.029528955 
622 8 4 6 0.029507402 
351 26 5 7 0.029358136 
774 147 6 10 0.029336449 
651 4 6 10 0.029228972 
894 7 6 8 0.02914276 
1000 32 5 7 0.029074453 
1017 75 7 11 0.028973639 
251 8 3 5 0.028961262 
753 114 6 10 0.028922565 
1010 259 12 19 0.028870385 
768 174 6 8 0.028854525 
218 84 6 7 0.028845955 
487 13 5 6 0.028783893 
779 166 6 9 0.028736994 
238 8 3 5 0.028728943 
640 59 5 7 0.028658036 
1018 70 6 10 0.028639669 
635 51 5 8 0.028491763 
786 40 5 6 0.028486121 
385 13 5 6 0.028451351 
1008 82 9 13 0.028446231 
234 53 7 8 0.02837843 
564 39 5 6 0.028356126 
462 26 5 7 0.02820782 
223 77 6 7 0.028157333 
820 6 5 7 0.028149074 
740 139 8 10 0.02814332 
386 8 5 5 0.028067086 
758 147 7 9 0.028030356 
595 45 4 7 0.02802951 
781 71 4 7 0.027967758 
544 44 6 6 0.027783807 
573 122 10 17 0.02778305 
638 52 5 7 0.02774594 
172 67 6 6 0.027741417 
309 8 3 5 0.02773949 
493 7 4 6 0.027686369 
455 12 4 7 0.027629228 
792 153 5 7 0.027618943 
382 21 6 8 0.027549604 
788 64 5 7 0.027505556 
249 51 6 7 0.027479215 
654 58 6 8 0.02735408 
670 123 6 9 0.02734923 
389 13 5 7 0.027223513 
1013 40 4 7 0.02712893 
443 6 4 6 0.027120411 
340 20 5 7 0.02706433 
358 8 4 6 0.027047811 
165 83 8 11 0.027017308 
601 39 5 7 0.027013574 
596 76 6 8 0.027011883 
860 7 5 8 0.026994256 
609 8 4 6 0.026962636 
757 158 6 9 0.026897209 
780 58 5 7 0.026859308 
705 128 7 7 0.026847383 
942 6 4 8 0.026832823 
589 20 4 6 0.02682569 
743 164 8 12 0.026800776 
652 141 7 11 0.02662108 
258 14 4 6 0.026603429 
302 27 5 7 0.026518788 
502 221 10 16 0.026495233 
767 159 7 10 0.026466701 
665 136 7 8 0.026463095 
852 45 6 8 0.02643682 
597 21 4 6 0.02643309 
817 272 188 243 0.026400432 
436 7 4 7 0.026314136 
430 32 5 7 0.02630478 
283 14 4 5 0.026283726 
570 51 6 6 0.026238965 
786 278 8 14 0.026192507 
520 52 6 7 0.026154548 
770 167 5 8 0.026154477 
209 64 7 9 0.026066953 
1001 391 51 81 0.026056359 
788 59 5 7 0.02605449 
512 7 4 7 0.02604161 
622 40 5 7 0.026037615 
619 59 6 8 0.02602932 
1034 76 12 23 0.025991146 
629 14 5 7 0.02595128 
601 8 5 6 0.025921952 
744 26 5 8 0.025885347 
507 26 5 8 0.025817288 
999 2 4 6 0.025798077 
752 121 7 11 0.025756465 
327 8 4 6 0.025551995 
237 14 4 5 0.02550556 
859 13 5 7 0.025503753 
626 109 10 16 0.025496371 
601 77 6 7 0.025480842 
740 64 7 8 0.025472686 
915 5 5 8 0.025461907 
507 40 4 6 0.02543889 
781 121 6 9 0.025413783 
301 15 4 5 0.025344498 
736 94 7 10 0.025311116 
755 46 6 8 0.025250392 
321 8 4 6 0.025192298 
283 9 4 5 0.025175255 
192 33 5 7 0.02513898 
775 65 4 7 0.025128625 
1021 26 14 22 0.025067903 
728 138 8 10 0.02505616 
538 65 6 7 0.025047805 
944 184 12 12 0.025013184 
1004 31 5 8 0.025001233 
743 109 6 7 0.024946911 
295 20 4 6 0.02489774 
608 65 5 7 0.024873033 
328 13 4 6 0.02476648 
601 44 6 8 0.024732308 
508 45 4 6 0.024708925 
753 51 6 8 0.024651533 
615 45 5 7 0.024628999 
1006 46 4 7 0.02458129 
606 111 9 13 0.024578042 
467 27 4 7 0.024562124 
601 72 5 6 0.024353033 
313 9 4 5 0.024329795 
779 52 6 8 0.024327671 
486 3 4 5 0.024307452 
743 181 6 8 0.024290875 
499 58 5 7 0.02428301 
730 128 6 9 0.02422699 
250 15 3 5 0.024161752 
876 12 6 7 0.024121558 
229 65 6 6 0.024110349 
621 44 6 8 0.024029957 
507 7 4 7 0.024018398 
174 35 4 5 0.023996364 
569 7 4 6 0.023963517 
210 76 5 8 0.023959091 
223 60 7 7 0.023950858 
257 8 4 5 0.023888873 
1012 26 4 7 0.023870822 
546 7 5 7 0.023856651 
485 64 6 6 0.023828983 
289 21 4 6 0.023819746 
782 40 4 6 0.02381019 
820 46 5 6 0.023766031 
788 2 6 8 0.02371739 
815 154 5 7 0.023688953 
519 7 4 7 0.023677442 
488 59 6 7 0.023677161 
1014 168 16 28 0.023669517 
742 147 7 9 0.023665419 
1029 247 15 29 0.023629557 
448 20 4 6 0.0236016 
633 12 6 8 0.023593165 
756 26 6 8 0.023588518 
767 140 6 9 0.023517702 
753 58 6 8 0.023488047 
775 78 5 8 0.02348522 
564 7 5 6 0.023479903 
1019 38 6 9 0.023439724 
308 14 4 6 0.023393698 
366 6 5 7 0.023390679 
778 154 6 8 0.023338484 
846 26 5 7 0.023283202 
948 7 4 7 0.023242287 
610 13 4 7 0.02323996 
789 70 5 8 0.023198131 
743 76 6 8 0.023157584 
775 13 4 8 0.02315356 
794 65 5 7 0.023115132 
596 53 5 6 0.023043575 
510 75 8 9 0.023015404 
492 -3 32 39 0.023005886 
943 2 4 6 0.022924671 
616 27 4 6 0.022911895 
777 57 5 8 0.022806752 
622 33 5 6 0.022771524 
812 96 6 8 0.022721762 
1009 121 7 12 0.022697883 
186 33 5 6 0.022686178 
479 72 7 7 0.022664314 
577 33 4 6 0.02266105 
1008 20 3 6 0.02264209 
761 142 6 8 0.022630574 
945 95 9 17 0.02258299 
614 53 4 6 0.02253858 
767 51 6 8 0.022476155 
533 7 5 7 0.02245072 
589 51 6 7 0.02244552 
492 78 6 6 0.022406079 
776 7 4 7 0.022392372 
939 182 11 12 0.022372378 
767 193 7 9 0.022349408 
614 8 4 6 0.02234221 
671 110 4 6 0.022341877 
224 83 5 7 0.022335667 
794 7 4 7 0.022326857 
219 72 7 8 0.022224879 
614 111 7 13 0.022182498 
597 73 5 6 0.022111597 
950 112 9 13 0.022103995 
417 19 5 7 0.02206034 
786 45 6 7 0.022056999 
185 40 5 6 0.022027055 
211 7 5 6 0.022004604 
602 27 4 5 0.02200448 
762 84 5 7 0.021977542 
779 147 7 9 0.021964539 
736 76 6 8 0.021959377 
353 4 4 5 0.021942435 
417 14 5 7 0.021931842 
794 2 4 7 0.021874748 
911 2 5 7 0.021806095 
774 107 5 9 0.021784766 
372 3 4 6 0.02176575 
747 26 6 7 0.021714257 
569 60 5 6 0.021686696 
596 14 4 5 0.021659011 
351 37 5 8 0.021640556 
773 45 5 7 0.021633638 
632 63 6 8 0.021622397 
309 19 5 6 0.021610674 
276 9 3 5 0.021585831 
740 71 6 8 0.021584267 
730 53 6 7 0.021583682 
519 58 5 6 0.021541884 
1010 134 17 26 0.021527683 
224 12 5 7 0.021509273 
545 72 5 6 0.021504518 
730 101 6 9 0.021476025 
727 298 10 18 0.021401688 
468 21 5 6 0.02138145 
1012 6 5 8 0.021283641 
762 51 5 8 0.021277647 
824 71 7 7 0.021250658 
531 64 6 7 0.021240504 
750 281 6 8 0.021144705 
729 71 7 8 0.021137353 
876 8 5 7 0.021130951 
217 63 7 7 0.02111557 
536 41 5 6 0.021107884 
627 7 4 6 0.02110586 
558 87 7 10 0.021104643 
625 39 5 7 0.02109758 
244 20 4 6 0.021083806 
378 14 5 6 0.021001238 
591 46 4 6 0.02100066 
756 64 6 8 0.020987486 
513 66 6 8 0.020956565 
424 3 5 6 0.020917369 
846 21 4 7 0.020911505 
547 220 8 15 0.02090615 
629 19 5 7 0.020875027 
737 66 6 7 0.020766856 
519 27 4 6 0.02071494 
389 -5 33 40 0.02070883 
570 46 6 7 0.020697838 
294 26 5 7 0.020687953 
729 63 6 7 0.020682689 
805 174 11 13 0.020647889 
467 -5 34 43 0.020613749 
748 83 7 9 0.020602973 
1019 56 6 10 0.02056664 
766 57 6 9 0.020562956 
702 164 7 9 0.020545484 
398 47 6 6 0.02049392 
698 59 6 8 0.020491542 
814 57 6 7 0.0204752 
463 53 5 7 0.02045676 
251 3 4 6 0.020451559 
621 20 4 6 0.020442886 
365 2 5 6 0.020439625 
666 164 8 13 0.02043009 
627 53 6 8 0.020410841 
652 29 6 10 0.02040667 
768 84 5 7 0.02039606 
564 47 5 6 0.020384092 
671 116 5 7 0.020362863 
902 7 5 7 0.02034497 
468 14 4 5 0.020339772 
578 27 4 6 0.020338917 
690 63 6 8 0.020334503 
1000 28 4 6 0.020326119 
652 63 6 8 0.02029318 
524 71 6 7 0.020243786 
180 40 4 5 0.020242983 
635 39 4 6 0.020235592 
493 34 5 6 0.020208824 
1015 122 16 29 0.020205293 
1011 31 5 8 0.020204643 
558 12 5 7 0.020169076 
664 158 7 11 0.02015712 
705 51 6 8 0.020149667 
675 164 7 11 0.02014605 
536 45 6 6 0.020145088 
372 20 4 7 0.020142788 
372 34 5 6 0.020106815 
640 6 5 8 0.020054946 
718 91 6 8 0.020012908 
763 102 6 9 0.020009078 
