12_Group_Group_12_Group_Group_12_29
69
801 204 85 97 0.9999286 
81 203 93 123 0.9999162 
263 212 69 94 0.99967945 
509 194 64 88 0.9975987 
931 207 47 74 0.9884538 
337 191 36 64 0.24074031 
483 191 19 34 0.06624871 
184 591 53 51 0.05886317 
156 16 10 13 0.048345782 
977 216 31 57 0.048076503 
278 3 4 5 0.047701452 
277 7 4 6 0.047560886 
232 247 9 13 0.046804283 
281 2 4 6 0.044453826 
894 238 8 18 0.043107696 
-30 366 147 321 0.040369872 
549 613 9 13 0.03942421 
412 112 9 18 0.03913434 
235 8 6 6 0.038820103 
609 8 7 14 0.03808609 
882 8 8 15 0.03628158 
313 34 8 7 0.035530873 
304 199 58 80 0.034996945 
318 34 7 7 0.034911063 
479 195 11 21 0.034192003 
338 32 5 7 0.03397943 
510 178 35 61 0.031452056 
296 14 6 7 0.030137237 
281 6 4 7 0.02976326 
844 8 9 17 0.029202616 
1012 500 44 76 0.028872725 
232 8 6 6 0.028479705 
300 7 6 6 0.027325444 
481 86 7 14 0.026832711 
305 207 295 424 0.026616558 
202 286 18 24 0.02628664 
255 7 4 6 0.025640436 
169 24 10 12 0.025484089 
210 24 8 9 0.025012389 
545 613 6 13 0.02457063 
169 30 12 13 0.024359722 
242 6 6 7 0.023978295 
169 18 9 10 0.023622256 
199 11 9 9 0.023534939 
375 129 10 18 0.02318322 
177 250 6 9 0.023039363 
461 21 9 16 0.022850296 
708 431 110 91 0.02265199 
216 0 8 6 0.022598714 
307 32 9 8 0.022560976 
489 184 32 56 0.022255508 
313 82 8 7 0.022127574 
308 28 6 7 0.02201592 
340 9 5 8 0.02198396 
223 71 7 7 0.021797208 
472 204 11 17 0.02149356 
312 12 7 7 0.020985419 
1013 218 18 36 0.020909231 
126 2 12 11 0.020816037 
203 8 8 8 0.020754647 
198 111 20 27 0.0205607 
313 27 6 6 0.020455819 
202 101 10 12 0.02043541 
347 32 6 7 0.020360123 
295 18 7 8 0.020292338 
327 6 7 8 0.020164417 
308 8 6 6 0.02013531 
546 622 31 48 0.02013055 
287 2 5 6 0.020064862 
