12_Group_Team_Organized_Group_12_Group_Team_Organized_Group_12_412
71
578 397 44 63 0.999108 
603 333 35 52 0.9988605 
234 199 39 53 0.9988158 
388 218 36 51 0.9987735 
705 202 39 44 0.9978528 
496 226 37 49 0.9977404 
890 222 38 50 0.99712914 
782 58 30 39 0.99655956 
331 216 35 49 0.9926669 
661 225 32 36 0.99231076 
762 178 32 43 0.99120575 
557 233 33 43 0.9906651 
143 218 32 46 0.9898727 
6 208 41 45 0.98964614 
115 191 33 42 0.9822735 
968 134 35 51 0.97712064 
596 227 22 37 0.96781635 
493 172 32 44 0.8866273 
540 137 16 25 0.8055347 
910 208 29 41 0.62565774 
678 355 126 211 0.5076227 
611 171 13 19 0.49403772 
472 234 20 34 0.491147 
636 234 20 31 0.42594412 
819 230 29 45 0.3930503 
207 203 21 24 0.28976724 
294 236 30 48 0.20766683 
574 146 11 20 0.17212185 
48 254 16 29 0.14792006 
577 314 28 45 0.13529904 
521 501 32 47 0.091794975 
706 173 20 26 0.061563373 
859 259 29 44 0.055248693 
800 263 69 168 0.050868344 
285 167 24 29 0.04997231 
594 268 21 36 0.04836244 
509 131 11 16 0.04576361 
256 189 42 54 0.037956156 
683 397 71 102 0.03716049 
86 495 29 37 0.035949726 
1009 164 8 10 0.035602577 
973 186 35 59 0.035569537 
781 119 28 38 0.034608737 
713 12 32 64 0.0330096 
292 174 13 14 0.031468946 
523 128 11 20 0.030914001 
58 101 8 13 0.030777039 
918 2 24 34 0.028832395 
51 247 29 42 0.028398419 
353 313 29 55 0.027716948 
816 163 25 48 0.026625218 
819 254 25 41 0.025855618 
567 345 33 52 0.025001254 
853 253 13 22 0.0248334 
516 338 36 58 0.02467937 
793 179 29 46 0.024315026 
56 205 33 43 0.023742426 
597 211 19 32 0.023299696 
419 270 24 43 0.022852713 
833 241 25 37 0.022635806 
873 243 36 47 0.02178265 
356 228 33 52 0.021653658 
829 76 26 44 0.02155484 
512 133 15 24 0.020931117 
611 230 19 32 0.020879945 
863 548 25 42 0.020608757 
969 269 33 51 0.020573905 
587 330 32 51 0.020562116 
554 504 32 57 0.020499457 
1011 258 22 33 0.02037036 
626 238 18 30 0.0203479 
