12_Group_Large_Group_12_Group_Large_Group_12_143
338
80 207 23 31 0.99747086 
306 164 28 47 0.9893996 
391 231 27 37 0.9867633 
467 227 30 43 0.9802798 
355 252 30 39 0.9686839 
262 218 26 44 0.963733 
39 225 18 37 0.6711844 
579 214 28 41 0.46000174 
59 210 10 19 0.44084576 
142 210 12 20 0.42912188 
568 231 32 58 0.35126576 
178 204 25 34 0.3314554 
296 63 6 8 0.20513463 
554 247 30 55 0.20369038 
168 200 22 32 0.14734985 
129 242 32 49 0.13779226 
296 76 6 8 0.11404029 
224 222 17 25 0.11067089 
686 493 152 246 0.088288374 
263 76 7 9 0.0843857 
310 81 8 11 0.08301121 
373 76 7 7 0.08109721 
853 176 20 36 0.078655265 
312 86 7 9 0.07313123 
43 167 10 21 0.07163888 
297 58 8 8 0.06961756 
257 5 6 6 0.06959817 
226 198 11 14 0.06805254 
242 94 7 10 0.067993715 
299 69 7 9 0.06781879 
159 194 7 14 0.0665995 
331 81 6 9 0.06391498 
68 145 8 12 0.06347862 
254 81 6 10 0.06285941 
415 120 7 11 0.0620733 
228 68 7 9 0.061236564 
242 52 7 7 0.06075473 
736 292 98 118 0.059863973 
109 448 11 17 0.0592344 
288 88 7 9 0.05697322 
250 38 6 7 0.05668287 
309 76 5 8 0.0565599 
218 189 8 14 0.055491466 
102 204 9 16 0.052839763 
57 194 9 16 0.0526756 
37 297 19 37 0.051999062 
341 81 7 9 0.051664073 
636 504 12 13 0.05044355 
210 223 10 12 0.049998872 
254 26 7 6 0.049661707 
697 218 6 9 0.048939563 
308 87 7 9 0.048919898 
913 177 23 28 0.048737552 
185 44 6 7 0.04841081 
196 201 8 12 0.0475473 
0 207 5 17 0.047001727 
256 56 7 7 0.046959978 
372 64 6 6 0.046614807 
286 69 7 9 0.04657906 
295 68 7 9 0.046260756 
358 143 10 15 0.046145495 
250 75 7 8 0.046077687 
387 82 5 7 0.046076544 
238 56 6 8 0.04595032 
399 132 6 10 0.04516956 
373 70 6 7 0.04500979 
193 68 7 9 0.045004215 
63 208 16 26 0.044820845 
288 83 6 8 0.04459819 
31 126 7 11 0.044489115 
318 143 10 12 0.04438995 
286 63 7 8 0.044243433 
29 228 18 33 0.044122133 
256 51 6 7 0.0432706 
276 57 6 7 0.04301808 
601 5 6 7 0.042982873 
270 65 5 7 0.042202212 
283 63 6 8 0.041933827 
308 64 6 7 0.041526895 
61 124 7 12 0.04144217 
287 57 7 7 0.041194547 
284 32 5 6 0.04112115 
321 87 6 9 0.041039474 
27 152 7 12 0.040578526 
194 219 9 16 0.04040709 
328 77 6 7 0.040168867 
3 157 7 12 0.03997407 
59 120 6 10 0.039934196 
376 71 6 6 0.03982082 
930 205 10 12 0.039816163 
341 77 6 8 0.039700594 
312 75 7 9 0.039243665 
263 5 7 7 0.039215654 
2 230 11 23 0.03914574 
134 212 11 17 0.038865536 
25 189 9 15 0.038818203 
242 205 9 16 0.038565625 
128 161 9 13 0.038055822 
320 69 6 9 0.03787393 
236 76 8 10 0.03785676 
267 82 6 9 0.037760235 
238 51 6 7 0.0377476 
249 51 7 7 0.037673198 
242 74 7 9 0.03747476 
263 25 6 7 0.036823694 
574 6 6 7 0.03679697 
243 38 8 7 0.036783107 
230 88 7 9 0.036361616 
233 241 9 16 0.035876587 
301 38 7 7 0.035710562 
287 32 6 7 0.035635814 
273 69 7 9 0.035609275 
250 56 6 6 0.03533355 
166 218 22 35 0.03530086 
295 80 6 9 0.03527494 
62 187 9 14 0.034946825 
377 82 7 7 0.034600183 
243 90 6 7 0.034574483 
289 6 5 6 0.034102175 
250 70 6 7 0.033704422 
352 70 6 7 0.033626303 
255 38 6 6 0.03359583 
377 114 6 10 0.03358774 
250 64 6 7 0.033482235 
1 99 5 11 0.033457644 
51 207 15 28 0.033426017 
312 333 10 17 0.033420883 
386 77 5 6 0.03303971 
328 81 6 9 0.0329703 
802 45 4 6 0.032931887 
953 199 19 23 0.032773554 
269 69 6 8 0.032715835 
345 76 7 10 0.032617234 
203 193 8 14 0.032451175 
585 6 5 6 0.032389626 
287 75 6 8 0.03231264 
243 31 6 6 0.032208346 
204 220 9 16 0.032106902 
27 126 7 11 0.03193684 
190 202 12 17 0.03189299 
306 38 7 7 0.031745076 
325 69 7 8 0.03169719 
103 196 9 14 0.03167021 
0 452 5 12 0.0314535 
237 63 6 7 0.03138464 
567 39 8 7 0.031164361 
941 190 9 12 0.031096464 
263 38 6 7 0.030925518 
612 3 10 9 0.030883074 
204 49 6 7 0.030853193 
365 50 6 7 0.030844525 
80 174 8 12 0.030837882 
269 32 6 6 0.03074545 
0 197 5 14 0.03064067 
198 164 15 30 0.03043592 
286 93 8 12 0.03037808 
45 199 9 15 0.030358568 
294 5 6 6 0.030350596 
244 64 6 7 0.030145738 
8 10 6 9 0.03009142 
248 107 6 9 0.029915947 
115 259 33 53 0.029739771 
264 70 5 7 0.029721798 
73 158 9 15 0.029699681 
251 43 6 7 0.029565696 
192 37 6 8 0.029464312 
598 6 6 6 0.029420843 
325 88 6 10 0.029400058 
308 99 8 11 0.029339522 
46 158 7 11 0.02915583 
152 217 9 18 0.029138833 
157 232 9 16 0.029000951 
952 204 11 14 0.028845273 
268 5 7 7 0.028701719 
201 163 9 16 0.028644137 
230 38 7 7 0.028618991 
262 56 6 7 0.028453784 
14 165 6 10 0.028192837 
217 61 7 9 0.028153302 
1017 201 8 14 0.028040757 
185 49 6 7 0.027854329 
267 75 6 9 0.027822668 
964 202 10 15 0.027781658 
50 124 7 12 0.027660243 
228 190 9 14 0.027579999 
999 202 6 10 0.02726948 
59 199 12 20 0.027144516 
314 95 7 10 0.026942464 
385 113 6 10 0.026854334 
300 94 7 9 0.026851606 
347 69 6 7 0.026788669 
253 76 7 8 0.026764236 
181 187 24 31 0.02674147 
39 114 6 9 0.02648684 
74 210 15 22 0.026433874 
292 88 7 10 0.026375024 
807 37 5 8 0.026212228 
90 6 5 5 0.026157338 
282 44 6 8 0.026110485 
461 499 8 7 0.02603303 
229 64 7 8 0.025943097 
55 144 7 11 0.025865791 
10 148 8 12 0.025852568 
160 190 19 33 0.025826903 
0 225 7 24 0.025810046 
263 43 7 8 0.025736552 
274 64 7 8 0.025618382 
646 373 26 31 0.025529573 
71 100 5 9 0.025477743 
185 81 6 8 0.025460074 
274 73 7 10 0.02545808 
282 57 6 6 0.02543545 
1034 201 10 18 0.025390405 
49 195 10 15 0.025207145 
250 13 6 6 0.025093088 
344 139 8 10 0.02477485 
328 177 19 34 0.024697775 
319 93 8 12 0.024668861 
320 100 6 9 0.024374917 
72 131 6 11 0.024337165 
222 82 7 9 0.024286864 
564 2 6 5 0.024247369 
364 408 26 22 0.02424033 
325 63 7 9 0.024213232 
263 33 5 5 0.024196934 
197 64 6 7 0.0241278 
256 63 6 7 0.0240766 
277 52 5 7 0.024013544 
377 126 6 8 0.02399294 
222 255 20 41 0.023895249 
352 101 6 9 0.023889508 
314 69 6 8 0.023887405 
244 107 6 8 0.02385968 
3 182 7 13 0.02385666 
98 6 5 5 0.02364192 
223 185 7 10 0.023507304 
287 37 6 7 0.02349866 
0 145 5 12 0.023410989 
376 64 6 6 0.023370992 
198 118 6 9 0.023365846 
83 197 9 11 0.023339236 
1033 209 11 20 0.023328736 
365 69 6 6 0.023326335 
254 45 6 7 0.02332439 
237 69 6 8 0.023303548 
39 119 6 10 0.023274628 
300 90 7 8 0.023273101 
78 317 17 31 0.023265578 
258 183 7 10 0.023247475 
338 153 10 15 0.023199722 
312 31 6 7 0.023150207 
913 293 22 24 0.02314761 
436 392 409 380 0.023126012 
283 88 6 10 0.023117632 
313 64 7 8 0.023039903 
401 137 6 11 0.023034936 
209 229 11 14 0.023018824 
385 127 6 10 0.022964116 
282 83 6 8 0.02295635 
283 37 6 7 0.022899834 
194 182 18 29 0.02284835 
99 211 10 18 0.022783466 
589 5 5 6 0.022765981 
18 105 7 10 0.022765318 
157 219 11 19 0.022721412 
766 100 8 12 0.02269304 
332 68 8 9 0.022649921 
192 139 6 9 0.022563085 
33 112 6 10 0.022560142 
268 87 7 10 0.02254922 
371 58 6 5 0.022438684 
209 456 8 15 0.022427915 
36 139 6 11 0.022306947 
186 133 6 9 0.022265267 
243 69 7 8 0.022259032 
294 51 7 8 0.022201195 
198 51 7 7 0.022184337 
772 89 7 8 0.022151282 
308 33 6 6 0.022100816 
153 238 9 16 0.02204254 
189 227 10 18 0.02203768 
26 120 6 9 0.021924509 
165 209 12 19 0.021800378 
250 19 6 6 0.021750957 
295 106 7 9 0.021722648 
212 221 15 22 0.02169683 
306 43 6 8 0.021693802 
249 103 6 8 0.021673586 
284 127 6 8 0.021639239 
231 75 7 9 0.021635115 
224 235 19 32 0.021599768 
294 32 6 6 0.021595022 
209 63 7 8 0.021546515 
338 70 6 7 0.021538664 
235 108 7 8 0.02151338 
263 18 7 8 0.021507112 
254 31 7 8 0.0214858 
608 2 9 7 0.02140601 
234 79 7 10 0.02125455 
10 435 15 30 0.021248076 
185 154 10 15 0.021246394 
255 69 6 8 0.021229535 
18 224 17 32 0.021226091 
225 64 6 7 0.02122539 
271 191 11 17 0.021189004 
605 225 21 26 0.021141319 
985 143 8 11 0.02113381 
901 210 7 10 0.021121318 
160 204 9 18 0.021091294 
0 12 5 9 0.02108515 
218 31 5 7 0.021059295 
206 62 6 7 0.020963741 
26 114 6 8 0.02093922 
564 6 6 6 0.0208987 
139 231 21 31 0.02089636 
268 51 6 7 0.020860856 
269 58 5 6 0.020824382 
251 7 5 5 0.020778239 
182 220 21 37 0.0206985 
231 106 7 9 0.020654725 
217 187 17 26 0.020630859 
804 262 28 28 0.020627677 
133 239 12 18 0.020606726 
377 137 7 12 0.020540854 
389 108 6 9 0.020472435 
248 226 10 16 0.020450909 
567 212 10 20 0.020337796 
358 70 6 7 0.020331798 
283 26 5 5 0.020268453 
224 120 6 9 0.020267084 
384 119 7 10 0.020228477 
383 95 6 7 0.020198153 
254 87 6 10 0.020187233 
287 43 7 8 0.020086903 
584 28 8 8 0.020063959 
276 38 6 6 0.020062193 
314 44 7 7 0.020044116 
281 52 6 7 0.020029608 
