12_Group_Large_Group_12_Group_Large_Group_12_286
201
88 155 44 68 0.9996935 
286 155 41 60 0.9995801 
803 230 64 97 0.99902725 
493 242 26 35 0.992638 
415 258 51 84 0.98887724 
1002 267 21 23 0.9825403 
0 195 29 37 0.9788998 
918 262 12 18 0.931524 
970 256 17 22 0.9172539 
264 227 32 58 0.760628 
596 248 20 27 0.7042865 
486 218 19 24 0.62003595 
354 158 16 16 0.58839595 
141 197 23 33 0.335065 
802 196 12 21 0.21319427 
155 206 21 29 0.2038938 
836 653 12 15 0.19858669 
724 251 15 20 0.19177903 
403 216 24 23 0.19128437 
906 258 8 15 0.18702617 
572 256 13 14 0.18608366 
325 196 11 15 0.15210979 
914 202 8 13 0.13758878 
643 218 14 21 0.13552742 
1004 186 8 12 0.13224736 
978 212 9 12 0.13050526 
412 160 12 18 0.12361856 
888 203 13 28 0.1183391 
386 151 10 16 0.10947001 
992 220 9 13 0.10523721 
519 90 5 7 0.09217882 
991 252 10 12 0.08561669 
894 190 7 12 0.08532739 
1012 266 23 28 0.08413294 
518 207 8 10 0.08391718 
971 214 9 13 0.08138042 
523 206 9 12 0.07937889 
451 208 14 14 0.078914516 
166 211 13 16 0.07886258 
958 206 9 12 0.078428864 
473 214 19 23 0.07743988 
537 83 5 7 0.07194447 
364 27 36 41 0.0669247 
513 206 8 9 0.06469015 
909 210 8 12 0.06454539 
439 223 12 17 0.06448614 
942 253 6 8 0.062276058 
594 120 6 10 0.061794672 
916 189 5 8 0.061078973 
568 144 6 11 0.05842015 
266 166 21 34 0.05808073 
589 138 6 10 0.05807116 
954 266 7 11 0.057841513 
979 226 9 13 0.05765938 
534 82 5 7 0.056033913 
964 209 8 11 0.055862255 
748 254 37 61 0.05457641 
719 240 29 42 0.0540244 
143 192 17 20 0.052105125 
519 106 7 9 0.049865153 
953 227 7 11 0.047258437 
387 209 42 46 0.04606624 
996 213 10 14 0.04530154 
953 187 8 13 0.04401227 
945 250 6 8 0.043970704 
968 219 9 15 0.043608394 
440 207 12 14 0.043012735 
1060 231 7 12 0.04201982 
1060 242 7 12 0.041861635 
1002 193 8 13 0.040666707 
431 213 11 16 0.039902944 
515 89 4 7 0.039343927 
344 144 33 40 0.039185822 
590 120 6 10 0.038569614 
971 188 9 14 0.03850028 
869 186 10 15 0.03824217 
499 206 8 9 0.037107754 
1060 254 8 13 0.037082646 
475 290 36 49 0.037002627 
408 151 12 17 0.036856264 
569 121 6 7 0.036533188 
1054 234 6 12 0.0364613 
566 262 12 13 0.036295794 
1100 264 6 10 0.03606449 
377 157 10 17 0.036051538 
734 242 37 52 0.035841223 
396 148 9 15 0.035719577 
504 208 8 10 0.035207927 
494 84 5 7 0.035037275 
480 253 18 32 0.034878016 
513 96 5 6 0.034869116 
557 103 6 6 0.034697082 
434 246 23 35 0.034427863 
979 258 13 15 0.034412522 
507 101 6 8 0.034082383 
956 195 8 12 0.033632316 
955 232 8 13 0.03340905 
904 213 7 11 0.033105515 
1024 263 18 22 0.032584514 
421 213 17 24 0.03202661 
1058 264 9 14 0.031270366 
207 225 11 17 0.031218613 
494 216 13 15 0.031010907 
910 203 7 12 0.030701721 
1102 285 6 12 0.030441869 
960 245 34 39 0.030400828 
596 115 5 8 0.030345794 
471 154 10 12 0.030252704 
602 136 8 15 0.030094298 
1055 270 12 18 0.029956924 
569 127 7 10 0.02992205 
768 3 9 9 0.029880721 
1060 218 7 12 0.029618865 
858 607 24 27 0.029370865 
475 208 14 14 0.029338088 
931 265 8 12 0.02925851 
577 136 6 12 0.029258259 
544 90 5 6 0.029215703 
538 88 5 6 0.028873257 
525 90 5 7 0.02833381 
513 105 7 10 0.028169822 
515 84 4 7 0.02796552 
958 216 15 22 0.027914079 
1100 233 6 13 0.027759435 
532 88 5 7 0.02749135 
541 266 8 12 0.026929617 
556 84 6 7 0.026904125 
538 107 6 7 0.026818207 
494 88 5 7 0.026604442 
711 247 8 12 0.026548939 
512 217 8 10 0.026529595 
1046 251 9 14 0.026328027 
511 102 7 9 0.025902234 
973 264 20 28 0.025844695 
907 269 9 16 0.02579984 
213 236 82 119 0.02565356 
507 96 5 6 0.025521286 
1001 209 8 12 0.025508363 
810 654 10 15 0.025392655 
960 203 16 21 0.025066426 
954 201 10 14 0.02503295 
959 262 6 9 0.025001284 
433 231 11 16 0.024667218 
924 268 11 15 0.024533337 
597 109 4 6 0.024505157 
908 207 14 23 0.024422375 
375 207 23 32 0.02437551 
637 256 48 53 0.024344442 
489 88 5 7 0.024215564 
912 191 5 8 0.024195867 
490 83 4 8 0.024157075 
953 243 8 13 0.024150057 
1052 244 7 11 0.024003442 
457 260 38 54 0.023941344 
981 221 10 12 0.023734836 
659 556 50 57 0.023723781 
500 90 5 7 0.023683924 
557 107 6 7 0.023542162 
566 122 5 6 0.023507947 
556 87 7 8 0.023401923 
622 139 6 9 0.023358336 
66 166 36 56 0.023299795 
316 190 24 28 0.023163259 
0 90 6 9 0.023000836 
594 135 8 13 0.022744833 
231 209 41 68 0.022696456 
1090 297 9 17 0.02268699 
500 84 4 6 0.022356031 
714 250 8 14 0.022297148 
569 75 6 7 0.022295622 
203 221 11 15 0.0222406 
401 148 10 15 0.02215206 
761 5 7 8 0.022089966 
342 152 20 21 0.022080258 
565 141 5 9 0.02199094 
461 208 18 21 0.021969168 
602 120 6 10 0.021828648 
977 204 7 12 0.021801261 
0 191 7 14 0.021578494 
1053 223 6 10 0.021500692 
414 169 12 18 0.021447966 
516 206 18 24 0.021363003 
569 102 6 6 0.021260047 
451 219 12 13 0.021258114 
490 211 11 13 0.021255374 
1015 260 13 15 0.021179048 
991 195 7 12 0.021046827 
476 225 18 28 0.020996235 
973 215 16 22 0.020949213 
1037 203 7 13 0.020915313 
974 184 8 11 0.020838924 
543 84 6 6 0.020710438 
501 94 5 7 0.02059497 
950 229 5 8 0.020517733 
524 103 6 8 0.020402182 
434 231 20 29 0.02038601 
939 273 7 10 0.020341929 
895 207 15 24 0.020340594 
606 121 7 11 0.020274987 
1035 236 10 15 0.020166121 
1037 214 8 14 0.020067673 
