12_Group_Team_Organized_Group_12_Group_Team_Organized_Group_12_778
181
765 115 23 31 0.9999546 
585 298 25 34 0.99990237 
892 165 24 30 0.9998933 
848 129 24 31 0.99989223 
662 89 23 28 0.99987686 
646 298 24 32 0.99987125 
228 279 22 32 0.9998503 
708 303 26 32 0.9998393 
494 222 21 32 0.999838 
653 228 22 29 0.99983656 
582 99 21 29 0.99983466 
819 138 23 31 0.9998281 
781 303 26 28 0.99982697 
405 308 25 29 0.9998221 
276 227 21 28 0.999814 
108 281 25 32 0.9998086 
830 99 23 29 0.99980265 
344 289 24 31 0.9997876 
807 76 19 30 0.9997557 
719 118 22 32 0.9997459 
466 292 23 34 0.9997447 
849 190 25 30 0.9997392 
518 293 22 33 0.9997285 
60 282 24 31 0.99972063 
623 90 21 26 0.9997148 
170 283 24 32 0.99969244 
329 227 20 29 0.9996624 
235 221 20 29 0.99965453 
706 53 21 28 0.9996308 
440 227 20 27 0.9996207 
434 82 21 30 0.99961686 
932 149 29 37 0.99960583 
717 89 20 28 0.9995974 
163 92 21 26 0.9995838 
294 100 22 29 0.99956733 
743 68 19 26 0.9995671 
346 54 19 27 0.99949646 
611 230 20 26 0.99947125 
384 228 19 27 0.9994373 
540 66 19 28 0.999411 
690 76 19 25 0.99938095 
748 91 21 30 0.99931383 
903 139 25 29 0.9992742 
878 132 21 29 0.99915147 
556 229 19 27 0.99906987 
230 96 20 28 0.9990237 
288 290 22 32 0.9990212 
178 212 20 27 0.99900705 
580 59 18 26 0.9988888 
210 49 19 30 0.99886215 
694 120 21 30 0.99877685 
413 57 18 25 0.9987099 
467 65 18 26 0.99849 
499 89 21 27 0.9982279 
513 60 19 24 0.99773043 
370 80 20 31 0.99765503 
318 74 19 24 0.9975804 
284 62 17 25 0.9975725 
789 94 19 23 0.99672085 
388 68 19 27 0.9952886 
252 77 18 26 0.99321294 
644 78 16 28 0.9926064 
804 117 19 25 0.9908303 
597 76 15 23 0.89764774 
661 76 18 24 0.50170064 
470 213 11 16 0.36423704 
0 243 4 11 0.2109159 
731 205 20 22 0.1705272 
922 309 38 26 0.16112451 
848 310 12 22 0.14902282 
266 304 17 25 0.1445565 
259 201 10 20 0.14063065 
13 239 5 7 0.11189596 
531 216 14 27 0.10906749 
550 302 16 21 0.10618067 
0 341 8 19 0.10089903 
293 421 5 7 0.097942136 
17 243 7 8 0.09695651 
468 218 15 29 0.09372761 
19 258 10 14 0.09362659 
316 302 11 17 0.082637444 
204 203 10 17 0.07158241 
859 115 19 26 0.064799406 
24 381 9 13 0.064329766 
98 444 20 20 0.06390312 
10 238 4 8 0.059839074 
0 272 5 17 0.059149165 
755 115 10 18 0.05587896 
2 322 8 15 0.053296044 
469 248 12 18 0.053176213 
58 219 4 5 0.05175841 
17 240 4 6 0.04510602 
276 383 14 14 0.044778325 
660 71 14 15 0.044395126 
59 226 4 6 0.04390757 
272 182 20 24 0.042644504 
865 129 23 37 0.039943475 
73 408 15 23 0.039210714 
955 162 19 28 0.0374359 
466 398 10 13 0.03650633 
38 243 5 7 0.035954062 
63 365 9 14 0.035549432 
0 283 7 23 0.034938514 
57 214 4 5 0.034504488 
505 321 11 19 0.033110864 
55 242 7 8 0.033009343 
891 132 22 36 0.032949746 
5 257 5 10 0.032936376 
777 470 12 12 0.032633957 
45 240 4 4 0.032504328 
40 198 4 6 0.03142748 
52 240 5 4 0.031194836 
786 234 6 8 0.030900938 
18 248 7 8 0.03084817 
44 249 7 9 0.030178742 
70 218 4 6 0.030088045 
66 219 4 5 0.029967744 
1 256 4 11 0.029940633 
744 211 11 15 0.029924624 
105 379 11 14 0.02970705 
536 459 16 26 0.029340489 
168 230 6 11 0.029229974 
221 221 16 27 0.029070038 
0 352 8 16 0.028636662 
45 300 8 11 0.028612223 
35 244 5 7 0.02860552 
830 310 6 12 0.0284103 
118 115 20 32 0.028252427 
726 398 21 26 0.028192213 
793 472 19 22 0.028062599 
689 238 9 19 0.027866516 
40 196 3 5 0.027737208 
29 259 9 13 0.027696984 
124 286 21 26 0.027655605 
791 124 9 16 0.027630907 
45 243 5 7 0.027517188 
70 214 4 6 0.02746355 
619 297 12 17 0.02674204 
388 90 10 18 0.026492225 
0 217 5 12 0.026329132 
19 301 9 17 0.02624102 
65 199 4 5 0.026149223 
93 297 10 14 0.026080703 
48 424 10 13 0.02607811 
77 225 5 6 0.025944991 
615 103 9 15 0.025234208 
93 431 8 7 0.025216252 
300 435 6 6 0.025163949 
13 250 5 8 0.02489956 
34 260 8 11 0.024807213 
137 372 21 26 0.02464346 
904 156 22 34 0.024150558 
40 225 5 6 0.023812538 
523 65 15 26 0.023682324 
1028 163 16 30 0.023598814 
301 432 4 5 0.02356435 
56 240 5 5 0.023517767 
470 86 11 19 0.02346284 
40 248 5 7 0.023384077 
63 227 4 5 0.023267068 
686 87 17 27 0.0232444 
32 249 6 7 0.022485094 
394 210 16 23 0.022415569 
66 214 4 5 0.022213995 
337 208 12 20 0.021699632 
71 231 5 6 0.021560118 
44 198 4 6 0.021178138 
1019 312 16 27 0.021112194 
40 240 4 5 0.021050723 
895 -9 90 113 0.020955166 
672 457 18 23 0.020847224 
277 299 18 25 0.020826235 
0 327 8 17 0.020765465 
71 254 8 10 0.02049029 
21 230 5 7 0.020448921 
652 463 19 24 0.02029243 
134 296 10 15 0.020263804 
0 4 5 11 0.020184064 
202 214 13 25 0.020183612 
13 200 4 7 0.020089772 
0 309 5 15 0.020064905 
