12_Group_Team_Organized_Group_12_Group_Team_Organized_Group_12_55
80
290 162 34 46 0.99579406 
183 131 36 46 0.990054 
426 94 42 47 0.9628205 
73 78 34 44 0.7432515 
58 109 31 50 0.55471057 
222 260 10 14 0.37008294 
136 132 11 15 0.18576097 
484 410 23 21 0.18345468 
223 125 27 51 0.1815959 
402 238 8 11 0.09597359 
97 314 22 22 0.0794227 
122 156 10 16 0.0572462 
534 159 8 14 0.05707404 
1015 430 11 20 0.050050873 
472 304 12 11 0.045039777 
494 174 37 49 0.044416435 
576 153 6 9 0.044390693 
258 343 9 14 0.04099569 
218 241 17 28 0.040152416 
308 6 7 15 0.038996525 
533 157 5 8 0.036524117 
522 179 8 12 0.035848726 
441 77 28 43 0.03559185 
259 370 12 14 0.035525817 
512 175 21 25 0.03424799 
75 114 24 40 0.03412877 
42 112 13 21 0.03347971 
51 92 23 31 0.032922138 
93 82 23 36 0.032109644 
388 243 8 10 0.03181424 
251 467 90 96 0.031623967 
460 195 11 12 0.031620886 
392 256 8 12 0.0315288 
144 220 8 13 0.030696802 
472 388 9 10 0.030483037 
258 313 8 11 0.0298882 
488 402 14 14 0.028874345 
580 150 5 7 0.028759848 
46 123 28 38 0.02869936 
211 275 7 13 0.028491482 
116 294 22 29 0.028298382 
488 398 9 10 0.02789402 
1022 417 36 73 0.027495777 
114 438 7 7 0.027141834 
104 365 8 11 0.026981646 
1011 429 9 18 0.026835332 
872 581 13 10 0.026788978 
517 174 9 11 0.026712084 
316 320 15 16 0.026321603 
195 409 25 19 0.026012316 
568 162 7 10 0.025995908 
476 404 9 9 0.025608892 
427 277 9 9 0.025550066 
191 229 7 11 0.025531089 
162 655 11 9 0.025467321 
319 166 20 31 0.02544175 
242 266 11 12 0.025419852 
157 235 10 17 0.024931425 
104 459 12 12 0.024724452 
208 134 25 37 0.024087936 
100 84 11 16 0.023941753 
566 169 11 14 0.023662796 
164 207 16 26 0.023042174 
431 125 47 53 0.02299438 
920 427 22 28 0.02285734 
217 142 10 17 0.022606494 
75 296 11 10 0.022338485 
565 162 6 8 0.021389607 
239 140 25 40 0.021262174 
490 381 10 11 0.021242948 
517 165 8 11 0.021130547 
477 170 199 181 0.021051876 
524 174 7 12 0.020915732 
528 175 8 13 0.020848611 
123 138 19 24 0.020835295 
213 262 6 10 0.020735275 
595 443 386 307 0.020692503 
121 438 7 7 0.020622425 
894 114 8 14 0.020029489 
545 165 6 11 0.020006213 
