12_Group_Group_12_Group_Group_12_728
39
817 118 97 119 0.9999486 
44 182 102 114 0.9999243 
648 105 90 119 0.99992406 
237 122 94 107 0.9998691 
353 120 96 130 0.9998586 
516 128 87 106 0.99969757 
18 117 7 9 0.14135793 
15 124 6 12 0.13882902 
50 124 10 14 0.06686204 
1 31 4 7 0.055425424 
16 120 5 9 0.04652929 
23 118 6 10 0.04308785 
13 118 14 22 0.038964946 
84 119 25 26 0.038256407 
1015 182 10 22 0.036779616 
524 612 24 34 0.036210176 
736 63 19 26 0.032700785 
595 617 6 8 0.031851992 
6 30 4 7 0.031610083 
1 35 4 8 0.029229881 
533 655 16 26 0.028645901 
147 211 9 15 0.02726852 
110 614 124 137 0.026895707 
25 121 7 13 0.026680043 
762 52 18 29 0.026208691 
225 6 4 4 0.025011282 
77 104 8 10 0.024715068 
456 19 32 75 0.02420711 
56 120 6 9 0.023742355 
199 6 4 6 0.023285372 
587 644 9 9 0.022555262 
41 -8 27 33 0.022452757 
48 122 17 25 0.022293044 
717 327 27 30 0.022268526 
480 672 36 42 0.021682786 
212 7 4 5 0.021534879 
581 642 25 21 0.021116856 
752 29 31 44 0.02029763 
916 165 10 18 0.020252362 
