12_Group_Large_Group_12_Group_Large_Group_12_72
24
286 106 50 59 0.9999585 
616 235 48 55 0.99972254 
539 461 53 62 0.9997168 
453 345 47 58 0.9996704 
216 262 56 67 0.9994511 
403 173 57 73 0.9993309 
674 131 54 74 0.9990747 
355 467 55 71 0.99887997 
711 372 55 76 0.998251 
497 219 61 84 0.9959046 
597 237 26 46 0.18143107 
918 631 83 126 0.086488985 
760 480 25 37 0.08284254 
270 128 11 20 0.053705633 
192 435 448 580 0.043892346 
673 421 337 621 0.034300458 
70 622 28 27 0.031160379 
85 621 12 15 0.030667657 
517 627 25 46 0.027068548 
262 127 17 32 0.023680694 
274 281 9 15 0.023002688 
269 121 23 32 0.021049881 
431 479 45 50 0.020347754 
564 443 41 62 0.020247959 
