12_Group_Group_12_Group_Group_12_123
37
544 89 42 58 0.99971884 
233 66 46 68 0.999508 
820 40 66 90 0.99877006 
445 107 24 36 0.9985481 
650 101 27 39 0.9979747 
43 161 10 19 0.24213679 
942 227 31 40 0.17476392 
101 188 7 10 0.12731557 
38 164 8 15 0.12553936 
235 245 418 422 0.10368352 
115 191 15 25 0.08530444 
118 183 10 17 0.07547561 
105 218 9 15 0.07324569 
910 230 33 39 0.0633944 
950 212 14 15 0.05555219 
11 307 413 372 0.052971818 
82 194 7 14 0.043706365 
395 298 35 45 0.03968906 
517 414 49 59 0.034641128 
96 184 17 25 0.033973064 
115 176 10 15 0.033083837 
741 32 30 58 0.03048248 
528 290 349 352 0.028860105 
352 19 48 38 0.028024923 
958 208 20 21 0.026515339 
391 24 14 10 0.026498657 
678 164 21 41 0.02592882 
131 201 8 15 0.025372544 
105 186 15 27 0.025221033 
139 201 7 13 0.025203696 
664 152 51 86 0.025017021 
381 21 26 22 0.024712948 
439 296 32 57 0.023804959 
64 190 8 14 0.023545258 
159 22 10 13 0.022311624 
87 189 8 14 0.020747086 
124 187 9 17 0.020631164 
