12_Group_Large_Group_12_Group_Large_Group_12_607
66
372 336 21 31 0.99764353 
337 345 20 28 0.99727803 
615 352 26 30 0.98130304 
571 177 18 24 0.9576829 
539 340 20 22 0.8733447 
680 327 22 31 0.3947659 
310 319 12 23 0.22202271 
454 333 15 25 0.181945 
400 451 8 12 0.13859679 
503 377 12 17 0.09937744 
654 245 7 10 0.06585455 
495 377 13 15 0.057708845 
383 466 6 9 0.057317387 
4 292 22 47 0.056695323 
440 451 7 12 0.047846258 
39 273 19 35 0.047482707 
94 295 9 17 0.043704193 
411 463 7 10 0.04238836 
400 463 9 12 0.039206482 
436 450 7 11 0.038946692 
465 278 9 10 0.038001888 
470 420 21 33 0.03774894 
525 469 8 10 0.03659514 
782 210 18 34 0.036390122 
502 385 11 20 0.034239884 
436 447 5 8 0.033579983 
184 48 11 18 0.033495355 
615 427 33 52 0.03283363 
400 475 9 11 0.032535113 
471 218 19 26 0.03249202 
314 389 20 33 0.032464463 
634 585 14 12 0.028834658 
644 379 32 47 0.028702067 
774 322 19 33 0.02806683 
485 390 11 17 0.027991492 
390 477 6 8 0.02743161 
628 367 31 43 0.02657799 
495 391 19 26 0.0257706 
89 296 9 15 0.02536855 
629 433 42 57 0.024961228 
486 422 21 34 0.024817908 
407 475 9 11 0.02465721 
603 410 20 25 0.024263395 
440 479 10 11 0.024216387 
397 470 9 11 0.023685152 
462 427 34 50 0.02353667 
530 470 7 10 0.023276005 
601 396 33 50 0.023211505 
659 322 10 15 0.023034496 
508 370 11 14 0.022997903 
213 295 36 76 0.022825332 
551 349 11 17 0.022135625 
379 498 12 16 0.021701852 
420 291 15 31 0.021549577 
432 447 4 7 0.021521075 
424 477 9 9 0.02151367 
868 156 153 213 0.021388559 
355 456 19 31 0.021382129 
328 426 20 22 0.021030141 
395 457 18 23 0.020963546 
503 237 12 20 0.020963017 
139 52 10 23 0.020839581 
189 52 10 20 0.020802824 
485 354 6 12 0.020318726 
481 357 7 11 0.020318652 
452 329 11 18 0.020295385 
