12_Group_Team_Organized_Group_12_Group_Team_Organized_Group_12_403
95
231 397 24 30 0.9997141 
752 264 21 31 0.9992955 
437 335 22 26 0.99911255 
603 262 20 26 0.99782926 
359 405 23 32 0.99769187 
880 210 24 33 0.99090743 
183 290 22 28 0.9903149 
318 334 20 24 0.9665514 
768 302 27 45 0.8324085 
191 417 15 25 0.6798797 
368 475 16 29 0.48764554 
745 319 17 32 0.18994954 
338 360 18 30 0.1739547 
207 325 13 19 0.17369808 
311 375 14 27 0.1564755 
198 375 14 24 0.1381969 
210 335 16 27 0.12435085 
332 518 20 41 0.11823714 
160 330 29 46 0.11598076 
391 480 19 27 0.11523443 
408 409 21 28 0.112775855 
344 463 16 25 0.08677455 
464 421 12 14 0.07139198 
180 361 10 14 0.07089035 
248 433 32 42 0.063763164 
316 389 10 19 0.060077563 
365 359 13 14 0.056435924 
260 417 14 16 0.05618656 
334 385 21 31 0.051651258 
699 81 6 9 0.047190975 
754 230 8 15 0.045149043 
291 398 20 29 0.045051552 
292 414 19 28 0.044886626 
411 423 13 21 0.044268496 
227 385 11 18 0.04320273 
697 101 6 9 0.042777486 
405 395 19 25 0.040811017 
108 500 18 14 0.03963439 
310 356 10 14 0.03768117 
307 377 11 20 0.03697832 
692 100 6 9 0.03507535 
736 320 16 36 0.034734502 
334 340 11 17 0.033571742 
451 410 21 24 0.032851286 
357 483 11 17 0.032796063 
454 370 21 27 0.032608725 
703 82 6 8 0.031670757 
431 379 19 31 0.031168746 
403 400 9 13 0.030898318 
287 464 11 12 0.030750252 
323 384 15 28 0.030179324 
2 562 12 17 0.030150715 
391 252 36 52 0.029287249 
706 110 4 7 0.02859836 
721 289 11 18 0.028474974 
679 96 5 8 0.028388223 
885 230 15 22 0.027125873 
318 351 11 17 0.026676664 
373 464 11 19 0.026518581 
483 338 16 28 0.026404884 
272 510 23 24 0.026051616 
259 404 16 21 0.02600607 
192 391 17 27 0.02592524 
591 304 10 16 0.025580293 
350 415 12 19 0.02555978 
420 503 10 13 0.025540689 
712 83 6 7 0.025497634 
685 109 5 7 0.025268672 
844 213 8 12 0.025139553 
219 427 12 16 0.02512155 
593 318 17 26 0.024052814 
377 479 17 29 0.0240002 
835 190 8 11 0.023892509 
402 412 11 16 0.023547852 
310 485 17 26 0.023361735 
409 459 17 26 0.023155645 
165 473 9 8 0.023110483 
454 369 12 16 0.023077097 
289 459 26 29 0.02301597 
176 360 17 28 0.022825189 
304 360 17 26 0.022824535 
218 347 10 17 0.022603892 
363 475 12 20 0.02253934 
929 543 35 51 0.022470245 
692 96 6 8 0.022345616 
625 113 8 11 0.022328902 
357 479 20 33 0.022065567 
227 367 10 14 0.021647828 
32 502 11 12 0.021303238 
374 358 11 14 0.021102112 
759 160 5 7 0.021031067 
349 433 9 15 0.020725835 
387 449 9 14 0.020564165 
272 476 9 12 0.020541534 
257 426 17 24 0.020364724 
