12_Group_Group_12_Group_Group_12_268
56
342 355 43 53 0.99969125 
584 363 42 50 0.9996706 
457 325 38 51 0.99954295 
443 213 35 49 0.999 
569 223 36 47 0.9989858 
709 383 37 47 0.9988876 
811 391 39 50 0.99887234 
102 245 37 45 0.9986411 
894 209 37 50 0.99843806 
369 205 35 48 0.9976902 
244 351 40 42 0.99750745 
487 190 32 49 0.9968431 
809 225 28 39 0.9941109 
306 244 29 37 0.99389786 
703 193 31 39 0.9935277 
626 219 34 45 0.99330693 
158 348 36 52 0.9915182 
218 211 36 38 0.9910488 
151 263 31 40 0.9895908 
856 229 31 43 0.98592836 
915 319 37 46 0.9854299 
759 212 30 41 0.9837452 
726 262 36 46 0.9781732 
240 94 23 23 0.9435151 
425 163 27 34 0.9108695 
601 200 33 42 0.74791825 
152 219 20 24 0.48968044 
275 321 36 43 0.34129927 
220 300 24 19 0.29421842 
859 382 17 29 0.23843454 
773 432 16 26 0.17978142 
561 393 20 23 0.108613126 
317 393 26 31 0.08928855 
261 340 42 43 0.087167256 
157 286 345 491 0.07536067 
643 66 10 15 0.07049708 
318 338 23 31 0.06899621 
148 231 23 31 0.054416735 
298 399 25 25 0.034375574 
327 320 38 48 0.034033973 
554 242 19 32 0.03134071 
527 244 32 50 0.030633876 
284 344 29 34 0.028214918 
297 175 422 526 0.026709173 
858 396 21 37 0.026426516 
689 421 9 14 0.02512424 
1008 377 52 100 0.024976322 
863 362 17 23 0.024885561 
297 259 22 32 0.023755219 
230 91 43 45 0.022896683 
22 276 146 197 0.022419633 
164 316 24 27 0.022417277 
424 625 25 28 0.022226097 
257 87 14 18 0.021783996 
34 334 66 119 0.021667559 
285 370 22 26 0.02159931 
