12_Group_Team_Organized_Group_12_Group_Team_Organized_Group_12_60
75
112 155 46 53 0.99966824 
369 165 44 61 0.9994955 
196 181 49 63 0.9993393 
17 177 51 57 0.9993006 
524 152 42 62 0.99907625 
418 253 48 78 0.9988757 
823 70 60 70 0.99876463 
661 114 58 66 0.9975304 
594 148 38 52 0.99714404 
446 168 34 49 0.9963889 
522 228 51 81 0.99590707 
299 154 35 45 0.99531543 
657 179 50 78 0.9885705 
185 148 36 41 0.98647076 
757 121 44 45 0.98059 
925 -4 71 58 0.9174015 
984 154 33 38 0.26148787 
115 361 20 30 0.24918526 
324 470 47 49 0.20160343 
865 428 21 48 0.08439322 
516 525 24 33 0.08335701 
974 512 7 11 0.07999224 
107 589 14 16 0.076028384 
108 343 35 60 0.071727455 
650 258 83 150 0.06902157 
961 529 6 13 0.06709258 
979 508 6 9 0.06685756 
805 249 22 34 0.066047296 
555 359 24 42 0.06462439 
79 213 31 50 0.063364446 
842 120 38 56 0.05678238 
983 502 8 13 0.05655042 
536 432 64 122 0.049881812 
622 408 36 56 0.048672542 
993 5 16 25 0.047152784 
765 154 37 47 0.04627074 
167 499 7 12 0.041151423 
247 214 11 17 0.039415844 
405 546 48 47 0.036678717 
375 551 41 42 0.0363168 
959 587 7 11 0.03139732 
172 505 7 11 0.031212874 
91 336 35 52 0.030698625 
1020 502 21 38 0.030666664 
1014 195 10 15 0.030496307 
25 589 12 12 0.030032795 
978 516 8 13 0.029620588 
960 551 20 34 0.028479856 
573 257 17 30 0.02705881 
700 179 36 58 0.025486365 
33 365 33 53 0.02537121 
961 106 36 49 0.024979657 
983 512 7 11 0.024904631 
955 537 20 34 0.024658024 
1011 169 38 54 0.024104312 
771 172 38 57 0.023890464 
356 323 10 20 0.023509335 
238 203 21 32 0.023475422 
954 507 7 9 0.023006838 
946 21 58 59 0.022936542 
162 500 6 10 0.02275967 
501 593 26 17 0.022710422 
1027 520 19 34 0.022656705 
658 523 40 41 0.022435294 
385 280 35 50 0.022313902 
61 218 32 50 0.021941977 
161 495 5 8 0.021559386 
967 129 42 50 0.02143109 
911 380 27 30 0.020835763 
0 366 43 52 0.02082786 
726 181 264 391 0.02068836 
785 133 27 31 0.020667683 
989 493 38 53 0.020626236 
65 250 20 36 0.020595923 
51 322 35 48 0.02034736 
