12_Group_Team_Organized_Group_12_Group_Team_Organized_Group_12_319
16
444 173 135 212 0.9722605 
977 121 73 123 0.56046027 
754 33 46 60 0.17442262 
995 11 20 34 0.06459074 
987 461 26 54 0.03934372 
20 -69 351 532 0.036739185 
1047 128 26 51 0.031279173 
640 19 21 40 0.029889982 
1019 483 43 83 0.029649401 
1010 475 30 60 0.029548053 
974 490 76 145 0.026133504 
872 88 56 53 0.025623497 
361 45 20 34 0.021846075 
1025 128 42 80 0.021774903 
542 30 23 31 0.021545233 
1019 464 19 41 0.021331262 
