12_Group_Team_Organized_Group_12_Group_Team_Organized_Group_12_868
17
451 84 77 122 0.9998134 
23 395 202 221 0.14390835 
453 487 90 80 0.13587694 
770 214 433 353 0.09099951 
617 234 85 128 0.054038264 
332 389 21 43 0.042616513 
126 374 33 24 0.036571022 
57 477 30 23 0.03222405 
841 23 11 12 0.028557902 
367 108 13 17 0.02611031 
380 137 10 12 0.024571909 
810 22 10 11 0.023330843 
180 55 7 9 0.02287842 
52 104 13 15 0.022733208 
-1 501 30 52 0.022701899 
824 48 11 12 0.02268348 
65 132 21 21 0.021471005 
