12_Group_Team_Organized_Group_12_Group_Team_Organized_Group_12_364
47
844 121 38 51 0.9995333 
610 148 41 49 0.99914765 
306 129 40 49 0.9965994 
157 114 33 54 0.9926341 
800 7 8 7 0.04290937 
821 5 11 10 0.039502073 
617 164 360 365 0.03903743 
878 130 21 30 0.035989016 
986 24 7 11 0.03502544 
55 125 8 15 0.033438314 
565 137 39 55 0.032581657 
836 7 8 8 0.031357743 
730 214 6 5 0.031068083 
821 79 12 15 0.030122774 
259 244 25 22 0.028131384 
26 517 20 27 0.027551616 
526 170 5 6 0.026996598 
831 7 9 8 0.026896885 
529 188 5 6 0.026761984 
526 183 4 5 0.026218448 
767 41 6 7 0.02584469 
984 15 19 26 0.025809476 
730 201 5 5 0.025714893 
64 112 9 13 0.025307389 
520 177 4 5 0.02501525 
532 176 3 4 0.024605911 
791 14 8 7 0.024456218 
289 250 40 50 0.02386599 
791 9 7 7 0.02369534 
787 8 7 8 0.023614915 
786 11 9 9 0.023597233 
235 12 18 28 0.023134323 
392 239 13 15 0.022824401 
1019 545 5 9 0.0227758 
132 132 27 42 0.022727244 
812 9 8 7 0.022326648 
942 26 17 34 0.022015514 
789 32 8 8 0.021984546 
723 209 6 6 0.021753984 
240 245 7 7 0.021589058 
332 140 26 32 0.02132357 
804 3 8 8 0.021150772 
529 231 23 26 0.020915974 
741 56 8 9 0.020646196 
1032 144 12 24 0.020636067 
525 176 3 4 0.02044062 
679 165 27 23 0.020408992 
