12_Group_Team_Organized_Group_12_Group_Team_Organized_Group_12_126
89
94 159 9 12 0.47381032 
715 348 17 29 0.14173836 
-34 276 456 424 0.05521565 
655 339 10 19 0.04944984 
476 390 11 16 0.049196932 
241 443 10 9 0.044527695 
705 407 100 100 0.04422047 
479 39 11 21 0.042190086 
197 344 490 474 0.03972979 
788 406 22 31 0.038699936 
503 62 20 42 0.037745755 
609 327 44 53 0.036877908 
496 529 35 50 0.03235528 
713 554 3 4 0.031671733 
587 42 10 18 0.031483218 
473 372 18 26 0.031361446 
420 -1 14 23 0.030827053 
674 333 36 55 0.030761115 
100 -34 251 407 0.0306759 
730 553 4 4 0.030480005 
506 424 12 14 0.029151628 
146 533 7 6 0.028956143 
871 547 4 5 0.0283533 
258 643 5 5 0.027890824 
143 534 6 5 0.027594019 
255 449 11 8 0.026616558 
108 209 6 11 0.026566638 
248 465 8 6 0.026400553 
516 306 10 14 0.026298001 
242 438 22 18 0.025857814 
1088 605 13 24 0.025804227 
261 446 10 7 0.02533733 
646 321 8 13 0.025251672 
637 5 10 19 0.025145944 
732 542 5 5 0.02502911 
516 301 23 26 0.024955455 
744 540 7 5 0.024945524 
726 554 4 4 0.024886718 
706 553 4 5 0.024869975 
677 398 8 11 0.0247249 
719 555 3 4 0.024607008 
589 22 8 15 0.02450203 
1077 531 17 29 0.024414688 
898 581 4 4 0.024375962 
646 338 9 16 0.02417588 
739 554 3 4 0.023950115 
261 644 6 5 0.02374651 
962 395 10 16 0.023647632 
919 369 8 15 0.023544518 
59 574 4 5 0.023471821 
889 647 7 8 0.023307472 
167 574 5 4 0.023293085 
1088 567 12 22 0.023068516 
710 568 4 4 0.023028487 
798 413 23 30 0.02296747 
843 403 9 13 0.02295273 
536 21 16 33 0.022489779 
752 351 12 17 0.022480465 
718 470 6 7 0.022475231 
446 332 16 23 0.022388203 
225 580 6 4 0.022180777 
639 336 20 29 0.021956239 
969 377 10 16 0.021939281 
555 355 56 78 0.021646233 
560 359 25 35 0.021596985 
725 550 5 4 0.021558318 
680 574 5 4 0.021387508 
564 561 5 4 0.021222664 
710 4 8 14 0.021165805 
807 426 11 16 0.021153826 
193 637 7 7 0.021079212 
582 1 7 11 0.02106579 
217 580 6 4 0.02096745 
484 69 18 41 0.02082035 
456 10 13 22 0.020817738 
584 580 4 5 0.020813467 
683 326 7 11 0.02064143 
1047 386 14 27 0.020593194 
1008 89 41 62 0.020564578 
662 334 18 34 0.020558778 
897 555 4 4 0.02046671 
1090 584 13 24 0.020441774 
651 319 21 32 0.02041295 
244 465 7 6 0.020411566 
1077 495 17 29 0.02041107 
193 594 5 4 0.020373082 
763 6 7 11 0.020275533 
457 315 13 19 0.020253735 
905 561 4 4 0.020089254 
