12_Group_Team_Organized_Group_12_Group_Team_Organized_Group_12_270
17
450 14 57 77 0.99924326 
309 145 38 46 0.6508747 
964 121 23 36 0.07474517 
520 455 42 48 0.06049917 
87 458 41 51 0.05792747 
947 184 17 26 0.05369461 
556 367 21 48 0.050813235 
873 151 24 40 0.043993033 
744 448 43 55 0.028093582 
888 71 19 24 0.027275242 
3 198 64 135 0.02592693 
73 228 18 32 0.023536883 
818 198 20 26 0.022600558 
1 236 17 34 0.022170508 
660 460 22 27 0.020358501 
462 370 48 65 0.02008431 
606 70 23 26 0.020082239 
