12_Group_Large_Group_12_Group_Large_Group_12_120
979
625 385 12 17 0.99414355 
578 449 14 17 0.9879313 
664 392 11 16 0.9871163 
547 391 12 16 0.9863079 
733 244 10 11 0.98616934 
648 419 12 16 0.9841276 
221 355 12 15 0.984108 
111 420 13 16 0.98187834 
664 242 9 13 0.9813441 
170 299 10 14 0.98065966 
752 328 10 13 0.97975826 
695 224 9 14 0.9784344 
150 327 11 13 0.977762 
323 293 10 14 0.9772246 
457 239 9 16 0.97718906 
548 324 11 15 0.9770494 
638 298 11 15 0.9767933 
764 425 11 17 0.9761535 
217 299 10 15 0.97592247 
376 218 9 14 0.9758631 
196 393 13 17 0.97527075 
387 390 12 18 0.9750022 
393 322 11 16 0.97463584 
805 419 11 16 0.9735474 
828 449 13 18 0.97240394 
363 294 10 14 0.9719491 
448 419 12 17 0.97074145 
544 452 15 16 0.9692984 
184 246 10 15 0.9675012 
849 419 11 15 0.9671773 
347 391 12 18 0.96687776 
670 421 10 16 0.96675 
541 217 8 13 0.966499 
209 327 11 13 0.9658612 
431 321 11 17 0.96492255 
450 379 12 17 0.9646627 
610 450 12 17 0.9638192 
291 447 13 17 0.963671 
888 281 9 12 0.963403 
394 417 13 16 0.9625449 
223 422 11 15 0.9623688 
111 356 12 15 0.96085775 
337 222 8 12 0.9604697 
803 294 11 13 0.9600695 
277 393 10 17 0.95965594 
292 271 10 14 0.9596431 
625 323 11 16 0.9583835 
425 387 12 19 0.9571955 
347 293 10 14 0.9565296 
362 449 15 16 0.9561496 
476 454 13 16 0.95431226 
189 273 10 15 0.95248264 
675 268 10 13 0.9522507 
742 350 11 15 0.9521645 
210 223 9 14 0.9519395 
93 329 11 13 0.9504679 
191 221 9 14 0.94947803 
427 358 12 17 0.9490811 
508 410 13 16 0.9487308 
453 318 10 16 0.9477205 
470 391 12 18 0.9477161 
621 418 10 17 0.94688493 
775 351 14 15 0.94607675 
694 324 10 14 0.9459066 
584 391 12 17 0.9448981 
911 296 12 14 0.9422987 
524 218 8 12 0.9410967 
120 453 11 13 0.9385351 
489 383 11 16 0.93710625 
671 348 11 15 0.93696725 
926 386 14 18 0.936957 
489 217 9 12 0.93461156 
412 322 11 14 0.9340493 
700 302 10 13 0.9335464 
293 250 8 13 0.93262255 
619 219 8 11 0.93212795 
157 394 13 17 0.93203056 
701 388 11 15 0.93176186 
878 331 10 14 0.9312979 
678 243 9 14 0.92852473 
795 444 12 17 0.9278522 
335 426 10 15 0.9273779 
550 293 12 17 0.9257212 
880 358 13 15 0.92512196 
27 362 10 16 0.9251138 
172 250 9 13 0.92449504 
77 450 15 17 0.92426765 
412 246 9 15 0.92398036 
590 266 9 15 0.92353034 
249 418 11 16 0.92275834 
354 322 12 16 0.922653 
252 297 10 15 0.9217502 
383 244 10 16 0.92062336 
466 215 8 13 0.91997075 
328 350 12 16 0.9197582 
243 325 10 15 0.91895497 
272 294 9 15 0.9177886 
43 397 11 16 0.91612756 
556 219 7 11 0.91582507 
506 216 8 13 0.9153466 
467 354 11 16 0.91517574 
774 242 9 13 0.91495353 
627 266 10 15 0.9142622 
526 381 11 16 0.9124311 
721 224 9 12 0.9101702 
465 267 9 14 0.90998167 
573 242 8 13 0.9091491 
825 275 11 14 0.90851235 
451 293 10 14 0.90829015 
311 398 13 16 0.9075821 
140 225 7 11 0.90710956 
528 322 11 15 0.90295976 
84 422 15 16 0.902782 
798 244 8 13 0.9015633 
28 388 11 16 0.8994936 
640 376 10 15 0.8994638 
152 277 10 14 0.89900464 
266 219 8 12 0.8984025 
877 418 13 15 0.8983877 
390 349 11 16 0.8977537 
658 298 10 15 0.8972996 
544 418 11 17 0.8972308 
249 220 8 13 0.8958636 
440 447 15 16 0.89553297 
100 301 11 13 0.8954871 
138 418 14 18 0.89498544 
476 422 13 17 0.8942076 
565 326 12 15 0.8939289 
405 448 13 18 0.8924419 
54 330 11 13 0.8923697 
428 296 11 16 0.8904572 
359 220 8 14 0.8882311 
571 296 11 17 0.8880906 
289 297 10 15 0.88778627 
498 301 11 14 0.8870361 
256 452 14 17 0.88668615 
763 453 10 16 0.8865767 
279 420 11 16 0.88623184 
621 297 11 15 0.88605165 
351 351 11 15 0.88580734 
153 240 9 13 0.8847507 
854 249 11 13 0.8827639 
852 329 9 15 0.8796557 
718 303 10 14 0.87839895 
511 236 9 13 0.8781933 
714 323 11 15 0.8765083 
447 218 8 13 0.87495196 
331 244 10 16 0.8748832 
510 454 13 15 0.87485915 
425 269 11 16 0.8719562 
643 219 9 12 0.8714886 
154 300 9 13 0.8708547 
739 294 9 12 0.8708181 
382 293 10 14 0.869716 
296 321 10 16 0.8691503 
61 270 8 13 0.8686355 
389 269 9 14 0.8678789 
444 268 10 14 0.86767095 
653 452 12 16 0.8675995 
502 262 10 14 0.8674021 
231 221 9 14 0.86644626 
79 241 9 14 0.86558557 
620 241 9 13 0.86555594 
428 217 8 12 0.8653377 
686 300 10 14 0.86528736 
538 267 10 15 0.86369026 
282 222 9 13 0.86302054 
720 447 13 17 0.8623963 
172 272 9 15 0.8623391 
748 378 12 17 0.8619262 
334 321 12 16 0.8617378 
368 384 12 17 0.86011326 
376 321 11 16 0.85677654 
193 419 11 14 0.8541634 
596 423 11 16 0.85258996 
473 288 11 14 0.8512077 
201 302 9 13 0.84931123 
307 271 10 15 0.8491448 
507 390 12 16 0.8486465 
47 361 10 16 0.84841186 
227 385 11 16 0.8482618 
83 224 9 12 0.847911 
738 419 11 16 0.84762233 
39 328 11 15 0.8471936 
714 415 13 18 0.84682924 
91 362 12 14 0.8433925 
508 323 10 16 0.84218323 
409 271 11 16 0.84121966 
598 221 8 12 0.84094524 
886 450 11 16 0.84068954 
70 328 11 14 0.8406742 
269 323 11 17 0.83886 
812 389 11 14 0.838757 
642 238 11 15 0.8386508 
146 457 16 16 0.83746827 
609 373 11 17 0.83706456 
716 387 10 14 0.8365212 
474 246 9 14 0.83477217 
716 268 8 12 0.8347107 
345 268 9 14 0.8327719 
423 416 12 17 0.83159995 
821 353 11 15 0.83153397 
169 421 13 16 0.8310374 
902 349 12 16 0.830839 
354 242 9 14 0.8306248 
174 222 8 12 0.8297102 
944 350 9 13 0.82948136 
88 283 9 12 0.8281996 
180 326 10 14 0.82747686 
516 297 9 13 0.8267718 
57 421 10 16 0.8253863 
155 224 8 11 0.82378733 
484 265 10 15 0.8220817 
74 302 10 13 0.81983274 
671 327 9 14 0.8181111 
309 245 10 15 0.8169786 
408 291 9 14 0.8140168 
790 384 12 16 0.8137764 
271 271 10 17 0.81122726 
50 298 8 13 0.811031 
406 347 11 17 0.81021756 
790 271 9 14 0.8087426 
864 297 9 14 0.80856365 
695 266 10 13 0.8057018 
495 354 10 15 0.80539745 
874 253 9 13 0.80422056 
647 268 9 14 0.8032064 
562 379 13 16 0.80265963 
593 241 9 14 0.8022374 
767 294 9 13 0.80215836 
786 225 9 11 0.8006994 
239 355 10 14 0.79989153 
570 220 8 13 0.79832375 
736 270 9 13 0.79332054 
633 346 10 17 0.79293513 
520 264 9 16 0.7903821 
729 325 9 13 0.7892668 
677 385 10 16 0.78911304 
555 344 11 16 0.787721 
610 324 11 14 0.78615063 
410 384 10 17 0.7850916 
691 421 13 17 0.7845982 
280 355 10 14 0.7837563 
796 325 11 14 0.7796484 
885 298 10 13 0.7789947 
395 220 8 13 0.7788652 
363 418 13 17 0.7783786 
784 416 11 15 0.77766633 
820 326 11 15 0.77506477 
531 238 9 13 0.7744738 
210 271 10 15 0.772526 
852 450 13 16 0.77134895 
135 271 11 15 0.77043337 
718 346 10 14 0.76977074 
309 421 10 15 0.7696544 
324 271 9 13 0.7649734 
226 459 12 14 0.7631849 
764 270 10 13 0.76256245 
204 356 10 15 0.7611065 
961 426 11 13 0.75961155 
581 348 10 15 0.7589646 
902 390 11 15 0.7586309 
824 418 11 17 0.75857943 
304 295 9 13 0.7585199 
130 301 10 12 0.75844914 
691 453 13 16 0.7570311 
564 265 9 14 0.75656724 
865 276 11 13 0.74748504 
526 347 11 16 0.7453029 
493 235 10 14 0.74442416 
121 332 11 14 0.7443008 
302 224 8 13 0.7421369 
135 243 8 13 0.74176496 
221 245 9 15 0.7309764 
317 221 8 12 0.72868115 
276 247 9 14 0.72846144 
865 386 10 16 0.7261824 
701 244 10 13 0.72493935 
807 273 9 14 0.72441393 
825 297 11 15 0.72240883 
762 349 11 12 0.71842515 
690 347 11 14 0.71550894 
303 351 11 16 0.7146199 
885 391 12 17 0.71291393 
139 358 12 13 0.7104376 
115 243 8 12 0.70997185 
121 279 8 14 0.70941985 
737 393 10 17 0.7038207 
488 319 10 14 0.7028986 
253 355 11 15 0.6981041 
596 296 10 13 0.6918494 
146 389 11 14 0.6858778 
80 391 11 17 0.6851002 
370 353 11 16 0.68419784 
825 226 8 12 0.6827268 
585 219 8 12 0.68187946 
182 358 9 14 0.6795841 
267 355 10 15 0.6764231 
956 446 14 18 0.66589105 
239 391 11 17 0.6655413 
257 382 11 16 0.6626524 
838 250 10 12 0.6619823 
100 242 8 12 0.65102714 
771 327 9 13 0.6508561 
120 396 11 16 0.64378285 
413 218 8 12 0.6434605 
842 296 9 14 0.6373143 
106 393 12 17 0.6322628 
230 270 10 15 0.62909925 
572 423 10 16 0.62278837 
370 273 8 13 0.6217732 
851 384 12 17 0.61217 
755 244 9 13 0.6093725 
67 364 10 14 0.6083021 
267 416 9 17 0.6079082 
904 326 8 15 0.60601777 
187 388 9 14 0.6042545 
841 352 11 15 0.60107976 
608 270 9 13 0.60040045 
101 226 7 10 0.5995815 
820 245 9 14 0.5974924 
435 246 9 14 0.59129184 
916 271 11 11 0.583645 
238 245 9 14 0.58028984 
846 277 11 14 0.5708886 
469 319 10 15 0.56637824 
796 351 11 13 0.56422436 
653 324 11 14 0.5578727 
200 243 10 14 0.55421877 
302 383 10 15 0.54348624 
924 424 13 15 0.5322933 
863 357 10 15 0.53064406 
823 386 11 16 0.52036756 
185 458 13 15 0.5163357 
776 390 10 16 0.5130924 
336 452 12 15 0.502233 
652 347 10 15 0.50037634 
532 295 9 13 0.49308258 
787 295 9 14 0.467926 
116 226 8 10 0.4677222 
588 328 11 16 0.45911065 
554 236 8 12 0.45345494 
772 224 8 11 0.45062244 
235 297 10 15 0.44895753 
337 384 10 15 0.44672763 
102 280 9 13 0.40601662 
606 349 10 14 0.3993679 
932 419 11 14 0.38968316 
773 378 9 15 0.38524064 
901 252 9 10 0.36283538 
166 358 10 13 0.36268392 
68 385 10 16 0.35398784 
900 268 9 12 0.35234213 
917 453 11 14 0.33180267 
679 224 8 12 0.32770988 
248 253 9 16 0.3251691 
721 248 8 12 0.32203284 
900 419 11 16 0.30799356 
852 226 9 11 0.29894793 
372 241 8 14 0.26603836 
308 355 11 15 0.25891212 
675 308 9 15 0.25809595 
802 229 7 11 0.24926664 
662 221 9 12 0.23815423 
580 412 11 15 0.22603917 
194 298 8 13 0.21182792 
881 225 9 10 0.19414736 
815 224 8 12 0.19317311 
347 425 11 16 0.19306193 
74 388 12 16 0.19292437 
232 387 14 18 0.18779133 
28 285 11 15 0.1849763 
249 268 9 14 0.18116345 
9 332 10 15 0.16939557 
670 218 7 11 0.16904564 
914 255 9 9 0.16588862 
881 248 8 11 0.1657434 
766 309 10 15 0.16507937 
45 282 7 11 0.15222648 
35 295 10 14 0.15215379 
105 461 12 13 0.1495706 
932 350 9 15 0.14772806 
786 471 10 16 0.14344226 
742 224 8 10 0.14144744 
61 327 10 13 0.14103769 
95 480 11 14 0.13874006 
43 351 10 17 0.13834713 
762 298 9 13 0.13811286 
96 238 8 13 0.13753717 
306 460 14 14 0.13476798 
746 225 8 11 0.13458574 
719 320 9 13 0.1342171 
899 450 11 15 0.1335663 
185 307 8 13 0.13164674 
649 219 8 11 0.13096474 
670 461 12 16 0.12720089 
283 414 13 19 0.12714268 
273 356 10 14 0.12555411 
497 453 14 14 0.123274334 
920 231 9 11 0.12170479 
170 326 9 13 0.121091045 
432 220 8 13 0.118943 
895 244 9 9 0.11667792 
39 355 8 16 0.10992868 
335 469 13 19 0.108031206 
278 293 9 15 0.103634916 
329 269 9 13 0.10333023 
915 235 9 10 0.103170805 
623 237 9 13 0.10048883 
332 447 11 15 0.09972961 
974 340 13 15 0.09964329 
136 229 7 10 0.099265076 
119 246 8 12 0.099024765 
92 281 9 13 0.09776073 
897 250 9 11 0.09680804 
719 272 10 13 0.09565843 
516 320 8 15 0.09562953 
521 295 9 13 0.09448812 
899 230 9 10 0.092790246 
193 458 11 14 0.09206156 
818 218 7 11 0.09171326 
915 422 11 14 0.09060928 
103 484 11 14 0.089192286 
947 313 10 13 0.088667475 
933 258 8 10 0.08821221 
936 209 5 6 0.08758011 
237 399 10 15 0.086490326 
770 242 8 12 0.08607367 
258 353 14 19 0.08567805 
761 224 7 11 0.0853755 
839 224 6 10 0.084979914 
393 451 11 14 0.084745206 
533 345 10 14 0.08441603 
199 355 9 16 0.08440545 
906 252 9 9 0.083544515 
954 327 9 12 0.08280551 
892 448 11 16 0.08209577 
83 361 9 15 0.081150554 
367 485 13 14 0.0801357 
436 493 14 13 0.0796932 
820 213 7 9 0.079584844 
363 242 7 13 0.078834385 
105 284 10 13 0.078560844 
919 370 9 14 0.07827452 
781 224 7 12 0.07817527 
896 238 8 9 0.078028925 
684 212 7 9 0.077638246 
50 328 10 13 0.07588074 
509 486 13 11 0.075797826 
296 424 11 16 0.075176604 
277 457 13 14 0.07338442 
741 219 8 10 0.07322726 
892 387 14 18 0.07187604 
301 346 9 15 0.07174788 
935 231 7 8 0.07125264 
610 343 9 14 0.070304684 
602 344 10 14 0.07030107 
252 258 10 16 0.07015572 
176 352 10 14 0.07007428 
876 229 9 10 0.06952246 
728 230 7 10 0.06895948 
925 230 9 11 0.0688914 
446 348 10 16 0.06842394 
938 287 13 15 0.06820761 
144 224 7 11 0.068093486 
851 321 9 14 0.06726327 
157 421 11 14 0.06690785 
444 219 6 10 0.06503496 
11 327 8 12 0.06439581 
907 231 8 10 0.06415441 
903 298 7 13 0.06373198 
86 353 11 14 0.06307533 
163 364 12 17 0.06287694 
953 424 11 16 0.06127187 
503 354 9 15 0.061135966 
108 243 7 12 0.06109644 
922 225 8 8 0.06066753 
511 367 10 15 0.06051516 
561 219 7 10 0.060461324 
167 460 12 14 0.059847623 
680 210 7 9 0.05926857 
70 421 9 14 0.058834363 
41 454 9 13 0.058649827 
967 370 9 13 0.058350604 
949 209 5 6 0.058048707 
574 413 11 17 0.05670561 
467 241 8 14 0.056146447 
148 238 7 11 0.05585728 
780 279 8 13 0.055370457 
809 477 10 15 0.05497837 
666 325 9 13 0.054828838 
166 295 10 15 0.054224573 
944 432 9 14 0.054048028 
652 211 8 9 0.05388401 
588 368 9 16 0.05384826 
54 362 9 15 0.05382737 
698 211 7 9 0.053738043 
521 218 6 10 0.053408053 
296 268 10 14 0.053084034 
928 261 8 9 0.053083804 
861 225 10 11 0.052674547 
896 219 5 6 0.052638445 
242 252 10 15 0.052456636 
586 344 10 15 0.052341472 
323 468 11 16 0.052041415 
941 270 8 10 0.051765736 
897 226 7 8 0.05165133 
53 460 12 14 0.05154721 
518 254 9 13 0.050825756 
869 216 8 10 0.05032156 
732 330 10 13 0.049843904 
861 216 9 10 0.049670845 
670 366 10 16 0.049282197 
933 337 9 14 0.049135555 
595 407 10 14 0.04843098 
878 244 9 11 0.048393045 
142 491 15 16 0.04837015 
1012 201 5 6 0.048325256 
1010 223 8 9 0.048154406 
756 225 6 11 0.048017133 
767 237 8 11 0.04779497 
324 315 10 16 0.04756851 
66 269 8 12 0.047476552 
741 263 7 11 0.046928 
555 246 8 14 0.04684582 
670 213 7 8 0.04679484 
532 375 12 16 0.046474762 
955 286 9 13 0.046400294 
847 298 9 13 0.0462219 
927 220 7 6 0.046171486 
918 458 14 20 0.046149544 
73 362 10 15 0.046037722 
271 415 14 20 0.04592737 
147 321 10 14 0.045822807 
335 414 11 15 0.0457126 
600 402 9 15 0.04521664 
777 245 10 13 0.045098234 
12 319 8 11 0.0450651 
610 277 12 16 0.045045953 
106 382 11 15 0.044951174 
935 227 7 7 0.04444687 
935 238 7 7 0.044114042 
756 452 10 16 0.044005413 
843 231 7 10 0.043119915 
903 190 5 6 0.043001175 
112 396 14 18 0.04285969 
470 217 7 12 0.04283984 
939 353 11 14 0.04278236 
941 213 5 6 0.04272556 
833 250 9 11 0.04254399 
285 442 12 15 0.04250377 
914 264 8 10 0.04247346 
503 286 9 13 0.042321566 
689 212 7 10 0.042200092 
799 413 11 16 0.042172365 
34 287 10 14 0.04215154 
683 218 8 11 0.04193531 
723 238 7 10 0.04188155 
839 230 7 10 0.04154922 
919 280 9 11 0.04152108 
319 316 9 16 0.041466065 
212 320 12 15 0.041342944 
583 215 6 8 0.041327063 
461 270 9 15 0.04107064 
930 181 4 5 0.041042473 
501 492 13 11 0.040839504 
141 222 6 8 0.040819257 
954 276 7 10 0.04077929 
871 230 8 9 0.040631875 
896 486 12 14 0.04037541 
683 207 7 8 0.03991894 
149 419 12 15 0.03974061 
368 285 10 16 0.039481767 
904 219 6 7 0.039437562 
933 290 11 14 0.039377887 
487 236 9 13 0.039136026 
654 339 12 16 0.039051924 
37 441 8 13 0.03897616 
116 351 13 17 0.03883603 
823 346 10 15 0.0384981 
949 212 5 5 0.03819915 
553 220 5 9 0.038197353 
229 323 10 16 0.03800505 
186 293 8 13 0.037924167 
387 457 13 15 0.037860543 
904 340 11 15 0.037736014 
838 258 10 14 0.037574198 
684 369 10 15 0.037465837 
858 212 8 9 0.03743849 
209 245 8 15 0.037334755 
534 403 10 14 0.03726325 
954 213 5 5 0.037116703 
364 269 8 13 0.03707007 
70 452 10 15 0.03697524 
781 213 7 9 0.03692774 
247 243 8 15 0.036924675 
919 256 9 9 0.036893398 
924 417 14 14 0.036889717 
938 296 12 15 0.03677548 
961 207 5 6 0.036740523 
700 263 10 12 0.036531918 
893 298 8 13 0.03648278 
667 208 6 7 0.036454234 
737 223 8 10 0.036423866 
594 416 11 15 0.03635861 
1019 173 5 8 0.036351766 
894 413 11 16 0.036348335 
803 246 8 13 0.03627879 
928 214 6 6 0.03599538 
684 344 11 13 0.035987873 
132 308 10 15 0.03598557 
666 212 7 9 0.035909113 
421 487 10 12 0.035708543 
326 421 10 14 0.035633408 
907 243 8 9 0.035632517 
3 362 9 14 0.03555058 
75 404 10 16 0.03547816 
724 210 6 9 0.035211816 
289 417 13 20 0.035137054 
920 251 8 8 0.03499561 
499 256 9 14 0.03482375 
415 215 6 9 0.034707025 
88 266 7 13 0.034619104 
171 409 11 14 0.034319084 
76 424 10 15 0.034278017 
550 347 11 17 0.034159828 
477 487 14 14 0.03393184 
1077 324 14 23 0.03369231 
769 220 7 10 0.033504184 
340 421 13 20 0.03348973 
929 201 5 6 0.033471078 
940 208 5 6 0.033399127 
706 383 12 14 0.033382643 
890 218 6 7 0.033275075 
896 264 7 11 0.033036727 
88 237 8 12 0.03295866 
934 284 10 10 0.03276369 
401 219 6 10 0.03276099 
859 254 9 12 0.032701172 
748 266 8 13 0.032662906 
0 363 6 13 0.032538015 
901 246 7 8 0.032486968 
751 243 8 11 0.032350946 
644 451 15 19 0.032348823 
908 201 6 6 0.03226046 
32 330 9 15 0.03205545 
818 275 9 13 0.031939432 
571 329 11 15 0.031913377 
375 238 12 19 0.03190519 
615 420 9 16 0.031901963 
924 452 10 14 0.031895425 
176 247 12 18 0.031760126 
194 268 10 16 0.031755697 
98 229 7 10 0.031622592 
765 337 12 13 0.031587057 
812 213 7 9 0.031521093 
907 269 8 10 0.03151192 
908 227 7 7 0.0313778 
1015 293 8 13 0.03136972 
243 267 8 13 0.031357247 
940 263 6 8 0.031308096 
896 206 6 7 0.03124677 
197 325 9 14 0.031245168 
943 331 10 13 0.031220753 
403 241 7 13 0.031217154 
447 358 10 18 0.031199494 
80 311 10 13 0.03110914 
716 368 9 14 0.031073721 
425 219 5 10 0.031035393 
816 400 11 14 0.0310168 
786 212 6 9 0.030673046 
271 247 8 13 0.030660182 
340 268 8 12 0.03061256 
386 288 9 15 0.030543141 
585 353 11 16 0.030536434 
179 236 8 12 0.030523874 
907 217 8 9 0.030495312 
790 227 8 12 0.030380875 
939 283 10 10 0.030369895 
869 226 8 10 0.030199809 
224 268 9 13 0.030186955 
31 442 8 12 0.03016197 
761 209 8 11 0.030081743 
962 201 4 5 0.029948069 
654 208 6 7 0.02987442 
918 263 10 11 0.029867128 
323 218 8 11 0.029801406 
403 267 8 14 0.02978916 
645 393 10 15 0.029759556 
772 320 11 15 0.029733036 
216 374 10 15 0.029707886 
43 293 9 15 0.029652616 
889 213 5 8 0.029649094 
799 237 8 13 0.029625865 
910 189 5 6 0.02956772 
842 223 8 10 0.02951827 
904 426 10 15 0.029414102 
624 218 7 10 0.02940344 
189 313 9 13 0.029383592 
228 242 9 14 0.029351491 
814 220 7 8 0.02934944 
616 447 13 17 0.029336853 
1020 186 6 8 0.02925319 
768 211 6 8 0.029244794 
204 269 10 16 0.029164921 
140 452 12 16 0.029140238 
922 221 7 6 0.029031476 
962 348 10 15 0.028949527 
838 219 7 10 0.028908243 
522 339 10 15 0.028888492 
929 207 6 6 0.028811019 
767 369 10 14 0.028770247 
761 316 9 15 0.02874919 
768 227 9 13 0.028693534 
1068 271 12 22 0.028689135 
50 275 8 11 0.028661733 
32 343 8 14 0.02862938 
539 214 6 9 0.028583687 
909 193 5 6 0.02846999 
752 371 11 15 0.028456999 
187 223 8 12 0.028410817 
373 219 7 11 0.028405458 
849 211 8 9 0.028310193 
492 256 8 13 0.028291414 
472 239 9 13 0.028135395 
700 396 14 18 0.028133065 
309 293 9 14 0.028115101 
216 416 10 14 0.028053407 
894 274 8 11 0.02803942 
1011 179 6 7 0.028031038 
942 219 5 6 0.027982565 
663 228 9 12 0.027878854 
837 245 8 11 0.02787503 
108 231 7 9 0.027732385 
775 205 6 9 0.027716082 
703 240 9 10 0.02765127 
935 246 7 7 0.027570028 
80 427 15 18 0.027437696 
187 219 6 9 0.027434012 
882 220 7 8 0.027368935 
405 273 9 15 0.027266666 
558 266 9 14 0.027168954 
689 218 9 11 0.027157804 
747 218 7 10 0.027121952 
261 293 8 14 0.02704372 
990 330 12 15 0.027009876 
568 416 10 16 0.026945323 
54 295 8 13 0.026875097 
886 231 9 8 0.026848603 
746 288 8 13 0.026837835 
782 268 6 11 0.026790384 
935 250 8 9 0.026752727 
811 457 10 16 0.026715567 
799 269 8 13 0.026676495 
464 213 6 10 0.02663927 
206 227 8 13 0.026631726 
780 219 7 9 0.026598608 
594 287 10 15 0.026592342 
942 188 4 6 0.026551194 
592 343 10 14 0.026496833 
252 249 9 15 0.02642818 
939 336 10 15 0.026423035 
927 345 11 15 0.02638944 
190 325 9 15 0.026345221 
728 294 10 13 0.026345102 
528 336 12 18 0.026331916 
305 392 12 17 0.02630252 
637 457 13 13 0.026299663 
599 247 8 13 0.026261512 
501 293 10 14 0.026203351 
102 388 11 17 0.026196057 
353 220 6 9 0.02615293 
273 218 8 11 0.02611308 
942 183 4 4 0.026088195 
903 215 6 6 0.026076626 
959 301 8 10 0.026054373 
954 209 4 6 0.026023773 
787 370 8 13 0.026017727 
683 228 7 10 0.025930574 
128 263 8 12 0.025930539 
949 200 5 6 0.025885524 
237 324 9 15 0.02584547 
1016 225 7 9 0.02578174 
659 207 6 7 0.025779892 
936 194 5 6 0.025759656 
1011 195 5 5 0.025725313 
435 444 11 17 0.02558836 
165 305 9 12 0.025588233 
11 362 8 14 0.025519257 
875 237 9 10 0.025457859 
736 31 17 36 0.02545567 
241 294 9 15 0.025443882 
127 237 7 10 0.025405655 
698 457 11 15 0.025402492 
176 227 9 13 0.025395218 
761 306 9 13 0.0253685 
621 267 9 14 0.02536439 
945 273 9 12 0.025326826 
886 414 12 16 0.025302624 
747 211 7 10 0.025218867 
35 281 10 12 0.025213953 
786 242 7 11 0.02520667 
1020 213 5 7 0.025151772 
673 416 11 16 0.025078429 
668 238 9 11 0.02507534 
966 201 5 6 0.025050059 
788 319 9 14 0.02502708 
5 327 9 12 0.02499671 
914 219 7 7 0.024972087 
903 454 16 21 0.024925118 
146 229 7 11 0.024840249 
326 236 9 15 0.024770098 
916 207 6 7 0.024728158 
701 378 11 14 0.024720902 
0 339 5 13 0.024657842 
716 236 8 11 0.024634102 
787 263 7 11 0.024610855 
505 231 9 13 0.02457195 
1083 242 11 18 0.024559341 
947 423 9 13 0.024517667 
396 215 6 10 0.024476413 
709 205 7 10 0.024446545 
44 467 9 14 0.02441397 
2 419 15 22 0.024367765 
939 428 9 13 0.02436306 
114 300 8 14 0.0243488 
645 345 10 15 0.024334423 
911 483 11 15 0.024333904 
590 237 9 13 0.024289848 
101 268 8 11 0.02425225 
167 268 8 14 0.024226747 
1018 239 7 10 0.024207119 
710 224 7 11 0.024181841 
731 268 8 11 0.024133626 
541 382 12 15 0.024101991 
966 208 5 6 0.024086064 
120 237 8 14 0.02397512 
922 200 6 6 0.023939217 
922 213 6 5 0.02391855 
775 213 6 8 0.023876691 
692 271 9 14 0.023870904 
399 320 10 14 0.023772724 
25 440 7 12 0.023735955 
5 318 9 12 0.023718638 
498 249 8 12 0.023707643 
243 418 11 16 0.023662796 
1015 121 8 12 0.023618156 
309 445 13 13 0.023593701 
263 454 14 16 0.02355067 
739 248 8 10 0.023540474 
1003 231 7 9 0.023518523 
109 513 17 14 0.023495775 
738 453 11 15 0.023468541 
38 394 10 16 0.023464138 
1006 181 6 7 0.023420217 
127 243 8 11 0.023384742 
108 225 6 9 0.023375075 
997 142 7 8 0.023334812 
743 212 7 9 0.02332563 
545 293 9 14 0.023303311 
742 258 7 9 0.023299508 
726 344 9 13 0.023206115 
617 375 11 15 0.023198187 
342 223 8 12 0.023191066 
339 290 10 15 0.023171006 
814 234 7 11 0.023158636 
714 441 13 18 0.023156226 
1007 220 6 8 0.023100598 
963 213 4 5 0.023043877 
1074 296 13 24 0.023040472 
948 224 6 7 0.023016024 
215 459 10 13 0.022920083 
507 399 14 19 0.022856627 
740 330 10 12 0.02281559 
1018 162 6 8 0.022755018 
908 265 8 8 0.02275341 
63 321 9 11 0.022747155 
947 487 10 11 0.02272466 
495 318 9 14 0.022704257 
685 318 8 14 0.02269512 
424 213 5 8 0.022689564 
143 365 12 16 0.022628263 
499 213 7 8 0.02262492 
560 235 8 12 0.022594182 
855 275 10 11 0.022575203 
341 474 12 16 0.022568332 
166 243 8 12 0.022560172 
973 188 4 5 0.022551961 
877 218 7 8 0.022507858 
472 415 10 14 0.022468748 
568 286 10 15 0.02243528 
365 278 10 15 0.022415953 
777 398 11 16 0.022414044 
515 393 10 15 0.022373661 
313 317 9 15 0.022270812 
630 420 10 15 0.022265611 
767 205 7 10 0.02224876 
84 262 7 12 0.02221475 
831 218 8 10 0.02221302 
832 244 7 10 0.022211907 
158 310 10 14 0.022199033 
670 208 6 7 0.022196013 
148 299 9 13 0.022190444 
706 243 8 11 0.022174083 
244 219 7 10 0.02212214 
127 274 8 14 0.022120394 
913 290 10 13 0.022108119 
740 278 9 13 0.022087289 
937 189 3 5 0.021984177 
146 220 7 8 0.021961305 
178 458 12 14 0.02195526 
263 494 13 12 0.021938777 
718 244 7 11 0.021916669 
186 269 9 15 0.021898022 
563 321 10 14 0.021814661 
453 500 14 12 0.021795658 
46 500 12 15 0.021752832 
203 294 9 15 0.021737162 
823 410 11 15 0.021684283 
949 345 9 14 0.021669533 
875 213 8 9 0.021664843 
550 232 8 11 0.021660544 
720 295 11 15 0.021610534 
858 355 10 15 0.021593975 
671 293 8 14 0.021590227 
805 256 8 13 0.021585982 
408 235 9 15 0.021565506 
1012 162 5 6 0.021553854 
1084 214 13 25 0.021409674 
1012 112 6 7 0.021408655 
116 280 9 14 0.021373244 
770 307 10 14 0.02136735 
17 324 9 14 0.02136584 
735 290 10 12 0.021322627 
657 267 8 13 0.021264926 
519 214 6 7 0.021198126 
920 207 6 7 0.02119029 
510 288 9 14 0.021143751 
803 234 8 13 0.021133564 
830 316 8 15 0.021095324 
357 267 9 14 0.021094255 
606 220 7 9 0.021075731 
913 213 7 7 0.021024868 
682 286 9 13 0.021020168 
709 257 8 10 0.021004634 
859 299 9 13 0.020944329 
778 198 7 10 0.020924686 
15 335 10 15 0.020904081 
1069 250 12 22 0.02085699 
825 204 7 10 0.020840822 
941 194 5 7 0.020746112 
806 218 7 9 0.020715129 
160 356 10 14 0.020674132 
443 214 5 8 0.020603832 
592 466 11 15 0.02057382 
1006 189 4 5 0.020553304 
821 491 12 17 0.020505922 
217 252 9 15 0.020503724 
422 287 8 14 0.020501627 
633 219 7 9 0.020483628 
92 340 12 17 0.020481875 
147 274 9 14 0.020459594 
1080 351 15 24 0.020453922 
10 394 10 15 0.020440381 
657 279 10 14 0.020357009 
247 383 10 15 0.020354021 
927 288 10 12 0.020348595 
102 222 6 8 0.020270223 
335 496 12 13 0.020262305 
312 238 9 15 0.020159744 
30 319 9 14 0.020151148 
447 312 10 17 0.020136831 
686 201 5 7 0.020126568 
626 288 10 13 0.020122305 
477 310 10 15 0.020118702 
529 312 11 16 0.020094164 
921 350 10 14 0.02008024 
657 367 9 15 0.02001534 
824 219 8 10 0.020009331 
