12_Group_Team_Organized_Group_12_Group_Team_Organized_Group_12_442
86
524 181 21 30 0.9994646 
760 183 22 29 0.9994628 
455 210 21 28 0.99912316 
199 185 21 28 0.99671644 
809 165 22 35 0.9896499 
969 222 24 23 0.9738721 
661 202 31 38 0.94066674 
246 193 19 40 0.85010904 
379 206 15 29 0.71486896 
29 219 21 35 0.6889485 
605 137 26 29 0.6435405 
127 188 11 23 0.58569825 
551 166 13 17 0.29706103 
1015 282 11 19 0.29205453 
1015 242 12 20 0.23790999 
126 206 19 25 0.23211314 
877 268 19 21 0.10614574 
1000 176 11 15 0.1019433 
1015 228 16 27 0.09427443 
-4 219 62 109 0.07873243 
1009 178 17 24 0.07644773 
261 172 8 18 0.071937524 
534 86 13 11 0.069523185 
6 362 25 48 0.06487432 
256 176 7 16 0.060545094 
562 201 13 18 0.060226053 
158 169 34 42 0.05769458 
553 178 13 25 0.05653169 
101 240 10 17 0.05637464 
780 153 22 28 0.05140199 
772 152 11 18 0.049736336 
986 219 14 18 0.048973635 
677 205 27 31 0.04727537 
867 238 12 20 0.046478353 
803 151 18 30 0.045110833 
24 158 22 36 0.04323777 
516 192 12 17 0.04117299 
796 134 24 26 0.039022062 
832 159 24 22 0.038291905 
1024 215 19 32 0.03727851 
978 287 11 19 0.03693024 
517 88 12 11 0.03513762 
451 273 11 17 0.03428604 
559 174 10 17 0.03257986 
224 209 8 15 0.032429703 
790 146 22 28 0.03141004 
991 173 38 45 0.031255428 
549 91 12 11 0.030594112 
1017 224 7 14 0.030163899 
521 176 14 16 0.029617596 
615 360 25 35 0.029427951 
137 199 10 17 0.029257765 
118 215 17 24 0.029040616 
148 191 18 24 0.028930645 
777 131 9 12 0.028164655 
994 214 20 25 0.027938686 
978 203 41 44 0.027864559 
191 193 11 17 0.027802592 
622 152 22 32 0.026861504 
255 176 15 36 0.026461698 
601 151 19 36 0.025910452 
1017 168 16 24 0.0257889 
1012 251 10 16 0.02572863 
790 135 15 16 0.025507893 
31 189 11 20 0.025123527 
707 85 11 13 0.024738671 
693 211 12 19 0.024529396 
517 230 27 39 0.024039434 
818 163 37 45 0.023978267 
493 231 21 39 0.023927288 
849 181 11 16 0.023746213 
1037 210 27 45 0.02338916 
636 161 9 19 0.023125075 
867 214 14 12 0.023017194 
172 189 20 27 0.022948362 
882 394 8 10 0.02286691 
964 326 11 13 0.022016997 
213 216 10 17 0.021358803 
854 170 17 25 0.021142118 
608 337 42 71 0.02110842 
168 244 12 18 0.021012023 
501 194 20 24 0.020730114 
402 418 31 33 0.020728339 
477 85 9 17 0.020655273 
233 199 19 33 0.020148547 
1013 378 6 9 0.020040445 
