12_Group_Group_12_Group_Group_12_522
102
504 389 45 54 0.99992764 
654 399 43 52 0.9999069 
598 264 41 47 0.9998412 
491 243 42 59 0.9998363 
791 282 47 54 0.9998299 
886 288 43 56 0.9998234 
358 403 47 55 0.99978775 
371 301 38 48 0.99977463 
111 228 46 48 0.99968684 
263 294 41 46 0.99961394 
721 296 43 47 0.9995229 
187 231 42 50 0.99951315 
397 228 37 50 0.9994542 
685 230 41 47 0.9990784 
300 233 39 42 0.9982008 
820 242 37 54 0.9945478 
273 689 27 21 0.4249698 
364 635 33 26 0.4101246 
827 728 22 22 0.40675318 
385 688 20 27 0.30241314 
48 439 28 42 0.2761153 
335 626 21 21 0.23535736 
440 340 35 63 0.19724447 
231 704 12 20 0.15481678 
419 697 18 29 0.15077505 
609 716 20 19 0.14984685 
727 215 10 13 0.13729768 
750 170 9 14 0.13552679 
322 633 20 20 0.115310386 
242 684 23 20 0.10280196 
583 731 45 38 0.09641967 
343 615 19 20 0.09179787 
444 582 15 14 0.08457484 
430 635 25 16 0.068046965 
862 755 21 14 0.06707783 
498 731 20 30 0.05530892 
365 629 21 15 0.054440755 
719 188 10 14 0.053253766 
593 455 21 19 0.050582435 
347 606 15 12 0.04296667 
662 295 27 31 0.04218532 
182 683 9 17 0.039319288 
427 387 33 53 0.038702846 
679 355 40 48 0.038284894 
160 717 9 15 0.037391838 
429 606 19 12 0.036997434 
388 593 13 10 0.03678494 
407 672 38 52 0.034816086 
381 16 21 24 0.033748537 
629 731 20 24 0.03315365 
140 713 7 14 0.03302678 
389 640 16 17 0.031744372 
792 328 323 404 0.031678844 
381 629 27 23 0.031669747 
408 696 9 13 0.03132979 
584 745 19 18 0.03095638 
35 424 57 78 0.030272527 
378 607 17 10 0.029822301 
287 697 15 15 0.029717276 
395 692 18 25 0.029275857 
384 720 16 27 0.028815 
393 724 10 16 0.028358186 
742 196 6 9 0.028020147 
737 172 7 9 0.028016914 
210 676 18 24 0.028014006 
656 635 31 23 0.027911272 
406 700 18 27 0.02784726 
594 749 16 15 0.027307488 
295 714 20 18 0.027064405 
436 412 29 47 0.02673895 
748 214 8 11 0.026038704 
280 681 28 22 0.025826631 
320 694 15 13 0.025534743 
167 696 8 15 0.025406115 
379 697 21 30 0.024797445 
286 708 20 22 0.02416778 
364 695 19 27 0.023933357 
740 176 8 12 0.023917077 
126 713 7 11 0.023851419 
426 601 14 10 0.023530258 
413 733 16 28 0.023383044 
698 295 26 31 0.023381054 
145 713 10 18 0.023289539 
434 695 9 15 0.023048526 
400 602 13 11 0.02290072 
604 662 24 22 0.022759082 
482 653 211 192 0.022739893 
354 228 7 10 0.022672234 
416 638 31 21 0.022577802 
707 698 25 38 0.02199861 
391 605 16 11 0.021988314 
193 719 6 12 0.021018617 
76 319 44 56 0.020981032 
391 611 14 10 0.020865526 
243 36 6 9 0.020835092 
598 727 26 25 0.020680474 
406 643 16 13 0.020621741 
753 432 20 34 0.020527741 
160 718 16 31 0.020478353 
881 271 10 19 0.020288048 
418 632 17 11 0.020266484 
0 630 89 129 0.020169185 
