12_Group_Large_Group_12_Group_Large_Group_12_1007
164
6 158 29 34 0.9985825 
977 197 21 27 0.99675035 
111 140 27 38 0.99645966 
369 232 37 53 0.99633634 
529 193 42 57 0.9962947 
261 150 30 37 0.99322623 
634 210 39 51 0.9932018 
449 198 31 43 0.992634 
678 239 43 65 0.9781676 
345 164 31 42 0.97628695 
229 192 35 60 0.8903235 
604 219 20 30 0.85536516 
645 334 29 28 0.732131 
159 152 18 28 0.51655906 
389 180 25 28 0.18340686 
798 83 10 15 0.0966773 
604 269 14 18 0.08756427 
587 216 32 46 0.08728943 
485 70 7 12 0.074768126 
767 236 42 53 0.07453643 
969 209 11 16 0.072704524 
870 221 24 41 0.072387815 
566 175 17 33 0.061128665 
824 248 72 91 0.059736524 
62 7 5 8 0.05661179 
26 4 5 6 0.05642186 
950 297 13 13 0.055851415 
510 173 6 11 0.055420328 
382 189 23 31 0.054450504 
539 608 42 45 0.053438198 
507 174 6 9 0.05335927 
757 178 19 22 0.052986298 
537 26 6 9 0.05179681 
433 17 10 13 0.04906368 
150 145 32 54 0.048424564 
545 39 7 9 0.046068527 
994 201 9 17 0.045708846 
380 2 5 6 0.04534296 
426 174 7 9 0.04508053 
675 283 34 36 0.044583805 
851 219 31 49 0.043542575 
882 161 7 12 0.04352661 
125 15 64 127 0.04341942 
701 244 72 76 0.043318853 
643 624 20 21 0.04236438 
442 3 5 5 0.042232897 
436 3 4 4 0.04209058 
379 8 6 7 0.041352477 
59 3 4 6 0.041254602 
758 71 9 10 0.04075933 
809 182 13 16 0.040222805 
468 246 29 53 0.038872685 
504 74 8 14 0.038330935 
620 213 20 32 0.038207244 
421 173 8 10 0.03718942 
77 3 4 6 0.0370073 
96 62 9 14 0.036764227 
532 45 6 9 0.03546636 
249 391 20 29 0.035221513 
532 28 5 7 0.034611687 
167 6 6 9 0.034272034 
306 210 28 47 0.034055896 
496 225 21 25 0.033294596 
443 0 3 3 0.033221886 
971 217 11 17 0.033122446 
691 4 8 10 0.03254883 
39 2 4 6 0.0323046 
846 624 26 25 0.032291915 
556 31 6 9 0.032010477 
7 2 4 5 0.031581186 
972 203 11 15 0.03106796 
71 3 4 6 0.031047132 
19 87 8 14 0.030825837 
666 335 14 17 0.030793456 
749 51 7 11 0.030396009 
674 233 24 43 0.030387284 
171 3 6 7 0.030154271 
402 12 6 9 0.029881686 
31 98 10 18 0.029864427 
804 50 6 8 0.029270466 
64 4 4 5 0.029016733 
332 207 30 48 0.028669713 
679 301 18 17 0.028389331 
299 202 23 39 0.028021913 
536 41 6 8 0.02776801 
673 337 12 12 0.027593546 
403 486 33 62 0.027587693 
149 5 6 10 0.027494837 
0 80 7 18 0.027133048 
600 249 32 46 0.026631273 
423 2 5 5 0.025961913 
7 10 5 6 0.025633182 
542 43 9 11 0.025570642 
843 629 7 8 0.025501447 
13 9 5 6 0.025367713 
643 634 13 17 0.025291743 
32 4 4 6 0.025188563 
675 352 13 13 0.02516176 
1008 350 23 24 0.024718178 
815 20 5 6 0.024669657 
383 3 5 5 0.024603313 
544 26 5 8 0.024382347 
502 -7 39 47 0.024300877 
803 236 42 60 0.023925059 
1018 44 7 11 0.023900641 
32 88 8 14 0.02377418 
137 7 7 10 0.023736814 
396 13 6 8 0.023702715 
504 206 32 48 0.023656487 
104 3 4 6 0.02361024 
588 325 8 15 0.023601823 
507 165 294 307 0.023567507 
766 173 9 10 0.023425775 
77 55 8 12 0.023270486 
648 327 14 14 0.022869399 
5 71 6 13 0.022868248 
545 35 5 8 0.022688907 
677 348 22 26 0.022662487 
977 217 12 19 0.022626467 
530 31 6 9 0.022616284 
511 169 4 7 0.022528665 
330 260 12 17 0.022388194 
78 6 5 7 0.022378378 
52 1 4 7 0.022142814 
957 295 8 12 0.022116136 
481 2 5 6 0.022111697 
532 41 6 8 0.022100037 
1018 369 8 11 0.022084117 
817 20 5 7 0.022038724 
325 473 7 10 0.021992898 
526 316 68 116 0.021878006 
467 1 4 6 0.021590983 
317 222 29 49 0.02151642 
757 3 3 5 0.021486657 
668 303 27 29 0.02143617 
392 15 5 7 0.021324888 
486 2 4 7 0.021315258 
748 7 4 7 0.021244075 
437 0 3 3 0.021235514 
141 160 7 14 0.021201914 
426 196 17 24 0.021188287 
687 -15 138 160 0.021122921 
517 47 6 9 0.021103734 
414 167 8 11 0.021028431 
805 187 12 15 0.020994786 
907 327 8 13 0.020988423 
513 8 5 7 0.020779438 
592 224 13 22 0.02076178 
561 26 5 8 0.020596 
493 183 7 11 0.020536125 
906 204 10 13 0.020469898 
71 7 4 6 0.020461176 
377 13 7 9 0.020362208 
443 6 5 8 0.02033043 
569 46 3 7 0.020293903 
179 1 5 7 0.020219771 
524 33 6 9 0.020202424 
372 20 7 9 0.02018157 
430 3 4 4 0.020159928 
550 33 5 9 0.020126916 
813 175 10 14 0.020090774 
398 3 4 5 0.020075398 
597 25 6 10 0.02002448 
814 15 5 7 0.020020232 
