12_Group_Team_Organized_Group_12_Group_Team_Organized_Group_12_789
65
298 162 51 70 0.99931955 
522 597 50 80 0.99919146 
678 455 43 64 0.99901795 
563 271 12 23 0.11104324 
518 266 11 20 0.080398776 
437 949 11 16 0.0780101 
614 947 11 17 0.058098186 
1015 526 8 12 0.057674535 
549 373 14 24 0.05251382 
592 258 10 15 0.046667244 
614 275 10 18 0.0428515 
492 321 10 22 0.04243473 
615 916 12 21 0.040267777 
1015 659 8 14 0.039622158 
99 1094 17 17 0.036934786 
816 809 11 11 0.03524619 
750 620 30 52 0.034861468 
6 199 11 12 0.034449805 
2 314 8 12 0.034022704 
579 328 11 20 0.03355677 
1 516 9 15 0.033496678 
541 324 12 21 0.032622926 
391 168 26 36 0.032522343 
928 647 10 13 0.03230105 
1 399 7 14 0.03187689 
1014 539 9 15 0.03138017 
829 570 24 33 0.028121665 
519 1209 7 7 0.027898204 
573 385 12 26 0.027609657 
426 945 7 8 0.027047066 
534 277 9 19 0.026817033 
341 409 25 42 0.026656713 
528 979 8 14 0.02661478 
106 143 7 11 0.02617846 
838 586 15 20 0.025761347 
8 398 7 13 0.025333546 
279 394 52 70 0.02521502 
65 169 50 57 0.025152937 
976 610 10 16 0.02468134 
110 143 8 11 0.024339102 
217 342 9 11 0.024335772 
607 280 10 20 0.024327563 
430 909 16 13 0.024060376 
597 254 10 14 0.023844495 
615 902 9 13 0.023289636 
524 363 12 24 0.023227839 
102 1087 31 32 0.0230049 
1 179 8 14 0.022846952 
527 315 11 21 0.022547549 
404 933 9 11 0.022391014 
344 1270 8 11 0.022105744 
609 260 7 12 0.022036359 
356 342 11 13 0.021785416 
251 341 15 31 0.021731038 
576 248 8 12 0.021450609 
430 944 9 11 0.0214007 
831 124 208 257 0.021377673 
58 324 8 12 0.021340894 
831 885 12 10 0.02120397 
0 147 6 13 0.020936701 
485 287 10 21 0.020896133 
718 473 19 38 0.02069334 
541 251 12 20 0.020635681 
428 463 13 21 0.020593094 
431 949 11 14 0.020111931 
