9_Press_Conference_Press_Conference_9_613
18
317 200 276 354 0.99984527 
622 74 589 611 0.468898 
418 684 372 553 0.08377626 
161 674 357 593 0.0434318 
329 1039 504 526 0.032715887 
358 1104 4 8 0.025530487 
485 45 397 534 0.025162052 
331 1132 4 8 0.02491893 
339 1113 4 8 0.024386248 
340 1095 4 8 0.022995377 
358 1113 4 8 0.022793537 
339 1133 4 7 0.022145357 
339 1142 5 7 0.020954354 
358 1096 4 7 0.020910852 
339 1105 5 8 0.020725477 
348 1114 5 7 0.020383317 
358 1086 5 8 0.020201737 
367 1114 4 8 0.020181503 
