9_Press_Conference_Press_Conference_9_648
24
463 158 294 400 0.9987225 
405 385 436 670 0.9928871 
15 470 120 269 0.9715361 
491 758 306 340 0.7646904 
289 610 408 677 0.572544 
584 604 477 639 0.46068552 
29 313 16 19 0.37447295 
182 740 333 801 0.07158139 
347 930 557 511 0.056299824 
264 38 388 559 0.05441373 
1 382 23 36 0.038373064 
231 727 28 36 0.03289728 
238 612 27 32 0.0306111 
90 197 17 22 0.026014453 
70 1229 5 8 0.024928788 
45 561 400 517 0.02456363 
146 1126 6 10 0.022762772 
69 1205 4 7 0.022724153 
155 1108 5 11 0.022705894 
250 242 35 32 0.022580203 
337 508 13 17 0.022012541 
350 219 62 76 0.020862317 
104 1118 5 10 0.02051172 
78 1214 4 7 0.020203367 
