9_Press_Conference_Press_Conference_9_693
22
655 115 90 124 0.9999503 
261 189 79 116 0.99994564 
874 225 90 113 0.9999436 
1 104 59 113 0.99776745 
519 229 63 105 0.9266302 
-4 222 18 49 0.35676488 
639 163 15 31 0.075108364 
561 -131 318 460 0.064439476 
798 426 82 164 0.061961733 
1014 599 11 16 0.051877692 
170 508 17 34 0.04932415 
0 307 9 21 0.046314515 
969 327 42 48 0.032506328 
135 711 10 15 0.03187299 
307 316 86 116 0.031731077 
888 686 6 5 0.03162209 
51 375 24 23 0.027597051 
284 -33 342 441 0.025302028 
382 456 8 14 0.022503572 
990 334 36 52 0.022429325 
787 213 284 377 0.022366881 
968 418 64 122 0.020563662 
