9_Press_Conference_Press_Conference_9_257
23
681 341 139 181 0.99996746 
272 203 154 197 0.99990547 
910 1430 33 48 0.6402595 
851 1422 40 59 0.42852116 
680 956 147 166 0.12442 
512 793 421 731 0.07040185 
593 -18 437 626 0.063441604 
302 1057 25 46 0.039388843 
414 891 54 52 0.039160587 
-108 212 474 627 0.038482793 
948 1495 47 57 0.038275987 
258 1072 23 43 0.036668405 
679 743 246 339 0.033719078 
285 716 458 547 0.030211704 
355 630 11 22 0.029703682 
340 904 25 45 0.02912399 
295 84 38 43 0.02859367 
222 1199 13 27 0.024378715 
347 319 14 17 0.023761736 
142 392 28 35 0.021327851 
251 1017 24 46 0.020640083 
72 1020 49 94 0.020620551 
312 959 29 56 0.020550612 
