9_Press_Conference_Press_Conference_9_375
19
131 137 72 93 0.9995448 
301 123 66 93 0.9993476 
842 123 64 95 0.9988324 
658 104 53 92 0.9852202 
548 119 50 91 0.9843895 
717 246 30 51 0.093945235 
951 247 55 61 0.07483858 
316 332 10 15 0.037754677 
694 92 9 18 0.036161937 
151 450 22 47 0.030559434 
205 417 61 113 0.029814666 
68 356 48 63 0.026340062 
712 183 28 42 0.024971714 
328 384 13 18 0.024861436 
80 174 24 30 0.024109473 
243 414 46 53 0.0236248 
1026 640 17 31 0.02271247 
890 699 137 131 0.021868901 
505 387 88 89 0.021521892 
