9_Press_Conference_Press_Conference_9_209
28
266 64 96 137 0.9999188 
742 406 5 13 0.19114353 
774 344 6 13 0.17979482 
723 425 8 14 0.10728292 
49 168 55 87 0.09640011 
551 301 63 123 0.080716215 
841 425 8 16 0.0574881 
710 345 5 9 0.052086066 
741 345 3 7 0.045767028 
775 256 3 7 0.045365196 
800 315 6 13 0.045042537 
709 353 8 20 0.038379345 
772 405 6 17 0.037497725 
202 271 195 243 0.034298923 
775 341 3 6 0.033419825 
597 446 6 9 0.03121278 
783 314 5 9 0.030082842 
741 350 5 8 0.028744308 
771 272 59 100 0.027351411 
678 346 3 6 0.025586648 
738 426 5 10 0.024860285 
678 351 4 8 0.02341525 
677 356 5 12 0.023034709 
770 340 15 27 0.022555508 
763 320 83 174 0.021410916 
536 447 5 10 0.02120207 
795 315 7 12 0.020698072 
741 357 4 9 0.02054415 
