9_Press_Conference_Press_Conference_9_45
25
262 247 54 72 0.9995426 
681 269 55 73 0.9994766 
68 266 47 64 0.9993412 
478 261 50 71 0.9991072 
838 249 56 82 0.99554884 
893 261 24 35 0.14763544 
185 309 9 14 0.08162367 
653 -18 357 372 0.071419135 
843 502 9 17 0.04927868 
180 311 8 12 0.046931505 
634 367 8 15 0.046025936 
190 310 7 10 0.030652912 
730 283 27 44 0.029708352 
516 277 25 41 0.029502977 
1032 502 13 29 0.02891909 
856 218 34 25 0.02810697 
996 323 9 15 0.025085589 
870 248 41 59 0.024401916 
629 449 35 60 0.023803229 
536 40 44 63 0.023240995 
317 265 9 17 0.022748807 
180 305 16 26 0.022438986 
971 250 9 15 0.020973315 
985 82 6 9 0.02038703 
307 254 20 36 0.020157939 
