9_Press_Conference_Press_Conference_9_552
98
389 109 246 358 0.99984837 
454 1429 16 30 0.1378861 
429 1204 28 36 0.12641343 
364 1252 15 23 0.12431992 
344 1286 18 29 0.1160458 
846 361 24 40 0.11012213 
437 1254 15 28 0.104658104 
447 1435 15 24 0.09670105 
443 1260 24 37 0.09007016 
436 1220 16 24 0.08172604 
378 1367 22 40 0.074558504 
404 1392 12 22 0.06654657 
473 1201 11 15 0.06409339 
461 1434 18 26 0.063774504 
490 1204 31 47 0.060921527 
402 1248 10 16 0.05672912 
474 1279 14 25 0.056480024 
455 1261 25 38 0.054088328 
984 993 31 42 0.049122058 
445 1440 24 41 0.048565127 
438 1400 22 44 0.046083894 
417 1253 13 21 0.04606406 
434 1351 15 26 0.0455156 
371 1226 15 23 0.04548802 
658 1207 12 23 0.045097012 
390 1427 14 25 0.044720847 
473 1259 14 28 0.044697788 
494 1203 13 17 0.04441872 
477 1234 11 24 0.04411288 
362 1226 16 23 0.04230243 
335 1288 21 44 0.03987401 
342 1275 17 22 0.039659087 
424 1235 26 39 0.03950104 
511 1201 10 14 0.03920739 
352 1256 24 30 0.038505673 
399 1317 14 28 0.038386993 
521 1203 8 12 0.037926085 
464 1323 12 26 0.03649539 
387 1280 16 24 0.03617366 
401 1258 9 15 0.03405538 
409 1236 12 21 0.034039963 
408 1315 29 44 0.033250924 
491 1211 14 21 0.03251194 
315 1426 28 44 0.031837564 
237 576 25 48 0.031395346 
484 1220 23 43 0.03116313 
276 302 447 527 0.030258609 
486 1219 9 17 0.03021128 
453 1215 14 22 0.03010968 
335 498 155 180 0.030059533 
393 1317 12 25 0.029225942 
379 1219 13 21 0.028412594 
242 377 101 202 0.028389882 
409 1294 14 21 0.028004274 
400 1226 17 25 0.027870264 
410 1248 11 19 0.027790431 
498 1208 16 24 0.02761365 
382 1320 11 20 0.027595747 
391 1387 12 24 0.027319701 
393 1259 9 12 0.02689464 
444 1384 23 47 0.026882008 
336 1407 13 23 0.026766995 
417 1339 15 29 0.02674501 
451 1309 24 42 0.026179519 
382 1119 14 15 0.0253719 
656 1396 10 23 0.025220951 
383 1205 10 14 0.02519652 
575 1234 14 32 0.02488091 
427 1242 51 62 0.024211563 
438 1378 14 31 0.024002885 
426 1204 17 20 0.023939176 
389 358 16 20 0.023733405 
278 712 56 69 0.023650138 
426 1198 11 13 0.023623876 
363 1270 14 23 0.0233728 
456 1208 8 12 0.023175271 
481 1411 15 31 0.02312256 
354 1211 10 15 0.023107782 
445 1206 13 16 0.02309861 
405 1286 26 38 0.022773737 
420 1300 30 39 0.022347832 
433 1291 18 28 0.022330346 
402 1364 11 23 0.022169085 
333 1438 13 23 0.02211132 
351 1272 18 25 0.02203959 
394 1250 11 15 0.021579621 
567 1220 35 64 0.021489603 
311 1367 12 22 0.020984493 
328 1319 11 20 0.020896835 
465 1429 27 44 0.020849278 
952 563 26 41 0.020824473 
539 1226 23 48 0.020756207 
335 1393 14 22 0.020534797 
436 1298 31 43 0.02041303 
315 716 62 62 0.020243939 
384 1201 8 10 0.020237742 
360 1187 12 13 0.020227833 
391 1260 24 36 0.020092564 
