9_Press_Conference_Press_Conference_9_182
20
439 155 90 126 0.99986684 
28 619 10 15 0.0877512 
544 514 6 8 0.06106597 
581 559 21 28 0.05020988 
366 512 7 10 0.04528522 
403 279 19 14 0.03897878 
335 513 9 10 0.03753748 
421 513 5 8 0.033837114 
11 628 7 9 0.03114265 
801 482 205 176 0.029581215 
420 219 9 16 0.029534943 
11 623 7 9 0.028846258 
568 513 5 8 0.027916862 
24 620 19 30 0.026398905 
37 617 6 10 0.024306474 
321 513 5 9 0.024114752 
1018 225 7 10 0.023149269 
377 378 7 13 0.02296174 
532 513 7 8 0.021067226 
328 310 3 6 0.020473916 
