9_Press_Conference_Press_Conference_9_328
24
558 157 123 187 0.9963728 
241 112 107 202 0.99367976 
428 566 76 120 0.4870566 
709 368 266 442 0.15839338 
383 482 134 248 0.12450192 
500 330 355 474 0.11223542 
144 141 56 151 0.088043645 
371 570 7 13 0.06289279 
621 535 187 262 0.04915949 
296 419 261 434 0.044091504 
-1 291 12 43 0.040010985 
278 340 32 63 0.039206833 
381 440 50 55 0.037911665 
364 607 33 76 0.03713962 
468 539 103 170 0.035689402 
203 154 87 147 0.028170638 
11 367 35 52 0.026220433 
395 572 67 108 0.025171993 
741 446 21 39 0.025013233 
300 344 30 55 0.024610747 
993 269 24 31 0.022743994 
376 591 44 82 0.021347998 
482 408 90 94 0.020612411 
326 339 21 35 0.02019538 
