9_Press_Conference_Press_Conference_9_31
275
47 286 13 16 0.97850114 
443 206 13 20 0.89856297 
276 586 49 44 0.8343792 
19 311 13 16 0.8095864 
861 428 18 33 0.78472364 
339 386 21 27 0.75781804 
84 480 17 39 0.73930424 
230 514 22 45 0.6849156 
193 376 17 28 0.6094546 
122 371 14 28 0.5900892 
589 210 12 20 0.5327605 
78 377 20 26 0.5252013 
814 375 19 25 0.49341092 
958 435 20 29 0.44399825 
156 425 23 38 0.43157482 
880 487 39 49 0.42282662 
968 494 26 38 0.4051177 
925 363 21 20 0.4047754 
881 390 21 26 0.34125575 
80 433 16 26 0.33516237 
339 503 35 65 0.27526873 
4 420 22 29 0.24824858 
663 622 25 38 0.23841843 
661 390 14 19 0.2065423 
958 448 24 40 0.1901938 
614 438 22 33 0.16423541 
456 638 19 37 0.1557382 
803 446 28 40 0.13644582 
66 382 23 27 0.13072632 
57 422 26 26 0.12783223 
810 378 11 19 0.1262539 
413 462 20 30 0.12113341 
302 441 34 48 0.118849516 
861 390 12 18 0.11684606 
310 431 21 26 0.110542186 
297 641 52 57 0.10633055 
306 587 42 57 0.105204836 
951 526 12 18 0.10050577 
378 578 22 50 0.10040273 
982 359 16 13 0.09643085 
824 380 15 16 0.08647704 
682 534 22 34 0.0855238 
264 375 22 32 0.08453913 
931 371 21 27 0.08420954 
157 496 35 49 0.08074275 
1 309 7 17 0.08041217 
1000 271 16 16 0.07880749 
66 488 32 46 0.07767765 
868 512 22 44 0.07743909 
434 208 10 16 0.07621521 
195 434 28 47 0.075512156 
405 654 16 31 0.070467845 
784 500 29 39 0.070187286 
798 487 29 48 0.069668576 
19 358 24 21 0.06835156 
869 426 25 42 0.0682614 
393 188 8 16 0.061800435 
1016 310 10 18 0.061795034 
979 499 28 44 0.05932882 
539 109 6 13 0.059272625 
658 384 10 18 0.058936335 
429 208 8 17 0.056180112 
588 463 21 40 0.055673487 
389 457 31 41 0.054858383 
938 364 21 21 0.053544898 
170 530 37 66 0.053164735 
345 488 26 36 0.052988067 
209 441 32 54 0.05137827 
487 141 6 11 0.049701463 
875 135 10 15 0.04644935 
967 454 34 50 0.046225887 
558 137 4 7 0.045632295 
901 436 23 28 0.0454385 
819 385 21 26 0.044042613 
402 472 35 45 0.04328743 
388 190 16 30 0.04245071 
614 449 10 16 0.042407524 
318 466 33 49 0.041843623 
467 159 8 15 0.041278366 
196 529 32 60 0.04126966 
8 595 19 41 0.041049976 
427 476 10 15 0.040675774 
394 426 33 45 0.040434033 
682 535 11 18 0.0398821 
892 388 12 21 0.03931611 
794 363 8 12 0.03914883 
398 103 4 11 0.03807384 
593 445 44 62 0.038039666 
835 382 11 16 0.038022257 
113 372 11 19 0.037408084 
782 393 17 24 0.0370849 
959 221 10 14 0.036865056 
83 338 11 13 0.03675746 
888 526 30 56 0.036646068 
365 100 7 15 0.03606635 
970 498 12 24 0.036050554 
665 442 32 47 0.036009517 
606 639 29 47 0.03563129 
577 172 6 12 0.035352416 
883 431 30 46 0.035171997 
662 91 4 8 0.03493877 
988 494 39 62 0.034794234 
800 444 15 29 0.03478651 
47 637 18 34 0.034550093 
332 393 12 15 0.034536604 
519 90 6 10 0.034332987 
943 511 32 47 0.034275655 
531 9 4 7 0.03419324 
55 432 34 42 0.034159947 
506 2 4 7 0.03406592 
165 625 22 39 0.034045655 
813 371 9 15 0.03388992 
-3 461 27 55 0.033868387 
734 392 13 17 0.03385115 
492 109 6 9 0.033635616 
483 508 13 9 0.033577893 
659 103 7 19 0.033202995 
111 374 28 42 0.03317136 
535 124 5 8 0.03302369 
491 116 5 8 0.0328484 
919 396 11 13 0.032436498 
905 397 22 33 0.03243419 
508 50 7 13 0.03206237 
1006 510 37 66 0.031918935 
537 64 7 10 0.031820927 
488 109 5 9 0.031586885 
522 63 7 11 0.03125533 
551 1 5 7 0.031140126 
557 142 6 10 0.031009698 
498 96 5 8 0.030940954 
830 446 16 26 0.030866867 
579 507 9 15 0.030861551 
895 388 18 32 0.030847173 
11 310 11 15 0.030797305 
557 38 5 9 0.030702325 
507 128 5 8 0.030618638 
527 8 3 7 0.030535404 
468 520 15 11 0.030410852 
584 19 6 13 0.030269323 
217 525 30 59 0.030230297 
494 3 4 5 0.030123468 
684 492 9 18 0.030061424 
330 461 11 17 0.029939054 
842 426 25 42 0.029851079 
377 528 31 57 0.02984907 
70 416 18 18 0.029602988 
72 415 35 42 0.02958183 
292 444 11 16 0.029375548 
489 122 5 9 0.029250914 
539 103 5 10 0.028956458 
513 2 5 7 0.028610999 
407 387 11 15 0.028297914 
423 501 21 26 0.028253527 
512 32 5 10 0.0279845 
499 37 6 10 0.027942574 
200 367 16 27 0.027915876 
746 390 12 18 0.02788246 
488 103 6 9 0.027870888 
401 390 31 48 0.027633889 
473 137 4 6 0.027542517 
204 504 31 51 0.027311005 
178 374 18 27 0.027133327 
660 96 5 10 0.02702608 
477 508 12 9 0.027013618 
11 409 20 27 0.027012495 
636 102 4 9 0.026826795 
832 454 9 15 0.026805723 
531 118 5 7 0.02654166 
622 630 30 52 0.026536124 
846 525 20 39 0.026417252 
300 653 28 31 0.026342582 
489 505 11 9 0.02633986 
511 19 5 10 0.02633274 
475 62 7 10 0.026302041 
812 353 7 7 0.026244588 
491 105 6 8 0.026236264 
333 491 24 39 0.026229188 
919 355 19 23 0.02594246 
295 446 25 29 0.025723737 
732 611 43 44 0.025604002 
874 516 10 21 0.025426682 
63 357 34 43 0.0253711 
1027 454 16 29 0.025367524 
80 599 19 30 0.025365641 
875 393 13 17 0.02515092 
683 460 7 10 0.025129573 
336 586 37 62 0.025100194 
511 129 4 7 0.025035452 
501 1 3 6 0.025026463 
514 6 4 7 0.024826508 
531 128 6 10 0.024789128 
42 292 14 22 0.024660459 
453 237 10 19 0.024652362 
65 603 37 59 0.024546346 
952 413 37 47 0.024481174 
571 50 5 11 0.024375407 
521 57 5 11 0.024280164 
59 305 10 15 0.024264641 
463 67 8 14 0.024174673 
176 376 11 16 0.023994725 
563 38 5 9 0.023906153 
666 661 43 51 0.023885103 
681 536 6 12 0.023834834 
447 630 41 63 0.023777401 
35 351 38 45 0.02372444 
518 96 6 8 0.02365469 
738 366 35 49 0.02361582 
461 2 4 5 0.023552172 
976 347 11 10 0.023428574 
76 351 11 15 0.023154879 
401 103 6 14 0.023093715 
498 110 122 184 0.023082918 
519 8 4 7 0.022844398 
40 344 22 24 0.022840694 
93 374 10 17 0.022756897 
325 617 42 58 0.022608804 
432 260 8 11 0.02257526 
481 507 22 19 0.022544831 
866 396 12 18 0.022487283 
609 67 7 15 0.02248522 
534 104 4 8 0.022461515 
578 167 6 10 0.02244438 
557 1 5 7 0.022436984 
693 461 5 7 0.022434223 
456 1 4 5 0.022364683 
545 51 4 8 0.022339279 
944 339 9 10 0.022272777 
694 469 5 7 0.022257475 
194 441 13 20 0.022109658 
967 441 27 26 0.022037115 
996 275 13 17 0.022035286 
494 97 5 7 0.022008214 
526 13 4 7 0.02199955 
503 513 12 10 0.021925133 
320 452 21 33 0.021905584 
499 109 5 7 0.021888893 
780 497 17 31 0.021885063 
487 512 12 10 0.021799704 
668 509 31 56 0.021726452 
95 374 19 30 0.021676112 
67 396 24 31 0.021580912 
638 198 10 20 0.021424215 
742 533 6 7 0.02140453 
984 329 11 15 0.02137157 
47 346 12 12 0.021324677 
558 121 5 9 0.02132346 
549 82 7 12 0.021175815 
475 517 15 11 0.021173917 
655 99 3 8 0.021172302 
212 649 4 6 0.021156339 
532 91 5 9 0.02111415 
758 614 23 35 0.02111247 
595 68 7 14 0.020837303 
500 105 4 7 0.020816542 
657 391 27 38 0.020787671 
1017 538 38 64 0.020747157 
842 388 10 14 0.020738212 
359 498 22 42 0.020734051 
491 128 6 10 0.02061871 
968 440 14 17 0.020599307 
50 455 30 41 0.020496048 
184 380 30 47 0.020437066 
506 106 4 6 0.020420678 
680 447 21 28 0.020407973 
901 499 29 45 0.020405618 
587 236 10 17 0.020315515 
379 397 7 10 0.020293798 
692 669 37 45 0.020280117 
0 485 7 23 0.020205883 
623 430 24 31 0.020189915 
723 417 8 8 0.02017724 
837 451 29 47 0.020173883 
520 45 5 9 0.02014124 
664 552 4 7 0.020031832 
646 185 12 33 0.020017184 
