9_Press_Conference_Press_Conference_9_165
29
838 47 82 107 0.99966204 
89 44 73 96 0.9996151 
475 58 71 87 0.9991683 
318 226 38 51 0.08897161 
17 280 20 28 0.056712966 
674 213 12 16 0.055184044 
295 236 48 56 0.046391327 
266 292 7 9 0.042819243 
535 466 141 188 0.0354652 
677 226 6 11 0.033675723 
750 152 330 405 0.033282608 
38 240 15 24 0.032535005 
254 241 9 13 0.032015156 
255 218 11 13 0.031978615 
677 238 8 13 0.029919393 
153 142 24 42 0.027704392 
26 278 23 27 0.027608009 
707 568 10 11 0.026930952 
210 94 23 30 0.02669814 
720 573 11 13 0.026583927 
285 190 23 28 0.02615601 
766 149 34 57 0.026047092 
552 296 290 433 0.025331696 
253 248 11 16 0.024338929 
246 278 24 32 0.021715878 
545 131 31 53 0.021368492 
671 275 19 27 0.021229694 
580 621 19 32 0.021195672 
674 228 5 8 0.020499792 
