9_Press_Conference_Press_Conference_9_343
21
495 112 127 186 0.99993265 
254 76 280 460 0.06445558 
206 110 53 99 0.053037986 
117 121 56 97 0.048284836 
157 715 48 84 0.042551752 
179 828 52 83 0.04036235 
121 810 47 86 0.03952837 
97 831 46 83 0.033746738 
145 108 52 91 0.02736538 
115 719 50 85 0.026213778 
585 82 471 708 0.02596038 
142 797 49 82 0.025481828 
83 628 45 75 0.024110686 
86 144 57 94 0.023869466 
273 131 46 90 0.023443865 
50 539 231 475 0.023257555 
809 138 52 78 0.022878047 
306 117 54 86 0.022723595 
211 838 55 91 0.021912707 
364 244 56 80 0.021503251 
57 63 106 140 0.020549964 
