9_Press_Conference_Press_Conference_9_278
23
593 113 79 115 0.9998758 
541 251 24 44 0.35088 
411 348 132 260 0.11625169 
999 562 31 52 0.11064627 
520 255 32 43 0.059086703 
1084 556 17 30 0.051322408 
481 273 21 28 0.049571514 
485 232 26 18 0.03692603 
1012 566 42 66 0.030040592 
248 308 273 415 0.029961867 
1083 575 17 31 0.029445348 
501 238 32 39 0.029003449 
483 265 14 17 0.02483049 
256 624 190 170 0.024766503 
487 239 25 29 0.024756856 
494 285 13 18 0.024413254 
1075 586 19 35 0.02334104 
632 621 8 13 0.022708097 
494 272 12 18 0.021872481 
438 267 39 51 0.021127028 
504 246 12 19 0.02074807 
411 340 13 18 0.02038066 
519 244 24 31 0.02032102 
