9_Press_Conference_Press_Conference_9_12
153
389 311 22 29 0.99981326 
930 204 38 53 0.99620783 
316 316 22 26 0.98887235 
568 287 13 18 0.9886258 
617 288 14 22 0.98489916 
673 261 16 18 0.98318696 
804 430 34 58 0.9823682 
108 219 31 41 0.9783281 
262 304 18 22 0.9708603 
183 253 17 24 0.9668473 
513 292 12 17 0.93757206 
206 336 17 34 0.93693453 
51 243 9 13 0.8491429 
452 491 43 56 0.8289954 
630 483 58 58 0.68381137 
465 345 23 31 0.67081654 
830 304 18 18 0.6240405 
200 238 14 18 0.4815296 
838 327 11 12 0.3991578 
119 384 26 43 0.36795032 
323 240 10 16 0.32893866 
252 329 17 26 0.30629945 
693 307 12 18 0.28537428 
19 247 10 13 0.278539 
413 350 22 24 0.2441646 
198 314 20 20 0.23867929 
666 350 20 28 0.19950017 
189 233 9 13 0.19137874 
215 336 19 39 0.16086988 
258 443 41 57 0.148828 
237 335 18 30 0.14591773 
644 353 25 30 0.13036732 
702 289 12 14 0.12846902 
719 411 35 55 0.10251554 
69 261 9 13 0.09828707 
70 249 7 9 0.09733252 
45 260 8 13 0.09707791 
881 329 8 8 0.095674835 
328 238 12 16 0.091499105 
747 296 26 23 0.08617205 
227 335 18 36 0.08285131 
754 651 32 35 0.0828255 
281 427 35 55 0.0807285 
64 250 7 10 0.08048009 
480 354 15 19 0.07835032 
55 254 9 12 0.07726244 
484 315 12 18 0.075631656 
97 330 25 29 0.07471046 
478 320 18 28 0.07417153 
687 463 37 58 0.071527265 
318 239 10 14 0.070842154 
488 311 12 16 0.070467465 
719 365 31 40 0.0691487 
722 285 13 15 0.06726744 
475 333 15 20 0.06592194 
62 255 9 11 0.0654719 
587 342 22 33 0.065189466 
677 344 16 33 0.06348801 
862 339 10 9 0.060649008 
575 319 19 26 0.060415547 
194 332 21 35 0.053327255 
568 308 12 15 0.05302781 
567 313 18 26 0.049492545 
334 235 11 15 0.04934772 
817 348 9 9 0.048737388 
153 437 42 54 0.047086477 
846 310 10 12 0.046371367 
30 273 8 12 0.045895997 
397 450 48 62 0.04510928 
824 358 26 23 0.0441062 
245 339 20 34 0.043436173 
964 464 81 159 0.04330991 
608 312 13 17 0.04303633 
178 242 8 13 0.042141896 
64 244 7 9 0.040085323 
533 417 53 40 0.039966516 
63 260 10 14 0.038620554 
140 388 22 34 0.038136363 
559 340 23 34 0.03806968 
189 238 17 23 0.03757891 
835 333 17 19 0.03681344 
50 254 9 14 0.036762495 
697 422 40 52 0.036293965 
28 248 8 14 0.034553032 
423 345 15 21 0.033522982 
316 239 6 9 0.03337481 
473 358 28 25 0.03272405 
429 354 13 16 0.03227889 
355 347 18 23 0.032077655 
876 333 8 7 0.031628698 
683 302 18 25 0.031582557 
170 272 10 13 0.03122281 
179 258 12 17 0.030808665 
319 186 7 11 0.030424036 
185 242 10 14 0.030294029 
262 328 15 19 0.030192625 
587 363 20 36 0.029848326 
716 291 18 21 0.02977804 
747 428 36 49 0.029699642 
887 328 8 8 0.029581917 
73 256 9 14 0.029257393 
861 327 9 9 0.029216176 
774 428 38 57 0.029172715 
820 447 31 44 0.02861906 
535 330 13 15 0.028298767 
191 315 12 17 0.027937429 
731 139 7 15 0.027558241 
384 449 34 51 0.027303347 
431 393 40 42 0.027196405 
857 334 21 19 0.026887909 
696 294 17 26 0.026726183 
14 248 8 13 0.02668418 
51 250 16 23 0.026667997 
731 370 14 24 0.026524995 
23 267 11 16 0.026221383 
671 284 19 25 0.025681814 
858 336 9 9 0.025624156 
271 405 40 52 0.024612904 
663 280 11 15 0.024282096 
303 242 9 13 0.024056839 
421 454 69 72 0.023786508 
701 315 11 14 0.023759194 
695 327 30 35 0.023701334 
73 265 9 14 0.02310551 
869 335 9 7 0.02300231 
826 306 12 13 0.022853723 
23 296 9 11 0.02232133 
245 438 75 106 0.022297077 
823 288 23 21 0.022063896 
74 250 7 10 0.022040043 
514 349 13 15 0.021925492 
823 360 15 12 0.021653276 
695 559 38 59 0.021547368 
156 275 11 17 0.021492315 
1015 232 10 17 0.021431848 
184 342 21 30 0.021418357 
1008 285 22 36 0.021349888 
29 509 87 106 0.021247653 
835 318 14 14 0.021126999 
56 302 12 16 0.02090034 
687 281 18 24 0.020875078 
433 464 132 161 0.020744309 
309 176 17 27 0.02072601 
567 325 30 39 0.0206564 
311 241 15 23 0.02046733 
18 265 10 16 0.020401038 
313 182 9 15 0.020261686 
322 242 19 26 0.020255245 
697 291 12 15 0.02021091 
0 251 4 10 0.020186285 
193 257 12 18 0.02012292 
1036 386 24 43 0.02005477 
307 355 16 29 0.020052655 
