9_Press_Conference_Press_Conference_9_518
131
393 321 155 238 0.9980101 
774 183 153 244 0.99623233 
497 955 65 82 0.20315813 
315 1063 122 270 0.11290963 
545 1510 52 43 0.061514106 
10 791 546 587 0.03815705 
196 301 4 8 0.034796894 
908 1275 18 18 0.031884238 
225 281 4 8 0.030685373 
177 821 4 8 0.030208152 
196 291 4 7 0.03019182 
206 272 4 8 0.030131353 
196 281 4 8 0.03001194 
206 301 4 8 0.03000608 
234 299 4 9 0.02992763 
205 310 5 8 0.029744647 
186 329 4 8 0.029711837 
187 301 4 8 0.029498091 
187 291 4 7 0.028693838 
186 319 5 8 0.028659439 
177 329 4 8 0.028445616 
196 310 4 7 0.028248522 
226 300 4 8 0.028064849 
216 281 4 8 0.02771425 
187 310 4 8 0.02747221 
176 811 5 9 0.027432628 
176 830 5 9 0.027371705 
158 321 4 7 0.02677978 
177 792 5 8 0.026549531 
225 290 4 8 0.026517121 
216 310 4 8 0.026499502 
234 291 5 8 0.026237445 
177 339 4 8 0.026159387 
176 301 4 7 0.02597412 
177 291 4 8 0.025797939 
177 252 4 9 0.025694426 
158 801 5 9 0.025600588 
672 84 219 303 0.025556758 
215 301 5 8 0.02551971 
99 811 5 9 0.025047647 
186 339 4 8 0.025014913 
158 330 4 7 0.02490985 
176 262 5 8 0.024707817 
187 242 4 9 0.024593117 
119 859 4 9 0.024555251 
166 802 5 8 0.024527702 
168 301 4 8 0.024416367 
176 271 5 8 0.024173679 
167 329 4 8 0.024099877 
186 252 5 9 0.023987312 
177 320 4 8 0.02380314 
225 309 4 9 0.023786874 
167 320 4 8 0.023784976 
215 271 4 9 0.023780266 
168 262 4 8 0.023704166 
216 319 4 9 0.023605691 
129 802 4 8 0.023549473 
186 792 4 8 0.023497019 
128 811 5 8 0.023493292 
148 330 4 7 0.02343859 
205 280 4 8 0.023176841 
168 272 4 7 0.02313651 
187 801 5 9 0.023084803 
216 290 4 9 0.023041718 
138 801 5 8 0.02301835 
60 501 7 9 0.022960478 
148 339 4 8 0.022754787 
187 261 4 8 0.022647994 
99 821 5 9 0.022608424 
206 319 4 8 0.022567786 
167 348 5 9 0.02251634 
919 1268 20 19 0.022477213 
883 1265 40 37 0.022364598 
158 281 4 8 0.022156987 
158 339 4 7 0.022139495 
138 261 5 9 0.02193574 
60 493 6 9 0.021700416 
205 291 5 8 0.021687157 
119 850 5 8 0.021636281 
157 262 5 8 0.021616984 
244 802 4 8 0.021532688 
158 252 4 8 0.021532051 
195 262 5 8 0.021514459 
196 319 4 8 0.021427728 
195 242 5 9 0.021421168 
100 868 4 9 0.021410614 
42 530 6 10 0.021402199 
186 348 5 9 0.021385714 
187 282 4 7 0.021316886 
50 530 6 10 0.021288633 
99 830 5 9 0.021252317 
177 348 4 9 0.021248026 
206 262 4 8 0.021192476 
138 792 5 9 0.021146001 
167 840 4 9 0.021124952 
215 262 4 8 0.021066612 
168 310 4 8 0.021042114 
245 309 4 10 0.020918055 
90 811 5 9 0.020882599 
177 801 4 8 0.020858934 
157 271 4 8 0.020844845 
177 310 4 8 0.020843217 
225 271 4 9 0.02079685 
51 501 7 9 0.020705946 
196 252 4 8 0.02067986 
158 193 5 10 0.020673998 
167 291 4 8 0.02058236 
234 830 5 9 0.020526776 
196 272 5 8 0.02051883 
167 252 4 9 0.020472774 
245 793 4 8 0.020453861 
157 792 5 8 0.020447956 
205 252 5 8 0.02033703 
777 1348 27 45 0.020332342 
157 348 5 9 0.020322876 
244 290 4 9 0.020317018 
216 802 4 8 0.020313868 
196 329 4 8 0.020294594 
167 339 4 8 0.020275842 
51 521 6 10 0.020148017 
177 243 4 8 0.020142984 
158 301 4 7 0.020141074 
225 146 4 7 0.02011394 
167 792 4 8 0.020111917 
224 319 5 9 0.020086054 
216 213 4 9 0.020076543 
225 801 4 9 0.02006468 
120 840 4 8 0.0200531 
128 820 5 9 0.020047702 
89 821 5 9 0.020047052 
109 810 5 9 0.020000948 
