9_Press_Conference_Press_Conference_9_297
30
405 173 274 358 0.99997294 
299 671 97 142 0.10781451 
614 918 44 54 0.051684808 
607 864 28 36 0.03942061 
382 -22 531 784 0.037015367 
602 803 16 26 0.033491008 
347 899 18 31 0.033030696 
222 620 19 23 0.032512996 
743 724 15 23 0.02618632 
271 961 16 28 0.026079511 
617 18 68 87 0.025708001 
325 918 14 28 0.025274428 
429 796 13 19 0.024611857 
351 678 67 107 0.023616958 
633 811 32 54 0.023016624 
76 844 497 696 0.022993281 
741 795 20 26 0.022636564 
274 920 16 30 0.022347162 
814 103 84 112 0.022141151 
80 425 49 64 0.02177145 
757 701 42 42 0.021582 
275 871 25 35 0.021580962 
136 896 15 26 0.02135511 
762 707 20 19 0.021299211 
746 719 33 43 0.021142619 
251 897 19 33 0.020864407 
386 1171 18 23 0.020697102 
740 701 76 91 0.020505214 
578 845 14 23 0.020116678 
509 860 36 45 0.020081932 
