15_Stock_Market_Stock_Market_15_286
79
686 128 95 123 0.9998185 
623 218 56 77 0.9970649 
486 247 40 44 0.9099971 
567 272 22 24 0.24122745 
532 412 21 36 0.21252078 
486 236 25 31 0.18324552 
923 256 35 55 0.17580245 
374 233 22 24 0.14068678 
367 321 51 57 0.13754869 
99 344 280 439 0.11768905 
410 149 8 16 0.11446025 
424 231 25 33 0.10706738 
297 209 9 13 0.1064667 
603 238 263 415 0.09498904 
380 92 12 16 0.073766805 
470 112 10 14 0.06549409 
310 211 9 11 0.059833255 
308 224 41 49 0.05679272 
387 112 9 14 0.054784156 
377 78 12 16 0.054781407 
390 260 35 45 0.050023243 
563 365 43 69 0.045012366 
430 148 6 10 0.043034878 
365 205 9 14 0.042378876 
406 236 37 47 0.04212906 
320 205 8 10 0.040139683 
432 152 8 14 0.039533384 
507 437 26 31 0.037301484 
323 219 15 15 0.037032492 
802 157 33 67 0.03625052 
349 342 48 52 0.035608348 
858 143 22 26 0.034796417 
883 206 31 59 0.034748882 
403 239 8 9 0.033756483 
637 94 7 13 0.033568505 
395 242 20 23 0.033226922 
570 262 33 45 0.032870043 
402 243 10 12 0.032356355 
426 194 12 18 0.032264568 
397 243 9 10 0.03175016 
928 228 19 24 0.031425245 
425 231 14 17 0.03132126 
321 201 7 8 0.030070128 
830 593 191 193 0.029765071 
514 413 33 53 0.029650487 
876 604 93 98 0.029394425 
595 88 7 12 0.029292293 
204 236 59 39 0.028815014 
467 187 17 16 0.02696134 
421 200 31 45 0.02652919 
463 442 19 28 0.02628393 
539 387 36 53 0.025974635 
422 177 8 13 0.025402546 
0 492 46 97 0.025071377 
407 237 10 11 0.024959005 
480 114 6 12 0.024908593 
321 242 43 45 0.024836969 
373 247 42 43 0.024567828 
710 36 315 528 0.024544837 
484 113 7 13 0.024292955 
429 143 6 8 0.024184305 
401 234 20 24 0.02345203 
988 593 72 102 0.023098385 
613 101 7 13 0.023074951 
211 599 84 85 0.022964079 
438 195 13 16 0.022593947 
450 122 7 11 0.022577275 
449 116 6 9 0.022448858 
94 38 147 181 0.021863885 
386 373 15 16 0.021852408 
352 206 8 11 0.021697722 
473 422 10 14 0.02090172 
526 88 21 28 0.020876884 
650 17 9 16 0.020771362 
383 247 13 13 0.020449061 
362 241 25 22 0.020437183 
458 441 10 15 0.020252343 
187 628 196 182 0.020084731 
396 196 18 31 0.020036297 
