15_Stock_Market_Stock_Market_15_781
24
382 58 185 331 0.99888426 
251 320 24 32 0.5812653 
773 357 23 42 0.31095693 
870 278 21 39 0.2577619 
138 231 12 26 0.074976474 
860 372 27 34 0.053802725 
90 535 271 382 0.047017165 
162 246 36 53 0.046705622 
453 417 20 26 0.04475746 
139 236 27 52 0.038371112 
213 104 50 60 0.035861906 
772 297 144 235 0.031834327 
245 317 17 31 0.028481318 
571 145 53 113 0.027307313 
744 481 293 418 0.025050418 
849 366 19 34 0.023617664 
844 309 51 98 0.023087092 
661 747 3 5 0.022274613 
847 494 26 35 0.021834666 
142 277 24 34 0.021810103 
660 754 3 5 0.021100856 
654 747 3 5 0.020671988 
654 760 3 6 0.020469036 
328 319 239 520 0.020250224 
