15_Stock_Market_Stock_Market_15_313
25
287 112 37 55 0.98428136 
848 293 81 140 0.38954198 
958 171 33 65 0.2195876 
890 472 29 53 0.14004296 
630 153 27 27 0.1362217 
1004 269 34 65 0.060891412 
565 221 363 392 0.058336265 
833 106 38 47 0.050595533 
265 101 33 53 0.04072391 
818 346 41 67 0.039423384 
870 302 133 203 0.035574995 
591 140 72 69 0.03442352 
784 386 42 72 0.029354589 
270 126 36 59 0.02931563 
653 -6 316 388 0.02890008 
474 163 8 13 0.028254459 
65 274 92 92 0.027393939 
897 328 63 103 0.02434775 
610 155 31 25 0.023741994 
503 -18 292 400 0.022761824 
632 125 11 15 0.022399683 
49 306 47 72 0.022130288 
458 163 7 13 0.021515649 
255 102 22 36 0.020330073 
564 132 7 10 0.020283487 
