15_Stock_Market_Stock_Market_15_569
66
232 372 45 61 0.9996791 
183 442 53 61 0.9995442 
401 434 20 27 0.999416 
61 356 82 107 0.9974017 
319 436 38 39 0.9941658 
393 472 17 28 0.99067944 
107 366 63 90 0.9892168 
469 464 14 22 0.9515971 
363 456 17 22 0.8801991 
-14 265 98 224 0.86519617 
345 546 21 14 0.34427935 
428 483 8 15 0.08595326 
737 507 7 14 0.07924095 
741 528 5 9 0.074831955 
564 556 34 56 0.06529812 
521 496 28 20 0.060350567 
414 528 23 31 0.056082796 
389 444 12 16 0.05232188 
987 409 11 14 0.052105177 
531 439 8 10 0.047758844 
293 411 19 26 0.044186667 
421 506 21 32 0.04308087 
739 377 10 13 0.04193922 
534 444 9 9 0.040814098 
360 424 17 26 0.03836051 
711 690 6 8 0.038193386 
556 446 7 7 0.03806733 
448 488 9 13 0.035024993 
389 487 20 31 0.03446517 
454 449 8 13 0.03431701 
741 505 6 8 0.034241397 
213 317 32 40 0.033162825 
740 513 7 11 0.032635495 
295 436 20 25 0.032407515 
638 444 18 23 0.032376017 
727 507 7 12 0.03161725 
419 454 11 18 0.030142378 
379 464 12 20 0.0290727 
194 245 17 35 0.028893577 
846 493 3 7 0.02853201 
114 666 43 76 0.02788407 
325 545 11 11 0.027310105 
551 445 7 7 0.026981946 
2 431 42 63 0.02626982 
730 399 8 15 0.025955465 
545 439 7 8 0.025550198 
935 523 6 10 0.025350578 
525 132 5 11 0.025061902 
179 246 16 36 0.024991361 
372 461 13 19 0.024680005 
434 466 10 21 0.0241741 
68 619 41 74 0.023612758 
640 556 43 43 0.02283173 
736 506 14 24 0.02277302 
694 525 37 53 0.022546802 
548 434 5 8 0.021861851 
365 321 31 47 0.021216262 
71 637 67 114 0.021213925 
151 635 36 72 0.020993214 
704 560 7 7 0.02096115 
498 -85 330 388 0.020914014 
691 102 42 39 0.020665023 
378 452 19 24 0.020596879 
846 436 3 5 0.020272823 
238 539 29 32 0.020047937 
711 694 6 8 0.020042593 
