15_Stock_Market_Stock_Market_15_706
42
328 167 174 250 0.9998361 
515 42 64 111 0.6180505 
803 291 13 19 0.17788146 
127 316 23 37 0.15218006 
161 509 377 338 0.11126178 
168 305 19 33 0.10812283 
681 346 23 39 0.09355047 
1007 439 10 18 0.07806718 
610 -121 320 363 0.07192291 
965 368 10 20 0.06491387 
156 300 21 36 0.061519004 
752 572 8 17 0.051064584 
686 325 34 56 0.047003243 
70 46 15 26 0.045001227 
894 316 17 28 0.044968225 
0 616 14 44 0.03710384 
48 65 14 27 0.034602873 
926 323 10 19 0.033953663 
413 0 11 13 0.03295136 
803 3 13 11 0.031695902 
841 2 11 12 0.029693732 
636 111 13 19 0.029154837 
3 618 9 19 0.029099954 
979 476 10 17 0.02787237 
641 316 8 14 0.02769661 
887 298 11 18 0.026606344 
98 478 12 14 0.026030943 
757 532 19 44 0.02601952 
823 2 13 12 0.025165547 
30 388 16 30 0.024324566 
722 372 39 70 0.023721807 
861 289 12 23 0.023518857 
207 227 13 18 0.023345953 
978 443 10 16 0.023045817 
551 28 276 429 0.022596808 
780 0 17 12 0.02256561 
655 246 13 19 0.021948839 
853 279 30 54 0.0218165 
749 483 8 15 0.02136451 
735 523 49 128 0.021244697 
430 131 300 478 0.021200415 
962 484 10 15 0.021169916 
