47_Matador_Bullfighter_matadorbullfighting_47_207
113
883 483 20 21 0.95527405 
921 480 17 20 0.89898133 
376 415 21 32 0.8976934 
575 397 22 32 0.61208785 
744 424 15 24 0.58376145 
601 470 16 26 0.58272415 
413 515 28 36 0.28502706 
59 336 22 27 0.2761746 
471 426 17 25 0.24537149 
597 779 14 24 0.19724172 
819 483 19 20 0.18124802 
872 523 8 8 0.13203433 
780 472 13 17 0.10621738 
642 542 16 18 0.09592079 
228 426 14 25 0.08982702 
900 468 16 15 0.08450145 
467 359 7 11 0.07121575 
782 480 14 22 0.06412418 
792 484 14 18 0.06388956 
914 543 7 10 0.06086606 
587 479 11 18 0.059656736 
461 430 12 20 0.058803786 
421 508 16 27 0.05743418 
502 481 11 17 0.05559337 
837 543 10 12 0.051375188 
404 495 14 25 0.05136723 
530 528 7 10 0.05014626 
877 526 8 10 0.04933572 
764 471 12 17 0.047937445 
721 491 16 18 0.047881566 
396 420 14 24 0.046718013 
443 434 9 12 0.046095524 
538 476 9 15 0.045578815 
1000 469 21 32 0.0445079 
234 429 16 29 0.043634437 
366 647 49 92 0.043074276 
615 511 8 11 0.043064125 
174 455 10 19 0.041626725 
866 469 14 13 0.041430768 
908 490 14 18 0.04105076 
866 521 8 9 0.04091651 
545 493 7 14 0.04081389 
831 535 24 29 0.0402883 
586 472 23 34 0.039823204 
786 443 15 18 0.03962982 
170 412 12 21 0.038963463 
251 418 14 25 0.038287528 
725 477 11 12 0.037722435 
422 676 36 78 0.036433898 
865 477 25 28 0.035989363 
729 484 12 14 0.035746597 
85 371 13 18 0.03526231 
524 487 7 11 0.034645587 
388 488 27 40 0.03425645 
496 551 8 11 0.033703335 
638 493 9 12 0.03333996 
616 519 8 9 0.03327596 
868 491 11 15 0.033203572 
508 480 10 15 0.031447683 
346 440 37 62 0.030930517 
400 498 26 40 0.030708307 
528 486 7 11 0.030481093 
394 665 43 81 0.029113296 
653 574 21 24 0.028977543 
522 491 11 14 0.028598282 
830 493 13 14 0.028490724 
40 383 23 30 0.02841695 
615 503 9 13 0.028369648 
497 484 10 16 0.028109822 
729 463 47 53 0.027696908 
211 457 35 58 0.027678797 
582 820 15 21 0.027433747 
634 502 8 11 0.02705489 
632 535 48 61 0.026495807 
777 488 11 18 0.02637381 
699 441 8 13 0.026029151 
717 484 11 14 0.025967449 
842 539 11 14 0.025922969 
658 482 12 17 0.025810583 
622 526 9 10 0.025704361 
719 479 8 10 0.025617925 
685 494 7 11 0.025495326 
864 526 9 11 0.025459846 
531 533 8 12 0.025452476 
888 476 20 18 0.02490265 
491 553 7 10 0.024860807 
186 410 12 21 0.024579387 
244 425 15 26 0.024205275 
437 441 9 13 0.024179962 
373 506 31 41 0.024030112 
624 520 8 10 0.023922876 
475 418 13 20 0.023232497 
639 501 8 11 0.023156594 
524 528 7 9 0.023007968 
621 502 8 11 0.02294501 
497 354 6 12 0.022900218 
629 520 11 11 0.022290435 
374 438 44 63 0.022218129 
413 439 15 21 0.022106186 
937 482 11 17 0.022036066 
744 474 11 11 0.021989184 
589 488 10 16 0.021929162 
911 482 16 17 0.02180386 
715 828 30 49 0.021638844 
542 472 10 17 0.021369357 
617 528 7 9 0.021244595 
631 510 10 11 0.021150189 
523 479 6 10 0.02075513 
428 527 17 24 0.020690724 
591 529 8 10 0.020430652 
70 349 17 22 0.020404615 
443 481 12 20 0.020361638 
453 409 7 10 0.020257654 
