47_Matador_Bullfighter_matadorbullfighting_47_657
35
266 94 96 132 0.99985576 
132 188 85 101 0.9997477 
349 309 190 311 0.18176952 
407 574 12 20 0.098416924 
426 611 11 16 0.09563153 
426 632 21 40 0.07748031 
79 461 27 57 0.07534806 
268 448 16 30 0.059462536 
471 552 11 18 0.056346104 
274 411 9 19 0.0372839 
449 651 7 14 0.03587987 
465 388 24 26 0.03564099 
34 506 39 61 0.032808997 
446 532 9 16 0.029290883 
1 533 319 381 0.027889814 
110 396 35 67 0.02785935 
439 649 9 16 0.027155459 
433 630 9 15 0.026493935 
90 349 39 76 0.026478456 
384 499 15 17 0.026360944 
86 514 42 60 0.026207004 
435 591 8 12 0.025581066 
342 566 32 42 0.024799393 
467 553 9 15 0.024768772 
10 201 62 115 0.024594504 
363 428 44 56 0.023649203 
438 290 19 23 0.023572752 
474 547 20 29 0.023238162 
418 647 10 17 0.02204045 
313 440 7 11 0.021613315 
375 490 36 46 0.021435577 
419 639 17 30 0.020795554 
67 445 53 99 0.020543134 
453 528 9 15 0.020105043 
-1 247 69 164 0.020075934 
