47_Matador_Bullfighter_Matador_Bullfighter_47_196
28
452 125 52 71 0.9997174 
335 263 69 86 0.3555343 
612 390 29 30 0.18582897 
250 187 352 429 0.067227624 
416 49 44 34 0.05347601 
627 403 27 27 0.051807854 
488 104 329 403 0.040169578 
772 490 75 100 0.036012277 
199 629 5 6 0.03277985 
629 365 26 31 0.032599904 
89 233 29 45 0.03152599 
838 313 85 107 0.03132346 
565 335 344 425 0.030845432 
637 222 10 14 0.030291285 
574 500 46 48 0.029104706 
912 542 39 44 0.025992306 
483 200 43 52 0.02523717 
655 419 93 92 0.025084814 
616 354 31 30 0.023047812 
200 624 4 4 0.022992598 
191 624 4 5 0.022552544 
568 345 98 75 0.022196235 
425 52 16 15 0.021325931 
187 630 5 5 0.021042934 
614 301 21 21 0.021018501 
193 611 4 5 0.020367391 
395 237 9 8 0.020313822 
190 630 5 5 0.020273093 
