47_Matador_Bullfighter_Matador_Bullfighter_47_583
91
377 157 262 329 0.99994814 
385 667 58 61 0.6806286 
69 839 25 59 0.5999514 
103 710 36 66 0.53506285 
905 757 12 21 0.39187413 
748 1090 39 93 0.35397437 
804 829 14 20 0.29758582 
789 831 12 20 0.25200137 
222 787 20 20 0.21541311 
291 559 12 18 0.18804307 
127 644 23 40 0.13445216 
391 870 28 48 0.12950109 
331 514 26 37 0.1293377 
963 971 14 31 0.09922918 
828 1005 21 42 0.096698746 
172 751 14 23 0.0905107 
898 603 13 16 0.07949971 
99 636 11 28 0.07903369 
925 869 23 37 0.0751825 
325 503 22 37 0.073449425 
910 888 22 40 0.07216782 
897 765 12 22 0.064119935 
828 980 9 19 0.0620499 
213 589 12 16 0.05918625 
325 649 15 17 0.058935504 
814 868 12 21 0.056983776 
306 575 14 27 0.054647207 
378 890 31 41 0.053641476 
888 772 13 16 0.052053213 
929 887 25 39 0.04963316 
257 852 11 19 0.04607914 
208 828 13 23 0.04526953 
786 913 15 24 0.044842903 
350 880 20 34 0.042764787 
548 608 44 87 0.04210532 
218 795 16 17 0.041796044 
371 701 27 33 0.041216455 
110 649 25 39 0.041077945 
826 940 9 15 0.040811352 
198 780 10 13 0.04056914 
306 656 15 22 0.04006695 
219 538 13 13 0.03871832 
205 839 14 23 0.03809068 
289 850 21 36 0.038011827 
159 749 11 19 0.03757177 
738 729 9 17 0.036796954 
138 655 13 23 0.036730375 
324 604 10 15 0.036518857 
795 824 14 20 0.036155883 
685 612 8 11 0.035404116 
100 622 23 41 0.03468437 
313 533 13 20 0.033350848 
788 903 13 21 0.033153147 
912 913 14 22 0.03246975 
165 751 12 20 0.029910358 
79 845 13 31 0.029380227 
509 606 56 87 0.027858626 
681 518 28 50 0.027080752 
378 710 37 38 0.026876638 
194 948 10 23 0.026848117 
798 932 7 11 0.026614076 
807 924 10 13 0.026189642 
146 666 9 16 0.026140248 
191 797 8 12 0.025837375 
753 878 13 20 0.025316728 
280 568 14 17 0.025242927 
800 811 9 13 0.024748728 
206 561 12 14 0.02422645 
224 875 12 18 0.024049109 
816 1184 34 30 0.023648694 
359 855 27 38 0.023424055 
102 663 40 80 0.023406671 
316 1117 22 46 0.02332735 
310 680 14 22 0.023219332 
891 609 9 16 0.02305179 
816 897 9 15 0.022853991 
214 534 25 23 0.022797037 
929 977 20 32 0.022496775 
767 539 30 25 0.022438753 
801 842 13 18 0.022146234 
193 776 11 14 0.021751393 
182 813 7 13 0.021593887 
239 964 24 60 0.0214397 
704 531 13 24 0.021335086 
299 565 11 16 0.020829724 
68 874 23 45 0.02071365 
332 536 13 21 0.020690473 
130 619 28 46 0.020603878 
895 631 26 38 0.020437377 
884 778 11 14 0.020255571 
509 630 28 43 0.020030484 
