47_Matador_Bullfighter_Matador_Bullfighter_47_761
35
72 31 31 42 0.9419654 
347 40 28 37 0.7511738 
592 46 29 36 0.722125 
468 30 33 34 0.65111095 
344 113 41 47 0.48427793 
38 118 32 39 0.46894857 
183 41 30 31 0.46597594 
233 31 36 33 0.37669343 
562 17 24 25 0.28300044 
200 423 352 388 0.26722974 
281 549 23 41 0.26424056 
884 115 28 33 0.19495927 
383 87 45 51 0.073636726 
495 467 39 44 0.067873225 
541 41 26 30 0.06626347 
550 27 44 45 0.054793347 
446 502 44 55 0.044857405 
621 339 55 101 0.044367146 
425 -20 323 339 0.041844416 
604 261 311 438 0.037730467 
449 366 298 328 0.035544664 
662 376 27 50 0.033646118 
709 51 24 28 0.03346715 
537 449 159 184 0.03302608 
26 111 79 73 0.029331565 
626 -16 331 357 0.027717996 
252 737 26 33 0.026238006 
377 118 47 50 0.024593707 
192 25 49 41 0.024011156 
704 135 36 24 0.023608873 
459 500 11 16 0.022359762 
577 22 13 16 0.022187151 
30 -3 330 312 0.021476114 
768 108 212 153 0.021321116 
205 46 196 183 0.02024427 
