47_Matador_Bullfighter_Matador_Bullfighter_47_610
19
436 334 148 127 0.98730475 
-43 101 487 389 0.10290873 
263 730 92 138 0.082348414 
307 326 383 652 0.051449917 
718 703 41 59 0.040036965 
387 612 11 18 0.031138249 
389 544 14 30 0.028916128 
343 505 9 20 0.02891058 
532 517 23 35 0.028104039 
250 609 145 232 0.026528848 
538 512 53 61 0.026360504 
614 493 23 41 0.024447734 
303 442 18 29 0.024353445 
335 436 24 39 0.024137221 
514 749 45 63 0.021934727 
328 445 35 72 0.02145963 
324 425 22 33 0.020525558 
-41 630 348 292 0.020449376 
297 567 19 27 0.02036029 
