47_Matador_Bullfighter_Matador_Bullfighter_47_179
19
373 80 84 76 0.98265165 
202 145 76 95 0.67946583 
840 47 26 34 0.17482753 
339 77 65 77 0.14663066 
549 123 364 445 0.077898696 
397 104 33 37 0.05848243 
597 36 43 48 0.036126625 
985 36 15 29 0.033118255 
241 321 11 10 0.029171864 
933 459 87 78 0.027646841 
1006 43 43 97 0.02511681 
215 350 9 16 0.023411768 
242 373 9 10 0.02335904 
250 337 8 8 0.022015614 
241 327 11 9 0.021198431 
82 72 312 392 0.020928528 
406 264 9 18 0.020614311 
377 109 40 42 0.02025939 
73 426 10 18 0.020209841 
