47_Matador_Bullfighter_Matador_Bullfighter_47_385
39
339 52 93 118 0.9998833 
630 110 88 112 0.9997298 
745 146 27 47 0.7287811 
699 366 12 13 0.09797734 
677 406 11 13 0.09026228 
690 369 11 12 0.0840868 
538 236 11 21 0.083409555 
714 368 12 12 0.072360665 
679 358 12 11 0.07220181 
433 22 22 28 0.07187079 
819 364 14 13 0.06474369 
733 419 11 15 0.05338586 
648 368 10 13 0.050905608 
752 364 10 14 0.04954908 
606 358 12 14 0.044675782 
802 412 11 14 0.040023148 
643 411 9 14 0.039827082 
762 414 9 13 0.03923916 
647 360 10 12 0.0386268 
450 38 13 24 0.037598006 
566 135 402 549 0.035492044 
672 370 8 10 0.033284206 
318 19 22 27 0.033253636 
707 383 12 12 0.033207472 
746 364 10 13 0.030743634 
809 375 13 10 0.030265598 
426 23 35 57 0.029587004 
232 625 49 82 0.026864538 
420 1169 38 42 0.02624159 
502 957 6 13 0.02512551 
652 361 12 12 0.023951676 
229 177 27 32 0.023868257 
776 375 9 10 0.02287972 
489 901 9 18 0.022836927 
791 369 10 12 0.022034243 
836 413 8 13 0.021882854 
115 688 26 35 0.021221574 
620 416 10 15 0.020777125 
704 363 12 12 0.020392157 
