47_Matador_Bullfighter_Matador_Bullfighter_47_354
25
439 96 37 54 0.1429822 
516 368 10 16 0.0393473 
358 7 7 7 0.036109008 
459 93 29 40 0.033780262 
415 9 5 5 0.03256217 
363 12 7 8 0.03162403 
351 7 5 6 0.030923579 
533 217 359 407 0.03047987 
347 7 5 5 0.030016715 
436 12 7 7 0.02903387 
600 261 11 16 0.028906833 
440 11 9 8 0.028535642 
338 6 5 6 0.026877098 
415 12 6 7 0.026601018 
491 346 10 14 0.026417414 
200 239 17 28 0.023496103 
441 7 8 8 0.022468027 
638 188 8 11 0.022223258 
333 501 150 202 0.02221673 
433 33 12 14 0.021286303 
431 536 20 25 0.021264434 
203 187 10 18 0.021080306 
377 11 6 7 0.020986704 
411 12 6 6 0.02064476 
435 8 7 7 0.020465685 
