47_Matador_Bullfighter_Matador_Bullfighter_47_631
65
730 83 41 60 0.99314487 
260 329 21 26 0.69227856 
801 189 13 15 0.30165672 
952 3 21 31 0.23758456 
882 15 13 20 0.16809615 
68 77 18 28 0.16136946 
558 53 20 27 0.14716649 
768 7 17 20 0.1328383 
152 57 12 19 0.12708648 
270 50 22 36 0.12250057 
555 415 71 105 0.099558026 
299 354 368 371 0.09833911 
92 47 15 20 0.09253422 
619 468 96 100 0.09082361 
252 333 15 19 0.090674214 
373 50 44 68 0.084995106 
657 123 17 27 0.06883099 
492 373 145 200 0.065762214 
76 108 16 26 0.060852736 
719 172 16 25 0.058669142 
199 56 19 27 0.052197006 
725 9 19 27 0.05050899 
977 71 31 49 0.05050868 
336 -13 355 483 0.049063805 
406 310 141 128 0.046076655 
975 108 22 29 0.041444216 
30 44 13 25 0.04093042 
144 56 31 55 0.03864445 
645 55 15 23 0.037719753 
24 101 17 29 0.037258923 
685 80 23 31 0.03625028 
780 98 41 54 0.034258693 
767 449 29 46 0.034074884 
713 499 10 18 0.033230968 
300 238 80 74 0.03259389 
827 192 9 12 0.032457706 
815 633 29 44 0.030687515 
26 359 437 318 0.027699463 
746 507 10 15 0.02719664 
698 116 14 17 0.026635554 
810 195 10 12 0.026094435 
817 204 9 12 0.025955897 
599 553 128 110 0.025790073 
808 188 11 13 0.025221715 
272 324 23 29 0.025068756 
125 -4 13 17 0.025032166 
572 4 14 19 0.025024181 
286 338 17 26 0.024992803 
365 142 26 31 0.024671327 
757 91 42 53 0.024588818 
788 180 23 23 0.023521453 
260 306 29 38 0.023505883 
872 207 72 143 0.02332231 
732 496 10 12 0.023228874 
986 114 30 50 0.022779677 
606 7 16 24 0.02254658 
798 423 9 15 0.022127682 
925 65 16 28 0.021817489 
346 263 12 18 0.021754425 
246 22 23 41 0.021521065 
635 366 48 49 0.021235822 
246 236 36 64 0.021101175 
323 250 33 32 0.020936426 
113 79 17 27 0.02086579 
178 -3 15 24 0.02061973 
