47_Matador_Bullfighter_matadorbullfighting_47_177
19
227 81 17 26 0.8327712 
475 280 22 28 0.10802799 
220 125 9 15 0.04210859 
493 272 39 46 0.0387922 
224 113 6 10 0.036538675 
215 137 15 28 0.035526585 
556 327 8 10 0.035394203 
265 130 9 19 0.035272162 
468 280 39 58 0.026962955 
236 136 18 31 0.026916027 
238 114 8 12 0.026913727 
548 323 11 14 0.025655918 
542 318 11 16 0.023204144 
222 87 13 18 0.022718191 
548 311 12 15 0.022709971 
541 417 409 365 0.022082193 
211 143 10 18 0.021727197 
457 317 10 18 0.021242974 
239 83 11 18 0.020154 
