47_Matador_Bullfighter_Matador_Bullfighter_47_703
27
479 109 126 179 0.99763024 
372 28 36 61 0.44974306 
17 323 59 62 0.09237311 
922 212 46 56 0.09227721 
491 16 39 53 0.07350594 
199 107 40 54 0.069017336 
1 34 44 64 0.06608009 
424 491 14 32 0.057258002 
270 330 107 117 0.05228276 
646 395 75 108 0.050001755 
80 31 43 45 0.04091393 
667 30 244 454 0.040127 
193 69 35 26 0.03950384 
416 25 54 102 0.036785606 
616 19 42 48 0.035387192 
826 130 137 291 0.03346909 
402 132 25 30 0.03254593 
85 143 21 24 0.032493435 
25 31 34 50 0.02676515 
935 72 47 76 0.025184406 
133 135 45 70 0.024993667 
153 114 51 83 0.024847053 
-3 270 25 40 0.02318777 
148 90 42 60 0.022249253 
896 66 70 105 0.02193274 
331 105 47 50 0.021836702 
141 107 22 37 0.020830598 
