47_Matador_Bullfighter_Matador_Bullfighter_47_254
27
463 102 111 144 0.9984856 
323 213 69 52 0.5109699 
355 267 61 47 0.111283675 
345 244 59 47 0.08363024 
431 129 20 33 0.06914853 
654 350 373 378 0.06893452 
407 401 25 24 0.06718775 
345 415 9 12 0.05522421 
930 632 6 10 0.04856304 
63 278 340 422 0.045845922 
425 139 20 35 0.035023615 
961 653 5 8 0.034058627 
903 472 13 13 0.034007344 
411 398 14 11 0.03229528 
815 467 24 20 0.030564273 
941 632 5 9 0.030021157 
524 359 7 14 0.029882476 
425 150 10 20 0.028927807 
951 633 7 10 0.028579079 
735 612 51 59 0.028246041 
750 586 12 15 0.026745614 
327 415 5 7 0.026740551 
471 197 9 12 0.024873259 
941 654 4 7 0.023691522 
704 615 53 62 0.023636201 
921 634 5 9 0.023184804 
332 416 5 7 0.020960497 
