47_Matador_Bullfighter_Matador_Bullfighter_47_567
87
427 96 172 248 0.9974252 
773 416 12 18 0.25657392 
433 1081 140 255 0.21871196 
402 580 12 19 0.1926273 
712 558 15 20 0.0922818 
700 594 14 17 0.08448947 
407 571 13 21 0.07320448 
272 402 37 46 0.07272235 
303 556 11 15 0.06959822 
699 504 13 18 0.0691785 
763 456 16 20 0.067820914 
721 534 9 13 0.05630479 
703 440 13 16 0.055574138 
731 541 7 13 0.05273596 
722 493 13 17 0.045714464 
585 940 11 16 0.044159766 
776 580 9 18 0.041498806 
349 567 11 18 0.041058574 
304 593 7 10 0.040210273 
47 1085 10 17 0.03959209 
774 532 11 20 0.038749464 
44 1108 13 23 0.038140096 
411 563 12 18 0.03772773 
708 596 11 14 0.03745324 
251 816 485 588 0.035546508 
748 536 9 15 0.03530909 
725 457 13 18 0.034954853 
673 524 10 15 0.033180572 
759 600 9 16 0.03310784 
753 1142 40 72 0.033061106 
733 515 10 13 0.032668024 
25 1086 12 19 0.03209296 
693 470 12 17 0.031874523 
328 619 8 15 0.031678203 
52 792 12 18 0.031629845 
279 542 13 17 0.031610552 
759 406 11 17 0.031584725 
837 406 14 14 0.031242775 
757 395 10 16 0.030900177 
757 421 10 16 0.030181672 
741 496 10 18 0.030168207 
282 561 12 18 0.029382046 
266 493 11 19 0.02900423 
482 974 7 11 0.027592024 
713 536 24 37 0.027244264 
507 228 362 656 0.02718014 
390 609 11 17 0.026922658 
740 538 7 10 0.026910482 
30 1414 5 7 0.026893124 
26 792 16 21 0.026132502 
758 593 7 11 0.02602115 
417 588 13 22 0.025952088 
358 528 8 11 0.025393605 
821 1131 68 99 0.025220132 
417 560 12 17 0.024866547 
20 1406 6 8 0.02484989 
271 530 25 32 0.024809647 
693 421 11 17 0.024729414 
310 619 7 12 0.024334908 
721 539 12 19 0.024304237 
721 427 8 12 0.024053171 
12 1436 10 14 0.023798741 
708 436 11 15 0.023581851 
737 514 11 15 0.023494234 
674 544 10 16 0.02341882 
782 421 11 16 0.023359502 
90 1143 16 24 0.023188854 
390 548 12 20 0.023019064 
35 -33 448 486 0.022879895 
764 395 9 15 0.02261289 
768 522 22 41 0.02227802 
355 490 8 13 0.021920087 
694 363 9 12 0.021810355 
783 454 11 16 0.021745702 
780 481 13 17 0.021632502 
21 1413 6 8 0.021503551 
776 572 8 16 0.021456335 
747 503 11 16 0.021418527 
323 581 7 12 0.021290902 
308 349 14 23 0.021069804 
377 529 7 10 0.020732854 
696 409 8 14 0.020512683 
717 438 24 36 0.02035925 
748 1361 15 23 0.020234663 
721 471 12 14 0.02019021 
758 365 6 7 0.020066747 
731 599 9 12 0.02002158 
