47_Matador_Bullfighter_matadorbullfighting_47_936
24
648 19 89 111 0.99965763 
810 198 37 59 0.27655697 
643 262 10 14 0.13471317 
11 24 328 336 0.046663966 
724 346 7 9 0.040335197 
1001 189 19 37 0.04012846 
719 296 11 10 0.032396507 
671 299 7 11 0.028738823 
740 345 7 9 0.028608894 
770 246 17 27 0.02783389 
714 346 8 10 0.0260837 
358 343 46 35 0.025666779 
722 386 10 17 0.024060866 
667 295 7 10 0.023390679 
945 151 24 29 0.02292349 
338 334 436 438 0.02283781 
515 309 9 12 0.022836337 
695 273 12 15 0.022423007 
569 169 27 35 0.021566492 
382 344 20 16 0.021131977 
132 299 21 49 0.021012262 
701 293 8 11 0.020720989 
651 222 11 17 0.020526946 
633 280 10 12 0.02037616 
