47_Matador_Bullfighter_matadorbullfighting_47_266
32
255 102 59 72 0.9959245 
478 283 70 100 0.6962469 
300 250 12 14 0.60028195 
647 291 298 421 0.07004664 
377 169 42 70 0.04803916 
637 417 17 36 0.047061212 
1 461 4 8 0.043495 
651 261 154 234 0.04006872 
316 296 15 13 0.035923913 
0 465 5 11 0.03414205 
926 215 24 30 0.03151294 
515 274 76 87 0.028538078 
649 429 24 31 0.027761722 
331 274 11 11 0.027026739 
333 184 40 50 0.026712555 
311 251 9 12 0.025536062 
932 602 11 13 0.025269506 
637 392 13 23 0.023491148 
293 252 11 12 0.023481315 
345 271 11 12 0.023270585 
324 215 21 24 0.022932949 
328 216 12 13 0.022525363 
329 243 12 13 0.022455415 
644 355 9 23 0.02208531 
673 497 21 33 0.021755986 
602 338 7 11 0.021734279 
613 357 8 16 0.021620031 
266 349 388 383 0.02135286 
324 246 10 11 0.02118878 
739 112 290 452 0.021056863 
659 490 26 34 0.021006169 
625 444 16 32 0.020634951 
