47_Matador_Bullfighter_matadorbullfighting_47_645
28
395 130 45 58 0.9998921 
674 122 45 60 0.9997229 
595 118 49 59 0.99939847 
528 145 46 64 0.99925727 
493 406 69 115 0.59939784 
268 476 23 47 0.37312102 
753 178 34 46 0.11498277 
618 118 333 506 0.08629738 
554 566 44 49 0.063187376 
589 36 23 31 0.05610023 
584 414 32 45 0.054830916 
717 273 23 34 0.049414665 
421 14 79 127 0.041788314 
789 196 30 33 0.030321486 
44 147 16 23 0.027566908 
158 56 332 425 0.02697676 
47 265 146 262 0.02689036 
833 59 36 43 0.026883293 
579 164 8 17 0.026683368 
93 364 358 348 0.024140725 
211 278 16 37 0.024093617 
568 174 19 32 0.023493774 
269 215 33 35 0.023486385 
222 291 9 23 0.02345143 
257 404 21 32 0.022783784 
764 164 27 41 0.022439336 
534 472 25 38 0.0217617 
745 276 10 14 0.020975979 
