47_Matador_Bullfighter_matadorbullfighting_47_731
1295
425 172 18 19 0.98604417 
577 138 19 25 0.9685735 
600 115 13 16 0.9522022 
961 73 11 13 0.93958247 
913 109 10 14 0.92590904 
679 115 14 15 0.91683555 
360 118 10 12 0.91076547 
975 4 13 11 0.9085455 
2 150 11 13 0.9055379 
912 12 9 11 0.90194035 
968 92 12 13 0.8994455 
522 124 10 16 0.8992451 
834 111 11 13 0.8989124 
856 59 10 12 0.8971108 
719 134 13 14 0.894129 
645 119 11 14 0.8843018 
28 153 14 14 0.8842607 
624 108 12 15 0.86584693 
888 103 10 14 0.86540174 
310 18 11 14 0.86478007 
973 142 14 16 0.85950506 
388 149 13 12 0.84459645 
141 10 12 16 0.83908063 
922 89 11 17 0.8322179 
8 117 12 13 0.8205376 
166 159 11 13 0.8125161 
485 113 10 12 0.8117055 
453 120 11 13 0.7966642 
766 128 11 12 0.79355127 
82 81 11 12 0.79204535 
907 58 10 13 0.7848073 
837 27 9 12 0.78019184 
677 89 13 13 0.77734226 
906 132 12 15 0.7734899 
104 139 11 13 0.7703049 
512 8 9 12 0.7666459 
611 48 9 12 0.7616541 
779 43 8 11 0.7575445 
72 150 13 13 0.7550958 
204 80 9 11 0.7545867 
870 93 10 13 0.752307 
165 124 9 12 0.73969185 
664 42 11 13 0.73945475 
976 35 11 13 0.737477 
396 62 9 11 0.73594326 
515 73 9 11 0.7303877 
926 47 10 13 0.7294225 
839 86 11 13 0.72562724 
825 30 8 11 0.72068554 
39 127 13 14 0.71955574 
803 122 10 13 0.70613164 
783 82 10 11 0.703184 
689 41 10 13 0.70244324 
183 91 9 12 0.70235395 
996 130 15 15 0.7022976 
831 55 9 10 0.6976947 
86 23 8 12 0.6912848 
86 101 10 12 0.6881373 
142 79 10 12 0.6736015 
949 112 13 15 0.6728604 
98 88 13 12 0.6720837 
888 54 10 13 0.6661944 
1015 86 8 14 0.65974844 
711 81 13 15 0.6573382 
494 66 10 13 0.6572186 
537 110 8 13 0.6493216 
873 113 10 13 0.6459351 
559 81 11 13 0.6458529 
444 67 9 11 0.6371307 
686 61 10 13 0.6351011 
742 62 8 10 0.61992323 
860 131 10 13 0.6184131 
144 135 11 12 0.6172516 
712 110 11 13 0.615874 
642 98 11 15 0.6155631 
973 48 10 14 0.60799855 
25 3 9 10 0.6051489 
617 25 9 10 0.60444564 
69 96 9 11 0.6018657 
308 76 10 11 0.601173 
564 122 13 14 0.59080493 
946 40 12 12 0.5858965 
479 85 9 12 0.57909346 
64 117 11 12 0.5768497 
438 128 12 13 0.575117 
863 78 8 12 0.57124126 
246 131 9 14 0.567044 
115 11 8 14 0.5652892 
251 84 10 13 0.56428003 
767 100 10 12 0.557874 
880 35 9 11 0.55768526 
210 102 8 11 0.55169666 
33 96 11 11 0.542349 
908 37 7 13 0.53897536 
226 115 9 11 0.53527504 
634 54 8 12 0.523292 
95 157 9 12 0.5208087 
477 69 10 12 0.51623374 
0 82 6 11 0.5161542 
19 137 12 11 0.51139015 
340 87 9 11 0.50422305 
991 80 11 13 0.50418866 
50 84 11 12 0.50292414 
788 18 8 10 0.4919095 
943 49 12 13 0.49023008 
264 136 9 13 0.4879152 
626 9 9 10 0.48694044 
231 137 9 14 0.48193765 
228 91 8 10 0.4816612 
787 31 8 10 0.48143297 
588 86 10 12 0.4805596 
853 97 10 13 0.4792524 
880 6 8 10 0.47463843 
264 92 12 14 0.47250354 
331 76 9 10 0.47215396 
509 309 22 27 0.47199413 
769 30 8 10 0.4718385 
402 34 10 11 0.46677226 
345 108 13 11 0.46283457 
863 18 9 10 0.46012434 
341 9 10 11 0.4594803 
379 83 10 10 0.45933956 
818 67 7 11 0.45871457 
881 49 8 11 0.45320544 
165 8 8 11 0.45015147 
303 2 11 12 0.4438459 
445 4 9 12 0.43882748 
881 128 11 14 0.43811327 
709 65 8 12 0.43796664 
683 155 12 17 0.43595952 
774 11 9 10 0.43285164 
43 6 11 12 0.43262362 
984 110 14 12 0.42198646 
417 102 10 11 0.42184833 
873 63 9 12 0.41865176 
493 11 8 11 0.4093568 
403 133 12 13 0.4052587 
190 139 10 12 0.4044427 
645 152 10 16 0.4019101 
156 144 9 11 0.39980528 
178 4 9 11 0.39693457 
334 162 12 14 0.39564976 
905 87 11 13 0.39525437 
623 130 10 14 0.39374536 
83 124 12 13 0.38199702 
126 105 9 12 0.3749635 
628 82 8 10 0.3649363 
59 22 8 12 0.36324513 
12 4 6 8 0.35624465 
185 114 8 11 0.35408804 
198 162 10 11 0.35379744 
114 108 8 11 0.35330793 
184 73 8 10 0.3509627 
841 149 11 11 0.34810585 
797 113 10 11 0.34797987 
406 114 9 11 0.34703803 
279 142 12 17 0.3458486 
611 92 9 11 0.34416106 
670 109 10 12 0.33919278 
338 122 10 14 0.33782673 
287 84 9 10 0.33471373 
502 89 9 9 0.33297023 
755 88 9 11 0.3329255 
302 132 11 14 0.33218247 
115 81 10 11 0.3312987 
537 7 8 10 0.3289728 
1006 5 10 13 0.32724103 
249 7 9 9 0.3269966 
103 123 11 12 0.32079753 
868 35 8 12 0.3200509 
592 104 11 11 0.31674668 
102 3 7 12 0.31600612 
29 79 10 10 0.31399456 
641 28 11 12 0.31233555 
907 196 8 13 0.31129608 
542 60 8 11 0.30829597 
505 55 9 11 0.3048472 
304 91 9 14 0.30253664 
657 75 10 13 0.30029663 
471 201 14 20 0.2984309 
324 6 9 10 0.29738045 
495 113 11 12 0.29659435 
247 56 8 9 0.2965168 
84 143 11 13 0.2963416 
274 11 8 11 0.2918684 
469 177 12 14 0.29152787 
119 155 13 12 0.2904699 
515 104 8 14 0.29012206 
726 3 8 10 0.28758276 
325 142 14 18 0.2865051 
332 111 11 12 0.28542703 
218 133 7 11 0.28239533 
887 149 11 14 0.2771888 
97 2 7 12 0.27694914 
652 13 10 11 0.2743113 
178 131 10 12 0.27392232 
536 136 11 15 0.27219495 
13 88 9 11 0.2719347 
600 61 9 10 0.27065492 
391 91 9 11 0.2674853 
691 6 8 10 0.26666403 
206 120 8 11 0.26588777 
543 112 8 14 0.26551002 
667 91 9 12 0.26350647 
378 100 9 10 0.26046512 
719 49 8 11 0.25848565 
804 12 8 10 0.25825432 
925 151 12 13 0.25762948 
849 47 7 11 0.2571886 
918 40 9 12 0.25504792 
410 155 13 13 0.25409395 
703 17 7 10 0.25271866 
558 66 8 11 0.25250944 
481 54 10 13 0.25193238 
191 10 11 11 0.24833186 
374 12 10 11 0.24594475 
840 5 10 10 0.24591915 
282 104 8 13 0.24553157 
363 15 10 10 0.24346799 
441 5 8 10 0.24068476 
402 2 10 10 0.23896974 
804 56 8 10 0.2381333 
787 187 22 22 0.23398691 
780 138 12 10 0.2331649 
568 22 6 9 0.23255673 
105 76 11 11 0.2319008 
389 75 8 9 0.23168564 
352 75 9 9 0.2304602 
228 72 9 11 0.22844365 
464 82 8 10 0.22714245 
726 73 8 12 0.22348979 
943 3 10 10 0.22273554 
901 74 9 11 0.2221134 
264 69 9 10 0.21992981 
223 93 9 9 0.21922027 
0 6 6 10 0.21242453 
504 140 11 14 0.21163498 
409 81 7 8 0.21144709 
217 152 9 12 0.21019474 
604 18 8 10 0.20837863 
924 67 9 12 0.20534164 
128 6 8 11 0.20473911 
132 8 8 12 0.20465046 
349 4 9 10 0.20406926 
711 40 9 12 0.20191018 
233 103 9 10 0.19987454 
501 49 10 10 0.19956535 
816 17 8 10 0.19714358 
563 39 8 10 0.19583179 
963 3 10 10 0.19524872 
577 80 8 10 0.19147143 
556 17 7 9 0.19117995 
778 67 9 10 0.18882221 
743 35 8 10 0.18688308 
693 30 10 12 0.18603471 
368 155 14 14 0.18537919 
528 180 13 14 0.18476649 
831 131 10 12 0.18363087 
748 45 9 10 0.1832672 
760 74 8 10 0.18159345 
723 69 9 10 0.18038481 
748 84 8 11 0.18001103 
388 5 10 9 0.17830993 
465 131 9 13 0.17734273 
462 149 10 13 0.17716126 
170 105 8 11 0.17629054 
914 38 8 12 0.17625664 
124 146 10 11 0.17530957 
716 20 7 9 0.17225327 
293 90 10 14 0.1714475 
736 12 9 10 0.17060831 
807 95 9 10 0.17047633 
198 88 7 9 0.17012598 
547 114 10 14 0.16864769 
234 10 7 8 0.16856913 
242 126 9 12 0.16758133 
26 27 8 12 0.16574591 
746 10 9 9 0.16519034 
726 101 11 12 0.16506913 
851 162 9 13 0.16261981 
909 16 9 10 0.16194427 
523 11 8 9 0.16103561 
296 119 9 13 0.1604785 
752 126 8 11 0.16043036 
761 41 8 10 0.1602865 
905 22 9 12 0.15972453 
375 94 10 11 0.15949595 
583 58 6 7 0.159151 
242 120 8 11 0.1588165 
108 107 9 11 0.15704389 
984 68 9 12 0.1551416 
863 0 6 6 0.15174122 
41 179 11 11 0.15115593 
852 18 7 10 0.14893569 
758 18 8 10 0.14817384 
582 42 7 9 0.14764838 
481 5 8 10 0.14278477 
489 166 13 14 0.14277208 
163 62 9 10 0.1418866 
462 95 9 11 0.14182375 
827 7 7 9 0.13986929 
827 74 10 11 0.13974626 
70 163 10 11 0.13949855 
707 130 10 13 0.13860068 
751 132 9 12 0.13690741 
154 101 9 10 0.1365342 
793 70 8 9 0.13581388 
622 6 6 8 0.13541864 
758 69 9 9 0.13538598 
307 116 10 14 0.13469087 
67 138 12 11 0.13435785 
655 67 10 11 0.13231187 
48 35 8 12 0.13125063 
12 169 14 14 0.13114221 
48 43 9 12 0.13082655 
665 23 9 11 0.12867305 
972 177 11 12 0.12859993 
723 11 9 11 0.12844878 
952 15 9 11 0.12840556 
362 166 13 17 0.1284026 
148 156 9 11 0.12785627 
837 20 7 9 0.12712696 
427 114 8 9 0.12701075 
393 12 11 10 0.12676893 
404 81 7 8 0.12631242 
775 64 8 10 0.12526888 
62 3 8 10 0.12525366 
632 24 8 10 0.12480498 
765 1 8 7 0.12469744 
105 176 12 13 0.1242743 
56 177 12 10 0.124115735 
165 82 7 9 0.12369182 
799 118 10 12 0.12327567 
1018 209 8 12 0.12315952 
693 92 11 11 0.12234294 
855 87 9 13 0.12209319 
733 51 8 10 0.12178255 
450 138 11 14 0.1207484 
652 64 8 10 0.11998869 
17 94 9 10 0.11951057 
69 35 7 11 0.11842964 
586 55 8 9 0.1171007 
415 82 7 9 0.116260536 
388 37 7 9 0.115991324 
800 81 8 9 0.11536028 
188 178 14 15 0.11512533 
830 10 8 9 0.11329482 
61 64 8 9 0.112721555 
647 63 7 10 0.1120443 
150 151 9 11 0.11059341 
75 14 8 13 0.11019471 
1010 54 7 10 0.109778285 
659 44 9 11 0.10914766 
110 11 6 12 0.10839985 
184 10 8 11 0.10817051 
213 73 9 11 0.10814334 
811 36 7 10 0.107941225 
801 4 6 8 0.10765816 
49 63 8 9 0.10725997 
971 39 12 16 0.10713629 
204 145 10 11 0.10556267 
805 3 7 9 0.1054039 
7 5 4 8 0.10527518 
940 24 9 11 0.1051542 
317 162 12 15 0.10505294 
793 24 7 9 0.103915006 
421 6 8 9 0.10305172 
442 112 7 10 0.102758005 
494 303 48 43 0.10249073 
146 164 11 12 0.10248369 
679 16 7 10 0.1021579 
714 5 8 8 0.10186402 
219 94 7 9 0.10155842 
798 24 6 9 0.10133189 
355 72 9 8 0.101226345 
0 107 6 10 0.09806315 
542 82 9 10 0.09776018 
756 64 8 9 0.09757539 
320 75 8 10 0.09615097 
603 12 8 9 0.09525036 
651 42 7 10 0.09520716 
437 6 7 8 0.09501131 
139 115 8 10 0.0942904 
180 88 9 11 0.09425692 
831 82 9 11 0.093425445 
570 63 6 8 0.093245514 
81 5 6 8 0.09318498 
436 57 8 9 0.09279278 
428 88 7 9 0.092389055 
846 184 8 10 0.09226259 
547 151 10 16 0.09116195 
538 57 8 9 0.09100754 
818 57 8 9 0.09096065 
810 32 8 9 0.090386674 
694 25 10 10 0.0903492 
310 3 9 9 0.0903217 
995 235 8 10 0.08970783 
575 61 8 9 0.08954712 
390 9 9 10 0.08923672 
813 13 8 9 0.08916938 
768 57 8 9 0.0888597 
834 86 8 11 0.08869748 
709 18 8 11 0.08868754 
14 83 11 10 0.08733739 
854 158 8 11 0.08712417 
971 56 10 15 0.08675034 
364 71 7 7 0.086654775 
665 66 9 11 0.086576805 
570 70 7 8 0.08639153 
341 93 11 11 0.08548537 
57 63 9 8 0.084952176 
503 6 8 9 0.08493622 
582 6 7 8 0.0847083 
920 153 10 10 0.084688745 
1018 63 8 12 0.0846555 
752 48 9 10 0.08430421 
356 141 11 16 0.08385093 
825 69 8 10 0.0837534 
736 30 8 10 0.08347963 
84 215 7 9 0.08306217 
1018 155 8 11 0.08279904 
888 19 7 9 0.08270467 
485 9 8 11 0.08233233 
906 30 9 13 0.081942946 
435 10 7 10 0.08147834 
905 95 11 14 0.08023958 
580 76 8 10 0.08010773 
416 4 7 9 0.07962756 
972 31 10 13 0.07947787 
721 17 8 10 0.079397574 
1003 196 8 9 0.07936911 
139 177 11 12 0.07909077 
670 68 8 11 0.07869944 
376 4 9 10 0.0786904 
61 27 10 14 0.07857159 
773 36 8 10 0.07759539 
217 89 8 9 0.07667327 
459 9 8 11 0.076427475 
402 90 6 8 0.07588013 
1010 69 7 10 0.07562657 
868 23 9 9 0.0752272 
536 92 9 12 0.075088084 
581 12 7 8 0.07478747 
232 7 8 8 0.07399392 
675 72 9 13 0.07397676 
651 4 10 9 0.07287959 
856 17 7 10 0.07209204 
577 17 6 8 0.07204314 
421 76 6 8 0.07196838 
833 19 7 9 0.07140136 
395 80 8 9 0.07128388 
40 121 12 13 0.071283326 
820 160 10 10 0.07100708 
254 71 9 9 0.070969045 
431 108 9 9 0.070856 
344 101 12 12 0.07074512 
947 121 11 15 0.070456974 
202 6 10 10 0.070077464 
749 114 7 10 0.06963232 
549 62 8 9 0.06945614 
212 156 9 11 0.06907912 
645 41 9 11 0.06856612 
153 105 8 11 0.06836864 
452 5 9 11 0.068194784 
134 114 8 10 0.068019986 
161 9 7 11 0.06798976 
863 170 7 11 0.06789176 
799 150 12 13 0.06774696 
140 144 10 11 0.06770951 
203 85 8 11 0.0674894 
607 88 10 11 0.06734738 
563 6 6 7 0.067322955 
835 51 10 11 0.06716285 
901 4 8 9 0.06706289 
288 314 107 63 0.06644472 
615 2 6 6 0.06638442 
817 51 8 9 0.06620594 
863 153 9 10 0.06598736 
913 180 10 14 0.0656787 
547 107 8 13 0.06529215 
146 113 8 11 0.06515859 
292 74 9 10 0.065067865 
458 128 10 13 0.06491146 
227 45 7 8 0.064682834 
195 133 9 11 0.064589396 
29 2 7 8 0.06445019 
180 70 8 9 0.06412012 
814 52 6 9 0.06398731 
873 203 8 11 0.06378452 
430 75 6 8 0.06349791 
405 187 12 16 0.063329905 
446 88 8 9 0.06326728 
235 134 9 13 0.06290795 
645 5 9 10 0.06264373 
761 119 9 13 0.062467847 
746 31 8 10 0.06238479 
70 75 10 10 0.06224315 
456 17 9 12 0.062236406 
327 75 8 10 0.062173195 
117 86 9 11 0.061992466 
46 183 12 9 0.06189698 
962 156 12 12 0.061772816 
260 142 11 14 0.061611306 
121 108 7 10 0.061497893 
742 115 7 11 0.061433967 
623 103 10 11 0.061422143 
72 69 10 10 0.06131918 
479 62 9 12 0.0612192 
765 5 8 8 0.060979735 
742 6 8 9 0.06088551 
890 0 7 7 0.06085269 
190 147 11 14 0.060831755 
329 170 18 19 0.060599715 
852 14 7 8 0.060122423 
829 30 8 10 0.06006644 
838 73 9 11 0.060063988 
100 82 12 11 0.05981625 
793 50 7 9 0.059279058 
864 14 8 8 0.05914829 
929 1 6 7 0.058914475 
545 30 6 9 0.058801282 
564 105 11 13 0.05871673 
510 175 12 15 0.05868006 
826 56 9 10 0.058220528 
981 31 10 12 0.058183044 
638 36 9 11 0.058028303 
71 170 11 12 0.057885297 
1017 238 7 9 0.057756234 
288 11 9 10 0.057576485 
921 72 11 14 0.057541244 
836 173 8 10 0.05735535 
71 14 7 12 0.057003986 
11 75 7 8 0.05686947 
0 119 4 12 0.056449715 
768 62 7 9 0.056367986 
851 1 5 6 0.05596823 
549 29 6 9 0.055839602 
1019 197 7 10 0.055729218 
150 139 11 11 0.055716928 
441 64 9 10 0.055654593 
455 10 7 10 0.055498812 
563 20 6 7 0.05522272 
161 82 8 9 0.055188704 
356 4 8 8 0.05494974 
420 82 7 9 0.05467528 
794 45 8 9 0.05447468 
454 105 9 11 0.05428563 
18 56 6 8 0.054154817 
952 93 11 12 0.05387951 
945 16 8 10 0.053650133 
537 87 9 11 0.05356985 
261 9 7 10 0.053417567 
399 169 13 14 0.05339413 
1017 69 15 22 0.05328747 
895 23 7 11 0.053060245 
549 44 7 9 0.05285927 
270 11 7 10 0.052360553 
369 16 9 10 0.052207563 
755 30 7 9 0.05208762 
420 96 8 9 0.051983997 
171 11 7 9 0.05172091 
147 107 8 10 0.050957315 
70 1 6 7 0.05090482 
671 4 8 8 0.05071838 
83 18 8 13 0.050700568 
20 4 6 8 0.05056534 
801 19 6 7 0.050530937 
587 112 11 11 0.05037008 
804 270 36 54 0.050165012 
714 146 12 16 0.050063606 
639 0 7 7 0.050031934 
509 92 9 10 0.049976267 
184 139 10 11 0.049891412 
588 6 5 7 0.049880248 
874 127 12 15 0.049755316 
24 219 8 8 0.049618796 
509 163 12 13 0.049613297 
849 180 7 9 0.04942937 
917 11 8 11 0.049345955 
945 61 11 12 0.048712697 
842 69 8 10 0.048649617 
0 112 6 12 0.048640423 
1003 236 7 9 0.048411075 
822 166 11 14 0.048239697 
563 2 6 7 0.048226867 
608 69 7 10 0.04813886 
768 35 7 11 0.048059445 
880 43 10 12 0.04784068 
120 131 9 11 0.047825363 
682 57 10 12 0.047689963 
588 64 7 8 0.0475966 
48 68 9 9 0.047594573 
5 11 6 10 0.047528688 
193 89 6 9 0.047498144 
826 63 7 9 0.04748327 
997 4 7 10 0.047396574 
364 75 7 8 0.04697035 
778 16 9 10 0.04675148 
447 109 7 10 0.04673307 
738 6 7 8 0.04660237 
585 52 6 8 0.04655009 
321 10 9 11 0.046531998 
744 169 11 14 0.046468865 
58 2 7 7 0.04611205 
112 175 11 14 0.045995243 
552 112 9 14 0.045989078 
1 103 5 8 0.045973074 
816 88 8 9 0.045849733 
869 163 10 14 0.045666326 
169 81 8 9 0.04563227 
663 74 8 13 0.04553011 
619 2 7 7 0.045383424 
894 12 7 8 0.045234427 
589 1 5 6 0.04518883 
709 11 8 9 0.04509464 
903 40 8 12 0.044349894 
244 11 6 7 0.044325165 
868 157 9 9 0.044260893 
266 118 9 11 0.044226438 
296 125 12 16 0.04420843 
829 224 17 36 0.044134088 
475 74 8 10 0.044115238 
537 102 8 12 0.04376904 
600 66 9 10 0.04364751 
981 101 13 14 0.04341838 
909 6 8 10 0.043397047 
215 102 7 9 0.04332072 
977 98 10 12 0.043268383 
3 179 10 12 0.043136973 
732 155 12 15 0.043122828 
113 126 9 11 0.043025818 
499 55 9 11 0.042694826 
435 69 7 9 0.042406693 
318 101 8 10 0.042388882 
408 160 13 16 0.04217647 
662 144 10 13 0.042054694 
636 75 8 10 0.041982505 
462 87 9 10 0.041896556 
761 13 7 8 0.04188413 
812 89 8 9 0.041849572 
166 78 7 8 0.04182226 
195 168 13 16 0.041786566 
221 336 39 35 0.04159308 
721 62 9 11 0.041531745 
428 11 6 8 0.04150984 
429 103 7 8 0.041500572 
894 88 9 11 0.0414075 
1008 73 8 11 0.04138136 
893 164 8 12 0.041378345 
643 89 10 12 0.041344546 
827 150 10 10 0.041342046 
276 76 7 9 0.041210856 
216 83 8 10 0.041110985 
849 6 6 7 0.040957164 
276 62 5 8 0.040840182 
635 42 8 10 0.040796623 
873 155 10 12 0.040756416 
161 67 8 10 0.040710807 
228 175 11 16 0.040674675 
12 11 5 8 0.040641848 
468 185 16 24 0.040628202 
367 173 11 15 0.040458404 
586 69 8 10 0.04039717 
223 2 7 7 0.040363733 
287 91 9 12 0.040341776 
529 129 10 14 0.039909415 
176 196 13 17 0.039861847 
215 13 19 18 0.039803606 
630 6 8 10 0.039695926 
292 23 8 13 0.03958313 
450 164 12 15 0.039544795 
844 62 7 9 0.03950526 
588 13 6 6 0.039416872 
583 1 6 5 0.0393458 
433 21 9 14 0.03933553 
869 130 9 13 0.03929868 
890 197 6 10 0.03921299 
965 190 8 11 0.038970836 
955 107 11 14 0.03896839 
859 1 6 6 0.038933974 
619 19 8 10 0.038785588 
1019 146 8 12 0.038752995 
407 107 10 10 0.03872414 
119 50 7 10 0.038707204 
896 5 7 8 0.038593914 
705 63 8 11 0.038414206 
524 151 10 13 0.03838548 
667 2 6 7 0.038240287 
167 103 7 10 0.038216427 
866 74 9 12 0.038111422 
256 149 9 12 0.037755 
958 151 10 12 0.03774494 
173 131 8 12 0.037698638 
126 201 13 16 0.037686724 
7 88 6 9 0.03768114 
159 200 10 15 0.03762184 
514 156 11 14 0.037545435 
831 183 9 11 0.037477806 
820 43 6 9 0.037458543 
877 56 8 11 0.037398078 
-13 20 82 76 0.037360623 
132 177 9 10 0.037341885 
265 101 11 13 0.036985435 
499 322 65 42 0.03692676 
883 192 6 8 0.0368835 
426 7 7 8 0.036845718 
409 102 8 9 0.036771595 
1001 229 7 9 0.036747772 
663 28 11 14 0.036620867 
209 171 9 12 0.03646285 
791 13 7 8 0.036413107 
804 61 8 10 0.03630724 
408 61 9 10 0.03628348 
563 112 15 16 0.036157567 
530 18 6 7 0.036126498 
499 92 10 11 0.03609013 
1018 27 9 13 0.036075618 
602 83 8 9 0.03603266 
564 12 5 7 0.03596854 
7 94 7 9 0.035917364 
399 66 9 10 0.035893597 
383 76 9 9 0.03587792 
816 182 10 12 0.035810675 
531 12 6 7 0.03577215 
863 205 6 9 0.035741184 
248 121 8 11 0.035724103 
627 17 7 9 0.03566737 
628 56 7 10 0.035640106 
1019 178 7 11 0.035406087 
792 127 9 11 0.035403315 
413 55 9 12 0.035364192 
799 51 7 9 0.035301816 
281 95 8 10 0.03525156 
554 185 8 9 0.0352513 
274 58 6 8 0.03523118 
103 145 423 402 0.03521231 
873 167 9 14 0.035100006 
614 13 6 7 0.034908973 
0 183 7 11 0.034904648 
40 31 5 8 0.03482135 
877 31 7 11 0.03479178 
279 70 7 9 0.034724463 
760 113 9 10 0.034601234 
576 7 7 7 0.03448242 
620 74 8 10 0.034474004 
68 4 7 8 0.03437714 
474 93 8 12 0.034351442 
251 126 10 14 0.034338545 
215 161 13 13 0.03427022 
492 157 12 15 0.034265604 
595 6 5 7 0.03424351 
863 184 7 11 0.034237694 
931 174 10 15 0.03422948 
320 151 15 22 0.034216862 
873 195 9 11 0.034166265 
766 77 6 8 0.034127746 
560 130 13 16 0.034095738 
794 118 9 10 0.034092683 
499 101 8 10 0.034089122 
504 23 7 10 0.034061078 
409 96 7 8 0.03400305 
577 43 7 8 0.03396693 
790 174 22 20 0.03393942 
897 80 9 11 0.033906117 
698 18 9 10 0.033858705 
894 0 7 8 0.033825632 
962 1 7 7 0.033787668 
838 1 6 6 0.033675827 
245 7 7 7 0.03360431 
173 5 7 10 0.03354301 
435 83 7 8 0.03353837 
28 203 13 12 0.0335248 
870 56 7 10 0.033447083 
619 70 8 9 0.03343173 
411 148 13 12 0.033339944 
374 10 84 79 0.033200562 
894 18 7 10 0.0331825 
602 7 7 7 0.033152368 
548 102 7 10 0.03311378 
428 134 9 9 0.033101223 
254 16 8 9 0.033083443 
625 77 10 10 0.03301994 
363 158 13 14 0.0329694 
120 5 8 11 0.032967657 
858 178 7 10 0.03296692 
180 8 80 77 0.03287684 
1012 238 7 8 0.03287357 
820 38 6 8 0.032867115 
709 71 10 15 0.032746043 
281 61 6 9 0.03274407 
758 80 9 10 0.03269234 
1018 55 7 12 0.03254385 
772 151 10 11 0.03252837 
76 21 8 12 0.032515757 
359 13 8 8 0.032484002 
997 209 8 10 0.032452334 
581 62 7 8 0.032441914 
395 99 9 11 0.032364603 
890 30 7 9 0.032355808 
1006 252 11 14 0.032323822 
144 129 10 10 0.032287233 
273 117 9 12 0.03224098 
4 102 6 8 0.032233898 
544 38 6 7 0.03217696 
262 123 15 21 0.032092147 
1010 62 7 11 0.03209157 
224 48 8 9 0.032065097 
877 186 7 8 0.03206038 
832 24 7 11 0.03201153 
932 0 7 8 0.03197252 
151 112 9 11 0.03196377 
97 177 8 11 0.031941745 
473 40 9 13 0.031916037 
543 154 9 13 0.031874444 
523 67 9 10 0.031815402 
1018 191 7 10 0.031814247 
164 144 7 11 0.031656247 
31 118 9 11 0.031611033 
676 2 8 7 0.03156869 
858 6 6 6 0.031497434 
402 95 7 8 0.03143841 
534 10 88 77 0.03136105 
274 81 8 9 0.03133566 
993 211 6 9 0.031325918 
933 73 9 13 0.03124801 
272 88 8 11 0.03124729 
528 63 7 10 0.031237539 
309 71 8 10 0.031207604 
530 24 7 9 0.031111918 
470 21 8 13 0.031100664 
162 57 7 9 0.03108274 
69 40 8 11 0.03103504 
1018 201 9 13 0.031014211 
862 177 6 9 0.031006902 
805 89 9 9 0.030965382 
596 31 6 7 0.030961705 
524 100 8 13 0.03093628 
1000 197 7 9 0.030889545 
415 78 7 8 0.030866424 
395 126 7 11 0.030839175 
758 161 15 16 0.030813007 
989 61 8 11 0.03080774 
89 156 10 12 0.030778192 
63 50 9 9 0.030777754 
208 6 9 9 0.030743973 
951 5 7 8 0.03071202 
798 95 8 10 0.030689728 
833 2 6 6 0.03067178 
875 190 8 11 0.030650346 
823 183 8 10 0.030624 
920 80 11 16 0.030568443 
235 162 9 13 0.030552462 
833 178 8 9 0.030521706 
543 102 7 11 0.030485872 
909 183 8 12 0.030451301 
49 77 10 10 0.030380791 
154 96 8 9 0.030351887 
788 50 91 74 0.030303529 
570 2 5 5 0.03028174 
595 63 9 9 0.03023786 
1019 148 14 20 0.030213634 
443 90 7 8 0.030195799 
517 64 8 9 0.030175462 
770 182 14 14 0.030168317 
471 0 7 8 0.0301519 
383 410 8 6 0.030133076 
913 171 10 15 0.030128872 
428 158 10 11 0.030088644 
383 11 7 9 0.030084066 
703 74 9 13 0.030061463 
782 31 6 8 0.029939316 
800 63 6 8 0.029927285 
793 55 7 9 0.02987106 
849 87 10 13 0.029854532 
753 114 8 10 0.029802555 
591 94 10 12 0.02979929 
500 139 9 14 0.029790992 
348 11 8 9 0.029729724 
776 293 41 37 0.02972631 
594 110 15 17 0.029685602 
794 64 7 8 0.029635517 
701 87 11 12 0.029593494 
801 201 39 53 0.029535023 
339 14 9 10 0.029530514 
219 55 7 9 0.029508809 
683 22 8 10 0.02950748 
45 32 6 8 0.029369928 
204 115 7 9 0.029350026 
1018 50 7 10 0.02931865 
324 87 8 12 0.029252077 
815 189 11 14 0.029246798 
935 28 7 12 0.029242432 
566 42 7 9 0.029238109 
638 59 9 11 0.029215204 
440 53 6 7 0.029200561 
864 93 8 13 0.029185025 
828 60 10 10 0.0291587 
595 18 6 8 0.02915588 
166 87 6 8 0.029053079 
283 87 7 10 0.029052185 
215 170 9 12 0.02903766 
787 14 7 9 0.029017877 
194 143 10 13 0.029016612 
81 10 7 12 0.028980818 
90 6 91 80 0.028929489 
915 152 10 11 0.028900133 
542 218 20 23 0.028857987 
464 6 8 9 0.02878364 
303 119 16 22 0.02876792 
240 156 8 14 0.028700259 
428 93 7 9 0.028637504 
205 62 7 9 0.028570246 
160 120 8 10 0.028559586 
997 215 7 9 0.028544892 
22 95 9 10 0.028523609 
7 16 6 10 0.028482467 
152 5 8 11 0.028458279 
207 101 6 10 0.028414989 
68 80 10 9 0.028389953 
989 21 9 12 0.028364912 
246 286 10 14 0.028321685 
485 16 7 12 0.028302899 
769 12 7 8 0.028277462 
754 83 8 10 0.028242083 
533 106 8 12 0.028229697 
871 192 8 10 0.028220398 
787 49 7 9 0.028105928 
288 7 7 8 0.02806369 
1019 193 15 20 0.02798862 
511 247 9 12 0.027968157 
557 23 6 9 0.027881207 
525 324 30 24 0.027853858 
88 60 11 11 0.027820254 
772 25 8 9 0.027805764 
386 169 13 13 0.02775321 
938 159 12 11 0.027740873 
883 196 7 9 0.027699573 
812 42 7 9 0.027643502 
74 41 8 12 0.027632302 
1019 52 15 24 0.027626459 
748 119 8 11 0.02761441 
195 151 10 12 0.027538205 
818 83 7 9 0.02751622 
390 100 8 10 0.02748086 
589 18 6 7 0.027434533 
827 179 17 21 0.027375327 
8 2 5 7 0.027372766 
543 67 7 10 0.027294245 
884 23 8 9 0.027210273 
500 217 24 27 0.027201544 
142 49 6 9 0.027183529 
850 80 8 11 0.027097335 
267 65 8 8 0.027093092 
891 12 6 8 0.02708086 
236 16 7 10 0.027046794 
515 14 9 12 0.027042378 
777 7 9 9 0.027037447 
404 175 12 16 0.02703484 
595 36 6 10 0.027010754 
882 154 10 13 0.02700721 
51 143 10 13 0.026976753 
960 0 18 16 0.026966924 
787 1 5 6 0.026965307 
473 5 6 9 0.026928753 
603 137 11 14 0.026895365 
0 154 8 12 0.026836695 
359 88 8 10 0.02681984 
221 174 12 16 0.02670694 
453 89 6 9 0.026647996 
1018 211 15 19 0.026597818 
844 37 87 74 0.026450235 
686 12 7 9 0.02644778 
696 106 9 14 0.026434932 
585 117 11 13 0.02642436 
227 57 8 8 0.026409635 
475 87 8 11 0.026362024 
525 16 6 8 0.026323028 
477 36 10 12 0.026314571 
862 84 9 14 0.026301337 
488 59 90 80 0.026280725 
697 1 7 8 0.026147032 
373 176 10 12 0.02611934 
390 409 7 6 0.026101261 
276 19 90 84 0.026090136 
30 87 11 10 0.026075298 
19 99 9 9 0.02599925 
990 56 9 11 0.025991278 
218 4 8 8 0.025984477 
976 87 10 12 0.025965834 
124 140 10 11 0.02594782 
932 4 6 9 0.02594728 
46 165 9 9 0.025902666 
831 100 9 12 0.025902316 
716 61 8 12 0.025891526 
825 50 8 10 0.025885258 
532 6 7 8 0.025873495 
889 185 7 9 0.02584302 
127 120 7 8 0.02572097 
834 125 10 14 0.02570777 
38 2 6 7 0.025700431 
602 167 53 77 0.025688196 
58 68 8 8 0.025672143 
596 57 8 8 0.025655761 
851 56 8 11 0.025600642 
825 208 8 11 0.025576115 
369 114 7 10 0.025538482 
445 123 14 17 0.025503885 
28 51 6 7 0.025490334 
650 161 9 13 0.02543812 
525 88 7 10 0.025432331 
464 33 8 14 0.025394566 
448 82 7 9 0.0253847 
797 170 14 14 0.025382055 
619 95 8 10 0.02537499 
997 204 8 10 0.02531487 
741 16 7 9 0.025301214 
526 93 7 11 0.025293194 
499 250 8 10 0.025277184 
106 5 7 12 0.025245136 
0 94 5 9 0.025242342 
390 126 8 12 0.025237434 
781 75 8 10 0.025213284 
81 172 12 11 0.025181217 
613 70 8 9 0.025177632 
423 118 9 9 0.02508863 
1 209 6 9 0.025067264 
2 190 11 14 0.025039878 
403 100 7 9 0.025026372 
659 147 9 14 0.025002303 
198 118 7 10 0.024973985 
303 8 12 13 0.024969121 
545 44 7 8 0.024967145 
266 541 84 94 0.02495126 
622 10 7 9 0.024948811 
447 93 7 10 0.02494498 
131 107 8 10 0.024895567 
288 28 9 13 0.024849761 
572 328 45 35 0.024748852 
938 62 9 11 0.024745429 
198 69 8 9 0.024716936 
381 113 9 11 0.024674155 
282 310 17 12 0.024666196 
350 137 10 14 0.024654275 
982 93 12 13 0.02460829 
996 112 10 11 0.024550507 
568 6 6 7 0.024547068 
390 57 7 9 0.0244233 
702 49 7 11 0.024390668 
842 179 15 20 0.024320785 
234 90 8 9 0.024318952 
894 28 7 11 0.024298234 
604 23 92 75 0.024286455 
405 126 11 13 0.024272164 
68 144 13 13 0.024271559 
945 94 9 12 0.024260469 
812 25 8 9 0.024212835 
135 35 7 12 0.02418489 
794 5 6 8 0.024155954 
480 164 10 13 0.024045842 
459 61 8 10 0.024036009 
271 58 5 7 0.024017205 
401 182 11 14 0.024016721 
948 288 5 5 0.024003098 
882 185 6 8 0.023977116 
640 5 8 9 0.023956163 
789 57 6 9 0.023947664 
498 83 9 10 0.023908807 
453 95 7 9 0.023792667 
147 0 7 9 0.023770668 
981 41 9 12 0.023733227 
883 164 7 11 0.023693265 
492 29 8 11 0.023662334 
558 6 6 7 0.023650577 
1019 222 6 9 0.023647353 
870 50 7 10 0.0236213 
856 51 8 10 0.023608245 
209 64 7 8 0.023598757 
576 1 5 5 0.023594595 
16 113 10 12 0.02357904 
769 18 7 8 0.023553185 
381 106 8 9 0.023541963 
210 96 8 10 0.023513447 
323 167 13 15 0.023500385 
200 70 85 81 0.023448866 
985 212 7 9 0.023426479 
314 169 19 22 0.023401465 
276 70 6 8 0.023397805 
944 30 10 11 0.023379263 
1019 185 7 9 0.023373235 
104 94 11 9 0.02335424 
318 111 7 12 0.02333561 
298 89 10 13 0.023308147 
530 100 8 12 0.023278264 
257 85 15 18 0.02319896 
485 1 5 7 0.023163937 
652 73 10 12 0.023153346 
48 112 10 11 0.023131538 
474 107 8 10 0.023114275 
919 6 6 8 0.023076076 
122 237 8 9 0.023067413 
238 126 8 12 0.023054866 
292 17 8 10 0.023048898 
792 36 7 9 0.022998815 
27 36 6 10 0.022990733 
627 24 7 9 0.022979211 
817 6 8 8 0.022956632 
40 10 7 10 0.022956092 
228 81 10 11 0.022946749 
958 12 8 8 0.022937551 
237 64 7 8 0.02291876 
409 89 7 8 0.022901626 
934 12 6 9 0.022893606 
181 114 7 10 0.022893285 
94 56 10 10 0.022878328 
804 77 8 8 0.022871878 
967 30 8 11 0.022846239 
114 77 86 75 0.022825316 
401 267 38 61 0.022797663 
810 179 18 20 0.022796517 
320 34 7 11 0.02278252 
583 85 8 12 0.022769507 
76 1 5 6 0.022756949 
890 5 6 7 0.022746047 
1033 239 12 23 0.022739345 
952 2 5 6 0.022733964 
511 62 7 9 0.022696951 
184 151 10 12 0.022691024 
620 43 6 9 0.022679528 
691 16 7 10 0.022657026 
803 108 9 10 0.022645473 
257 147 16 19 0.022641728 
870 1 6 6 0.022624819 
726 25 89 72 0.022582984 
919 16 8 10 0.02257316 
51 24 6 9 0.022519622 
234 69 8 9 0.022467932 
601 29 7 8 0.022464722 
942 11 7 9 0.022428578 
862 210 5 8 0.022398697 
946 80 8 11 0.022392515 
948 285 4 4 0.02238729 
108 31 7 9 0.02238274 
594 13 6 7 0.022367507 
680 61 7 11 0.022355082 
1020 4 6 10 0.022334538 
369 136 11 14 0.02233336 
715 67 9 12 0.022323491 
253 120 9 12 0.02224654 
787 63 6 8 0.02223337 
278 6 8 8 0.022223502 
640 12 7 9 0.022167606 
39 37 6 8 0.022154292 
677 83 10 12 0.022149408 
1017 102 16 24 0.022147516 
569 59 6 6 0.022143362 
223 137 8 13 0.022107637 
225 372 7 5 0.02206938 
67 89 11 11 0.022062518 
922 310 4 3 0.022038886 
732 98 9 13 0.02203299 
947 107 10 14 0.022010515 
296 195 19 26 0.022010216 
415 71 87 79 0.021988882 
910 84 14 19 0.021969523 
188 118 9 10 0.021964293 
640 18 7 8 0.021942733 
271 125 10 14 0.02194266 
176 180 11 14 0.021930717 
-2 504 26 27 0.021894993 
533 253 21 25 0.02187618 
835 190 8 10 0.021865377 
429 352 17 10 0.021853188 
69 65 8 9 0.021839209 
31 36 6 9 0.021836778 
56 58 8 9 0.021833561 
556 45 6 8 0.021816373 
104 132 10 12 0.02181095 
828 298 13 15 0.02180721 
849 151 8 11 0.021799495 
659 20 9 13 0.021768974 
225 64 7 7 0.021766858 
637 80 9 12 0.021742994 
198 93 7 10 0.021737518 
342 168 10 14 0.021716911 
191 156 10 12 0.021692252 
748 101 8 10 0.021688215 
778 99 9 13 0.02166834 
754 38 9 8 0.021625299 
433 75 7 9 0.021614762 
856 153 9 10 0.021586284 
576 26 6 7 0.021567602 
267 6 7 8 0.021541947 
325 36 7 11 0.021522533 
211 133 7 10 0.021500787 
1011 211 8 9 0.021492215 
140 167 17 18 0.02149182 
474 82 7 11 0.021488296 
330 11 8 10 0.021478357 
35 90 10 10 0.02145701 
614 18 8 9 0.021445883 
392 62 8 10 0.021418504 
643 56 9 11 0.021418035 
138 206 12 15 0.021416366 
852 -3 4 4 0.021390596 
944 152 10 11 0.021355659 
633 70 8 9 0.021351967 
152 30 8 11 0.02132419 
954 152 8 10 0.02129037 
484 14 86 77 0.021286698 
928 310 4 3 0.021270871 
112 78 10 11 0.021217281 
30 19 7 9 0.021210989 
172 89 7 9 0.021179937 
61 107 11 12 0.021163868 
750 118 16 20 0.021148037 
781 26 6 8 0.021134881 
768 52 7 8 0.021133792 
761 30 7 8 0.02112917 
817 24 7 9 0.021119311 
595 2 4 5 0.02109819 
826 82 7 9 0.021096306 
863 7 6 6 0.021059278 
859 211 4 7 0.021045115 
966 19 8 9 0.021043926 
736 61 8 11 0.021038504 
42 94 10 11 0.02102133 
607 64 6 8 0.021012118 
224 7 18 18 0.021007583 
14 341 5 4 0.02099317 
415 88 7 8 0.020984268 
728 62 7 10 0.02096953 
700 14 16 18 0.020965628 
-2 3 13 25 0.020931773 
871 106 10 14 0.020930514 
94 81 10 11 0.020923702 
997 225 8 9 0.020918502 
602 2 5 5 0.020910349 
563 56 7 8 0.020860715 
625 95 9 11 0.020857856 
731 37 7 10 0.020836856 
606 37 7 10 0.020831807 
511 344 35 23 0.020809794 
348 173 10 16 0.020771665 
684 1 7 7 0.020722758 
686 5 8 9 0.020722425 
952 196 9 10 0.020708777 
1 103 16 21 0.020706613 
301 61 7 10 0.020699995 
747 93 9 12 0.020687183 
842 19 7 8 0.020679543 
102 107 10 11 0.02067115 
862 249 6 10 0.020658618 
17 53 6 7 0.0206574 
113 102 9 11 0.020654542 
328 21 85 82 0.020647401 
462 290 48 53 0.020645447 
203 16 9 10 0.020635871 
141 85 8 11 0.020577453 
368 70 7 8 0.020575806 
382 151 16 19 0.02055228 
56 45 6 9 0.020541556 
481 17 7 11 0.020541204 
777 148 13 13 0.020492038 
1020 173 14 21 0.020485718 
730 42 7 10 0.020464072 
437 53 6 8 0.020453224 
855 0 83 74 0.02042073 
41 115 11 10 0.02038899 
114 162 12 13 0.020387039 
11 18 6 9 0.020362401 
940 97 9 13 0.020341644 
210 88 8 9 0.020340597 
34 77 8 9 0.020326663 
812 6 6 7 0.02032507 
277 434 6 8 0.020315751 
430 12 85 79 0.020278044 
821 32 6 8 0.020273337 
229 149 9 13 0.020272564 
329 6 8 9 0.02023218 
290 70 6 7 0.020215724 
242 370 10 7 0.020209122 
609 45 7 10 0.020207591 
324 13 10 13 0.020203376 
184 81 8 11 0.020173417 
836 210 7 9 0.020158328 
453 198 9 16 0.02014706 
1020 134 15 22 0.020140555 
901 183 7 11 0.020119434 
814 76 6 8 0.020103691 
375 35 8 11 0.020099062 
535 127 9 13 0.020081688 
576 30 6 8 0.02007995 
432 136 11 11 0.020066105 
889 192 6 8 0.020060917 
460 28 9 16 0.020050617 
