47_Matador_Bullfighter_matadorbullfighting_47_300
105
817 341 33 28 0.9980862 
840 97 27 34 0.9965263 
227 544 31 41 0.98588806 
15 159 20 30 0.91960406 
926 359 32 37 0.8393262 
87 476 36 38 0.6402809 
938 362 38 49 0.40781307 
43 316 18 24 0.3917452 
11 2 20 24 0.3867891 
120 555 35 26 0.25321454 
997 299 27 37 0.20895268 
621 395 27 36 0.19802457 
896 21 26 28 0.13608399 
74 246 16 25 0.11653017 
379 328 42 71 0.11454888 
57 343 17 28 0.111764446 
122 300 22 23 0.103747055 
295 173 44 50 0.10075747 
824 14 29 32 0.10071698 
926 34 29 25 0.0872595 
897 437 14 18 0.08155126 
40 266 21 25 0.07434594 
831 6 30 22 0.062220722 
886 75 19 36 0.061460752 
613 360 39 59 0.05851032 
249 1 25 26 0.05814211 
19 326 18 16 0.057676442 
969 65 20 24 0.057374276 
603 7 22 30 0.05706501 
887 15 14 16 0.053538032 
54 314 11 19 0.04914399 
419 262 313 359 0.048633087 
0 93 6 20 0.048392307 
366 63 302 336 0.046186674 
69 474 11 18 0.044295482 
351 466 46 58 0.04280298 
39 326 32 37 0.039436053 
964 256 41 38 0.039242264 
297 357 23 30 0.038544998 
54 267 12 19 0.038411558 
16 393 12 21 0.03772922 
334 316 56 109 0.03725829 
0 392 5 16 0.036583018 
348 410 21 28 0.03584654 
350 13 15 28 0.035512406 
167 155 36 70 0.034783717 
48 169 10 13 0.034286875 
0 102 8 22 0.034170024 
482 463 37 48 0.03413907 
226 86 124 191 0.03366126 
518 167 32 33 0.03345355 
581 453 33 44 0.033218417 
454 492 56 59 0.032555386 
36 269 13 17 0.031608958 
54 341 12 18 0.03153305 
1004 404 27 42 0.031082787 
885 438 20 25 0.030619979 
599 380 70 73 0.029960752 
3 173 14 15 0.029940853 
27 8 11 13 0.029497596 
880 8 11 14 0.029008297 
603 11 37 50 0.028916156 
2 136 17 29 0.028876897 
68 470 21 32 0.028741587 
67 490 42 49 0.028540025 
867 371 19 27 0.027905632 
558 450 38 51 0.02749808 
919 370 24 32 0.027198134 
862 558 14 18 0.027003713 
828 92 20 32 0.026860032 
48 350 21 29 0.026762463 
491 481 45 54 0.02617773 
434 450 38 71 0.026056746 
901 76 10 21 0.025741657 
124 165 48 92 0.02518737 
954 381 31 42 0.025167795 
492 286 32 44 0.024720103 
105 523 67 73 0.024528222 
830 103 10 16 0.024501048 
173 528 24 26 0.02435973 
523 196 27 27 0.023591083 
439 511 69 122 0.023230586 
144 556 23 29 0.022957595 
22 135 11 17 0.022922331 
892 16 18 23 0.02266361 
247 287 284 353 0.022657918 
818 86 20 31 0.022607502 
810 7 30 25 0.022437423 
55 299 15 28 0.022178246 
58 253 17 28 0.02193747 
1021 319 33 54 0.021732472 
71 247 8 15 0.021676572 
514 487 43 55 0.021546239 
48 333 11 15 0.021398284 
9 207 31 42 0.021010777 
1030 210 16 29 0.020955585 
21 9 14 18 0.020814361 
22 321 33 34 0.02066434 
471 400 7 11 0.020624934 
588 412 27 26 0.020553458 
906 19 42 44 0.020435764 
163 1 24 26 0.020409144 
920 8 26 33 0.020282533 
3 91 10 20 0.020241031 
596 0 22 26 0.02022447 
