14_Traffic_Traffic_14_55
214
445 246 11 17 0.19896327 
298 192 10 13 0.15364312 
661 294 19 20 0.13024205 
873 408 12 10 0.11488118 
273 145 9 11 0.10605173 
879 7 10 12 0.10396586 
612 150 8 9 0.09360576 
211 462 21 19 0.08777746 
262 287 8 12 0.073826455 
371 214 6 6 0.07298937 
269 14 20 29 0.067854546 
295 157 6 7 0.064156815 
452 438 8 12 0.063611954 
90 163 5 6 0.059474766 
210 31 8 7 0.058850992 
571 246 31 28 0.0581878 
298 157 7 8 0.05786701 
975 538 15 23 0.056585107 
272 0 10 9 0.05638691 
34 112 11 8 0.05229446 
206 30 7 8 0.050986692 
518 48 8 8 0.049625542 
351 319 8 10 0.04940389 
976 1 5 8 0.048766166 
121 441 8 13 0.046470407 
598 439 11 12 0.0464242 
574 351 13 11 0.04378346 
94 221 32 20 0.04296582 
518 3 4 5 0.041833203 
313 227 6 7 0.04168835 
268 445 19 23 0.04153431 
182 338 4 6 0.041147374 
586 244 12 10 0.040873274 
780 163 103 118 0.040642098 
202 47 11 11 0.040242802 
476 179 12 12 0.039374035 
361 73 16 10 0.038133968 
933 269 12 11 0.037984345 
181 341 4 6 0.037083097 
500 61 5 6 0.03701717 
415 38 11 12 0.036851935 
614 146 7 8 0.036829874 
102 1 7 8 0.03678404 
269 157 6 8 0.036752965 
252 190 5 6 0.03657927 
38 138 7 7 0.03645037 
746 35 14 29 0.036354166 
203 40 9 10 0.03582482 
837 383 9 13 0.03515034 
228 201 8 9 0.034464482 
298 160 9 12 0.0344221 
532 47 6 9 0.033364523 
552 3 3 6 0.03316593 
132 80 9 8 0.032072898 
375 214 6 6 0.031543992 
104 225 15 9 0.03126072 
345 68 33 21 0.031245254 
319 228 5 6 0.031193497 
44 110 10 7 0.030981855 
314 209 6 6 0.030800479 
37 107 7 7 0.030737871 
368 216 5 6 0.030722583 
477 176 10 9 0.030691635 
112 441 9 13 0.03056389 
775 473 47 73 0.030513212 
583 125 5 7 0.030417688 
742 1 7 9 0.03037163 
671 60 10 8 0.030358315 
889 4 8 8 0.02998543 
304 198 9 11 0.029723477 
293 177 18 27 0.029496739 
571 50 5 7 0.029484626 
173 337 4 7 0.029369613 
298 139 7 8 0.029083088 
902 86 5 8 0.029076174 
295 93 5 10 0.02898887 
744 103 5 10 0.028922742 
263 -3 21 17 0.02883869 
280 1 9 8 0.028431304 
743 51 5 11 0.028381938 
255 188 8 9 0.02813744 
468 438 13 12 0.02798943 
551 8 5 8 0.027987003 
287 1 10 9 0.027354289 
749 192 7 10 0.02733221 
584 238 24 23 0.027256044 
650 59 15 12 0.02718118 
514 121 4 5 0.027138837 
527 2 3 5 0.027126666 
499 78 6 10 0.027121102 
15 94 10 12 0.027117815 
205 69 6 7 0.02702789 
326 77 8 6 0.026956618 
92 21 8 9 0.026895273 
514 124 4 5 0.026649429 
513 4 3 5 0.026628567 
78 211 23 31 0.026613519 
535 47 9 10 0.026534092 
34 425 21 28 0.026519135 
493 100 5 7 0.026348032 
308 230 6 7 0.026315475 
778 194 7 12 0.026115997 
737 137 5 9 0.0257219 
293 156 16 24 0.025682539 
797 143 8 9 0.025592703 
265 200 9 11 0.025465509 
273 103 10 18 0.025438016 
292 1 11 9 0.025305998 
31 107 21 17 0.025230173 
429 3 4 5 0.02506748 
123 62 15 13 0.025013221 
304 212 8 10 0.024950199 
858 158 5 5 0.02488751 
185 337 5 7 0.024702646 
586 131 31 43 0.024694996 
302 80 5 9 0.024637265 
593 14 7 9 0.024616374 
437 4 3 4 0.024614645 
214 34 8 7 0.024525335 
259 30 9 12 0.02449542 
521 51 8 9 0.02449215 
106 1 8 8 0.024460042 
333 265 7 7 0.024413433 
19 65 8 9 0.024364406 
585 250 11 10 0.02419194 
626 341 8 7 0.02404667 
372 211 5 6 0.024007812 
735 0 7 10 0.023999946 
22 137 23 20 0.02399731 
734 110 7 11 0.02399492 
196 46 23 25 0.02399113 
545 2 4 6 0.0235974 
370 218 7 8 0.023576036 
745 100 4 7 0.023565903 
51 105 30 18 0.023512878 
410 163 7 5 0.02350704 
31 137 11 10 0.023424046 
736 25 29 54 0.023404872 
531 119 6 4 0.02325297 
879 4 8 8 0.023228576 
865 157 5 6 0.023167983 
215 30 7 6 0.023114365 
397 2 6 8 0.02310435 
519 10 4 6 0.023103496 
100 119 7 6 0.023019247 
75 207 8 10 0.02301047 
389 267 41 44 0.022841386 
266 26 11 17 0.0227899 
320 76 7 6 0.022676451 
593 250 8 9 0.022657424 
658 28 8 9 0.022618825 
17 119 42 32 0.022452625 
625 389 7 11 0.02236292 
359 271 8 7 0.022318652 
383 103 20 12 0.022273356 
318 209 6 5 0.022189768 
504 62 5 6 0.022145422 
537 119 7 5 0.022100981 
272 155 8 10 0.022087866 
683 68 6 6 0.022051051 
390 1 7 8 0.022048648 
683 63 7 6 0.022023441 
532 3 3 5 0.02194353 
228 232 11 11 0.021939754 
209 186 7 9 0.02187044 
92 26 8 11 0.021797007 
742 116 7 9 0.021746518 
599 11 8 8 0.021728814 
512 265 27 20 0.021703266 
92 48 15 15 0.021644853 
720 92 12 11 0.021642381 
513 54 6 7 0.021623572 
584 131 5 6 0.021618454 
172 28 8 6 0.021532143 
255 21 18 25 0.021514006 
-13 57 71 79 0.021419214 
90 45 8 9 0.021396076 
856 412 7 6 0.021395398 
889 224 16 12 0.021387123 
306 287 10 12 0.02132019 
488 106 5 7 0.02128137 
520 120 32 21 0.021200182 
609 144 21 21 0.021182766 
271 7 12 12 0.021156304 
512 46 19 20 0.021112245 
200 34 7 7 0.021108948 
529 46 18 20 0.021064792 
526 23 3 6 0.021057177 
506 3 3 6 0.021018002 
39 132 6 6 0.020980326 
204 22 7 7 0.020917283 
510 234 9 7 0.02085695 
320 233 6 6 0.020836541 
247 -2 21 25 0.02078249 
607 71 9 8 0.020716993 
870 406 22 20 0.020711549 
260 188 8 9 0.020710342 
287 419 15 24 0.020568289 
201 24 19 18 0.020565933 
82 207 6 8 0.020546187 
136 266 4 6 0.020496907 
514 23 4 6 0.02045955 
454 282 7 16 0.02040997 
148 74 8 7 0.020398622 
650 26 21 21 0.020323986 
402 8 6 9 0.020261751 
468 181 6 8 0.020194203 
570 133 5 5 0.020165415 
596 137 5 5 0.020105155 
352 202 5 6 0.020088881 
269 138 15 22 0.020086803 
296 87 4 8 0.020026576 
332 261 7 6 0.02002388 
147 78 9 6 0.02001951 
