14_Traffic_Traffic_14_644
78
588 387 20 26 0.99860674 
336 104 15 20 0.9720364 
407 154 16 24 0.96986187 
523 158 15 23 0.96702385 
643 164 16 20 0.9487355 
654 98 13 19 0.9398492 
354 25 11 18 0.9083086 
805 148 15 22 0.7884477 
440 33 13 18 0.6911727 
241 514 30 40 0.5494415 
790 146 9 13 0.34032372 
244 23 38 48 0.30211148 
475 86 12 17 0.28695768 
646 235 14 14 0.14446819 
374 10 10 17 0.13899319 
482 196 12 16 0.09626353 
321 138 11 18 0.09456808 
681 131 10 22 0.07535877 
363 174 9 10 0.06359064 
800 150 10 16 0.06128472 
92 274 153 262 0.06098845 
465 91 9 15 0.059874468 
408 20 9 18 0.05345114 
685 160 8 12 0.05012541 
383 39 6 12 0.049709335 
625 237 8 11 0.049013477 
245 451 24 30 0.048662364 
362 0 8 13 0.044387095 
380 65 6 11 0.041616876 
371 15 8 15 0.03987102 
494 172 11 14 0.038921025 
786 147 19 27 0.038885437 
682 234 8 12 0.038801376 
452 71 12 18 0.038556784 
355 133 11 20 0.037589625 
823 181 9 13 0.037276868 
452 156 11 14 0.036890443 
409 95 9 12 0.036679186 
381 69 9 17 0.035989784 
354 176 19 24 0.0346332 
629 487 23 41 0.03252667 
467 86 15 23 0.032390375 
383 32 7 10 0.032229945 
482 86 9 16 0.031988893 
449 91 6 11 0.030540466 
420 136 8 11 0.03006102 
633 249 9 11 0.02960615 
446 159 10 14 0.029600006 
432 124 8 16 0.029204968 
374 101 8 14 0.029059742 
350 33 10 16 0.029058317 
380 42 6 13 0.028764797 
499 244 5 8 0.028307712 
644 240 18 24 0.027878694 
383 49 7 13 0.027532784 
352 19 9 15 0.027061682 
678 127 8 17 0.026911862 
764 160 56 99 0.025953967 
415 71 9 16 0.025666231 
788 143 8 11 0.02564021 
628 133 9 17 0.02548953 
283 440 283 387 0.024089519 
818 143 8 11 0.024066323 
507 153 11 18 0.023818899 
435 30 11 19 0.023533186 
647 98 11 17 0.023053085 
379 32 6 10 0.0230422 
95 269 8 10 0.02298421 
816 154 9 17 0.022932325 
87 23 11 17 0.022032553 
347 33 8 13 0.021930981 
430 108 6 10 0.021505056 
389 224 7 9 0.021411307 
379 32 14 25 0.021193475 
805 142 9 15 0.020958876 
268 18 24 33 0.0209584 
817 180 16 25 0.020505933 
242 43 22 32 0.020397753 
