14_Traffic_Traffic_14_654
19
450 349 99 115 0.99821246 
328 110 23 41 0.13470785 
930 957 101 194 0.060473826 
185 516 28 40 0.05659063 
670 795 134 118 0.04868738 
30 685 449 551 0.044734623 
867 149 12 22 0.04447264 
87 1291 113 149 0.038775254 
153 1334 61 101 0.036251597 
208 254 68 74 0.035414435 
0 406 8 19 0.034977395 
890 145 86 149 0.029164067 
249 830 577 643 0.028998373 
865 232 98 175 0.025504734 
6 779 10 22 0.023727762 
177 230 23 43 0.023172129 
688 725 213 281 0.022001782 
0 243 6 17 0.021381686 
245 278 43 47 0.020707905 
