14_Traffic_Traffic_14_505
161
618 554 67 117 0.99747986 
649 262 17 28 0.99478287 
117 188 16 26 0.9881782 
624 212 9 16 0.6694007 
866 290 10 19 0.31235844 
215 228 20 26 0.28343403 
667 209 15 26 0.18967085 
63 354 33 74 0.13559115 
168 240 12 21 0.12758027 
659 188 9 14 0.11800257 
447 68 5 9 0.08510163 
447 64 4 7 0.08081531 
417 187 4 5 0.06485569 
985 181 10 14 0.06279048 
765 291 10 21 0.061938796 
646 211 11 15 0.060742497 
555 138 6 11 0.058637295 
600 236 10 17 0.057805296 
178 169 4 8 0.055590704 
70 119 8 16 0.052129637 
707 194 10 17 0.051794756 
318 196 11 15 0.04557382 
907 173 8 14 0.044654746 
559 196 9 17 0.044334374 
862 294 14 33 0.043578718 
628 138 7 16 0.043536983 
979 206 15 16 0.04329742 
698 585 22 38 0.040738676 
266 260 19 30 0.04065165 
633 196 9 18 0.039263096 
637 189 7 13 0.039161414 
776 13 4 6 0.038674545 
619 197 9 18 0.03826843 
297 103 3 5 0.038186118 
274 95 6 7 0.036866378 
109 194 9 14 0.03678215 
448 72 6 11 0.036454912 
646 216 15 26 0.034925446 
861 122 8 13 0.03492239 
399 174 3 5 0.034641076 
507 52 4 6 0.034301322 
175 170 5 8 0.033622697 
984 306 16 20 0.033352334 
691 129 7 13 0.032952044 
301 108 4 6 0.032662645 
614 195 8 17 0.032589518 
822 123 9 17 0.03234877 
301 104 4 4 0.031994577 
309 98 4 4 0.031759907 
846 7 2 4 0.031636424 
808 127 6 11 0.031410724 
507 55 5 9 0.03138129 
381 287 12 13 0.031226523 
627 128 4 7 0.030844463 
698 195 6 12 0.030621566 
718 16 5 7 0.030451188 
390 173 4 7 0.03039362 
133 193 8 15 0.030276753 
170 197 6 9 0.030251227 
269 94 6 7 0.030016188 
638 158 4 9 0.030004276 
423 181 4 5 0.029790591 
386 154 3 6 0.029529039 
450 147 4 7 0.02946807 
417 190 4 6 0.029442405 
794 127 4 7 0.029208738 
555 144 8 20 0.029200403 
216 223 10 14 0.029014006 
386 173 4 7 0.028924404 
734 190 6 10 0.028673803 
444 64 5 7 0.028428694 
444 68 6 10 0.027539626 
717 12 5 8 0.027333232 
386 158 4 8 0.026987668 
990 175 10 16 0.026960451 
652 37 5 7 0.026668016 
411 188 3 4 0.026369037 
705 7 4 6 0.026147725 
324 346 28 48 0.026125502 
706 12 3 6 0.02601643 
647 177 5 11 0.025932526 
638 152 4 9 0.025672017 
658 208 14 25 0.025346385 
437 174 3 5 0.025245618 
840 6 3 5 0.025235163 
628 133 4 9 0.025125619 
384 191 4 6 0.025119582 
135 183 7 12 0.024954068 
139 190 8 14 0.024901997 
308 101 4 6 0.024731291 
454 70 5 7 0.024718286 
651 152 5 10 0.02455093 
454 75 6 10 0.024479767 
404 174 3 5 0.024478732 
507 62 5 9 0.024374342 
166 185 5 8 0.024285158 
622 127 3 7 0.024273014 
615 214 7 13 0.024089355 
313 97 3 5 0.023988781 
249 99 6 8 0.023926893 
405 167 3 5 0.023871617 
27 165 4 7 0.023862015 
398 192 4 6 0.023715159 
113 301 10 16 0.023250176 
290 96 4 7 0.023236893 
62 552 30 45 0.023137001 
398 187 2 5 0.023011811 
750 16 5 10 0.02295275 
645 127 5 9 0.022919819 
568 170 8 17 0.022912962 
168 189 5 9 0.022676323 
418 181 3 5 0.022357402 
671 557 42 72 0.02212067 
355 646 56 56 0.02210057 
166 181 4 6 0.022089055 
149 147 32 51 0.02201635 
1020 105 15 25 0.021871677 
405 187 3 5 0.021850625 
648 37 5 8 0.021789178 
230 160 3 5 0.021784073 
423 184 3 6 0.021773482 
437 180 3 5 0.021653451 
624 195 9 16 0.021647925 
314 91 3 4 0.021638433 
598 219 9 15 0.021620203 
839 2 3 4 0.021618236 
297 107 3 6 0.021555074 
731 190 6 9 0.021504642 
390 154 3 5 0.021493541 
863 278 10 19 0.021472279 
755 6 4 6 0.021422314 
225 239 14 19 0.021348685 
397 204 4 6 0.021306325 
0 249 19 43 0.021222576 
270 92 4 6 0.021107908 
391 188 3 4 0.02106967 
245 98 6 7 0.021067554 
711 12 4 7 0.021035634 
475 167 3 4 0.021001047 
922 188 9 15 0.020974206 
750 11 5 9 0.020905321 
171 99 16 21 0.020869829 
717 6 4 7 0.02081437 
437 168 3 4 0.020687507 
993 170 8 12 0.020685906 
188 159 4 7 0.020640533 
674 127 3 6 0.020464309 
139 186 6 10 0.020457307 
436 185 4 6 0.020434098 
181 180 4 7 0.020318598 
410 156 3 4 0.020317629 
352 103 3 5 0.020306189 
448 60 3 4 0.020305041 
500 57 5 7 0.020295152 
442 174 3 5 0.020293863 
428 198 5 7 0.020267256 
405 155 2 4 0.020224739 
145 194 6 11 0.020187212 
776 8 3 5 0.020105982 
386 178 3 5 0.020044714 
1033 204 14 25 0.02002446 
