14_Traffic_Traffic_14_677
76
231 17 204 285 0.99969053 
727 456 191 264 0.99964726 
614 191 180 304 0.99960953 
412 49 196 356 0.99714917 
111 198 123 284 0.41449562 
360 736 21 32 0.3401047 
310 296 347 433 0.27080014 
515 136 196 329 0.10725617 
577 785 9 11 0.0930167 
561 746 6 12 0.0721181 
671 740 4 8 0.051666696 
556 721 5 10 0.048323285 
553 722 5 9 0.04810071 
294 500 6 9 0.047288 
311 723 11 13 0.046476264 
958 400 9 13 0.04361617 
316 719 8 12 0.042652942 
145 163 228 368 0.041886386 
565 769 12 14 0.04034474 
693 175 253 434 0.037125703 
496 849 9 16 0.037074253 
857 281 58 104 0.037014566 
726 432 13 14 0.035901107 
778 722 99 149 0.033070415 
333 465 8 13 0.03274931 
325 696 6 6 0.03239637 
571 717 16 28 0.032078166 
188 244 9 14 0.030157618 
197 600 279 393 0.02953536 
914 538 11 14 0.02844012 
322 692 4 6 0.028277194 
-27 45 306 401 0.027623853 
830 339 36 61 0.027621903 
415 775 9 19 0.027335059 
642 784 5 9 0.026887778 
413 460 188 218 0.026740426 
594 792 11 11 0.026396312 
305 719 11 12 0.026253909 
303 493 4 6 0.025674874 
332 695 7 7 0.02562109 
900 382 8 11 0.025442813 
324 703 7 9 0.025029136 
740 774 11 18 0.024894804 
296 728 5 8 0.024727257 
531 722 5 9 0.024018709 
699 501 328 440 0.02362261 
322 698 5 6 0.023576308 
267 794 4 6 0.02329549 
381 718 11 21 0.023232952 
288 485 5 7 0.023224374 
270 710 4 6 0.023207078 
558 751 7 10 0.023172224 
335 658 5 7 0.023003312 
447 789 9 13 0.022911606 
427 777 8 14 0.022609012 
608 738 3 4 0.022355925 
364 729 30 55 0.022081135 
340 741 33 52 0.02206714 
518 717 6 8 0.022026993 
288 737 5 6 0.022009663 
294 736 6 7 0.021291941 
299 726 6 10 0.021189883 
361 786 28 51 0.021085268 
311 711 20 22 0.021030894 
-10 405 264 453 0.020956505 
638 737 27 46 0.020858968 
396 805 10 18 0.020710135 
908 380 6 10 0.020659901 
605 451 20 24 0.020616092 
302 692 5 7 0.020599043 
344 791 7 11 0.020519342 
471 850 10 15 0.020441744 
213 724 4 6 0.020313257 
303 487 4 5 0.020283643 
331 724 23 27 0.020083342 
43 544 18 35 0.020063473 
