14_Traffic_Traffic_14_170
1994
330 277 9 14 0.9360661 
968 594 11 11 0.6622575 
929 632 11 13 0.64605707 
537 382 5 8 0.60164684 
214 354 9 13 0.5296512 
550 418 7 9 0.52112633 
601 385 9 13 0.49804765 
428 266 5 7 0.48818192 
351 605 7 11 0.48802957 
384 256 7 7 0.4788098 
556 375 6 9 0.46867096 
579 415 8 11 0.46464625 
546 389 6 8 0.42031643 
315 536 6 10 0.41600057 
836 603 18 30 0.4121387 
429 299 7 10 0.41069037 
372 229 5 6 0.4054605 
404 243 6 7 0.3847917 
436 260 6 9 0.3664616 
923 587 8 11 0.36063173 
193 369 7 10 0.34499496 
365 274 6 6 0.32940656 
443 316 9 12 0.32928023 
951 565 10 12 0.31741002 
429 359 7 8 0.31716692 
442 343 5 7 0.3000554 
552 345 5 7 0.29977763 
197 577 10 19 0.28924575 
948 613 11 12 0.28728387 
831 493 14 14 0.28319114 
402 280 7 8 0.28269646 
397 254 6 7 0.2803628 
569 413 6 8 0.27589807 
852 606 9 13 0.2696156 
577 400 9 12 0.26533964 
304 601 5 9 0.2651132 
311 268 7 9 0.2648523 
83 676 9 13 0.26227644 
905 635 16 17 0.26038384 
499 642 9 16 0.25843054 
396 250 6 8 0.25525868 
249 443 7 10 0.25501257 
524 362 7 9 0.25320455 
449 407 7 10 0.2505193 
430 281 5 7 0.2497559 
474 362 7 9 0.24594183 
385 250 6 6 0.24485788 
366 225 5 5 0.24319552 
577 385 6 8 0.24228856 
391 243 6 7 0.24154577 
288 186 5 7 0.24073711 
418 263 4 5 0.2405174 
379 230 5 5 0.23866804 
565 363 5 7 0.2377457 
549 389 6 8 0.23326494 
935 562 9 12 0.23133345 
437 257 5 7 0.23084404 
515 331 8 9 0.22733866 
385 259 6 8 0.22225058 
897 673 13 15 0.22042899 
564 370 5 9 0.21673712 
564 415 6 7 0.2159721 
364 248 6 7 0.21216694 
256 238 9 16 0.21004336 
302 160 5 6 0.20609978 
425 238 5 5 0.2045182 
454 346 6 8 0.20379178 
344 224 7 7 0.20337455 
34 687 10 15 0.20218977 
525 209 9 14 0.20167036 
358 235 6 7 0.19904837 
541 346 4 6 0.19863954 
404 263 6 7 0.19740885 
985 700 13 11 0.19651262 
252 528 7 11 0.19473737 
388 256 7 7 0.19444616 
916 506 5 8 0.19413945 
747 568 8 12 0.19258529 
392 219 4 6 0.19158942 
323 166 4 6 0.19054198 
351 230 7 8 0.18845792 
359 212 5 5 0.18782502 
486 401 7 12 0.18591551 
425 263 5 7 0.18497412 
391 223 5 6 0.18327892 
711 353 54 44 0.18129355 
216 738 16 34 0.18109621 
642 423 11 16 0.17729348 
363 244 6 7 0.17248887 
506 339 6 7 0.16967466 
893 654 9 11 0.16956119 
493 357 6 8 0.16682723 
385 225 5 6 0.16627946 
231 130 4 4 0.16524157 
411 237 5 6 0.1639096 
544 345 4 6 0.16304587 
750 610 11 14 0.1614729 
424 256 5 6 0.16130161 
246 596 15 27 0.15798514 
996 552 9 13 0.15745364 
389 262 7 7 0.15722364 
282 147 4 5 0.15655516 
404 267 6 7 0.15619013 
319 624 6 10 0.15465946 
437 232 4 5 0.1545707 
463 300 5 9 0.1531148 
367 230 5 6 0.1525429 
362 503 10 15 0.15149796 
478 344 7 9 0.14700529 
322 217 5 7 0.14633308 
863 557 11 15 0.14524263 
646 647 6 9 0.14500427 
308 161 4 5 0.1447383 
801 616 7 11 0.14271478 
602 378 6 7 0.14241481 
510 212 9 12 0.14228377 
855 567 6 11 0.14071964 
441 275 5 7 0.13969195 
1008 588 8 11 0.1395925 
1009 563 8 9 0.13922298 
888 524 6 9 0.13915524 
284 190 6 7 0.13831475 
197 287 8 11 0.1378566 
442 236 5 6 0.13776207 
557 417 6 8 0.13662586 
983 617 9 11 0.1361984 
520 350 7 8 0.13599509 
956 695 18 22 0.1353312 
475 382 7 9 0.1345891 
966 534 8 11 0.13437584 
285 186 4 7 0.1340335 
383 319 5 6 0.13342099 
516 381 7 10 0.1309596 
562 420 7 7 0.13088433 
327 222 5 7 0.12872696 
389 281 6 7 0.12673025 
567 245 11 14 0.12523276 
466 313 6 9 0.12488634 
392 249 5 7 0.12438569 
276 229 5 9 0.1235821 
417 244 5 4 0.122027874 
531 359 5 7 0.12161516 
474 378 7 8 0.12101927 
576 370 5 7 0.12065687 
279 523 9 17 0.120637655 
513 623 7 10 0.120536916 
398 276 6 7 0.12035575 
509 407 8 10 0.12019389 
880 575 11 17 0.11911036 
417 288 5 7 0.1179644 
347 229 6 7 0.11738614 
360 217 5 6 0.11685183 
334 389 6 11 0.11628637 
915 569 9 11 0.11587115 
529 362 6 8 0.11586465 
960 582 7 10 0.11563526 
511 404 5 6 0.11554752 
513 336 7 8 0.11549509 
404 248 6 6 0.11521318 
411 281 5 7 0.114872515 
431 305 8 11 0.11452085 
405 325 6 8 0.11421383 
298 161 3 5 0.11419211 
623 292 9 12 0.11373119 
322 161 4 6 0.113541335 
279 148 3 5 0.11322879 
488 295 6 8 0.112821184 
506 377 5 7 0.11233551 
153 702 8 12 0.112331845 
409 244 6 5 0.11186798 
879 491 6 9 0.111854605 
369 737 9 13 0.110723555 
473 395 6 10 0.11030708 
923 528 7 13 0.11027745 
581 387 6 9 0.10977122 
439 261 7 9 0.10940323 
212 390 4 7 0.10914392 
384 230 6 5 0.108398706 
283 179 5 6 0.1064365 
372 326 5 6 0.10637418 
449 346 5 7 0.106149666 
405 665 5 8 0.106033996 
271 141 4 5 0.10535567 
424 243 5 5 0.10530455 
991 593 9 12 0.104931 
197 374 7 10 0.104719594 
351 317 7 9 0.104426034 
597 382 6 9 0.10408495 
572 444 9 11 0.10346476 
430 243 5 5 0.1031898 
905 644 14 16 0.10316351 
97 679 8 12 0.10277186 
436 398 6 9 0.10245953 
287 190 5 7 0.1019666 
441 267 6 7 0.101171866 
546 394 6 7 0.10107039 
438 281 5 7 0.10095309 
506 358 6 8 0.100910716 
180 368 5 9 0.100839525 
341 486 6 10 0.10037665 
540 364 5 7 0.100369416 
411 250 5 5 0.10014978 
438 275 5 7 0.099407166 
345 218 5 6 0.098639205 
665 667 5 8 0.09839341 
424 231 5 5 0.0980855 
284 142 3 5 0.097263426 
397 294 7 8 0.09653165 
392 237 5 6 0.09648071 
441 280 5 8 0.0954481 
597 378 5 7 0.09536842 
474 337 9 9 0.09508246 
403 286 6 8 0.09467593 
423 251 6 5 0.093864314 
306 270 10 11 0.09278495 
521 363 6 8 0.09223016 
412 257 5 5 0.09218203 
350 480 7 11 0.09187291 
973 515 6 10 0.09179387 
553 372 4 8 0.09159589 
176 142 5 6 0.091531985 
957 560 9 13 0.091063924 
184 357 5 9 0.09091255 
277 174 4 5 0.09087328 
397 299 7 8 0.09014957 
303 186 5 6 0.089467846 
270 153 4 6 0.08881935 
326 561 6 9 0.08876637 
491 252 9 14 0.088616826 
303 155 3 5 0.08860914 
417 268 6 6 0.088032655 
333 210 5 7 0.08770642 
246 142 4 5 0.08728085 
989 579 9 11 0.0872173 
296 167 4 5 0.08701885 
333 199 5 6 0.0862861 
539 350 6 7 0.08605638 
71 682 7 9 0.08581054 
365 219 5 6 0.08577935 
487 384 7 9 0.085519835 
437 287 5 7 0.0853464 
282 266 7 9 0.084964894 
416 250 6 5 0.08483708 
245 129 4 4 0.08461049 
540 341 5 6 0.08452809 
565 410 6 8 0.08423455 
438 236 4 5 0.083912015 
505 277 9 11 0.08388366 
418 356 5 8 0.0837789 
545 341 4 6 0.0829989 
398 224 4 6 0.082954496 
360 224 6 6 0.08283562 
405 237 5 5 0.08221979 
288 180 4 5 0.08191959 
366 160 4 6 0.08169472 
456 238 4 5 0.08157302 
546 385 4 7 0.08138103 
332 204 6 7 0.08090362 
284 197 6 8 0.08067434 
848 651 8 10 0.080609 
134 167 5 9 0.08043874 
158 693 9 13 0.080400355 
304 148 3 4 0.08032421 
366 279 6 8 0.080315635 
432 363 8 8 0.08025646 
221 130 4 4 0.08010193 
373 256 6 5 0.079990104 
487 396 7 10 0.07980042 
399 231 5 5 0.07934551 
418 352 6 8 0.07932698 
520 358 6 7 0.079235785 
612 389 7 9 0.079077184 
276 261 6 9 0.07861607 
306 560 5 9 0.078513764 
219 85 4 5 0.07827772 
985 580 8 13 0.078071564 
466 306 6 8 0.07753022 
577 366 5 6 0.077350505 
283 154 4 5 0.077290766 
488 420 7 10 0.07719036 
409 652 6 10 0.077148326 
455 377 5 8 0.07698847 
326 167 4 5 0.07684016 
571 389 5 8 0.07680887 
429 238 5 5 0.07667747 
345 420 5 10 0.076625586 
310 167 4 5 0.07637208 
332 678 7 10 0.07618485 
428 308 7 11 0.07616582 
430 286 5 7 0.07606436 
831 585 7 10 0.07599861 
992 548 8 11 0.07595692 
519 346 7 7 0.07589942 
896 524 5 9 0.07587029 
542 432 9 9 0.0756666 
304 143 3 5 0.075372696 
379 305 5 8 0.07525156 
229 273 8 13 0.07512838 
475 388 6 8 0.07504805 
524 415 6 8 0.07493622 
979 554 6 11 0.074829556 
290 148 4 5 0.07482611 
961 650 12 13 0.074626945 
897 604 14 14 0.074562944 
226 131 4 3 0.07431469 
449 249 4 6 0.07401915 
323 171 4 6 0.07401408 
254 420 8 9 0.07377161 
579 422 9 13 0.07336964 
644 436 11 16 0.0732502 
360 248 7 6 0.07303466 
418 275 5 7 0.07279963 
744 575 12 19 0.07265171 
353 224 5 6 0.072265565 
449 289 4 7 0.072202146 
404 232 5 5 0.072193846 
474 326 8 8 0.072083846 
417 257 5 6 0.07206894 
921 516 5 10 0.07182189 
326 220 5 6 0.071761675 
372 332 5 8 0.0717491 
386 377 4 6 0.071743615 
303 192 4 7 0.071598835 
392 313 6 7 0.07147839 
985 593 8 12 0.07145269 
335 385 5 9 0.07128238 
341 425 6 10 0.07123763 
468 281 5 7 0.07123029 
493 384 6 8 0.07105295 
392 301 6 7 0.071045615 
441 321 8 11 0.07080481 
386 337 9 13 0.070741214 
991 587 8 10 0.07067609 
354 434 5 10 0.07050401 
410 269 5 6 0.07035045 
513 364 5 7 0.069807984 
863 491 6 9 0.06943915 
386 245 5 6 0.069310136 
872 475 6 8 0.06913419 
303 179 4 6 0.06908255 
430 250 5 6 0.06904147 
610 452 16 25 0.06902671 
290 142 3 4 0.06847067 
897 630 8 11 0.068465665 
297 142 3 5 0.06842309 
264 128 4 5 0.06835117 
410 263 5 6 0.0682277 
607 456 9 16 0.06818524 
1016 572 10 14 0.06811208 
618 434 11 13 0.06802818 
416 239 5 4 0.067987464 
122 417 8 15 0.06787464 
711 345 6 8 0.067668274 
429 352 6 8 0.06738138 
417 293 7 8 0.06727985 
507 414 6 8 0.0670164 
533 389 5 7 0.06688222 
181 364 4 8 0.06657746 
392 306 6 7 0.066554345 
329 408 5 8 0.06647485 
260 179 3 5 0.06613027 
379 238 5 5 0.065997995 
418 411 6 12 0.065981284 
378 257 6 6 0.065892346 
436 371 7 7 0.065630466 
379 314 6 8 0.06556759 
336 279 7 11 0.0655529 
565 385 4 7 0.06539191 
265 97 3 6 0.06529878 
286 130 3 4 0.06524676 
571 365 4 7 0.06518279 
555 346 5 7 0.065077715 
345 483 7 11 0.064948216 
245 90 4 5 0.06475618 
370 275 6 7 0.064720556 
566 389 5 6 0.06471352 
524 346 7 6 0.064642645 
187 240 7 11 0.064447306 
314 184 4 6 0.064386465 
368 478 6 9 0.06437246 
524 411 6 7 0.06433565 
219 97 4 6 0.06417265 
338 390 5 9 0.06414728 
440 256 5 8 0.06407679 
371 282 5 7 0.06383991 
437 266 5 8 0.063796476 
500 351 5 7 0.06368451 
346 186 5 5 0.063601926 
278 142 4 4 0.063198864 
364 256 6 6 0.063087106 
270 180 4 5 0.063081354 
436 249 4 6 0.063080326 
390 267 6 7 0.062784865 
247 168 4 5 0.06270175 
467 390 6 9 0.062558115 
240 123 3 4 0.062550195 
552 341 4 5 0.062446233 
278 179 4 5 0.062290635 
379 301 5 7 0.06223919 
365 262 5 6 0.061907124 
289 130 3 4 0.061798714 
516 326 7 9 0.061664656 
566 360 4 6 0.061595496 
526 333 5 6 0.06142203 
843 655 9 12 0.061294757 
421 294 6 8 0.061278038 
492 298 6 7 0.061138928 
659 407 15 20 0.061046872 
449 378 5 8 0.060915373 
456 288 5 7 0.06079393 
431 401 6 9 0.060782507 
403 321 6 7 0.060670108 
430 705 11 17 0.060667444 
422 351 6 8 0.060659077 
456 281 5 7 0.060633898 
342 160 4 5 0.060584918 
410 276 5 6 0.060524344 
410 286 6 8 0.060467895 
279 154 3 4 0.060410354 
552 364 5 7 0.060290195 
986 548 8 10 0.060206372 
436 375 7 8 0.060038704 
284 211 5 6 0.059857316 
534 378 5 7 0.059854288 
463 317 7 8 0.059725154 
613 614 5 8 0.05947921 
990 559 8 11 0.05931196 
424 311 7 9 0.059309393 
341 229 5 7 0.05929908 
518 403 5 6 0.05906201 
863 617 11 14 0.058849648 
334 230 5 6 0.058783904 
353 235 6 7 0.058740243 
424 226 5 5 0.058706038 
218 88 5 6 0.058339387 
532 339 6 6 0.058337666 
538 429 8 9 0.05809804 
214 173 4 6 0.05808771 
384 315 5 7 0.057879798 
545 365 4 6 0.05786173 
385 326 5 7 0.05772441 
577 407 8 10 0.057590246 
333 225 4 5 0.057586107 
597 387 7 10 0.05750779 
193 287 8 10 0.057422984 
279 167 3 5 0.05737443 
400 152 4 8 0.05735419 
387 276 5 6 0.05728715 
290 155 4 5 0.057252776 
265 125 3 4 0.05710842 
917 515 6 11 0.056978267 
444 248 4 6 0.056849033 
514 371 5 7 0.05681073 
546 377 5 6 0.05666127 
342 217 5 6 0.056625314 
629 628 4 7 0.05658055 
404 257 4 5 0.05643086 
308 155 4 6 0.05640493 
250 167 4 5 0.056303546 
334 173 5 6 0.0561494 
235 277 9 15 0.056139573 
314 181 4 5 0.05579373 
310 231 5 6 0.055739496 
271 149 3 4 0.05573223 
416 281 5 6 0.05572104 
283 204 5 7 0.055687483 
430 370 6 7 0.05568566 
510 235 25 22 0.055533443 
304 197 4 6 0.05546217 
308 148 3 5 0.055335164 
404 344 6 7 0.055239923 
407 660 8 12 0.055232882 
427 420 7 11 0.05523267 
417 299 7 8 0.055182576 
240 396 4 7 0.05516399 
320 300 7 9 0.055040903 
245 97 4 5 0.054972332 
355 212 5 6 0.054868814 
312 231 5 6 0.054832377 
980 535 7 10 0.054804422 
449 350 6 8 0.05477857 
303 557 5 10 0.054477613 
576 377 6 8 0.054448176 
360 256 6 6 0.054320905 
506 343 5 7 0.05425446 
255 409 6 8 0.0540466 
786 597 8 12 0.05402793 
283 174 4 6 0.054008838 
404 669 6 12 0.053993087 
186 370 6 9 0.053957283 
198 237 7 13 0.05386867 
387 220 4 5 0.053850908 
309 205 5 7 0.053825673 
358 190 5 7 0.05373686 
977 647 10 14 0.05364893 
282 167 4 5 0.053517606 
385 372 4 6 0.053446118 
562 375 6 8 0.053444494 
402 339 7 8 0.05341827 
308 535 6 10 0.05339576 
837 656 9 13 0.05333097 
186 362 5 9 0.05317266 
473 331 9 10 0.052943803 
968 514 7 11 0.052943643 
421 626 5 9 0.052906793 
250 142 4 5 0.05287001 
178 341 6 10 0.052653383 
308 142 4 5 0.052611273 
251 97 4 6 0.0524181 
434 310 6 10 0.052314162 
443 232 4 5 0.052288856 
285 266 7 10 0.052243814 
507 209 9 11 0.05209581 
684 690 6 8 0.052054588 
175 145 5 7 0.05201085 
423 357 7 8 0.052005276 
285 136 3 4 0.051894065 
341 248 5 7 0.051860422 
446 321 8 11 0.051789682 
361 262 5 6 0.05177377 
499 389 5 7 0.051600378 
572 370 4 7 0.051563416 
1054 619 11 17 0.051498342 
279 552 10 17 0.051424187 
372 321 5 7 0.05139456 
225 135 4 4 0.05135868 
975 593 8 11 0.05133334 
310 173 4 5 0.051331323 
49 677 9 11 0.051294547 
301 237 5 5 0.05124063 
1008 633 10 10 0.05116117 
264 179 4 5 0.051022083 
546 372 5 6 0.05101443 
365 236 6 6 0.051005337 
488 319 6 7 0.05097801 
323 155 3 4 0.050920308 
265 175 3 4 0.050796285 
468 394 6 10 0.05072744 
246 103 4 5 0.050719112 
473 349 8 8 0.050696626 
200 382 5 8 0.05069336 
240 277 11 17 0.050663732 
906 597 11 12 0.050645318 
371 509 7 11 0.050616812 
425 363 6 7 0.050591365 
376 509 7 11 0.05056018 
437 226 4 4 0.0504887 
244 77 4 5 0.0504533 
963 580 9 12 0.05044323 
879 666 9 10 0.050427195 
448 292 5 8 0.05035835 
1005 613 9 12 0.050183482 
341 244 4 6 0.050148893 
207 394 4 7 0.050143026 
487 314 6 6 0.05013255 
456 275 5 7 0.050128967 
310 179 4 6 0.05004731 
396 219 4 5 0.050035834 
240 142 4 4 0.050004058 
411 232 5 5 0.04996316 
501 372 5 6 0.049849868 
251 130 4 4 0.049847044 
440 376 6 8 0.049784828 
347 472 6 9 0.049637415 
494 209 5 7 0.049615543 
533 701 6 10 0.04959122 
537 390 5 7 0.0494069 
706 704 4 7 0.04936647 
781 598 7 13 0.04869678 
421 413 6 11 0.048582528 
386 331 6 7 0.04849115 
888 623 7 10 0.048466638 
556 390 5 7 0.048237626 
219 390 4 6 0.047875576 
443 384 5 6 0.04776584 
278 161 3 4 0.047478646 
450 232 4 4 0.047474787 
552 384 4 7 0.047236156 
329 204 5 7 0.047221746 
315 167 4 5 0.04715715 
499 385 5 7 0.047098257 
1006 596 11 14 0.047056906 
297 148 3 5 0.047034793 
454 242 5 6 0.046944063 
442 288 5 7 0.04675272 
424 371 5 7 0.046626415 
547 417 6 7 0.046601474 
978 581 8 12 0.046591435 
508 391 4 6 0.04655082 
483 312 4 7 0.04653737 
544 351 5 7 0.04653152 
217 173 4 6 0.04652444 
328 591 7 12 0.046481077 
308 263 6 10 0.046471383 
201 732 10 20 0.04636817 
258 149 4 5 0.046319474 
393 384 4 7 0.04630221 
381 161 4 6 0.04619948 
1054 605 10 17 0.046185754 
279 510 10 19 0.04607212 
1053 643 12 18 0.04603761 
318 539 6 10 0.046009984 
907 627 10 13 0.046000138 
583 366 4 6 0.045924965 
253 533 8 14 0.04575851 
398 263 5 6 0.04567389 
513 378 6 8 0.04560521 
289 136 4 4 0.04557689 
362 275 5 7 0.045532335 
294 186 5 6 0.04551995 
1054 631 11 17 0.045292683 
342 156 4 4 0.04527855 
234 263 9 13 0.04522537 
327 161 4 6 0.045215182 
324 191 4 6 0.045180146 
266 115 4 5 0.045157492 
328 89 4 8 0.044999525 
208 391 4 7 0.04498891 
506 382 6 7 0.044962466 
397 237 5 6 0.044863053 
271 124 4 4 0.04479045 
1041 579 12 20 0.044767603 
462 338 6 8 0.044715084 
396 307 6 7 0.044710852 
449 339 6 7 0.04464961 
353 276 5 6 0.044636697 
365 212 4 5 0.044593155 
251 161 4 5 0.044491757 
372 236 5 6 0.044461392 
480 319 6 8 0.044430587 
1030 649 19 21 0.044405866 
510 680 7 13 0.04438769 
303 122 3 6 0.044377487 
439 344 4 6 0.0443712 
328 172 4 6 0.044359997 
416 315 7 7 0.04429296 
429 256 5 6 0.044259 
291 161 3 4 0.044249013 
814 607 5 8 0.044190105 
513 389 6 9 0.04416366 
259 162 3 4 0.0441461 
828 588 6 8 0.044042956 
1061 572 8 15 0.04398266 
900 631 11 13 0.043957554 
985 553 8 11 0.043882858 
525 206 7 9 0.043814078 
435 244 5 6 0.043755233 
346 244 5 5 0.043702792 
493 268 7 8 0.043659464 
909 568 6 8 0.043652453 
875 478 5 8 0.043511186 
271 137 4 5 0.043471545 
246 147 4 5 0.043429196 
988 566 9 13 0.043421067 
850 427 7 10 0.043419853 
255 415 7 9 0.04341118 
384 306 5 7 0.043409914 
530 327 6 6 0.043174803 
324 142 3 4 0.04315694 
399 288 6 7 0.04302335 
451 244 4 5 0.042977963 
232 134 4 4 0.04288714 
188 382 5 7 0.042873688 
1028 683 22 26 0.042835556 
512 359 5 6 0.042772535 
259 142 3 4 0.04257992 
589 395 6 8 0.042564865 
297 136 3 4 0.042471502 
352 95 5 8 0.042464707 
388 60 8 10 0.042414267 
416 364 5 7 0.042308476 
206 697 11 19 0.042275745 
391 232 5 5 0.042243905 
1011 572 10 12 0.04223834 
230 265 8 13 0.0422152 
431 408 5 8 0.042199977 
321 479 6 9 0.042164244 
346 416 5 9 0.041967914 
1033 581 11 17 0.041923895 
245 173 5 6 0.04187742 
156 706 10 13 0.04186844 
396 314 6 7 0.04183297 
430 650 7 10 0.04174863 
199 407 4 8 0.04170919 
342 108 4 7 0.041679014 
557 363 5 8 0.041670617 
390 287 6 6 0.041618343 
447 389 6 9 0.041573144 
483 308 5 6 0.041524876 
435 406 7 11 0.04150131 
422 276 5 7 0.041483913 
965 559 7 11 0.041433614 
375 579 11 18 0.041421082 
606 391 8 11 0.041384734 
500 279 7 9 0.0413787 
437 320 6 8 0.0412979 
245 137 4 4 0.04114219 
348 236 5 6 0.041031003 
328 142 4 5 0.041017927 
226 211 5 7 0.040860787 
1007 626 10 11 0.04082912 
581 434 7 10 0.040810283 
1059 557 8 15 0.04080755 
630 317 18 31 0.040749308 
625 288 6 9 0.040734213 
371 262 6 6 0.04063629 
590 371 5 7 0.040618632 
173 14 7 8 0.04058605 
634 401 8 9 0.04053635 
174 337 6 11 0.040520757 
138 748 15 27 0.040516984 
309 185 4 6 0.040509515 
957 627 13 11 0.040415213 
252 192 5 6 0.040373605 
1051 655 13 19 0.040333886 
283 161 3 5 0.04030029 
582 438 8 10 0.040296845 
417 231 5 5 0.040273074 
188 390 5 8 0.040263508 
888 565 8 13 0.040248454 
327 262 6 7 0.04020802 
597 395 5 9 0.040176976 
347 611 7 10 0.040153388 
398 384 4 7 0.040142328 
227 154 3 5 0.040107436 
245 124 4 4 0.040075835 
651 593 6 10 0.03999584 
292 167 3 5 0.03998593 
1026 667 23 27 0.039924935 
309 84 3 6 0.039856575 
351 294 7 7 0.039845727 
333 269 6 9 0.039820027 
347 312 8 10 0.039786022 
258 154 4 4 0.039730605 
341 212 4 6 0.039724786 
403 153 4 7 0.039699808 
883 625 8 9 0.039668314 
872 491 5 8 0.039666403 
225 117 5 5 0.039649636 
194 129 4 5 0.039621532 
539 359 4 6 0.0395655 
305 136 2 4 0.03956463 
379 352 5 6 0.03954162 
1086 632 10 17 0.039535683 
353 218 5 5 0.039526682 
214 124 3 3 0.039523136 
448 382 4 7 0.039520487 
219 102 5 5 0.039513294 
480 388 5 9 0.03944942 
399 390 4 7 0.03941489 
265 167 4 5 0.03938676 
213 385 4 6 0.039309792 
647 395 7 10 0.03928457 
301 242 7 8 0.039273653 
385 130 5 6 0.039269112 
909 563 6 8 0.039263945 
396 244 5 5 0.03925753 
440 400 6 11 0.03925722 
342 185 5 6 0.039247908 
435 352 6 8 0.03923444 
266 82 3 6 0.03913746 
295 198 5 6 0.03912899 
258 136 4 5 0.039128397 
430 232 5 5 0.039121684 
193 313 7 9 0.039077647 
252 78 3 4 0.039062805 
481 401 6 12 0.038933095 
703 5 5 8 0.038787223 
571 384 5 8 0.038762413 
1031 639 17 19 0.038735308 
259 174 4 5 0.038721364 
420 689 6 9 0.038699657 
629 631 4 8 0.03865146 
928 560 8 11 0.038566884 
245 84 3 5 0.03856398 
317 621 5 9 0.038562506 
559 410 5 7 0.03851958 
196 281 8 12 0.03844565 
220 136 4 4 0.038436312 
359 281 5 7 0.038416754 
498 209 6 7 0.038414672 
226 150 4 3 0.03837568 
333 217 5 7 0.03835873 
317 162 3 5 0.038348872 
378 243 5 6 0.03832324 
278 137 3 4 0.038293805 
208 129 3 4 0.03827087 
372 251 5 5 0.038264174 
355 191 5 6 0.03820798 
1098 559 8 13 0.03819035 
277 205 4 6 0.03807216 
314 426 7 10 0.038053244 
342 180 5 5 0.038035493 
243 396 4 7 0.03801408 
379 365 5 6 0.03799643 
361 160 4 5 0.037945326 
360 168 3 5 0.037937295 
612 482 9 14 0.037903372 
1088 606 11 16 0.037866153 
220 124 3 3 0.03780184 
457 232 3 4 0.03779525 
240 136 4 4 0.03777704 
320 212 5 7 0.037731953 
416 663 6 10 0.037651848 
977 515 7 11 0.037643947 
839 358 5 8 0.037605815 
327 267 7 9 0.037583258 
362 269 5 6 0.037560605 
339 284 7 10 0.037528317 
239 118 4 4 0.037503738 
526 250 13 14 0.037480645 
624 288 4 7 0.03733352 
193 381 5 8 0.037301417 
372 243 6 6 0.03720998 
373 364 5 6 0.03719391 
207 124 3 3 0.037186466 
328 371 6 8 0.037176013 
376 435 5 7 0.037149195 
240 129 3 5 0.037102483 
302 165 4 6 0.037100554 
430 645 6 10 0.037085496 
975 662 11 12 0.037045825 
246 567 10 14 0.037044104 
527 301 6 8 0.037029088 
557 382 5 8 0.037021473 
186 224 4 6 0.036949854 
341 518 5 7 0.036938176 
297 156 4 4 0.036926154 
864 486 6 10 0.03687205 
345 286 6 8 0.036852594 
1080 702 11 16 0.03678318 
253 540 9 15 0.03676557 
727 683 7 11 0.03675093 
333 89 5 8 0.036748968 
507 397 5 6 0.036741685 
220 149 3 4 0.03673277 
506 282 8 11 0.036720723 
605 378 8 8 0.03670363 
302 232 5 5 0.03670081 
265 77 4 6 0.036677953 
322 198 4 7 0.036669966 
265 162 3 4 0.036659114 
379 346 6 6 0.03665094 
384 366 4 5 0.03664485 
559 494 9 17 0.036633793 
870 483 7 9 0.03660236 
412 389 4 7 0.036596294 
305 249 8 8 0.03659246 
417 389 5 7 0.036567442 
347 192 4 6 0.036563493 
590 376 5 7 0.036532372 
390 276 6 7 0.03653189 
459 351 7 7 0.03648919 
322 221 6 7 0.03647738 
412 365 5 6 0.03647579 
603 373 5 6 0.036428038 
449 225 4 6 0.036281243 
1018 563 7 9 0.036274858 
192 395 5 9 0.03624197 
608 417 9 12 0.03620275 
434 646 6 10 0.036190912 
345 477 15 21 0.036185008 
265 111 4 6 0.036170162 
252 84 3 4 0.03616095 
399 269 5 5 0.03615792 
207 85 4 4 0.036156073 
1092 579 10 17 0.036121424 
252 147 3 5 0.03608817 
302 254 6 8 0.036036216 
505 372 6 7 0.035967 
579 395 8 11 0.035919793 
825 592 8 11 0.035894193 
383 161 6 7 0.035883218 
526 339 5 6 0.035861816 
456 293 4 7 0.03581528 
251 124 4 4 0.035795543 
346 205 5 6 0.03572849 
596 298 7 8 0.03560424 
220 192 4 6 0.035600346 
506 362 6 7 0.035586733 
398 342 7 8 0.03558671 
246 589 11 20 0.035568 
96 652 6 7 0.035556503 
572 376 5 7 0.035536535 
132 169 4 8 0.03552163 
298 122 3 6 0.035497088 
546 409 6 7 0.03547555 
322 83 4 7 0.03544669 
661 646 5 7 0.035442583 
369 269 6 7 0.035285898 
814 611 6 10 0.0352665 
258 167 3 5 0.035263 
532 346 5 6 0.035251923 
412 386 4 5 0.03520878 
345 249 6 7 0.035204608 
271 117 3 4 0.03518803 
539 370 4 7 0.035182636 
167 185 5 9 0.035110325 
211 435 5 7 0.035092767 
351 473 7 10 0.03507938 
129 181 4 6 0.035021354 
230 390 5 8 0.035020135 
233 118 4 4 0.035018828 
378 288 5 6 0.03501212 
191 239 7 13 0.034993283 
843 605 10 17 0.034974515 
425 306 7 9 0.034938436 
484 346 7 7 0.034937065 
477 359 8 8 0.034903977 
404 390 4 7 0.03486484 
303 110 3 5 0.03479306 
973 555 8 10 0.0347714 
435 293 6 8 0.03473466 
848 608 18 25 0.034720015 
356 167 3 5 0.034691185 
253 409 4 7 0.03467259 
321 204 5 6 0.034662876 
326 191 5 6 0.034629717 
614 619 5 7 0.034617923 
87 453 19 36 0.034608927 
951 556 11 13 0.034596376 
1076 679 12 17 0.034596063 
329 199 4 6 0.034549005 
728 729 5 8 0.034515668 
922 523 6 12 0.034511667 
291 65 3 5 0.034511145 
889 517 6 11 0.03448216 
230 344 8 11 0.034480296 
530 332 6 7 0.034443174 
304 128 3 6 0.034428075 
368 148 3 5 0.034422282 
259 90 3 5 0.034404248 
985 560 8 12 0.034393243 
265 136 3 5 0.034339752 
492 407 6 9 0.034313563 
979 613 10 11 0.03429805 
314 286 7 8 0.034295645 
346 181 5 5 0.034215193 
428 345 6 7 0.03421027 
142 263 5 8 0.034166425 
334 298 5 8 0.034158412 
643 646 4 8 0.034141574 
487 275 6 7 0.034131408 
474 368 7 9 0.03413001 
443 243 5 6 0.034127977 
177 676 10 19 0.034100316 
186 287 7 9 0.034076177 
584 370 4 7 0.03405657 
912 50 5 10 0.034049094 
475 288 5 7 0.03404481 
259 77 3 5 0.033996258 
577 432 7 10 0.033994302 
213 130 3 4 0.033961877 
149 725 30 51 0.03396097 
450 238 4 5 0.03388204 
502 340 4 6 0.033821683 
283 270 8 12 0.033782173 
305 595 7 10 0.033746082 
961 592 8 12 0.03374423 
345 515 6 10 0.03373903 
550 394 6 8 0.03373121 
422 298 6 8 0.033717126 
354 123 4 6 0.033703927 
335 135 3 6 0.033701725 
611 609 5 8 0.0336456 
478 348 8 9 0.03364239 
877 520 8 12 0.033616763 
323 136 3 4 0.03354836 
310 128 3 6 0.033544224 
288 212 5 5 0.03353055 
264 205 5 6 0.033522904 
1054 592 11 18 0.033506207 
550 409 6 8 0.03350018 
84 673 7 9 0.033491015 
232 84 4 5 0.03343373 
347 156 3 5 0.033429753 
385 384 5 6 0.03337228 
1034 594 10 17 0.033341095 
297 103 3 6 0.033319503 
887 573 7 12 0.03330454 
270 186 5 5 0.03328764 
239 403 4 7 0.033257216 
475 293 6 8 0.03324419 
1017 666 9 15 0.033224653 
358 287 6 8 0.033190858 
384 165 5 6 0.03316486 
314 173 4 5 0.033142116 
552 349 5 7 0.033134308 
545 358 5 7 0.033080216 
444 225 4 4 0.033069476 
354 187 4 5 0.03304799 
332 376 5 7 0.033013716 
527 384 5 6 0.033011913 
431 226 4 4 0.032999083 
294 241 7 8 0.032998193 
346 722 6 11 0.032990936 
313 279 8 10 0.032973144 
225 124 4 3 0.032969065 
450 186 5 7 0.032965176 
518 371 6 7 0.032958794 
295 192 4 7 0.03289497 
1008 556 8 10 0.032871276 
391 378 4 6 0.032852113 
206 378 5 8 0.032852076 
447 416 9 13 0.032837227 
563 402 6 8 0.032835774 
365 205 5 5 0.03282725 
239 98 4 4 0.03282704 
346 212 4 5 0.032810044 
1002 548 7 10 0.03277748 
517 209 7 12 0.0327684 
347 160 3 5 0.032703448 
412 226 4 4 0.032702908 
499 357 6 8 0.03268049 
260 130 3 4 0.0326735 
556 477 6 10 0.032660473 
309 88 4 7 0.03263922 
866 472 6 9 0.03259194 
897 635 9 13 0.03258342 
384 302 6 6 0.03255568 
374 306 5 7 0.03245843 
512 351 6 7 0.032419752 
627 453 8 10 0.032392558 
404 329 7 9 0.032384187 
334 162 4 4 0.032357648 
339 394 5 9 0.032356977 
1058 583 10 17 0.032353833 
970 649 10 13 0.032332674 
374 167 3 5 0.032319494 
308 210 5 7 0.032265663 
309 136 4 5 0.032245103 
398 319 5 6 0.032242328 
372 359 4 6 0.03223678 
386 95 6 9 0.0322358 
188 376 5 9 0.032193553 
406 639 5 7 0.032162398 
424 346 5 7 0.03208175 
272 228 5 8 0.03207203 
316 154 3 5 0.03206413 
927 554 9 10 0.032063957 
247 281 8 15 0.03200349 
419 684 5 8 0.031956855 
175 259 6 10 0.031928238 
558 396 5 7 0.03190754 
267 155 3 4 0.031877995 
505 419 6 9 0.031841654 
246 161 4 4 0.0318151 
409 645 6 10 0.031768072 
379 220 5 4 0.03176325 
379 262 5 5 0.031741202 
330 148 3 5 0.03172942 
843 649 17 23 0.0317165 
281 230 5 7 0.031706404 
281 294 9 16 0.03167811 
792 598 7 12 0.031649385 
213 394 4 7 0.03162274 
673 567 8 11 0.03161244 
470 363 5 7 0.031595383 
366 286 6 9 0.031556934 
364 293 8 11 0.03152514 
232 124 4 4 0.031511076 
115 418 8 12 0.031498637 
278 130 3 4 0.0314941 
382 250 16 18 0.031473104 
978 510 6 10 0.03140296 
245 117 4 4 0.03136953 
213 142 4 4 0.031354308 
452 325 8 9 0.03134237 
1033 568 11 18 0.031332016 
727 735 4 7 0.03130107 
932 554 10 12 0.0312879 
341 205 4 5 0.031265914 
491 402 6 9 0.031220684 
538 396 5 6 0.031212404 
346 255 6 7 0.031184187 
392 357 5 7 0.031180784 
505 352 6 7 0.031121477 
258 84 3 5 0.031093823 
313 339 8 9 0.03106733 
569 420 7 8 0.031041991 
226 143 4 4 0.031019157 
321 243 6 6 0.031006303 
1049 674 15 22 0.030978573 
831 649 8 12 0.030971704 
358 462 8 12 0.03096094 
614 447 8 11 0.030951392 
213 136 4 4 0.03094933 
302 266 9 13 0.030931545 
251 240 7 13 0.030915298 
456 269 5 6 0.030897403 
194 133 5 6 0.030883636 
409 345 6 7 0.030870074 
359 346 5 6 0.030864354 
208 355 6 12 0.030816596 
701 4 4 8 0.030813122 
340 325 6 7 0.030792544 
239 84 4 5 0.03076376 
361 206 4 4 0.030730577 
938 555 9 12 0.030723382 
367 326 5 6 0.030711282 
218 386 5 6 0.03070324 
584 376 5 8 0.030699756 
369 589 9 15 0.030687068 
847 621 10 14 0.030668072 
264 142 4 5 0.030652685 
296 173 4 5 0.030651575 
404 226 5 5 0.03065005 
502 376 4 7 0.03064911 
250 102 4 6 0.030596334 
495 371 5 6 0.030568277 
277 123 3 4 0.030526454 
480 294 5 8 0.03050709 
438 325 6 7 0.03047371 
519 434 7 8 0.030446406 
358 299 7 9 0.030445576 
600 456 10 16 0.030403305 
1058 545 8 15 0.030400058 
180 288 7 9 0.0303855 
684 686 5 8 0.030372817 
568 269 17 13 0.030346803 
386 268 6 6 0.030345201 
347 513 6 8 0.03034244 
681 689 5 7 0.03029901 
176 255 5 9 0.030281117 
667 676 5 9 0.030279052 
1077 656 11 17 0.030272653 
662 670 5 8 0.030230252 
916 626 16 19 0.030182613 
346 300 6 7 0.030177085 
528 326 5 7 0.030172838 
1075 370 12 21 0.030169964 
391 295 6 6 0.030164504 
313 264 6 9 0.030130193 
218 242 6 9 0.030129464 
241 77 3 5 0.030128678 
504 313 6 7 0.030109756 
175 598 16 23 0.0300892 
712 340 5 7 0.030084526 
487 670 6 10 0.030055208 
315 128 3 6 0.030050755 
295 206 4 6 0.030043827 
1003 555 8 10 0.030041236 
316 143 2 4 0.030037394 
412 396 4 7 0.030021744 
883 489 5 7 0.030010628 
416 402 5 9 0.029972743 
342 523 5 9 0.029968966 
893 640 18 21 0.029967137 
430 376 5 7 0.029963808 
430 397 6 9 0.029922893 
526 397 5 7 0.029907573 
462 294 4 8 0.029881302 
252 137 4 4 0.029878777 
833 646 16 22 0.029852832 
441 330 6 10 0.029783934 
488 358 6 7 0.02978187 
500 419 6 9 0.02970649 
519 409 5 7 0.029684206 
423 280 5 7 0.029628776 
380 377 4 6 0.029616907 
388 75 9 12 0.029616373 
469 358 7 8 0.029605342 
351 250 7 6 0.029600754 
359 180 4 5 0.02958392 
830 590 10 14 0.02954287 
399 148 4 6 0.029537855 
441 420 6 9 0.029533153 
149 709 7 8 0.029532647 
188 571 9 16 0.029510511 
903 568 7 8 0.029454345 
602 523 6 11 0.02944619 
238 377 5 6 0.029443126 
424 395 5 8 0.029417792 
378 294 6 7 0.029405678 
469 327 6 7 0.029399246 
226 110 4 4 0.029393569 
194 223 4 8 0.029386766 
386 516 21 42 0.029379826 
442 414 6 10 0.029347105 
910 640 18 19 0.029343154 
372 337 6 7 0.029303495 
460 345 7 8 0.029294448 
180 352 6 10 0.029238008 
421 289 6 7 0.02923735 
182 77 3 5 0.029209659 
219 395 4 7 0.029188802 
361 200 4 5 0.02918749 
232 97 4 5 0.029182926 
134 630 7 11 0.02916926 
195 402 4 8 0.029136779 
351 421 5 8 0.029114876 
303 115 4 6 0.02910466 
329 153 4 5 0.029084789 
225 277 8 11 0.029081615 
201 104 4 5 0.029076038 
360 350 5 7 0.029070605 
357 470 7 11 0.029043723 
705 714 6 10 0.02904344 
805 681 7 12 0.029008606 
353 269 5 7 0.028976241 
704 709 6 9 0.028973505 
195 78 3 5 0.028969334 
608 406 8 10 0.028963845 
473 281 6 7 0.028959572 
568 475 11 17 0.028958747 
392 388 5 7 0.028918223 
191 363 13 21 0.028898153 
401 300 6 7 0.028880024 
417 345 5 7 0.028865665 
441 356 7 8 0.028857386 
328 187 4 5 0.02882434 
366 320 5 6 0.028820978 
597 409 6 8 0.028818637 
194 273 7 10 0.02881602 
200 108 4 5 0.028808303 
519 398 5 7 0.028798852 
1078 727 13 17 0.028746897 
455 212 4 4 0.028719645 
467 338 6 8 0.028714765 
406 659 6 9 0.028700033 
257 187 5 5 0.028697347 
615 436 9 11 0.028689904 
468 351 7 7 0.028683482 
409 350 6 8 0.028675053 
557 360 5 6 0.0286733 
480 394 5 10 0.028662678 
1010 579 9 11 0.028649757 
456 263 5 5 0.02864906 
404 349 7 9 0.028632559 
362 427 4 7 0.028626246 
247 441 6 9 0.02860435 
1018 585 8 12 0.02857455 
271 129 4 4 0.028572243 
883 509 8 11 0.02856742 
456 299 5 8 0.028559055 
960 535 7 10 0.02855829 
445 401 14 21 0.028547443 
427 299 13 21 0.028473299 
1033 608 12 17 0.02842668 
353 281 5 6 0.028417597 
252 118 4 4 0.028414661 
232 104 4 5 0.028411383 
597 401 5 8 0.028402306 
605 529 9 15 0.028398741 
919 510 6 11 0.028395534 
457 219 3 5 0.02839369 
347 281 5 8 0.028392935 
1031 626 15 20 0.028348256 
874 644 10 14 0.028335478 
628 639 5 8 0.028330294 
977 657 10 11 0.028288582 
393 365 4 6 0.028286994 
251 415 5 9 0.028285423 
231 91 4 4 0.028279148 
419 721 6 10 0.028278606 
329 108 5 8 0.028241793 
341 167 4 4 0.028233752 
346 261 6 7 0.028217154 
219 198 5 6 0.02821407 
218 143 4 4 0.028169679 
271 110 3 5 0.028157474 
862 497 7 9 0.028154774 
367 332 5 7 0.028152432 
348 295 5 7 0.028151799 
447 275 6 8 0.028130297 
341 402 5 7 0.028116014 
397 326 6 7 0.028097963 
303 175 4 4 0.0280865 
400 186 4 5 0.028080672 
478 377 7 8 0.028067555 
853 487 5 8 0.028061975 
173 331 6 11 0.028038528 
354 141 4 6 0.02803637 
529 303 7 9 0.02802366 
177 14 7 7 0.027998257 
680 659 4 8 0.027967812 
354 206 4 4 0.027951533 
1043 568 11 18 0.027936032 
568 440 10 11 0.02791748 
308 654 7 15 0.027873507 
271 175 4 4 0.027867256 
1057 532 9 15 0.027849687 
317 116 3 5 0.027832448 
416 621 6 8 0.027822731 
1018 574 15 21 0.027819768 
183 224 4 6 0.027818529 
402 294 6 7 0.027810078 
200 77 3 5 0.027797697 
372 219 5 5 0.02779657 
289 108 4 6 0.027783884 
386 287 6 6 0.027754761 
893 661 11 13 0.027749568 
544 139 5 8 0.027738519 
971 580 11 14 0.027732013 
233 110 4 4 0.027669584 
462 255 4 8 0.027647538 
271 167 3 5 0.027626084 
225 104 4 4 0.02756187 
206 383 4 7 0.027558496 
285 124 2 4 0.027541086 
309 123 3 5 0.027529353 
260 284 10 17 0.027512008 
394 213 3 5 0.0275039 
453 338 7 9 0.027502792 
1008 604 9 12 0.027491882 
335 243 5 7 0.027470926 
276 199 5 6 0.027442243 
265 65 3 5 0.027397204 
278 117 99 115 0.027389877 
487 350 6 8 0.027379649 
442 406 7 11 0.02736058 
296 210 4 6 0.027346654 
913 561 8 10 0.027323542 
623 82 5 8 0.027302679 
673 626 5 10 0.027302008 
197 229 6 11 0.027278557 
281 365 8 8 0.027256405 
362 156 3 4 0.027222656 
259 72 4 5 0.02719708 
162 110 4 5 0.027184661 
501 365 5 6 0.027163554 
366 482 7 11 0.027154895 
917 650 12 15 0.027148137 
310 103 4 6 0.027147336 
959 548 8 10 0.027132604 
418 226 4 5 0.02713213 
862 511 7 11 0.027109895 
349 409 4 7 0.027099697 
444 293 5 6 0.027079202 
389 332 6 8 0.027062126 
989 545 14 20 0.027045507 
442 350 6 9 0.02703533 
238 407 5 9 0.027019955 
971 528 8 11 0.027015975 
513 306 5 7 0.026985865 
782 718 5 6 0.026976274 
322 561 5 9 0.02695792 
405 386 3 5 0.026934978 
297 129 3 5 0.026926374 
520 415 7 8 0.026891494 
654 589 5 8 0.026877493 
612 288 4 5 0.026875043 
220 168 3 4 0.026843322 
172 693 11 16 0.026832098 
207 135 4 5 0.02682244 
219 70 36 49 0.02681959 
1017 558 16 21 0.026818847 
380 148 3 5 0.026809853 
450 207 4 4 0.026808135 
245 179 4 5 0.026796525 
915 522 6 11 0.026794523 
469 331 6 8 0.02679093 
422 376 6 7 0.02673663 
364 426 5 8 0.026710203 
668 660 4 6 0.0267082 
500 308 5 5 0.026704108 
176 369 5 9 0.02664861 
840 403 5 8 0.026637135 
1019 503 15 23 0.026618063 
342 103 4 6 0.026608739 
392 318 5 6 0.026562944 
245 391 4 7 0.02656218 
220 154 4 4 0.026550457 
253 591 9 16 0.026525697 
239 173 4 6 0.026524281 
387 67 11 13 0.026522793 
331 560 6 10 0.02652109 
462 275 4 7 0.026509313 
325 459 8 12 0.026502287 
940 538 6 8 0.026501685 
890 511 6 9 0.026501609 
191 358 6 10 0.026496165 
258 403 5 6 0.026494747 
212 228 6 10 0.026468858 
555 484 8 13 0.026466388 
775 599 6 11 0.026446432 
966 521 7 11 0.026431603 
972 668 11 11 0.026420416 
309 235 5 6 0.026412835 
306 530 7 10 0.02640727 
503 211 19 24 0.026385969 
743 236 8 15 0.026364261 
523 665 5 7 0.02633569 
423 260 16 21 0.026332255 
327 4 4 9 0.026315622 
1017 612 10 13 0.02630352 
348 143 4 5 0.02629606 
909 523 7 12 0.026290374 
239 149 4 4 0.026275242 
416 331 6 8 0.026263079 
662 651 4 8 0.026259908 
547 434 8 8 0.02625535 
366 352 5 7 0.026228968 
513 397 4 6 0.026167294 
258 96 4 6 0.026164291 
493 363 6 7 0.026158566 
226 161 4 5 0.026142426 
291 124 3 5 0.026127288 
502 384 31 40 0.026107917 
468 371 6 7 0.026076071 
205 235 5 9 0.026017979 
902 654 9 11 0.026004355 
1019 591 7 12 0.026003752 
276 211 6 7 0.0259971 
219 410 5 7 0.025941905 
650 594 4 8 0.025941288 
334 179 5 5 0.025925793 
449 255 5 7 0.025905427 
225 97 4 5 0.025903348 
206 167 4 6 0.025899656 
600 596 5 8 0.025861846 
462 281 4 7 0.025856877 
543 134 4 9 0.025851956 
328 404 5 7 0.02581649 
808 664 7 8 0.025768716 
310 530 15 23 0.025761027 
482 27 6 13 0.025737802 
399 198 3 5 0.025732733 
779 592 17 28 0.025732523 
571 395 6 8 0.025712388 
492 338 7 8 0.025687773 
964 565 8 12 0.025666352 
128 263 4 8 0.025654837 
357 477 6 10 0.025631746 
342 416 5 7 0.025624802 
783 581 6 10 0.025619758 
271 160 3 6 0.025610764 
596 522 6 10 0.025602408 
882 631 8 9 0.025593074 
340 174 6 5 0.025592865 
443 388 6 8 0.025559511 
590 383 5 8 0.025553485 
881 495 7 9 0.025548968 
0 94 5 10 0.02553615 
946 554 10 12 0.025518626 
385 360 5 5 0.025506174 
436 254 32 40 0.025503209 
331 494 7 13 0.025484879 
957 570 9 14 0.025483092 
486 308 6 6 0.02546775 
552 359 6 6 0.0254589 
502 345 4 6 0.025447313 
154 381 6 10 0.025388552 
927 541 8 11 0.025373185 
322 390 5 8 0.025354158 
346 173 5 6 0.025345236 
954 577 9 13 0.025336485 
351 322 7 9 0.025333984 
256 191 5 6 0.02532539 
416 396 5 8 0.025308527 
206 90 4 5 0.025302583 
588 389 6 9 0.025288833 
225 390 5 8 0.025288759 
198 129 5 5 0.025280802 
876 541 7 10 0.025275134 
322 231 5 6 0.025270797 
362 149 3 4 0.025264092 
380 165 4 7 0.025239414 
179 332 5 10 0.02523154 
472 63 6 11 0.025209554 
538 415 6 7 0.025205834 
340 237 5 6 0.025180433 
358 313 6 9 0.025175516 
611 413 9 12 0.025174294 
473 404 7 12 0.025160084 
289 175 4 5 0.02515684 
1056 517 9 17 0.025153339 
644 28 19 30 0.025123945 
301 261 7 10 0.0251192 
408 639 6 9 0.02511059 
457 225 4 5 0.025093637 
402 307 6 6 0.025085453 
901 523 7 11 0.025023617 
391 181 4 6 0.025015965 
879 747 151 139 0.02500855 
1036 520 9 15 0.024982167 
431 677 4 8 0.024977945 
253 425 8 10 0.024966717 
1018 653 16 24 0.02494699 
966 698 13 15 0.024933957 
963 586 11 13 0.024899337 
315 70 3 7 0.024869684 
882 517 9 12 0.024863591 
231 154 4 5 0.024861187 
907 620 9 10 0.024855036 
348 128 4 6 0.024827536 
250 91 4 4 0.024823183 
251 396 5 7 0.024799647 
366 155 4 5 0.024793731 
455 250 5 6 0.024783382 
213 117 4 4 0.02477474 
466 384 6 8 0.024748161 
274 256 6 9 0.024718573 
207 141 4 5 0.024694577 
492 325 6 7 0.024675015 
945 607 9 13 0.02466564 
494 377 5 7 0.024601413 
177 274 7 10 0.024599032 
195 228 5 8 0.024585605 
606 522 8 13 0.024577968 
314 90 4 6 0.024571571 
487 325 7 8 0.024546515 
336 113 128 161 0.024542794 
649 431 9 15 0.024536768 
341 255 5 6 0.024502307 
308 198 4 6 0.024496434 
322 237 5 6 0.02448592 
618 452 17 22 0.024482707 
970 510 15 23 0.024478493 
206 103 4 5 0.024460848 
942 613 8 10 0.024423413 
684 403 7 9 0.024404885 
866 470 15 24 0.024401844 
454 370 6 7 0.024396496 
557 350 5 6 0.024393227 
379 251 4 5 0.024379943 
197 223 5 8 0.024379443 
360 495 8 14 0.024372932 
252 155 4 4 0.02436926 
400 205 3 5 0.024343789 
955 535 6 8 0.024333656 
372 300 5 7 0.024315229 
355 161 4 5 0.024295831 
214 85 4 4 0.024278836 
633 627 4 7 0.024251496 
264 71 4 5 0.024226839 
285 109 3 5 0.024212351 
204 262 7 11 0.024199096 
623 283 4 5 0.024172235 
179 146 4 7 0.02417132 
200 291 8 11 0.024166195 
548 425 8 10 0.024138052 
316 75 4 7 0.024135908 
168 129 4 5 0.024126027 
725 729 5 7 0.024088854 
315 218 5 7 0.024079086 
825 605 8 16 0.02407845 
327 257 6 6 0.024057537 
681 686 4 7 0.02405231 
626 414 7 8 0.024031391 
413 174 4 5 0.024014216 
342 96 4 6 0.023996156 
467 376 6 8 0.023993649 
611 268 4 6 0.02398694 
289 89 4 6 0.02395025 
316 4 4 8 0.02392388 
814 617 7 9 0.023910757 
350 512 7 10 0.023877673 
342 148 3 5 0.023873067 
437 413 5 10 0.023871033 
385 389 5 7 0.02387091 
288 247 7 8 0.02386909 
573 228 9 11 0.023827806 
265 102 3 5 0.023827527 
514 345 5 6 0.023819039 
346 306 7 9 0.02381735 
998 545 7 10 0.023799894 
520 666 6 8 0.023796381 
960 541 8 11 0.023774844 
312 293 7 8 0.023770783 
316 149 3 4 0.023766555 
190 245 6 11 0.02376187 
507 334 6 7 0.023761107 
563 396 6 7 0.023749582 
245 217 5 7 0.023734609 
355 156 3 5 0.023715181 
315 82 4 7 0.023705678 
1034 558 10 17 0.023696123 
927 690 8 9 0.023644418 
207 230 5 8 0.023631448 
325 484 7 12 0.023613473 
467 346 7 7 0.023613406 
866 555 18 23 0.023612553 
309 293 6 8 0.023593245 
564 338 4 5 0.023585882 
329 124 3 4 0.023578513 
650 398 8 11 0.023570424 
1030 319 14 24 0.023568956 
386 237 4 5 0.02356722 
230 282 11 14 0.02355352 
232 188 4 4 0.02353626 
346 109 4 7 0.023517651 
441 307 7 9 0.023502992 
638 470 12 14 0.023480786 
212 110 5 5 0.02347551 
369 472 7 13 0.023470612 
586 435 7 9 0.023468683 
397 332 6 7 0.02345358 
628 270 4 5 0.023416555 
1018 535 9 11 0.023395514 
558 339 4 6 0.023385014 
323 148 3 5 0.023379734 
808 607 6 8 0.023376165 
448 332 7 9 0.023362534 
191 577 9 16 0.023360936 
168 148 4 6 0.023338398 
373 147 4 5 0.023332115 
347 389 4 8 0.02333053 
486 332 8 7 0.023329487 
909 573 8 9 0.023326753 
858 514 8 14 0.023318253 
399 192 4 7 0.023261169 
351 633 16 26 0.023246031 
315 478 6 10 0.023194611 
110 190 6 9 0.023167202 
850 562 15 23 0.02307064 
968 478 6 8 0.023059206 
404 158 4 7 0.023051983 
308 587 6 9 0.023050543 
921 522 12 23 0.023048753 
1041 552 12 19 0.023015488 
408 331 6 7 0.023009593 
254 228 12 17 0.023001822 
462 395 6 9 0.022991085 
624 270 4 5 0.022974458 
423 390 5 6 0.022950865 
502 275 6 9 0.022945514 
492 332 7 7 0.022937933 
154 438 8 12 0.022921985 
933 548 8 11 0.022920458 
335 237 4 6 0.02291414 
582 446 7 9 0.02290039 
567 446 15 20 0.02289785 
149 618 8 13 0.02289687 
330 210 5 6 0.022895161 
460 376 6 9 0.022883814 
215 90 4 5 0.022880478 
527 439 9 10 0.02286994 
346 716 5 10 0.022855978 
303 62 4 8 0.022855852 
641 451 8 10 0.0228464 
318 273 7 10 0.022843856 
251 73 3 4 0.022838272 
454 389 6 9 0.022838257 
322 186 4 5 0.02283429 
156 593 8 11 0.022828106 
322 384 5 7 0.022827435 
601 516 7 10 0.022826394 
220 188 4 5 0.022807278 
233 167 3 5 0.022801626 
293 465 6 10 0.022775747 
412 401 5 9 0.022768266 
269 464 7 12 0.022760622 
516 387 7 10 0.02275879 
252 188 4 5 0.022754135 
391 351 6 9 0.02273717 
643 414 11 15 0.022732386 
289 205 5 6 0.022715494 
340 306 6 7 0.022710253 
523 435 8 8 0.022706958 
961 531 6 8 0.02269192 
559 402 5 8 0.022691146 
546 144 4 8 0.02269104 
445 206 3 5 0.022686146 
322 129 3 5 0.02268457 
904 563 6 8 0.022676084 
380 371 4 6 0.022670293 
811 672 9 11 0.02266899 
314 38 4 8 0.022656308 
616 283 4 5 0.022647452 
214 155 4 4 0.022643626 
148 262 4 7 0.022634925 
904 500 4 7 0.022597875 
605 414 17 22 0.022596931 
449 281 5 6 0.02259209 
227 215 5 7 0.022581758 
642 388 5 8 0.02258141 
706 720 6 9 0.022561107 
354 200 4 4 0.022546317 
781 585 7 12 0.02252458 
153 189 6 8 0.02252275 
681 298 6 9 0.022520494 
662 667 5 7 0.022492655 
298 116 2 5 0.022481246 
226 167 4 4 0.022480557 
368 357 5 7 0.02246984 
436 389 6 8 0.022460923 
378 360 5 5 0.022437632 
939 541 7 10 0.02242867 
350 298 7 7 0.022424366 
303 58 4 6 0.022424355 
773 617 8 13 0.022409055 
373 122 4 5 0.022393841 
330 128 3 5 0.022383748 
226 90 4 5 0.022382991 
699 644 7 11 0.022381578 
226 265 6 11 0.022361243 
335 517 6 8 0.022345087 
534 705 9 16 0.022329077 
342 123 3 5 0.022324717 
175 78 3 4 0.022312861 
905 667 12 14 0.02231115 
574 199 6 6 0.022286635 
349 95 3 7 0.02228646 
168 180 5 6 0.022282341 
513 235 11 11 0.022268804 
489 211 5 5 0.022268374 
866 628 11 15 0.022267401 
610 263 4 6 0.0222669 
635 71 4 7 0.02226091 
286 275 10 13 0.022257516 
925 624 13 14 0.022236792 
371 354 5 5 0.022227392 
383 68 9 11 0.02222166 
834 587 9 11 0.022220187 
323 557 5 8 0.02221275 
391 327 6 6 0.022206532 
177 267 6 10 0.022179406 
334 148 3 6 0.022169517 
518 429 6 7 0.022159385 
239 91 4 4 0.022147859 
308 567 6 10 0.02212907 
474 321 6 7 0.022105431 
232 162 4 4 0.022086157 
451 211 3 5 0.022071132 
270 97 3 5 0.02205811 
248 290 7 13 0.022042427 
472 334 16 17 0.022034736 
187 77 4 5 0.022015257 
259 124 4 4 0.022003556 
296 58 4 5 0.021989184 
470 286 5 7 0.021983515 
601 422 7 10 0.021966787 
633 465 8 10 0.021964075 
313 205 5 6 0.02196092 
277 186 5 6 0.02195317 
494 648 7 13 0.021949679 
297 54 3 4 0.021949185 
334 167 4 5 0.021947395 
841 535 9 10 0.021946782 
309 216 5 7 0.021926984 
177 365 4 7 0.021917684 
366 502 15 23 0.021910667 
328 229 5 6 0.021890547 
392 371 4 6 0.021879481 
612 508 10 13 0.021859448 
102 407 9 17 0.02185674 
316 122 3 6 0.021840647 
260 277 9 14 0.021837173 
533 352 5 6 0.02183102 
264 576 6 10 0.021822471 
1079 353 11 20 0.021816788 
501 236 6 8 0.021815723 
307 627 5 8 0.021813747 
244 370 6 8 0.021803439 
181 249 5 7 0.021800825 
374 313 5 8 0.021790845 
895 599 11 15 0.021770675 
368 143 3 5 0.02176824 
352 100 5 8 0.021746472 
492 345 6 6 0.021745883 
641 444 8 11 0.02174275 
736 508 138 153 0.02173374 
416 629 7 11 0.021715337 
635 77 4 6 0.021709014 
389 98 6 8 0.021696331 
570 360 5 5 0.021686824 
423 658 6 9 0.021683915 
307 192 5 7 0.021669677 
256 222 8 12 0.0216666 
296 180 4 5 0.021654397 
972 565 9 12 0.021635449 
99 687 8 11 0.021635411 
250 436 7 9 0.021629471 
653 345 5 8 0.021628542 
347 601 15 19 0.021616353 
319 566 6 10 0.021614395 
863 519 8 15 0.02161006 
246 212 4 6 0.021605805 
374 370 4 7 0.021591473 
819 616 8 12 0.02158336 
911 521 14 25 0.021581316 
634 81 6 8 0.021569617 
328 395 5 8 0.021566931 
542 384 15 20 0.02156507 
271 224 6 8 0.021551803 
643 490 10 13 0.021532595 
377 282 5 6 0.021531194 
906 296 8 13 0.021528186 
818 605 6 12 0.021503078 
250 251 8 12 0.021494873 
309 417 5 7 0.021494333 
287 229 6 7 0.021483568 
367 223 19 20 0.021443242 
1036 507 9 16 0.0214211 
365 512 7 12 0.021419683 
646 391 6 8 0.021390468 
505 694 8 13 0.021382537 
881 339 10 17 0.021373805 
306 243 7 8 0.02137124 
355 173 4 5 0.021362325 
995 597 8 12 0.021361798 
358 514 6 12 0.021353133 
227 188 3 4 0.021349266 
434 255 15 21 0.02134504 
347 397 4 7 0.021339923 
1019 537 16 22 0.02133967 
373 161 3 5 0.021327311 
214 193 4 5 0.021325313 
299 108 3 6 0.021317635 
131 155 3 5 0.021317342 
340 200 5 5 0.02131378 
463 389 5 9 0.021311346 
428 339 6 8 0.02130862 
334 477 5 10 0.021300634 
455 305 6 9 0.021279892 
278 110 2 4 0.021265594 
281 380 10 13 0.021243455 
404 193 4 5 0.02123825 
435 419 7 11 0.021231186 
794 611 8 14 0.021204377 
320 581 7 12 0.02120406 
249 173 5 6 0.021190902 
1051 690 15 21 0.021185521 
309 108 4 6 0.021182615 
923 655 10 14 0.021179006 
410 378 6 6 0.021176603 
642 282 4 7 0.021171605 
955 585 8 10 0.021166725 
296 238 6 6 0.021165242 
289 243 7 8 0.02115863 
601 408 6 9 0.021157164 
141 256 5 8 0.021150218 
209 329 7 9 0.021150153 
329 179 4 5 0.021147083 
444 220 4 4 0.021144576 
488 259 8 10 0.021135904 
240 391 4 7 0.02113469 
364 313 6 8 0.02111642 
150 186 5 7 0.021105923 
280 501 8 17 0.021101238 
532 375 15 21 0.02109766 
1093 335 8 18 0.02109365 
709 703 5 7 0.021082921 
978 565 8 13 0.021070793 
921 504 6 10 0.021070456 
167 153 4 6 0.021066999 
428 318 6 9 0.021063808 
864 478 7 10 0.021054609 
280 471 9 14 0.021048347 
318 268 7 8 0.021035677 
293 484 7 11 0.021033341 
454 365 6 7 0.021021953 
627 431 20 25 0.021020502 
199 135 4 6 0.021006837 
235 254 9 13 0.021006243 
284 78 3 5 0.021004247 
405 365 5 6 0.0209945 
339 261 6 8 0.020991594 
450 167 4 6 0.02097638 
270 78 4 6 0.020974053 
1019 547 8 12 0.020971298 
666 682 5 9 0.020968616 
405 108 5 9 0.020964958 
122 185 4 6 0.02096477 
351 253 7 8 0.020956848 
494 215 6 8 0.020951794 
358 187 5 6 0.020937001 
321 5 4 8 0.02092417 
397 274 17 20 0.02089823 
508 300 5 6 0.020884695 
948 571 9 11 0.020883773 
328 484 13 24 0.020879371 
552 478 6 8 0.020877741 
384 197 5 7 0.020874 
226 394 5 9 0.02086861 
428 664 6 10 0.020868436 
275 215 6 8 0.020865422 
357 293 7 9 0.020856595 
989 613 8 9 0.020856567 
308 541 6 11 0.02085326 
888 645 9 11 0.020849664 
626 464 8 10 0.020839002 
846 377 4 7 0.020838574 
315 191 4 7 0.020830745 
506 293 7 8 0.020825803 
372 204 5 5 0.020818405 
194 268 6 10 0.020818342 
889 630 7 10 0.02080582 
867 712 11 20 0.020801673 
271 91 3 5 0.02078899 
502 193 4 5 0.020777162 
175 136 4 6 0.020771964 
320 473 7 11 0.020768985 
342 74 4 8 0.02076305 
276 297 7 13 0.020759799 
211 378 4 7 0.020753922 
333 186 5 5 0.020743106 
232 149 3 4 0.020730084 
212 223 6 9 0.020728912 
359 173 4 5 0.020727588 
835 357 5 8 0.020726698 
321 248 6 7 0.02071361 
379 213 4 5 0.020710872 
1020 381 5 10 0.020708747 
986 572 8 13 0.020692889 
614 287 5 6 0.020690696 
340 458 6 11 0.020686416 
946 548 9 11 0.020681635 
398 394 5 8 0.02067719 
410 301 6 7 0.02066832 
1012 524 6 7 0.020659449 
442 299 6 8 0.020652695 
238 167 4 5 0.020652363 
869 516 8 12 0.020644004 
332 314 5 7 0.020627312 
967 561 17 23 0.020617884 
258 212 4 6 0.020598363 
863 550 8 12 0.020598255 
447 268 6 7 0.020598013 
938 572 9 12 0.02059571 
354 91 3 5 0.020585135 
533 429 6 7 0.020583263 
321 396 5 7 0.020582182 
232 143 4 4 0.020572308 
1010 632 17 23 0.020571169 
449 190 5 7 0.020567682 
638 401 7 10 0.020565396 
424 644 6 10 0.020552563 
973 506 7 11 0.020547295 
232 404 5 7 0.020545077 
564 222 8 9 0.020540237 
239 104 4 4 0.020539407 
57 664 7 8 0.020531153 
532 404 5 5 0.020520292 
896 511 5 8 0.020505004 
339 384 5 9 0.020496627 
226 384 5 7 0.020479182 
239 383 4 7 0.020468773 
463 224 4 5 0.02045707 
187 254 5 9 0.020450378 
296 84 4 5 0.020445663 
820 578 32 40 0.020433005 
350 460 15 24 0.020432288 
279 373 11 13 0.020426754 
465 421 8 11 0.020426748 
310 77 3 6 0.020406723 
854 599 15 22 0.020397916 
647 659 5 7 0.0203926 
909 517 5 8 0.020387968 
498 677 7 11 0.020385286 
233 409 4 7 0.020384679 
437 383 6 7 0.020381887 
377 338 7 9 0.020380469 
251 198 5 6 0.020370008 
523 670 6 8 0.020341706 
348 403 4 7 0.020328876 
325 365 6 7 0.020323427 
293 267 7 11 0.020318694 
637 440 20 27 0.020311657 
643 641 4 6 0.020301202 
220 109 4 5 0.02029976 
308 225 5 6 0.020289 
314 102 4 7 0.020287922 
703 1 5 7 0.02028359 
246 155 3 4 0.02028251 
399 158 5 7 0.020281814 
246 109 4 5 0.020281306 
225 378 5 6 0.020278731 
424 206 4 6 0.020261068 
894 567 7 10 0.020260606 
245 563 6 10 0.020246308 
877 643 17 23 0.02024141 
746 617 12 18 0.02022706 
304 83 4 6 0.020219538 
129 627 5 8 0.020209072 
270 191 5 6 0.020190246 
950 663 11 12 0.020180987 
134 402 5 7 0.020157188 
1012 530 5 7 0.020156981 
277 104 3 5 0.02015669 
191 285 16 20 0.0201168 
300 280 8 10 0.020110412 
352 107 5 8 0.02010401 
289 103 4 7 0.020101659 
889 492 5 8 0.0201009 
289 84 4 6 0.020100763 
373 346 5 6 0.02008296 
327 389 5 10 0.02008191 
536 429 17 17 0.020070616 
410 293 6 7 0.020065717 
315 243 5 7 0.020061122 
296 600 5 8 0.02005991 
92 416 5 9 0.020056028 
702 58 3 6 0.02005395 
1019 553 8 12 0.020044293 
641 286 5 8 0.020040656 
303 534 6 10 0.020035287 
448 262 6 6 0.02003011 
926 666 9 13 0.020026958 
922 554 8 11 0.020024177 
332 108 5 8 0.02001419 
476 225 4 5 0.020010514 
233 173 4 6 0.020000016 
