14_Traffic_Traffic_14_267
223
230 476 18 25 0.99889886 
169 458 16 24 0.9953903 
74 446 19 21 0.9872256 
155 437 16 22 0.9398037 
84 469 12 15 0.23973161 
322 414 8 14 0.15037069 
76 391 9 12 0.14226831 
258 395 6 9 0.1362446 
225 222 5 8 0.13246328 
750 306 6 8 0.1214092 
287 465 7 12 0.11423935 
632 436 10 12 0.11337512 
190 275 7 8 0.07111561 
755 308 6 8 0.067910135 
219 282 4 5 0.067329414 
232 227 6 11 0.0664994 
191 279 6 7 0.064510986 
322 422 9 19 0.064467944 
118 485 10 18 0.06089008 
484 268 11 9 0.05844046 
225 227 6 9 0.053694077 
509 308 4 6 0.05361178 
514 295 5 6 0.05228256 
307 343 5 5 0.05161533 
511 308 5 6 0.051321834 
471 269 34 42 0.049735077 
486 360 9 9 0.04967092 
714 370 4 6 0.04833675 
528 359 10 9 0.04818568 
808 313 4 6 0.04612365 
690 407 7 9 0.045913093 
180 282 5 6 0.044807907 
245 225 4 7 0.044150054 
205 239 5 9 0.04394727 
489 267 13 9 0.043682303 
789 321 3 4 0.043628003 
468 269 6 8 0.04312966 
225 287 6 6 0.042852078 
225 283 5 4 0.042227577 
539 435 11 11 0.041219506 
470 261 5 6 0.040407315 
740 236 11 15 0.038766716 
131 478 11 18 0.038407613 
527 362 13 14 0.03833601 
716 371 5 6 0.038291056 
126 481 10 16 0.037692636 
695 304 7 10 0.037029654 
744 341 5 5 0.03689903 
219 277 5 7 0.0368667 
679 289 4 4 0.036062602 
230 261 6 8 0.035917416 
205 281 5 6 0.03537179 
497 361 7 8 0.03521987 
814 266 5 7 0.035077658 
187 280 6 7 0.034395635 
268 255 5 6 0.03434069 
480 267 24 20 0.033553846 
513 291 5 7 0.03311683 
64 489 12 15 0.03297595 
808 301 3 6 0.0326668 
243 395 7 10 0.032653816 
218 288 6 6 0.032287586 
498 326 5 8 0.0320427 
610 332 4 4 0.031731695 
751 310 6 8 0.030492779 
230 287 6 7 0.03029739 
236 225 5 7 0.030107478 
199 256 6 6 0.03009708 
191 240 7 10 0.029824803 
597 332 4 5 0.029765105 
652 249 4 7 0.029762696 
217 255 5 7 0.02957554 
675 289 4 4 0.02949846 
399 304 33 46 0.029403303 
445 394 7 11 0.029165408 
687 263 4 6 0.028988112 
627 437 10 13 0.02857274 
480 271 11 9 0.028497072 
754 301 6 8 0.028483666 
174 282 6 6 0.028466428 
494 325 6 8 0.028277166 
816 281 4 6 0.028259767 
264 313 5 6 0.028208004 
808 318 5 8 0.0280591 
225 276 4 6 0.028027961 
713 367 4 5 0.027841363 
801 307 5 6 0.027742347 
756 294 5 5 0.027727166 
270 236 6 8 0.027725039 
750 341 4 5 0.027503934 
828 283 3 5 0.02737029 
737 357 5 6 0.027336162 
217 262 6 7 0.027291985 
231 218 5 7 0.026953641 
304 341 5 5 0.02692557 
785 232 3 4 0.026878642 
232 325 5 9 0.026609696 
474 296 5 5 0.026382813 
282 465 8 12 0.026191423 
248 395 7 10 0.026097964 
187 225 5 6 0.026047947 
821 283 3 5 0.026028415 
759 306 6 9 0.025946718 
179 285 6 8 0.025928184 
1013 348 10 14 0.025922956 
864 292 4 6 0.025908958 
191 224 5 6 0.025648061 
828 300 5 6 0.0254637 
604 332 4 5 0.025434919 
481 300 5 7 0.025424283 
803 300 4 6 0.025400953 
185 229 6 7 0.025375543 
218 229 5 8 0.025150696 
274 250 5 6 0.025146514 
501 300 4 5 0.025058664 
231 257 5 6 0.024972126 
361 339 5 8 0.024956122 
796 243 5 8 0.024709523 
1006 639 22 32 0.0246902 
839 307 4 6 0.02465612 
220 223 4 7 0.024651477 
213 275 6 7 0.024611223 
469 296 5 6 0.0245439 
738 354 4 4 0.024498757 
717 366 4 6 0.024460513 
168 281 5 6 0.024448007 
343 352 3 6 0.024440939 
488 325 6 8 0.024346165 
579 344 4 6 0.024253715 
46 425 11 12 0.024208518 
214 255 5 6 0.024139907 
375 339 3 7 0.024138002 
539 339 7 9 0.024079438 
200 250 4 6 0.024069183 
143 475 17 26 0.023865422 
265 309 4 4 0.023749983 
324 410 7 10 0.023738818 
256 229 6 11 0.023687873 
864 45 161 153 0.023673447 
251 447 6 10 0.023542913 
180 276 5 6 0.023461848 
483 357 19 19 0.023423543 
247 475 9 17 0.023410188 
540 421 42 40 0.023408018 
911 269 22 26 0.023387477 
471 268 8 8 0.023309337 
507 330 5 9 0.023269165 
214 282 4 6 0.02326162 
279 469 9 13 0.02323441 
777 321 4 5 0.023233136 
235 234 5 10 0.023162443 
231 283 5 5 0.022932783 
783 334 3 4 0.022868417 
283 397 4 6 0.02279657 
444 399 9 15 0.022740202 
731 339 4 5 0.022720167 
192 230 5 8 0.022676898 
258 294 4 5 0.022670334 
523 362 23 27 0.022656363 
832 301 5 5 0.02244743 
494 314 5 5 0.022438597 
223 241 6 9 0.022426972 
445 407 6 10 0.022402946 
615 456 9 15 0.022367112 
527 303 4 4 0.022332067 
168 276 5 6 0.022254108 
782 320 4 5 0.022178808 
827 287 4 6 0.022069518 
343 357 4 7 0.022034168 
0 246 7 17 0.021945544 
508 311 5 7 0.021841185 
784 249 4 6 0.021717886 
907 290 9 10 0.021715838 
719 358 4 5 0.021708358 
161 270 5 5 0.021692572 
712 234 6 12 0.02160397 
584 310 33 44 0.02156649 
739 340 4 5 0.021395627 
423 358 6 9 0.021361649 
603 340 4 5 0.021350557 
191 271 7 7 0.021256268 
946 257 5 5 0.021255428 
822 237 3 6 0.021212257 
251 228 5 10 0.021170074 
756 341 4 5 0.021153945 
262 235 5 7 0.021119144 
533 327 37 40 0.021108117 
585 313 5 6 0.021072919 
254 476 10 16 0.021041129 
861 293 4 6 0.020969085 
291 464 7 12 0.020913947 
494 321 5 7 0.020830521 
754 229 7 12 0.020821234 
692 372 4 5 0.020809468 
204 267 6 7 0.020784812 
809 308 3 5 0.020765826 
751 289 5 5 0.020750867 
744 344 4 5 0.02072983 
53 381 18 23 0.020659462 
278 228 5 8 0.020624142 
514 416 44 50 0.020560652 
814 307 3 4 0.020552404 
732 222 28 43 0.020522984 
609 348 4 5 0.020507656 
216 267 7 9 0.020487292 
214 250 4 7 0.020485455 
946 262 5 6 0.020475239 
757 327 4 6 0.020448243 
826 225 4 5 0.020439923 
513 299 5 6 0.020435829 
738 275 6 7 0.020405466 
353 369 4 8 0.02037534 
655 270 3 4 0.0203704 
270 398 5 5 0.020355027 
266 255 4 6 0.020315453 
199 293 6 7 0.020266607 
583 339 4 6 0.020249676 
935 269 6 7 0.020210935 
213 268 6 8 0.020199666 
630 438 17 22 0.020198328 
788 232 4 5 0.020193437 
711 225 24 40 0.020078242 
572 273 33 45 0.020036595 
