38_Tennis_Tennis_38_535
678
505 469 23 33 0.99928397 
515 422 21 32 0.9989365 
172 275 19 28 0.9987092 
134 455 22 30 0.9985904 
714 318 20 28 0.99844223 
863 324 21 28 0.99840873 
432 445 24 34 0.99826497 
657 464 18 27 0.998002 
468 265 18 27 0.9971011 
479 314 20 28 0.9969062 
207 433 21 27 0.9955851 
370 406 21 29 0.99499655 
323 382 20 28 0.9942216 
290 460 20 29 0.99341255 
778 307 21 27 0.9925316 
147 305 18 30 0.99202746 
233 318 19 30 0.991682 
596 424 18 27 0.990635 
764 429 19 26 0.9897251 
464 423 18 29 0.98922104 
397 321 19 23 0.9889051 
194 340 19 25 0.98817956 
376 450 21 28 0.9880734 
47 448 23 29 0.98795366 
551 469 19 28 0.9861618 
643 316 19 24 0.97860307 
581 305 18 29 0.9764435 
242 286 19 27 0.9598598 
143 415 18 26 0.95556176 
709 419 15 23 0.95158434 
897 490 23 27 0.931969 
510 317 18 25 0.9305555 
358 311 16 27 0.91762805 
421 316 16 28 0.81558657 
436 414 18 28 0.79732364 
257 314 13 29 0.79675764 
331 448 15 27 0.7838767 
566 414 16 28 0.72847 
293 291 15 28 0.7177619 
650 425 16 23 0.65930444 
818 469 21 31 0.6393758 
837 258 16 27 0.40501 
909 273 8 17 0.3275709 
601 298 11 19 0.27566838 
418 128 5 6 0.2730925 
161 251 12 16 0.26409194 
405 131 6 9 0.26190013 
675 406 12 19 0.25007308 
422 127 4 6 0.23652245 
281 334 14 32 0.22995733 
371 118 4 5 0.2168608 
380 293 10 13 0.19617091 
410 321 17 25 0.18232337 
444 302 9 15 0.17940108 
680 364 15 30 0.17911781 
392 126 5 8 0.17260306 
451 284 9 17 0.17088991 
550 243 12 16 0.16909415 
304 299 10 21 0.16818951 
578 411 15 24 0.16729106 
196 277 10 19 0.16154578 
589 299 17 25 0.16091126 
396 121 4 6 0.1588002 
392 122 5 5 0.1517696 
170 450 16 24 0.14923245 
287 392 13 28 0.14427216 
378 122 4 5 0.14042376 
364 134 5 7 0.1403079 
379 133 5 8 0.13566314 
372 120 4 6 0.1287709 
363 296 10 15 0.12849465 
666 167 6 9 0.12671578 
319 432 10 21 0.12388837 
646 410 19 27 0.12348497 
395 118 4 5 0.11916761 
626 246 14 29 0.113685675 
244 411 18 31 0.11289238 
343 430 12 20 0.109487236 
363 506 20 34 0.10942754 
499 417 16 26 0.108241916 
790 253 14 16 0.10606767 
672 167 6 8 0.10606411 
386 323 15 26 0.10446728 
368 117 4 5 0.10176488 
679 166 4 8 0.101070724 
451 413 16 26 0.09729453 
409 129 4 7 0.09412319 
687 468 12 22 0.09222348 
108 225 9 18 0.09098408 
379 128 4 6 0.09000284 
417 131 5 7 0.089736275 
395 126 6 9 0.08847262 
306 309 10 21 0.083844624 
193 527 30 27 0.08181143 
647 116 5 7 0.08113446 
338 122 4 6 0.079156674 
350 139 6 7 0.078747064 
650 387 12 16 0.078646995 
333 250 8 16 0.07843074 
365 128 5 6 0.07785094 
450 137 5 9 0.07684392 
626 116 4 5 0.07480949 
409 144 5 9 0.07458654 
674 159 5 6 0.07389332 
117 415 10 15 0.07349155 
549 366 10 21 0.07196128 
340 118 3 5 0.070904665 
351 137 4 5 0.07081145 
1003 560 25 21 0.07035447 
742 265 10 18 0.06984336 
361 135 4 5 0.0684452 
364 138 5 8 0.067865066 
288 293 9 18 0.06761559 
442 425 25 41 0.067145035 
584 139 3 6 0.06693555 
334 123 5 6 0.066623196 
184 309 11 15 0.066317424 
334 127 5 6 0.06607146 
300 408 11 21 0.06600507 
674 155 4 6 0.06418568 
414 199 10 15 0.06410138 
666 261 8 16 0.06321985 
686 160 4 6 0.06319349 
367 122 4 4 0.06278058 
383 127 5 6 0.062018745 
212 516 44 40 0.061612193 
613 393 15 20 0.0607542 
336 435 17 30 0.060727283 
853 147 4 6 0.060706507 
429 129 3 4 0.060109366 
337 127 6 7 0.05974887 
584 161 4 6 0.05950567 
679 159 3 6 0.058907274 
280 323 9 20 0.058702443 
453 135 4 7 0.058578443 
692 167 4 6 0.058357827 
561 423 11 21 0.058124628 
359 118 3 4 0.05775501 
623 116 4 6 0.05772259 
430 135 4 6 0.057717714 
385 124 4 4 0.056235578 
858 514 18 25 0.055663798 
287 122 5 7 0.055380303 
686 156 3 4 0.054931507 
360 129 4 6 0.054674767 
379 138 5 8 0.054379087 
359 122 3 4 0.054240055 
347 140 6 6 0.05400737 
691 161 4 5 0.05343528 
114 217 5 10 0.053052418 
351 121 5 6 0.052937705 
382 139 6 8 0.052310813 
314 118 4 5 0.05229641 
506 201 7 11 0.051896285 
348 121 4 6 0.051837735 
322 436 15 27 0.051583096 
501 113 5 9 0.050419047 
404 153 5 7 0.050367177 
230 276 9 18 0.050297763 
494 123 3 5 0.050049663 
866 147 5 6 0.049003415 
527 109 4 6 0.048370454 
691 171 7 7 0.04829179 
296 123 4 5 0.04815341 
272 318 14 31 0.04806304 
405 139 5 9 0.04777739 
571 153 4 6 0.047627196 
188 277 14 25 0.047573514 
423 126 3 4 0.047067095 
461 128 5 7 0.046565 
435 135 4 6 0.046485603 
652 166 5 8 0.046384297 
614 134 5 6 0.04617955 
152 127 5 6 0.04613076 
429 319 12 21 0.046027943 
917 141 4 6 0.045928646 
112 220 8 16 0.045793504 
371 128 4 6 0.045063205 
720 373 10 22 0.04478742 
347 136 4 5 0.04478087 
584 136 4 5 0.044661842 
164 129 5 5 0.043784417 
621 133 5 6 0.043763645 
250 123 4 4 0.043571718 
534 408 9 16 0.04313996 
46 136 5 6 0.043088913 
692 147 3 5 0.04304719 
85 429 19 27 0.043040045 
383 147 6 9 0.04299568 
654 153 4 7 0.042839058 
271 123 3 5 0.042820554 
435 139 5 7 0.042475216 
367 112 3 4 0.042414106 
409 152 4 7 0.042315014 
839 155 3 5 0.042250175 
685 166 4 6 0.04207468 
697 167 5 6 0.042021856 
569 126 5 6 0.041916404 
346 128 4 6 0.04187973 
423 134 4 6 0.041730706 
339 142 4 4 0.041563217 
493 155 3 6 0.041211538 
585 412 18 26 0.04120316 
340 148 4 5 0.0411724 
577 148 3 5 0.041110765 
506 321 12 17 0.040964488 
678 156 3 4 0.040951863 
660 167 5 7 0.040895343 
545 148 5 6 0.040796258 
180 130 4 5 0.040715367 
49 139 6 9 0.04051702 
415 166 5 7 0.040457133 
351 163 7 8 0.040431887 
213 156 3 4 0.04032611 
627 166 6 7 0.040234517 
816 463 13 17 0.040120494 
377 118 3 4 0.040037807 
807 155 3 4 0.039945953 
372 147 4 8 0.03994501 
987 566 14 13 0.03982388 
854 142 4 5 0.039754335 
469 134 3 6 0.0397536 
678 137 5 9 0.03969423 
583 164 5 8 0.039596654 
529 396 17 29 0.039557274 
642 117 3 6 0.039354887 
295 126 5 7 0.039296646 
78 210 11 13 0.039051767 
633 165 6 7 0.038978852 
269 127 4 6 0.038910158 
590 134 3 5 0.038279645 
284 115 4 6 0.0381799 
347 118 3 4 0.03812013 
195 162 2 5 0.03808379 
187 149 3 5 0.03803024 
418 126 3 4 0.03782212 
376 317 16 30 0.03767142 
33 114 5 6 0.037659634 
474 135 3 5 0.03762359 
648 166 5 7 0.03756883 
310 118 3 4 0.03748714 
200 149 2 4 0.0372996 
604 140 4 6 0.0372344 
569 425 18 30 0.03721955 
1 129 4 5 0.037158854 
570 313 9 16 0.03703237 
667 160 4 6 0.03696629 
264 321 10 22 0.03685183 
188 167 3 5 0.03683153 
654 159 4 6 0.03680865 
563 147 5 6 0.03674901 
610 134 4 6 0.036310725 
614 130 5 6 0.036301453 
295 140 4 6 0.03624675 
648 110 3 6 0.03618948 
276 136 4 5 0.0361893 
586 434 11 17 0.036153305 
219 155 3 4 0.03610055 
536 393 9 14 0.035456475 
357 301 10 18 0.035352275 
404 124 3 4 0.03533616 
340 585 20 22 0.03529569 
860 160 4 5 0.03515503 
857 172 5 6 0.03513135 
504 108 4 7 0.035063602 
326 134 5 5 0.035055794 
301 141 4 6 0.034934815 
609 129 4 6 0.03492821 
844 315 14 31 0.034923837 
398 146 6 7 0.034923766 
130 271 12 18 0.034854893 
273 428 10 16 0.034644853 
536 159 5 7 0.03454039 
509 308 12 18 0.03451652 
857 142 4 4 0.034448214 
263 383 18 35 0.034430873 
806 173 4 5 0.034344926 
583 154 4 5 0.034247424 
564 140 5 6 0.034153014 
571 124 4 6 0.034065895 
550 97 5 5 0.033985175 
367 293 7 10 0.033897024 
409 570 21 28 0.033879235 
596 284 20 27 0.033859584 
641 120 4 6 0.033832297 
244 161 3 5 0.033829555 
856 148 3 6 0.03379994 
282 161 3 5 0.033722766 
336 119 3 4 0.033665646 
57 128 6 6 0.033634424 
709 153 5 8 0.033623915 
257 579 55 40 0.033599153 
572 149 3 4 0.033280615 
469 121 4 7 0.033231113 
233 148 2 4 0.03299949 
182 406 15 23 0.03297498 
719 134 4 8 0.032941643 
859 155 3 5 0.032900535 
693 155 3 5 0.03288445 
576 154 4 5 0.03282127 
866 141 4 5 0.032699868 
577 141 3 5 0.032629848 
845 122 4 6 0.032560136 
864 153 5 5 0.032544944 
378 164 6 8 0.032474585 
654 120 4 6 0.03241241 
512 154 5 8 0.0324095 
396 132 5 8 0.03239611 
864 161 4 5 0.032379482 
616 116 3 5 0.0323528 
471 380 9 19 0.032305874 
337 359 10 17 0.032088812 
698 155 3 6 0.0320875 
290 160 4 6 0.03202349 
351 308 8 18 0.031880297 
658 154 4 6 0.031758633 
453 292 8 16 0.031735893 
505 129 4 6 0.03168619 
263 129 3 5 0.031617895 
253 426 11 21 0.031533554 
284 121 5 7 0.03144276 
287 126 5 8 0.031404927 
807 161 4 4 0.03127754 
549 426 9 18 0.031192355 
853 173 4 5 0.031168198 
505 133 5 7 0.03105845 
648 154 4 5 0.030831806 
662 427 9 18 0.030830301 
327 129 5 6 0.03082631 
533 154 4 6 0.03072436 
283 110 3 5 0.030722518 
493 143 3 5 0.03059974 
452 559 26 33 0.030592613 
96 160 5 8 0.03054183 
310 155 4 5 0.030535096 
346 165 6 7 0.030524258 
231 123 3 4 0.030493408 
391 131 6 8 0.030492825 
365 162 7 10 0.03049181 
139 410 12 22 0.030490791 
404 146 5 7 0.03047861 
881 159 5 7 0.0304457 
566 126 5 6 0.030312164 
622 120 5 6 0.030281851 
462 132 4 7 0.030247165 
192 166 4 5 0.030203216 
615 153 4 7 0.03018155 
603 135 4 5 0.030092584 
282 154 4 5 0.03008843 
699 160 4 5 0.03008463 
628 161 5 5 0.03001663 
35 111 3 5 0.029970102 
546 142 4 6 0.029897977 
372 134 4 7 0.029849054 
532 115 5 7 0.029675948 
695 171 6 7 0.029595783 
201 167 3 4 0.0294942 
353 118 3 4 0.029429082 
284 327 9 21 0.029358461 
339 165 7 7 0.029281367 
851 153 4 5 0.029227728 
284 127 5 7 0.029194606 
699 141 3 6 0.02903915 
552 141 4 6 0.028995046 
319 121 5 6 0.028983254 
411 125 3 5 0.028885856 
760 257 21 45 0.028866174 
238 149 2 4 0.028856983 
238 155 3 4 0.02885491 
877 141 5 5 0.028846692 
907 266 8 17 0.02878662 
424 157 6 10 0.02871193 
398 141 5 7 0.028665265 
360 140 4 5 0.02865877 
901 474 24 30 0.02863696 
185 135 4 4 0.028564448 
38 114 4 7 0.028471576 
426 306 18 26 0.028457483 
93 420 19 29 0.028420351 
455 169 7 9 0.028331608 
369 311 14 28 0.028307464 
378 145 6 9 0.028296372 
357 164 6 8 0.028240193 
576 135 4 6 0.028214628 
622 146 4 6 0.028136645 
621 154 4 6 0.02813328 
299 123 5 5 0.028133163 
646 535 9 13 0.028118994 
327 452 10 19 0.028019298 
530 109 5 6 0.027865542 
472 328 8 15 0.027841056 
544 152 5 6 0.02768943 
328 123 5 5 0.027634153 
164 315 10 17 0.027590757 
252 162 3 5 0.027497366 
339 135 5 6 0.027408527 
658 159 4 6 0.027394338 
488 127 3 5 0.027389595 
853 168 4 5 0.027378356 
581 427 10 18 0.027319146 
818 451 20 32 0.027282802 
199 162 2 4 0.027139848 
502 130 4 5 0.02713443 
801 155 3 4 0.026970455 
488 125 3 5 0.02682145 
353 154 5 5 0.026771907 
13 122 3 5 0.026725724 
973 484 9 9 0.02670867 
408 171 5 7 0.026669055 
589 129 4 6 0.02664167 
303 165 4 6 0.026623368 
570 134 5 6 0.026617924 
205 168 3 4 0.026568003 
274 123 4 5 0.026556108 
911 148 4 5 0.026550965 
111 218 5 9 0.026389275 
571 160 4 6 0.026373653 
467 128 4 7 0.026339285 
200 155 2 4 0.026338324 
904 262 5 11 0.0262791 
603 129 3 5 0.02627241 
423 139 4 7 0.02626019 
211 161 3 4 0.026161766 
929 148 7 7 0.026049366 
640 166 5 6 0.0260354 
597 153 4 6 0.02596524 
552 420 15 28 0.025948448 
622 141 4 6 0.025880683 
372 140 4 6 0.02585699 
345 155 5 5 0.025834281 
634 129 4 6 0.025804993 
870 141 4 5 0.02578819 
194 155 2 4 0.025782777 
431 139 4 7 0.025768155 
698 134 3 6 0.025748704 
552 147 4 6 0.02565356 
827 161 4 5 0.02560849 
564 154 4 5 0.025581384 
707 155 3 6 0.025517812 
794 148 3 4 0.025487132 
691 141 4 7 0.025456907 
929 248 6 10 0.025386915 
520 95 4 6 0.025378186 
207 162 3 4 0.02534164 
218 142 3 5 0.02528556 
420 311 12 17 0.02526632 
410 167 5 7 0.025256455 
899 483 13 17 0.025255442 
677 436 16 27 0.025223965 
627 120 4 6 0.025093494 
303 162 4 5 0.02507944 
269 429 8 14 0.025038142 
442 135 3 5 0.025008528 
280 470 8 14 0.02500707 
667 140 5 7 0.025004249 
520 90 4 6 0.024911001 
195 119 2 3 0.024896257 
162 162 3 5 0.024853354 
686 172 4 6 0.024845295 
569 140 5 6 0.024796672 
647 160 5 6 0.02478564 
833 156 3 4 0.024778599 
174 161 3 5 0.024737434 
213 142 3 4 0.024715818 
628 155 4 5 0.024691511 
576 166 3 7 0.024608308 
37 111 4 5 0.024525484 
459 431 13 21 0.024419095 
627 128 4 7 0.024395945 
638 312 11 21 0.024376757 
807 169 3 3 0.024336286 
872 137 4 5 0.024262987 
50 135 6 7 0.02424565 
490 154 3 6 0.024181198 
241 424 12 22 0.0241609 
493 147 3 5 0.024110425 
686 138 4 8 0.024093496 
820 174 4 4 0.02409284 
175 135 3 4 0.023985967 
20 122 4 5 0.023973905 
612 403 17 25 0.023942765 
193 149 3 4 0.02394252 
236 102 3 5 0.023913458 
259 129 3 4 0.023911634 
527 103 3 5 0.023830066 
149 124 5 5 0.023829907 
423 146 4 7 0.023820633 
814 149 3 4 0.023818636 
56 132 6 8 0.023809258 
832 161 3 4 0.023782318 
226 136 3 4 0.023741314 
245 124 3 4 0.023728808 
605 161 6 7 0.023714768 
198 119 3 3 0.023661807 
481 129 3 4 0.023640689 
686 121 4 5 0.02362182 
628 111 3 5 0.023609558 
187 154 3 5 0.023597661 
537 166 6 9 0.023594653 
640 129 4 6 0.023564223 
316 147 3 6 0.023502601 
525 149 4 5 0.023486903 
313 154 4 5 0.023468759 
223 156 3 4 0.023431329 
187 143 3 3 0.023407532 
233 155 2 4 0.023367735 
180 134 4 4 0.02335571 
207 123 3 4 0.02330444 
500 148 3 5 0.023265451 
206 143 3 4 0.023236899 
346 161 5 6 0.023230812 
5 128 4 6 0.023230383 
885 147 4 5 0.023194795 
445 169 9 10 0.023166101 
760 421 8 12 0.023122322 
533 120 5 7 0.023094436 
244 314 19 29 0.023072662 
556 148 4 5 0.0230696 
795 155 3 4 0.023028564 
275 141 4 5 0.022987444 
232 162 3 4 0.022940675 
749 442 7 15 0.022924457 
582 147 4 6 0.022903057 
429 125 3 4 0.022878291 
360 112 3 4 0.022866955 
935 566 30 28 0.022853896 
556 140 4 6 0.022826577 
815 174 3 4 0.022826565 
840 160 4 5 0.022794211 
209 300 16 28 0.02273219 
232 103 3 5 0.02272265 
294 136 5 6 0.022719935 
910 141 3 5 0.022701927 
501 134 4 6 0.022695092 
232 143 2 4 0.022683205 
356 153 6 7 0.022645228 
814 154 4 4 0.022623515 
478 309 10 18 0.022613008 
526 114 4 6 0.022598498 
340 160 6 6 0.022591675 
356 160 6 8 0.022577623 
801 174 4 5 0.022530435 
876 137 4 4 0.022528298 
551 136 4 6 0.022507928 
628 141 4 5 0.022499844 
855 319 18 30 0.022485191 
436 130 3 4 0.022443695 
817 307 16 31 0.022442084 
837 570 29 21 0.02243085 
507 120 5 7 0.02241078 
149 127 6 6 0.022370765 
173 156 2 4 0.022367846 
711 127 5 6 0.022362659 
1001 567 15 10 0.022353046 
526 154 4 6 0.022267824 
815 168 3 4 0.022239933 
883 165 5 6 0.022228703 
654 148 3 6 0.022208115 
520 148 3 5 0.022206658 
572 166 4 6 0.02220561 
992 122 8 9 0.02218641 
920 141 5 6 0.022181993 
589 147 4 6 0.02214485 
920 161 5 5 0.022111176 
673 139 4 7 0.022047326 
931 122 4 6 0.022019034 
193 143 3 4 0.022004636 
218 149 3 4 0.021973187 
500 97 4 5 0.021962795 
595 135 4 6 0.021962093 
345 147 5 6 0.021960594 
214 149 2 4 0.021869328 
167 124 4 4 0.021853091 
711 148 4 6 0.021832332 
704 159 5 6 0.021812884 
537 154 4 6 0.021789894 
489 148 3 5 0.021775639 
565 135 5 6 0.021751726 
276 162 3 5 0.021737652 
213 137 3 4 0.021734718 
303 146 3 6 0.021656625 
238 162 3 4 0.021641152 
765 283 30 47 0.02158365 
661 116 4 6 0.021566117 
401 159 6 9 0.021552548 
828 155 3 5 0.021538213 
154 250 10 14 0.02153303 
609 123 3 5 0.021526488 
1006 511 24 22 0.021520076 
852 161 3 4 0.021501783 
705 127 4 6 0.021431515 
219 118 3 4 0.021416055 
251 165 5 6 0.021406993 
788 168 4 4 0.02140077 
353 148 5 5 0.021364437 
475 129 3 6 0.021362776 
686 118 3 5 0.021350637 
231 108 4 6 0.021347504 
859 138 3 4 0.021288987 
653 118 3 5 0.02127783 
28 116 3 5 0.021233508 
281 134 4 6 0.021172555 
211 123 3 4 0.021156374 
189 325 17 25 0.02114338 
13 127 4 6 0.021134837 
244 166 4 5 0.021129984 
672 550 26 31 0.02112034 
312 525 12 18 0.021108888 
14 116 3 5 0.021099174 
32 158 7 9 0.021072786 
499 119 4 7 0.021035567 
461 259 16 28 0.021021321 
404 165 6 9 0.021008722 
641 133 3 6 0.021003501 
226 118 2 3 0.020985901 
276 153 4 5 0.020984646 
548 98 4 5 0.02098133 
390 151 31 39 0.020978147 
846 175 3 5 0.020976761 
263 135 4 4 0.02097429 
309 120 4 6 0.020963516 
416 169 5 8 0.020949986 
64 147 4 6 0.02091712 
833 148 3 4 0.020897431 
271 162 3 5 0.020887546 
757 294 16 36 0.020826021 
79 504 28 24 0.020818045 
24 140 5 7 0.020799674 
998 126 9 9 0.020782076 
205 149 2 4 0.020772284 
913 477 9 12 0.020759784 
749 260 17 32 0.020712085 
290 141 4 5 0.020711837 
587 160 4 6 0.02068116 
210 381 17 33 0.02066846 
957 250 3 7 0.02066324 
765 421 11 14 0.020643106 
500 102 3 7 0.020628428 
783 141 4 6 0.02059536 
99 435 11 19 0.020595241 
871 166 5 6 0.020586401 
1 124 3 5 0.02057212 
857 168 4 5 0.020569142 
821 168 3 4 0.020555856 
557 136 4 7 0.020549482 
801 162 3 4 0.0205051 
627 134 3 6 0.02048168 
334 166 6 6 0.020479819 
852 137 4 4 0.020478252 
327 146 5 5 0.020472683 
915 146 5 6 0.02044956 
475 141 3 5 0.020444456 
256 167 4 5 0.020412907 
562 167 5 6 0.020393433 
244 156 3 4 0.020391434 
574 309 12 21 0.020383878 
633 161 6 7 0.020346824 
221 318 14 27 0.020340836 
8 116 4 5 0.020332081 
334 141 5 6 0.020310888 
841 174 4 5 0.020293945 
199 122 3 3 0.020293271 
8 123 4 5 0.02025506 
609 147 5 7 0.020253582 
604 286 11 14 0.02023572 
369 164 7 8 0.020230187 
455 128 4 6 0.020219643 
282 104 3 5 0.020196667 
314 141 4 6 0.020151928 
667 145 4 8 0.02012473 
869 247 6 10 0.020118497 
325 140 6 7 0.020076469 
731 166 6 8 0.020071177 
198 428 19 29 0.020068027 
776 566 24 24 0.020026293 
499 154 4 6 0.020014515 
175 130 4 5 0.020009227 
928 436 4 4 0.020001747 
