38_Tennis_Tennis_38_683
75
795 146 59 78 0.9990927 
468 219 58 73 0.99889636 
429 148 53 70 0.9988931 
590 154 55 77 0.99855477 
336 147 61 81 0.9984261 
178 145 61 79 0.99839514 
644 174 65 77 0.9961054 
327 178 7 13 0.07712265 
784 607 72 191 0.075858146 
603 6 4 5 0.06810585 
732 11 10 10 0.06030802 
667 3 5 5 0.051972106 
634 8 4 4 0.044640914 
629 7 3 5 0.04403639 
583 7 4 5 0.04382315 
609 7 3 4 0.043571316 
741 9 12 11 0.042307295 
639 7 4 5 0.041541014 
635 13 3 5 0.03842525 
615 7 4 5 0.037324633 
672 3 4 5 0.034762442 
302 7 4 6 0.034515068 
608 21 4 4 0.033008933 
608 26 4 5 0.031819418 
576 7 3 5 0.031666223 
211 6 4 6 0.031438388 
609 3 3 4 0.030659925 
604 4 2 3 0.030479886 
603 26 4 4 0.030380134 
696 10 8 9 0.030290479 
621 7 4 5 0.029599877 
615 13 4 5 0.029468387 
609 14 4 5 0.029305365 
236 7 4 5 0.028853811 
604 21 3 4 0.028520215 
97 2 3 5 0.028151462 
14 15 4 5 0.027513972 
641 3 4 4 0.026855443 
584 3 3 4 0.026838116 
672 5 5 6 0.026678251 
648 8 4 5 0.026477473 
1 32 4 7 0.026082389 
622 3 3 4 0.025662692 
615 2 3 4 0.025629347 
620 27 4 4 0.02561644 
621 22 3 4 0.02558912 
628 3 3 4 0.02512863 
598 7 3 4 0.024822364 
571 7 4 5 0.024652189 
261 63 6 10 0.02429371 
7 13 3 6 0.024241762 
577 3 2 3 0.024173899 
399 461 10 13 0.024033433 
243 39 5 6 0.023974698 
779 606 11 17 0.023952603 
629 21 3 4 0.023733655 
661 3 4 5 0.023269923 
92 7 4 5 0.023058636 
639 14 4 5 0.02277052 
1 13 4 6 0.022664884 
84 2 4 4 0.022054771 
688 630 89 171 0.021986 
114 539 19 39 0.021977313 
617 26 3 5 0.021923827 
232 2 3 4 0.02174879 
604 14 3 5 0.021326888 
616 22 3 4 0.021106603 
6 32 3 6 0.020817004 
628 33 4 5 0.020721171 
15 2 3 4 0.020576037 
212 2 3 5 0.020501649 
690 13 6 7 0.020492092 
8 19 3 5 0.020311186 
301 11 5 7 0.02011553 
658 758 6 12 0.02006124 
