38_Tennis_Tennis_38_371
61
785 197 27 35 0.9999075 
129 202 24 29 0.9998988 
730 188 23 28 0.9998908 
444 216 24 31 0.9998902 
173 190 26 34 0.9998758 
277 202 25 31 0.99986506 
567 197 23 27 0.999861 
324 206 21 29 0.9998454 
611 221 25 27 0.9998198 
491 203 24 28 0.99980015 
412 206 23 28 0.9997979 
233 200 23 30 0.99976224 
379 212 26 32 0.999694 
654 199 22 27 0.99962866 
568 288 29 36 0.99961996 
815 192 23 26 0.9995521 
696 193 27 29 0.99944824 
440 303 27 33 0.99944156 
344 297 28 34 0.9994271 
665 278 29 35 0.9990087 
879 189 24 30 0.9987331 
528 214 22 28 0.9985996 
764 283 31 40 0.9973144 
550 373 31 42 0.99452823 
477 368 30 40 0.99240583 
609 313 28 23 0.33806026 
668 470 20 25 0.33145723 
372 449 25 32 0.30232093 
796 295 21 26 0.13912061 
900 246 27 30 0.12015288 
414 299 13 19 0.1127464 
719 306 24 29 0.09679335 
612 372 21 31 0.08915773 
401 311 16 26 0.086640894 
410 306 18 29 0.06331669 
394 432 40 45 0.05844677 
560 198 14 21 0.045192868 
443 375 10 15 0.038489018 
409 284 19 28 0.036811236 
459 308 20 30 0.035738397 
510 309 29 42 0.034118827 
888 248 18 12 0.03376565 
901 133 148 233 0.03302241 
871 463 8 10 0.030755032 
878 241 33 25 0.030226683 
693 261 34 36 0.03003398 
491 314 26 38 0.029067378 
797 434 42 68 0.026317716 
475 317 28 38 0.026217863 
425 366 28 44 0.025847835 
426 205 27 35 0.025549227 
729 291 19 28 0.023262842 
578 362 20 33 0.023130497 
469 315 19 28 0.023013335 
295 488 8 7 0.022450784 
899 468 6 7 0.021793423 
682 450 12 16 0.021752162 
405 397 34 53 0.021430898 
356 414 11 20 0.021384643 
784 251 36 35 0.020426942 
101 259 10 14 0.020257415 
