38_Tennis_Tennis_38_232
390
733 251 9 14 0.9896589 
806 331 14 20 0.94210863 
1015 256 10 15 0.92936105 
869 35 9 13 0.9086493 
165 222 8 14 0.88218063 
612 63 7 11 0.74045783 
900 37 7 12 0.70693 
633 37 8 11 0.60798293 
637 17 7 12 0.5944382 
1007 6 9 16 0.5007758 
984 10 8 12 0.48109472 
684 63 8 11 0.42933914 
911 21 9 19 0.39275146 
874 10 7 11 0.3804504 
724 66 8 12 0.3607056 
27 265 11 15 0.3436734 
947 13 9 13 0.34204668 
965 32 11 18 0.31368873 
893 62 7 12 0.29818073 
944 41 8 15 0.28924152 
978 10 9 12 0.2859745 
736 92 10 18 0.27836522 
674 18 7 12 0.2781955 
959 5 8 14 0.261863 
888 39 5 9 0.2529947 
993 59 8 14 0.25252402 
722 0 7 8 0.24254905 
709 25 7 11 0.23368633 
747 12 9 11 0.23057655 
650 73 7 12 0.22413856 
734 38 8 10 0.22293173 
749 0 7 8 0.21765468 
730 38 7 10 0.20752306 
981 37 8 13 0.20650761 
1009 61 7 11 0.1967428 
943 46 12 24 0.18096006 
749 4 7 10 0.1808146 
708 84 9 14 0.17848027 
855 65 8 13 0.17726967 
768 40 8 12 0.17576383 
718 0 7 7 0.17259938 
663 43 6 9 0.16737016 
648 70 6 9 0.15832348 
761 0 6 6 0.15795405 
680 35 7 12 0.15361239 
966 23 9 15 0.14811006 
699 17 6 11 0.14625365 
16 266 8 12 0.14376938 
46 414 6 12 0.13797243 
692 43 7 10 0.1366048 
1002 34 7 13 0.12621589 
899 20 8 13 0.121789396 
39 269 9 15 0.11960187 
937 21 9 13 0.11820694 
749 58 9 13 0.118165955 
938 12 10 15 0.11799408 
678 30 7 10 0.11736821 
991 0 10 12 0.11523868 
706 39 6 8 0.11284743 
654 4 16 25 0.11140093 
754 -1 7 8 0.10470165 
399 271 3 4 0.10403007 
909 11 7 12 0.10059815 
780 18 7 10 0.10020398 
385 270 4 5 0.09985807 
710 18 6 10 0.097829774 
672 26 8 14 0.096561305 
695 43 8 11 0.09310661 
1017 37 8 14 0.09133794 
403 270 3 6 0.09118591 
739 10 10 13 0.090798415 
1001 40 9 16 0.08950536 
972 4 9 13 0.08637889 
719 57 6 10 0.084981464 
42 274 10 15 0.08446388 
693 37 7 9 0.08443973 
676 69 7 9 0.084271416 
953 96 7 15 0.08400248 
923 27 10 18 0.07784221 
1008 17 8 15 0.07685251 
947 0 7 10 0.07616473 
952 0 8 10 0.0760191 
740 5 8 10 0.07596368 
710 43 6 9 0.075487696 
853 62 7 12 0.074533604 
366 275 4 7 0.07374162 
367 270 3 5 0.072524145 
741 30 8 12 0.07224647 
969 75 9 13 0.071479045 
371 275 3 6 0.071301505 
385 283 4 6 0.069504045 
684 43 6 8 0.0692959 
721 309 8 14 0.068871886 
663 15 8 14 0.068847395 
779 0 8 9 0.06826298 
698 22 5 10 0.06780209 
950 641 18 21 0.06669659 
391 272 2 4 0.0662944 
775 0 7 8 0.06496297 
855 71 9 16 0.064864315 
380 272 3 4 0.063619204 
885 41 7 10 0.06343799 
823 460 10 24 0.06293261 
742 274 9 19 0.06274584 
379 284 3 5 0.061219063 
0 304 4 12 0.060297277 
0 274 6 12 0.059333928 
629 44 5 9 0.059097223 
1003 19 8 15 0.058657784 
1018 0 6 10 0.057029888 
775 4 7 10 0.05570837 
667 87 6 11 0.055583484 
979 46 8 14 0.0551617 
881 67 6 11 0.054193366 
385 276 4 5 0.054058377 
660 50 5 7 0.053583827 
389 284 4 5 0.053270306 
379 275 3 5 0.05262582 
404 275 4 5 0.05252116 
696 32 5 8 0.051262308 
712 49 7 9 0.0511077 
724 4 6 8 0.050938778 
728 17 7 9 0.05075433 
747 297 8 16 0.050624426 
1 441 3 7 0.050273277 
701 12 8 12 0.04944761 
672 98 9 12 0.04911571 
711 0 5 6 0.048833787 
646 78 7 11 0.048677303 
773 12 6 10 0.04862216 
941 6 7 12 0.047917504 
5 280 6 11 0.047753163 
657 76 5 9 0.04708234 
2 329 6 11 0.047061227 
1018 16 6 12 0.04611503 
673 52 6 8 0.04608173 
672 56 6 8 0.04597198 
705 23 7 11 0.04595987 
921 5 5 9 0.044757176 
1014 6 12 23 0.04445895 
371 271 3 4 0.04427556 
826 434 26 34 0.04409811 
134 6 7 11 0.04387265 
416 285 6 7 0.04381316 
398 275 4 5 0.04362375 
728 0 6 8 0.043471683 
780 55 9 15 0.043337904 
692 0 4 6 0.043129023 
670 33 9 13 0.042829357 
864 32 5 8 0.0424497 
367 282 3 5 0.042355448 
686 50 5 7 0.042184252 
768 0 5 6 0.04216265 
390 275 3 5 0.04194296 
373 283 2 4 0.04188392 
9 4 5 10 0.04183197 
988 7 9 14 0.041304283 
965 42 10 15 0.041193362 
1018 268 8 15 0.04077571 
641 88 5 10 0.040429156 
664 92 7 13 0.040306535 
773 80 8 15 0.039931476 
1 357 6 13 0.039496645 
889 33 4 7 0.039327763 
776 24 5 9 0.038954463 
978 -1 9 9 0.03874339 
752 310 9 19 0.03866483 
915 4 7 11 0.038631767 
653 63 6 9 0.03854285 
921 10 7 10 0.038505595 
866 36 7 11 0.03850251 
742 0 7 9 0.038460124 
1005 1 8 12 0.038266756 
726 73 8 13 0.038243473 
771 17 5 10 0.03812885 
917 0 5 6 0.03779653 
933 53 8 14 0.03771944 
851 333 6 8 0.036830686 
676 51 6 8 0.03679653 
785 0 9 9 0.03674659 
951 1 13 21 0.036641665 
404 282 4 7 0.03647774 
657 21 9 13 0.036474857 
666 84 6 8 0.03612462 
972 86 10 16 0.03590703 
398 283 4 6 0.035444334 
920 0 6 6 0.035261914 
729 4 6 8 0.034910336 
673 7 4 6 0.03487007 
798 6 10 13 0.034720954 
642 83 4 8 0.034630887 
672 72 7 10 0.034480263 
870 95 8 14 0.03447934 
113 439 10 17 0.034360982 
750 71 7 14 0.034326524 
704 6 6 8 0.033980984 
896 32 8 12 0.03397169 
660 94 7 12 0.03396804 
58 3 7 13 0.033904243 
725 37 6 8 0.033811394 
1 437 3 7 0.033768333 
673 14 6 10 0.033629235 
204 275 5 9 0.03361346 
704 0 6 6 0.0334112 
898 15 14 24 0.033366196 
791 2 20 25 0.033358302 
654 57 5 9 0.033258975 
664 6 6 9 0.03284446 
1017 62 7 10 0.03277584 
938 28 8 11 0.0327467 
766 46 9 15 0.032721967 
1009 302 10 15 0.032595277 
665 22 6 12 0.032584585 
697 0 5 6 0.032392632 
760 72 9 17 0.0322179 
883 19 5 7 0.03219641 
631 39 5 8 0.032054707 
629 98 7 12 0.03192796 
1019 22 8 14 0.031920146 
658 56 6 9 0.031899944 
830 368 9 14 0.031837847 
1000 18 7 12 0.031827748 
16 263 16 24 0.03177391 
709 6 6 7 0.03175841 
17 317 7 12 0.03151208 
664 50 6 8 0.031453166 
730 12 6 9 0.031203454 
673 44 5 7 0.03101533 
741 25 7 9 0.03089178 
6 442 3 6 0.030576738 
1002 302 18 28 0.030526085 
727 31 7 11 0.03050505 
385 286 5 6 0.030488998 
93 377 454 266 0.030476984 
936 10 7 13 0.030475935 
686 0 6 7 0.030433504 
0 10 4 12 0.030372115 
682 32 5 8 0.030281264 
982 92 11 15 0.030124161 
724 31 6 9 0.030039517 
390 286 4 6 0.02988645 
715 74 7 10 0.029871855 
1002 310 9 17 0.02986085 
755 31 6 10 0.02982644 
795 364 29 47 0.029685676 
913 28 10 18 0.029596591 
777 -4 17 19 0.02950398 
647 65 6 10 0.029194864 
645 24 6 10 0.02852743 
658 0 8 10 0.028381007 
1019 267 15 27 0.028237363 
676 56 7 8 0.028220803 
839 38 4 6 0.028219081 
732 269 15 28 0.02797845 
685 5 6 8 0.027605334 
97 484 358 402 0.027384182 
873 7 5 8 0.02717384 
410 283 4 6 0.027137047 
932 1 17 25 0.027125478 
942 0 5 8 0.027039066 
665 0 5 7 0.027008712 
836 368 10 14 0.026892044 
847 341 10 14 0.026801033 
661 41 6 8 0.026778929 
697 305 5 8 0.026678417 
977 81 9 12 0.026675833 
922 16 7 12 0.026612494 
655 45 4 7 0.026470566 
884 25 4 7 0.026312377 
942 2 15 23 0.026296385 
754 36 7 11 0.026239164 
984 49 14 21 0.026228677 
990 35 7 13 0.026164059 
877 63 7 13 0.026153602 
1019 25 14 22 0.026087955 
48 435 4 7 0.02607644 
886 32 4 7 0.02605074 
646 0 6 7 0.025904663 
871 15 6 10 0.025752878 
705 30 6 8 0.02564895 
702 97 10 13 0.02548623 
897 6 4 8 0.025469497 
730 297 8 14 0.025380444 
645 16 6 11 0.02530927 
84 424 15 27 0.025278047 
651 0 8 9 0.02527454 
715 57 14 20 0.025188481 
791 36 7 10 0.025084684 
845 2 4 5 0.025059847 
664 64 7 8 0.025056997 
984 0 9 11 0.02496327 
398 286 5 6 0.024859257 
841 366 11 15 0.024813337 
882 12 4 8 0.024795705 
835 23 63 84 0.024691556 
837 500 20 31 0.024627568 
707 61 8 11 0.024610933 
697 62 6 10 0.024512198 
691 49 6 8 0.024504904 
798 0 8 9 0.024404861 
642 76 5 9 0.02438346 
15 448 5 7 0.02427465 
659 62 6 9 0.023989351 
853 79 7 12 0.023801124 
698 5 6 9 0.02366877 
1018 75 7 12 0.023653142 
18 396 5 7 0.02357527 
654 50 5 8 0.02356553 
229 0 6 6 0.02355341 
1009 1 7 10 0.023419842 
728 24 7 10 0.023374418 
617 61 8 11 0.023366036 
658 82 6 8 0.02329098 
679 64 7 9 0.023284711 
646 -4 20 24 0.023284005 
1013 299 17 27 0.02326365 
897 12 4 9 0.023113944 
690 37 15 21 0.023102907 
370 797 8 11 0.023056272 
1 447 4 8 0.023032049 
803 11 6 9 0.022854965 
632 47 7 10 0.022766303 
594 0 9 9 0.022728186 
793 5 9 11 0.022717198 
25 293 31 42 0.02259328 
10 0 8 10 0.022522623 
906 7 14 24 0.022467572 
964 68 10 13 0.022411343 
818 454 10 20 0.022402996 
18 256 29 38 0.02235406 
1031 266 14 26 0.022317322 
702 49 7 9 0.022309022 
452 598 402 303 0.022265866 
791 0 9 9 0.022212049 
0 1 3 7 0.022154953 
786 26 6 7 0.02214511 
646 69 14 21 0.022106813 
672 63 6 7 0.022075396 
95 6 6 10 0.022023996 
691 4 5 8 0.021979116 
0 269 4 12 0.021971788 
379 287 4 5 0.021971513 
715 45 5 7 0.021872133 
0 287 5 11 0.02185536 
660 89 6 10 0.021738987 
353 -1 6 5 0.02168867 
865 14 4 7 0.021584693 
722 51 5 7 0.021484429 
857 1 4 6 0.021451635 
665 57 6 9 0.02145159 
958 0 7 12 0.021421023 
50 440 5 8 0.021352915 
16 339 11 15 0.021348583 
882 88 7 12 0.021241438 
926 5 6 10 0.021206971 
361 270 3 5 0.021177292 
920 37 10 18 0.021136088 
121 806 10 11 0.021122184 
717 37 5 8 0.02109052 
39 295 5 7 0.02107753 
658 28 7 9 0.021035342 
774 54 8 14 0.021006217 
889 48 6 10 0.020966833 
135 309 3 5 0.020940399 
646 30 5 9 0.020891476 
646 87 7 11 0.020874023 
135 314 3 5 0.020823324 
779 13 7 9 0.02078295 
648 56 5 9 0.020666473 
909 0 5 6 0.020560334 
-17 610 83 108 0.020549731 
895 27 13 24 0.020510035 
859 13 4 7 0.02050164 
693 26 6 7 0.020447606 
698 7 15 23 0.020421103 
1017 58 14 20 0.02036852 
709 13 6 9 0.020307284 
843 349 10 13 0.020295087 
1010 66 7 11 0.020256082 
853 59 5 8 0.020220757 
763 53 7 13 0.020203497 
867 43 12 16 0.020145837 
0 262 3 10 0.020140244 
653 38 5 7 0.020123221 
950 52 9 16 0.020114979 
155 223 5 10 0.020096144 
916 15 16 26 0.020053765 
411 285 5 7 0.02004648 
654 44 18 25 0.020034513 
1034 25 12 22 0.020026034 
