38_Tennis_Tennis_38_501
30
572 90 105 143 0.9997483 
896 457 66 108 0.99818903 
156 582 72 96 0.99000716 
217 417 63 64 0.96179074 
59 8 371 459 0.94079405 
519 768 34 42 0.119457155 
31 535 26 35 0.07470298 
136 323 12 19 0.0616261 
958 711 17 23 0.06075617 
202 327 17 21 0.057244282 
26 585 28 40 0.035508495 
410 655 74 119 0.031893376 
262 648 121 217 0.03170437 
280 12 248 362 0.029036215 
83 342 18 31 0.027764423 
162 502 133 174 0.026431875 
22 11 10 16 0.025859892 
146 455 24 41 0.025277115 
99 278 10 17 0.024427818 
184 515 31 32 0.023838174 
0 598 6 24 0.023512429 
83 410 67 124 0.023238461 
106 482 109 198 0.022820875 
147 376 126 165 0.022657333 
295 793 24 35 0.022527317 
938 710 13 19 0.021861717 
127 284 9 16 0.021409407 
336 413 23 40 0.021271853 
616 -59 370 495 0.020893922 
548 162 13 19 0.020321777 
