38_Tennis_Tennis_38_531
23
733 474 63 77 0.99780005 
703 405 20 22 0.0981828 
50 430 19 23 0.035086926 
897 595 24 21 0.035071783 
48 185 21 21 0.030320998 
1011 493 23 41 0.030003877 
747 567 160 227 0.029642126 
618 462 11 18 0.0278852 
838 456 20 27 0.02671511 
727 490 6 13 0.026564954 
0 275 13 28 0.02651106 
22 346 15 17 0.02554054 
644 434 13 17 0.0254765 
1025 509 34 55 0.0253369 
730 185 21 21 0.02393751 
995 499 26 35 0.023803584 
553 404 39 55 0.023743462 
757 185 20 23 0.02367671 
732 243 12 17 0.023432849 
846 635 84 180 0.022256028 
21 156 21 21 0.021736633 
1010 602 46 96 0.020534836 
670 330 20 27 0.020376699 
