0_Parade_marchingband_1_439
882
136 566 38 57 0.927985 
419 479 17 23 0.7256024 
343 431 9 13 0.7235072 
131 455 16 24 0.7209235 
946 407 11 14 0.7007603 
542 539 39 98 0.5562256 
518 414 7 9 0.51797646 
3 463 15 26 0.4999943 
93 431 10 10 0.49271986 
267 432 12 12 0.48239666 
508 418 7 11 0.475647 
474 420 8 10 0.46774232 
916 487 28 47 0.43711463 
11 437 11 15 0.41051558 
142 429 12 11 0.40282857 
278 415 6 8 0.37549922 
27 431 6 9 0.3734028 
415 401 6 11 0.36170205 
436 421 6 10 0.3559378 
367 268 8 16 0.3488634 
393 423 9 12 0.3408776 
279 420 8 9 0.3395362 
449 418 6 9 0.3390162 
969 455 16 15 0.33113593 
243 428 10 14 0.3293723 
1 428 10 13 0.32058465 
483 444 14 25 0.3182522 
350 414 7 10 0.31243244 
529 420 8 10 0.29877067 
596 422 8 14 0.28853536 
409 421 5 9 0.2853412 
423 522 17 28 0.2797567 
103 421 8 8 0.27304384 
551 407 6 8 0.27275494 
70 426 8 9 0.27185687 
12 430 9 12 0.26319993 
790 401 4 7 0.25773054 
281 424 8 9 0.2539309 
377 264 15 26 0.25389317 
170 445 10 17 0.24554735 
776 395 6 9 0.24467307 
403 420 7 10 0.24036784 
306 418 9 10 0.23657793 
881 405 14 13 0.23538575 
591 459 10 17 0.23418897 
556 412 6 11 0.23280622 
145 440 13 18 0.23011082 
681 400 8 11 0.22846317 
881 420 12 13 0.22730859 
437 414 5 8 0.22458558 
729 402 5 7 0.22407869 
392 440 12 14 0.2208833 
311 469 17 31 0.2142856 
461 415 6 9 0.20940687 
933 406 10 10 0.209276 
292 426 10 10 0.20627859 
454 443 9 17 0.20606802 
612 430 9 13 0.20432466 
86 426 10 10 0.19897564 
305 424 11 13 0.19754863 
50 443 8 13 0.19665423 
484 420 6 10 0.19346768 
789 397 4 6 0.18620573 
111 439 11 13 0.18578658 
545 418 6 9 0.18497284 
378 416 9 13 0.1786566 
654 402 5 7 0.177217 
963 419 11 15 0.17654668 
329 431 9 12 0.17463574 
467 414 5 9 0.17410627 
341 503 18 21 0.17112592 
725 401 6 8 0.16639689 
869 403 17 14 0.16605194 
358 431 7 9 0.16340283 
183 542 19 29 0.15952334 
478 419 7 11 0.156228 
247 426 10 11 0.1559925 
441 415 5 8 0.15516256 
84 421 7 8 0.15461269 
496 411 8 10 0.15417217 
70 421 6 8 0.15285648 
482 412 5 9 0.15228322 
220 423 10 11 0.14457399 
132 433 10 11 0.1434086 
154 528 24 29 0.14300519 
981 434 12 14 0.14098293 
203 425 9 11 0.13985439 
807 400 5 6 0.13888723 
249 440 9 15 0.13527042 
176 449 8 12 0.13468009 
61 444 11 13 0.13179862 
389 407 6 9 0.13131984 
122 503 20 32 0.12994914 
280 437 10 13 0.12849623 
319 414 6 8 0.12778944 
370 367 8 11 0.1271378 
268 450 11 12 0.12681137 
185 424 7 10 0.1264344 
780 395 5 8 0.1255929 
801 398 4 5 0.12521459 
537 409 6 7 0.12415059 
455 414 6 10 0.123022355 
620 418 5 8 0.120759144 
27 438 7 10 0.11903071 
794 402 4 6 0.11820948 
207 420 6 9 0.11781245 
526 424 7 11 0.117228135 
298 426 9 11 0.11556994 
411 431 10 15 0.11518337 
30 445 7 9 0.11334753 
294 431 10 10 0.112113506 
287 425 10 10 0.10802898 
287 389 5 8 0.107265115 
706 370 11 14 0.10674023 
375 431 9 13 0.105490215 
444 438 9 14 0.105183646 
888 514 12 20 0.10377876 
887 377 9 14 0.103284605 
440 419 5 9 0.10306929 
635 413 5 8 0.101439096 
617 401 6 9 0.100718014 
231 420 6 8 0.10031122 
537 414 7 8 0.09955853 
375 392 9 11 0.099386394 
127 432 9 12 0.09876176 
127 421 7 7 0.0987192 
556 408 6 9 0.0981179 
736 401 6 7 0.09792841 
552 412 6 10 0.09789536 
633 407 5 9 0.09705604 
550 426 6 10 0.09701673 
398 532 19 24 0.096595734 
124 421 6 7 0.0963906 
326 388 5 8 0.09492711 
982 463 12 17 0.0947512 
906 434 13 14 0.09434933 
551 404 5 6 0.09417796 
252 424 10 10 0.09405864 
797 412 8 12 0.09395705 
301 418 8 9 0.09294333 
469 408 5 8 0.09280961 
744 399 6 9 0.090993375 
112 432 9 10 0.090690255 
50 425 8 10 0.089917675 
168 530 22 25 0.08816066 
610 448 14 19 0.08799664 
796 398 4 5 0.08718766 
945 610 67 122 0.086614594 
348 407 6 8 0.08643362 
212 340 5 9 0.08583948 
659 402 5 7 0.083628304 
111 586 41 56 0.08359694 
519 439 7 12 0.0835417 
654 396 4 6 0.0825206 
519 432 6 10 0.08137202 
251 403 4 6 0.08130626 
635 402 4 9 0.081218325 
218 422 8 8 0.080783874 
348 394 5 8 0.08060915 
965 368 7 13 0.08011958 
323 389 4 8 0.07991256 
908 401 8 10 0.07988797 
484 409 6 8 0.079130076 
155 442 17 23 0.078070074 
718 338 6 7 0.07729176 
80 460 23 25 0.07723409 
947 414 13 17 0.07723081 
176 344 4 8 0.07688193 
779 399 6 10 0.076456286 
989 438 11 12 0.07633952 
210 468 19 23 0.0762063 
730 406 6 8 0.07619404 
423 430 8 13 0.07557691 
409 361 6 11 0.073970795 
319 431 7 10 0.07392318 
519 427 6 9 0.07367797 
370 423 8 12 0.07350783 
1057 455 9 15 0.07340929 
663 436 16 28 0.0721963 
232 416 5 7 0.07159281 
510 415 8 10 0.07140352 
17 441 7 12 0.07132878 
549 419 6 10 0.07128352 
537 428 7 9 0.07112856 
169 419 6 9 0.07063363 
122 425 8 8 0.07054518 
831 429 10 15 0.07049758 
977 424 11 13 0.07038326 
416 414 6 9 0.069869086 
244 416 4 6 0.06911713 
300 407 6 7 0.06903119 
413 405 5 9 0.068850234 
1011 417 8 13 0.06852327 
262 422 7 8 0.06782601 
339 395 5 8 0.06769059 
233 344 5 7 0.06750356 
1007 447 11 19 0.06726257 
794 408 6 7 0.067116186 
982 424 12 12 0.0670025 
410 444 8 13 0.06698792 
801 401 5 6 0.066909574 
346 402 6 8 0.06666781 
344 456 11 14 0.066651724 
535 418 8 10 0.066570535 
341 352 6 8 0.06643273 
560 395 4 7 0.065814056 
126 425 9 10 0.06559484 
30 428 6 8 0.065301396 
133 427 8 9 0.06529992 
263 393 5 8 0.06528317 
1059 444 8 14 0.06524476 
581 396 5 8 0.065000616 
556 470 16 25 0.064754546 
207 423 9 12 0.06463991 
235 431 9 12 0.06461718 
302 395 4 7 0.06430146 
525 429 8 12 0.06367776 
348 390 4 6 0.063625105 
1054 463 11 18 0.063388765 
181 343 5 10 0.06243373 
718 402 6 9 0.061673045 
547 408 5 7 0.061375357 
555 462 10 17 0.060951404 
113 428 8 8 0.060211617 
494 425 7 9 0.060049918 
680 395 5 9 0.059549823 
751 369 6 10 0.05954553 
920 401 10 12 0.0593632 
243 420 6 9 0.05925996 
825 401 5 7 0.059254892 
752 456 6 11 0.05910348 
706 452 7 13 0.059087098 
431 414 5 7 0.058412302 
134 522 31 40 0.05818383 
349 432 7 11 0.057934504 
25 488 10 14 0.056793332 
285 432 11 12 0.05624779 
934 430 15 15 0.056216836 
961 357 5 9 0.055997968 
150 454 12 16 0.05592819 
496 419 8 12 0.05587189 
389 412 7 10 0.055860847 
108 427 8 8 0.055855956 
311 426 8 10 0.055771917 
328 416 6 6 0.05539631 
365 446 6 9 0.055237625 
623 374 6 9 0.054971218 
756 435 7 12 0.05488165 
263 390 4 7 0.05479778 
747 416 8 13 0.05453819 
245 389 4 7 0.053864807 
510 423 7 11 0.053816173 
64 427 6 7 0.05369152 
359 414 5 9 0.053596243 
1010 437 9 15 0.053372268 
403 415 5 8 0.053356044 
460 442 14 24 0.053278744 
725 397 5 7 0.053031314 
144 475 12 15 0.052907474 
93 445 10 10 0.05272406 
236 389 5 8 0.052585427 
321 394 5 7 0.05255989 
559 402 4 6 0.05242132 
473 415 7 10 0.05238882 
815 409 6 6 0.05233706 
649 401 5 7 0.052303877 
970 423 10 13 0.052133713 
926 404 11 12 0.0518885 
1059 431 7 13 0.050512932 
661 396 4 6 0.050240178 
238 408 5 6 0.050194968 
351 437 8 11 0.04992731 
67 420 5 6 0.04948813 
327 393 5 8 0.049308367 
963 441 11 14 0.049219463 
996 425 10 11 0.04916099 
474 448 16 27 0.048776492 
598 426 9 17 0.04876379 
617 416 5 8 0.048677433 
590 424 6 11 0.04865238 
139 432 17 18 0.048514333 
520 388 5 9 0.04847473 
273 382 6 9 0.048215408 
724 454 8 16 0.048207816 
240 358 4 7 0.048009988 
223 331 6 9 0.047886875 
364 457 9 10 0.04762136 
292 436 11 12 0.04755337 
74 443 12 11 0.047462873 
619 404 6 10 0.047197342 
139 462 18 24 0.046755996 
384 443 9 12 0.046690784 
181 363 4 8 0.046634838 
603 382 6 8 0.046243448 
339 389 5 6 0.045952763 
494 448 12 17 0.04591421 
259 363 5 7 0.04580263 
276 388 4 7 0.04566654 
560 389 4 7 0.045451906 
293 422 8 8 0.04538777 
276 409 4 6 0.0451699 
387 273 10 21 0.04501373 
57 427 6 7 0.044590995 
17 480 10 14 0.044393808 
273 425 9 10 0.04435246 
151 480 11 14 0.044331223 
222 429 10 12 0.044238836 
159 499 10 15 0.044138115 
799 409 6 8 0.043902557 
520 410 5 8 0.043397173 
429 439 7 11 0.043179814 
979 397 10 13 0.042948015 
697 357 6 7 0.04287136 
391 568 33 53 0.04278904 
340 427 9 12 0.04260165 
698 335 7 7 0.042482235 
46 445 8 11 0.04233966 
562 407 6 8 0.042141397 
530 429 8 12 0.042073164 
531 415 7 9 0.04188846 
74 426 8 9 0.04177468 
423 420 6 9 0.04169615 
542 425 8 12 0.041675728 
506 410 5 7 0.041541994 
382 422 8 13 0.04153167 
597 415 5 8 0.041491352 
813 412 9 10 0.04148117 
1030 449 14 23 0.04146054 
370 446 8 11 0.041449234 
300 401 6 9 0.041435078 
626 424 9 15 0.0411885 
283 393 5 8 0.041152228 
702 335 9 8 0.041151322 
735 407 6 8 0.04114884 
790 392 3 5 0.041002404 
124 520 22 31 0.040900167 
335 389 4 6 0.04073733 
238 350 4 7 0.04065696 
806 365 8 15 0.04061227 
789 406 5 7 0.040558662 
49 430 9 11 0.040549755 
182 338 5 8 0.040502455 
610 455 19 29 0.040495366 
547 572 22 49 0.040394366 
332 409 6 8 0.040345386 
26 216 70 116 0.04032456 
167 425 7 9 0.0402929 
328 407 5 8 0.040266577 
243 358 4 7 0.040261507 
225 335 5 9 0.040257633 
567 377 3 6 0.04019834 
89 438 10 10 0.040186305 
251 408 4 6 0.040105876 
99 432 9 10 0.04004605 
547 403 4 6 0.04004306 
667 396 4 7 0.03990997 
551 429 7 14 0.03972478 
399 438 8 12 0.039678887 
517 457 7 10 0.039648 
988 465 13 17 0.03963138 
190 426 7 9 0.039501168 
694 357 5 7 0.039464794 
278 395 4 6 0.039371096 
183 342 7 9 0.039368194 
813 383 5 7 0.039318588 
957 406 9 12 0.039305925 
228 424 9 11 0.039283723 
655 405 5 8 0.03917684 
571 424 6 12 0.03907603 
234 390 3 6 0.03897182 
569 430 7 13 0.03896209 
492 433 7 9 0.038904194 
680 405 7 10 0.038889028 
237 393 4 8 0.038859393 
588 429 7 14 0.038662635 
814 403 5 5 0.03864711 
358 419 6 9 0.03861351 
261 435 11 13 0.038598314 
724 404 6 9 0.038492188 
1 423 5 9 0.038491473 
314 415 7 7 0.03844543 
562 402 5 7 0.038405076 
627 370 5 9 0.038360607 
1034 441 11 19 0.038351525 
66 417 5 6 0.03825381 
783 392 3 6 0.03801726 
649 397 5 5 0.037851144 
17 428 7 9 0.037592947 
363 424 8 12 0.03745786 
327 403 5 7 0.03736522 
215 336 6 10 0.0372146 
403 407 6 9 0.037031926 
901 470 25 24 0.03701859 
934 347 7 11 0.036894247 
260 366 6 12 0.036884762 
359 458 8 9 0.03679054 
579 365 4 5 0.036248714 
748 406 7 11 0.036222704 
392 402 5 8 0.035900284 
1048 476 17 28 0.035841357 
1043 455 10 15 0.035811536 
70 417 5 6 0.035771325 
132 422 7 7 0.035755698 
437 540 15 17 0.035694927 
771 387 4 7 0.035599075 
216 444 8 12 0.035575468 
230 432 9 12 0.035565853 
320 409 5 7 0.035540428 
577 369 4 7 0.035431128 
966 406 7 10 0.03542741 
777 405 5 9 0.035403624 
598 397 5 7 0.03535337 
491 439 9 14 0.03532129 
541 431 8 12 0.035310056 
780 414 6 10 0.03528678 
1040 464 12 18 0.035142407 
208 351 4 7 0.035079435 
630 395 4 7 0.034975577 
57 448 9 13 0.034964383 
307 394 5 8 0.034941208 
616 363 5 7 0.03493661 
359 477 7 10 0.0349326 
426 486 18 24 0.0349169 
939 409 10 14 0.03479961 
820 397 5 6 0.034486447 
1057 414 8 16 0.034412757 
159 563 38 51 0.034342103 
574 425 9 13 0.034221962 
571 376 4 7 0.03402363 
665 401 5 7 0.03392249 
737 398 5 6 0.033841718 
303 390 4 7 0.03379709 
313 431 8 9 0.033721358 
233 198 5 7 0.033683393 
691 419 9 14 0.033620365 
987 420 13 13 0.033597447 
173 425 7 9 0.03356973 
179 426 7 9 0.033516046 
1015 436 10 17 0.033408534 
566 382 3 6 0.033389803 
74 431 9 11 0.033145204 
233 348 4 8 0.033090632 
951 402 11 13 0.03303655 
471 419 14 21 0.03297692 
472 408 6 9 0.03291589 
385 251 9 12 0.032913804 
417 426 14 22 0.032884546 
196 503 12 20 0.032857027 
272 377 4 7 0.032778997 
180 349 4 7 0.03266922 
635 419 7 10 0.032524254 
1004 383 7 11 0.03248465 
584 371 4 7 0.03244548 
353 503 11 14 0.032438636 
331 414 6 7 0.032362226 
1045 443 9 14 0.03225916 
236 420 6 8 0.03225451 
609 400 6 8 0.032242533 
327 420 7 7 0.03210518 
516 326 4 6 0.03206579 
80 436 12 11 0.03202179 
913 405 9 10 0.031965468 
533 409 6 6 0.031728145 
580 400 4 8 0.031681325 
77 421 6 6 0.03164747 
389 429 10 14 0.03151107 
376 448 9 12 0.031481523 
379 483 7 10 0.031425007 
908 412 10 12 0.031381607 
813 389 5 7 0.03135874 
259 357 3 5 0.03129133 
704 424 7 11 0.031282697 
793 413 9 16 0.031211542 
23 440 15 21 0.031175947 
609 370 5 7 0.031132936 
266 451 18 22 0.031115923 
9 442 8 13 0.031082574 
200 350 4 7 0.031062227 
363 414 6 9 0.031061543 
986 430 12 14 0.031021249 
411 358 5 10 0.031005008 
432 442 8 13 0.030995555 
121 431 8 11 0.030961247 
339 407 7 9 0.030956673 
397 401 5 9 0.03084454 
710 336 8 7 0.030818533 
692 337 6 7 0.030809546 
429 369 5 7 0.030780215 
781 407 5 7 0.030725606 
244 370 4 7 0.03071424 
1003 355 7 11 0.030683627 
598 401 4 7 0.030650971 
1017 427 16 24 0.030494273 
244 384 3 6 0.03049203 
747 397 6 8 0.030282719 
388 445 11 15 0.030266453 
1 591 44 63 0.03026522 
16 505 22 35 0.03022985 
215 306 7 9 0.030175403 
384 259 9 13 0.030150296 
340 386 5 5 0.030057024 
937 402 9 11 0.030010259 
967 379 6 11 0.029817432 
518 326 4 6 0.029808614 
275 402 5 8 0.029750386 
461 402 5 8 0.029636728 
381 429 9 13 0.029578388 
183 452 7 10 0.029497528 
821 402 5 6 0.029451631 
57 422 6 7 0.029423134 
1085 496 10 16 0.029414784 
1044 397 12 19 0.02923705 
423 414 5 8 0.029228915 
203 468 12 15 0.029168144 
245 394 4 7 0.02909043 
488 433 6 10 0.02906444 
290 427 18 18 0.029064141 
311 420 7 8 0.029006734 
969 426 16 20 0.028999316 
351 426 7 10 0.028997865 
431 409 4 7 0.028996332 
598 408 4 7 0.02890886 
1011 386 8 9 0.028900335 
168 367 5 8 0.028836485 
151 542 35 50 0.028828692 
188 358 4 5 0.028810726 
1091 479 8 12 0.028781043 
176 348 5 8 0.028753718 
340 400 5 8 0.028734192 
62 433 8 8 0.028725963 
264 356 4 6 0.028635316 
938 389 7 9 0.02861887 
182 536 14 19 0.028578663 
119 437 9 11 0.028566564 
548 474 10 17 0.028512288 
752 474 9 17 0.02850488 
247 462 18 25 0.028391853 
483 376 4 7 0.028371353 
6 435 9 15 0.028336 
437 410 4 7 0.028330984 
522 426 14 22 0.028328562 
628 412 6 9 0.028316488 
320 419 6 8 0.028282508 
374 548 12 9 0.028196907 
257 406 5 8 0.028131535 
269 441 16 19 0.028126836 
726 634 37 67 0.028080164 
893 373 8 15 0.02807827 
335 394 5 8 0.028035656 
672 395 5 8 0.028008366 
696 414 7 9 0.027981943 
452 578 17 35 0.027881397 
731 411 7 9 0.027806873 
259 390 4 6 0.027791904 
365 420 7 10 0.027790265 
89 449 11 11 0.027640091 
505 343 6 10 0.027593687 
10 517 31 55 0.0275621 
695 435 9 17 0.02754394 
79 451 11 11 0.027537975 
271 407 6 7 0.027512014 
632 424 9 13 0.027503844 
251 350 5 6 0.027347036 
524 414 6 8 0.027322913 
233 394 4 7 0.027237246 
695 419 8 11 0.027219953 
871 447 15 15 0.027144754 
162 410 4 5 0.027133122 
749 378 7 12 0.027123798 
615 397 5 8 0.027062848 
378 471 7 10 0.027010635 
691 351 6 7 0.026991673 
460 426 7 9 0.026975725 
814 396 5 6 0.026963156 
373 390 6 9 0.026960783 
602 415 5 8 0.026934767 
161 419 6 9 0.026934128 
168 416 5 7 0.026933437 
365 452 7 10 0.02692402 
590 387 4 8 0.02690726 
443 439 15 27 0.026815712 
512 409 5 6 0.026783017 
358 444 8 10 0.02672413 
365 482 9 12 0.026718754 
322 402 4 7 0.026693445 
918 324 6 9 0.026676904 
336 436 19 23 0.026595391 
397 415 7 10 0.02657071 
87 275 8 17 0.026563216 
375 506 131 109 0.026552191 
702 363 7 8 0.026533252 
203 464 8 11 0.026526744 
267 422 8 8 0.026474707 
430 420 6 9 0.026446473 
371 436 8 12 0.026390297 
940 373 7 13 0.026364421 
80 418 19 19 0.02636277 
-2 655 21 70 0.02629826 
573 371 3 6 0.026293471 
376 409 8 9 0.026229102 
614 368 5 9 0.026206398 
856 401 11 10 0.026186513 
61 541 19 31 0.026150579 
327 385 5 6 0.026140787 
296 416 5 6 0.026137844 
525 409 6 7 0.026107065 
690 405 9 11 0.026084438 
1016 417 9 14 0.026065532 
928 405 18 19 0.026062688 
860 404 13 12 0.026052807 
21 408 5 8 0.026015095 
580 425 9 13 0.025995716 
370 380 7 9 0.025943961 
403 401 6 9 0.025896193 
602 409 4 7 0.025807146 
652 425 8 11 0.025789605 
392 543 16 17 0.025767801 
773 367 7 9 0.025749879 
633 396 4 7 0.025628366 
191 421 7 8 0.02554599 
1094 454 9 15 0.025520362 
400 526 12 19 0.02550866 
571 381 4 8 0.025496868 
234 430 17 24 0.025483722 
565 466 11 19 0.025418807 
630 400 4 8 0.025401669 
1016 386 9 12 0.025364202 
602 400 5 7 0.025363658 
836 409 10 14 0.02534461 
94 421 8 7 0.025282865 
428 425 8 11 0.025178256 
337 508 11 12 0.025169088 
113 434 18 20 0.025167748 
609 374 5 8 0.025073418 
249 416 6 6 0.025068443 
181 358 4 7 0.025010418 
422 401 5 9 0.025006792 
423 407 5 8 0.024940347 
384 545 35 49 0.024894835 
238 415 5 7 0.024841899 
299 375 5 9 0.024833608 
443 411 4 6 0.024826879 
207 355 5 8 0.024792632 
39 426 5 8 0.024722673 
504 414 14 20 0.02472058 
124 417 6 7 0.02468124 
672 412 7 9 0.02463816 
502 401 5 7 0.024632704 
800 434 9 13 0.024629487 
60 454 11 16 0.024576325 
1094 393 13 22 0.02456486 
349 400 6 9 0.024561591 
53 487 10 14 0.024554772 
640 402 5 9 0.024540732 
301 381 4 8 0.024532871 
606 381 7 9 0.024530549 
93 455 12 12 0.024493424 
219 415 5 7 0.024480531 
658 429 8 12 0.024473038 
74 462 14 18 0.024461986 
297 396 5 7 0.024403648 
0 462 31 45 0.024400854 
223 436 9 12 0.024396671 
308 390 4 7 0.024384666 
582 408 5 8 0.024365995 
648 421 6 8 0.024310796 
152 479 19 25 0.024285432 
940 343 7 10 0.024229214 
411 415 5 8 0.024170665 
714 414 7 9 0.024146635 
395 430 9 12 0.024141746 
373 413 8 10 0.024126867 
385 401 5 9 0.024022356 
402 432 8 11 0.023987804 
698 362 6 7 0.023984978 
250 390 4 6 0.02390307 
449 410 4 7 0.023901064 
620 362 5 8 0.02389588 
188 363 4 7 0.023879515 
198 421 8 9 0.023865985 
974 413 7 10 0.023862157 
661 390 5 7 0.023858903 
339 345 5 7 0.023853563 
621 502 41 75 0.023824757 
233 401 4 7 0.023815619 
919 411 12 12 0.02378275 
617 359 4 5 0.023778701 
588 419 14 22 0.02377415 
678 412 7 11 0.023771506 
122 343 6 10 0.023736764 
748 436 7 11 0.023726212 
186 416 6 8 0.02371517 
436 361 5 9 0.023692898 
1010 403 9 11 0.02367469 
1045 428 10 15 0.02367096 
382 387 6 11 0.02362712 
378 479 6 9 0.023626966 
279 445 11 15 0.02360441 
583 413 5 8 0.02358719 
583 364 4 5 0.023517812 
134 355 5 9 0.023509959 
562 430 9 15 0.023505937 
364 331 6 9 0.023487587 
506 401 4 6 0.023485372 
27 449 7 11 0.02346715 
973 388 7 10 0.023440477 
732 395 17 20 0.023420438 
653 390 5 7 0.02341958 
199 429 8 10 0.023404319 
468 425 7 10 0.023395421 
262 373 4 9 0.023389101 
1102 430 9 16 0.023373377 
606 419 7 10 0.023279086 
274 409 14 19 0.023275604 
1017 408 15 23 0.02326266 
591 381 5 9 0.023192203 
174 368 4 7 0.023087071 
199 459 7 9 0.023076102 
978 632 63 114 0.023072502 
257 423 19 19 0.023010235 
607 415 6 8 0.022997772 
323 384 4 6 0.022979453 
1036 431 9 16 0.022947885 
382 484 8 10 0.02286935 
936 414 17 19 0.022862727 
442 433 7 12 0.022847462 
39 421 4 6 0.022845596 
288 348 6 9 0.022844275 
358 473 17 25 0.022840034 
219 331 6 10 0.022751395 
436 402 4 7 0.02274848 
1056 400 9 18 0.022718064 
662 430 11 19 0.02271041 
685 342 7 9 0.022705901 
10 477 11 17 0.022705745 
109 468 8 12 0.022688692 
85 418 5 5 0.022687946 
131 423 17 18 0.02253325 
173 554 23 32 0.0225221 
629 390 4 6 0.02249392 
359 410 5 7 0.022493685 
199 469 9 12 0.022464313 
620 424 8 13 0.02246186 
244 375 4 7 0.022433022 
487 438 8 15 0.022423582 
456 355 49 79 0.0224169 
525 415 15 19 0.022413839 
963 450 14 16 0.02240397 
1003 431 8 11 0.022391198 
188 491 21 26 0.022386776 
170 392 7 12 0.022371877 
429 380 5 8 0.022365188 
333 507 21 30 0.022363765 
628 379 5 9 0.02235629 
665 337 6 8 0.022344287 
346 409 14 20 0.022336269 
717 341 7 10 0.022329187 
695 406 8 11 0.022314467 
637 414 7 10 0.022252455 
1018 389 16 21 0.02224628 
724 447 6 9 0.022238282 
518 329 4 8 0.022217816 
211 416 5 7 0.0222115 
917 362 53 65 0.022183847 
362 451 19 22 0.022177909 
169 490 11 13 0.022176936 
720 329 8 11 0.022150513 
431 363 4 7 0.022138977 
161 365 4 8 0.022096861 
247 331 9 9 0.022091147 
327 428 7 8 0.022072956 
161 414 6 9 0.022043703 
238 403 4 6 0.022004245 
971 382 8 10 0.022003867 
135 552 26 42 0.021997288 
259 374 5 9 0.021986445 
66 448 12 14 0.021975186 
50 455 10 16 0.0219237 
176 495 12 15 0.021855744 
918 418 10 10 0.02185492 
499 323 7 11 0.021778874 
99 438 10 9 0.021746336 
257 352 4 6 0.021706125 
574 462 9 16 0.021697741 
777 391 3 6 0.021671586 
554 433 10 16 0.02166204 
430 402 5 8 0.02165226 
140 395 6 7 0.021614768 
282 410 5 6 0.021610865 
659 413 6 8 0.021587405 
68 435 54 60 0.021580726 
35 445 9 11 0.021573571 
306 426 18 19 0.021559918 
927 579 8 17 0.021559015 
261 366 36 55 0.021473812 
520 403 4 7 0.021472288 
397 406 6 9 0.021471176 
257 355 15 25 0.02146681 
234 410 4 6 0.021459447 
908 396 7 10 0.021441944 
118 422 18 19 0.021405755 
219 409 5 5 0.021381177 
667 391 4 6 0.021348374 
909 401 18 19 0.021344759 
157 496 19 27 0.021327844 
560 412 7 11 0.021325547 
685 338 6 7 0.02131612 
43 450 10 12 0.021285161 
240 384 4 6 0.021276912 
253 432 9 11 0.021261953 
968 392 7 11 0.021253614 
175 365 4 6 0.021220049 
680 391 4 6 0.021201339 
942 356 5 8 0.021189943 
364 440 7 10 0.02115458 
665 406 6 8 0.021140343 
314 401 5 7 0.021086337 
95 498 16 29 0.021042738 
1027 468 18 30 0.020993995 
602 396 6 8 0.020985138 
241 441 18 33 0.020970225 
47 422 5 7 0.02095449 
691 414 8 11 0.020946475 
299 415 17 19 0.020914461 
600 447 10 17 0.02088421 
410 396 14 21 0.020878434 
394 532 11 15 0.020873724 
957 426 12 15 0.020867145 
774 387 15 23 0.020862328 
88 532 9 14 0.02086186 
216 342 5 8 0.020857662 
211 351 4 8 0.020844793 
557 403 37 47 0.020840492 
570 358 5 6 0.020805594 
577 381 4 9 0.020794604 
75 441 20 19 0.020757463 
413 452 9 16 0.020750005 
751 365 5 7 0.020735528 
685 418 8 12 0.020730788 
314 396 5 8 0.020715727 
664 342 7 9 0.020713393 
711 402 6 9 0.02067066 
153 364 7 12 0.020649383 
186 350 5 6 0.020639392 
393 394 4 8 0.020638831 
689 401 8 10 0.020638634 
956 358 5 9 0.020612935 
571 388 4 8 0.020598184 
384 479 6 8 0.020589529 
805 414 8 9 0.020588316 
908 600 72 119 0.020543968 
324 471 9 13 0.020523282 
752 339 4 5 0.020516379 
505 367 5 10 0.020511305 
548 402 15 20 0.020510681 
118 371 93 114 0.020501364 
364 349 5 10 0.020491248 
538 419 15 23 0.020395344 
271 388 5 7 0.020352108 
411 489 15 20 0.020338366 
1080 512 15 20 0.020330139 
904 361 6 11 0.020310355 
361 343 5 9 0.02029012 
249 395 4 6 0.020268273 
419 453 123 99 0.020242356 
177 461 9 14 0.020236842 
686 363 5 8 0.020236427 
516 409 14 19 0.02022344 
223 316 6 10 0.020197023 
839 403 6 7 0.02018389 
920 575 31 54 0.020177873 
67 421 17 19 0.02015268 
810 389 4 7 0.020129526 
692 333 7 6 0.020115474 
68 457 11 14 0.020111216 
274 310 9 9 0.020098677 
175 446 17 22 0.020095725 
21 420 5 6 0.02008268 
11 375 7 16 0.020079536 
708 423 8 11 0.020074526 
906 426 11 14 0.020068806 
240 369 4 7 0.020052154 
