0_Parade_Parade_0_125
791
1005 341 22 36 0.99808705 
519 338 27 39 0.99659485 
477 270 17 30 0.9934237 
585 275 16 27 0.9797785 
10 410 16 20 0.71842974 
254 471 20 23 0.6504392 
15 478 14 19 0.6025337 
55 431 10 12 0.35213113 
314 471 8 12 0.34590733 
588 259 22 31 0.3389386 
952 400 7 9 0.27234882 
571 239 11 14 0.27076945 
41 427 8 12 0.20083576 
423 250 10 17 0.15268706 
371 501 23 35 0.14703931 
476 485 35 75 0.14354046 
49 433 30 40 0.13523133 
947 399 9 10 0.13023348 
94 463 11 11 0.116902165 
864 490 6 7 0.11226059 
652 436 10 13 0.09703816 
591 252 12 18 0.0949589 
941 396 8 10 0.09276387 
870 491 5 6 0.089776985 
142 462 13 13 0.08806693 
878 488 4 5 0.082951605 
882 487 4 5 0.07934803 
896 449 5 5 0.07420347 
908 401 8 9 0.07192837 
380 287 10 18 0.07145737 
884 439 8 8 0.07016948 
491 280 10 20 0.067335024 
71 480 6 7 0.0655342 
449 488 37 70 0.06510042 
63 455 10 13 0.064781986 
805 536 8 8 0.062185302 
611 293 21 42 0.061355636 
903 459 5 6 0.061011612 
806 501 4 5 0.060605355 
472 282 11 23 0.0593533 
863 461 4 5 0.059093725 
899 425 8 9 0.05881615 
865 270 5 5 0.057980377 
890 468 4 6 0.0567116 
890 454 5 5 0.056283075 
941 448 6 6 0.055827565 
864 275 5 5 0.055438574 
877 238 3 4 0.054639 
502 294 12 17 0.053747177 
904 444 4 4 0.053724155 
883 494 4 4 0.05282613 
260 457 11 13 0.052642252 
776 51 4 7 0.051862553 
859 492 4 5 0.051687583 
833 520 4 4 0.051472917 
896 249 4 5 0.051294364 
88 454 6 6 0.05060605 
872 245 4 4 0.050441034 
915 448 5 5 0.050305977 
872 277 3 5 0.05009566 
596 532 5 6 0.049762983 
224 466 8 10 0.049368978 
41 424 6 9 0.049051367 
840 496 4 5 0.048965983 
930 448 4 4 0.04887828 
190 581 5 7 0.04854703 
878 493 3 5 0.04748574 
498 362 15 28 0.04741641 
917 424 4 6 0.047398306 
876 245 4 4 0.047192413 
877 430 5 5 0.047157943 
1012 315 7 7 0.047088444 
885 264 4 4 0.047030654 
586 344 20 27 0.04673356 
555 351 10 19 0.046705656 
882 459 5 6 0.046619385 
929 357 6 9 0.046101775 
935 444 4 5 0.04596301 
399 282 9 16 0.04582599 
871 441 6 6 0.045788873 
1017 314 7 11 0.04539447 
609 533 5 5 0.04509386 
909 445 3 4 0.045066006 
961 409 5 7 0.044893447 
864 457 4 5 0.044777963 
97 456 7 7 0.04468393 
882 501 4 4 0.044551652 
884 238 4 4 0.04442734 
844 494 4 5 0.044347633 
891 346 5 6 0.044251487 
159 469 11 11 0.0440489 
594 245 11 15 0.04390714 
860 489 3 5 0.04389551 
897 444 4 3 0.04367726 
871 283 4 4 0.04365724 
896 454 6 6 0.043303046 
845 499 4 5 0.043275803 
820 275 5 7 0.04322537 
937 398 5 7 0.043117683 
872 300 6 6 0.042825505 
883 505 4 5 0.04277902 
859 276 5 5 0.042772267 
872 239 3 4 0.042719007 
897 246 4 4 0.042647652 
936 404 4 5 0.04244229 
857 283 5 5 0.04232099 
871 437 4 5 0.042220414 
827 232 3 4 0.042059746 
113 327 8 8 0.041891173 
890 315 5 5 0.04178218 
535 335 23 31 0.041713897 
851 506 5 5 0.041612282 
851 487 5 6 0.041463256 
692 417 6 6 0.04137855 
858 437 4 4 0.041197535 
646 486 19 29 0.041120365 
589 535 5 7 0.04095767 
863 331 6 7 0.0409503 
858 262 4 5 0.04091349 
930 444 4 5 0.040837068 
850 269 5 6 0.040656056 
845 513 4 5 0.040561296 
395 287 10 18 0.040530752 
870 289 5 4 0.040447436 
885 245 4 4 0.04039636 
878 162 3 4 0.040293913 
762 200 4 4 0.04017653 
876 301 5 5 0.04016249 
916 444 4 4 0.040126797 
923 251 4 5 0.040115744 
49 430 18 24 0.04007206 
295 469 4 5 0.039953098 
711 122 4 6 0.0399501 
74 473 6 7 0.039910976 
884 429 5 5 0.03990737 
839 519 3 4 0.03978781 
890 461 4 5 0.039760455 
846 507 4 4 0.039686024 
841 466 15 27 0.03952218 
38 423 15 22 0.039500132 
852 200 4 5 0.039446242 
860 461 4 5 0.039387334 
879 257 5 5 0.039186712 
428 540 9 14 0.03910987 
935 447 5 5 0.03895127 
826 201 4 4 0.03894652 
878 456 6 6 0.03886875 
652 552 5 5 0.038752943 
326 472 6 10 0.038651783 
890 264 5 4 0.03852599 
800 505 4 5 0.03844722 
891 238 3 4 0.038357653 
795 443 5 5 0.038281433 
310 472 6 8 0.038273606 
52 429 7 10 0.038129605 
330 514 17 33 0.038058076 
1020 301 5 7 0.037628688 
864 289 5 5 0.037597775 
865 480 4 7 0.037596792 
0 419 5 11 0.03754335 
913 401 6 8 0.03752092 
107 472 13 14 0.037375815 
947 444 5 4 0.03735471 
130 464 24 18 0.037330512 
870 264 4 5 0.037298623 
879 500 4 5 0.036971614 
859 300 6 7 0.03680304 
648 552 4 4 0.03679189 
590 532 5 6 0.03662691 
858 289 5 5 0.03660816 
640 532 5 6 0.036605507 
921 429 4 4 0.036527265 
877 251 4 4 0.036414217 
42 462 8 12 0.036269907 
39 621 4 6 0.036269426 
850 295 5 6 0.03616776 
834 256 5 6 0.036166478 
84 435 5 5 0.036120266 
877 276 4 5 0.036108032 
871 457 4 4 0.03607001 
802 501 4 5 0.036030963 
878 233 4 4 0.036026947 
66 452 9 10 0.036004115 
883 233 3 3 0.03599762 
140 455 8 8 0.03599447 
845 485 5 8 0.035974063 
718 115 5 7 0.035935484 
840 499 4 5 0.03591244 
633 531 7 6 0.03589846 
883 258 4 4 0.03586763 
891 301 5 6 0.035739496 
109 455 7 7 0.035648476 
543 527 7 21 0.03563492 
857 257 5 5 0.03557498 
857 441 5 5 0.035559397 
877 283 5 5 0.03532958 
940 444 5 4 0.035280712 
271 470 10 13 0.035276834 
199 575 6 9 0.035235316 
890 295 5 6 0.035163347 
904 309 4 5 0.034966365 
897 460 5 6 0.034939952 
863 467 4 6 0.034905773 
834 238 3 5 0.034784783 
840 200 3 4 0.03476095 
892 332 5 7 0.034676276 
903 358 7 7 0.034635004 
910 448 4 4 0.034548663 
581 535 6 9 0.034353472 
894 410 8 8 0.034293644 
891 233 4 4 0.03422808 
891 340 5 5 0.0341449 
879 507 4 4 0.03406901 
86 455 4 5 0.034044325 
897 301 4 6 0.0338071 
40 626 4 7 0.033735722 
724 121 4 6 0.033678994 
91 466 8 9 0.033582106 
350 355 8 9 0.03357717 
846 526 3 5 0.033481453 
724 153 4 6 0.0332925 
968 399 6 10 0.033234864 
750 219 3 4 0.033233874 
589 272 26 44 0.033070303 
941 392 6 7 0.033019066 
878 270 3 4 0.03301719 
892 308 4 5 0.03301087 
152 175 8 14 0.03299452 
82 481 5 6 0.032905474 
846 207 4 4 0.03279205 
819 237 4 5 0.032747123 
722 116 4 5 0.032720853 
891 450 5 5 0.032670546 
602 534 4 4 0.03265713 
602 536 5 5 0.032633416 
338 525 19 31 0.032502033 
76 480 6 6 0.03230417 
890 473 5 6 0.032297533 
902 301 4 5 0.032172658 
744 219 3 4 0.032113094 
959 402 4 8 0.031993937 
658 530 6 5 0.031937625 
865 239 4 4 0.031861767 
832 525 4 4 0.03184673 
879 168 3 4 0.03184324 
820 214 4 4 0.031699926 
890 269 5 5 0.03146925 
851 435 4 5 0.031444483 
271 400 11 11 0.031374235 
871 295 5 5 0.03130246 
1015 562 11 21 0.031023577 
293 581 7 8 0.030979522 
872 506 4 4 0.03095518 
896 328 5 6 0.030878736 
799 442 4 5 0.030852113 
744 207 3 4 0.030840147 
885 269 4 4 0.030826155 
256 445 9 9 0.030735422 
728 415 11 13 0.030667387 
814 276 4 5 0.030611154 
834 295 5 5 0.03057597 
509 365 8 16 0.030565806 
952 429 5 6 0.030549476 
834 500 3 4 0.030516837 
833 495 4 5 0.030478928 
917 428 4 5 0.030405022 
896 308 4 5 0.030383645 
68 447 7 9 0.030327477 
884 251 4 4 0.03029685 
243 469 8 12 0.030276848 
114 466 23 18 0.03025783 
129 378 4 5 0.030257436 
464 534 8 15 0.030188454 
884 422 5 6 0.030183684 
691 115 4 6 0.03013821 
907 460 5 5 0.030137489 
833 231 4 5 0.030131424 
839 507 4 5 0.030117797 
878 459 6 7 0.03009211 
806 504 5 5 0.030055592 
891 258 3 4 0.030048525 
92 497 8 10 0.030000364 
712 111 3 5 0.029991873 
69 434 7 6 0.02994754 
859 294 5 5 0.029874818 
865 282 4 5 0.029804653 
802 220 3 3 0.029776314 
840 514 3 4 0.02966797 
865 263 5 5 0.029641613 
852 526 5 5 0.02963271 
891 288 5 5 0.02960852 
832 507 4 4 0.029608294 
890 245 4 4 0.029607343 
849 466 6 8 0.02958923 
865 200 4 4 0.029567927 
820 232 3 4 0.029523736 
294 472 6 8 0.029452952 
884 322 4 5 0.029324573 
90 432 4 4 0.029243 
846 532 4 4 0.029199777 
860 465 5 7 0.029190162 
884 326 4 5 0.029181968 
820 206 4 4 0.029148484 
300 406 7 8 0.029135842 
693 168 3 6 0.02906787 
946 392 16 19 0.02895162 
712 116 3 6 0.028912513 
831 326 5 7 0.028751837 
858 307 6 6 0.028730541 
128 608 4 5 0.02866265 
838 225 4 5 0.028650137 
797 502 3 4 0.028607715 
835 220 3 4 0.02860174 
826 302 4 5 0.028592136 
895 331 5 7 0.02855177 
859 506 3 5 0.028508883 
738 225 3 4 0.028475424 
896 479 6 6 0.02841062 
852 282 5 6 0.028386489 
387 538 11 15 0.028331093 
1020 306 6 7 0.028305497 
839 301 6 6 0.02830037 
890 276 5 5 0.028274404 
806 533 5 7 0.028273355 
825 500 4 5 0.028259879 
852 225 4 4 0.028255511 
750 212 3 4 0.028229946 
768 225 3 4 0.028192975 
706 103 3 4 0.02818528 
119 344 8 10 0.028151851 
794 289 5 5 0.028136397 
826 520 4 4 0.028107075 
724 160 4 6 0.028029062 
36 607 6 8 0.028019136 
788 57 4 7 0.0280188 
724 140 4 6 0.027974062 
379 503 13 16 0.027832976 
693 128 3 5 0.027777176 
960 415 5 7 0.027736166 
706 123 4 6 0.027638834 
897 435 6 6 0.0275948 
865 168 3 4 0.027588058 
852 194 3 4 0.027474958 
858 500 4 5 0.027437031 
871 168 3 4 0.027420593 
1017 321 10 14 0.027351122 
712 288 4 6 0.02732627 
846 213 3 3 0.027273575 
814 207 4 4 0.027246797 
757 232 3 4 0.027234428 
130 480 13 10 0.027227635 
84 431 4 5 0.027223257 
872 250 5 5 0.027180148 
833 513 3 5 0.027161267 
845 466 7 10 0.027125614 
802 436 4 5 0.02711353 
496 495 7 14 0.027040545 
872 188 4 4 0.0270382 
378 305 24 41 0.026928497 
872 162 3 4 0.026810084 
839 526 4 4 0.026805222 
653 556 5 5 0.02679532 
762 288 4 6 0.026756495 
301 469 4 5 0.026718892 
377 391 20 40 0.026635394 
724 534 4 4 0.02661782 
985 296 4 4 0.026605703 
852 262 4 5 0.026600119 
941 451 6 7 0.026572699 
737 148 3 5 0.026569813 
863 473 4 6 0.026514005 
724 167 4 5 0.026505271 
706 128 3 5 0.026495663 
121 429 4 4 0.026424143 
3 468 28 39 0.026401449 
916 181 3 5 0.026379991 
711 127 3 6 0.026374487 
820 269 4 5 0.02637132 
897 233 3 4 0.026371192 
975 276 4 5 0.026365323 
884 447 5 5 0.026364975 
852 250 4 5 0.02636012 
929 264 4 5 0.026323007 
883 283 5 5 0.026306318 
904 295 4 5 0.026282122 
838 220 3 4 0.026276814 
705 97 3 5 0.02625941 
717 167 4 5 0.026135853 
200 580 5 7 0.026132258 
267 573 6 10 0.026118618 
846 463 4 5 0.026108358 
839 307 6 6 0.026108071 
802 72 3 4 0.026090736 
65 480 5 6 0.026058942 
891 251 3 4 0.026051305 
903 238 4 4 0.026046313 
650 464 12 14 0.026046159 
386 288 10 18 0.026045281 
426 421 7 9 0.02603662 
698 129 3 5 0.026017196 
832 486 4 6 0.026000332 
865 226 4 4 0.025928764 
877 181 3 4 0.025889302 
846 250 5 5 0.02586882 
663 523 9 10 0.025859375 
845 519 4 4 0.025813425 
834 225 4 4 0.025793584 
860 456 3 5 0.025790056 
103 384 5 5 0.025778888 
724 236 3 6 0.025702044 
877 296 4 5 0.025690153 
850 275 5 6 0.025650231 
460 513 8 15 0.025589053 
90 450 4 4 0.025570773 
846 201 3 4 0.025559234 
891 327 5 6 0.02553022 
147 634 4 6 0.025513982 
866 194 3 4 0.025485676 
596 274 14 21 0.025462817 
718 111 3 4 0.025440881 
224 587 4 6 0.025410691 
506 363 7 14 0.025402222 
863 294 6 6 0.025386194 
844 308 6 5 0.025367929 
814 232 4 4 0.025360052 
743 225 4 4 0.025354253 
815 200 3 4 0.025344595 
705 134 3 5 0.025339529 
852 213 3 4 0.0253173 
878 193 4 4 0.025307119 
840 194 3 4 0.025293393 
56 462 8 13 0.02527088 
923 295 4 5 0.025255844 
973 445 8 11 0.025247518 
891 479 5 5 0.02524374 
878 175 4 4 0.025237843 
1021 294 16 20 0.025220418 
914 399 5 6 0.025192248 
187 423 6 7 0.025179802 
850 430 4 5 0.025153099 
31 402 7 8 0.025143778 
902 436 5 5 0.025072938 
852 513 4 4 0.025033515 
808 219 3 4 0.025019472 
864 507 4 4 0.024966562 
766 483 8 11 0.024962772 
96 431 4 4 0.024959777 
0 490 7 13 0.024942456 
897 295 4 5 0.024940303 
119 467 10 11 0.024929857 
108 615 3 4 0.02492567 
821 514 3 4 0.024922602 
852 257 5 5 0.0249044 
852 288 5 6 0.024903279 
290 470 6 10 0.024851162 
860 220 3 4 0.024851143 
883 482 4 5 0.02484546 
76 483 8 8 0.024836704 
168 627 5 8 0.024823893 
895 314 5 6 0.024813037 
826 205 3 4 0.024728823 
717 161 4 6 0.024713336 
930 405 4 5 0.024675068 
820 201 4 4 0.024668898 
813 219 4 4 0.024643075 
738 141 3 6 0.024638996 
846 226 3 3 0.024635889 
52 484 7 10 0.02461533 
142 603 3 5 0.02457871 
620 538 5 5 0.024493175 
959 395 6 9 0.024480464 
737 135 3 5 0.024467109 
590 319 30 45 0.024450185 
613 532 6 6 0.024426198 
545 456 32 52 0.024424674 
896 475 5 5 0.024407161 
827 289 5 6 0.024366386 
858 520 3 5 0.024366045 
419 577 3 6 0.024359988 
922 270 4 5 0.024349835 
840 206 4 4 0.024338413 
879 156 3 4 0.024308749 
821 519 4 5 0.024291383 
924 256 4 5 0.024267329 
884 277 4 5 0.024264654 
141 582 3 5 0.02425275 
749 282 3 5 0.0242367 
597 536 5 5 0.024230914 
763 226 3 4 0.024221433 
838 313 5 6 0.024212433 
870 269 4 5 0.024189549 
904 257 5 5 0.024185633 
39 616 3 5 0.024133125 
77 460 5 7 0.024119847 
744 232 3 4 0.024112867 
820 218 4 4 0.024033692 
104 477 9 10 0.024027053 
146 465 23 19 0.024025686 
865 181 3 4 0.02402407 
978 309 4 4 0.024003757 
856 525 4 5 0.02400242 
26 622 4 6 0.023997974 
712 96 3 5 0.02396103 
738 206 3 4 0.023933968 
118 428 4 5 0.023918826 
213 305 5 8 0.02387939 
26 625 4 8 0.023857914 
897 352 4 6 0.023848465 
837 295 5 6 0.023810768 
774 512 6 4 0.023790304 
479 253 9 12 0.023742389 
783 77 4 6 0.023721585 
979 436 5 7 0.023682805 
875 442 6 6 0.02368171 
153 192 6 7 0.023670273 
279 466 6 8 0.02363279 
902 449 4 4 0.023616131 
705 110 3 5 0.02361034 
391 304 16 29 0.023609271 
815 449 4 4 0.023604536 
909 251 4 4 0.023593538 
851 501 4 4 0.023583332 
89 636 4 6 0.023568531 
862 300 6 7 0.023559952 
142 621 4 5 0.023551678 
864 162 3 4 0.023527104 
941 359 5 6 0.02350821 
764 238 2 4 0.023490477 
723 148 5 6 0.023446284 
124 602 3 6 0.023444988 
878 263 4 5 0.023434421 
922 437 4 4 0.02342025 
278 394 12 11 0.023418887 
136 626 3 6 0.023406986 
902 277 5 5 0.02339993 
496 290 9 14 0.023399483 
904 313 5 6 0.023394667 
923 265 3 4 0.023328355 
143 404 4 5 0.023304684 
531 260 8 9 0.023282353 
775 233 3 4 0.02325219 
851 300 5 6 0.023225835 
658 524 8 9 0.02321932 
801 270 3 4 0.023199454 
744 213 3 4 0.023184223 
386 503 8 12 0.023167048 
846 268 5 6 0.023158804 
946 447 6 6 0.02315157 
205 641 4 7 0.023140794 
911 289 4 5 0.023138663 
821 264 3 4 0.023113342 
718 148 3 5 0.023109946 
772 446 7 7 0.023106998 
237 471 7 9 0.023064839 
916 186 4 4 0.023047153 
56 633 5 6 0.02304383 
775 519 7 6 0.02298764 
692 135 3 6 0.022974923 
879 483 4 5 0.022957755 
884 226 3 4 0.022955392 
870 481 4 5 0.022945117 
885 162 3 4 0.022930766 
782 58 3 6 0.022925925 
870 308 5 6 0.022919454 
895 346 5 6 0.02290565 
0 471 5 12 0.022903943 
846 221 3 3 0.02289313 
248 389 7 7 0.022873817 
878 288 4 5 0.02287057 
940 408 5 6 0.022869965 
782 218 3 5 0.022869064 
962 289 3 5 0.022855716 
922 443 3 4 0.02277853 
747 180 4 6 0.022759363 
885 474 4 4 0.022753017 
605 288 9 21 0.02274508 
128 603 3 5 0.022742009 
884 418 5 6 0.022721628 
789 213 3 4 0.022715231 
744 148 3 5 0.022688327 
950 430 5 6 0.022681162 
258 464 14 15 0.022679916 
302 576 6 7 0.02267557 
863 501 5 5 0.022670843 
1005 310 4 5 0.02264407 
883 363 5 6 0.022641998 
870 345 6 7 0.022640456 
757 200 3 4 0.022627616 
724 129 4 5 0.022596572 
904 320 4 6 0.022595124 
916 462 4 5 0.02258976 
563 274 21 25 0.022558605 
827 525 4 5 0.022533353 
774 237 4 4 0.022531537 
969 395 7 11 0.022525331 
250 474 11 15 0.02250595 
885 516 5 6 0.02250349 
731 219 3 4 0.02249173 
723 408 21 23 0.022471692 
20 602 4 6 0.022461427 
627 530 7 8 0.022455385 
627 535 6 6 0.022422979 
39 524 6 8 0.022419719 
886 468 3 5 0.022394618 
790 258 3 4 0.022386577 
1020 282 4 6 0.022368222 
955 277 3 5 0.022366187 
967 302 3 4 0.022345444 
96 435 5 5 0.022329824 
903 245 4 4 0.0223233 
895 289 5 5 0.022302715 
860 472 5 7 0.022297218 
890 283 5 5 0.022258501 
917 238 4 4 0.022227407 
826 293 5 6 0.022225428 
840 232 4 4 0.022172667 
769 245 3 4 0.02215077 
745 154 3 5 0.022149902 
866 231 3 4 0.022072671 
296 218 17 31 0.022034457 
878 188 3 4 0.022032531 
71 483 7 8 0.022028795 
799 446 5 6 0.021999154 
717 121 4 6 0.021944785 
813 519 4 4 0.02193572 
697 172 4 6 0.02192735 
858 232 3 4 0.021924043 
833 300 5 6 0.021914413 
685 538 8 6 0.021911837 
685 551 6 6 0.02188955 
929 430 4 4 0.021858154 
15 602 4 5 0.021846788 
294 404 9 8 0.021844864 
114 459 7 8 0.021841176 
857 417 5 5 0.021837577 
737 219 3 4 0.021832988 
821 194 3 3 0.021824405 
806 282 4 5 0.021800708 
858 270 5 5 0.02178006 
614 527 5 5 0.021775134 
902 396 8 9 0.021769442 
718 264 3 5 0.021751914 
1018 518 39 78 0.021722589 
585 356 25 35 0.021713281 
871 416 5 5 0.021692563 
85 634 4 7 0.021684557 
845 322 5 5 0.021673756 
212 487 5 6 0.021671284 
770 238 2 4 0.021655131 
789 512 4 5 0.021620467 
852 182 3 3 0.02162038 
274 464 9 11 0.021592986 
805 435 5 6 0.021587363 
903 353 5 6 0.02158215 
852 232 5 4 0.021571111 
871 233 4 4 0.021560403 
184 211 5 7 0.021551259 
695 172 3 5 0.02153045 
922 308 5 5 0.021486148 
870 501 5 5 0.02146417 
62 439 7 9 0.021460496 
254 459 11 11 0.021451699 
267 388 21 21 0.021438457 
884 220 4 3 0.021430934 
859 238 4 4 0.02142373 
640 538 5 4 0.021392869 
53 633 4 6 0.021389449 
909 245 4 4 0.021378756 
850 321 5 6 0.021368066 
775 245 3 4 0.021337006 
807 277 4 4 0.02132381 
902 468 5 5 0.021312071 
149 578 3 5 0.021298794 
770 211 4 5 0.021285063 
193 576 5 8 0.021270692 
884 167 4 5 0.021270523 
840 213 3 3 0.021262227 
698 123 3 5 0.021261262 
948 353 4 4 0.021258667 
705 116 4 5 0.021251597 
779 52 4 6 0.021245543 
641 557 4 6 0.021240942 
699 115 3 5 0.02122253 
800 263 3 4 0.02121393 
711 103 3 5 0.0212044 
897 238 4 4 0.021204278 
241 470 17 22 0.021202506 
815 237 4 5 0.021169633 
915 296 4 5 0.021151813 
78 435 5 5 0.02112182 
929 296 4 4 0.021111997 
989 360 8 15 0.021108083 
774 506 5 6 0.021082528 
953 407 6 7 0.021079564 
832 333 5 6 0.021056896 
545 273 19 29 0.021045081 
865 213 3 4 0.021038918 
92 451 20 20 0.02101743 
756 432 7 9 0.021008082 
884 156 3 4 0.020999797 
763 219 3 4 0.020998405 
779 520 6 6 0.020981843 
884 289 4 5 0.02097925 
929 436 4 4 0.020976175 
831 321 4 6 0.020960502 
935 409 5 5 0.020949116 
397 583 4 5 0.020948753 
994 289 4 5 0.020856274 
839 274 6 6 0.020848442 
885 512 5 6 0.020845503 
318 469 6 9 0.020822303 
38 401 6 8 0.020814443 
149 193 5 5 0.020782396 
916 353 5 6 0.020770337 
878 448 4 4 0.020750728 
900 413 9 9 0.020731034 
884 295 4 5 0.020720368 
795 507 4 4 0.020718519 
1018 310 15 20 0.020701403 
745 180 3 5 0.020649007 
825 213 4 5 0.02064893 
826 506 4 5 0.020644568 
270 398 21 23 0.020619392 
806 430 5 6 0.020617273 
263 588 4 6 0.020605726 
716 288 3 6 0.02059143 
910 295 4 5 0.020587768 
916 321 4 6 0.020582628 
878 307 5 7 0.020579519 
922 339 4 5 0.020569839 
931 282 3 4 0.020567792 
915 301 4 5 0.02054497 
738 232 3 4 0.020543411 
135 581 4 5 0.02051829 
827 514 3 4 0.020513263 
796 98 2 4 0.020506026 
890 415 6 7 0.020502174 
895 264 4 5 0.020490624 
664 539 6 5 0.020489506 
484 347 18 37 0.020469563 
820 258 4 5 0.020452721 
872 149 3 4 0.020444576 
852 206 4 4 0.020443073 
877 313 5 6 0.020439254 
846 238 4 4 0.020433865 
39 631 4 7 0.020433689 
712 135 3 5 0.020431388 
845 232 4 4 0.020423729 
893 422 17 18 0.0204086 
69 440 7 8 0.020404397 
185 627 4 6 0.020380644 
1005 313 4 5 0.020377442 
865 251 4 5 0.020374103 
975 289 3 5 0.020343048 
731 200 4 4 0.02033734 
601 544 6 6 0.020330766 
763 194 3 4 0.020322427 
794 258 3 4 0.020293329 
51 629 4 5 0.02027068 
871 156 3 4 0.020263646 
964 375 7 11 0.02026036 
53 443 12 17 0.020256424 
775 56 4 6 0.02025383 
168 615 4 5 0.020244937 
61 347 9 17 0.020229893 
807 226 4 4 0.02022623 
1006 504 24 49 0.020226048 
859 226 4 4 0.02019442 
890 364 5 6 0.020177262 
639 300 5 7 0.020170018 
865 437 4 4 0.020149343 
693 270 3 5 0.020127803 
115 623 3 4 0.020120472 
807 238 4 4 0.02010384 
748 378 5 8 0.020102799 
802 213 3 4 0.020100104 
871 447 6 5 0.020094516 
300 472 5 7 0.020093903 
776 524 6 6 0.02009332 
916 276 3 5 0.020069566 
897 321 4 4 0.020059818 
82 484 5 7 0.020043394 
865 520 4 5 0.0200422 
245 389 6 7 0.020036912 
974 310 4 4 0.020036371 
883 308 5 5 0.020023385 
961 264 4 5 0.020021796 
690 542 6 6 0.02001984 
716 91 4 5 0.020019142 
712 154 4 5 0.020011153 
806 493 4 6 0.020000292 
