0_Parade_Parade_0_519
75
861 245 101 117 0.9999031 
414 247 121 131 0.999374 
175 266 70 89 0.99783117 
667 302 36 64 0.995423 
754 263 30 35 0.9838231 
119 267 35 60 0.9563586 
85 247 34 42 0.9374907 
290 290 22 46 0.37356454 
708 265 20 38 0.24879877 
700 235 21 43 0.23901118 
603 267 22 41 0.21997227 
29 -36 195 219 0.121567994 
650 289 34 73 0.11201851 
739 307 33 58 0.10911787 
924 72 8 14 0.10333436 
729 271 21 37 0.1002091 
1000 257 17 28 0.08765596 
184 23 326 402 0.08670161 
213 393 32 32 0.06301551 
60 705 32 55 0.060268383 
925 335 44 57 0.057611514 
814 277 20 27 0.052636337 
307 283 25 48 0.05030112 
224 277 59 87 0.046242688 
1016 120 6 11 0.044105183 
609 276 28 54 0.042803816 
0 663 7 17 0.04111453 
21 640 35 53 0.040058713 
607 129 51 77 0.03931042 
683 -10 138 143 0.037864827 
797 235 10 13 0.03758295 
800 326 20 28 0.03662927 
360 312 21 37 0.03574088 
651 265 31 52 0.035104696 
481 340 274 429 0.03430363 
261 296 35 57 0.03268697 
1011 269 9 18 0.03207371 
1013 265 15 29 0.031216519 
374 380 21 32 0.030934753 
634 293 31 64 0.030290978 
152 253 40 61 0.029612506 
909 291 83 101 0.029315954 
943 321 43 56 0.0290644 
215 375 30 29 0.027911479 
837 200 10 13 0.0277924 
949 322 25 24 0.02725078 
1017 199 9 15 0.02724132 
854 491 128 258 0.026245343 
16 634 20 29 0.026177807 
518 264 58 103 0.025609178 
678 13 8 14 0.02537862 
136 380 53 98 0.02531253 
358 50 335 382 0.025080482 
827 -1 79 95 0.024866557 
1007 210 10 13 0.02484941 
689 262 32 55 0.02467592 
308 351 20 35 0.023949958 
314 619 44 76 0.023563083 
780 179 63 82 0.0234068 
141 278 22 42 0.022637125 
981 240 9 13 0.022601012 
198 302 276 393 0.022486646 
264 77 108 119 0.022402512 
70 745 24 35 0.022338128 
287 182 21 26 0.021992257 
584 266 49 84 0.021878185 
850 5 5 8 0.021630475 
781 5 7 10 0.021578325 
205 359 61 73 0.021366768 
769 273 14 18 0.021017892 
746 275 39 67 0.020821452 
741 270 21 29 0.020782605 
272 310 11 20 0.02067814 
918 343 14 17 0.020354275 
606 307 20 30 0.020038577 
