0_Parade_Parade_0_913
24
621 225 211 202 0.99987686 
260 151 197 246 0.9990792 
40 107 60 106 0.98383904 
586 18 58 81 0.42748576 
79 32 66 114 0.23642449 
197 69 41 47 0.10064588 
168 364 126 265 0.09419636 
970 61 33 62 0.09291336 
296 482 25 46 0.07229725 
521 220 147 276 0.06109377 
53 17 19 32 0.059036005 
575 294 63 155 0.042846214 
196 230 39 68 0.030483812 
373 193 93 131 0.029481938 
19 60 37 63 0.028541924 
250 183 101 166 0.02807013 
647 29 35 68 0.026998457 
1011 104 17 45 0.026773255 
947 575 22 31 0.023373535 
-3 146 27 89 0.02268503 
1001 193 23 37 0.022289874 
15 359 17 37 0.020964677 
563 35 49 95 0.020904511 
172 143 148 270 0.020601708 
