0_Parade_marchingband_1_629
366
236 365 10 15 0.99391973 
609 370 14 17 0.99156684 
35 376 11 16 0.9837801 
463 358 11 16 0.9825402 
111 373 11 16 0.98250145 
427 360 9 16 0.98058355 
636 327 10 14 0.97949 
577 321 11 14 0.97718596 
561 368 12 17 0.97236013 
508 366 13 17 0.962818 
293 353 9 13 0.96114296 
862 353 9 16 0.9547754 
428 322 9 10 0.952527 
54 334 10 14 0.9396004 
955 395 16 22 0.9321471 
393 360 10 15 0.9149195 
361 361 8 13 0.87907034 
2 348 9 14 0.8491177 
139 361 9 11 0.8206467 
326 357 9 12 0.7937022 
791 374 9 16 0.7721272 
495 332 11 11 0.74006414 
793 353 12 13 0.7281975 
537 335 9 13 0.59682983 
745 373 12 17 0.46021312 
510 391 10 17 0.4551772 
775 338 8 12 0.44811162 
272 388 8 11 0.43547875 
571 349 13 15 0.41257817 
406 326 9 11 0.41086006 
128 369 8 10 0.40823665 
287 388 9 11 0.4077075 
484 350 18 21 0.38436395 
713 335 8 13 0.38274425 
862 387 11 19 0.37863532 
825 340 9 13 0.32490173 
651 374 9 17 0.31579283 
819 357 16 30 0.2836834 
70 383 7 9 0.2751113 
531 324 7 10 0.26577964 
568 395 9 14 0.25259635 
135 361 7 10 0.22662216 
321 358 7 11 0.2231073 
164 389 6 8 0.21857105 
270 383 7 11 0.20705654 
144 361 8 11 0.20130737 
741 335 7 11 0.2004783 
151 384 5 8 0.19704773 
536 323 8 10 0.1872905 
561 327 10 12 0.18179534 
505 391 9 16 0.17800447 
721 354 8 11 0.17792141 
482 336 9 11 0.1676858 
304 395 10 10 0.16293934 
76 392 9 14 0.15688771 
715 396 9 18 0.15635087 
419 346 10 15 0.15430471 
138 359 5 8 0.14512661 
542 321 8 11 0.13814642 
735 356 8 9 0.124802105 
397 386 6 10 0.11140115 
751 378 11 15 0.10738792 
81 387 10 14 0.097892456 
164 402 8 10 0.095684715 
425 346 11 17 0.09282373 
479 346 14 18 0.081282035 
292 373 7 12 0.08100572 
550 355 9 12 0.080545776 
282 387 9 12 0.07905884 
637 359 12 18 0.0775336 
161 383 6 10 0.077098675 
864 334 8 15 0.07691616 
280 381 10 12 0.07542371 
81 397 9 12 0.07228319 
140 389 6 9 0.07022793 
500 334 10 11 0.07013901 
719 398 12 17 0.0700979 
159 375 6 10 0.06982369 
730 343 7 10 0.06698343 
757 381 9 13 0.062839724 
252 408 7 8 0.06260481 
173 369 4 7 0.06239947 
301 389 9 12 0.06060894 
312 369 7 12 0.06016663 
634 365 17 26 0.059666574 
501 393 8 13 0.05932695 
756 325 7 11 0.058885597 
414 337 10 14 0.05880443 
804 339 10 15 0.058477048 
163 395 9 10 0.057744972 
728 350 8 12 0.05765523 
831 310 6 12 0.057332803 
344 396 7 8 0.057088535 
247 392 7 11 0.05677177 
78 375 8 10 0.056730177 
863 309 7 13 0.055521 
306 407 13 13 0.054590862 
856 384 12 19 0.05318937 
646 371 9 16 0.05229552 
85 411 10 13 0.05166815 
168 369 5 7 0.051430136 
478 405 10 14 0.05085154 
101 382 8 10 0.049680613 
136 383 5 9 0.04967126 
133 374 7 9 0.04949694 
335 398 6 7 0.04937419 
849 703 14 11 0.04883146 
841 747 15 14 0.04876057 
122 401 6 9 0.048367146 
873 385 11 17 0.048359834 
751 344 6 11 0.047945756 
740 357 8 10 0.047695022 
153 409 7 8 0.047225997 
87 384 9 10 0.046772204 
534 369 12 17 0.04601331 
867 388 15 23 0.045752805 
294 342 9 12 0.04568904 
818 327 8 13 0.045687232 
839 318 6 9 0.045594275 
339 397 7 9 0.04544028 
103 376 8 11 0.04542242 
588 361 9 15 0.045309987 
868 703 14 11 0.044827662 
141 375 6 8 0.044707645 
710 394 10 17 0.044642337 
301 375 7 10 0.04448322 
46 401 7 11 0.043626573 
718 349 8 13 0.043615237 
75 381 8 12 0.043042652 
308 400 10 10 0.04265876 
937 430 11 19 0.042516846 
579 341 11 13 0.042333744 
854 697 13 9 0.042135354 
128 381 6 10 0.042091217 
153 364 5 7 0.041754987 
760 326 8 15 0.041574787 
754 362 6 11 0.04151147 
792 407 9 17 0.041348405 
370 397 6 8 0.041181397 
169 366 4 6 0.041174624 
315 362 6 10 0.040941965 
432 355 10 17 0.04024768 
577 350 13 16 0.03983969 
136 388 6 9 0.039467946 
468 385 7 13 0.03934612 
762 307 5 8 0.03885133 
119 375 7 12 0.03861108 
754 349 6 11 0.0385362 
749 363 7 10 0.038448967 
154 371 6 8 0.038355112 
540 330 9 14 0.037694152 
776 325 5 9 0.037444238 
355 382 5 8 0.037361402 
816 352 11 19 0.0371622 
718 384 19 22 0.03711997 
837 695 12 11 0.037006978 
346 434 8 11 0.03689456 
844 337 8 13 0.03663668 
96 381 8 10 0.036530998 
252 436 17 23 0.035892297 
819 309 5 11 0.03564135 
207 340 6 8 0.035394643 
228 388 7 11 0.035252158 
597 408 9 18 0.03502867 
140 383 5 8 0.034917157 
306 374 7 10 0.034902032 
154 375 6 10 0.03465235 
471 356 9 14 0.03461414 
154 404 6 8 0.03458318 
0 420 6 10 0.03449123 
124 369 6 10 0.034315746 
749 325 6 9 0.03409401 
303 396 16 18 0.034064133 
107 401 7 12 0.033895124 
148 369 6 9 0.033894666 
796 411 12 16 0.03373736 
149 377 5 8 0.033684596 
291 381 8 14 0.03368136 
337 380 7 11 0.03366593 
62 420 7 8 0.03362181 
493 349 14 17 0.0334103 
836 722 13 10 0.033119846 
789 331 6 9 0.032941546 
736 342 7 10 0.03290142 
828 354 10 17 0.03189191 
159 407 8 9 0.031839963 
698 312 6 11 0.031784497 
359 382 5 9 0.031672925 
922 406 9 11 0.0316317 
849 324 6 10 0.031604458 
874 695 13 10 0.031303324 
441 396 6 10 0.031148836 
834 300 4 8 0.031005487 
102 395 7 11 0.030581819 
100 388 8 10 0.030496838 
823 714 11 10 0.030392274 
698 395 18 25 0.030186124 
301 399 10 10 0.03014458 
931 407 18 21 0.029958978 
547 414 8 10 0.029956609 
408 334 10 15 0.029950893 
414 330 9 11 0.029945906 
160 371 5 8 0.029528579 
130 359 4 7 0.029330323 
301 370 6 10 0.029315697 
289 371 7 10 0.02907099 
474 406 7 12 0.029001536 
838 322 7 11 0.028814316 
767 329 6 12 0.028693767 
630 353 14 18 0.028517127 
554 349 9 14 0.028371094 
789 326 4 8 0.028197128 
75 314 9 14 0.028146503 
845 319 5 8 0.028126892 
802 409 13 16 0.028083704 
329 428 5 8 0.02808048 
358 401 6 9 0.02805665 
366 400 7 10 0.02788884 
231 363 9 14 0.027883055 
324 400 7 8 0.027870575 
249 361 8 13 0.027628021 
736 360 8 11 0.027551368 
539 338 12 15 0.02753894 
748 337 6 10 0.027485853 
368 364 6 10 0.02744343 
724 351 16 19 0.027364342 
496 315 10 12 0.02734715 
747 355 8 12 0.027280672 
772 343 11 17 0.027257886 
422 383 5 8 0.02723732 
70 400 7 11 0.027125698 
843 395 19 25 0.027057236 
557 342 8 12 0.027051771 
503 323 10 11 0.027000817 
788 335 7 11 0.026931267 
430 383 6 9 0.02692971 
855 372 10 17 0.026827395 
299 343 7 10 0.026806489 
435 384 5 9 0.026616126 
847 324 5 9 0.02657107 
263 389 6 9 0.026535368 
71 391 9 14 0.026445437 
820 342 15 28 0.026274862 
808 403 12 18 0.026221156 
800 342 9 13 0.026208453 
352 397 6 7 0.02613724 
432 365 9 13 0.02609119 
184 282 9 14 0.025910331 
229 382 7 10 0.025821973 
347 392 5 6 0.025809081 
77 429 6 9 0.025801266 
402 331 10 17 0.02564254 
758 313 4 7 0.025604608 
364 375 6 9 0.02557436 
641 353 13 18 0.025547016 
187 364 5 7 0.025503604 
532 334 9 13 0.025227416 
22 423 8 9 0.025130492 
136 354 5 5 0.025096342 
364 383 5 8 0.025074814 
867 652 13 10 0.025020877 
479 358 11 15 0.025019472 
869 676 11 9 0.024870653 
359 377 6 9 0.024787264 
292 391 9 12 0.024742253 
494 338 14 15 0.024723107 
755 355 6 11 0.024559297 
627 348 9 13 0.024552135 
3 391 14 16 0.024468413 
748 319 6 8 0.024431305 
759 308 4 6 0.024386147 
483 405 9 13 0.024312707 
779 331 7 11 0.024203645 
49 394 8 14 0.024184776 
190 414 8 8 0.023850149 
839 353 9 15 0.02380889 
764 399 11 15 0.023790661 
748 330 6 11 0.023714827 
829 368 11 19 0.023563907 
792 336 6 11 0.023534136 
438 359 9 15 0.023496715 
744 319 5 9 0.023448791 
780 325 6 9 0.023446422 
293 408 8 9 0.023434246 
785 405 11 18 0.023383668 
427 336 9 13 0.023352424 
780 312 5 8 0.023324383 
0 316 5 14 0.023293069 
529 319 14 20 0.023244804 
815 725 12 11 0.023226742 
726 381 11 14 0.023216147 
330 365 8 13 0.023092309 
166 375 7 10 0.02306643 
544 354 9 13 0.022843376 
149 408 6 8 0.022840025 
140 419 6 9 0.022836158 
4 419 10 10 0.02282935 
750 368 11 17 0.0228029 
311 396 8 9 0.02280288 
198 364 7 8 0.022797616 
32 336 6 9 0.022786325 
232 363 448 357 0.022732059 
430 387 5 9 0.022683395 
320 396 7 8 0.022579454 
769 349 7 11 0.022575045 
253 412 8 10 0.022486346 
965 397 15 18 0.022461904 
254 403 8 11 0.02232126 
150 395 5 8 0.022299986 
188 427 12 11 0.02225819 
180 366 5 6 0.022203641 
59 427 7 8 0.02213036 
153 395 6 8 0.022094222 
308 361 6 10 0.022061363 
403 382 6 9 0.02201469 
46 332 6 10 0.022009457 
546 418 7 11 0.021965157 
738 332 5 9 0.021962335 
806 323 7 10 0.021947687 
859 392 17 28 0.02193757 
832 315 6 12 0.02187046 
365 388 5 8 0.0216941 
840 313 5 9 0.021675114 
405 404 6 8 0.021627277 
587 330 8 11 0.02160746 
766 361 10 15 0.021578137 
296 377 16 23 0.02155529 
262 394 7 9 0.021548385 
828 315 7 13 0.021505892 
89 400 8 11 0.021487465 
802 325 6 9 0.021424362 
562 398 17 22 0.02140958 
334 376 7 10 0.021303823 
150 403 4 7 0.021208754 
109 433 6 8 0.021165866 
148 376 13 21 0.021127667 
400 365 8 12 0.0211225 
757 318 5 10 0.021044225 
328 423 5 7 0.020889051 
2 355 11 17 0.02083858 
454 392 6 11 0.020828895 
185 314 9 14 0.02081825 
440 348 9 15 0.02080582 
109 428 6 9 0.020778073 
265 383 5 8 0.020720765 
881 714 14 12 0.020719677 
64 387 8 12 0.020672813 
325 374 7 11 0.020636408 
115 397 7 9 0.020613879 
95 429 6 8 0.020611895 
707 375 32 44 0.020602668 
824 330 7 13 0.020593569 
128 387 6 9 0.020580076 
72 429 7 10 0.020577317 
850 353 9 15 0.02054522 
342 411 9 12 0.020504398 
327 382 5 9 0.020273158 
269 378 7 11 0.020267006 
104 427 6 9 0.020245103 
839 691 12 9 0.020219298 
60 335 8 13 0.020129899 
141 161 8 16 0.020116366 
387 382 4 8 0.020115279 
200 433 15 14 0.020056142 
433 337 7 10 0.02005088 
50 389 7 11 0.02002827 
