0_Parade_Parade_0_364
19
566 128 92 117 0.99991775 
366 106 85 136 0.9997862 
211 126 132 172 0.9988016 
795 169 65 88 0.9970305 
660 110 71 99 0.9969599 
981 297 11 14 0.17104937 
977 304 13 16 0.06414482 
517 541 36 45 0.0559504 
39 342 251 428 0.053140607 
454 241 29 43 0.04092451 
463 381 75 137 0.039670475 
416 553 20 46 0.031822268 
478 520 17 30 0.030773424 
-6 319 82 153 0.03059498 
971 309 12 15 0.023711057 
177 128 58 104 0.022531038 
499 549 31 36 0.02211364 
481 485 23 24 0.02170804 
1006 592 10 14 0.021244442 
