0_Parade_marchingband_1_139
51
698 258 160 117 0.9972626 
854 93 68 84 0.94560695 
460 99 24 42 0.61472917 
781 87 20 32 0.5478929 
396 92 24 38 0.48946106 
785 117 37 49 0.44014344 
305 52 28 36 0.41905653 
235 88 35 52 0.3147174 
751 320 115 82 0.27984858 
364 189 33 46 0.24389222 
686 85 20 27 0.16056614 
283 116 33 56 0.13273057 
451 184 23 48 0.1052291 
256 138 33 52 0.10151253 
749 121 40 48 0.09002922 
527 150 37 63 0.0681037 
725 117 46 56 0.06704515 
775 91 36 52 0.06542069 
183 84 19 29 0.052954614 
481 329 341 369 0.051189173 
861 96 37 35 0.048032854 
316 117 52 72 0.047574233 
957 291 18 33 0.045711245 
35 59 86 147 0.044903964 
377 158 283 376 0.0412641 
295 141 17 33 0.037047554 
772 130 30 34 0.03468414 
78 78 39 65 0.03463747 
679 28 275 324 0.03367571 
791 358 71 58 0.032134555 
133 88 38 54 0.030209329 
300 40 46 78 0.029708236 
0 83 9 20 0.029273236 
329 406 11 18 0.027449602 
712 138 15 20 0.026774326 
955 317 31 57 0.026072148 
296 97 35 61 0.024863256 
668 80 31 39 0.023830945 
254 95 35 60 0.023760315 
842 117 41 56 0.023347553 
418 267 12 20 0.02306061 
814 91 29 24 0.023013081 
737 122 25 26 0.022690218 
341 128 12 17 0.022304643 
429 203 35 67 0.021763332 
117 21 27 34 0.021469114 
650 511 117 147 0.021346707 
1025 352 18 36 0.021176035 
809 114 41 60 0.02086001 
1 24 19 28 0.020319246 
785 81 11 18 0.020161863 
