0_Parade_Parade_0_137
237
705 352 21 25 0.7822402 
953 462 12 20 0.7453141 
103 276 25 42 0.7007382 
238 470 13 16 0.62090033 
713 458 31 43 0.61688817 
963 489 23 27 0.6145596 
1016 316 10 17 0.4623476 
662 487 13 22 0.46126324 
514 348 19 22 0.34567013 
715 450 12 18 0.2715811 
751 452 13 20 0.25207847 
998 314 8 13 0.21099155 
655 457 23 30 0.20957512 
420 334 8 11 0.20544793 
736 332 9 12 0.20383975 
940 520 19 18 0.19730617 
710 556 33 31 0.16177778 
1002 312 9 14 0.1600734 
839 4 8 9 0.15175796 
747 498 42 49 0.14293878 
401 332 8 9 0.12660687 
928 368 18 25 0.12596051 
649 383 9 15 0.1239695 
252 449 14 20 0.116990544 
848 12 7 10 0.11326831 
791 2 7 8 0.113060184 
797 16 8 11 0.10444703 
851 328 27 18 0.10028745 
473 329 25 24 0.09829355 
818 8 9 11 0.09060017 
900 290 8 12 0.08544778 
1011 489 16 30 0.08060392 
409 337 8 8 0.076839365 
864 352 23 21 0.07447399 
454 443 317 406 0.07375983 
732 353 10 15 0.07259689 
671 344 8 10 0.071722865 
213 369 24 22 0.07094505 
537 195 10 14 0.06624759 
352 391 21 33 0.065995745 
997 510 19 29 0.06264782 
780 7 6 6 0.061305694 
-1 429 13 30 0.06024212 
507 354 15 15 0.05883327 
807 6 6 7 0.05807523 
985 311 6 9 0.05782678 
920 557 10 20 0.05701051 
397 343 8 8 0.054715246 
1016 283 10 17 0.054703895 
993 316 7 11 0.054566815 
416 338 7 8 0.053982127 
284 325 16 27 0.05317427 
358 353 9 11 0.052793153 
28 343 37 55 0.05236622 
422 311 6 8 0.05214999 
642 551 10 14 0.05182051 
781 10 5 7 0.050413456 
968 494 32 45 0.04952234 
691 345 5 8 0.048703928 
1005 345 10 17 0.04767712 
778 242 8 10 0.04715242 
823 3 8 9 0.046591353 
423 307 5 6 0.046491604 
404 300 5 6 0.045296688 
749 457 41 59 0.04399872 
866 6 9 7 0.043810338 
652 470 22 33 0.043505713 
788 3 7 7 0.043362375 
996 320 8 13 0.04324508 
43 460 11 21 0.042178687 
993 411 12 15 0.041773327 
991 312 7 10 0.04150695 
645 345 5 6 0.040699515 
407 332 7 8 0.039738305 
11 359 19 32 0.03939506 
929 309 7 10 0.038919795 
1012 316 8 14 0.038801767 
769 5 6 7 0.038775805 
509 331 8 10 0.03858246 
997 381 22 24 0.03815794 
478 349 10 11 0.037364293 
-91 402 462 401 0.03696122 
917 317 8 11 0.03676504 
1015 66 9 17 0.03672312 
935 552 9 12 0.03654351 
908 469 8 17 0.036157005 
663 356 6 7 0.035339963 
299 334 46 48 0.035204716 
932 363 10 14 0.03516128 
378 470 20 35 0.034914054 
688 329 6 9 0.034754172 
660 352 6 7 0.034722477 
999 431 8 12 0.03462963 
984 317 5 9 0.034479417 
830 3 7 8 0.033811696 
445 317 40 42 0.033541333 
645 349 6 7 0.03337117 
986 306 5 8 0.032940347 
22 362 10 18 0.03280915 
1022 370 18 28 0.032708023 
398 337 7 8 0.03231353 
362 350 9 10 0.032205664 
722 324 7 8 0.03198807 
146 134 30 61 0.03194211 
719 335 10 11 0.031941794 
696 346 6 7 0.03158408 
378 348 9 10 0.031495288 
299 460 32 52 0.03147428 
-1 274 5 20 0.0314472 
1021 386 20 28 0.031375434 
404 319 5 6 0.030528186 
897 368 17 14 0.030183194 
418 333 6 7 0.030005334 
447 369 11 10 0.029993296 
666 332 8 10 0.029990029 
755 452 23 28 0.02995437 
560 404 25 33 0.029839508 
246 428 18 26 0.029582111 
949 501 35 43 0.029244965 
299 202 19 40 0.029053308 
12 374 9 18 0.028396776 
415 319 5 6 0.028337369 
904 342 12 12 0.028156277 
98 264 17 31 0.02809038 
998 7 9 13 0.028001044 
838 402 25 30 0.027788972 
422 316 7 8 0.027668161 
385 302 4 4 0.027602438 
499 329 6 8 0.027466513 
1008 509 19 33 0.027269443 
3 245 6 14 0.027201617 
945 320 13 15 0.027026612 
900 337 9 11 0.026736867 
983 504 35 51 0.026664324 
643 467 21 29 0.026590597 
683 199 10 11 0.026459021 
990 306 5 8 0.026070176 
804 334 15 28 0.025986336 
301 513 33 35 0.025970744 
959 466 14 17 0.02582315 
974 452 8 9 0.025801975 
638 351 6 8 0.025786955 
319 75 47 58 0.025749946 
134 304 44 49 0.025687905 
402 326 6 6 0.025670933 
889 311 8 10 0.02562402 
1013 553 11 18 0.025606042 
801 1 4 6 0.025605585 
410 313 4 5 0.02536877 
1012 284 8 14 0.025355421 
239 403 10 19 0.025328368 
46 353 19 29 0.025232635 
994 478 21 28 0.025160613 
651 461 12 17 0.025119793 
254 303 277 415 0.02505082 
686 483 6 12 0.024927152 
685 377 15 17 0.02485383 
408 325 7 8 0.024830459 
687 344 6 8 0.024749009 
987 357 39 44 0.024704939 
443 381 20 25 0.024632694 
251 330 6 8 0.024599157 
998 284 9 13 0.024442468 
5 17 6 11 0.0241444 
1002 296 8 12 0.024055742 
895 327 9 12 0.023967488 
800 5 6 6 0.023850143 
177 316 8 10 0.023754459 
482 347 12 16 0.023621367 
396 349 10 10 0.02358361 
425 300 4 5 0.023507483 
597 394 24 28 0.023455983 
929 300 6 8 0.023431662 
250 375 7 9 0.023392325 
254 370 31 44 0.023367967 
61 343 20 25 0.02327854 
408 301 5 5 0.02314313 
213 355 20 21 0.023031332 
55 355 9 15 0.023009593 
5 356 14 32 0.022956008 
389 313 5 6 0.02289911 
490 340 11 15 0.022893652 
1006 380 11 15 0.022892911 
516 322 17 22 0.02281691 
49 342 40 52 0.022682734 
973 318 5 8 0.022588307 
390 337 7 7 0.02249941 
173 317 8 8 0.022492692 
652 358 6 6 0.022235565 
993 375 15 13 0.022196094 
762 1 4 5 0.022178257 
1011 586 18 27 0.022151323 
392 296 3 4 0.022045007 
703 358 12 16 0.022025587 
251 326 6 6 0.022021415 
227 436 11 12 0.021976667 
383 326 6 7 0.021964893 
774 5 6 7 0.021837186 
457 328 13 13 0.021792596 
209 350 39 45 0.0217312 
520 343 13 16 0.021696396 
24 356 19 32 0.021645337 
417 295 4 6 0.021576503 
190 362 11 14 0.021575915 
398 327 5 6 0.021550652 
657 391 9 14 0.021449108 
398 307 4 5 0.02142235 
244 432 30 43 0.021361899 
1019 289 15 25 0.02134604 
792 53 8 9 0.021307886 
646 357 6 7 0.021259086 
925 421 12 19 0.021167427 
638 371 22 26 0.021105278 
689 272 8 10 0.021080231 
0 321 14 37 0.02107686 
709 472 20 34 0.021076128 
985 487 23 30 0.020719439 
376 367 10 11 0.020707302 
771 353 9 14 0.020683218 
398 297 3 3 0.020587964 
659 346 5 6 0.020401986 
1010 310 8 14 0.020358836 
972 308 78 94 0.020333825 
612 390 13 15 0.020299219 
526 352 10 16 0.02025242 
774 1 5 5 0.020243295 
62 342 12 14 0.020238865 
506 335 10 11 0.02018845 
249 337 7 10 0.020186352 
235 362 10 11 0.020183116 
232 332 4 5 0.020173341 
773 301 8 10 0.02017323 
1017 344 8 17 0.020153858 
1 323 26 58 0.020087628 
262 351 10 16 0.020027895 
385 378 19 23 0.020002088 
674 348 8 9 0.020002015 
