0_Parade_Parade_0_664
1372
937 335 28 32 0.99906296 
619 338 20 30 0.9979873 
464 339 24 32 0.99737847 
658 318 18 26 0.99678886 
541 351 24 29 0.99597013 
123 324 23 23 0.99517053 
489 322 16 29 0.9939527 
195 294 13 15 0.98564076 
845 324 17 23 0.98465747 
516 313 11 19 0.9825708 
413 335 17 26 0.9737934 
807 348 19 26 0.97156346 
211 315 20 24 0.9693801 
463 299 13 21 0.96127516 
15 339 37 40 0.9544142 
171 350 22 29 0.9315336 
361 323 14 20 0.8937672 
784 327 13 15 0.8287374 
424 308 10 15 0.8124337 
34 307 17 21 0.77158594 
126 278 10 10 0.7465548 
576 309 11 15 0.68647426 
491 303 9 16 0.67849165 
976 344 19 23 0.65912545 
738 333 15 16 0.60339826 
977 321 10 13 0.5684706 
59 311 17 17 0.5305548 
882 354 25 23 0.50711405 
956 317 13 16 0.50538796 
503 297 9 13 0.47164202 
674 313 12 18 0.44412073 
557 293 8 10 0.41424584 
246 308 20 25 0.41400746 
699 314 11 15 0.41156274 
941 297 9 9 0.41055384 
344 358 21 27 0.4064123 
343 311 10 16 0.39858517 
658 301 9 10 0.3963879 
357 307 12 14 0.36275136 
110 305 14 14 0.3517349 
921 309 7 9 0.3269956 
582 327 16 21 0.32262734 
0 329 9 20 0.31528592 
634 311 8 12 0.3109968 
756 294 5 7 0.28094113 
230 298 9 12 0.27012762 
538 282 4 6 0.2651929 
371 301 9 13 0.26089695 
892 321 10 12 0.25941852 
791 313 10 12 0.25387207 
710 288 6 8 0.25198126 
893 310 10 11 0.24329722 
372 273 5 8 0.24315158 
730 287 6 7 0.24211803 
385 317 8 14 0.23548174 
313 281 6 10 0.23511833 
15 288 6 7 0.23445718 
793 294 5 7 0.23228817 
690 288 6 7 0.23200202 
980 310 11 10 0.22780067 
121 278 8 10 0.22551508 
550 278 4 5 0.21581455 
693 282 4 6 0.21540043 
701 306 8 10 0.2123785 
619 286 8 11 0.2093664 
863 342 12 15 0.20509307 
133 304 12 12 0.20225655 
696 282 5 7 0.20119658 
440 306 10 16 0.19906504 
933 299 8 9 0.19464438 
748 301 6 8 0.19230181 
530 302 7 9 0.19199587 
50 275 5 7 0.19061407 
32 269 4 5 0.19054775 
781 294 5 6 0.1881498 
116 275 6 7 0.1843614 
256 355 37 51 0.18229015 
211 297 10 11 0.18177405 
293 299 6 10 0.18031903 
724 295 6 9 0.17997657 
840 294 7 8 0.17642835 
743 287 6 8 0.17612134 
917 299 6 7 0.1759617 
546 278 3 5 0.17425665 
767 307 6 8 0.17357992 
1010 342 8 14 0.17199466 
90 290 8 10 0.17003794 
683 299 8 11 0.1698739 
951 309 8 11 0.16962978 
761 300 5 8 0.16896829 
480 276 4 6 0.16891465 
27 270 4 5 0.16838022 
607 276 4 5 0.16817988 
775 287 4 6 0.16743189 
633 282 5 6 0.16741705 
699 296 6 7 0.16695894 
999 304 7 9 0.16677424 
593 300 7 10 0.16631871 
654 281 3 5 0.16459678 
795 288 4 6 0.16336499 
370 285 6 9 0.16269165 
339 314 9 17 0.1615484 
505 281 5 7 0.16085313 
550 281 5 5 0.15984799 
826 294 6 9 0.15959562 
179 288 7 7 0.15898216 
321 281 5 9 0.15884827 
796 284 3 5 0.15775372 
357 299 10 11 0.15695105 
764 323 9 12 0.15675421 
718 281 4 5 0.15603086 
7 269 4 6 0.14903355 
686 289 6 7 0.14825593 
578 282 5 7 0.14722215 
12 275 4 6 0.14563031 
776 285 3 4 0.14325991 
288 298 8 11 0.14160842 
303 287 5 7 0.14024626 
685 293 6 8 0.1401169 
57 258 3 5 0.13903445 
920 297 5 6 0.13872756 
788 294 5 6 0.13815722 
1006 295 5 5 0.1379918 
597 287 5 8 0.1373408 
605 297 7 13 0.13731743 
494 276 4 5 0.13638985 
46 274 5 8 0.13500316 
62 300 8 9 0.13473594 
936 289 5 6 0.13406344 
536 309 10 12 0.13359249 
21 271 3 4 0.13058436 
164 305 9 12 0.1301127 
744 283 4 5 0.12763149 
501 281 5 7 0.12733395 
974 300 7 7 0.1272751 
682 314 9 16 0.12687428 
549 300 6 10 0.12652057 
405 277 4 5 0.1265103 
53 258 4 5 0.1263205 
325 281 4 8 0.12599172 
577 288 5 7 0.124208234 
289 276 5 8 0.122261465 
48 311 11 12 0.12173858 
755 289 5 7 0.12087318 
570 299 7 9 0.120591216 
69 287 8 9 0.12037623 
498 307 8 13 0.11961818 
660 281 3 5 0.11953118 
262 282 10 10 0.118862025 
883 289 4 5 0.118287444 
544 280 5 6 0.11827481 
800 288 3 5 0.11818105 
83 306 7 10 0.116335906 
459 343 11 20 0.11621388 
204 318 9 14 0.1160478 
730 283 5 6 0.115958154 
381 286 6 9 0.11559421 
26 276 4 5 0.11554623 
338 279 6 9 0.11533725 
908 283 4 4 0.11521699 
106 299 9 11 0.11521348 
909 289 5 5 0.114202246 
238 276 5 7 0.114138156 
114 271 5 6 0.11300616 
898 283 4 4 0.1125994 
762 305 8 10 0.11244824 
334 265 4 7 0.11189258 
557 278 3 4 0.11185932 
322 292 5 9 0.111578636 
882 294 5 7 0.11097644 
835 331 20 21 0.11027877 
513 289 5 7 0.110210285 
673 282 4 5 0.11002328 
813 289 4 5 0.11001612 
158 304 9 13 0.109698944 
936 317 12 13 0.10962909 
1014 321 10 16 0.10957167 
774 307 5 8 0.108963154 
749 283 4 5 0.10871418 
909 295 5 7 0.108432256 
934 296 6 6 0.10841026 
486 306 10 18 0.108085066 
377 290 8 13 0.10746057 
576 295 5 7 0.107275166 
817 305 9 15 0.10660142 
376 274 5 7 0.10631584 
756 299 6 7 0.10621348 
907 301 5 6 0.10618329 
39 275 4 7 0.1061742 
755 282 4 5 0.10586423 
987 294 5 6 0.105807714 
33 277 4 5 0.105614334 
890 288 4 6 0.10508809 
46 264 4 4 0.10488177 
687 314 9 16 0.10461432 
13 258 3 5 0.10448771 
40 270 4 5 0.10396204 
870 327 10 14 0.10341116 
66 252 3 4 0.1032262 
661 279 3 4 0.10314501 
706 288 5 6 0.10213741 
859 298 6 8 0.10212328 
39 288 7 8 0.10199728 
334 278 6 10 0.1014165 
110 274 5 7 0.10097636 
748 288 5 7 0.10090876 
550 295 5 8 0.099508874 
903 282 5 5 0.09941017 
782 290 4 5 0.099335566 
135 327 14 15 0.09928585 
377 271 4 5 0.09827869 
826 284 3 4 0.09779002 
765 351 17 23 0.09638288 
564 282 4 6 0.09630184 
702 296 5 6 0.09592985 
272 279 7 9 0.09582707 
352 276 4 6 0.09533204 
248 277 5 6 0.09506989 
788 290 4 5 0.09470918 
274 311 9 11 0.09447916 
84 275 5 6 0.09396832 
678 282 4 5 0.093768895 
877 294 6 7 0.09358055 
992 294 4 6 0.09341056 
320 310 7 14 0.092957884 
42 291 8 10 0.09285827 
487 272 3 4 0.092407376 
743 293 6 6 0.09167503 
325 292 7 12 0.09128395 
722 344 38 37 0.09126573 
1 269 4 6 0.09097052 
800 284 3 5 0.0909586 
851 288 4 6 0.09070127 
33 266 3 4 0.09031461 
343 333 12 18 0.09014715 
273 276 5 7 0.08988528 
667 281 3 5 0.08970581 
307 287 5 8 0.08938903 
383 325 11 22 0.08865226 
333 287 7 11 0.087907664 
728 294 7 10 0.08782709 
500 277 4 5 0.087464266 
262 268 5 6 0.08722198 
44 270 5 6 0.08692137 
696 287 5 6 0.08655467 
439 300 8 12 0.086471625 
389 296 9 11 0.086262345 
782 283 3 4 0.08592756 
421 288 5 8 0.08589312 
170 301 8 9 0.085890226 
826 289 3 5 0.08573174 
821 284 3 4 0.08572744 
222 280 6 9 0.08568014 
235 263 5 7 0.08565142 
539 278 4 5 0.08556429 
671 296 6 8 0.08533948 
596 281 5 6 0.085259564 
142 270 5 8 0.0850157 
442 281 5 8 0.08456075 
535 282 3 6 0.08440147 
46 247 3 4 0.08431746 
267 280 8 9 0.08427854 
452 262 5 9 0.08418936 
775 295 4 6 0.08395889 
506 278 3 5 0.083664626 
321 286 5 9 0.08346258 
537 286 5 7 0.08281719 
525 301 8 9 0.08182129 
581 282 5 6 0.081421375 
655 300 6 9 0.08139358 
525 282 4 5 0.081270844 
759 296 4 6 0.08121594 
118 280 6 8 0.08110601 
638 314 9 14 0.081074275 
383 282 5 8 0.08099863 
384 269 4 5 0.080610186 
79 270 3 5 0.080522925 
45 249 3 5 0.08020027 
858 305 8 10 0.080093436 
64 277 4 5 0.079736166 
33 257 3 4 0.0791283 
590 278 4 5 0.079046495 
526 277 4 5 0.07901606 
558 282 3 6 0.078738764 
9 275 4 6 0.07869019 
236 269 5 6 0.0783303 
21 276 4 5 0.07829601 
154 303 8 11 0.07768048 
476 276 4 6 0.07764302 
223 276 6 8 0.07759535 
38 282 5 6 0.077569775 
839 289 5 5 0.077534236 
829 295 7 8 0.07702827 
404 282 3 5 0.077018045 
494 272 3 4 0.07682352 
59 252 3 4 0.07681823 
487 276 3 5 0.07666339 
111 269 5 8 0.07592276 
533 287 5 7 0.075902954 
532 277 3 5 0.07552675 
558 289 5 7 0.0754048 
40 251 4 5 0.075388 
417 287 5 9 0.0752491 
288 269 3 6 0.07490395 
743 301 7 8 0.07449281 
868 306 7 9 0.07429677 
604 276 4 6 0.07359718 
66 257 3 5 0.07355944 
500 299 7 11 0.07351068 
312 291 6 10 0.07298781 
930 300 6 7 0.07277111 
986 291 4 5 0.07269323 
800 295 5 7 0.072686635 
967 306 6 7 0.07267007 
235 237 4 6 0.072419904 
423 277 4 5 0.072223544 
734 294 7 8 0.072208986 
711 284 4 4 0.07211184 
705 284 3 5 0.07179589 
724 282 4 5 0.07169859 
258 268 4 6 0.07149651 
829 339 15 16 0.07136628 
476 258 3 6 0.071330026 
381 292 9 13 0.07121404 
925 308 7 8 0.07105466 
770 339 10 12 0.07089779 
808 284 3 4 0.07086249 
776 301 5 6 0.07086189 
665 279 3 3 0.07069725 
444 277 3 5 0.070400216 
284 269 4 6 0.07022967 
590 300 6 8 0.07007406 
370 324 15 24 0.06989057 
265 314 11 14 0.06982118 
469 282 4 6 0.06975897 
33 252 3 5 0.06947079 
58 263 4 4 0.06942149 
1003 302 6 7 0.069404595 
719 279 3 4 0.069340914 
39 265 3 4 0.06893743 
108 281 6 7 0.06876405 
358 282 4 6 0.06861823 
885 284 3 5 0.06859222 
640 284 4 4 0.06840183 
862 311 8 11 0.06834197 
53 252 3 4 0.068282746 
14 283 4 6 0.06819028 
13 264 4 5 0.06812425 
686 278 3 4 0.06785552 
692 279 3 4 0.06732346 
85 272 3 5 0.067101955 
793 299 6 7 0.066901036 
376 336 9 18 0.066716895 
410 281 4 6 0.06656229 
27 258 3 4 0.066543624 
292 277 5 6 0.06625835 
480 299 6 11 0.06624681 
12 314 10 15 0.066130735 
701 299 7 8 0.06606625 
279 306 7 10 0.06599533 
862 296 5 7 0.06597102 
418 277 3 5 0.06595144 
223 269 4 5 0.06588835 
283 295 6 8 0.06553262 
686 283 4 5 0.06540874 
52 263 3 4 0.06532213 
20 264 2 4 0.065208636 
917 308 6 7 0.065005414 
789 284 3 4 0.064980574 
386 232 2 4 0.06493769 
872 277 4 5 0.064907655 
354 282 3 6 0.064825535 
422 282 4 6 0.064758174 
8 265 3 5 0.06435884 
714 289 5 7 0.06425824 
560 318 8 13 0.064238854 
328 276 4 7 0.06407418 
851 294 5 7 0.0640638 
357 295 8 9 0.063661315 
807 317 7 13 0.06333655 
691 304 7 11 0.063120484 
520 300 7 9 0.0629144 
59 282 4 6 0.06286369 
243 280 6 7 0.0628309 
352 271 3 5 0.06279252 
295 288 5 8 0.06278242 
308 283 5 8 0.06276121 
9 300 8 10 0.06260235 
380 342 15 26 0.062587164 
177 340 21 26 0.06245549 
283 265 4 5 0.06242879 
373 293 6 11 0.062228277 
1007 290 3 6 0.06215395 
833 224 3 5 0.062137168 
417 282 4 6 0.062081046 
900 306 8 8 0.06166723 
13 271 3 5 0.0611328 
616 286 6 10 0.061056532 
869 311 7 9 0.06103701 
284 275 4 6 0.06076269 
689 292 6 8 0.060738936 
648 282 4 5 0.06067666 
60 306 12 13 0.060655624 
876 356 13 16 0.06064497 
83 281 5 7 0.060614508 
429 276 3 5 0.060530636 
64 271 4 4 0.060498953 
28 265 3 4 0.060424 
914 339 18 21 0.0602541 
60 277 4 5 0.060184494 
807 194 3 5 0.060097992 
814 284 2 4 0.05983703 
59 270 4 5 0.05971012 
608 273 3 4 0.059495654 
603 294 7 9 0.05932779 
349 329 10 16 0.059281558 
930 297 4 5 0.059174247 
878 284 4 4 0.05903324 
501 294 6 9 0.058885425 
620 283 5 7 0.058801223 
723 278 3 4 0.058677893 
482 272 3 4 0.058603477 
88 276 4 6 0.058532994 
360 296 15 18 0.058458596 
479 259 3 5 0.058293078 
998 290 4 5 0.058277708 
783 312 6 7 0.058253538 
813 309 9 15 0.058136113 
293 280 4 7 0.05795226 
247 307 11 13 0.05764343 
690 300 6 10 0.05758539 
571 296 5 7 0.057561986 
347 276 3 6 0.057216205 
474 282 3 5 0.057158124 
505 288 5 7 0.057033855 
600 288 6 8 0.056860894 
203 312 9 13 0.05673079 
161 314 12 16 0.056573085 
757 278 3 4 0.05654435 
448 292 7 13 0.056214206 
531 272 3 4 0.056139573 
903 289 5 6 0.056078024 
70 252 3 4 0.056040585 
91 219 3 6 0.055845156 
321 277 4 6 0.05583685 
940 290 5 5 0.05578277 
203 336 10 14 0.0556861 
64 295 6 8 0.055678476 
372 226 4 5 0.05555497 
749 295 5 6 0.055535957 
34 281 5 6 0.055167187 
367 275 4 5 0.05515327 
977 296 6 6 0.055051606 
21 260 3 4 0.05504387 
358 289 4 6 0.054905377 
626 287 5 8 0.05480941 
808 289 4 5 0.05463252 
574 300 8 9 0.054581556 
494 281 4 7 0.054542296 
993 302 5 6 0.05422879 
436 276 3 5 0.05412525 
79 252 3 4 0.054112997 
902 295 6 6 0.054103833 
310 332 9 21 0.05391029 
18 292 6 7 0.053894266 
494 296 5 7 0.053858366 
788 301 5 6 0.053760648 
183 331 17 20 0.053701494 
870 290 5 5 0.05357113 
325 287 5 9 0.05353732 
616 278 3 3 0.053520042 
84 252 3 5 0.053479865 
630 282 5 6 0.053377617 
315 272 3 4 0.053196885 
179 292 9 9 0.0531086 
70 258 3 4 0.053107485 
158 301 7 9 0.053032085 
110 264 4 5 0.052934505 
518 294 5 7 0.052860912 
314 276 4 6 0.052799303 
952 300 6 7 0.052740984 
409 277 4 5 0.052535083 
595 294 5 8 0.052502483 
89 270 4 5 0.05224188 
1010 327 10 14 0.052215394 
75 287 6 8 0.052209664 
367 284 4 6 0.052175723 
971 337 17 23 0.05213447 
1020 294 5 7 0.052129332 
18 282 6 7 0.052034486 
826 278 3 4 0.051980063 
627 299 6 8 0.051939666 
570 282 4 6 0.051913526 
889 284 4 4 0.051896498 
537 300 7 9 0.05186454 
83 226 3 5 0.051854845 
307 293 6 8 0.051796712 
530 317 17 25 0.05167953 
70 283 5 7 0.051566422 
480 333 17 26 0.051405013 
663 299 8 11 0.051380727 
641 288 4 5 0.051125742 
1020 289 4 6 0.051025927 
79 245 2 4 0.050994188 
876 298 6 8 0.050978318 
263 265 4 6 0.050959885 
257 265 4 5 0.05095009 
866 289 4 5 0.050862428 
890 295 5 6 0.05078355 
591 329 10 15 0.050679076 
734 288 5 7 0.050540656 
582 288 4 7 0.0505015 
283 298 16 25 0.05043034 
244 277 5 6 0.050416384 
879 290 4 5 0.050357763 
72 263 3 5 0.050319735 
869 300 7 8 0.049940918 
731 278 3 4 0.049875893 
513 277 3 5 0.04984679 
90 250 3 6 0.049808975 
510 318 11 21 0.04978276 
102 308 14 19 0.04970365 
320 270 3 5 0.049502637 
324 305 7 11 0.049371827 
635 278 3 4 0.04936786 
52 271 4 5 0.04923913 
8 281 5 6 0.04892976 
653 304 7 11 0.048856378 
672 348 15 29 0.048835427 
183 294 9 9 0.048627883 
283 299 7 10 0.048583694 
747 317 9 12 0.048554655 
329 269 4 6 0.04850576 
257 276 5 5 0.04846491 
167 300 7 9 0.04843829 
782 308 5 7 0.048382122 
650 279 2 4 0.04835862 
399 276 3 5 0.04834868 
89 245 3 4 0.04812015 
350 306 8 12 0.048048455 
900 323 10 11 0.04802761 
480 280 4 6 0.047996372 
871 294 6 7 0.047771566 
1012 332 15 23 0.047649685 
1017 308 6 8 0.04763877 
916 277 4 5 0.04760173 
263 238 4 5 0.047495175 
786 307 5 7 0.0474797 
913 334 15 15 0.047427014 
563 258 4 3 0.04726977 
601 280 5 6 0.047069225 
65 264 4 4 0.047052808 
23 313 19 23 0.047049582 
1 264 3 5 0.046882626 
11 304 16 20 0.046867892 
106 329 18 24 0.046675265 
238 280 6 7 0.046566628 
354 289 4 6 0.046510942 
93 315 11 16 0.04644884 
526 264 3 4 0.04636548 
822 279 2 3 0.04631934 
250 269 3 5 0.0462913 
10 258 3 4 0.046229575 
543 299 6 9 0.046200864 
621 278 3 4 0.046178404 
839 285 4 5 0.046167836 
484 309 17 30 0.046094224 
896 289 5 5 0.04608431 
707 329 17 25 0.045864943 
726 288 5 6 0.04572474 
226 322 11 15 0.04563931 
768 311 6 8 0.045594804 
1019 281 4 7 0.04556522 
45 280 4 6 0.045561444 
821 289 3 5 0.04553939 
519 258 3 5 0.045487687 
218 287 6 8 0.045486048 
645 310 8 14 0.045481335 
70 277 5 5 0.045440838 
780 301 4 6 0.04542781 
517 290 4 6 0.045285653 
564 278 3 5 0.04525002 
789 279 3 4 0.045228973 
891 307 8 9 0.045198347 
359 270 3 5 0.045153093 
771 295 4 5 0.045036558 
760 311 7 9 0.04498143 
785 316 11 13 0.04495608 
543 305 7 11 0.04493048 
647 289 5 6 0.0449248 
923 289 5 5 0.044862326 
850 250 4 6 0.044784095 
928 288 5 6 0.044779323 
500 322 13 24 0.044606972 
614 292 8 12 0.04454216 
993 291 4 5 0.044537272 
95 218 4 6 0.04450221 
51 246 3 4 0.04447361 
447 347 7 13 0.044417344 
78 283 4 6 0.044282302 
903 279 4 4 0.04427303 
0 257 3 5 0.044146854 
379 232 2 4 0.04406149 
232 232 5 6 0.043875072 
921 269 5 5 0.043840583 
680 279 3 3 0.043800958 
447 281 4 7 0.043784156 
737 278 3 4 0.043765176 
353 265 3 4 0.043737244 
994 305 5 8 0.043729205 
502 288 5 7 0.043677513 
545 296 4 6 0.043535285 
253 294 8 9 0.043510307 
41 246 3 4 0.04349839 
480 263 3 4 0.043493528 
527 328 11 15 0.04331485 
723 354 19 18 0.043274835 
817 344 19 23 0.0432404 
570 303 8 12 0.043221425 
68 291 7 8 0.042991605 
476 263 3 5 0.042931058 
295 271 3 4 0.042769026 
561 297 6 9 0.04272092 
325 287 13 22 0.04268866 
501 264 3 4 0.042672038 
487 301 7 12 0.042640105 
954 296 6 6 0.042639684 
305 299 7 10 0.042637832 
301 298 5 10 0.042613428 
633 286 5 7 0.04251181 
852 299 6 7 0.04229789 
735 300 7 8 0.042261995 
890 300 6 6 0.04222717 
346 281 3 6 0.04221991 
965 331 11 18 0.0421608 
761 277 3 4 0.04206559 
814 294 4 6 0.042064223 
436 271 2 4 0.041988704 
597 297 16 24 0.041974064 
348 271 3 5 0.04188862 
346 300 5 8 0.041813463 
367 271 3 5 0.041791763 
270 270 4 6 0.041604124 
627 294 5 8 0.04159019 
283 281 5 7 0.04153677 
24 305 10 12 0.04151383 
755 312 8 10 0.041486755 
999 295 4 6 0.04141515 
806 296 4 5 0.041296635 
458 290 9 16 0.041188307 
8 296 5 6 0.041183967 
308 272 3 4 0.041144967 
552 264 3 4 0.041030087 
64 281 5 6 0.04102852 
257 316 18 22 0.04095779 
13 292 6 8 0.040946517 
385 277 4 5 0.040709633 
716 293 5 8 0.040644664 
14 224 3 7 0.040643767 
288 296 5 7 0.04057643 
618 296 9 12 0.040501505 
287 265 4 5 0.040491052 
38 258 4 4 0.04045086 
895 295 5 6 0.040433574 
28 253 3 4 0.040406335 
595 278 4 5 0.040398624 
60 247 2 3 0.040379606 
1020 301 5 7 0.040372826 
210 303 10 11 0.040300876 
354 257 3 4 0.040280595 
831 365 24 33 0.04024841 
896 302 6 6 0.040213652 
341 306 7 12 0.0401574 
856 324 18 23 0.04010081 
6 355 24 27 0.04008055 
283 239 4 5 0.040074516 
833 289 4 5 0.039967116 
1009 295 4 6 0.039887063 
653 279 3 4 0.039855156 
358 277 4 6 0.03979065 
435 308 9 15 0.039760124 
488 265 3 4 0.039755955 
898 278 4 5 0.03969727 
694 321 18 26 0.039544508 
604 272 3 4 0.039473142 
486 295 5 7 0.039395526 
980 290 4 5 0.039325364 
570 289 5 6 0.03924726 
356 314 14 18 0.039237726 
646 293 5 8 0.039225798 
302 271 4 4 0.039218146 
735 283 4 5 0.03909939 
678 303 9 13 0.039062615 
673 279 2 3 0.03892789 
224 298 8 10 0.03886025 
570 257 4 4 0.03885628 
380 283 5 7 0.03877137 
966 304 5 6 0.038558856 
335 316 7 14 0.038484674 
551 289 4 6 0.038429916 
762 283 4 5 0.038427148 
688 323 14 26 0.03835872 
770 289 4 6 0.038213715 
869 353 11 15 0.038164515 
78 300 6 8 0.03814418 
454 296 16 26 0.03812572 
927 284 5 5 0.038062934 
1011 302 4 5 0.037961256 
406 272 2 5 0.03787946 
365 226 3 4 0.037866153 
77 294 6 7 0.037852004 
346 295 5 8 0.037833456 
282 289 5 7 0.037800163 
275 270 4 6 0.03777862 
878 270 4 5 0.037743866 
270 311 18 20 0.037740827 
526 288 4 6 0.03770442 
852 244 3 5 0.03763147 
359 257 3 4 0.03763136 
608 289 5 8 0.037626017 
103 263 3 5 0.037590045 
409 286 6 11 0.037520476 
403 285 6 10 0.037470106 
846 289 4 5 0.0374646 
36 300 10 12 0.037461795 
810 313 8 16 0.037428413 
924 284 4 5 0.037425086 
731 269 3 5 0.037308525 
820 295 4 6 0.037268553 
806 197 4 5 0.03724629 
511 282 4 5 0.03722318 
578 312 17 23 0.03719388 
971 306 7 8 0.037082925 
500 271 3 4 0.037035692 
884 310 8 11 0.03691183 
746 334 23 26 0.036902864 
761 289 4 6 0.036891468 
438 283 4 6 0.03669687 
338 265 4 5 0.03664188 
1013 308 6 7 0.036629632 
245 270 5 5 0.03655608 
820 301 6 9 0.036530554 
140 281 6 8 0.036522917 
539 272 3 4 0.036512416 
871 283 4 5 0.036475897 
242 313 13 16 0.03638613 
263 257 3 4 0.036365546 
415 305 8 14 0.03632759 
142 324 11 15 0.036318857 
745 321 12 18 0.036212385 
652 288 5 7 0.0360853 
813 194 3 4 0.036039583 
899 340 13 14 0.035935566 
410 272 3 4 0.03592508 
989 341 12 16 0.035901155 
773 312 6 7 0.035884026 
1005 314 5 7 0.035773616 
571 311 9 14 0.03576419 
234 294 10 11 0.035757694 
347 314 10 17 0.035650544 
851 284 3 5 0.0356244 
833 284 3 5 0.035527 
681 288 4 6 0.035515007 
519 276 4 6 0.035457462 
378 227 3 5 0.03542154 
601 301 8 13 0.035385966 
322 298 5 10 0.035175472 
962 303 5 5 0.035156805 
363 295 7 8 0.03509918 
796 328 11 14 0.03497885 
587 304 8 11 0.034957666 
909 279 3 4 0.034764685 
877 278 4 4 0.034740623 
709 306 6 8 0.034666624 
549 307 8 13 0.03455357 
737 270 4 4 0.034549657 
132 285 8 9 0.03449926 
531 295 5 7 0.034497872 
181 285 4 5 0.03446566 
671 320 17 25 0.034449782 
589 289 5 6 0.03437103 
0 288 4 7 0.034341216 
711 300 5 7 0.03429729 
65 288 6 7 0.034282926 
686 295 13 19 0.034278505 
448 288 6 9 0.0342612 
353 293 6 8 0.03424734 
501 308 10 15 0.034245893 
86 244 2 4 0.034157198 
352 232 3 4 0.03411802 
192 288 8 7 0.034082696 
539 296 5 7 0.03406557 
107 294 8 9 0.033957917 
867 333 11 17 0.03390802 
131 277 8 9 0.033883538 
85 239 2 5 0.033825435 
237 287 6 7 0.03381154 
1021 288 15 21 0.033803847 
563 288 4 6 0.033747256 
347 258 3 4 0.033724196 
751 279 2 4 0.033695042 
583 278 4 5 0.033648387 
920 303 14 18 0.033600166 
380 299 17 22 0.03353958 
565 253 2 3 0.03348723 
899 311 9 10 0.033423986 
525 296 5 6 0.03341043 
782 280 3 4 0.033394497 
908 307 6 7 0.033389088 
559 258 3 4 0.03338272 
578 278 3 4 0.03334741 
830 313 8 9 0.033296343 
160 296 5 7 0.033290174 
468 284 5 10 0.033274096 
641 295 5 7 0.033266794 
268 264 5 6 0.033256784 
339 268 4 6 0.033243965 
47 259 3 4 0.033236198 
915 290 4 4 0.03319689 
287 239 3 4 0.03319092 
275 257 4 5 0.033172313 
361 226 3 4 0.03315992 
137 310 11 11 0.033136126 
972 312 8 8 0.033013824 
89 256 3 6 0.03300049 
481 295 4 8 0.032983407 
917 270 4 5 0.032966554 
442 294 14 25 0.03294228 
598 326 11 19 0.032905832 
802 195 4 4 0.03286826 
475 271 4 5 0.032850634 
527 271 3 4 0.032848332 
103 304 10 13 0.03283704 
296 233 3 5 0.03281611 
302 293 5 8 0.032813415 
640 299 5 7 0.032808512 
494 264 3 5 0.032751992 
404 239 3 3 0.03273954 
940 305 8 9 0.032710336 
96 317 19 23 0.032633673 
378 250 4 6 0.032615352 
824 310 8 13 0.032578763 
13 185 4 7 0.032576278 
866 284 4 5 0.032560468 
612 288 14 22 0.032545704 
561 312 7 10 0.032442085 
667 289 4 6 0.03241883 
800 199 5 5 0.032358535 
544 272 3 3 0.032329228 
13 192 4 7 0.032320015 
872 271 3 4 0.03223922 
736 304 9 9 0.032233257 
309 276 3 5 0.032231294 
959 290 5 6 0.03222929 
1018 308 15 23 0.03214074 
469 276 3 6 0.032133557 
446 276 4 6 0.032080133 
83 294 6 8 0.032060757 
398 272 3 4 0.032031577 
1018 311 7 10 0.032025382 
184 288 5 6 0.032000702 
616 283 4 6 0.0320007 
85 257 2 4 0.031945057 
235 233 4 5 0.031944115 
724 282 18 21 0.031938475 
768 302 4 6 0.031887878 
519 271 3 5 0.031865556 
501 259 2 3 0.031788923 
104 282 5 6 0.031721316 
646 323 8 13 0.03171842 
788 348 19 26 0.031640712 
93 299 9 12 0.031619675 
436 296 5 7 0.031552732 
756 306 6 8 0.031501863 
164 326 12 15 0.03149853 
292 323 10 18 0.031412892 
257 280 8 8 0.031404138 
306 305 6 11 0.031403657 
585 310 9 14 0.03137298 
794 279 3 4 0.03137272 
869 317 9 13 0.031354655 
388 314 15 27 0.031339537 
507 259 2 3 0.03126984 
391 271 3 4 0.031244658 
934 305 7 7 0.031222615 
1014 283 3 4 0.031184575 
91 223 3 6 0.031165497 
724 206 4 7 0.031097963 
647 300 5 7 0.031080458 
275 264 4 5 0.031075114 
561 305 7 11 0.031050537 
449 266 5 10 0.03100421 
443 270 4 5 0.030998433 
79 275 4 6 0.030941913 
884 278 4 4 0.03089559 
961 283 4 4 0.030882897 
79 240 2 4 0.030803723 
251 265 4 5 0.030770825 
1019 277 4 7 0.030763716 
488 282 3 6 0.030755086 
781 317 9 11 0.03067315 
936 284 4 5 0.030538244 
80 226 3 5 0.030505799 
731 265 4 6 0.030502167 
520 335 15 24 0.030456109 
140 231 5 7 0.03035705 
473 287 5 8 0.030302763 
256 286 8 9 0.03028956 
518 308 9 13 0.030283673 
1031 327 14 25 0.030189952 
695 302 15 20 0.03013281 
245 245 3 4 0.030083746 
315 265 3 4 0.029955631 
398 233 3 4 0.029933566 
33 246 2 3 0.029908579 
554 303 10 14 0.029854301 
138 318 13 14 0.029795965 
683 327 9 16 0.029777817 
570 277 3 5 0.029726552 
329 265 3 5 0.029717209 
514 258 3 4 0.029699784 
616 263 3 5 0.029686604 
708 312 7 10 0.02967379 
801 279 3 4 0.029612562 
966 290 5 5 0.029585542 
102 287 6 8 0.029579721 
832 194 3 4 0.029501714 
77 265 3 4 0.029456675 
89 282 5 6 0.029456511 
770 284 3 4 0.029406372 
282 243 3 5 0.029350651 
638 308 6 9 0.029340545 
778 347 11 18 0.029337686 
442 296 5 8 0.02933733 
84 231 3 5 0.029292759 
81 301 7 9 0.029265866 
79 232 3 4 0.029200073 
403 311 8 13 0.029194802 
25 281 4 6 0.02916553 
744 279 2 3 0.029146021 
7 288 4 7 0.029108007 
0 275 4 6 0.02907775 
739 309 12 13 0.029044619 
391 232 3 4 0.02904137 
959 295 5 5 0.028996116 
52 281 4 6 0.028989028 
72 327 12 16 0.02897576 
59 288 4 7 0.028930683 
224 265 3 6 0.02891886 
687 281 16 20 0.02890795 
219 277 6 7 0.02890341 
317 239 3 4 0.028886832 
385 244 4 5 0.028878994 
261 288 11 12 0.028851444 
442 285 5 7 0.028838422 
301 305 5 10 0.028709078 
258 310 14 16 0.028698755 
428 282 4 6 0.028556298 
712 279 3 3 0.028527748 
606 353 14 27 0.028526992 
316 310 15 27 0.028496584 
269 233 4 4 0.028475657 
559 253 2 4 0.02844148 
648 259 3 4 0.02843031 
229 309 9 11 0.028419457 
221 286 7 8 0.02840707 
128 271 6 7 0.028372971 
0 230 3 6 0.028365847 
712 186 4 6 0.028351894 
634 296 4 6 0.028272646 
316 233 3 4 0.02825851 
591 258 3 4 0.028212525 
6 360 9 14 0.028176976 
320 244 3 5 0.028151149 
468 270 3 6 0.028112859 
902 328 18 20 0.028111387 
71 272 3 4 0.028102946 
319 239 3 4 0.028086273 
487 289 4 6 0.028066372 
3 314 16 26 0.028015675 
28 198 4 7 0.02800517 
90 264 3 6 0.027982542 
725 192 4 6 0.027969033 
13 252 3 4 0.027963625 
399 283 4 5 0.027962431 
170 308 10 13 0.02795847 
955 290 5 5 0.027949259 
940 313 16 19 0.027939392 
452 289 9 16 0.027911307 
553 288 15 20 0.027871154 
146 227 6 9 0.027867239 
77 305 8 10 0.027811596 
113 293 8 9 0.02780253 
851 269 3 5 0.027781064 
616 259 3 4 0.027775599 
776 278 3 4 0.027765803 
506 264 3 4 0.027718112 
916 283 3 4 0.027715702 
596 258 4 4 0.027661618 
262 276 6 6 0.027610939 
313 298 5 9 0.027609685 
800 299 5 7 0.027598806 
86 220 3 5 0.027566984 
78 326 13 16 0.027542911 
379 266 4 5 0.027522475 
453 278 7 11 0.02743414 
689 393 45 53 0.027432239 
446 340 15 27 0.027357584 
818 324 8 13 0.027353616 
120 301 8 10 0.027352655 
121 272 5 5 0.02734353 
416 291 6 10 0.027334772 
15 229 3 6 0.027322624 
917 311 7 9 0.027315006 
22 180 4 8 0.02731319 
320 265 3 4 0.027283171 
338 342 19 23 0.027264863 
960 306 7 7 0.027259553 
193 284 4 5 0.027257852 
851 276 4 5 0.027183466 
236 257 4 7 0.027165383 
751 320 16 21 0.027148055 
601 318 9 15 0.027144048 
577 351 19 33 0.027125167 
97 214 3 4 0.027074113 
40 347 22 28 0.027064538 
12 179 4 8 0.02699522 
139 234 6 11 0.026975693 
196 290 9 10 0.026951589 
411 239 3 4 0.026951278 
974 270 3 5 0.02693537 
100 341 20 26 0.026931908 
233 258 4 7 0.026898265 
570 253 3 4 0.026845813 
52 241 2 3 0.026779097 
493 288 4 6 0.026773293 
516 351 10 19 0.026658038 
602 259 4 4 0.026635515 
647 264 4 4 0.026583845 
308 227 3 3 0.026539735 
390 283 4 6 0.02653787 
86 264 3 4 0.026521549 
233 268 4 6 0.026519481 
191 393 41 53 0.026498279 
831 330 12 14 0.026475593 
877 251 4 6 0.026401943 
540 258 3 4 0.026347738 
551 272 3 3 0.026310777 
615 272 3 4 0.026297452 
1006 329 7 11 0.026229953 
208 311 12 13 0.026202574 
806 300 4 6 0.026184771 
714 330 8 14 0.02615458 
949 306 16 20 0.026128994 
373 231 3 5 0.02611244 
368 317 12 17 0.026110929 
973 289 5 5 0.026056685 
65 246 2 3 0.02604956 
609 264 4 4 0.02602625 
200 276 4 5 0.025965635 
354 253 3 3 0.025946356 
872 244 4 5 0.025862861 
828 195 3 3 0.025858788 
430 225 5 6 0.025821494 
0 319 5 15 0.025813855 
634 300 4 6 0.025794605 
337 292 6 11 0.025779735 
697 278 3 4 0.025774755 
427 326 10 18 0.025708348 
558 272 3 3 0.025692748 
581 295 5 6 0.025687981 
814 198 4 5 0.025678836 
209 326 13 15 0.025658542 
672 288 5 7 0.025629666 
335 258 3 4 0.02561722 
98 263 4 6 0.025610784 
519 323 15 23 0.025586568 
258 233 4 5 0.025573017 
848 295 18 22 0.025522457 
172 295 7 7 0.02550604 
278 245 3 5 0.025489997 
0 282 3 7 0.025475256 
609 259 4 4 0.025459131 
830 317 10 13 0.025453907 
469 263 3 5 0.025452334 
448 264 16 28 0.02544741 
616 282 15 20 0.025414264 
936 265 4 4 0.025402103 
255 277 18 18 0.02538031 
804 343 13 18 0.025370969 
513 264 4 5 0.025363117 
827 199 4 5 0.025354682 
0 225 3 6 0.025347374 
740 316 12 15 0.02532851 
793 309 7 9 0.02531508 
114 287 7 8 0.025249723 
328 298 17 27 0.025223002 
263 243 4 5 0.025192399 
733 300 19 20 0.025175191 
940 283 4 5 0.025137134 
13 219 3 6 0.025029188 
754 318 7 11 0.025006201 
102 258 3 5 0.024998866 
15 238 3 6 0.024982845 
274 286 7 8 0.024962481 
808 279 2 4 0.02494484 
91 325 14 17 0.02494039 
165 393 41 53 0.024932513 
251 239 3 4 0.024912288 
224 296 5 7 0.024893494 
451 259 3 5 0.024823623 
315 258 3 4 0.024759974 
290 319 30 43 0.024743374 
386 238 3 4 0.024678217 
156 243 4 7 0.02460742 
46 232 3 4 0.024605425 
91 231 3 6 0.024573483 
391 276 3 5 0.024553904 
864 313 17 23 0.02453933 
1030 350 16 27 0.024517527 
20 237 3 6 0.024491917 
104 270 3 5 0.024439173 
153 289 5 6 0.024398051 
495 259 2 4 0.024380721 
9 252 3 5 0.024372913 
608 281 4 6 0.024365973 
845 161 4 5 0.024340197 
433 321 9 17 0.024318533 
347 264 3 5 0.024275474 
161 263 4 7 0.024264423 
509 298 7 11 0.024238005 
104 277 4 5 0.024234012 
852 307 7 8 0.024192723 
910 265 4 4 0.024188276 
399 239 3 3 0.024185386 
590 296 5 6 0.024166156 
784 346 10 17 0.024157813 
0 211 3 6 0.024105823 
654 294 4 7 0.024092456 
87 305 9 11 0.024082817 
109 287 6 9 0.024074696 
717 329 19 27 0.024065565 
258 238 4 4 0.024063963 
699 186 3 5 0.02406373 
375 308 10 15 0.02406094 
835 324 13 16 0.024058718 
468 251 2 4 0.02390613 
460 274 6 10 0.023897076 
32 238 3 5 0.023887916 
468 258 3 5 0.023873456 
295 309 16 30 0.02382115 
60 324 19 26 0.023809595 
884 266 4 4 0.02373683 
527 299 15 19 0.023733186 
316 245 3 4 0.02372402 
921 312 19 18 0.02369573 
241 286 6 8 0.023677832 
838 225 3 4 0.023635833 
729 320 34 37 0.023634326 
315 227 2 3 0.023572791 
552 259 3 3 0.023566857 
1021 262 13 27 0.023545345 
102 295 7 8 0.023543423 
379 238 3 4 0.02353116 
514 392 40 53 0.02352051 
299 323 7 15 0.023519289 
385 229 3 4 0.023495577 
25 184 4 9 0.023488017 
245 239 3 4 0.023486737 
877 257 4 4 0.023478942 
288 244 4 5 0.023476513 
602 263 4 5 0.023448884 
287 333 9 14 0.023391163 
846 276 4 5 0.02338983 
340 298 5 9 0.02337415 
799 353 13 17 0.023361277 
308 246 4 4 0.023360005 
922 265 4 5 0.023325246 
72 233 3 4 0.023302019 
519 263 4 5 0.02325487 
73 240 2 4 0.02325108 
857 243 3 5 0.023248037 
79 257 3 4 0.023237785 
729 334 10 13 0.02320653 
127 305 9 12 0.023202056 
660 288 4 7 0.023186954 
288 287 6 8 0.023180129 
417 272 3 4 0.023157302 
666 272 3 4 0.023156663 
580 301 8 9 0.02312544 
736 212 4 6 0.02310808 
856 148 5 6 0.023073018 
640 278 3 4 0.02307279 
662 313 12 17 0.02306542 
1011 290 3 5 0.023038417 
511 303 8 12 0.023034604 
315 251 3 4 0.023027668 
21 251 3 4 0.022970289 
521 282 3 5 0.022958873 
544 259 3 3 0.022918222 
760 325 17 22 0.022882551 
437 287 4 6 0.022880381 
308 251 4 4 0.022877457 
1014 277 3 6 0.022862256 
379 245 3 4 0.022859572 
360 265 3 5 0.022858089 
859 301 16 19 0.022856738 
847 269 4 6 0.02284726 
72 246 2 3 0.022840828 
718 300 4 8 0.022831637 
9 178 5 9 0.022825405 
814 300 5 8 0.022806345 
373 313 14 22 0.022805633 
24 180 4 7 0.022803204 
575 329 9 15 0.022775186 
775 186 4 5 0.022741703 
281 225 4 5 0.022737814 
402 300 5 9 0.022724628 
847 257 3 5 0.022703152 
115 393 44 52 0.022700306 
407 310 7 13 0.022692924 
416 300 5 9 0.022662286 
578 258 3 4 0.02260641 
331 305 7 11 0.022605183 
1006 284 3 4 0.022589616 
249 299 10 10 0.022584243 
731 198 5 7 0.02256297 
251 251 4 5 0.022559607 
758 301 15 19 0.02252893 
986 277 4 5 0.02250028 
40 231 2 5 0.02248712 
973 319 9 12 0.022469943 
500 225 4 5 0.022448406 
883 323 9 10 0.022444073 
12 198 4 7 0.02243404 
727 317 10 13 0.02241167 
277 251 3 5 0.022349648 
270 252 3 4 0.022310782 
313 321 16 30 0.02230023 
13 205 3 6 0.022294942 
706 188 3 5 0.022251505 
387 308 11 18 0.022226267 
652 323 10 16 0.022210915 
453 258 4 6 0.022188496 
708 323 10 14 0.022088261 
159 244 4 6 0.022065494 
310 276 14 22 0.021991944 
36 282 16 19 0.021940505 
545 264 3 4 0.021937892 
795 200 4 5 0.021930166 
302 276 4 5 0.021928405 
728 303 8 10 0.021874204 
320 251 4 5 0.021873318 
531 308 8 13 0.021837315 
263 234 3 4 0.021778105 
187 253 3 3 0.02176664 
353 299 7 10 0.021765653 
256 252 4 5 0.021748872 
300 291 16 25 0.021743404 
130 265 4 4 0.021716688 
19 226 5 6 0.021715458 
840 198 5 6 0.02170118 
837 304 8 9 0.02167239 
608 318 17 26 0.021645995 
461 279 5 10 0.021620026 
330 274 16 24 0.021609923 
332 238 4 4 0.021589385 
313 325 6 14 0.021589102 
723 303 7 9 0.021584406 
333 234 3 4 0.021574313 
274 320 10 13 0.021554368 
602 309 7 13 0.021540372 
883 298 6 7 0.0215354 
334 215 3 4 0.021525921 
758 270 3 5 0.021524955 
266 274 16 20 0.021460405 
532 265 3 4 0.021436786 
0 206 3 6 0.021418253 
778 332 11 16 0.02140899 
155 295 5 7 0.021400036 
829 225 3 5 0.021387542 
406 281 14 22 0.021357177 
456 230 4 6 0.021333601 
220 269 4 5 0.0213236 
283 233 3 4 0.02132129 
931 295 18 17 0.021320503 
506 270 3 4 0.021305708 
878 265 3 5 0.02130038 
635 264 4 4 0.021290604 
545 289 4 6 0.021289015 
832 307 6 8 0.021287395 
373 265 4 5 0.02122436 
348 232 3 5 0.021223517 
884 270 4 4 0.021204634 
289 220 3 4 0.021167437 
60 294 6 7 0.021156205 
34 287 6 7 0.02114849 
736 345 16 17 0.021135578 
197 284 6 5 0.021135105 
717 306 5 7 0.02112791 
315 317 5 12 0.021091327 
481 289 4 6 0.021074524 
270 258 3 4 0.021073947 
178 298 10 11 0.021060968 
724 210 5 7 0.021059914 
667 295 6 8 0.021054158 
557 265 4 4 0.021052744 
156 238 3 6 0.021042075 
965 359 11 14 0.021042002 
912 316 31 38 0.021022484 
897 270 5 5 0.02101618 
308 233 3 4 0.021010196 
681 295 4 7 0.020982299 
9 199 3 6 0.020978024 
302 251 3 5 0.020976577 
221 294 16 19 0.020875722 
733 324 13 16 0.020869153 
239 251 3 5 0.020852298 
539 265 4 3 0.020849846 
90 300 17 22 0.020829428 
211 290 7 7 0.020774921 
404 234 3 3 0.020749269 
820 194 3 4 0.020745868 
872 249 5 7 0.020682435 
244 257 4 5 0.020677801 
109 311 14 17 0.020665377 
1003 342 10 15 0.020658778 
445 274 28 49 0.020646093 
250 245 3 4 0.020620815 
217 337 35 42 0.020605039 
737 354 18 17 0.020573648 
828 238 3 5 0.020566858 
83 288 5 7 0.020560993 
300 310 7 12 0.020523198 
708 316 9 13 0.02050824 
881 302 17 21 0.020497572 
726 343 13 16 0.020442462 
166 296 18 18 0.020424286 
848 251 4 5 0.020421728 
730 192 5 6 0.020410199 
579 309 31 43 0.020401482 
243 250 4 5 0.020391902 
366 221 3 3 0.020371554 
846 181 3 5 0.020365281 
654 272 3 4 0.020360557 
552 253 3 3 0.020356003 
135 269 5 6 0.020307872 
828 232 3 5 0.020303499 
919 315 11 11 0.02029659 
1033 315 13 23 0.020236636 
442 213 4 5 0.020224022 
974 284 3 4 0.02022123 
250 226 4 4 0.020196073 
316 312 5 10 0.020191789 
391 228 3 4 0.020191154 
570 328 9 16 0.020179763 
180 289 19 19 0.020165075 
985 300 7 7 0.020164974 
439 328 16 29 0.020156786 
488 260 2 3 0.020151053 
771 322 10 12 0.020125791 
801 7 3 4 0.02011937 
853 240 3 4 0.02010466 
169 316 11 14 0.020101564 
851 255 4 6 0.020081742 
875 312 8 10 0.02008099 
886 327 12 13 0.020063557 
27 191 4 8 0.020034853 
140 392 44 54 0.020031994 
301 233 3 4 0.020026337 
295 237 4 4 0.02002286 
394 310 10 17 0.02001931 
