0_Parade_Parade_0_29
185
238 234 24 29 0.9999051 
193 241 20 25 0.9987668 
801 167 43 45 0.99848264 
316 232 30 38 0.9981998 
542 164 62 70 0.99605656 
981 187 30 38 0.9912896 
419 247 23 23 0.99041146 
161 249 17 19 0.9585751 
488 234 17 20 0.94779813 
707 245 16 20 0.9405175 
141 249 12 16 0.90571636 
590 242 23 25 0.7411166 
746 244 17 25 0.73652625 
-6 272 374 420 0.6667964 
292 240 16 21 0.62843156 
541 343 157 245 0.6223293 
860 232 23 25 0.5613582 
690 249 11 13 0.4217362 
121 245 12 13 0.4100818 
421 227 10 10 0.37485394 
669 241 8 9 0.31092346 
512 244 13 15 0.30936602 
353 239 20 29 0.2938158 
1014 13 10 16 0.25934285 
715 223 8 11 0.25392923 
680 239 7 9 0.24630995 
378 253 7 11 0.24479869 
647 240 9 10 0.1884554 
150 229 10 12 0.18693216 
726 221 11 14 0.17435044 
407 241 11 19 0.1540286 
696 226 7 8 0.14422272 
694 227 5 7 0.12483084 
106 250 8 10 0.112319596 
130 229 12 13 0.105347216 
459 250 9 11 0.10401612 
60 246 6 7 0.09462266 
650 243 10 11 0.093128696 
382 251 7 10 0.08630753 
446 236 9 11 0.08125918 
655 250 9 11 0.07762814 
80 226 7 10 0.073553085 
713 221 6 8 0.07265354 
116 187 9 11 0.07262586 
703 221 6 8 0.07139372 
277 237 11 15 0.071359865 
103 248 7 9 0.06833535 
454 237 8 10 0.068283804 
443 234 7 10 0.0642593 
59 240 6 8 0.06409181 
69 241 7 8 0.064065486 
1013 201 20 30 0.062391568 
616 252 13 15 0.061464384 
469 232 6 8 0.05898641 
389 251 7 10 0.057185266 
219 255 14 15 0.05412673 
59 252 6 6 0.05337497 
686 256 8 10 0.051985808 
742 248 10 15 0.05063167 
120 252 11 13 0.048540667 
583 239 41 49 0.04848945 
752 239 13 17 0.046194255 
398 253 7 10 0.045514297 
181 256 10 14 0.04461668 
106 256 8 10 0.044013385 
684 243 8 10 0.043884456 
402 249 8 14 0.043589406 
115 245 9 11 0.042265836 
0 272 4 10 0.042102017 
476 250 9 13 0.041035354 
755 220 7 10 0.040343028 
699 223 5 7 0.039683335 
419 228 17 18 0.03942303 
86 244 6 7 0.03926226 
722 240 8 10 0.03880762 
669 248 9 12 0.038486842 
63 251 6 8 0.038338773 
354 277 27 46 0.038015567 
744 221 5 7 0.037883926 
715 243 10 12 0.037171923 
1001 191 23 29 0.03697971 
409 225 6 8 0.036867972 
702 226 6 7 0.036597237 
684 235 6 6 0.03650857 
119 190 9 12 0.03582047 
680 236 6 6 0.03528195 
507 248 17 24 0.0350309 
67 279 8 9 0.034836724 
197 218 10 11 0.03440412 
686 228 6 6 0.03425316 
83 220 6 8 0.034171715 
58 234 5 7 0.03364989 
606 252 44 50 0.0328617 
337 284 21 35 0.032641802 
420 258 20 31 0.03230329 
405 225 5 8 0.032153323 
758 237 10 12 0.031990204 
90 260 8 9 0.03163353 
404 222 5 7 0.03155368 
374 256 12 18 0.031288695 
713 220 16 20 0.030956985 
138 229 9 12 0.030904189 
157 231 8 9 0.030814715 
366 249 15 25 0.030644948 
783 174 25 31 0.029881164 
748 221 7 8 0.029560294 
685 264 7 8 0.029511511 
399 249 15 24 0.029244807 
1091 129 15 27 0.029187 
726 267 9 13 0.028769761 
692 222 5 7 0.02870997 
214 259 13 16 0.028696211 
1013 185 20 27 0.028631242 
52 247 5 7 0.027537968 
176 229 11 13 0.02744759 
700 216 4 6 0.027306136 
70 251 8 9 0.027201101 
68 245 8 9 0.027169496 
77 258 5 7 0.027089933 
1011 46 7 11 0.026833596 
561 128 9 12 0.026804743 
693 232 5 7 0.026696408 
1006 13 7 12 0.026591728 
488 215 5 7 0.026570411 
150 235 10 13 0.02645402 
75 254 6 7 0.026428938 
109 194 7 9 0.026286563 
877 117 8 11 0.02612533 
133 265 7 10 0.02597152 
355 310 254 405 0.025593914 
97 246 7 8 0.025530882 
112 185 17 21 0.025226425 
728 216 7 9 0.025178595 
438 249 10 15 0.025065826 
1058 203 31 44 0.024590168 
676 235 16 18 0.024540016 
106 206 8 12 0.024344297 
1096 106 13 22 0.024337593 
88 240 8 10 0.024022318 
665 226 7 8 0.02400626 
457 251 17 23 0.0239405 
372 240 14 24 0.02380991 
386 247 6 10 0.023587123 
191 220 8 10 0.02356608 
676 259 7 8 0.023543883 
1016 171 19 27 0.023456441 
554 134 11 12 0.023370504 
54 253 4 6 0.023327217 
119 287 9 11 0.02327244 
964 192 24 28 0.02312321 
64 241 5 7 0.023051655 
460 235 6 8 0.022937164 
1014 219 19 28 0.022577664 
124 239 11 13 0.022555 
737 249 9 13 0.02249024 
129 162 7 10 0.022410193 
390 255 8 12 0.022325184 
149 249 10 15 0.022289407 
995 3 8 10 0.022274552 
722 228 10 13 0.02224524 
119 223 7 12 0.022229543 
487 219 6 7 0.022177076 
1073 191 23 38 0.022101734 
466 245 7 11 0.02210021 
106 263 8 11 0.021889105 
65 233 5 7 0.021873197 
371 256 9 13 0.02175741 
417 222 6 8 0.02172681 
449 234 15 21 0.021604748 
999 188 43 55 0.021494968 
704 217 5 6 0.02131272 
1017 51 7 12 0.021125127 
724 215 6 7 0.02106996 
52 233 5 8 0.021028703 
645 230 17 21 0.020879906 
687 221 5 7 0.020651195 
686 216 5 6 0.02064885 
1032 62 30 45 0.020557858 
115 255 8 10 0.020540366 
888 328 148 227 0.020470137 
724 209 5 6 0.020449355 
670 226 7 9 0.020401057 
647 245 18 19 0.020268075 
671 235 7 8 0.020110015 
139 256 12 16 0.020056942 
