0_Parade_marchingband_1_379
306
538 314 20 28 0.99286216 
189 321 18 23 0.9675885 
694 285 24 30 0.9454468 
279 300 28 29 0.94118375 
424 307 26 35 0.8757308 
897 313 13 18 0.85638046 
657 325 17 22 0.825242 
956 316 9 15 0.7957902 
849 318 10 15 0.7691254 
990 327 8 14 0.7268618 
508 307 8 15 0.69119424 
767 323 9 13 0.5240886 
812 318 15 24 0.48744807 
600 322 11 17 0.48211765 
621 318 9 14 0.4432799 
784 320 13 18 0.43060958 
933 325 8 13 0.35711405 
581 300 6 10 0.3513922 
946 321 6 11 0.28941694 
376 316 20 24 0.28825787 
229 398 16 27 0.25174487 
865 327 6 11 0.22955231 
877 325 8 13 0.22405413 
62 5 14 12 0.19634266 
329 11 21 20 0.1553667 
503 328 17 31 0.14586419 
880 321 7 11 0.14458224 
852 302 6 8 0.13825 
805 153 6 13 0.1381729 
854 322 9 15 0.13625145 
984 375 11 16 0.13525227 
477 324 10 15 0.13157612 
383 301 24 23 0.1287119 
1016 323 5 8 0.12738745 
941 321 7 12 0.115222 
924 342 9 16 0.1023498 
439 301 38 45 0.100994155 
150 345 16 23 0.09224957 
328 0 13 10 0.09221386 
595 323 9 15 0.09064414 
1011 342 5 8 0.09054468 
1013 322 5 8 0.086835235 
37 402 8 12 0.085394435 
877 298 8 12 0.082999445 
753 126 7 14 0.08257715 
758 314 7 10 0.08173675 
914 312 9 17 0.08167423 
882 316 5 9 0.07949985 
143 404 16 25 0.07776039 
324 1 21 19 0.07747869 
1019 347 4 8 0.07600337 
887 361 8 13 0.07599794 
868 330 8 12 0.07579013 
640 393 11 17 0.07403567 
973 342 5 9 0.07399575 
581 304 8 14 0.072019875 
954 360 8 11 0.071620494 
1004 335 6 10 0.07153692 
767 366 7 12 0.07051874 
1005 328 5 9 0.06941852 
963 313 7 13 0.06805974 
1018 327 6 9 0.06791013 
335 9 12 11 0.06689774 
463 316 22 27 0.0665986 
203 9 8 10 0.06612768 
100 328 19 22 0.065600686 
966 344 7 12 0.063065834 
245 327 20 23 0.06301725 
781 326 8 13 0.06273269 
908 344 9 14 0.062685646 
772 330 9 16 0.062649585 
846 323 9 14 0.062647775 
864 344 9 11 0.062175795 
849 326 11 16 0.060476482 
208 413 12 16 0.06038351 
1019 342 5 9 0.06012131 
728 234 10 12 0.059183512 
509 314 11 18 0.05771403 
668 329 15 24 0.057175256 
589 322 8 15 0.056026332 
890 315 6 10 0.055762775 
219 329 20 24 0.055246193 
889 338 6 10 0.05465875 
1005 323 4 7 0.053349867 
261 327 12 12 0.05244877 
745 308 7 10 0.050081152 
265 326 21 24 0.049629807 
958 353 7 12 0.049620222 
1000 338 6 11 0.04941388 
663 413 9 15 0.049048953 
1019 332 7 10 0.048965435 
803 183 8 14 0.048553277 
1020 352 5 10 0.047863252 
913 343 8 13 0.047724236 
966 359 6 10 0.04655139 
1020 328 13 22 0.046422716 
837 340 9 13 0.046021923 
755 317 8 13 0.045837317 
756 311 6 7 0.045590755 
86 332 17 21 0.04532289 
993 353 5 9 0.044407427 
863 355 8 12 0.04419173 
869 323 7 10 0.044020038 
144 353 11 18 0.043796573 
565 338 10 12 0.04370561 
742 308 6 10 0.043257903 
946 351 6 11 0.043001916 
789 314 11 19 0.042819988 
928 330 8 15 0.042572223 
677 380 12 14 0.04222206 
981 326 6 12 0.042082246 
881 330 7 12 0.041826237 
343 7 9 10 0.0418029 
904 311 10 17 0.04163528 
1013 327 5 8 0.04160382 
668 324 11 17 0.04075493 
978 341 7 11 0.04055161 
593 381 10 15 0.04043109 
868 341 8 10 0.04008353 
855 309 8 10 0.039787423 
210 2 8 8 0.039619565 
984 360 5 9 0.03936078 
304 103 10 12 0.03935494 
217 358 10 12 0.038382664 
877 346 5 8 0.03814804 
838 317 7 13 0.037868895 
310 354 24 37 0.037693486 
805 174 6 12 0.03764931 
273 311 26 31 0.03723274 
308 321 21 29 0.03718033 
104 358 22 30 0.03683021 
232 328 19 22 0.036708057 
985 323 8 14 0.036337722 
737 307 8 12 0.036268406 
999 347 5 8 0.036228828 
214 351 20 25 0.03552072 
750 127 6 13 0.035436805 
170 40 12 12 0.035244096 
617 349 11 16 0.034806293 
863 322 7 11 0.034800593 
997 333 6 11 0.034263268 
869 357 6 11 0.03414122 
947 345 7 12 0.03413075 
517 338 10 14 0.033816062 
858 346 7 9 0.033799738 
813 153 6 12 0.03347222 
965 310 7 11 0.03294504 
290 6 11 10 0.032884892 
965 325 6 11 0.032827012 
1005 353 5 8 0.03273856 
637 410 11 18 0.03267175 
1004 347 5 8 0.032415308 
957 301 7 10 0.03227135 
293 15 9 9 0.032223087 
747 304 5 8 0.03213572 
536 326 14 20 0.032013137 
562 333 10 14 0.032012198 
763 325 8 12 0.03185904 
661 406 17 27 0.03158194 
940 357 6 9 0.031551328 
309 43 13 14 0.031411186 
957 330 7 12 0.031364746 
996 328 6 10 0.031089755 
482 359 19 26 0.031046258 
820 317 13 18 0.030962747 
876 358 6 10 0.030579943 
196 316 25 24 0.030558718 
1003 359 7 10 0.030542502 
883 345 5 9 0.030486504 
842 339 7 13 0.030354775 
684 312 10 14 0.030186186 
980 357 7 10 0.029931866 
956 268 64 86 0.029814195 
1013 347 5 7 0.029679984 
876 341 6 9 0.029647728 
815 332 13 17 0.02961218 
830 361 10 16 0.02959177 
773 156 6 9 0.029444488 
773 375 11 17 0.029334143 
317 6 12 11 0.029170748 
334 57 10 13 0.029104067 
307 12 10 11 0.028964827 
878 315 6 9 0.02880995 
237 322 9 8 0.028440101 
1021 352 13 23 0.02822942 
742 322 10 16 0.0281362 
240 329 10 12 0.028095147 
921 356 9 14 0.02797685 
830 317 9 16 0.027919993 
960 343 8 14 0.027788047 
579 299 5 7 0.027774451 
206 307 12 11 0.027576087 
754 349 6 10 0.027527582 
306 18 10 10 0.027505284 
352 20 7 9 0.027493412 
606 643 25 30 0.027332554 
806 120 6 12 0.027187673 
778 331 9 14 0.027118817 
973 322 5 10 0.027109655 
987 316 4 8 0.026971532 
650 361 7 11 0.026936183 
201 315 13 12 0.026877623 
198 12 10 12 0.026828924 
743 305 5 8 0.026799407 
208 14 8 10 0.026776128 
894 359 6 11 0.026680794 
818 155 8 16 0.026494544 
580 316 10 16 0.02648347 
836 358 8 14 0.026478676 
744 345 17 30 0.026463594 
384 321 20 26 0.026324255 
872 315 5 8 0.026022937 
298 0 9 8 0.025942206 
744 128 5 12 0.02554007 
207 319 12 13 0.02546496 
573 339 8 12 0.025348045 
851 346 6 10 0.025113756 
278 8 9 10 0.025099305 
401 326 9 13 0.025076644 
868 351 7 11 0.024852434 
859 353 7 10 0.024842398 
953 345 6 11 0.024772046 
984 364 6 10 0.024718199 
905 322 9 15 0.024380643 
675 327 17 27 0.024330122 
290 116 9 10 0.024191901 
855 339 18 21 0.024155749 
303 7 21 20 0.02413479 
199 305 23 20 0.024018474 
893 297 17 28 0.023932422 
826 295 6 8 0.023815565 
393 295 15 15 0.023809768 
890 309 5 9 0.02369533 
970 236 8 14 0.023649236 
372 320 9 13 0.023630759 
292 1 10 10 0.023595398 
344 8 20 23 0.023450304 
350 33 10 12 0.023408813 
762 333 7 14 0.023168655 
69 0 43 33 0.023133526 
884 340 5 10 0.023104986 
1017 316 14 21 0.023035504 
837 349 9 14 0.023025794 
526 330 18 24 0.02290135 
749 117 5 10 0.022859333 
254 328 11 11 0.02284619 
791 391 11 18 0.022831023 
553 322 21 26 0.022827948 
543 306 25 25 0.02278563 
868 318 14 22 0.022777924 
969 341 14 21 0.022750443 
844 316 9 13 0.022678751 
946 377 7 11 0.022663489 
319 -5 38 37 0.022513622 
574 317 11 15 0.022453802 
997 352 6 9 0.022393841 
806 169 4 8 0.022374438 
192 329 22 25 0.02235743 
810 145 14 27 0.022344194 
472 520 9 16 0.022118332 
859 323 14 20 0.022005329 
613 319 8 16 0.021979736 
291 -2 21 18 0.021976026 
331 160 8 10 0.021974321 
276 34 8 10 0.021914164 
104 318 20 23 0.021910097 
500 307 15 24 0.021867547 
110 337 10 14 0.02177969 
81 336 12 14 0.021770943 
880 370 9 14 0.021718534 
992 359 6 8 0.021679347 
429 236 8 10 0.021577468 
319 112 20 34 0.021571137 
194 25 11 13 0.021547243 
1015 595 18 22 0.021408686 
1019 299 7 13 0.021190824 
223 318 22 22 0.021155998 
791 344 16 25 0.021150963 
889 345 7 11 0.021108607 
747 96 5 9 0.02110842 
760 319 8 12 0.021013023 
1019 371 7 10 0.02082654 
949 365 8 11 0.020710744 
299 19 7 8 0.020690221 
845 350 7 12 0.020620253 
208 323 24 25 0.020602025 
866 285 5 8 0.020588296 
762 252 8 8 0.020575214 
303 303 24 32 0.020568391 
876 293 14 23 0.020522272 
291 26 10 11 0.020522153 
908 295 5 8 0.020482391 
965 351 7 12 0.020455504 
755 116 8 14 0.020439992 
282 34 20 29 0.020421645 
351 15 8 9 0.020402154 
409 305 53 70 0.020325689 
206 4 6 7 0.020324174 
978 323 6 10 0.020261122 
218 67 4 6 0.02022078 
797 319 8 13 0.020146692 
733 257 8 10 0.020115742 
425 283 37 38 0.020068478 
341 17 11 13 0.02005288 
269 40 6 9 0.020046286 
920 319 6 12 0.020023966 
