0_Parade_Parade_0_68
2511
153 355 8 13 0.9030279 
711 417 16 28 0.8333198 
454 390 9 14 0.8056986 
503 419 11 16 0.805423 
485 431 9 15 0.7115876 
527 366 9 13 0.5868675 
314 387 8 15 0.5713114 
536 384 8 12 0.5635529 
801 310 8 14 0.5557282 
131 186 8 13 0.5248186 
130 362 9 16 0.5046396 
257 211 7 12 0.45096695 
356 381 8 13 0.4413615 
462 272 8 15 0.43399927 
345 391 8 13 0.39375776 
325 340 8 12 0.3691787 
795 287 8 13 0.3647723 
548 306 7 13 0.3625678 
198 232 6 10 0.34587023 
55 224 13 27 0.3420044 
498 415 9 16 0.3391311 
690 221 5 7 0.33697513 
450 359 7 13 0.33271042 
780 222 4 5 0.3208782 
153 335 7 10 0.31969616 
586 342 8 13 0.30674246 
262 372 6 12 0.3031813 
229 359 6 10 0.30298662 
531 349 7 12 0.3027243 
524 150 10 18 0.2926165 
627 415 8 15 0.2873767 
799 446 9 18 0.28392288 
304 380 7 15 0.28287035 
255 355 6 9 0.28232613 
797 294 8 13 0.28052634 
577 293 8 13 0.26611015 
192 394 8 14 0.26221147 
216 401 10 18 0.25961325 
243 192 5 8 0.25911397 
793 184 3 4 0.25575185 
186 198 5 8 0.25300765 
408 408 12 17 0.24950865 
198 181 5 7 0.24929059 
115 376 10 16 0.2454367 
278 376 9 12 0.2409968 
507 350 8 13 0.23716167 
83 358 8 14 0.23396884 
390 381 11 17 0.23051076 
202 231 6 11 0.22873959 
754 289 6 11 0.2287219 
860 204 6 9 0.22707364 
294 383 7 12 0.22650342 
505 395 6 12 0.2264078 
637 385 11 15 0.22406614 
271 224 5 8 0.22296138 
549 265 4 8 0.21807773 
844 188 4 6 0.21796946 
758 305 7 11 0.2162434 
291 346 7 11 0.2135814 
845 292 7 14 0.21345311 
514 266 4 8 0.21238959 
159 198 7 11 0.20995584 
754 278 4 7 0.20427392 
780 184 3 4 0.20329645 
800 202 3 4 0.2029374 
179 373 9 12 0.20195551 
847 283 5 9 0.1999884 
572 425 12 21 0.19918238 
288 370 7 9 0.1974633 
723 221 3 6 0.19458817 
412 299 8 13 0.1929017 
799 383 9 13 0.19127885 
552 427 11 18 0.18980946 
439 391 7 10 0.18824902 
471 405 7 10 0.18718374 
168 365 6 9 0.18644467 
367 379 6 11 0.18482608 
376 436 7 12 0.18464486 
716 307 6 10 0.18416473 
498 461 10 18 0.1834447 
231 193 5 8 0.18252793 
338 371 5 9 0.17881753 
306 408 7 11 0.17838132 
654 222 3 5 0.17740476 
719 221 3 6 0.17668144 
812 393 6 10 0.17659982 
333 2 5 6 0.17504533 
487 453 8 15 0.17308699 
776 222 3 5 0.17242666 
503 305 8 12 0.16895226 
312 446 12 18 0.16840792 
428 289 7 11 0.16840728 
799 357 7 13 0.16786925 
620 269 5 10 0.16643713 
267 193 7 9 0.1663389 
247 256 6 9 0.16589841 
584 271 5 8 0.16576837 
873 370 8 11 0.16486222 
224 336 5 8 0.16403843 
738 226 3 6 0.16346261 
583 264 4 7 0.16315511 
642 398 13 18 0.16295774 
629 272 4 7 0.16259798 
792 232 4 6 0.16242485 
752 324 8 12 0.16223656 
648 221 3 5 0.16188143 
642 221 3 5 0.16169336 
391 325 8 13 0.16095509 
493 385 7 13 0.16021113 
555 294 6 9 0.1601636 
249 382 8 14 0.15923998 
648 216 3 4 0.1588538 
321 361 6 11 0.15878679 
245 180 5 8 0.15827411 
686 202 4 5 0.15825161 
591 403 11 15 0.15803747 
790 184 3 4 0.15802263 
707 313 7 11 0.15776052 
749 281 5 9 0.15692818 
818 223 4 6 0.15619028 
256 176 4 5 0.15560333 
132 232 6 11 0.15521428 
150 386 13 16 0.15362775 
653 215 3 4 0.15356497 
262 94 9 16 0.15335439 
659 222 4 5 0.15234363 
263 187 5 8 0.15153818 
849 321 7 13 0.15128948 
327 206 5 8 0.15013401 
237 188 6 8 0.14923525 
849 205 5 8 0.14855723 
751 279 5 7 0.14746355 
788 209 3 5 0.14678414 
673 306 6 10 0.14653575 
710 227 4 6 0.14488837 
665 285 8 15 0.14370716 
292 367 7 11 0.14370425 
206 188 6 8 0.14284234 
708 288 6 11 0.14215837 
687 222 4 5 0.14200926 
544 287 7 12 0.14192745 
186 187 5 7 0.14177866 
573 412 11 16 0.14060256 
731 183 4 4 0.14035271 
678 221 3 6 0.14009126 
508 372 8 13 0.13906072 
788 214 3 5 0.1385888 
691 202 3 5 0.13826667 
718 282 6 10 0.13809684 
731 366 8 12 0.1369941 
666 278 3 6 0.13495892 
754 282 5 9 0.13432775 
737 183 3 4 0.13427028 
0 212 5 11 0.13403131 
749 202 4 4 0.13343033 
660 209 4 5 0.13288625 
241 369 7 12 0.13221608 
744 295 6 11 0.13195878 
179 331 7 9 0.130553 
263 183 4 5 0.13029414 
762 227 3 5 0.12989345 
549 269 5 9 0.12964366 
659 357 7 10 0.12938383 
590 293 6 12 0.1289508 
108 351 6 11 0.12809794 
129 235 7 10 0.12795265 
422 292 8 12 0.12760772 
465 265 5 8 0.1275076 
545 282 6 10 0.12721594 
423 391 6 11 0.12679024 
515 292 9 12 0.12660885 
278 238 7 9 0.12635358 
460 372 7 8 0.12608276 
216 234 6 8 0.1259194 
529 419 7 13 0.12531228 
580 287 6 12 0.124741346 
857 190 4 5 0.12420227 
249 195 5 7 0.12411491 
421 268 6 11 0.12405698 
420 274 7 13 0.12348066 
87 182 7 11 0.123477116 
134 355 5 8 0.12345992 
220 195 4 7 0.122711375 
654 210 3 4 0.12201308 
408 417 13 16 0.12098256 
768 184 4 4 0.120291874 
755 201 4 5 0.120035455 
620 266 3 6 0.11979648 
781 203 3 4 0.11928589 
858 412 9 15 0.119097926 
210 187 6 7 0.11902933 
166 375 7 13 0.11899239 
749 221 3 5 0.11854081 
190 231 5 9 0.11817998 
570 384 7 13 0.11771793 
359 166 6 11 0.11712067 
213 224 5 7 0.1167009 
433 301 8 14 0.11606928 
787 222 3 4 0.11544036 
505 479 11 19 0.11479879 
674 221 4 6 0.11376929 
756 184 3 3 0.11327548 
263 396 7 15 0.113209784 
677 226 4 6 0.11318608 
655 203 3 4 0.1131684 
742 184 4 4 0.11289269 
409 396 10 12 0.11282826 
665 221 4 5 0.111644216 
764 184 3 4 0.11123716 
575 366 6 11 0.110400155 
807 185 3 3 0.11027382 
808 232 6 8 0.10976482 
770 222 3 5 0.10940474 
704 295 5 10 0.10910253 
416 378 8 11 0.108849905 
198 186 6 10 0.10868112 
128 218 7 11 0.10852106 
427 392 7 10 0.10850173 
230 231 5 9 0.108454235 
846 206 5 8 0.10831246 
793 229 3 5 0.10829106 
800 208 4 5 0.10741761 
724 308 7 11 0.10732016 
450 389 8 13 0.10706328 
347 368 5 8 0.10690542 
793 299 7 12 0.106601775 
516 265 4 7 0.10642188 
699 220 4 7 0.10609193 
815 222 5 5 0.1052215 
217 224 6 7 0.104921706 
327 3 5 6 0.104794815 
798 283 5 10 0.10477536 
192 187 5 8 0.1044763 
712 389 6 10 0.10405252 
799 197 3 4 0.10399032 
311 370 7 11 0.10280995 
734 346 6 12 0.10277894 
663 308 7 11 0.10261135 
700 201 4 5 0.1024256 
750 197 4 5 0.10180322 
225 233 5 8 0.10151823 
675 226 4 6 0.100558035 
775 203 3 4 0.10037989 
140 370 7 12 0.10030541 
731 350 7 11 0.09984309 
256 195 5 7 0.09977487 
697 184 3 4 0.099544555 
327 384 7 13 0.09934342 
811 414 6 11 0.09931896 
699 214 3 5 0.0990705 
718 201 4 5 0.098852366 
796 203 4 4 0.09852892 
744 203 4 4 0.0984526 
795 209 4 5 0.09803508 
687 197 3 4 0.09735457 
466 379 7 11 0.097229406 
796 197 3 4 0.09716708 
807 204 3 4 0.096913755 
370 372 6 10 0.096804835 
716 183 4 4 0.096571 
509 282 6 9 0.096478306 
326 410 6 12 0.09636857 
660 203 3 4 0.09635913 
827 225 4 6 0.096302085 
378 386 7 9 0.09624488 
314 2 4 5 0.09611311 
700 197 3 5 0.09600046 
787 344 9 18 0.095570445 
363 261 7 13 0.09552672 
655 197 3 5 0.09518278 
416 275 7 13 0.09464284 
694 184 3 5 0.0945242 
827 221 4 6 0.093889914 
837 311 7 13 0.09381108 
868 366 9 12 0.093774624 
711 222 3 5 0.09374123 
775 208 4 4 0.09363404 
120 345 6 9 0.09341878 
252 355 5 8 0.09334288 
679 216 3 4 0.093302764 
462 306 7 13 0.09294543 
681 204 3 4 0.092728965 
770 226 3 5 0.09248059 
775 216 3 4 0.09225915 
704 200 3 5 0.09169306 
435 429 7 11 0.09152065 
821 208 4 5 0.09103259 
862 419 8 16 0.090845786 
268 189 5 7 0.09074645 
477 172 6 11 0.09051206 
472 415 8 15 0.09049373 
260 207 6 9 0.09023628 
152 162 4 7 0.09019976 
314 416 7 11 0.09014687 
869 418 10 17 0.089820296 
210 205 6 8 0.089791134 
642 426 11 17 0.089702785 
841 189 3 4 0.089588806 
321 3 4 5 0.0895752 
172 361 4 7 0.08896419 
484 132 8 14 0.08895611 
756 221 3 5 0.08879404 
888 448 8 13 0.08862579 
171 371 5 11 0.088112116 
263 359 6 9 0.08804218 
661 215 3 4 0.087593555 
324 364 7 9 0.08749398 
529 398 5 10 0.087327234 
192 370 5 10 0.08708905 
562 305 6 11 0.08692897 
94 389 8 16 0.08679482 
763 195 4 5 0.08614947 
186 184 4 6 0.08608781 
562 415 5 11 0.08601887 
621 154 5 8 0.08594908 
741 227 4 6 0.08582425 
311 45 7 8 0.08567106 
814 226 4 6 0.08522805 
322 79 5 8 0.08513924 
750 179 3 3 0.08488956 
412 403 9 14 0.08433418 
245 177 4 6 0.084280215 
295 199 5 8 0.08401783 
270 177 4 5 0.083881594 
719 217 3 4 0.08386426 
763 222 3 5 0.0837336 
466 416 7 13 0.08361324 
87 353 7 12 0.083545275 
371 367 5 8 0.083499886 
654 374 11 17 0.083446205 
214 238 4 6 0.08338736 
673 216 3 4 0.0833609 
871 391 8 11 0.08311766 
832 203 4 5 0.08305452 
313 246 6 8 0.083034456 
586 366 9 11 0.08296243 
628 286 5 10 0.08290751 
858 194 4 6 0.08275449 
832 366 5 10 0.08254441 
275 183 5 5 0.08246574 
108 363 6 11 0.08210122 
801 190 3 4 0.08205333 
791 422 8 13 0.08191313 
738 223 3 4 0.081804894 
698 321 6 10 0.08177364 
570 304 5 9 0.08159377 
383 389 6 11 0.08147624 
290 228 4 7 0.0811562 
731 179 3 3 0.0811182 
356 408 7 11 0.080974795 
352 217 6 9 0.08095735 
666 216 3 4 0.08074428 
642 217 3 4 0.08073841 
302 77 6 10 0.080721386 
853 190 4 4 0.0803789 
650 398 10 17 0.08028751 
778 184 3 4 0.08016861 
780 399 5 9 0.08004319 
745 221 3 5 0.080042504 
846 280 4 6 0.08002949 
178 381 8 13 0.08001797 
87 386 11 19 0.07996941 
833 207 4 5 0.07989541 
327 233 4 7 0.079701 
237 234 5 7 0.0796321 
257 256 6 8 0.079603225 
724 197 3 4 0.079468474 
295 231 4 7 0.079424754 
756 215 4 5 0.079314545 
799 279 4 7 0.07917489 
588 390 10 14 0.07916588 
725 226 3 5 0.079000786 
857 390 7 11 0.07891312 
845 185 3 4 0.07879129 
725 178 3 4 0.078691006 
789 228 4 5 0.07863097 
710 367 7 13 0.07843112 
441 407 8 13 0.07813624 
692 197 3 5 0.07800426 
187 205 6 9 0.077871524 
95 184 10 13 0.07778001 
763 190 4 5 0.077707544 
388 413 10 20 0.077663146 
329 227 3 6 0.077522166 
417 266 5 8 0.07742047 
659 197 4 4 0.07730746 
802 228 4 5 0.077278115 
827 203 4 5 0.07721245 
245 252 6 8 0.07679606 
781 226 3 5 0.07660083 
814 190 3 4 0.0764902 
552 289 6 10 0.07513594 
807 228 5 6 0.07509791 
248 188 4 7 0.07508326 
693 189 3 4 0.0748695 
325 27 6 8 0.07482484 
771 216 3 4 0.07448487 
467 409 7 11 0.074421845 
191 201 4 7 0.0743905 
731 228 2 4 0.074374035 
870 437 10 18 0.07428464 
327 221 4 7 0.07423042 
191 206 4 8 0.07417839 
200 207 4 7 0.07412419 
189 227 6 9 0.07409787 
345 28 5 7 0.07409614 
129 191 7 11 0.07391662 
281 195 4 7 0.07383544 
748 289 6 11 0.073812336 
757 234 4 6 0.07368683 
295 213 6 9 0.07363744 
309 246 5 7 0.07361294 
550 282 5 9 0.07343127 
143 178 6 12 0.07338029 
731 233 3 6 0.07326136 
725 252 5 7 0.07316 
278 401 10 16 0.072999656 
308 3 5 5 0.07277747 
365 256 6 12 0.07276018 
801 214 4 5 0.07245848 
228 355 6 10 0.072052404 
768 196 4 4 0.07203062 
511 275 6 10 0.0718437 
461 417 7 11 0.07182106 
194 183 4 6 0.07181385 
750 184 3 3 0.07180412 
269 473 9 16 0.07173244 
404 181 6 10 0.07169133 
705 221 3 6 0.07159686 
742 189 4 4 0.07139833 
625 399 7 12 0.07135627 
703 197 3 4 0.071351185 
583 261 3 5 0.071103975 
729 252 4 7 0.07089471 
336 412 8 14 0.07073009 
817 427 9 15 0.0706313 
813 204 4 4 0.07060646 
782 217 3 3 0.070604 
712 202 3 4 0.07034154 
716 177 4 4 0.07021911 
162 182 5 9 0.070158854 
549 276 5 9 0.070144534 
525 420 7 12 0.06974561 
725 183 3 4 0.06967268 
755 197 3 4 0.06964661 
74 370 7 12 0.06957535 
200 192 5 8 0.069558375 
582 301 6 10 0.069505714 
102 10 4 4 0.06949036 
770 203 4 4 0.06946077 
685 208 4 5 0.06941861 
421 408 8 12 0.06935531 
546 276 5 9 0.069337815 
126 223 6 10 0.06905436 
666 183 3 4 0.06891097 
686 225 4 6 0.06872246 
698 189 4 4 0.06869617 
518 389 8 13 0.06866405 
467 397 7 11 0.06856463 
756 178 3 4 0.06852733 
687 190 3 4 0.068370886 
851 396 7 13 0.068298146 
314 15 6 7 0.06828004 
574 310 8 13 0.068217754 
200 228 5 8 0.067902066 
186 219 5 7 0.067754455 
366 9 5 6 0.067579426 
81 217 7 15 0.06737954 
439 386 6 10 0.067376845 
671 277 4 7 0.067290254 
307 194 5 8 0.06712538 
295 206 6 8 0.066860385 
761 326 6 11 0.06670345 
332 379 6 11 0.066656396 
832 221 3 5 0.06658915 
281 200 5 6 0.06645521 
775 226 4 5 0.06618907 
769 209 4 4 0.06592034 
314 20 6 7 0.065885365 
294 228 4 7 0.06553493 
794 189 3 5 0.06542409 
697 225 4 6 0.0652741 
276 396 8 15 0.06512352 
370 291 8 12 0.06507377 
862 387 8 13 0.06492671 
724 240 3 5 0.06491243 
256 232 5 8 0.06463115 
333 16 6 6 0.064509876 
300 22 6 7 0.06445022 
190 194 5 8 0.06443535 
782 209 3 4 0.06432628 
436 372 7 11 0.06418922 
334 20 6 7 0.06418644 
152 167 4 9 0.06418627 
707 226 4 6 0.06405414 
782 99 5 6 0.064008564 
445 403 8 12 0.06395973 
750 207 4 5 0.06391289 
694 152 3 5 0.06379153 
827 215 3 5 0.063751526 
674 397 16 25 0.06355215 
641 197 2 3 0.063309155 
504 410 9 14 0.063193165 
718 225 3 5 0.06316109 
654 309 5 8 0.06312382 
730 197 3 4 0.06308533 
205 220 5 8 0.063043326 
730 215 4 5 0.06304108 
512 428 7 11 0.06303119 
474 269 6 12 0.062746234 
398 434 11 13 0.0626744 
149 161 5 8 0.062593184 
669 283 6 12 0.0625835 
358 353 6 10 0.06251253 
826 207 3 5 0.062427755 
150 399 11 19 0.062367108 
711 231 3 6 0.062325686 
671 156 4 5 0.06225329 
800 431 10 16 0.062037084 
262 356 5 7 0.06200959 
0 237 5 13 0.061819293 
807 221 4 5 0.061744872 
282 188 4 6 0.061720774 
237 207 5 8 0.06171644 
74 381 9 16 0.06161717 
270 182 4 5 0.061573725 
851 220 4 6 0.06146663 
244 377 6 13 0.061370872 
737 203 4 4 0.061328333 
716 286 7 13 0.061108146 
204 236 6 8 0.061076712 
786 420 8 14 0.06107396 
724 247 4 6 0.061007213 
276 188 5 6 0.06098895 
681 209 3 4 0.060610212 
758 227 3 4 0.060587175 
562 328 6 10 0.060441166 
668 156 4 6 0.060243867 
110 282 6 11 0.060080104 
238 366 5 10 0.059952416 
806 207 4 5 0.05994131 
795 214 4 5 0.059895005 
789 189 4 4 0.05989275 
846 203 5 6 0.059810285 
258 188 4 7 0.059765626 
199 221 5 6 0.05965669 
276 200 6 7 0.059646517 
518 434 7 13 0.05964076 
294 195 5 7 0.059604567 
641 156 3 5 0.05958665 
508 361 9 15 0.059484035 
762 234 3 5 0.059469897 
258 182 4 6 0.059461206 
254 333 7 8 0.05936145 
845 409 6 10 0.059230268 
633 303 5 7 0.059183 
437 434 8 11 0.05909798 
393 473 11 19 0.05903863 
718 198 4 4 0.05902997 
205 207 6 7 0.058900863 
581 431 8 17 0.058893234 
730 190 3 3 0.05887936 
251 176 3 5 0.05885149 
661 184 3 3 0.058763266 
59 3 2 4 0.058655757 
314 11 5 6 0.058607712 
649 211 3 3 0.05858917 
301 2 5 6 0.058578268 
502 301 6 10 0.05849181 
691 209 4 5 0.058434777 
365 15 5 6 0.05832559 
207 202 5 7 0.058255807 
487 402 7 11 0.058187142 
539 314 6 10 0.05815105 
250 238 5 7 0.058089405 
257 253 5 7 0.058061972 
666 209 3 4 0.058017008 
71 234 8 17 0.057967484 
697 310 5 8 0.05793526 
145 223 6 12 0.057935186 
205 214 5 6 0.057865787 
439 377 6 10 0.057862513 
237 213 5 8 0.057793416 
260 216 7 10 0.057716206 
171 376 7 13 0.057695284 
181 182 4 7 0.057683297 
712 182 3 5 0.057668805 
181 345 6 9 0.057640117 
750 190 4 4 0.057597484 
308 44 6 9 0.057512045 
325 22 5 7 0.057329986 
198 178 5 5 0.057312764 
244 360 6 9 0.057297237 
698 210 3 4 0.057259314 
655 184 3 4 0.057234623 
763 239 4 6 0.057163432 
641 227 2 4 0.05715981 
264 367 6 10 0.057133537 
224 226 6 7 0.057085175 
851 300 5 9 0.05707381 
235 389 8 13 0.0570477 
808 189 3 4 0.05703479 
838 203 4 5 0.057022482 
346 2 5 6 0.056916654 
851 214 4 6 0.05690885 
352 3 4 5 0.056878734 
841 185 3 4 0.056837387 
768 190 3 4 0.056782097 
827 410 8 11 0.05675711 
335 367 6 9 0.05667937 
686 150 4 5 0.05659815 
204 192 6 8 0.05645744 
814 208 3 4 0.056422938 
93 205 8 17 0.05626343 
713 178 3 4 0.056100044 
274 176 4 5 0.056027103 
312 411 6 10 0.055911962 
307 199 5 7 0.055901106 
628 408 15 25 0.05589165 
839 319 6 10 0.055823848 
635 184 2 3 0.055812486 
478 392 8 11 0.055746734 
699 178 3 4 0.055672534 
314 422 8 12 0.055656098 
366 4 4 5 0.055643328 
762 203 4 4 0.055573374 
793 306 6 11 0.055557486 
278 389 9 13 0.055548716 
73 218 6 12 0.05554346 
231 174 5 7 0.055486668 
323 349 8 14 0.055484556 
660 225 3 5 0.055307176 
236 175 4 6 0.055297446 
153 379 7 12 0.055259172 
473 295 6 9 0.055180933 
385 340 5 9 0.055138405 
202 164 6 7 0.055034306 
268 200 6 7 0.055030696 
516 269 5 9 0.054987185 
321 21 5 6 0.054900043 
847 403 5 11 0.05489386 
329 509 10 13 0.05485688 
628 316 5 9 0.05483743 
334 10 5 6 0.054833848 
95 340 10 11 0.054825746 
116 347 6 8 0.054812092 
218 199 5 8 0.054780494 
731 201 3 5 0.054701995 
723 201 3 5 0.05470177 
692 215 3 4 0.0545942 
182 329 7 8 0.054583795 
60 217 8 13 0.054559585 
723 216 3 4 0.054487344 
331 261 5 6 0.054316275 
308 14 5 5 0.054295227 
535 351 7 13 0.054243922 
373 439 8 14 0.05417748 
338 221 5 8 0.05396563 
334 221 4 8 0.053936806 
169 173 5 8 0.053925626 
382 428 7 13 0.053852238 
289 201 4 6 0.05384566 
359 2 5 6 0.05371555 
455 379 6 9 0.05354459 
333 226 4 6 0.053468253 
856 401 9 16 0.053422425 
730 222 3 4 0.053353265 
787 203 4 4 0.053326588 
755 190 4 4 0.053300206 
464 391 7 13 0.053240098 
192 220 4 7 0.05317703 
706 183 3 5 0.05317177 
787 402 6 10 0.05298712 
141 229 6 11 0.052962635 
222 221 5 7 0.05292377 
820 215 3 4 0.052880235 
477 264 4 8 0.052839436 
105 5 3 3 0.052819006 
337 35 6 7 0.052782945 
533 281 7 11 0.05259096 
82 386 9 16 0.052562974 
654 225 3 5 0.052533384 
103 35 4 5 0.052485537 
635 197 3 4 0.052421413 
518 283 5 8 0.05241338 
226 251 4 7 0.052381758 
366 232 5 6 0.052067608 
306 10 6 7 0.052027937 
276 195 5 7 0.051966116 
846 320 6 12 0.051934976 
357 293 10 17 0.051933996 
359 267 7 12 0.051916137 
780 189 4 4 0.051907968 
231 238 5 7 0.051903114 
801 221 4 5 0.05179029 
257 200 5 6 0.051766463 
377 22 5 7 0.05171643 
382 466 6 13 0.05165663 
723 374 6 9 0.051530894 
127 199 5 9 0.05143999 
212 403 8 13 0.051414292 
718 247 4 6 0.051262688 
618 266 4 7 0.051261567 
185 354 5 7 0.051202506 
832 313 7 12 0.051184855 
814 185 3 4 0.051171444 
735 396 7 12 0.0511552 
338 39 7 8 0.051143076 
519 346 6 10 0.051086433 
224 366 6 8 0.051066477 
193 177 5 5 0.051049203 
702 429 9 17 0.05091104 
627 319 7 14 0.050856926 
672 178 3 3 0.050784655 
325 41 6 7 0.050604355 
424 436 10 11 0.05054075 
101 372 8 14 0.050532192 
628 197 3 4 0.05052778 
839 207 5 6 0.050512612 
250 232 6 9 0.050449096 
729 405 9 17 0.050363667 
340 3 4 6 0.050339796 
642 184 3 4 0.050321482 
665 388 8 17 0.050262675 
539 307 6 11 0.050239835 
712 197 3 4 0.050227035 
352 404 7 10 0.050205823 
102 362 7 13 0.050158948 
224 237 5 7 0.0500826 
306 79 6 9 0.05002474 
671 340 6 13 0.049947586 
840 214 4 5 0.04988258 
730 248 3 5 0.049873587 
320 16 6 6 0.04985007 
814 216 4 4 0.049794674 
174 329 5 6 0.04976216 
569 414 9 16 0.049742077 
129 211 7 11 0.049649872 
710 309 6 9 0.049639024 
350 415 9 15 0.049533695 
621 183 3 5 0.049462512 
763 208 3 5 0.0493863 
518 396 6 11 0.0493754 
314 33 5 6 0.049367502 
672 233 4 5 0.049334746 
598 408 7 14 0.049219165 
168 207 5 7 0.049141493 
376 117 6 8 0.049121458 
642 190 3 4 0.04911669 
321 40 6 8 0.04898037 
744 197 3 4 0.048961032 
636 157 3 5 0.048881564 
743 207 4 5 0.048845615 
217 367 5 7 0.048824906 
401 402 9 12 0.04879855 
646 252 3 6 0.04878504 
558 302 6 11 0.048755925 
666 227 3 4 0.048739936 
590 413 10 15 0.04873494 
206 182 4 6 0.048661713 
197 366 5 8 0.04863263 
402 341 5 9 0.048627973 
686 216 3 3 0.048314426 
590 260 4 5 0.048241902 
807 251 5 7 0.048236273 
793 320 6 12 0.04813653 
232 183 4 6 0.04808372 
654 246 3 6 0.048079636 
216 188 5 6 0.048041053 
309 226 3 6 0.04798946 
313 66 7 10 0.047890462 
648 226 4 5 0.04786631 
358 186 7 13 0.04784949 
776 400 6 8 0.047755823 
734 407 8 15 0.047647737 
775 197 4 4 0.047628216 
833 226 4 6 0.047537003 
34 4 3 5 0.047524374 
839 303 5 10 0.047462553 
73 231 7 12 0.04746095 
737 189 3 5 0.04745682 
802 185 3 3 0.0474502 
314 227 4 5 0.047421686 
638 364 8 12 0.04740515 
339 9 5 6 0.047394603 
273 221 5 8 0.04736625 
564 367 5 8 0.04734308 
668 179 2 3 0.04725261 
543 352 8 12 0.047234703 
552 153 6 12 0.047193825 
320 9 6 6 0.047171723 
719 278 5 8 0.04700868 
660 190 3 4 0.047005825 
496 158 7 14 0.046974625 
453 418 7 10 0.046912648 
394 322 6 11 0.046857584 
737 389 7 12 0.046712197 
543 312 7 12 0.04668237 
346 399 8 14 0.046674985 
132 392 8 16 0.046651967 
840 295 4 8 0.046645142 
719 209 3 4 0.046620484 
203 227 5 7 0.046614807 
230 252 5 7 0.046586163 
455 372 7 9 0.04645203 
820 190 4 4 0.04644983 
663 279 4 6 0.04637209 
250 226 6 8 0.046304304 
848 287 6 12 0.0462935 
803 450 8 15 0.046240527 
743 234 4 4 0.046239804 
54 3 2 4 0.046175454 
737 247 3 6 0.04612708 
229 201 5 7 0.046105966 
717 294 6 9 0.045994215 
98 11 3 4 0.045958217 
707 283 5 10 0.04592335 
272 454 9 19 0.0459171 
384 35 7 8 0.045892134 
685 246 5 7 0.045833252 
809 196 3 4 0.045810577 
674 183 3 4 0.045794003 
186 212 6 8 0.0457634 
813 195 3 5 0.04571911 
76 217 6 13 0.045677625 
111 278 4 7 0.045675028 
556 376 7 11 0.045629855 
290 195 4 6 0.04557987 
427 430 8 10 0.045545276 
301 227 4 6 0.04550597 
312 377 7 14 0.045504253 
563 455 5 10 0.04547742 
672 152 4 6 0.045476746 
587 300 6 10 0.045453105 
327 202 4 7 0.045437213 
858 376 16 28 0.0454208 
789 180 3 3 0.0454083 
303 246 4 6 0.045370534 
179 457 6 10 0.045351878 
737 179 3 4 0.045341 
833 185 3 4 0.045306455 
352 33 7 7 0.04529119 
839 195 4 4 0.045094907 
103 428 7 12 0.045073576 
781 197 4 4 0.045058005 
385 335 5 8 0.045014653 
210 214 5 7 0.04500484 
751 171 3 4 0.044951607 
756 171 3 4 0.0449192 
696 557 10 12 0.044899955 
817 448 7 12 0.044843778 
543 321 6 10 0.0447965 
621 274 5 9 0.044788152 
666 204 4 3 0.04478801 
74 439 18 27 0.044697464 
660 247 3 6 0.044683717 
499 314 7 12 0.044647474 
827 185 3 4 0.044580895 
423 313 7 12 0.04457634 
661 288 7 13 0.044536967 
617 260 3 5 0.04452723 
858 222 5 7 0.044490546 
218 207 5 7 0.044386707 
64 4 3 4 0.04437915 
736 253 4 5 0.044363428 
774 247 4 6 0.0443367 
271 232 5 8 0.04426275 
543 161 5 9 0.044213537 
750 235 3 5 0.044173934 
257 173 3 3 0.04411386 
498 380 6 10 0.044074643 
365 389 7 12 0.044069383 
266 390 7 13 0.04404446 
181 195 5 8 0.044029966 
666 190 4 4 0.04401254 
607 161 5 7 0.044008616 
685 171 2 4 0.04398694 
736 233 3 5 0.043980002 
680 197 3 4 0.043792922 
730 239 4 5 0.043776445 
378 9 5 6 0.043692704 
635 201 4 5 0.043674063 
980 234 4 5 0.043671835 
433 424 7 10 0.043671273 
717 172 3 3 0.043665726 
974 214 3 5 0.043639805 
122 314 5 10 0.04347344 
518 424 6 12 0.043470237 
543 194 4 6 0.04340622 
180 355 5 7 0.04338778 
693 177 2 4 0.043376476 
376 27 6 7 0.043276254 
724 235 3 5 0.043265086 
661 321 5 10 0.043160062 
327 263 8 7 0.043144174 
351 372 6 9 0.043141656 
230 228 5 6 0.04309841 
668 235 3 4 0.04304285 
347 346 5 11 0.043029536 
313 29 6 7 0.042950552 
172 175 4 7 0.042906806 
302 219 5 8 0.042819794 
769 179 3 4 0.04276629 
853 185 3 4 0.042726215 
6 122 7 11 0.042697538 
570 360 6 9 0.042649996 
66 10 3 5 0.042645313 
190 418 8 14 0.042631406 
113 282 5 9 0.042620573 
578 266 4 5 0.042619195 
225 170 5 7 0.042547476 
371 160 5 9 0.042534843 
147 158 4 6 0.04251654 
947 167 4 7 0.042452715 
721 399 10 17 0.0423705 
676 308 5 9 0.042366575 
198 202 5 6 0.042359337 
686 234 4 6 0.042345267 
301 36 5 6 0.042336248 
730 209 3 5 0.04232587 
109 4 4 4 0.042297926 
666 196 3 4 0.042273026 
582 402 8 12 0.04221352 
40 9 3 6 0.04217282 
627 157 3 5 0.04215614 
45 4 4 4 0.042150732 
653 241 3 4 0.042092763 
180 369 6 8 0.04200556 
347 419 7 14 0.04199597 
340 396 5 10 0.04196007 
433 394 9 12 0.04194586 
637 314 6 10 0.041900206 
321 35 5 6 0.04184892 
96 378 6 12 0.041831315 
732 152 3 4 0.041811958 
301 14 5 6 0.041810535 
846 221 4 6 0.041777562 
301 10 6 7 0.041765194 
586 418 11 16 0.041744784 
172 207 4 6 0.041712765 
331 391 5 10 0.041662894 
788 196 4 5 0.04161417 
59 48 5 7 0.04148585 
211 183 5 6 0.041438203 
623 413 7 15 0.041418612 
749 216 3 4 0.041332994 
332 396 6 10 0.041286062 
744 179 3 3 0.041277103 
699 301 4 8 0.04115177 
720 240 2 5 0.041136105 
325 9 5 6 0.041119635 
993 228 3 5 0.04104904 
563 385 8 12 0.041026033 
874 395 9 11 0.040989634 
525 138 9 13 0.040933438 
192 237 5 8 0.040886905 
134 350 4 6 0.04087799 
696 151 4 6 0.0408744 
795 222 3 4 0.040870793 
103 352 6 11 0.04086659 
465 372 6 10 0.04084538 
223 195 5 7 0.04080699 
371 3 4 6 0.040805947 
84 10 4 4 0.040785022 
417 421 11 13 0.040741265 
195 391 7 12 0.04061999 
281 253 5 7 0.040611062 
404 3 4 6 0.040592577 
405 295 5 9 0.04054825 
655 190 3 4 0.04053482 
250 199 5 7 0.0405286 
352 86 6 8 0.040505715 
782 180 2 3 0.040491253 
771 248 4 5 0.04049043 
447 395 9 12 0.040421758 
781 235 3 4 0.04041464 
646 246 3 6 0.040392507 
109 30 4 5 0.040280063 
372 35 5 6 0.040266782 
313 60 5 7 0.04026252 
337 16 6 6 0.040175986 
742 172 4 3 0.040172968 
1014 186 5 11 0.040104263 
96 290 4 6 0.040086802 
46 79 5 7 0.040082168 
512 289 7 12 0.040068995 
808 348 4 9 0.040059786 
476 260 4 7 0.0400592 
225 207 5 8 0.039997116 
777 189 3 4 0.03998123 
76 55 4 6 0.039964896 
744 239 4 7 0.039952252 
326 60 7 8 0.039948203 
705 177 3 4 0.039940596 
635 190 3 4 0.039921567 
451 441 11 16 0.039908387 
617 184 3 4 0.039895285 
64 54 4 5 0.039808363 
711 208 3 5 0.039757807 
370 9 5 6 0.039661925 
792 342 6 12 0.039640076 
648 158 2 4 0.039617043 
632 276 4 7 0.03957356 
518 134 7 12 0.039533164 
384 8 5 6 0.039532676 
624 433 10 19 0.039505508 
225 200 5 7 0.039500084 
422 386 6 9 0.03948297 
39 66 4 5 0.03944047 
384 4 5 5 0.039438967 
231 213 5 8 0.03942117 
796 325 6 11 0.039413027 
556 327 6 10 0.03934467 
833 216 3 4 0.03934191 
881 402 10 12 0.039323695 
281 257 5 7 0.039288547 
839 221 4 5 0.039273575 
363 163 4 7 0.03926709 
22 78 5 7 0.03925853 
1001 241 4 5 0.03924841 
271 172 4 4 0.039204948 
1 9 4 7 0.039197825 
898 151 4 6 0.039180987 
484 465 7 15 0.039121635 
762 164 3 4 0.039073005 
727 396 8 15 0.0390286 
807 391 6 10 0.038984753 
518 343 6 8 0.03897896 
681 171 3 4 0.03894145 
838 379 5 10 0.038927123 
236 183 5 6 0.03891642 
545 305 6 9 0.038892925 
814 433 6 13 0.038885865 
747 299 7 12 0.038885098 
307 28 6 7 0.03884148 
679 247 3 6 0.038802262 
436 352 5 8 0.038798627 
384 320 5 8 0.038728073 
993 222 3 5 0.038703967 
358 374 5 9 0.03864766 
744 216 4 5 0.03862891 
415 286 7 12 0.03854466 
200 168 6 7 0.038499083 
757 165 3 3 0.038428355 
0 4 4 6 0.038367253 
956 221 3 5 0.0383514 
804 439 9 18 0.03834804 
667 239 3 6 0.038346536 
770 253 4 5 0.0383185 
685 361 4 7 0.038313784 
776 240 4 4 0.038308077 
522 385 7 11 0.03830479 
201 213 4 7 0.03828385 
235 399 10 18 0.038270835 
776 235 3 5 0.038236737 
807 247 4 6 0.03823429 
517 276 5 10 0.0382283 
652 351 7 11 0.038204618 
185 348 5 7 0.038202006 
647 240 3 6 0.038094454 
847 398 6 11 0.03806204 
805 352 6 12 0.038046584 
864 367 9 14 0.03804049 
647 184 3 3 0.038029134 
346 42 6 7 0.037991654 
321 0 3 4 0.03793208 
536 402 9 13 0.0379155 
252 386 9 15 0.037913308 
563 377 7 11 0.037909817 
331 207 4 7 0.037880186 
703 171 4 4 0.03785691 
391 339 6 10 0.037782915 
403 335 5 8 0.037728973 
820 204 4 4 0.03771666 
750 226 4 5 0.037689783 
231 246 5 7 0.03767949 
158 348 6 9 0.037673566 
473 445 9 14 0.037670072 
673 171 3 4 0.037638318 
257 247 4 6 0.03763004 
182 186 3 7 0.037598833 
557 423 13 23 0.03759374 
461 312 7 12 0.03758905 
229 207 5 8 0.037561662 
232 172 3 6 0.03753797 
426 263 6 9 0.037521955 
801 259 3 5 0.037507247 
287 465 7 12 0.037494767 
742 252 4 5 0.037472457 
746 290 5 10 0.037469957 
389 409 7 13 0.037439827 
622 197 3 4 0.037435908 
344 409 6 12 0.037373744 
418 258 5 7 0.037366454 
463 300 8 13 0.037358172 
673 209 3 4 0.03732261 
814 468 6 11 0.037303433 
603 476 4 6 0.03728822 
570 509 4 5 0.037283372 
973 234 3 5 0.037269257 
91 18 3 4 0.037225295 
107 376 8 14 0.03717175 
586 274 6 10 0.03715502 
251 397 7 13 0.03712864 
737 216 3 4 0.037104845 
367 229 4 6 0.03709413 
673 240 4 6 0.037038695 
327 397 5 9 0.03697424 
98 353 6 9 0.036961664 
270 207 5 6 0.03691473 
653 314 5 9 0.036855113 
742 394 7 12 0.03684598 
617 156 4 6 0.03683992 
558 411 7 12 0.03683565 
318 379 8 13 0.036826026 
794 356 8 13 0.036821164 
648 164 2 4 0.036784776 
630 184 2 3 0.036702123 
397 340 6 9 0.036685757 
325 16 6 6 0.03667521 
634 308 5 8 0.03667248 
786 410 8 15 0.03663355 
340 48 6 6 0.036611613 
673 204 3 4 0.036594853 
737 197 3 4 0.03657559 
325 35 5 7 0.036572166 
525 348 6 9 0.03653099 
676 303 6 9 0.036510997 
416 374 6 9 0.036505885 
452 339 5 11 0.036492676 
299 199 5 8 0.036459945 
762 246 3 6 0.036442127 
341 28 6 6 0.03643137 
269 238 5 7 0.036424987 
769 235 3 4 0.036419746 
525 401 8 13 0.03641444 
780 416 7 14 0.036377802 
314 405 6 11 0.036375567 
172 382 8 12 0.036375444 
416 3 4 5 0.03636155 
480 289 6 10 0.036353808 
713 251 3 6 0.036249712 
373 23 5 6 0.03623901 
826 190 3 4 0.03622529 
555 284 5 8 0.03618728 
539 320 6 11 0.036126792 
70 11 4 5 0.03611317 
490 398 6 10 0.03608778 
724 209 3 4 0.036027156 
219 213 6 7 0.03598067 
394 332 7 12 0.03596786 
538 339 6 10 0.035967495 
295 3 4 6 0.035905644 
923 167 4 6 0.03583925 
346 9 5 6 0.0358264 
743 246 4 7 0.035825823 
575 361 5 9 0.03582528 
612 302 5 9 0.035801485 
979 239 4 5 0.03576232 
300 232 4 7 0.035750445 
411 282 6 10 0.03573881 
731 172 3 3 0.035717316 
691 408 8 15 0.035599492 
166 329 5 6 0.035595037 
274 171 4 4 0.035590168 
230 405 8 18 0.03556464 
8 16 4 5 0.03554371 
717 189 4 4 0.03553029 
59 16 3 4 0.035525467 
571 515 3 5 0.03546977 
91 23 3 4 0.0354685 
730 440 8 14 0.035453018 
315 213 5 8 0.035450164 
269 214 4 6 0.035422735 
7 10 4 5 0.03540195 
512 401 8 13 0.035398774 
777 180 2 3 0.035380017 
634 314 5 10 0.035356548 
378 2 5 6 0.03535268 
262 258 4 6 0.035292737 
263 200 5 6 0.035252385 
212 246 4 7 0.035244845 
812 388 5 8 0.03521704 
788 475 5 9 0.035170276 
568 378 7 12 0.035109766 
755 208 4 5 0.035070263 
37 61 5 7 0.03505665 
360 248 14 27 0.03504636 
191 213 5 7 0.035018157 
226 174 5 7 0.035002068 
352 188 7 13 0.034958053 
853 227 3 5 0.034940112 
97 5 3 3 0.03493939 
844 253 4 6 0.03493054 
317 245 8 9 0.03483789 
680 177 3 4 0.03483784 
369 256 5 10 0.034835953 
40 16 3 5 0.034814715 
110 10 4 4 0.034805447 
647 235 3 5 0.034785967 
898 489 4 7 0.034773644 
378 16 5 6 0.034761783 
254 377 7 13 0.034735378 
510 398 7 11 0.0347167 
615 273 6 12 0.034683518 
315 221 3 6 0.03466502 
255 350 5 7 0.034659557 
311 155 5 8 0.034651984 
570 365 5 11 0.03463704 
437 348 4 8 0.034634255 
595 299 5 11 0.034626912 
1020 233 4 7 0.034610555 
432 288 5 10 0.034609374 
809 396 6 10 0.034584273 
863 360 8 13 0.034555074 
588 106 8 12 0.03447346 
250 219 6 8 0.03446789 
981 228 4 5 0.034440905 
88 338 7 11 0.034405783 
351 46 5 6 0.03434338 
282 207 5 6 0.034332152 
608 399 7 11 0.034323577 
264 178 3 4 0.03430843 
263 384 6 12 0.03430474 
763 253 4 6 0.034278255 
629 191 3 3 0.034276754 
78 16 4 5 0.0342195 
712 247 4 6 0.03419639 
609 204 3 4 0.034191404 
787 468 6 10 0.034186427 
120 362 13 21 0.034168575 
698 233 3 6 0.034140732 
866 385 15 21 0.03411376 
341 392 6 9 0.034103803 
563 352 6 10 0.03405699 
699 240 3 5 0.034026723 
799 326 7 12 0.033989232 
661 179 2 3 0.033985417 
851 308 5 9 0.03396065 
122 284 6 8 0.03395777 
282 183 4 6 0.03391036 
128 251 4 8 0.033896517 
820 196 4 4 0.033892673 
448 416 8 12 0.033858467 
403 409 9 14 0.033851784 
365 86 5 7 0.033828676 
592 384 8 13 0.033771344 
206 260 5 6 0.033764277 
236 172 3 5 0.033731744 
411 3 4 5 0.033724517 
39 5 3 4 0.033717994 
793 180 3 3 0.033697885 
678 184 3 4 0.03366739 
862 394 8 12 0.033653736 
373 28 5 6 0.033597272 
846 239 4 7 0.033595216 
346 16 5 6 0.033589695 
59 1 2 4 0.033575516 
186 236 7 9 0.03352893 
422 259 5 7 0.033528153 
90 10 4 4 0.033516325 
615 203 3 4 0.033502854 
352 168 7 11 0.033495337 
308 367 6 9 0.033486646 
711 189 4 5 0.033415202 
312 78 6 9 0.033400055 
631 431 10 17 0.03336372 
165 200 5 9 0.033311803 
351 61 5 7 0.03330937 
33 9 4 5 0.03330331 
301 196 5 6 0.033252504 
640 202 3 4 0.03324471 
181 214 4 7 0.033234637 
192 386 6 11 0.033228725 
307 222 4 6 0.033213377 
141 168 5 8 0.03319376 
835 296 4 8 0.03318142 
491 459 9 15 0.03316305 
617 197 3 4 0.033145692 
302 404 8 13 0.03312392 
333 40 6 7 0.03312221 
345 22 6 6 0.033115845 
127 16 4 4 0.03307613 
803 293 6 11 0.03302206 
53 1 2 3 0.033014957 
737 208 4 5 0.032955877 
58 11 3 5 0.032931186 
857 185 3 3 0.032917615 
36 182 5 8 0.032901257 
321 221 3 6 0.032885786 
721 287 6 10 0.032882925 
698 402 6 12 0.032877643 
352 66 5 6 0.032876793 
287 389 7 11 0.03287141 
306 52 7 9 0.03286192 
811 237 5 7 0.032843385 
802 271 5 7 0.032833114 
245 355 6 8 0.03282995 
646 190 3 4 0.032827776 
615 283 4 8 0.032798816 
103 17 4 4 0.032782204 
243 199 5 8 0.03274168 
146 372 5 8 0.032732535 
294 21 6 8 0.032725643 
782 351 6 12 0.032718185 
687 238 4 7 0.032697085 
814 359 6 10 0.03263604 
880 419 8 15 0.032634832 
327 212 4 7 0.032627378 
84 45 5 7 0.03262081 
579 408 9 16 0.032620464 
725 190 3 4 0.032591768 
332 71 8 9 0.032575164 
472 300 6 11 0.03255204 
331 473 11 19 0.032540746 
290 21 6 7 0.03253157 
501 290 5 7 0.032503907 
440 366 6 9 0.032443047 
274 208 5 6 0.032435555 
479 268 7 12 0.03242991 
830 319 6 11 0.032419737 
3 42 3 7 0.03237691 
639 319 5 11 0.03237014 
174 357 4 7 0.032365203 
795 391 7 10 0.032362066 
808 237 5 7 0.032326978 
52 16 3 5 0.03232148 
609 207 3 5 0.032299083 
285 8 6 7 0.03229041 
296 9 5 5 0.03228393 
320 96 6 9 0.032252196 
447 373 7 9 0.03224 
365 41 6 7 0.032234993 
621 295 5 10 0.0322229 
703 216 4 4 0.032209277 
328 0 3 5 0.032206777 
110 17 4 4 0.03218941 
888 458 7 13 0.03215385 
834 309 6 11 0.032153655 
794 356 15 27 0.032148063 
63 214 5 9 0.032126598 
806 215 4 5 0.032121073 
383 317 4 8 0.03211689 
419 415 9 12 0.03211296 
428 316 7 14 0.032107834 
537 440 7 13 0.032081895 
555 160 5 10 0.032031473 
306 385 8 15 0.0320068 
703 399 6 10 0.031950157 
637 413 11 17 0.031948533 
321 228 3 5 0.031945333 
418 181 4 7 0.03194031 
364 245 7 12 0.031931933 
274 231 6 9 0.031922676 
213 365 4 7 0.031878352 
534 420 9 15 0.031865638 
532 3 4 6 0.03185577 
674 165 3 4 0.03183872 
108 376 13 23 0.03183668 
307 92 6 8 0.03179871 
712 216 3 4 0.03178986 
837 373 4 8 0.031762287 
506 288 5 8 0.031754408 
428 423 8 11 0.031746566 
352 10 5 6 0.03173305 
667 275 4 5 0.031653993 
818 411 6 10 0.031644166 
347 227 4 7 0.03164129 
192 253 4 6 0.031637516 
243 214 5 7 0.031620186 
550 324 7 13 0.031613953 
794 266 4 6 0.03158308 
762 215 3 4 0.031572897 
288 169 4 6 0.031560857 
96 24 3 4 0.0315344 
117 35 4 5 0.031505767 
357 29 6 7 0.031501137 
251 172 3 4 0.03148209 
289 206 4 7 0.031454198 
634 558 10 11 0.0314184 
785 385 6 11 0.03138011 
719 234 3 5 0.03137036 
333 201 3 6 0.031367388 
185 368 7 9 0.03135949 
566 188 4 7 0.031346902 
695 407 8 16 0.03132967 
746 283 5 7 0.031323522 
593 315 7 13 0.03130993 
841 254 3 5 0.03130694 
736 240 4 5 0.031276055 
1017 186 6 12 0.031274486 
287 4 5 6 0.031255875 
392 3 5 6 0.0312016 
739 447 9 16 0.031161597 
740 413 9 15 0.031142859 
656 400 8 15 0.031142505 
187 259 5 7 0.031136982 
585 430 10 18 0.031135444 
462 410 8 11 0.031110743 
621 289 5 9 0.031046225 
705 311 6 9 0.031045211 
166 427 7 14 0.031026278 
805 270 5 7 0.031023407 
641 165 3 4 0.030980222 
820 185 3 4 0.030970758 
279 243 6 9 0.030954495 
655 252 3 5 0.030953469 
326 46 5 7 0.030934004 
489 179 6 10 0.030932065 
45 10 4 5 0.030903118 
385 328 5 8 0.030899744 
145 213 6 9 0.030896042 
204 177 5 5 0.030889295 
649 204 3 3 0.03086902 
844 214 4 5 0.030845933 
632 273 3 5 0.03082754 
237 202 6 6 0.030810116 
122 246 4 7 0.03080019 
288 30 6 6 0.030796777 
974 210 3 5 0.030742854 
416 368 4 6 0.03073241 
845 415 7 11 0.030717377 
584 397 8 12 0.03071513 
588 264 4 7 0.030711055 
750 152 3 4 0.030692892 
661 240 3 5 0.030674143 
358 282 7 12 0.030663665 
679 315 6 9 0.030658925 
540 389 7 12 0.030644778 
34 61 5 7 0.030626902 
573 389 8 10 0.030610377 
332 421 7 12 0.030597527 
128 11 4 4 0.030589556 
53 11 4 5 0.030585753 
332 66 6 7 0.030576693 
101 347 8 11 0.030570645 
780 426 10 16 0.03049043 
197 371 6 11 0.030485857 
802 247 3 6 0.030485531 
320 73 5 7 0.030471822 
83 41 6 8 0.030460533 
686 176 3 4 0.030437969 
841 258 3 5 0.030434975 
287 189 4 6 0.030426076 
782 358 5 10 0.03042583 
289 384 7 11 0.03042538 
850 414 7 13 0.030408066 
124 230 5 9 0.030393254 
699 165 3 4 0.030377423 
235 362 5 7 0.03037377 
715 370 6 11 0.030349992 
312 83 7 9 0.030332847 
500 296 5 9 0.030328682 
613 406 8 15 0.030271241 
396 346 6 9 0.030268503 
427 402 8 13 0.03026171 
308 241 5 6 0.030232463 
309 251 5 6 0.030218262 
569 503 4 6 0.030179627 
377 41 5 6 0.030168122 
223 212 5 8 0.03015391 
301 27 5 7 0.030151872 
424 446 10 15 0.030136254 
729 420 8 15 0.030128231 
853 194 4 5 0.030116184 
456 296 5 9 0.030091275 
300 387 8 12 0.030034669 
846 370 5 10 0.030021492 
536 364 7 12 0.030014994 
192 258 5 7 0.030009678 
141 184 6 12 0.02993563 
691 360 4 7 0.029910697 
288 34 7 6 0.029880693 
4 212 6 10 0.029828032 
574 406 9 12 0.02982054 
838 227 4 5 0.029819092 
813 447 7 13 0.029814463 
862 438 9 16 0.029808568 
626 309 6 8 0.02979303 
405 176 5 8 0.029764878 
114 366 7 11 0.029763605 
781 138 3 4 0.029749798 
802 253 3 5 0.02974895 
797 415 8 12 0.029706933 
167 212 5 7 0.029691238 
493 297 6 9 0.029689502 
123 239 5 8 0.029685874 
874 384 6 11 0.029670935 
616 164 3 5 0.029651418 
27 4 3 4 0.029621938 
346 0 4 5 0.029607534 
680 151 3 5 0.029606454 
620 171 3 4 0.029586267 
466 296 6 10 0.029584467 
397 430 8 12 0.029562512 
148 385 8 13 0.029555095 
361 257 6 10 0.029552208 
949 216 3 4 0.029542482 
711 241 3 5 0.029511211 
306 422 7 12 0.02949607 
476 419 9 16 0.029466748 
346 34 6 7 0.029461553 
407 186 5 9 0.029460395 
115 299 26 41 0.029441547 
302 40 5 7 0.029396422 
608 191 3 4 0.029393684 
409 288 5 9 0.029384159 
218 383 6 10 0.029381761 
538 357 7 12 0.029378274 
89 396 10 18 0.029377194 
642 211 3 3 0.029343748 
672 400 10 17 0.029331407 
584 351 7 11 0.029316679 
697 315 5 9 0.029260866 
14 17 3 4 0.029258482 
20 18 4 4 0.029250605 
257 238 4 7 0.029242516 
681 361 4 8 0.029235063 
100 350 15 24 0.029230354 
358 211 5 10 0.02922754 
346 46 5 6 0.029213607 
793 313 7 12 0.029208578 
95 256 4 7 0.02919225 
663 411 9 17 0.029191328 
559 455 5 10 0.029190559 
181 177 4 5 0.029181425 
992 234 4 4 0.029173769 
1018 254 5 7 0.029150952 
544 326 6 11 0.029127548 
540 193 4 8 0.029123569 
372 167 5 10 0.029109865 
104 30 4 5 0.029099135 
237 219 5 7 0.029089073 
738 171 3 4 0.029069088 
78 181 4 9 0.02906047 
692 356 4 7 0.029057221 
795 239 3 5 0.029053394 
417 10 3 5 0.029044766 
788 239 4 5 0.02899993 
872 392 16 19 0.028996266 
792 469 4 9 0.028986849 
763 179 3 3 0.028983982 
843 332 6 12 0.028966315 
693 156 4 5 0.028964393 
698 155 3 5 0.028954769 
885 446 7 13 0.028944153 
626 151 4 6 0.02894089 
190 405 11 20 0.028937016 
840 327 5 10 0.028924359 
270 252 4 7 0.028913824 
131 349 4 6 0.028903034 
538 288 6 9 0.028897427 
287 561 27 27 0.028896973 
388 160 10 14 0.028866818 
332 361 5 8 0.028862858 
368 367 4 8 0.028839651 
673 246 5 7 0.028819056 
782 391 6 8 0.028813472 
642 179 2 3 0.02874679 
367 262 6 10 0.028742084 
628 164 3 4 0.028725162 
33 65 5 7 0.028718116 
401 384 7 13 0.028685499 
628 202 3 4 0.028680518 
673 191 3 4 0.028680507 
700 171 3 4 0.028640967 
83 17 4 4 0.028639438 
564 3 3 6 0.028633086 
465 158 11 18 0.02861397 
564 361 4 7 0.028610324 
419 187 5 9 0.02860664 
561 136 5 8 0.028589357 
698 359 5 9 0.028569682 
713 171 3 4 0.02854723 
609 352 6 9 0.028522024 
98 36 4 5 0.028518412 
735 309 5 9 0.028506596 
578 261 3 5 0.028505001 
143 161 5 8 0.028489105 
406 291 5 8 0.028482337 
269 246 4 6 0.028465029 
660 252 3 5 0.02846454 
705 190 4 4 0.028456975 
732 343 4 7 0.028456414 
193 363 5 6 0.02845621 
359 283 15 22 0.02842094 
277 253 4 6 0.02841988 
648 178 3 4 0.02840109 
583 391 7 12 0.028360799 
193 172 4 5 0.028356781 
565 22 4 7 0.028344223 
84 205 5 10 0.028303875 
551 372 8 11 0.028303146 
578 454 5 9 0.028299956 
734 377 9 14 0.028280247 
389 394 8 14 0.028279454 
981 201 3 7 0.028267318 
610 284 4 8 0.028266555 
650 320 6 11 0.028263899 
755 274 3 5 0.028258253 
87 175 14 22 0.028234016 
723 366 6 9 0.028221747 
338 68 6 6 0.028184982 
46 83 6 8 0.028173843 
26 17 3 5 0.028159615 
236 246 4 7 0.028137518 
78 11 3 4 0.02812471 
852 421 15 25 0.028081458 
359 47 6 7 0.02806489 
173 442 4 8 0.028044736 
729 376 8 12 0.028043736 
686 356 3 6 0.028038586 
351 295 7 11 0.028029278 
84 24 4 4 0.028013622 
232 219 4 6 0.028002782 
850 406 8 15 0.028000785 
339 22 6 6 0.027998304 
285 175 31 43 0.02796435 
321 55 5 6 0.027963262 
724 172 3 3 0.027948983 
321 27 5 7 0.027945505 
662 283 5 9 0.027941652 
282 72 8 9 0.027916167 
705 208 3 5 0.027915036 
517 408 7 13 0.027889034 
384 422 7 14 0.0278676 
275 191 75 87 0.02786064 
541 397 8 11 0.02785348 
568 169 4 6 0.027828693 
363 112 5 7 0.027816096 
389 180 6 8 0.0277898 
1012 221 3 5 0.027751112 
461 320 7 13 0.027739959 
834 190 3 4 0.027690992 
143 219 6 10 0.027679605 
45 68 4 5 0.027667213 
224 247 5 7 0.027651373 
135 175 5 8 0.027641116 
678 241 3 5 0.02763035 
760 284 5 8 0.027625475 
321 207 4 7 0.027618904 
648 171 3 3 0.027613051 
344 333 6 11 0.027607827 
509 270 4 7 0.027602127 
581 500 5 8 0.027584668 
27 30 4 5 0.027530653 
65 16 3 5 0.027526073 
357 61 6 7 0.027516523 
699 373 5 9 0.02751431 
1021 238 5 8 0.027489921 
562 401 7 11 0.027480246 
181 207 5 7 0.027470436 
364 238 6 9 0.027460705 
470 399 8 10 0.027437894 
244 248 4 5 0.027434215 
98 286 3 5 0.027415317 
729 283 6 8 0.027396766 
856 334 6 11 0.02738347 
389 185 5 8 0.027379978 
718 251 3 6 0.027375557 
550 403 6 10 0.027370764 
371 157 4 7 0.027366659 
636 164 2 4 0.027352871 
172 436 6 11 0.02734198 
741 383 6 10 0.027315555 
703 327 4 9 0.027286073 
103 279 3 6 0.02728579 
859 213 4 7 0.027284674 
639 436 10 17 0.027267396 
571 3 5 7 0.027242698 
300 412 8 14 0.027237574 
206 245 5 7 0.027232483 
664 354 6 10 0.027231915 
380 316 4 7 0.027214237 
89 223 6 11 0.027211402 
73 215 4 8 0.02721058 
422 188 4 8 0.027202057 
572 7 6 9 0.027195157 
851 332 7 14 0.027193585 
423 4 4 4 0.027185785 
570 474 4 8 0.02714905 
670 292 6 11 0.027131416 
320 214 4 7 0.027130641 
679 165 3 4 0.027119903 
411 281 15 24 0.027109677 
281 41 5 7 0.02710581 
516 322 9 15 0.027090471 
345 73 5 7 0.027083429 
583 306 7 12 0.027071102 
309 189 4 6 0.02706993 
59 53 5 6 0.02705366 
881 69 8 12 0.027014885 
660 312 6 11 0.026983023 
833 303 6 9 0.02696701 
313 240 5 6 0.026958156 
377 110 7 9 0.026952159 
552 34 5 8 0.026942967 
372 353 5 10 0.026942939 
767 240 4 5 0.026932435 
225 182 5 6 0.02692057 
96 17 3 4 0.026911192 
837 385 7 10 0.02689001 
458 385 10 15 0.02686536 
594 372 7 11 0.026847508 
422 175 4 9 0.02682338 
654 158 3 4 0.026821489 
432 311 8 15 0.026821349 
770 140 3 4 0.02682091 
723 321 5 9 0.026809884 
-6 28 56 82 0.026787097 
408 176 4 6 0.026727814 
37 48 5 7 0.026717402 
351 42 5 7 0.026710588 
692 171 3 4 0.026697285 
429 305 7 13 0.026685704 
702 414 8 15 0.026684724 
673 196 3 4 0.026662925 
71 367 8 11 0.02666232 
371 228 4 6 0.02664301 
352 90 6 8 0.026594365 
365 55 6 6 0.02657365 
357 169 7 14 0.026529195 
275 213 5 7 0.026504353 
419 176 4 7 0.026494479 
500 460 16 25 0.026492484 
360 78 6 7 0.026489643 
538 326 6 10 0.026484676 
314 233 4 6 0.02646836 
125 199 4 8 0.026458766 
306 397 7 11 0.026448378 
808 412 7 11 0.02643722 
474 366 6 10 0.026424088 
128 245 5 8 0.026423067 
833 352 5 10 0.026411591 
578 122 7 10 0.026410488 
345 327 6 12 0.02640331 
302 0 4 5 0.02640176 
186 391 8 11 0.026398456 
474 279 8 13 0.026397476 
1000 246 5 6 0.026388908 
761 378 6 11 0.026345553 
749 34 4 8 0.02634526 
280 234 6 7 0.02634491 
802 266 4 6 0.02632764 
293 36 6 6 0.026302177 
129 265 5 8 0.026299382 
798 421 7 13 0.026286459 
332 47 5 6 0.02628108 
597 483 3 6 0.026264468 
331 76 7 9 0.026252303 
384 219 5 6 0.026242577 
719 332 5 10 0.02622638 
300 213 5 9 0.02620642 
225 349 5 7 0.02620419 
604 470 4 7 0.026202284 
142 192 5 10 0.02618739 
632 130 5 8 0.026149856 
420 428 10 11 0.026141241 
719 124 4 6 0.026134057 
209 414 7 13 0.026128653 
27 11 3 4 0.026124917 
49 80 4 7 0.026120758 
364 272 8 13 0.026117027 
740 422 8 15 0.026112145 
459 441 9 14 0.026107097 
256 373 6 10 0.026106788 
691 234 4 5 0.0261052 
703 318 7 11 0.026085308 
654 179 3 3 0.026063712 
417 220 4 5 0.026054539 
678 233 3 5 0.026045833 
366 35 5 6 0.026030263 
375 302 7 11 0.026029417 
301 367 4 8 0.026026238 
191 246 5 6 0.026008444 
751 146 3 4 0.026006537 
134 258 5 8 0.026004804 
569 464 5 7 0.026004711 
187 415 8 14 0.026000395 
832 389 6 10 0.025998276 
465 436 9 13 0.025988588 
179 360 5 6 0.025982143 
334 213 3 6 0.025974806 
828 316 5 9 0.025963584 
347 340 4 9 0.025949275 
551 203 4 5 0.025945675 
529 358 8 13 0.025944412 
686 146 3 4 0.025937743 
70 366 14 23 0.025919322 
742 366 5 9 0.025885051 
705 240 3 5 0.025836837 
769 258 4 5 0.025831943 
516 479 8 14 0.02583126 
63 49 5 5 0.025802089 
394 374 8 11 0.0257995 
834 197 3 3 0.025798019 
380 384 15 23 0.02576911 
281 460 6 13 0.025767269 
594 258 5 6 0.025757028 
744 259 5 6 0.025729654 
187 252 4 6 0.025728788 
213 261 4 5 0.0257278 
712 165 3 4 0.025716413 
294 523 17 31 0.025707105 
622 190 3 3 0.025687369 
294 27 6 7 0.025682652 
725 347 5 9 0.02567413 
668 152 4 6 0.02566264 
371 16 5 6 0.025659546 
357 67 6 7 0.025646674 
99 73 4 7 0.025633784 
657 414 8 16 0.025629735 
142 3 4 4 0.025628282 
396 3 4 6 0.025622718 
206 264 4 6 0.025618616 
213 251 5 7 0.025615135 
604 204 2 3 0.025602896 
508 266 4 7 0.025578788 
354 163 5 8 0.0255727 
627 295 5 9 0.025552703 
352 404 16 23 0.025541678 
263 239 4 6 0.025540588 
742 372 5 9 0.02553349 
307 478 9 15 0.025511665 
379 222 4 5 0.02550351 
486 120 8 14 0.025476888 
322 59 5 7 0.025475182 
385 213 5 9 0.025470367 
721 295 6 9 0.02546209 
698 346 4 8 0.02545737 
870 385 7 11 0.025453895 
391 8 4 6 0.02545192 
164 413 11 18 0.025428053 
321 266 4 5 0.025407175 
968 229 3 4 0.02539711 
494 414 7 14 0.02538574 
186 361 5 7 0.025381975 
39 148 5 9 0.025380274 
251 348 5 7 0.025352439 
281 46 7 9 0.025338123 
436 367 6 9 0.025332995 
373 103 8 11 0.025332974 
114 435 6 11 0.025325164 
582 460 6 11 0.025300577 
693 139 3 5 0.025298145 
90 5 4 4 0.025290044 
606 157 5 7 0.025241159 
324 78 6 8 0.025239768 
366 0 4 4 0.025219738 
251 206 5 8 0.025219198 
761 360 5 7 0.025218878 
578 270 4 8 0.025217934 
642 234 3 5 0.025216773 
608 196 3 4 0.025194729 
668 171 2 3 0.025193453 
776 139 3 4 0.025167458 
243 219 5 7 0.02515817 
723 362 5 7 0.025152111 
230 257 5 7 0.025144653 
545 156 5 10 0.025138296 
237 227 4 6 0.025137724 
163 371 14 23 0.025135592 
358 23 6 5 0.025129456 
37 53 5 7 0.025122944 
117 23 4 4 0.025096692 
852 428 8 14 0.025096087 
367 90 4 7 0.025094314 
636 151 3 6 0.025093574 
647 197 3 3 0.025069777 
558 3 4 7 0.025059618 
301 252 5 6 0.025025949 
357 33 6 6 0.025018953 
827 368 5 7 0.024983354 
744 153 3 4 0.02497351 
846 246 3 6 0.024963114 
123 195 5 8 0.024960967 
813 339 6 10 0.024956724 
397 174 4 9 0.024956279 
748 157 3 4 0.02495356 
616 253 4 6 0.024950495 
281 227 5 7 0.024943685 
787 546 5 5 0.024938341 
987 229 3 4 0.024925228 
478 295 6 10 0.024921132 
614 432 10 15 0.024901459 
856 350 7 13 0.024899386 
570 470 4 6 0.02488419 
211 192 5 7 0.024874762 
376 372 6 9 0.02487214 
409 193 4 7 0.024861956 
603 156 5 8 0.024859823 
587 308 6 10 0.024840562 
704 543 8 8 0.02482663 
91 183 17 24 0.0248166 
204 441 6 10 0.024812717 
156 243 6 10 0.024798844 
713 432 12 22 0.024789765 
635 329 64 91 0.024782145 
173 449 4 8 0.024781216 
100 181 6 10 0.024772372 
621 177 2 5 0.024740994 
34 54 5 6 0.024740193 
556 150 5 8 0.024739949 
687 185 3 3 0.0247266 
430 0 3 4 0.024726547 
157 290 3 6 0.024718681 
730 390 15 25 0.024711808 
319 411 6 12 0.02471119 
761 288 5 9 0.024693407 
318 103 6 10 0.024680186 
346 66 6 6 0.024679456 
439 462 15 28 0.024678284 
840 234 3 5 0.02465158 
133 225 6 10 0.024648441 
558 460 6 11 0.024646822 
429 178 5 9 0.024642237 
34 176 4 6 0.024637654 
421 578 10 16 0.024626398 
750 164 3 4 0.02461466 
123 16 4 5 0.024610052 
347 61 6 6 0.024608385 
212 264 4 6 0.02460748 
801 241 3 4 0.024599306 
183 383 7 12 0.024593217 
680 156 3 5 0.02458707 
839 333 6 10 0.02458665 
467 367 6 10 0.02455343 
712 362 4 6 0.02455026 
430 3 4 5 0.024549605 
441 326 5 10 0.024548486 
609 359 5 7 0.024539188 
418 216 4 5 0.024525292 
615 314 5 9 0.024521537 
43 218 5 10 0.024520595 
391 346 5 9 0.024498463 
583 2 5 6 0.024490202 
833 362 5 9 0.024481636 
947 134 73 101 0.024478372 
377 35 5 7 0.024472103 
666 165 3 3 0.024471859 
217 264 4 5 0.02446452 
363 44 8 9 0.0244592 
358 179 7 12 0.024454132 
14 23 3 4 0.024443675 
826 197 3 4 0.024424426 
616 190 3 4 0.024419034 
327 73 6 8 0.024411082 
78 30 4 5 0.024406476 
961 203 3 4 0.024390623 
992 247 4 5 0.024389198 
812 400 7 13 0.024365043 
181 227 4 7 0.024354445 
987 246 5 6 0.024353258 
569 162 5 8 0.024351638 
703 373 5 9 0.024349092 
385 365 5 8 0.024339247 
477 193 6 12 0.024328386 
315 208 4 7 0.024314856 
563 470 4 6 0.02431394 
308 23 5 5 0.024312094 
139 361 5 9 0.024309117 
460 377 7 11 0.024306567 
737 335 4 8 0.02430253 
653 358 7 9 0.024280831 
440 348 4 8 0.024257805 
415 392 8 11 0.02425775 
122 23 3 4 0.024239132 
363 408 8 13 0.024233429 
763 171 3 4 0.024232142 
363 281 7 11 0.024231223 
603 313 6 10 0.024227036 
32 85 5 8 0.02422441 
296 238 4 8 0.024218379 
312 52 6 8 0.02420324 
352 226 5 7 0.024201034 
109 433 7 12 0.024177656 
540 162 5 8 0.024175158 
263 172 3 4 0.02416476 
369 391 7 10 0.024159953 
471 425 8 14 0.024152042 
692 164 4 4 0.024145659 
975 221 2 5 0.02413511 
363 -3 34 38 0.024104236 
523 409 9 14 0.02410207 
265 73 5 7 0.024075134 
478 301 6 12 0.02407166 
750 288 14 22 0.024063377 
337 72 6 8 0.024061691 
95 364 7 12 0.024052022 
498 390 7 12 0.024041563 
980 206 3 6 0.024039999 
410 314 5 11 0.024009109 
873 430 10 19 0.023979416 
319 66 7 8 0.02397907 
581 385 7 11 0.023963265 
711 303 5 8 0.023952095 
589 313 6 11 0.023939779 
590 203 3 4 0.023939583 
168 356 4 7 0.023921506 
769 164 4 4 0.023921173 
286 490 10 16 0.023913605 
312 91 7 10 0.023912523 
1012 253 5 5 0.023908071 
229 349 5 7 0.023906965 
245 173 3 4 0.023906602 
180 232 5 8 0.02389588 
736 152 3 4 0.023886073 
532 389 7 11 0.023882693 
1020 270 6 10 0.023882402 
546 207 4 6 0.023862269 
382 320 15 24 0.023849295 
153 176 68 85 0.02381935 
587 376 10 15 0.023816396 
361 250 6 10 0.023810776 
987 241 4 5 0.023807812 
307 34 6 6 0.02380615 
484 115 8 13 0.023784751 
901 151 4 6 0.02378436 
173 202 4 7 0.02377301 
617 171 3 4 0.02376362 
756 359 5 8 0.023756584 
251 213 6 9 0.023755688 
679 190 3 4 0.023742842 
802 232 3 5 0.023741141 
861 403 8 13 0.023737006 
101 379 9 17 0.02373379 
73 36 4 4 0.023712829 
114 359 6 11 0.023705592 
403 9 5 5 0.023703525 
20 74 6 7 0.023693206 
526 541 5 8 0.023689345 
652 359 19 28 0.02368838 
820 233 4 6 0.023685435 
282 213 5 7 0.023658149 
590 489 4 6 0.02365799 
445 326 80 89 0.023657795 
242 207 5 7 0.023644099 
372 301 6 11 0.023607478 
84 5 4 4 0.023604628 
620 260 3 5 0.023596283 
382 195 6 9 0.023594113 
894 455 5 10 0.023591537 
643 252 4 6 0.02358043 
478 275 7 10 0.023578769 
519 379 7 10 0.023577245 
283 4 5 5 0.023572074 
735 342 5 8 0.023563065 
358 85 5 8 0.023551302 
107 308 6 12 0.023550745 
658 339 6 10 0.023541812 
199 214 75 79 0.023536773 
261 253 4 6 0.023512308 
452 437 9 11 0.023508638 
969 232 3 6 0.023498574 
369 55 7 7 0.023495601 
357 218 5 8 0.023495214 
154 375 5 7 0.023482166 
466 427 8 13 0.023480013 
216 362 6 7 0.02344944 
124 250 4 9 0.023443153 
49 84 5 7 0.023439268 
704 360 4 8 0.023414643 
299 400 15 24 0.023408594 
5 67 7 8 0.023406671 
564 475 4 8 0.023400811 
212 392 4 9 0.023399951 
378 245 4 8 0.023398368 
76 215 5 8 0.023394112 
288 175 4 6 0.023382256 
692 310 5 8 0.023376089 
289 220 5 7 0.023375614 
510 299 7 11 0.02336373 
842 278 4 7 0.023362214 
430 367 4 8 0.023360353 
376 289 6 9 0.023348495 
377 227 4 6 0.023345219 
552 39 5 8 0.023334859 
88 346 7 11 0.02332488 
92 55 4 5 0.02332269 
640 153 3 5 0.023304898 
591 469 3 8 0.023302052 
628 268 4 5 0.023300909 
26 22 3 5 0.023290712 
780 240 4 4 0.023270838 
353 177 7 13 0.023265166 
603 160 6 9 0.023261081 
791 402 8 11 0.023255896 
47 17 3 4 0.023240497 
987 235 3 3 0.02323778 
275 267 4 5 0.023230111 
434 319 6 11 0.023221094 
148 509 3 5 0.023209704 
451 374 15 22 0.023174105 
827 372 5 9 0.023169152 
92 257 4 7 0.02316458 
433 295 7 12 0.023146594 
411 265 5 7 0.023141835 
99 229 67 94 0.02313843 
299 206 5 8 0.023127735 
341 270 5 7 0.023122964 
654 235 3 5 0.023104552 
703 252 4 7 0.023104003 
602 138 4 6 0.023092953 
349 296 4 8 0.023075104 
672 321 5 10 0.023069697 
706 392 4 8 0.023068048 
490 478 8 16 0.023066 
484 270 6 9 0.023065966 
153 375 14 23 0.023053385 
289 214 4 7 0.023053143 
718 321 6 10 0.023048133 
20 86 5 7 0.023030458 
979 215 3 5 0.023020118 
556 29 5 7 0.02301973 
804 327 6 10 0.023012163 
377 367 4 7 0.022997959 
580 127 8 10 0.022997467 
125 376 8 14 0.02299393 
555 33 5 8 0.022991505 
141 258 5 7 0.02298336 
477 371 8 12 0.0229795 
504 456 10 14 0.022972401 
351 22 6 6 0.022970114 
883 440 7 14 0.022967417 
792 398 7 10 0.022948626 
255 226 5 7 0.022941273 
282 23 5 5 0.02292976 
761 314 7 10 0.022928862 
563 461 5 9 0.022900708 
447 348 14 23 0.022893112 
356 92 5 6 0.022879556 
196 181 16 20 0.022877509 
218 372 5 9 0.022864977 
635 179 3 3 0.02286381 
25 85 5 8 0.022857085 
414 436 20 23 0.022852713 
865 397 18 24 0.02280623 
608 457 4 8 0.022802848 
135 177 12 25 0.022794964 
617 177 3 5 0.022791887 
198 376 7 11 0.022779701 
372 362 4 6 0.022777684 
423 9 4 5 0.022760471 
148 377 6 12 0.022754002 
288 15 6 6 0.022749541 
113 353 6 10 0.022748038 
275 382 9 13 0.022747185 
217 183 5 7 0.022727614 
418 393 14 20 0.022724703 
576 510 4 5 0.022723893 
595 351 7 11 0.022721743 
694 145 3 4 0.022693746 
237 377 5 10 0.022686787 
21 29 3 5 0.022679696 
582 534 7 8 0.022660125 
501 342 5 8 0.022647545 
589 137 6 8 0.022644065 
718 271 4 7 0.022640716 
751 274 4 6 0.02261864 
666 339 7 11 0.022607364 
792 475 4 8 0.022603678 
12 226 6 11 0.022602528 
756 51 5 10 0.022595938 
622 164 2 4 0.02259556 
596 138 4 7 0.02259473 
424 167 5 9 0.022592984 
558 8 4 6 0.022581853 
104 24 4 4 0.0225814 
371 41 6 6 0.022579106 
519 8 5 7 0.02257292 
594 378 8 11 0.02257048 
422 181 3 6 0.022538662 
596 254 4 4 0.022530355 
230 434 6 10 0.022504587 
3 46 3 7 0.022502057 
863 195 4 5 0.022501519 
702 379 5 9 0.022500642 
737 166 3 3 0.022468435 
103 55 5 6 0.022457104 
425 467 10 13 0.022451721 
486 345 6 11 0.022440812 
858 425 17 27 0.02243876 
326 404 6 11 0.022432232 
122 42 4 5 0.022427082 
525 360 8 13 0.022406043 
563 15 5 7 0.022404877 
748 333 7 10 0.022403674 
295 16 5 6 0.022401076 
364 22 5 5 0.022396889 
653 413 8 17 0.022394624 
806 266 4 6 0.022385225 
262 233 5 7 0.022375382 
340 0 4 4 0.022373911 
738 385 14 23 0.022364438 
244 226 4 7 0.022358594 
7 108 6 9 0.022354515 
46 61 4 5 0.02234293 
70 23 4 5 0.022340294 
744 164 3 4 0.022326732 
21 23 3 4 0.022324214 
735 397 16 25 0.022321112 
532 176 4 7 0.02232019 
743 327 5 9 0.022315225 
599 390 8 13 0.022302235 
309 0 4 5 0.022302076 
590 484 3 6 0.022295605 
109 24 4 4 0.022289714 
135 3 4 5 0.022274163 
757 238 3 6 0.02227365 
474 392 7 11 0.02226315 
198 363 4 6 0.022262191 
323 233 4 6 0.022253064 
519 447 8 15 0.022252277 
226 189 4 6 0.022252038 
307 453 7 13 0.022237103 
455 314 5 10 0.022217283 
420 155 66 93 0.022214415 
359 157 5 7 0.022207057 
282 29 6 6 0.022205556 
352 15 6 6 0.022200909 
735 259 4 5 0.022199688 
205 366 5 7 0.02219877 
99 190 8 12 0.022195017 
106 424 7 10 0.02217946 
565 509 4 5 0.022177195 
568 188 4 7 0.022174021 
511 332 6 11 0.022169255 
345 54 5 6 0.022160688 
378 321 5 7 0.02213775 
424 0 3 5 0.022120118 
583 516 4 5 0.02210804 
813 377 5 10 0.022101484 
318 250 7 8 0.022092383 
337 377 6 10 0.02208866 
832 326 5 9 0.022062913 
322 46 4 6 0.02205949 
282 14 6 6 0.022055047 
325 54 6 7 0.022046478 
448 436 7 10 0.022043154 
223 372 6 9 0.022043014 
30 121 6 9 0.022023533 
115 288 5 9 0.02202167 
712 355 3 6 0.02202109 
512 134 7 13 0.02202041 
350 49 67 88 0.022016156 
595 471 4 6 0.022011567 
1003 240 4 5 0.022006907 
583 360 8 11 0.02200635 
283 177 3 4 0.021948833 
789 307 5 10 0.021939864 
771 144 2 4 0.02193619 
300 439 7 14 0.021930378 
5 42 3 6 0.021929294 
584 182 3 5 0.021927126 
134 252 5 8 0.021910254 
96 174 6 8 0.021907393 
139 383 6 13 0.021901457 
755 298 13 19 0.021897884 
1018 258 5 7 0.02189269 
37 257 9 21 0.021890443 
796 247 2 5 0.021872247 
864 214 4 6 0.021865565 
538 189 4 8 0.021855814 
494 312 6 12 0.021854993 
570 372 6 10 0.021831306 
622 203 3 3 0.021828692 
358 16 5 5 0.02179082 
339 201 3 6 0.021772794 
1000 186 6 10 0.021770993 
706 151 3 5 0.02176263 
803 364 7 14 0.021761602 
608 348 5 9 0.0217575 
573 334 7 10 0.021751478 
133 200 6 9 0.021744603 
550 137 5 8 0.021736829 
353 208 5 10 0.02172478 
718 313 5 9 0.021718187 
331 60 6 7 0.021682516 
574 555 5 5 0.02167228 
620 378 5 8 0.021669004 
838 481 4 7 0.021663506 
707 233 3 6 0.02165751 
571 338 6 10 0.021645177 
339 214 4 7 0.021634258 
539 295 5 8 0.021633 
27 53 4 6 0.021629637 
130 256 5 9 0.021627586 
535 371 7 13 0.021610403 
78 4 4 4 0.021597791 
248 372 7 12 0.021593891 
734 419 8 15 0.021573681 
89 379 8 13 0.021567285 
796 254 2 5 0.02156569 
364 29 6 6 0.02156264 
510 406 8 15 0.021551115 
660 236 3 4 0.021550551 
603 143 4 6 0.021535294 
130 4 3 4 0.021523496 
341 22 32 38 0.02151054 
657 388 27 44 0.021480918 
442 187 5 8 0.021478463 
72 54 4 5 0.021468753 
514 261 4 6 0.021466395 
103 41 4 5 0.0214623 
340 207 4 8 0.021460399 
604 197 3 3 0.021447262 
564 9 4 7 0.021438427 
750 315 6 10 0.021423373 
141 201 4 8 0.021416426 
145 174 7 14 0.021415185 
817 442 6 11 0.02139739 
192 378 5 9 0.021397125 
762 139 3 4 0.021394694 
648 353 7 9 0.021386884 
638 404 12 19 0.021358177 
875 67 9 13 0.021354605 
353 98 5 8 0.02134702 
680 140 3 4 0.02134312 
366 59 6 7 0.021341274 
148 10 4 5 0.021340478 
858 366 6 10 0.02132154 
767 301 5 9 0.021320349 
254 340 6 8 0.021261755 
159 291 3 6 0.021253351 
1 14 4 7 0.021244297 
40 24 3 4 0.021241363 
295 80 5 6 0.02123144 
763 348 4 7 0.021224843 
27 34 4 6 0.021224704 
795 384 8 10 0.021223834 
133 384 7 14 0.021220272 
888 466 6 11 0.021214727 
115 17 4 4 0.02120947 
24 91 5 8 0.021207634 
846 234 4 6 0.021194762 
545 481 5 10 0.021189878 
89 190 7 11 0.021188594 
34 48 5 6 0.021172421 
467 261 5 7 0.02116861 
70 48 4 6 0.021147113 
416 265 14 22 0.021143807 
542 141 6 10 0.021140758 
587 283 5 10 0.021139035 
718 165 3 4 0.021129541 
755 146 3 4 0.021127816 
531 192 5 8 0.021121247 
484 518 7 13 0.021118935 
363 353 6 9 0.02111161 
140 429 6 11 0.021110844 
542 428 8 13 0.02110445 
369 276 6 9 0.021104224 
655 339 5 10 0.021103023 
411 0 3 4 0.021099662 
729 353 14 24 0.021098098 
572 554 4 4 0.021097837 
551 207 4 6 0.02109029 
730 257 4 6 0.021075763 
314 362 6 8 0.021070438 
643 246 4 6 0.021067925 
846 53 5 9 0.021061106 
66 22 4 6 0.02106002 
777 100 4 4 0.021047719 
620 283 6 10 0.021044796 
826 354 4 9 0.021042008 
579 277 5 8 0.02104073 
186 177 4 5 0.021030502 
273 442 7 14 0.021025771 
104 1 3 3 0.021023642 
614 309 4 9 0.021000298 
845 195 4 4 0.020990603 
320 260 5 5 0.020986347 
667 344 7 12 0.020983214 
402 568 8 12 0.020982027 
602 490 3 6 0.020979181 
622 300 5 10 0.020966267 
591 190 2 4 0.020950353 
285 423 18 29 0.020949492 
558 361 4 7 0.020943688 
488 202 4 8 0.02092054 
609 491 4 5 0.020917503 
288 512 7 11 0.020912891 
183 200 14 23 0.020903593 
731 358 7 12 0.020898389 
69 401 8 14 0.020894505 
794 446 8 17 0.020886887 
596 489 4 7 0.020875433 
638 309 5 9 0.02087251 
421 418 18 21 0.020872168 
543 333 6 11 0.020863064 
7 218 5 9 0.020850813 
488 410 6 10 0.020850437 
698 339 5 11 0.020836184 
826 234 4 6 0.020836033 
378 167 6 10 0.02082225 
124 11 4 4 0.02081796 
480 467 16 28 0.02081403 
322 201 4 7 0.020807117 
840 240 4 5 0.020805003 
863 221 5 7 0.020780023 
398 181 4 8 0.020775838 
862 353 6 11 0.020775717 
359 54 5 6 0.020774907 
380 440 8 13 0.020762976 
802 179 2 4 0.02076 
378 179 6 10 0.020756818 
755 354 5 10 0.02075381 
228 340 5 7 0.020751998 
108 387 7 15 0.020748645 
648 326 6 9 0.020743283 
405 189 6 10 0.020741569 
124 221 5 9 0.02073841 
332 233 4 6 0.020735806 
455 308 5 10 0.02073029 
332 249 28 41 0.02072511 
455 300 5 10 0.020725004 
545 3 3 5 0.020722358 
358 105 5 7 0.020715667 
326 244 5 9 0.02070677 
232 386 15 25 0.020703744 
1019 259 16 23 0.020697583 
119 332 7 11 0.020694498 
287 378 6 10 0.020694036 
25 66 4 7 0.020691011 
624 308 5 9 0.020666031 
492 163 7 13 0.020664964 
594 309 4 9 0.02066469 
40 77 4 7 0.020651422 
196 419 8 13 0.020644192 
796 260 3 5 0.02064016 
27 61 4 6 0.02063053 
52 55 4 5 0.020627592 
411 9 4 5 0.020624282 
144 157 4 7 0.020620426 
140 251 6 8 0.020610018 
155 238 6 9 0.020595627 
8 23 3 5 0.020595051 
489 175 5 9 0.020586893 
551 141 5 8 0.020585392 
142 246 5 7 0.02057728 
756 365 5 9 0.020573864 
838 410 8 11 0.020571338 
973 229 3 4 0.020543754 
248 262 6 9 0.020518094 
850 234 4 5 0.020515602 
961 228 3 5 0.02051211 
745 157 3 4 0.02051139 
742 322 6 9 0.020508468 
557 331 7 11 0.020497039 
1019 264 6 9 0.02049603 
89 214 7 15 0.020491874 
697 355 4 8 0.020491133 
164 192 6 11 0.020482888 
529 121 8 10 0.02048278 
761 365 6 10 0.020481588 
517 260 4 6 0.02047192 
378 74 5 6 0.02045747 
961 222 3 4 0.020443344 
225 164 4 4 0.020441988 
730 165 3 4 0.020440416 
115 30 4 4 0.020431062 
308 83 5 8 0.020418985 
569 352 6 10 0.020417234 
655 304 5 8 0.020410424 
713 282 14 22 0.02040607 
431 378 6 9 0.020398336 
311 412 14 21 0.020392174 
817 467 6 12 0.0203899 
94 197 8 15 0.020374529 
32 103 6 10 0.020373844 
179 451 4 7 0.02036709 
374 294 7 10 0.020364648 
1001 235 3 4 0.020360827 
385 345 5 9 0.020335678 
512 444 69 82 0.020327907 
504 298 7 10 0.020326631 
328 197 4 6 0.020303907 
339 60 5 6 0.020300644 
436 327 5 8 0.020285062 
85 36 4 5 0.020280372 
326 460 8 12 0.020273237 
512 396 14 24 0.020269731 
565 450 6 12 0.020268017 
249 365 6 10 0.02026318 
758 406 12 14 0.020258334 
566 163 4 7 0.020233713 
685 140 4 4 0.02022388 
724 165 3 3 0.020222241 
211 177 4 5 0.020211864 
183 342 6 8 0.020211373 
162 430 6 11 0.020191375 
542 339 7 10 0.020186493 
390 22 5 6 0.020152185 
699 333 5 11 0.020149622 
384 29 5 5 0.02014831 
664 302 8 12 0.020134777 
365 396 6 11 0.020128878 
632 136 5 8 0.020128205 
165 390 9 12 0.020126386 
97 29 4 5 0.020098085 
531 409 7 13 0.020078195 
65 384 6 12 0.020067267 
1004 247 4 5 0.02006295 
569 326 6 10 0.02005584 
429 8 5 6 0.02004849 
430 353 4 8 0.020040214 
888 434 8 15 0.020028962 
370 408 7 13 0.020025186 
615 289 5 8 0.020010991 
498 455 8 14 0.020007009 
981 222 3 4 0.020006882 
680 251 4 6 0.020006206 
