0_Parade_marchingband_1_710
50
469 125 55 80 0.9955943 
829 20 45 65 0.9951631 
-1 2 34 57 0.994048 
117 300 63 92 0.99215394 
33 184 5 11 0.14771989 
193 548 29 26 0.14647129 
1009 371 19 35 0.14328137 
925 136 12 16 0.08319498 
99 481 29 69 0.08058805 
979 246 9 14 0.07822934 
214 533 27 24 0.056383193 
198 531 47 49 0.055511106 
524 148 11 20 0.053697735 
389 10 26 34 0.050621837 
621 401 50 70 0.050145205 
385 10 7 10 0.048315104 
513 383 23 26 0.045932367 
211 29 28 35 0.04347915 
930 141 11 14 0.040592 
151 502 8 20 0.0382375 
462 84 43 41 0.03579446 
371 5 5 7 0.03315444 
33 182 4 6 0.032244742 
27 146 5 8 0.031006375 
372 58 7 12 0.030809235 
621 328 12 13 0.030090438 
31 194 8 13 0.030061403 
350 0 7 8 0.030012732 
1008 468 27 62 0.028045736 
384 6 7 10 0.027631423 
36 185 5 8 0.02741229 
47 177 4 8 0.026964776 
29 182 13 25 0.02639705 
55 447 11 20 0.024807606 
1023 399 33 78 0.02439465 
921 135 9 14 0.024271796 
19 99 5 8 0.024126055 
370 2 4 6 0.02337831 
1033 368 27 52 0.022860482 
602 251 335 380 0.022444919 
353 10 7 10 0.022238672 
171 500 18 33 0.022106793 
919 127 7 10 0.022052208 
68 219 21 45 0.022019824 
761 19 41 56 0.022017768 
118 277 48 64 0.021879634 
518 145 20 38 0.021734009 
21 113 4 8 0.020914305 
815 455 46 50 0.020892877 
1016 355 18 33 0.020424929 
