0_Parade_marchingband_1_267
260
425 203 24 31 0.99976414 
355 235 24 33 0.9996724 
506 194 22 28 0.99956506 
316 223 24 31 0.99914443 
585 227 25 30 0.9990496 
510 234 28 31 0.99780256 
467 221 32 39 0.99712485 
166 246 32 38 0.99608034 
550 180 18 25 0.9957926 
584 181 18 24 0.99541533 
0 219 30 47 0.9843084 
712 164 17 25 0.97679305 
804 138 17 22 0.96771985 
564 138 17 19 0.95690125 
681 142 13 19 0.95662344 
927 146 12 18 0.95319045 
624 175 13 19 0.94243443 
648 155 13 20 0.9348149 
763 154 13 15 0.9326873 
588 143 15 15 0.9129105 
654 195 18 27 0.8992444 
713 188 11 21 0.82746637 
831 145 15 17 0.78560865 
845 130 12 16 0.76265675 
734 143 15 22 0.7408835 
605 210 18 22 0.7339731 
616 103 13 17 0.66555953 
786 137 10 15 0.6085092 
879 120 10 15 0.6005019 
664 149 10 17 0.49908084 
912 118 11 17 0.4858863 
984 145 8 15 0.46664655 
678 200 11 18 0.4317799 
896 121 10 15 0.4048599 
583 94 8 13 0.34577575 
935 104 5 9 0.32090333 
965 132 9 14 0.31353083 
883 81 7 11 0.2415679 
633 107 9 14 0.23282626 
770 150 12 17 0.23067431 
623 104 11 16 0.22936168 
971 131 9 15 0.20793253 
749 140 7 15 0.20785068 
617 157 11 15 0.18545185 
971 110 6 10 0.17997962 
655 151 13 21 0.17072582 
985 112 5 9 0.15574215 
510 112 9 14 0.1475589 
507 108 8 11 0.1375925 
757 109 12 20 0.13121651 
597 90 7 12 0.11949133 
633 148 11 17 0.11475261 
855 134 9 14 0.11095348 
405 118 11 18 0.10998379 
703 149 12 16 0.10404411 
967 113 7 10 0.09885726 
434 107 10 16 0.09546503 
548 149 14 17 0.0897054 
444 138 10 19 0.080822274 
776 147 10 16 0.07928205 
401 122 18 28 0.078756094 
989 139 10 18 0.07717821 
741 182 11 19 0.07432488 
493 101 9 15 0.07262987 
237 390 20 21 0.07159546 
22 501 26 21 0.06793036 
981 114 6 9 0.0679185 
600 94 7 11 0.067389786 
886 120 8 14 0.066784136 
961 110 4 9 0.06536937 
956 109 5 8 0.06268348 
694 144 9 16 0.06254825 
485 90 8 12 0.062201984 
690 162 12 19 0.05965355 
158 56 20 28 0.05863012 
667 193 16 25 0.05744986 
998 137 8 16 0.05627743 
603 156 13 16 0.054965448 
555 76 8 11 0.054142833 
835 58 8 15 0.053112455 
1000 109 6 9 0.05277632 
638 104 10 14 0.05255695 
643 102 8 13 0.0516081 
939 133 9 14 0.050462246 
940 104 5 9 0.050194994 
608 105 8 15 0.04959535 
639 151 16 24 0.049287267 
927 108 6 10 0.0490053 
860 89 6 10 0.048266817 
914 96 5 9 0.04648947 
961 114 6 10 0.046243902 
479 101 8 12 0.04551603 
867 139 9 13 0.045275584 
475 70 11 13 0.045193054 
739 65 11 17 0.045167252 
878 81 8 12 0.04482589 
588 169 18 23 0.043218184 
554 115 10 12 0.04278925 
971 152 10 17 0.042088788 
609 84 6 8 0.041794118 
379 5 6 11 0.041730437 
1034 146 14 25 0.041642617 
955 105 5 8 0.04112839 
298 223 18 29 0.040467817 
517 105 8 9 0.039806657 
949 104 5 8 0.038977817 
1086 153 11 19 0.038919028 
726 164 11 21 0.038781945 
1004 108 6 10 0.038345654 
1037 136 14 21 0.038063843 
467 106 8 12 0.03780416 
628 85 7 9 0.03725562 
780 201 10 16 0.03719282 
976 129 8 13 0.03710332 
576 95 9 12 0.036646716 
523 104 7 10 0.036276232 
576 136 17 23 0.03613231 
548 161 17 24 0.035423175 
1008 25 17 27 0.035417896 
1066 303 11 21 0.03527735 
382 4 7 11 0.03523617 
1058 140 10 18 0.034859776 
918 114 10 17 0.03484255 
961 128 8 13 0.033610113 
472 102 8 12 0.03348614 
767 63 17 25 0.033165105 
745 61 12 19 0.03306074 
607 77 6 10 0.032824997 
1072 175 15 24 0.03218059 
429 108 8 14 0.031959765 
860 133 10 15 0.031415205 
1056 149 12 22 0.031298254 
954 99 5 7 0.031213662 
674 187 14 24 0.030935938 
498 106 8 11 0.030615527 
641 84 6 9 0.030574009 
64 61 7 12 0.030485542 
538 242 13 16 0.030339446 
762 85 8 11 0.030310666 
520 76 6 8 0.029896593 
923 76 6 10 0.029816512 
954 138 7 13 0.029795526 
326 47 5 7 0.029320542 
583 115 8 12 0.029300943 
915 157 9 14 0.029276727 
877 88 7 11 0.02925533 
959 136 8 15 0.029200144 
975 86 4 7 0.0290338 
965 123 8 12 0.028673608 
61 249 20 22 0.028630136 
484 100 9 14 0.028114762 
602 101 7 12 0.027942793 
322 46 5 8 0.02793501 
658 102 7 10 0.027832072 
526 238 22 25 0.027802646 
950 98 5 8 0.027611742 
900 7 10 11 0.027608518 
613 84 5 9 0.027572589 
710 108 8 12 0.027188491 
729 144 12 18 0.027185736 
863 94 7 11 0.02717053 
615 314 26 43 0.026988046 
755 147 15 23 0.02650638 
886 76 10 14 0.026500927 
1057 129 10 17 0.026358195 
868 115 14 24 0.026161266 
498 64 9 11 0.026140228 
512 106 8 10 0.026064862 
979 86 5 8 0.026027568 
596 2 7 9 0.0260067 
696 161 15 24 0.025828244 
495 100 16 23 0.025814107 
414 242 28 41 0.025813673 
1033 103 16 25 0.02577988 
413 120 10 18 0.025768422 
931 169 115 151 0.02572601 
903 102 7 12 0.025465898 
521 157 11 18 0.025351437 
553 136 18 23 0.024917467 
306 71 5 9 0.02488044 
746 147 10 19 0.024837201 
472 199 18 24 0.024626218 
938 144 8 16 0.02461324 
1055 113 11 19 0.024586149 
184 233 35 48 0.024545636 
207 232 32 46 0.024472013 
1021 96 14 25 0.0244261 
855 142 10 15 0.02437781 
354 66 5 9 0.024315353 
597 162 18 19 0.024251496 
464 141 12 17 0.024242463 
878 81 15 24 0.024123399 
661 190 13 20 0.024089832 
836 125 10 17 0.023801517 
378 12 5 9 0.023714172 
958 151 7 13 0.02370731 
0 83 5 16 0.023650423 
561 77 8 10 0.023582576 
790 154 17 22 0.023403965 
1089 122 13 21 0.023345822 
656 186 12 17 0.02317243 
971 123 7 12 0.023079988 
881 128 10 16 0.02305981 
314 5 7 8 0.023038078 
1000 105 5 8 0.022992264 
669 138 10 18 0.02295166 
1039 124 13 21 0.022928033 
953 151 7 14 0.022849496 
922 104 7 12 0.022747701 
630 89 8 10 0.022695895 
456 146 22 34 0.02260423 
1011 104 5 8 0.02253002 
861 83 8 12 0.02249415 
390 19 6 12 0.022478197 
707 155 12 20 0.02215847 
949 122 6 9 0.022078607 
379 249 17 26 0.022054385 
974 96 5 9 0.022018092 
720 112 9 15 0.02200837 
975 91 4 7 0.021898389 
977 137 13 22 0.021785876 
922 96 6 10 0.021731671 
797 132 11 18 0.021730881 
701 189 17 26 0.021716738 
306 66 5 9 0.021703372 
490 88 8 14 0.02167914 
435 127 16 27 0.021643898 
979 149 8 14 0.02143546 
1051 168 15 28 0.021412412 
97 45 18 32 0.021392906 
700 78 11 15 0.021342508 
525 73 5 7 0.021231705 
863 122 8 14 0.021157846 
510 109 16 26 0.021090092 
202 222 22 38 0.021082794 
1072 290 9 17 0.021061586 
858 94 7 11 0.021055365 
115 434 8 10 0.021037916 
998 527 31 25 0.021026976 
947 75 8 11 0.020937579 
974 105 5 9 0.020926047 
993 111 4 8 0.020912271 
131 2 13 12 0.020874282 
295 214 7 10 0.020810192 
632 85 6 8 0.020802682 
890 144 8 14 0.020798061 
460 101 8 13 0.020632189 
563 82 7 9 0.020608565 
452 139 10 18 0.020551115 
327 51 4 8 0.020541564 
1023 77 21 33 0.020329177 
694 202 12 19 0.020310994 
354 70 6 9 0.020268997 
1010 108 6 10 0.020180745 
1010 141 9 14 0.020180196 
668 155 10 17 0.02016909 
903 92 5 7 0.02012058 
1034 170 17 26 0.020104613 
935 97 6 11 0.020084398 
677 206 16 28 0.020043174 
