0_Parade_Parade_0_353
301
494 241 26 32 0.99797946 
390 259 22 26 0.9947349 
836 263 23 28 0.9872061 
287 288 16 17 0.97808915 
327 295 30 35 0.9345212 
886 249 14 16 0.9143443 
253 288 13 14 0.7773348 
692 247 16 18 0.6833461 
315 267 13 14 0.65845424 
454 283 11 13 0.551135 
203 306 11 15 0.5179021 
156 372 10 13 0.46091086 
742 243 33 50 0.42796615 
577 252 55 56 0.37988096 
939 252 7 9 0.33596817 
187 301 12 12 0.33195597 
376 286 17 21 0.3125424 
33 341 13 16 0.25661373 
798 254 12 12 0.2475103 
317 288 9 11 0.24231488 
859 249 14 15 0.23363613 
105 248 10 14 0.2240427 
259 300 15 16 0.2127495 
447 270 7 11 0.19342169 
431 282 6 9 0.18222429 
690 236 42 52 0.1788314 
824 273 20 25 0.15719521 
558 264 42 52 0.15669063 
79 318 26 21 0.15330708 
177 296 20 18 0.1378799 
663 222 16 15 0.1362733 
189 317 10 10 0.13210122 
924 246 6 8 0.11758278 
993 260 4 5 0.11344508 
0 366 5 11 0.11005154 
31 314 6 8 0.10741761 
260 263 10 14 0.1015469 
259 308 18 20 0.09030167 
157 320 9 11 0.08691759 
988 260 4 5 0.08505698 
603 238 38 37 0.084724754 
851 255 19 26 0.08309846 
136 278 6 8 0.08294469 
177 321 8 9 0.0827332 
119 370 22 22 0.0818442 
934 237 7 9 0.0794151 
451 284 19 25 0.07876367 
219 306 16 14 0.076183796 
147 311 10 12 0.07544714 
784 269 9 14 0.07421037 
923 249 7 10 0.07418937 
195 301 13 15 0.07339838 
245 311 10 14 0.07214932 
956 259 5 7 0.071032755 
4 372 7 10 0.06951052 
872 255 11 14 0.062240258 
507 248 23 27 0.062230173 
887 232 34 38 0.05838743 
133 282 7 10 0.055734467 
519 253 13 18 0.055587165 
201 314 18 22 0.055094942 
1018 258 6 9 0.054876406 
988 255 3 4 0.052587062 
442 285 7 8 0.052576087 
235 281 9 11 0.0520522 
163 404 13 19 0.051934857 
160 54 38 53 0.051794138 
264 289 11 11 0.0510806 
907 242 8 10 0.049983405 
186 320 9 9 0.048631225 
719 248 18 27 0.048319932 
826 257 23 26 0.0481157 
871 225 7 11 0.04799864 
541 265 17 29 0.047897875 
159 346 10 13 0.04650199 
817 229 7 10 0.045811903 
981 254 4 4 0.04560043 
959 259 5 7 0.045588713 
1010 221 6 8 0.045287386 
337 311 26 28 0.04491877 
946 252 5 8 0.04432428 
976 260 4 5 0.04414651 
324 301 14 14 0.04395768 
4 364 9 12 0.04394263 
318 288 18 22 0.043699577 
947 246 5 8 0.0433188 
69 366 10 14 0.042795584 
1086 325 9 15 0.04206916 
271 317 10 17 0.04187973 
942 248 6 8 0.041616898 
135 321 6 7 0.041386884 
1007 260 4 5 0.04105982 
1053 281 6 12 0.040861484 
976 248 3 5 0.039651666 
936 265 6 8 0.03964652 
301 307 14 13 0.03932985 
1019 277 6 10 0.03912021 
922 271 7 9 0.038989298 
853 267 10 17 0.03890302 
697 242 23 29 0.03863247 
1055 296 6 11 0.03845586 
1013 240 4 6 0.038326252 
186 353 8 11 0.038200174 
29 331 10 15 0.03817602 
7 361 8 9 0.03794771 
173 318 8 9 0.037898544 
968 252 4 6 0.03773475 
962 248 4 5 0.03755799 
969 248 3 5 0.037012976 
898 246 11 15 0.036951315 
941 271 4 6 0.03692766 
277 351 13 17 0.036876153 
940 233 5 8 0.03654357 
939 238 6 8 0.03647821 
1007 264 4 7 0.036417767 
913 243 8 10 0.03631634 
151 389 10 14 0.03624518 
976 253 3 5 0.03558369 
463 338 34 65 0.035570048 
298 313 15 13 0.035431173 
194 320 10 12 0.03518581 
172 325 10 11 0.03502218 
1082 345 9 16 0.034986522 
694 281 27 32 0.034822345 
152 328 10 13 0.034679066 
139 282 7 8 0.034625724 
1007 284 4 8 0.03423847 
173 299 12 13 0.033717897 
209 306 21 23 0.0336902 
726 256 21 33 0.033466484 
449 241 21 22 0.03335005 
141 316 6 8 0.033341173 
980 249 4 4 0.033234067 
433 280 6 8 0.033209655 
190 359 8 11 0.03308181 
949 259 4 7 0.03293336 
922 256 9 10 0.03261742 
40 339 12 14 0.032613315 
236 313 9 11 0.03245026 
853 233 14 15 0.032347154 
255 305 11 16 0.032248076 
956 245 3 7 0.032049175 
1048 263 9 14 0.031956114 
154 399 18 26 0.031952374 
431 336 10 15 0.031857222 
1037 266 7 13 0.031721395 
1067 348 13 23 0.03147193 
936 255 7 8 0.03138484 
136 271 6 8 0.031341042 
988 249 4 4 0.031136686 
849 242 20 22 0.031007087 
469 265 6 8 0.030945625 
183 347 9 10 0.030835459 
929 239 6 8 0.030665834 
47 328 9 9 0.03029884 
981 260 3 5 0.030241493 
994 264 4 7 0.030054364 
949 233 5 6 0.030040534 
824 254 10 13 0.029816814 
1037 278 7 13 0.029590724 
468 270 6 10 0.029583547 
937 270 5 7 0.029498916 
355 301 13 16 0.029493961 
680 259 26 32 0.02946744 
312 278 17 21 0.029452726 
474 264 6 9 0.029374752 
148 295 8 10 0.029284919 
1059 278 6 12 0.029280988 
941 266 4 7 0.029233899 
294 316 22 21 0.029208457 
861 252 19 22 0.029196512 
448 270 33 45 0.029179389 
955 241 4 6 0.028985515 
294 129 6 7 0.028875524 
163 316 8 9 0.028804453 
288 289 34 38 0.028481662 
42 333 12 13 0.028459463 
651 206 35 38 0.028358292 
642 246 39 44 0.028329847 
122 397 6 8 0.028067008 
976 265 4 6 0.027909553 
91 319 25 31 0.027846584 
902 241 9 9 0.02778529 
810 249 8 10 0.027766582 
975 465 20 32 0.02757726 
230 283 10 11 0.027439611 
154 351 8 10 0.027372235 
956 254 4 6 0.027286017 
907 248 8 12 0.027256306 
58 385 11 14 0.02710315 
444 265 15 21 0.02710224 
922 264 8 9 0.026927227 
1037 252 7 14 0.026896812 
1021 271 14 26 0.026866687 
1021 251 15 24 0.026509684 
793 262 9 12 0.02645913 
1008 247 4 5 0.026451036 
156 381 11 16 0.026414748 
1061 293 5 11 0.026408188 
322 267 10 10 0.026142262 
61 329 8 9 0.026117034 
139 322 7 8 0.025971346 
799 275 7 10 0.025961304 
1019 303 7 11 0.025861418 
466 282 8 11 0.025625914 
151 317 17 20 0.025466146 
950 265 4 6 0.0254077 
962 253 4 6 0.025365906 
76 325 10 10 0.025156433 
1 374 7 14 0.025085742 
930 303 5 9 0.025023134 
76 324 42 49 0.024749445 
769 260 21 31 0.024645127 
949 272 4 6 0.024618378 
1036 289 8 13 0.024566222 
994 255 3 4 0.024548184 
905 238 20 21 0.024382684 
372 294 22 32 0.024380272 
107 322 8 10 0.024349904 
164 350 9 11 0.02430349 
913 250 8 11 0.024167588 
344 321 37 47 0.02385127 
148 320 9 11 0.023816086 
1013 245 4 6 0.023744576 
1013 259 5 7 0.02367945 
969 241 4 6 0.023596933 
1094 302 7 13 0.023512475 
938 297 9 16 0.023476634 
172 351 8 11 0.023259506 
15 385 8 11 0.023173679 
825 262 128 208 0.023099892 
433 285 8 12 0.022975635 
920 244 16 22 0.022946754 
1019 281 7 12 0.022922384 
875 230 7 9 0.022907102 
858 129 24 25 0.022884423 
718 183 7 10 0.022871457 
4 407 13 16 0.022741232 
183 319 20 21 0.022721136 
290 295 20 19 0.022645168 
298 344 11 13 0.022623187 
735 268 35 60 0.02258419 
778 -169 223 149 0.02252508 
289 114 6 7 0.022451432 
469 308 18 26 0.022449508 
70 327 8 10 0.022319444 
182 346 18 23 0.022306243 
38 312 7 7 0.022304146 
981 241 4 4 0.022299806 
157 396 11 15 0.022291245 
1012 235 5 6 0.022156853 
955 233 4 6 0.022123035 
609 246 47 57 0.022100167 
821 275 8 13 0.022099392 
968 272 5 6 0.022045614 
293 118 7 8 0.021932378 
292 340 20 24 0.021892576 
426 331 19 29 0.021868138 
92 367 22 23 0.021840941 
446 321 8 10 0.02181102 
1019 246 5 7 0.021807501 
447 282 9 11 0.021772478 
1020 272 5 8 0.021689836 
220 347 13 12 0.02164457 
320 376 8 15 0.021501143 
799 269 10 12 0.021465406 
755 268 24 33 0.021393731 
432 182 11 16 0.021312509 
141 369 34 46 0.021243714 
1020 262 6 10 0.02122741 
540 246 20 30 0.02120314 
275 238 62 66 0.02119921 
794 261 19 24 0.021160338 
1061 306 6 12 0.021147285 
949 284 5 7 0.02111867 
1056 261 8 15 0.021115407 
472 256 19 26 0.02102854 
439 321 11 14 0.021026442 
1036 237 8 15 0.02093613 
794 281 9 11 0.020883767 
1056 308 6 11 0.020837782 
804 274 7 11 0.020828871 
242 333 10 10 0.02080046 
149 270 6 8 0.020757254 
427 276 17 22 0.020754691 
1061 317 6 12 0.020689506 
116 323 6 7 0.020604767 
184 279 10 12 0.020540131 
290 118 5 6 0.02045988 
719 286 20 30 0.020455401 
980 271 5 6 0.020446634 
290 124 6 9 0.02032522 
122 325 6 5 0.020300455 
173 310 20 21 0.020288888 
44 336 24 26 0.020275144 
119 380 12 13 0.02026035 
935 300 7 12 0.02010216 
933 246 14 20 0.020097757 
255 338 10 13 0.020092856 
955 279 4 6 0.020088028 
149 303 11 13 0.020078981 
