0_Parade_Parade_0_465
89
406 112 97 130 0.9999187 
514 117 100 133 0.99991477 
106 84 20 37 0.97869736 
1003 122 16 22 0.9734355 
945 118 17 23 0.8994122 
901 99 16 15 0.7872656 
910 126 17 22 0.5822726 
905 124 13 18 0.4848478 
441 383 26 24 0.46961793 
918 130 16 23 0.23381448 
682 80 11 20 0.20375356 
1 73 22 40 0.19759636 
2 382 136 166 0.13367061 
862 110 18 29 0.10812506 
694 160 32 70 0.10498963 
722 96 17 29 0.09802775 
940 623 90 135 0.093513295 
882 106 8 11 0.08336692 
828 97 11 21 0.077505074 
931 132 10 15 0.076633364 
1004 145 20 31 0.06927603 
718 144 18 33 0.068425186 
893 103 16 14 0.06481612 
935 96 5 9 0.051658228 
875 110 8 13 0.04999257 
1014 69 4 7 0.04855375 
713 220 11 21 0.04550746 
1009 300 20 38 0.044661537 
321 268 115 90 0.04386609 
1017 69 6 10 0.039700672 
993 649 59 105 0.038438026 
710 147 33 59 0.03799453 
888 100 11 14 0.037554935 
295 578 35 55 0.036717903 
1090 148 9 19 0.03629862 
846 126 23 33 0.035058763 
267 133 315 400 0.034048915 
967 51 4 8 0.033734247 
1019 48 6 12 0.033087946 
1010 127 18 26 0.032734107 
91 83 20 29 0.032614306 
956 107 8 11 0.03242728 
929 102 7 10 0.032299515 
952 101 9 11 0.03212712 
935 124 19 23 0.031654455 
1095 128 9 16 0.0313142 
1020 123 20 28 0.030186046 
834 100 11 20 0.02984037 
848 104 10 17 0.029432759 
1012 65 5 7 0.02929636 
1081 162 15 26 0.028876627 
876 104 17 25 0.028398987 
1097 107 9 18 0.027978236 
289 209 189 189 0.027839726 
991 68 6 10 0.027515372 
1013 123 11 17 0.027377708 
949 111 15 19 0.027342064 
46 416 61 65 0.026448023 
988 67 5 10 0.02644098 
226 377 313 436 0.026253277 
1052 126 15 22 0.0261625 
79 99 17 29 0.026099272 
677 85 10 18 0.025986534 
894 128 12 16 0.025238851 
1018 74 6 10 0.025047403 
877 76 10 16 0.025013296 
891 101 32 38 0.02494461 
968 55 4 6 0.024313455 
412 569 5 8 0.024039257 
997 123 13 17 0.023818761 
892 210 41 44 0.023493694 
1006 64 5 9 0.023465376 
888 111 10 14 0.023326233 
1038 153 30 44 0.023216842 
933 105 6 10 0.022774925 
1054 116 12 20 0.022751966 
1018 143 25 37 0.022528434 
953 96 8 8 0.022374636 
701 162 17 38 0.021950087 
85 73 21 27 0.021936135 
963 57 3 6 0.021758333 
891 139 18 24 0.021526966 
1 428 25 40 0.021383595 
673 58 19 37 0.02136413 
877 116 17 27 0.021230668 
812 63 6 12 0.020903012 
852 100 20 30 0.020695882 
873 127 10 17 0.02038221 
1019 41 7 13 0.020187343 
