0_Parade_marchingband_1_606
222
616 193 26 31 0.99973124 
131 211 26 27 0.99927646 
843 155 25 34 0.99883527 
706 173 23 37 0.99784386 
783 147 41 54 0.99748886 
487 131 32 47 0.99509794 
257 135 32 45 0.9924623 
45 156 31 40 0.9816222 
434 180 18 33 0.7324021 
605 172 12 15 0.28765514 
484 84 17 35 0.27721658 
980 276 3 6 0.23756544 
497 312 51 90 0.23255481 
563 173 14 21 0.22696574 
802 106 17 33 0.21176334 
16 209 16 24 0.20188378 
631 135 17 21 0.19897957 
240 394 7 12 0.18704018 
979 281 4 6 0.18492131 
993 286 5 8 0.15964127 
957 325 13 20 0.14288123 
333 178 23 33 0.13841252 
182 209 17 25 0.12728304 
856 113 13 27 0.12300405 
987 270 4 6 0.10847794 
987 276 4 5 0.09737473 
183 352 17 26 0.0970472 
827 179 20 28 0.093786106 
1018 288 4 8 0.09361739 
987 262 5 8 0.09302738 
975 275 3 6 0.09244379 
500 86 16 32 0.09216915 
980 271 3 5 0.09096391 
3 142 12 18 0.09011947 
171 216 9 16 0.08975521 
982 327 10 18 0.08763635 
975 294 5 11 0.086187504 
1019 275 5 8 0.08311033 
849 116 14 26 0.08285488 
1017 306 7 11 0.081926115 
421 139 17 33 0.08007194 
993 284 4 6 0.079348266 
960 268 6 9 0.078867465 
176 344 10 17 0.078555346 
391 299 5 11 0.07575062 
995 316 8 15 0.075366445 
965 270 5 7 0.07460942 
953 305 5 9 0.07354726 
955 267 6 10 0.07283111 
479 166 7 10 0.071588136 
1019 261 5 8 0.06926268 
1019 293 5 7 0.06839981 
1013 289 5 7 0.06759884 
8 225 7 15 0.06714072 
988 287 4 7 0.06429129 
993 275 4 6 0.06383886 
1017 256 6 9 0.06102872 
605 140 14 16 0.060117032 
974 272 3 4 0.05953031 
1019 282 4 7 0.05849802 
992 271 3 6 0.058123708 
967 273 4 7 0.05486294 
940 267 4 8 0.053442165 
954 300 3 8 0.053169344 
456 190 6 10 0.052530862 
1007 282 3 6 0.05230968 
1006 300 5 8 0.048024964 
939 263 5 7 0.04712684 
987 283 4 5 0.0468791 
1019 302 5 8 0.046570428 
596 203 20 28 0.046154182 
891 174 11 18 0.046041988 
10 213 14 24 0.045953408 
867 178 19 24 0.044368114 
950 292 5 10 0.0443656 
239 390 6 10 0.043798003 
953 293 4 10 0.04299546 
1020 269 5 8 0.041995455 
966 307 4 7 0.041825198 
845 119 9 20 0.041309007 
343 192 26 41 0.040716894 
781 103 17 38 0.039866026 
1006 295 4 7 0.03979223 
949 288 4 8 0.03966891 
998 299 4 8 0.03903445 
954 263 5 8 0.039026614 
192 240 17 26 0.03809793 
572 213 10 16 0.03744694 
993 293 6 9 0.037444126 
985 306 6 8 0.03740145 
1012 283 3 5 0.03676457 
976 281 4 6 0.036252145 
957 252 7 10 0.036212634 
993 298 6 9 0.03611341 
1012 293 4 6 0.03512397 
960 273 5 9 0.03472957 
176 216 11 19 0.034650303 
959 264 5 7 0.03448232 
2 154 21 39 0.03436331 
942 254 8 9 0.03424926 
952 334 9 14 0.033971447 
1013 306 5 8 0.033914275 
939 293 5 10 0.033160646 
742 192 16 31 0.033133954 
965 312 5 9 0.032361407 
1006 305 5 8 0.03212908 
296 175 10 14 0.03211609 
635 337 24 32 0.031969465 
55 122 20 31 0.031893644 
978 304 8 11 0.031892553 
168 394 20 20 0.03175063 
967 287 5 10 0.031221911 
985 315 15 24 0.030967014 
392 270 4 8 0.030929398 
395 296 6 13 0.030834686 
1019 316 8 14 0.030813646 
962 313 5 8 0.0302802 
998 277 3 6 0.030082133 
1007 277 4 6 0.02998858 
627 201 23 31 0.029928708 
1020 312 14 24 0.029914398 
1011 301 4 7 0.029875219 
996 288 5 7 0.029796863 
125 240 16 25 0.02963695 
358 336 8 12 0.029435711 
998 295 4 8 0.029168576 
959 319 8 14 0.029071856 
239 354 3 5 0.028917655 
62 163 25 31 0.028770672 
866 328 41 67 0.028389493 
128 163 18 28 0.028080646 
998 283 4 5 0.027991882 
0 189 6 13 0.02779597 
1020 282 13 21 0.02769755 
979 288 4 6 0.027382137 
959 334 16 26 0.02724671 
918 203 10 15 0.027048195 
181 347 11 18 0.026937313 
-1 350 7 21 0.026728893 
1021 295 13 23 0.026670028 
376 162 7 6 0.026607923 
474 163 16 22 0.026527734 
497 99 11 18 0.02649856 
961 293 5 10 0.026228879 
548 345 12 20 0.026096862 
62 125 10 16 0.025961589 
952 253 9 11 0.025889454 
332 362 6 12 0.025508007 
990 262 4 7 0.025448274 
319 185 6 10 0.02474627 
948 275 4 8 0.024716793 
239 359 3 5 0.024684789 
986 293 5 8 0.024659848 
400 247 7 12 0.024532637 
941 299 4 8 0.0243356 
458 197 5 8 0.023999289 
171 382 10 11 0.0239718 
1011 277 4 6 0.023909757 
0 139 8 18 0.023869645 
328 326 4 7 0.023861803 
962 148 3 6 0.023820614 
787 106 31 57 0.023708563 
948 259 5 9 0.023703404 
278 619 10 11 0.023496779 
445 320 26 43 0.023426391 
932 283 8 16 0.023419626 
981 264 3 6 0.023408866 
239 347 3 6 0.023376336 
959 166 5 8 0.023361014 
985 318 8 13 0.023324203 
998 307 5 8 0.023264712 
375 234 8 12 0.023222204 
277 137 23 28 0.02321268 
985 313 6 9 0.023190625 
971 321 8 14 0.023187827 
112 201 19 24 0.02315565 
972 292 12 22 0.022872835 
409 275 8 15 0.022814553 
164 373 8 10 0.022811625 
628 158 19 27 0.022759177 
333 384 7 8 0.022747101 
362 331 10 12 0.022582958 
974 288 4 8 0.022559494 
395 269 5 9 0.022535028 
949 268 4 7 0.022453 
332 344 6 12 0.022339601 
941 274 5 8 0.022187704 
940 215 5 9 0.022168867 
317 163 10 12 0.022168832 
991 314 8 12 0.022000564 
949 299 5 10 0.021950686 
313 159 9 10 0.02185896 
967 281 4 7 0.021830289 
508 95 10 18 0.021822212 
1006 289 4 6 0.021814495 
0 412 14 32 0.021800363 
966 232 5 5 0.02175121 
113 404 12 13 0.021741232 
960 279 5 9 0.021669608 
963 322 17 26 0.021480896 
936 266 5 9 0.021411743 
979 312 6 9 0.021388171 
162 216 15 27 0.021378003 
164 235 8 12 0.021329932 
399 242 6 11 0.02130554 
48 112 18 30 0.021170756 
941 311 8 13 0.021151515 
149 217 19 28 0.021092834 
303 153 21 24 0.021078609 
967 301 4 7 0.021077381 
256 128 9 14 0.021060687 
392 210 6 10 0.020981489 
948 282 3 6 0.020781184 
913 198 11 19 0.020761305 
980 293 16 24 0.020633085 
556 177 16 25 0.020609282 
1013 311 5 10 0.020587876 
958 363 19 23 0.020445433 
326 392 6 6 0.020340731 
328 379 4 6 0.02009899 
327 348 17 35 0.020098506 
262 102 19 32 0.020087296 
