0_Parade_Parade_0_901
82
276 686 186 202 0.9994728 
667 342 328 400 0.99783605 
6 394 227 377 0.9945404 
132 379 309 471 0.63475853 
255 631 397 393 0.13277678 
337 40 8 12 0.11412991 
626 690 434 408 0.10856536 
447 39 13 15 0.08143334 
365 39 6 10 0.07298739 
284 35 4 8 0.07003717 
178 282 20 35 0.065203354 
558 79 8 13 0.064592846 
437 86 401 472 0.050634935 
716 273 11 20 0.048662707 
430 356 395 423 0.046908498 
361 36 6 9 0.046139553 
372 41 5 10 0.04329373 
360 30 4 6 0.043011256 
682 38 4 7 0.042716973 
572 75 7 14 0.039106876 
352 36 5 8 0.037127633 
684 243 10 20 0.036927037 
647 1025 12 14 0.036806125 
131 245 11 19 0.035812683 
309 40 9 13 0.03524826 
352 44 6 10 0.0351965 
284 31 5 8 0.033526693 
543 48 8 13 0.033009 
280 30 6 8 0.03292079 
579 41 5 8 0.031471636 
358 75 6 10 0.030947648 
679 77 8 17 0.030861825 
279 261 23 42 0.030086933 
689 39 4 7 0.029794533 
681 43 5 7 0.029221222 
614 236 20 27 0.02787786 
554 151 10 22 0.027809387 
512 269 22 37 0.027720856 
672 41 6 9 0.027697891 
664 78 6 11 0.027580343 
564 39 8 11 0.027497351 
758 237 11 15 0.0273342 
688 43 5 7 0.027189916 
8 320 4 9 0.027093707 
382 37 6 9 0.027031742 
659 76 7 12 0.02703047 
695 39 4 7 0.026074478 
7 327 6 11 0.026027568 
607 74 7 11 0.025965195 
1004 227 4 7 0.02596134 
353 2 4 4 0.025500743 
366 7 5 7 0.025419025 
642 73 6 12 0.025289321 
372 38 5 8 0.024989543 
638 77 7 12 0.024834068 
272 23 5 7 0.024428554 
272 28 5 7 0.02442776 
696 78 6 11 0.024352478 
322 29 6 7 0.024292875 
268 42 7 9 0.024236472 
384 30 4 6 0.024233542 
627 46 9 16 0.02403862 
360 1 5 5 0.024026021 
718 262 20 34 0.024017738 
293 3 6 4 0.0239503 
367 2 5 5 0.023784036 
565 1049 29 33 0.023659624 
397 276 78 157 0.023490308 
337 280 20 33 0.023370896 
354 31 4 6 0.023211481 
668 40 7 11 0.022875175 
307 2 6 5 0.022826465 
388 30 3 6 0.022595659 
323 36 6 10 0.022552423 
294 8 5 6 0.02235975 
622 77 8 11 0.022051547 
9 315 3 7 0.021558587 
338 30 5 7 0.020971354 
682 455 7 8 0.020417606 
656 36 6 10 0.02031804 
1002 294 4 5 0.020262219 
760 288 10 15 0.020142118 
