0_Parade_marchingband_1_353
21
633 279 132 160 0.9999442 
257 380 116 171 0.9999006 
966 511 8 12 0.05709739 
1009 508 6 10 0.053641792 
1003 512 7 9 0.040762734 
1004 507 5 8 0.038447767 
971 510 9 12 0.035872895 
999 607 18 23 0.031835675 
980 530 19 32 0.029396422 
838 368 31 40 0.02925897 
-3 579 68 132 0.028417652 
982 521 11 19 0.028102333 
984 514 8 10 0.025980188 
1017 521 6 10 0.024966318 
95 1113 66 114 0.023345117 
611 187 110 130 0.022908514 
320 770 32 37 0.021839464 
1014 513 6 11 0.021288984 
973 334 60 72 0.02110783 
35 546 6 14 0.020115199 
1008 530 9 13 0.020060189 
