0_Parade_Parade_0_377
381
257 504 68 93 0.9958263 
976 340 20 25 0.99446684 
727 310 25 24 0.9923286 
572 307 31 29 0.9906901 
548 297 19 28 0.96616346 
86 366 60 64 0.9616475 
19 268 42 65 0.9236055 
944 317 17 25 0.90180016 
348 336 21 39 0.89825165 
859 362 62 79 0.8689304 
766 315 18 21 0.8275141 
809 312 13 14 0.79586214 
243 337 31 42 0.7753886 
145 309 49 65 0.76757175 
85 257 40 44 0.65906143 
429 307 17 28 0.65001464 
847 312 10 13 0.54022115 
528 290 16 27 0.5119904 
67 389 52 48 0.5085692 
346 275 21 28 0.4026342 
584 321 25 31 0.3754271 
468 317 11 17 0.37120253 
490 295 11 18 0.35819674 
124 215 8 13 0.35671774 
454 275 18 26 0.323673 
710 314 14 16 0.28488508 
896 310 15 17 0.25965735 
232 453 23 39 0.22589383 
328 333 22 37 0.2253014 
831 318 11 12 0.22247203 
28 477 45 56 0.21346924 
154 279 45 57 0.20722254 
25 366 28 34 0.1967086 
562 324 16 25 0.18863934 
488 339 16 25 0.18694967 
271 234 12 18 0.18648162 
477 342 18 25 0.18039724 
70 357 43 47 0.17099033 
239 447 37 67 0.1703822 
717 313 20 20 0.1594013 
949 243 29 28 0.15549636 
398 278 13 15 0.15502356 
484 295 11 18 0.15456156 
473 293 15 24 0.13986689 
792 318 11 15 0.13874634 
995 298 15 14 0.13715504 
854 325 10 12 0.1363489 
247 406 23 30 0.13473785 
539 293 18 26 0.13156061 
107 455 41 43 0.12876593 
827 505 23 32 0.12372044 
20 233 29 31 0.12190765 
219 330 35 57 0.11927948 
635 314 11 13 0.11900468 
175 439 42 71 0.11864304 
987 320 20 19 0.11830542 
70 273 40 43 0.11538394 
521 305 18 29 0.114697844 
376 232 11 16 0.11271183 
250 421 37 55 0.10800217 
575 259 9 15 0.10687252 
318 386 22 35 0.106076404 
47 346 36 42 0.10430652 
682 288 10 11 0.10174477 
514 291 20 32 0.0997923 
925 315 21 31 0.09657607 
454 314 17 25 0.09347661 
1014 495 11 21 0.09268234 
542 255 10 17 0.090595804 
51 473 41 42 0.08967421 
350 301 16 25 0.089352846 
366 378 32 41 0.08901808 
461 283 17 29 0.088449806 
175 216 10 13 0.08793061 
929 301 14 15 0.0876199 
742 314 15 16 0.086722136 
499 316 10 17 0.085011534 
254 260 9 12 0.08359357 
495 333 15 24 0.08226155 
760 313 15 18 0.08189772 
438 297 9 18 0.080746576 
157 221 9 10 0.07974541 
610 349 13 19 0.07971087 
388 294 11 17 0.078977145 
179 226 10 14 0.07860764 
873 525 13 16 0.078305855 
656 332 9 13 0.07782187 
448 301 9 16 0.07536263 
979 325 21 21 0.07492506 
173 227 7 12 0.07342937 
0 265 39 77 0.07157963 
804 329 11 12 0.070875585 
202 233 9 14 0.06844793 
525 324 15 25 0.06773057 
486 316 14 26 0.0636733 
176 271 26 31 0.06300881 
649 316 14 16 0.06295324 
457 387 21 30 0.060231872 
259 335 39 54 0.059983764 
533 332 11 18 0.05958621 
1002 95 35 63 0.059497796 
329 517 45 64 0.05883616 
210 219 7 7 0.058079693 
521 320 12 24 0.056824498 
535 284 9 17 0.056591623 
205 223 8 10 0.056048855 
493 569 8 11 0.05545094 
557 312 14 20 0.054785926 
319 254 11 13 0.054739 
229 271 19 29 0.054645102 
526 539 12 18 0.054464646 
559 297 30 38 0.054209925 
79 198 10 11 0.05272313 
447 282 10 17 0.052611608 
536 254 8 13 0.052107614 
531 250 7 11 0.051841132 
765 287 8 10 0.05174788 
503 330 11 19 0.050352022 
613 312 20 23 0.050239258 
58 233 11 11 0.050006025 
322 269 34 42 0.04986269 
684 269 7 10 0.049830306 
350 386 10 17 0.04982173 
999 318 14 14 0.04936535 
286 436 22 33 0.048977744 
597 328 14 20 0.048302267 
138 239 19 26 0.048036844 
265 292 20 26 0.047965672 
796 310 12 15 0.047634304 
199 323 37 59 0.047183983 
855 372 28 40 0.04669402 
1017 400 8 14 0.04653438 
68 247 41 43 0.04646525 
508 279 12 16 0.04638428 
807 319 16 16 0.045579307 
580 279 11 14 0.045473304 
213 307 35 52 0.044361316 
261 442 35 63 0.043952443 
683 319 21 23 0.043855842 
193 283 14 17 0.043642987 
230 221 10 13 0.04348395 
699 313 20 21 0.0431863 
34 239 15 15 0.04304529 
315 274 22 30 0.042855933 
698 295 13 14 0.042471338 
262 253 11 16 0.04141447 
416 304 33 49 0.041367497 
284 331 38 52 0.041232623 
932 317 11 18 0.041194156 
59 449 38 40 0.041160192 
964 317 13 14 0.040891655 
55 411 46 47 0.040793646 
396 227 8 12 0.040785585 
674 317 13 14 0.040771745 
113 313 41 49 0.040516485 
95 200 8 9 0.040449474 
638 395 10 19 0.040418535 
447 416 8 10 0.040161055 
380 344 35 51 0.03995175 
358 377 22 32 0.038810767 
938 321 13 18 0.03874759 
601 334 19 24 0.03872633 
255 214 10 14 0.038363434 
252 256 18 22 0.03822847 
62 494 33 32 0.038108084 
106 187 10 13 0.03805684 
-86 532 462 394 0.03804687 
48 267 38 45 0.03763733 
808 337 14 13 0.037556794 
195 229 20 28 0.0374494 
211 239 9 14 0.037261374 
249 288 34 44 0.03686092 
363 234 11 16 0.036481425 
310 359 33 51 0.036280643 
414 340 25 34 0.036132783 
195 472 24 37 0.03604495 
182 224 15 23 0.035940655 
189 227 11 15 0.035633624 
259 413 24 32 0.035391822 
756 306 11 14 0.03520775 
816 305 12 12 0.034975648 
536 261 17 28 0.03496316 
32 375 43 51 0.03482403 
815 357 14 12 0.034478527 
797 323 12 13 0.0344629 
658 285 7 11 0.03430711 
375 290 9 12 0.03415268 
663 330 10 14 0.034080498 
195 221 11 12 0.033701524 
989 309 20 20 0.0334288 
331 322 10 17 0.03324452 
372 656 33 51 0.033137273 
159 269 28 31 0.033094138 
675 331 20 22 0.033050302 
570 320 23 31 0.03288546 
368 231 14 21 0.032802068 
408 410 18 27 0.032718286 
360 277 15 21 0.0325007 
61 322 37 38 0.032316256 
490 589 10 12 0.03224435 
247 282 11 17 0.03207913 
597 316 13 16 0.03204005 
1025 432 18 34 0.0319777 
861 318 13 13 0.031802118 
1018 312 16 23 0.031301 
687 291 11 13 0.03128799 
135 267 13 18 0.031214379 
472 316 15 24 0.031002892 
210 212 7 9 0.030951852 
393 237 8 15 0.03090386 
482 247 8 12 0.03089558 
791 299 10 13 0.030708026 
653 373 9 17 0.030627636 
912 288 39 46 0.030424846 
328 420 31 48 0.030279955 
244 261 18 25 0.03027131 
148 245 12 16 0.030150257 
331 320 19 28 0.030092465 
559 291 14 20 0.030057121 
279 293 23 28 0.02987786 
327 311 54 81 0.029782522 
234 219 18 24 0.029714389 
215 216 7 7 0.029686453 
138 235 12 17 0.029600931 
380 286 11 13 0.029515434 
623 310 13 16 0.029361872 
112 331 66 76 0.029287847 
15 339 41 53 0.029260745 
852 316 17 19 0.029098751 
104 239 15 15 0.028929282 
1018 362 9 14 0.028877664 
263 241 17 24 0.028847085 
749 309 18 20 0.028631164 
241 231 12 15 0.028469486 
928 376 24 37 0.0283072 
236 235 9 12 0.028281465 
572 271 34 42 0.028267853 
0 436 28 50 0.028175673 
719 289 12 14 0.028122438 
369 299 12 15 0.028023224 
511 308 17 28 0.027935566 
456 295 17 28 0.027887223 
140 257 37 43 0.0278733 
-2 457 16 40 0.027804965 
767 291 8 11 0.027799346 
888 518 12 15 0.027752552 
982 319 15 14 0.02756456 
995 339 11 18 0.027451715 
485 576 9 13 0.027384883 
215 243 9 15 0.02730963 
209 460 33 59 0.027071852 
778 314 17 21 0.027007297 
523 619 13 13 0.026966367 
268 213 9 14 0.026935138 
277 297 12 18 0.026929792 
1023 450 21 44 0.026868397 
745 383 24 26 0.026863476 
586 279 11 13 0.026854627 
442 367 43 44 0.02658208 
302 292 24 28 0.026478013 
134 216 8 11 0.026454387 
46 414 25 25 0.026359273 
320 300 35 61 0.026316196 
101 196 8 10 0.026271349 
179 285 29 34 0.026224298 
331 362 32 50 0.02613439 
193 297 22 32 0.026120294 
531 305 15 23 0.026009561 
246 367 38 60 0.025998022 
464 394 10 14 0.025902143 
637 631 24 19 0.02576009 
629 317 19 22 0.02566441 
484 285 10 17 0.02565921 
386 283 18 21 0.02559325 
479 403 8 10 0.025551759 
663 285 9 12 0.025531475 
6 241 42 64 0.025324991 
810 388 12 13 0.025290573 
205 299 24 35 0.025281558 
445 303 16 28 0.025192095 
1043 449 19 34 0.025078224 
798 300 11 12 0.024867361 
405 348 22 34 0.024828147 
670 336 9 13 0.024810743 
160 218 15 21 0.024808105 
99 249 28 29 0.02477142 
624 679 14 15 0.024658868 
243 217 18 26 0.024584806 
654 335 20 28 0.024456264 
261 264 23 25 0.024450637 
447 322 10 17 0.024339065 
234 217 10 12 0.02427179 
203 209 8 9 0.024240296 
505 275 9 12 0.024148861 
253 276 22 28 0.02413849 
547 258 11 20 0.024011109 
444 565 9 15 0.024003182 
383 394 22 33 0.023667414 
324 301 20 28 0.023580534 
439 325 10 18 0.02354341 
310 414 11 15 0.023470487 
1016 499 17 32 0.023432286 
235 457 12 20 0.023428408 
121 263 25 28 0.023401923 
1052 319 14 22 0.023342192 
990 303 15 14 0.023301102 
145 230 8 12 0.023216143 
822 311 10 13 0.023214936 
205 481 12 19 0.023162631 
165 229 7 10 0.02305384 
389 248 9 14 0.022997312 
240 242 20 25 0.022991339 
203 246 9 14 0.022975335 
1017 396 16 25 0.022784006 
371 280 17 22 0.022781458 
355 342 29 43 0.022773214 
995 439 32 57 0.022753865 
840 513 12 18 0.022752386 
-1 421 19 37 0.022712564 
137 434 65 80 0.022683749 
810 346 22 20 0.022494433 
40 363 28 35 0.022445789 
471 265 11 19 0.022396486 
976 318 13 13 0.022342877 
503 296 11 20 0.022315683 
662 368 32 46 0.022296583 
792 305 11 15 0.022247428 
419 579 10 15 0.02223953 
332 372 8 11 0.022174725 
471 348 15 18 0.022125224 
468 407 18 28 0.02209378 
762 283 9 9 0.022076732 
1018 271 18 21 0.022047954 
414 264 10 14 0.021938102 
515 333 16 27 0.021863436 
970 322 10 12 0.021847416 
435 558 17 27 0.021808082 
397 595 5 8 0.021799294 
483 278 11 15 0.021751381 
359 392 24 37 0.021703716 
89 200 9 9 0.021690894 
116 390 34 45 0.021673722 
1017 346 18 25 0.021585999 
929 307 15 20 0.021545464 
950 503 17 31 0.021492396 
208 229 8 12 0.02142752 
828 342 12 14 0.02142259 
1053 333 14 21 0.021294506 
892 377 33 44 0.021266896 
788 320 20 24 0.021223417 
509 296 13 22 0.021189222 
515 283 12 21 0.021151938 
844 290 10 16 0.021126198 
663 342 18 29 0.02109791 
650 297 12 14 0.020928826 
633 398 10 19 0.020909388 
442 286 8 14 0.020851737 
385 227 18 25 0.020803941 
532 272 16 27 0.020762833 
241 214 7 11 0.02073063 
958 418 40 65 0.020715544 
240 277 11 18 0.020699732 
344 272 11 17 0.020562485 
636 295 34 42 0.020546492 
148 251 24 27 0.020539105 
241 224 9 12 0.020483201 
53 221 12 14 0.020451844 
575 278 10 14 0.020450994 
547 419 9 14 0.020418817 
78 292 18 19 0.020354345 
822 319 20 20 0.020343604 
521 233 10 13 0.020287983 
680 469 10 16 0.020284405 
484 593 11 11 0.020262677 
587 253 11 13 0.020258127 
1017 481 16 30 0.020214416 
653 282 8 11 0.020147711 
401 357 13 23 0.020122869 
1018 280 10 12 0.020113444 
564 546 13 14 0.020109555 
150 220 18 25 0.02004381 
