0_Parade_marchingband_1_593
2118
802 300 8 14 0.9835022 
623 377 9 14 0.9571132 
254 320 9 15 0.9495427 
660 376 9 16 0.9440247 
753 329 7 13 0.94248307 
698 346 8 15 0.941908 
598 346 9 15 0.9373667 
779 321 9 15 0.92181563 
469 379 8 14 0.91653305 
760 344 8 13 0.91461486 
445 346 9 13 0.9093405 
102 332 11 13 0.89335203 
908 347 10 15 0.89301556 
677 334 7 14 0.8796904 
793 317 7 12 0.8765731 
585 378 8 14 0.8745652 
183 324 10 20 0.87194383 
863 335 10 15 0.8614541 
507 377 7 14 0.858431 
371 322 8 13 0.8466023 
624 341 8 12 0.8372329 
487 309 8 12 0.8117589 
273 301 8 13 0.80520946 
306 303 8 13 0.8024604 
238 308 9 14 0.79106534 
211 331 7 15 0.7905996 
762 314 8 12 0.784439 
154 336 7 13 0.78440887 
614 301 8 14 0.76817435 
722 293 8 13 0.76409084 
542 371 8 15 0.7609184 
223 319 9 14 0.7332448 
351 357 9 14 0.7101973 
473 315 7 13 0.7095273 
647 303 9 12 0.6956144 
562 290 8 13 0.68221295 
725 351 9 14 0.68 
318 321 8 14 0.67824197 
800 338 9 13 0.6769362 
504 290 8 12 0.6616997 
360 383 9 13 0.6493758 
269 359 8 13 0.6318305 
694 314 8 13 0.6212998 
311 354 9 14 0.61916083 
287 322 8 15 0.6117697 
436 287 8 13 0.6067517 
531 342 8 13 0.601477 
593 286 8 14 0.58874434 
391 376 8 13 0.56515634 
227 358 8 13 0.5622045 
155 350 8 15 0.55787605 
600 321 7 13 0.5558942 
176 303 8 12 0.55225223 
402 320 9 14 0.5358827 
138 307 8 12 0.5152609 
504 341 8 14 0.51524866 
653 338 9 13 0.51454365 
630 310 9 13 0.5030992 
128 332 7 14 0.49567038 
77 343 9 12 0.49310747 
474 342 8 13 0.48294255 
455 302 8 13 0.48246202 
532 295 9 13 0.4809345 
519 306 8 15 0.480204 
206 308 7 12 0.46533817 
109 310 6 9 0.46364686 
344 314 8 12 0.4631863 
209 291 7 11 0.46244878 
772 308 7 12 0.45603392 
737 303 7 11 0.4505594 
725 333 7 12 0.4216208 
733 322 8 11 0.39865398 
801 325 8 15 0.39749724 
438 320 8 12 0.3726709 
701 328 7 12 0.36954972 
569 328 9 14 0.361885 
121 319 7 13 0.35945535 
359 297 8 11 0.3512224 
581 304 8 12 0.34262493 
710 321 8 13 0.3287477 
274 285 7 11 0.3230455 
375 347 7 14 0.30571774 
397 288 7 13 0.3032863 
431 374 8 12 0.30157864 
638 337 8 15 0.2928039 
528 373 6 13 0.28670186 
540 321 8 15 0.2793696 
563 367 6 13 0.27930692 
294 326 7 14 0.26706848 
625 357 8 14 0.2632243 
108 314 7 13 0.26248556 
504 321 7 14 0.25248766 
363 308 6 12 0.24898493 
307 285 6 11 0.2438023 
633 291 8 12 0.23411961 
682 297 7 11 0.22786237 
392 421 9 15 0.22411501 
488 291 6 9 0.21676694 
681 320 8 14 0.21422037 
311 335 9 15 0.19472392 
457 307 8 13 0.19398655 
766 310 8 13 0.19374365 
401 348 7 13 0.18066147 
763 295 6 10 0.17697942 
192 354 7 14 0.1765673 
281 324 9 17 0.17363414 
448 329 7 13 0.17055963 
601 365 9 14 0.16921982 
723 279 6 8 0.16834639 
492 320 6 13 0.16616715 
627 319 8 15 0.16531517 
433 346 7 12 0.16246082 
535 276 6 11 0.16147304 
137 289 6 10 0.15875718 
594 271 7 10 0.15707849 
438 273 6 8 0.15502097 
352 325 7 12 0.15067811 
459 315 7 13 0.14721242 
263 333 7 13 0.14432016 
345 298 6 11 0.14421381 
716 328 6 12 0.1435148 
416 341 6 12 0.14171791 
362 284 7 10 0.14097004 
696 320 8 13 0.13838975 
241 291 6 9 0.13828835 
224 300 8 13 0.13779627 
653 356 7 15 0.13565293 
490 314 7 13 0.1349602 
282 346 7 13 0.13467313 
695 292 7 11 0.13418333 
650 321 7 13 0.13365327 
387 360 8 14 0.12919521 
344 341 6 12 0.1282436 
770 303 7 12 0.12698275 
563 339 8 14 0.12677984 
358 342 7 11 0.123874374 
375 339 7 14 0.12007993 
345 320 8 13 0.11431857 
327 334 7 12 0.11410026 
567 347 7 12 0.113344945 
569 366 6 13 0.11332008 
501 296 8 14 0.11329589 
473 298 7 11 0.11176098 
813 315 6 10 0.11149628 
634 341 7 12 0.11145699 
421 361 8 15 0.10782262 
404 303 7 11 0.10690779 
448 371 7 13 0.1065699 
518 290 7 11 0.10333531 
398 320 8 13 0.10262276 
459 289 6 10 0.101320535 
573 372 8 15 0.10048015 
564 275 7 13 0.09999165 
855 393 4 8 0.09921188 
768 297 6 10 0.09904266 
557 352 8 14 0.097392835 
250 345 8 14 0.09722353 
271 312 9 15 0.096710585 
593 277 9 15 0.094555676 
177 290 6 9 0.09369341 
540 416 21 23 0.09367336 
209 314 7 11 0.092562996 
501 321 6 12 0.09187086 
772 286 6 9 0.091601335 
196 352 7 14 0.09137797 
222 345 7 12 0.08871928 
397 295 5 9 0.0885906 
479 321 7 13 0.08804751 
185 353 8 14 0.08661192 
812 333 8 13 0.08613969 
568 303 7 12 0.0846044 
893 381 6 10 0.0835931 
728 328 7 12 0.082265824 
601 301 7 12 0.08224981 
299 341 5 11 0.08149132 
142 335 7 13 0.08087168 
689 411 8 12 0.08041149 
303 588 3 5 0.079687 
411 354 7 11 0.07933215 
814 487 3 4 0.07916575 
575 359 7 14 0.07854863 
404 298 5 9 0.07848611 
611 314 8 14 0.07801636 
512 353 7 13 0.07790638 
561 360 7 13 0.07685712 
772 299 7 10 0.07605265 
513 349 5 9 0.07579786 
91 317 5 9 0.07579402 
369 365 6 11 0.0753746 
395 279 7 10 0.07296998 
295 538 3 3 0.07267009 
479 299 6 10 0.071437635 
362 303 7 11 0.07143556 
583 319 7 15 0.07115795 
360 589 3 4 0.07100539 
315 557 3 4 0.07085816 
360 583 3 4 0.070832856 
595 386 8 14 0.07049292 
313 570 3 5 0.07011999 
180 361 7 12 0.069780834 
821 487 3 4 0.069747016 
354 590 3 3 0.069740765 
529 325 7 14 0.069381334 
289 551 3 3 0.06932584 
339 353 6 13 0.06882028 
68 330 5 7 0.06880165 
371 308 7 11 0.06797 
287 347 6 13 0.06739179 
769 551 3 3 0.067207925 
277 551 3 4 0.06709079 
438 295 8 13 0.0666218 
332 366 6 11 0.06628093 
777 505 3 4 0.06598528 
646 352 8 16 0.06541732 
768 292 6 8 0.06541221 
282 552 3 3 0.06538938 
366 544 3 3 0.06527146 
124 333 6 14 0.0647539 
752 353 7 12 0.06444269 
249 351 7 14 0.06439612 
362 347 8 12 0.064190604 
364 440 8 18 0.06415762 
715 419 5 9 0.063790075 
353 570 3 3 0.06370026 
650 290 8 11 0.06303853 
728 279 4 8 0.062875606 
468 335 6 12 0.06273277 
280 352 7 12 0.06266101 
479 357 6 13 0.06246209 
821 493 2 4 0.062425878 
469 302 6 10 0.061415862 
518 341 6 12 0.061097287 
816 334 7 11 0.06090721 
261 353 8 14 0.06085148 
724 322 6 11 0.060533185 
376 399 6 9 0.060498375 
775 532 3 3 0.06022936 
354 564 2 3 0.06009231 
782 539 3 3 0.05984756 
353 577 3 4 0.05979359 
469 316 7 13 0.059625734 
154 582 4 5 0.05953055 
770 533 2 2 0.059507005 
104 318 5 8 0.05939891 
763 533 3 3 0.059065342 
510 327 7 12 0.058615424 
776 539 3 3 0.058526028 
283 545 3 3 0.058243677 
162 506 2 3 0.058200803 
121 325 8 14 0.058191106 
767 328 5 12 0.058190648 
276 539 3 3 0.058129665 
525 322 7 14 0.058050018 
580 289 8 11 0.057991866 
763 545 3 3 0.057634804 
214 328 8 14 0.057508342 
321 558 3 3 0.05742379 
290 545 2 4 0.05732159 
452 328 6 13 0.057061017 
742 329 6 11 0.056644283 
814 493 3 4 0.05649095 
493 352 7 13 0.056229662 
808 487 3 4 0.056153342 
311 307 8 12 0.05610946 
763 539 2 3 0.05568432 
92 322 5 8 0.05564006 
749 525 3 4 0.055574637 
401 291 6 10 0.054974955 
770 539 2 3 0.054901976 
757 539 3 3 0.054790094 
149 570 3 4 0.054689296 
322 576 3 4 0.0545979 
325 329 7 11 0.05435036 
317 354 7 13 0.054287437 
341 564 3 4 0.054234724 
671 372 8 15 0.05404655 
234 411 8 9 0.05403456 
372 595 4 5 0.053993143 
334 565 3 3 0.053904936 
749 544 3 4 0.053867552 
500 347 7 11 0.05383792 
322 570 3 4 0.053625014 
359 577 3 4 0.053468116 
283 582 3 4 0.053457845 
776 545 3 3 0.053208705 
360 594 3 5 0.05316177 
517 296 8 12 0.053051293 
296 563 3 4 0.052775964 
317 310 9 15 0.052714776 
757 545 3 3 0.052531783 
296 558 3 3 0.05232559 
782 551 3 3 0.0522394 
341 533 2 3 0.05215218 
736 399 5 8 0.05209998 
294 348 7 12 0.051905718 
761 328 7 12 0.051726986 
769 545 3 3 0.05167586 
631 359 7 14 0.051611938 
283 577 3 3 0.05147829 
340 583 3 4 0.05133067 
396 413 7 11 0.0512083 
146 316 7 12 0.051016636 
744 520 3 3 0.050974123 
563 327 6 13 0.05087403 
615 353 8 14 0.050725542 
530 352 8 15 0.050578605 
296 552 2 3 0.050504792 
308 589 3 4 0.05038204 
722 285 7 11 0.05030811 
857 441 3 5 0.05005908 
303 307 8 14 0.050051965 
776 551 3 3 0.049957473 
230 333 7 13 0.0496851 
744 524 3 4 0.049244564 
769 526 3 3 0.04923001 
365 589 3 3 0.049019285 
431 385 7 12 0.049013574 
464 558 2 3 0.049007725 
436 278 7 10 0.048996504 
353 583 3 3 0.04871052 
142 551 3 3 0.048657015 
398 308 7 14 0.048569985 
283 558 2 3 0.04852707 
651 391 7 12 0.048473958 
321 563 3 4 0.04829119 
95 324 5 7 0.048273135 
218 347 7 10 0.048104443 
138 296 9 14 0.048072163 
134 314 8 13 0.04798333 
309 557 3 4 0.047936093 
744 545 3 3 0.04772278 
301 558 3 3 0.047692616 
341 552 3 3 0.047662806 
814 499 3 4 0.047594417 
152 394 10 11 0.047563445 
283 564 3 3 0.047552686 
866 539 3 3 0.047548722 
283 539 2 3 0.047544934 
933 380 6 9 0.047468167 
283 532 3 3 0.047352836 
596 380 7 12 0.0471854 
155 545 2 4 0.04711874 
531 389 8 15 0.04705416 
347 583 3 4 0.046993412 
338 333 8 14 0.04689764 
751 589 3 4 0.046836693 
308 582 3 4 0.046690557 
289 577 3 4 0.046443004 
757 558 3 3 0.046442423 
825 338 9 15 0.04643951 
597 327 7 14 0.04629505 
749 539 3 3 0.046246488 
541 308 8 13 0.04623333 
440 326 8 13 0.046216406 
366 362 6 11 0.046182495 
828 487 2 4 0.046141267 
295 545 3 3 0.046102718 
619 355 9 14 0.046072807 
309 577 2 3 0.04593738 
468 563 2 4 0.045934584 
401 307 9 14 0.045776315 
327 576 2 4 0.04571083 
782 526 3 3 0.045705847 
740 323 5 10 0.045678727 
143 519 3 4 0.04547183 
703 392 7 12 0.045465767 
360 601 3 5 0.04544208 
352 378 7 11 0.045231044 
743 506 3 4 0.045166016 
827 506 3 4 0.045000996 
808 525 3 3 0.044994574 
788 481 2 3 0.04485262 
523 290 7 12 0.044792157 
308 533 3 4 0.044765178 
418 583 3 4 0.0447574 
407 326 7 13 0.044699457 
750 558 3 3 0.044608388 
97 330 6 9 0.044585608 
535 346 7 11 0.044469364 
276 544 3 3 0.04446023 
513 519 2 4 0.04436847 
450 571 2 3 0.04433989 
769 501 3 4 0.04424196 
504 367 7 14 0.04418894 
544 339 6 13 0.044184893 
494 564 3 4 0.04414218 
276 558 3 3 0.04407762 
59 525 3 4 0.04404982 
353 595 4 4 0.04404568 
841 518 3 4 0.04399823 
302 551 3 3 0.043974847 
737 546 3 3 0.04389717 
348 577 3 3 0.04388063 
90 570 3 4 0.043877453 
766 321 6 11 0.04386358 
877 442 2 5 0.04384141 
712 525 3 4 0.043758687 
264 551 2 3 0.04369369 
334 533 3 3 0.043577928 
519 400 8 16 0.043545593 
360 564 3 4 0.04352117 
808 506 3 4 0.043499243 
315 395 5 8 0.043425202 
763 526 3 3 0.04337387 
215 354 7 12 0.043336097 
242 296 7 10 0.043310847 
449 558 2 4 0.043232452 
279 301 7 13 0.043229453 
828 493 2 4 0.04306265 
309 525 2 3 0.04305943 
298 347 7 12 0.043058522 
154 563 3 4 0.043024823 
871 539 3 4 0.04298848 
576 308 6 13 0.042883337 
791 346 7 11 0.04283139 
505 309 7 14 0.042829596 
808 500 3 3 0.042829275 
353 557 3 3 0.04279986 
839 512 3 5 0.042772792 
329 532 2 4 0.04275911 
558 328 6 13 0.042713422 
258 570 2 3 0.042579167 
878 526 3 3 0.042534016 
808 494 3 4 0.04251633 
605 327 7 14 0.04250329 
296 533 3 4 0.04247801 
648 327 7 14 0.042464666 
776 480 3 4 0.042450786 
517 614 4 6 0.04240447 
302 545 3 4 0.042394437 
328 582 2 4 0.042336587 
871 544 3 3 0.042290974 
352 340 7 13 0.04227187 
776 526 2 3 0.042237744 
83 422 3 6 0.042220555 
764 505 3 4 0.042011667 
324 323 6 11 0.042001255 
136 519 3 4 0.04198657 
796 481 2 3 0.041917812 
498 353 7 14 0.041889567 
525 340 6 13 0.041883543 
444 381 6 12 0.041879855 
515 613 3 6 0.04181827 
258 565 2 3 0.041808568 
290 539 3 3 0.041773267 
805 316 7 11 0.041767184 
764 551 2 3 0.04168527 
727 339 8 13 0.041631687 
230 409 7 8 0.04162637 
673 322 6 11 0.041509468 
309 552 3 3 0.0414983 
347 570 2 4 0.04143198 
148 520 3 3 0.041388854 
310 570 4 4 0.041353185 
123 582 3 5 0.041298997 
145 328 7 13 0.041283824 
449 303 6 12 0.04117167 
331 347 7 14 0.04114209 
775 558 3 3 0.041133586 
657 321 7 13 0.041049186 
814 506 3 4 0.04104719 
736 341 7 14 0.0410265 
872 514 3 3 0.04101553 
102 323 8 11 0.040955294 
187 513 3 3 0.04080962 
763 584 3 3 0.040744238 
181 552 3 4 0.04071993 
168 533 2 3 0.04069796 
501 613 3 6 0.040648934 
168 513 2 3 0.040604312 
270 545 3 3 0.04044511 
21 532 2 3 0.040355835 
333 569 3 4 0.04034049 
694 392 10 16 0.040288184 
264 564 3 3 0.040282156 
303 583 3 3 0.04019723 
601 329 8 15 0.04013594 
155 551 3 3 0.040104777 
760 379 9 13 0.04009958 
404 393 7 12 0.040083926 
373 564 3 3 0.04004434 
289 582 3 4 0.039983816 
238 500 3 4 0.039978676 
725 276 4 7 0.03995862 
846 532 3 4 0.03993469 
520 538 2 3 0.039920915 
25 589 4 4 0.03986565 
725 291 8 11 0.039821964 
379 584 3 4 0.039815728 
436 326 7 13 0.039751936 
322 582 3 4 0.039735984 
335 552 2 3 0.03972375 
264 546 3 2 0.039607666 
781 506 3 3 0.039540537 
505 272 7 10 0.039510217 
27 519 3 3 0.039413724 
362 291 7 11 0.039363135 
257 545 2 3 0.0393286 
898 350 5 8 0.039307088 
340 595 5 6 0.039298587 
477 315 7 13 0.039196007 
516 348 6 10 0.03919299 
595 302 7 13 0.039183877 
751 533 2 3 0.039148204 
522 313 7 13 0.039078973 
486 320 7 13 0.039017476 
539 367 8 16 0.039011884 
463 564 3 3 0.038994826 
852 480 2 3 0.038986236 
827 512 3 4 0.03897871 
437 571 2 3 0.038886294 
879 545 2 2 0.03885954 
170 413 6 10 0.038839776 
367 570 3 3 0.03880849 
852 487 3 3 0.038728382 
182 331 6 16 0.038642716 
21 589 2 4 0.038603842 
621 345 8 13 0.038563088 
782 481 3 3 0.03853837 
84 557 3 4 0.03852055 
255 354 7 13 0.038514987 
494 576 3 4 0.038506232 
807 520 3 3 0.038505662 
271 540 2 3 0.038503617 
511 291 6 11 0.03850007 
821 499 3 4 0.038486075 
85 538 2 4 0.038482632 
94 318 5 7 0.038472977 
149 545 3 3 0.03844795 
442 587 3 5 0.038311556 
840 494 3 3 0.03826407 
148 551 3 3 0.038194403 
164 349 8 16 0.038179535 
341 588 3 4 0.038163014 
251 551 2 3 0.03809853 
783 500 3 4 0.038046278 
756 514 3 3 0.03792648 
270 558 3 3 0.03790352 
507 582 3 4 0.037863564 
290 564 3 4 0.03784392 
219 416 5 6 0.037799165 
860 513 3 4 0.03776202 
104 557 3 4 0.037755165 
770 557 2 4 0.037657905 
365 584 3 4 0.03762175 
756 551 3 3 0.03762142 
423 583 3 4 0.037567668 
765 341 7 13 0.03755798 
783 475 2 3 0.03750737 
802 506 2 4 0.03749958 
375 309 6 10 0.037472162 
59 519 3 3 0.037449718 
577 355 5 11 0.037400182 
629 295 8 12 0.037370384 
34 544 2 4 0.0373479 
309 564 3 4 0.03733711 
398 326 7 13 0.037320755 
155 576 3 4 0.037230976 
769 602 3 4 0.037225034 
506 551 3 3 0.037207212 
845 519 3 4 0.037192814 
854 441 3 5 0.037109293 
436 577 3 4 0.03710362 
83 425 3 6 0.03709816 
757 533 3 3 0.03708497 
177 312 7 14 0.03708284 
745 513 3 3 0.037062287 
326 347 8 14 0.036939524 
424 551 3 3 0.036934335 
353 552 3 3 0.036913253 
852 500 3 3 0.03691312 
410 349 6 11 0.036880024 
597 316 7 12 0.03682764 
411 583 3 3 0.03681994 
213 576 3 4 0.0367626 
852 427 4 6 0.036759455 
859 532 3 4 0.036727656 
608 303 7 12 0.036711205 
26 558 3 3 0.036691993 
359 558 3 3 0.03669024 
783 494 2 4 0.036656804 
783 533 2 2 0.036583018 
738 525 2 3 0.036569178 
252 546 2 3 0.036470585 
505 359 6 13 0.036465503 
520 525 2 3 0.036437184 
185 318 7 13 0.036425468 
379 576 3 4 0.03642291 
801 520 3 3 0.036408152 
638 329 8 14 0.036355235 
13 545 2 4 0.036350016 
764 520 2 3 0.03634716 
21 539 2 2 0.036306433 
111 545 3 3 0.036304142 
467 559 2 2 0.036268227 
841 499 3 3 0.036235955 
117 539 2 3 0.036188044 
582 348 7 13 0.036186617 
775 474 3 4 0.03611145 
533 525 2 3 0.035992604 
847 500 2 3 0.035987638 
500 525 3 3 0.03597722 
155 588 3 5 0.035950124 
777 583 3 3 0.03592579 
865 442 3 4 0.035913803 
775 520 3 2 0.035912838 
155 525 2 3 0.03590018 
187 532 2 3 0.035866406 
781 544 3 3 0.03586281 
359 570 3 3 0.03585413 
391 576 3 4 0.035830747 
331 333 7 13 0.035816967 
28 563 2 3 0.035811197 
423 588 3 4 0.03580588 
833 493 3 4 0.03578156 
636 557 2 4 0.035775736 
486 295 8 12 0.035760377 
519 533 2 3 0.03571206 
751 564 2 3 0.03566925 
417 577 3 4 0.03564862 
335 583 3 4 0.03556884 
174 565 2 3 0.035560895 
276 570 3 4 0.03552222 
507 532 3 3 0.035512462 
373 539 3 3 0.035486504 
514 589 3 4 0.035482854 
853 493 2 4 0.03547342 
757 526 3 3 0.035349045 
620 415 9 18 0.035309903 
264 577 2 3 0.035282902 
181 520 3 3 0.03528105 
455 551 3 3 0.035276614 
342 519 2 3 0.03524614 
482 582 2 4 0.035142444 
110 570 3 5 0.035114124 
123 538 2 4 0.035091553 
756 506 3 3 0.035085574 
290 570 3 4 0.0350847 
761 558 3 3 0.035082612 
508 545 2 3 0.035082243 
124 551 2 3 0.035067778 
763 601 3 4 0.03506536 
756 564 3 3 0.035063636 
411 577 3 4 0.03505804 
482 577 3 4 0.035031382 
750 520 2 2 0.035013463 
840 507 3 3 0.0350085 
28 552 2 3 0.0349858 
508 577 3 3 0.034952827 
148 576 3 4 0.034932695 
827 519 3 4 0.03488161 
264 557 2 4 0.034840666 
353 532 3 4 0.03481554 
795 583 3 4 0.03480717 
814 519 3 4 0.0347886 
124 532 3 3 0.03478824 
33 551 3 4 0.03478312 
482 559 2 3 0.034745548 
296 577 3 3 0.034725465 
372 558 3 4 0.034681708 
454 359 8 13 0.0346792 
334 588 3 4 0.03467303 
360 607 4 5 0.034669206 
184 348 7 12 0.034664184 
113 315 7 13 0.03465776 
569 352 6 11 0.03465658 
245 558 2 3 0.034621555 
872 519 3 3 0.03460546 
878 539 3 3 0.034584068 
482 551 3 3 0.034572113 
557 322 6 10 0.03446532 
175 519 2 3 0.03444407 
736 538 3 3 0.034416404 
885 480 3 4 0.034384836 
494 558 3 3 0.034338858 
335 576 2 3 0.034310643 
78 545 3 3 0.03429673 
618 307 7 13 0.03427162 
145 309 7 11 0.03426441 
437 587 4 5 0.03426254 
866 447 3 4 0.034260247 
47 519 3 3 0.034257628 
738 520 2 3 0.034251615 
257 539 3 3 0.034208287 
884 583 3 3 0.034206808 
514 532 3 4 0.034205418 
814 481 3 4 0.03417042 
664 348 8 12 0.034167018 
660 589 4 5 0.03414985 
687 583 3 4 0.034126736 
821 532 3 3 0.034091912 
58 330 6 6 0.034046352 
175 513 2 4 0.034030188 
751 506 2 3 0.034029897 
150 583 3 4 0.034029115 
789 533 3 3 0.034019917 
638 296 7 12 0.033981793 
475 558 3 3 0.033956964 
277 532 3 3 0.03393528 
655 512 3 4 0.03389776 
519 505 3 4 0.03382963 
114 327 8 14 0.033828616 
79 551 3 3 0.033802975 
168 564 3 3 0.033761557 
277 564 2 3 0.033724952 
161 537 3 4 0.033699267 
859 577 3 3 0.03368008 
328 564 3 4 0.03362091 
865 514 2 3 0.03358528 
866 545 2 3 0.033528898 
769 570 3 4 0.033524647 
564 299 7 14 0.033491455 
402 341 7 14 0.033488423 
84 551 3 3 0.033475135 
769 473 3 4 0.033459894 
188 507 2 3 0.03344024 
731 576 3 4 0.03343816 
9 563 3 4 0.033434983 
709 347 7 13 0.033420715 
839 525 3 4 0.033396237 
346 564 2 3 0.033388242 
801 512 3 4 0.033382643 
328 557 2 3 0.033355914 
290 558 2 3 0.033331346 
277 526 3 3 0.03333008 
365 564 3 3 0.033327114 
149 564 3 3 0.03331289 
392 539 3 3 0.03328581 
847 487 3 4 0.03327214 
245 545 3 3 0.03326963 
135 545 2 4 0.03326005 
270 551 2 3 0.033219356 
737 533 3 3 0.033207197 
756 571 3 3 0.033171706 
104 564 3 4 0.03316561 
373 589 3 4 0.03314481 
507 589 3 4 0.033137627 
418 588 3 4 0.033118084 
315 564 3 3 0.033094835 
745 539 3 3 0.033028483 
162 512 2 4 0.033024635 
814 550 3 4 0.03298277 
352 348 8 14 0.03297917 
451 552 2 3 0.03295604 
335 538 2 3 0.032938212 
373 545 3 3 0.032920424 
847 494 2 3 0.032920286 
847 479 2 4 0.03291115 
453 354 7 12 0.03288727 
8 545 3 4 0.03288219 
744 558 3 3 0.03287267 
283 570 3 4 0.03286953 
127 316 6 12 0.03285336 
667 538 3 4 0.032732718 
720 281 4 7 0.032730106 
109 583 3 4 0.032676708 
217 323 6 13 0.03267217 
847 506 3 3 0.032665934 
658 346 8 13 0.03265464 
156 538 3 3 0.032645643 
741 339 6 15 0.03264107 
233 564 2 3 0.032632917 
314 553 3 3 0.032611188 
763 576 3 3 0.032585014 
789 488 3 3 0.03256358 
21 558 2 3 0.03255506 
501 539 2 4 0.03253635 
731 539 3 3 0.032514043 
53 518 2 4 0.03241298 
379 570 3 3 0.032411963 
768 505 3 4 0.032382365 
406 316 8 14 0.03236368 
737 433 5 7 0.032358915 
430 583 3 3 0.03235877 
481 588 3 4 0.032355364 
878 532 3 3 0.032328743 
762 493 3 4 0.03230964 
161 520 3 3 0.032255564 
105 605 5 8 0.032224283 
866 552 2 3 0.032213185 
743 551 3 3 0.032194223 
865 455 3 4 0.032188963 
654 583 3 3 0.032182425 
428 322 6 11 0.032166466 
713 590 2 3 0.032161716 
669 393 7 12 0.03208474 
130 328 8 14 0.03208407 
456 558 2 3 0.032081548 
251 539 3 3 0.032077305 
149 595 3 4 0.03206545 
443 583 3 4 0.03202423 
65 519 3 3 0.03201703 
788 347 6 12 0.032015186 
526 538 3 4 0.03200214 
694 571 2 3 0.031996697 
27 533 2 3 0.03198467 
181 506 2 3 0.031952735 
267 387 6 10 0.03191087 
150 558 3 3 0.031886164 
188 557 2 3 0.03185858 
372 570 3 4 0.031856142 
367 576 3 4 0.031844594 
457 286 6 10 0.031839862 
298 330 7 15 0.031818494 
34 564 2 3 0.031804115 
148 532 3 3 0.03178209 
53 576 3 4 0.031742223 
187 552 3 3 0.031674296 
295 582 2 4 0.031672 
129 538 2 3 0.031667657 
284 588 3 4 0.03165785 
508 520 2 3 0.031650033 
430 558 3 3 0.031642854 
136 551 2 4 0.031615883 
520 595 3 4 0.031612854 
554 391 8 15 0.03160083 
604 360 9 16 0.031599686 
683 310 8 12 0.031595457 
392 557 3 4 0.031566933 
250 576 2 3 0.03156673 
392 532 2 4 0.031562097 
801 525 3 3 0.03155248 
860 480 2 4 0.031549722 
588 354 7 13 0.03154737 
90 347 7 10 0.03154134 
520 583 3 3 0.03154069 
501 551 3 3 0.031534195 
182 557 2 3 0.031495817 
399 353 6 11 0.031495403 
276 327 8 14 0.031462483 
344 596 4 4 0.03145714 
890 480 3 4 0.03137463 
383 419 6 10 0.031371836 
91 551 3 3 0.031370156 
372 608 4 6 0.031326137 
233 501 2 3 0.031320304 
424 546 2 3 0.031263016 
871 525 3 4 0.031238474 
148 538 3 3 0.031238008 
302 533 3 4 0.031235611 
146 338 7 14 0.031229291 
204 328 7 12 0.03121854 
40 613 5 8 0.031212304 
897 571 3 3 0.031187663 
34 558 3 3 0.031179892 
476 589 3 4 0.031177012 
903 347 9 13 0.031173194 
104 317 13 21 0.031172901 
898 526 3 2 0.031172259 
769 565 3 3 0.031156775 
235 333 6 13 0.031153128 
771 487 3 4 0.03114603 
328 545 2 4 0.03114005 
800 583 3 4 0.031131214 
263 583 3 3 0.031064278 
510 341 7 12 0.031048782 
334 519 2 4 0.031048222 
321 545 3 3 0.031045623 
110 564 2 3 0.031041492 
239 494 3 3 0.031038424 
259 558 2 3 0.031015316 
904 565 2 3 0.030965779 
161 533 3 3 0.030951194 
143 513 2 3 0.0309436 
639 302 7 13 0.030927805 
452 366 8 13 0.03092306 
188 544 3 3 0.030914623 
223 310 8 12 0.030882705 
588 303 6 12 0.030879527 
353 601 4 5 0.03087627 
835 513 3 3 0.030871062 
205 365 6 11 0.03086449 
429 313 7 14 0.030836998 
174 583 3 3 0.030820383 
264 540 3 2 0.03079389 
866 532 3 3 0.03078348 
314 576 3 4 0.030737037 
661 545 2 3 0.030730758 
486 354 6 11 0.030724458 
181 544 2 3 0.030713985 
437 583 3 3 0.030698474 
300 312 8 15 0.030693274 
471 335 9 14 0.030691294 
820 539 3 3 0.030674808 
668 577 2 3 0.030665934 
159 315 7 14 0.030655077 
286 311 10 15 0.030654136 
780 583 3 3 0.030638978 
706 533 3 3 0.030627795 
296 570 3 4 0.030615332 
347 558 3 3 0.030613163 
239 506 2 4 0.030610414 
232 507 2 3 0.030581446 
604 348 7 12 0.03056744 
132 362 8 12 0.030553604 
780 311 5 10 0.030551912 
834 519 3 3 0.030534297 
815 513 3 3 0.030527221 
319 394 5 8 0.030514762 
328 570 3 4 0.030507298 
315 612 3 7 0.030501379 
393 588 3 5 0.030494466 
457 564 2 3 0.03049334 
783 557 3 3 0.03048198 
488 564 3 4 0.030475896 
510 357 7 13 0.030471873 
527 615 3 5 0.030470962 
296 120 4 7 0.030451236 
455 584 3 4 0.03044684 
750 500 3 3 0.030446084 
801 481 2 3 0.030438818 
694 304 8 12 0.030435355 
59 531 3 4 0.030389082 
251 571 2 4 0.030381847 
143 564 3 3 0.030360263 
442 351 8 13 0.030350285 
607 320 7 14 0.030347243 
763 564 2 3 0.030344587 
495 551 3 3 0.03026191 
469 552 2 3 0.030260935 
20 595 3 4 0.030256197 
296 116 3 5 0.030253526 
834 480 2 4 0.030251145 
475 552 3 2 0.030229673 
346 589 3 4 0.030212156 
541 399 8 11 0.030190913 
751 551 2 3 0.030184451 
891 577 3 3 0.030180305 
808 571 3 3 0.030177284 
1019 348 5 9 0.030165974 
859 486 3 4 0.030154131 
65 330 6 6 0.03014196 
706 590 3 3 0.030127633 
663 415 13 16 0.030120557 
399 564 3 3 0.03011632 
161 571 3 3 0.03009999 
782 601 4 4 0.030059462 
692 583 3 4 0.030041896 
290 316 8 14 0.030040639 
33 532 2 3 0.030032337 
143 577 2 3 0.030009832 
303 601 3 4 0.029969893 
449 584 3 4 0.029968144 
181 500 2 4 0.029943014 
194 513 2 3 0.029929297 
217 303 6 12 0.029918367 
764 501 2 3 0.029918235 
176 525 2 3 0.029893082 
232 558 2 3 0.029891284 
731 546 2 3 0.029888684 
393 278 5 10 0.029879477 
833 487 3 4 0.029861644 
657 355 7 14 0.02985665 
104 570 3 4 0.029830104 
156 532 2 4 0.029823922 
737 551 3 3 0.029820127 
437 558 2 3 0.029806914 
424 558 3 3 0.029804211 
233 513 2 3 0.029795712 
21 544 2 3 0.029786773 
34 582 3 4 0.02976801 
59 589 3 4 0.029753588 
776 494 2 3 0.029728297 
783 487 3 4 0.029713854 
34 577 3 4 0.029703422 
335 394 5 9 0.029689152 
641 583 3 4 0.02966911 
340 322 6 10 0.029668236 
807 545 3 3 0.029656496 
333 324 5 9 0.029629208 
431 588 3 4 0.029607607 
725 584 2 3 0.029606273 
673 577 3 4 0.029591234 
717 308 6 12 0.029551867 
826 590 3 3 0.029547434 
737 513 2 3 0.02954562 
732 493 2 4 0.029511873 
347 552 3 3 0.029510511 
710 310 6 11 0.0294965 
691 320 8 13 0.029478548 
340 577 3 3 0.0294528 
820 513 3 4 0.02944292 
155 612 4 7 0.029439194 
122 545 3 3 0.029407525 
775 501 3 3 0.029401235 
251 564 2 3 0.029382102 
518 589 3 4 0.02937135 
380 587 2 4 0.029368915 
780 349 6 10 0.029363232 
162 545 2 3 0.02935152 
763 473 3 5 0.029343493 
353 545 3 3 0.02934095 
847 525 3 4 0.029339023 
898 583 3 3 0.02933825 
366 539 3 3 0.029287709 
733 486 2 4 0.029287044 
123 563 3 4 0.029283004 
487 577 3 4 0.029256297 
741 432 5 7 0.029248936 
456 545 2 3 0.029235646 
289 532 3 3 0.029229488 
143 570 3 4 0.02921922 
885 474 3 5 0.029216545 
154 557 3 4 0.029215474 
65 593 3 5 0.029199013 
194 506 2 4 0.029194426 
532 533 3 3 0.029192587 
859 493 2 4 0.029166136 
172 334 6 12 0.029133078 
148 589 3 4 0.02912884 
328 589 3 4 0.029125674 
781 588 4 4 0.029116977 
910 583 2 3 0.02911319 
47 558 3 4 0.029101087 
796 519 2 3 0.02909335 
647 512 3 4 0.029051092 
777 577 3 4 0.029043816 
866 558 2 3 0.029006578 
286 298 8 12 0.028976599 
244 505 2 3 0.02896846 
46 588 4 5 0.028967561 
366 558 3 3 0.028962681 
302 577 2 3 0.028953547 
860 559 2 2 0.02895229 
53 501 3 3 0.028934143 
508 570 3 4 0.028922822 
774 468 3 4 0.028921232 
737 486 3 4 0.028913416 
486 367 6 12 0.028909154 
121 576 3 4 0.028902236 
65 589 3 5 0.028877137 
488 589 3 4 0.028862564 
846 512 3 4 0.02885413 
318 304 7 11 0.028843546 
578 577 3 3 0.028841881 
168 576 3 4 0.028839601 
156 520 2 3 0.02883495 
859 525 3 4 0.028821079 
731 533 3 3 0.028793652 
775 589 4 3 0.028785186 
135 507 3 3 0.028781155 
686 571 3 3 0.028780334 
149 601 3 6 0.02878016 
252 525 2 4 0.028768595 
735 335 7 13 0.028766893 
341 570 3 3 0.028760402 
339 538 3 3 0.028728703 
518 320 7 15 0.028714942 
80 539 3 3 0.028699713 
743 532 3 4 0.028698422 
644 13 38 53 0.028660195 
719 284 6 9 0.028620005 
114 307 4 7 0.028590692 
480 366 6 14 0.028575927 
334 557 3 3 0.028571181 
642 563 2 4 0.028554916 
548 333 7 14 0.028553793 
312 290 6 10 0.028536217 
763 571 3 3 0.028522674 
500 519 3 4 0.028499706 
822 481 2 4 0.02849812 
793 334 7 14 0.028496789 
347 492 3 5 0.028424192 
686 565 3 3 0.028423851 
456 587 3 4 0.028415026 
854 390 4 8 0.028408716 
252 519 2 4 0.028387198 
789 526 3 3 0.028387146 
795 488 2 3 0.028379729 
259 577 2 3 0.028360868 
738 506 3 4 0.028357536 
756 520 3 2 0.028344436 
264 388 6 9 0.028337633 
757 494 3 4 0.028331831 
443 558 2 3 0.028328829 
411 570 3 3 0.02831158 
26 577 3 3 0.028304676 
494 519 4 4 0.028257329 
116 545 3 4 0.028216658 
223 413 7 8 0.028180856 
173 315 7 13 0.028169077 
763 513 3 3 0.028157495 
507 558 3 3 0.028143609 
303 595 3 4 0.02813371 
418 539 2 3 0.028078303 
716 346 6 13 0.028065734 
365 327 6 12 0.028054522 
245 552 2 3 0.02805334 
160 583 3 4 0.028034402 
794 532 3 3 0.02801846 
787 539 3 3 0.028009234 
929 583 3 4 0.027990803 
795 589 3 4 0.027942799 
252 584 2 3 0.02792104 
770 468 3 4 0.027915113 
475 583 3 3 0.02789989 
90 558 3 3 0.027898679 
168 519 2 4 0.027893033 
501 545 2 3 0.02788409 
110 575 4 4 0.027882358 
371 400 6 9 0.027881874 
788 577 3 3 0.027878957 
168 506 2 3 0.027873937 
532 583 3 3 0.027872082 
237 520 2 3 0.027868697 
8 551 3 4 0.027868565 
168 583 2 3 0.027864784 
301 564 3 4 0.027862653 
802 545 2 3 0.027832909 
192 309 6 9 0.027823728 
930 380 6 11 0.027815184 
328 519 3 4 0.027793638 
816 316 7 10 0.027787143 
738 565 3 3 0.027787017 
481 570 3 3 0.02777046 
263 519 3 4 0.027761914 
575 391 8 14 0.027759464 
494 525 4 4 0.027742693 
1018 569 4 7 0.0277403 
937 577 2 3 0.02773366 
167 341 6 13 0.027726391 
71 545 3 4 0.027692722 
143 588 3 4 0.027689265 
162 557 3 4 0.02768723 
15 551 2 3 0.027677359 
917 520 3 3 0.027668897 
487 550 3 4 0.027659323 
322 552 2 3 0.027658591 
846 476 2 3 0.027644888 
526 519 3 4 0.027637685 
178 11 44 54 0.027636897 
917 590 3 3 0.02761929 
756 576 3 3 0.027613932 
271 526 2 3 0.027608931 
129 581 3 5 0.027605755 
168 589 3 4 0.027603665 
480 398 8 15 0.027593328 
506 602 3 4 0.02759151 
276 588 3 4 0.027582737 
891 571 3 3 0.02758189 
897 533 3 3 0.027558196 
201 329 5 11 0.027557358 
378 564 4 4 0.027553108 
28 545 2 2 0.02755133 
670 355 6 12 0.027551142 
859 551 3 3 0.027545262 
660 583 3 3 0.027530942 
506 505 3 4 0.027529582 
219 571 3 3 0.027526187 
290 520 2 4 0.027515912 
167 558 3 3 0.027508922 
731 583 3 3 0.027507875 
142 545 3 4 0.027488874 
802 551 3 3 0.027477697 
161 564 3 4 0.027472183 
781 578 3 3 0.027470501 
15 532 3 3 0.027465194 
308 122 3 4 0.02745319 
86 525 2 4 0.027447466 
143 507 3 3 0.027436022 
129 576 3 4 0.027427131 
385 392 7 12 0.027405234 
103 545 2 3 0.027389862 
282 602 3 4 0.027378267 
897 368 6 8 0.027343484 
411 602 3 4 0.027333744 
15 476 2 3 0.027333327 
403 545 3 3 0.027320266 
391 595 3 4 0.02730775 
276 576 3 4 0.027280979 
783 468 3 4 0.027275134 
859 545 3 3 0.027275026 
270 589 3 4 0.027273264 
750 614 3 6 0.027272131 
840 480 2 4 0.02725678 
366 595 3 4 0.02724545 
181 513 3 3 0.027240254 
378 544 2 4 0.027239213 
776 513 3 3 0.027237708 
595 364 8 14 0.027230527 
311 513 2 3 0.027215507 
821 507 2 4 0.027202347 
21 601 3 4 0.027196813 
756 347 6 12 0.02714354 
346 519 3 4 0.027135702 
373 583 3 4 0.027127936 
795 526 2 3 0.027125211 
315 583 3 4 0.027111504 
174 612 3 8 0.027086288 
314 533 3 3 0.027085142 
729 318 7 11 0.027083905 
245 563 2 3 0.02707852 
321 589 3 4 0.027068807 
284 526 2 4 0.027068354 
500 558 3 3 0.027056351 
207 288 5 7 0.02704362 
532 520 3 4 0.027021335 
436 552 2 3 0.027009852 
853 589 2 4 0.027003933 
168 545 2 3 0.027002867 
59 544 3 4 0.026992584 
130 545 3 3 0.026987746 
840 532 2 4 0.026985088 
142 606 3 6 0.02697207 
527 533 2 3 0.026963668 
302 507 3 4 0.026958914 
244 501 3 4 0.026955845 
757 429 3 5 0.026941808 
155 506 2 4 0.02693625 
20 563 2 4 0.02692821 
572 322 7 13 0.026927391 
91 538 3 4 0.026910529 
853 552 2 3 0.026904806 
315 588 3 5 0.02690014 
438 564 2 3 0.026898846 
358 311 8 14 0.026869819 
508 539 2 3 0.02686958 
490 304 7 12 0.02686721 
667 583 3 3 0.026866551 
277 583 2 4 0.02686069 
635 571 3 3 0.026856037 
814 525 3 3 0.02683695 
716 359 6 11 0.02682595 
412 589 3 3 0.02682437 
494 499 3 4 0.026812708 
769 520 2 3 0.026804553 
399 539 3 3 0.02677773 
212 589 2 4 0.026775392 
242 321 7 12 0.02676728 
494 583 4 4 0.026760176 
59 500 3 4 0.026755657 
917 513 3 3 0.02675002 
768 576 3 4 0.026743643 
171 350 7 15 0.026730178 
533 538 3 4 0.026729781 
520 564 3 3 0.02672849 
1 550 3 5 0.026713448 
245 539 3 3 0.026699336 
342 298 5 10 0.02667634 
520 545 2 3 0.026669336 
41 563 2 4 0.026656095 
194 576 3 5 0.026637077 
513 583 3 3 0.026626578 
256 583 3 4 0.02662269 
34 520 2 3 0.026601339 
494 588 3 4 0.026584666 
154 571 3 3 0.026583606 
408 308 6 11 0.026575288 
430 545 3 4 0.026560243 
180 565 3 3 0.026559185 
251 513 2 4 0.026546711 
630 577 3 3 0.026539985 
105 583 3 4 0.026530867 
859 583 3 3 0.026528912 
175 588 3 5 0.026524935 
807 539 3 4 0.026520845 
187 526 3 3 0.026515288 
162 328 14 25 0.02649238 
356 367 8 11 0.026479306 
288 526 3 3 0.026469741 
277 519 2 4 0.02645477 
673 571 3 3 0.026449738 
302 539 3 3 0.026441092 
743 486 3 4 0.02644033 
136 596 3 4 0.026431274 
174 532 3 4 0.026408423 
110 557 3 4 0.026402434 
939 382 5 8 0.026393304 
170 418 7 10 0.026390541 
655 519 3 3 0.02638541 
761 486 4 4 0.026380813 
272 512 2 3 0.026372746 
39 551 3 3 0.026346974 
224 333 7 14 0.026345365 
595 395 7 14 0.02634411 
8 583 3 4 0.026341645 
725 539 2 3 0.026311094 
537 360 6 11 0.026269324 
103 539 3 3 0.02626427 
699 532 2 3 0.02625312 
463 576 3 4 0.026242455 
654 538 3 4 0.026211059 
834 533 3 3 0.026195318 
322 533 3 3 0.026172845 
14 557 2 4 0.026171291 
60 538 3 4 0.026150685 
514 500 2 3 0.026143877 
411 405 7 12 0.02613871 
33 525 3 4 0.026127117 
126 322 6 12 0.026123302 
690 353 7 13 0.026110493 
520 571 2 3 0.026109103 
360 553 2 2 0.02610777 
527 617 4 7 0.02610125 
582 333 8 14 0.026088154 
776 325 7 14 0.026087167 
431 577 2 4 0.026079785 
866 525 3 4 0.026073711 
136 557 3 4 0.026022803 
360 539 3 3 0.025992747 
494 540 3 3 0.025992401 
513 525 3 3 0.025988135 
819 347 6 10 0.025984334 
91 311 7 10 0.025968678 
116 583 4 4 0.025968028 
543 354 6 11 0.025960067 
225 559 2 3 0.025958646 
219 563 2 3 0.025957566 
827 481 2 4 0.025915084 
238 559 3 3 0.025906255 
474 577 3 4 0.025896458 
78 558 3 4 0.025890147 
884 486 3 4 0.025885709 
168 526 2 2 0.0258748 
123 558 3 3 0.025858032 
769 494 3 3 0.025857184 
656 363 10 18 0.025848854 
21 576 3 3 0.025836462 
110 588 3 5 0.025832472 
342 558 2 3 0.02582576 
347 533 2 3 0.025822446 
455 539 2 3 0.025791446 
504 276 8 13 0.025780885 
775 595 3 4 0.02577928 
839 584 3 3 0.025778431 
397 583 2 4 0.025761671 
431 552 2 3 0.02576001 
117 564 3 3 0.02575774 
130 366 7 11 0.025751786 
97 558 3 3 0.025749266 
167 570 3 4 0.025747357 
199 335 7 12 0.025735043 
839 487 3 3 0.025734665 
53 545 2 3 0.02572258 
775 487 2 4 0.025717499 
878 486 3 4 0.02570664 
743 357 7 13 0.025702247 
546 545 3 3 0.025699763 
46 538 3 4 0.025675157 
898 552 2 3 0.025660837 
85 544 2 4 0.025660804 
289 121 4 6 0.025631657 
678 344 8 15 0.025612107 
348 316 8 12 0.025609072 
429 302 6 11 0.025595307 
149 507 3 4 0.02558954 
271 286 7 10 0.025572397 
446 323 6 12 0.025569204 
354 526 3 4 0.025558569 
878 480 3 4 0.025548132 
794 593 3 5 0.025548063 
699 525 3 4 0.025546245 
750 325 6 10 0.025542695 
237 339 7 15 0.025529612 
39 576 3 4 0.025527455 
186 519 3 3 0.025513412 
783 520 3 3 0.025508892 
187 563 3 4 0.025496626 
276 512 2 4 0.02548809 
545 589 3 4 0.025483964 
257 532 3 3 0.025471065 
309 519 3 4 0.02547063 
630 545 2 3 0.025470557 
667 544 2 3 0.02547 
361 281 5 8 0.025457943 
231 278 6 8 0.025437567 
815 539 3 3 0.025433654 
501 532 3 4 0.025392419 
417 564 3 3 0.025363836 
14 576 3 3 0.025363749 
271 571 2 3 0.025358424 
732 513 2 3 0.025349211 
136 513 2 3 0.025327537 
184 304 5 10 0.025317581 
802 487 2 4 0.02529411 
833 507 3 4 0.025276316 
141 601 4 6 0.025260864 
660 525 3 4 0.025241418 
463 601 3 5 0.025238428 
827 500 2 4 0.025229426 
237 570 3 3 0.025227621 
535 300 8 14 0.025206538 
271 576 2 4 0.025201652 
917 595 3 4 0.025143238 
199 582 3 4 0.02514137 
378 539 3 3 0.025120806 
482 539 3 3 0.025119372 
834 576 3 3 0.025109116 
232 583 2 3 0.025101395 
319 339 7 12 0.02510063 
750 494 3 4 0.025096647 
27 539 3 2 0.025096238 
713 519 2 3 0.025092024 
885 577 2 3 0.025091596 
272 519 2 3 0.02508795 
731 571 3 2 0.02508624 
47 532 2 3 0.025064928 
884 532 2 3 0.025058776 
399 551 2 4 0.025057254 
123 587 3 5 0.025048997 
322 519 2 4 0.025035491 
865 480 3 4 0.025020262 
52 570 3 4 0.025017822 
785 320 7 14 0.024986237 
444 539 2 3 0.024977406 
103 576 3 4 0.024967246 
180 588 3 5 0.024952926 
271 583 3 4 0.024944846 
441 307 7 13 0.024937807 
499 386 6 12 0.024937216 
26 601 4 5 0.024928156 
161 552 3 2 0.024914507 
130 507 2 3 0.024913352 
443 571 2 3 0.024908982 
86 570 3 4 0.024880014 
79 532 3 4 0.024872376 
587 309 6 12 0.024862325 
397 558 3 3 0.02482854 
487 539 3 3 0.024827454 
258 551 2 3 0.024826508 
758 315 6 11 0.024814967 
267 317 9 17 0.024814794 
206 526 2 3 0.024809053 
655 525 2 4 0.024782933 
519 550 2 4 0.0247634 
737 577 3 3 0.024745863 
725 576 3 3 0.024737889 
412 596 3 4 0.024736052 
750 514 3 3 0.024682786 
252 532 2 3 0.024681952 
715 413 6 11 0.02467784 
841 475 2 3 0.024665724 
475 614 3 5 0.024650283 
161 576 3 3 0.024627594 
314 512 2 4 0.02462577 
217 309 6 11 0.024623943 
384 588 3 4 0.024620863 
698 583 3 4 0.024619212 
39 514 3 3 0.024615979 
685 353 7 13 0.024613814 
839 595 3 4 0.024595726 
143 525 3 4 0.024587704 
143 537 3 4 0.024571177 
213 539 3 3 0.02456968 
207 563 3 4 0.024567591 
757 501 2 3 0.024561387 
0 535 2 5 0.024555245 
200 513 2 3 0.024544645 
923 584 3 3 0.024536164 
533 563 2 3 0.024534484 
39 519 3 3 0.024527485 
744 570 3 3 0.024513416 
166 321 7 13 0.024512965 
331 340 7 13 0.024511244 
91 576 3 4 0.024500124 
245 408 5 8 0.024498258 
83 599 4 7 0.024495749 
500 565 3 3 0.024484357 
71 531 3 4 0.024480706 
634 576 2 4 0.024478776 
808 532 3 3 0.024473583 
39 558 3 3 0.024473356 
233 570 3 3 0.024465915 
33 461 3 3 0.024462888 
654 544 3 3 0.024441967 
302 526 3 3 0.024403097 
97 545 3 3 0.024392897 
795 493 3 3 0.024390792 
334 526 2 3 0.024378356 
680 571 3 3 0.024358287 
212 564 2 3 0.02434719 
834 590 2 3 0.024344377 
859 538 3 4 0.024325967 
672 318 5 10 0.024314241 
148 513 2 3 0.024306007 
59 488 3 3 0.02428298 
361 545 2 3 0.024282238 
431 571 2 2 0.024265902 
477 334 9 14 0.024238942 
485 359 6 13 0.024220258 
654 589 3 4 0.024218837 
14 570 3 4 0.024216339 
175 602 3 5 0.024206623 
320 373 8 12 0.024204435 
235 355 6 11 0.024197236 
955 583 3 3 0.024187412 
632 398 8 12 0.024180148 
20 584 3 3 0.024152037 
655 505 3 4 0.024149418 
872 552 2 3 0.0241418 
488 519 3 4 0.024107227 
539 500 2 5 0.024107026 
455 571 3 3 0.024096014 
78 588 4 4 0.024093907 
795 513 3 3 0.024089806 
340 545 3 3 0.024089504 
450 545 2 3 0.024080465 
942 576 3 4 0.02406802 
487 341 6 11 0.024064066 
820 584 3 3 0.02405964 
834 475 2 3 0.024044659 
250 557 2 4 0.024028346 
756 583 3 4 0.024028022 
180 525 2 3 0.024014542 
270 564 2 3 0.024010874 
342 506 2 4 0.024008963 
783 570 3 3 0.023999223 
514 539 2 3 0.023991806 
763 588 3 4 0.023987854 
444 373 6 11 0.02398383 
898 355 5 7 0.023973813 
103 594 3 5 0.023963986 
265 328 8 15 0.023963805 
341 513 3 4 0.023959018 
58 583 3 3 0.02395511 
647 334 7 14 0.023949599 
301 570 3 4 0.023948755 
174 545 3 3 0.023933707 
201 526 2 3 0.02393032 
346 294 5 8 0.023914771 
8 570 3 4 0.02391224 
910 577 3 3 0.023910798 
206 577 3 3 0.02390954 
961 583 2 3 0.02389589 
585 390 9 15 0.023894439 
572 538 3 4 0.023892736 
719 585 2 2 0.02388864 
142 613 3 6 0.023881696 
328 538 3 3 0.02388001 
432 539 2 3 0.02387913 
737 492 3 5 0.023862675 
571 570 3 4 0.023861207 
470 545 2 3 0.02384866 
129 526 2 4 0.02383638 
114 425 6 10 0.023832472 
166 335 6 11 0.023825493 
9 557 3 4 0.023819799 
491 296 7 11 0.023808552 
801 532 3 3 0.023800371 
367 323 6 11 0.02379028 
578 583 2 3 0.023785874 
168 537 2 4 0.023753852 
821 525 3 4 0.023746544 
859 588 3 4 0.023745157 
910 572 3 3 0.023724606 
732 551 2 3 0.023709333 
706 584 3 3 0.023707217 
321 123 4 4 0.023699956 
693 576 2 3 0.02369741 
136 600 4 6 0.02369407 
514 551 3 3 0.023692267 
769 589 4 4 0.023689393 
141 557 2 3 0.023671567 
687 589 2 3 0.023669837 
47 525 3 4 0.023669733 
161 525 3 3 0.023667537 
85 532 2 4 0.023658859 
610 532 3 3 0.023647962 
70 550 3 4 0.023640053 
559 339 6 14 0.023639774 
33 506 2 3 0.02363289 
749 292 5 7 0.023606298 
211 551 3 2 0.023602536 
482 564 3 3 0.023602238 
852 505 3 4 0.02359861 
46 514 4 3 0.02359685 
89 325 66 86 0.023594 
788 571 3 3 0.023572292 
91 582 3 4 0.023550088 
731 395 6 7 0.023546755 
149 612 3 7 0.023543883 
564 538 3 4 0.023541594 
199 184 4 6 0.023540286 
788 468 3 4 0.02353785 
320 332 6 13 0.0235321 
232 427 28 35 0.023524469 
94 342 7 10 0.023520263 
756 287 4 5 0.023516214 
334 545 3 3 0.023503881 
508 500 2 4 0.023487024 
808 550 2 3 0.023477519 
788 595 3 4 0.023477236 
117 575 3 4 0.023470983 
410 359 6 11 0.02346504 
443 564 3 3 0.02346079 
660 512 2 4 0.02345295 
891 583 3 3 0.023441369 
147 607 4 6 0.02342667 
674 564 2 4 0.02341524 
384 584 3 4 0.023409551 
430 564 2 3 0.02340587 
725 545 3 3 0.023389246 
763 596 2 4 0.02338532 
469 570 2 3 0.023366848 
512 571 3 4 0.023362989 
923 315 3 4 0.02335834 
129 588 3 5 0.023343334 
187 539 3 3 0.02333975 
194 588 3 4 0.02333228 
14 539 2 3 0.02332815 
117 533 2 3 0.023327112 
551 353 6 12 0.023319427 
587 398 7 11 0.023308065 
879 445 2 5 0.023303023 
774 570 3 3 0.02329815 
288 127 4 6 0.02329519 
512 314 6 13 0.023277007 
796 538 3 3 0.023267562 
352 302 6 11 0.023257978 
386 576 3 4 0.02325738 
468 576 3 4 0.02325315 
226 576 3 4 0.02325058 
391 571 3 3 0.023235956 
712 531 2 4 0.023234554 
64 326 5 7 0.02323111 
581 398 7 13 0.023229955 
743 565 3 3 0.023215808 
885 525 3 3 0.023205841 
371 576 4 4 0.023201019 
180 570 3 4 0.023199521 
521 576 2 3 0.023193339 
404 589 3 4 0.02318597 
321 125 4 6 0.023177886 
53 532 2 3 0.023165518 
78 563 3 4 0.023165498 
280 359 6 12 0.023156792 
788 493 3 4 0.023145864 
648 571 3 3 0.023145372 
232 551 2 3 0.023115112 
492 287 5 9 0.023098508 
617 532 3 3 0.023087403 
435 539 2 3 0.02308724 
283 607 3 5 0.023087071 
839 590 3 3 0.02308496 
405 595 3 4 0.023082003 
629 584 2 3 0.02308168 
802 494 3 3 0.023080371 
250 326 7 12 0.023078296 
1018 572 6 7 0.023076402 
552 583 3 4 0.023070395 
104 551 3 3 0.023060499 
187 589 2 4 0.023052443 
319 367 8 11 0.023048032 
53 538 2 4 0.023027945 
488 558 3 3 0.023022244 
403 279 5 8 0.023019113 
70 335 5 8 0.023007939 
443 545 3 3 0.022984792 
244 327 6 11 0.022983022 
487 545 3 3 0.022976113 
642 531 3 4 0.022971708 
881 283 10 15 0.022967571 
393 290 6 11 0.022965096 
612 286 7 10 0.022962911 
396 359 7 12 0.022962403 
711 584 3 2 0.022957249 
750 571 3 3 0.022946015 
790 318 5 10 0.022945855 
901 361 6 9 0.022938581 
1005 614 4 7 0.022926344 
423 578 3 3 0.022919143 
238 545 3 3 0.022917366 
500 583 3 4 0.02291694 
28 526 2 3 0.02291522 
277 121 3 5 0.022890057 
948 577 3 3 0.02288894 
846 558 3 3 0.022887575 
629 551 3 3 0.022878373 
97 550 3 4 0.022877585 
962 571 3 3 0.022871379 
396 274 5 8 0.022870988 
715 423 5 10 0.02285861 
762 435 4 5 0.02285552 
647 564 3 3 0.022838129 
398 576 3 4 0.022833189 
84 588 3 5 0.022833144 
238 513 2 3 0.022801213 
245 493 2 4 0.022791348 
507 525 3 3 0.02279129 
790 506 2 3 0.02278061 
852 532 3 4 0.022776466 
65 513 3 3 0.022770124 
9 601 3 5 0.022758387 
505 613 3 6 0.022754166 
789 583 3 3 0.022752754 
814 346 6 11 0.02275207 
40 606 3 6 0.022743305 
264 571 2 2 0.022738997 
365 601 3 5 0.022737814 
571 564 2 3 0.022727918 
335 596 3 5 0.022725405 
729 275 4 6 0.022713512 
540 552 2 3 0.022711365 
728 284 6 10 0.022691697 
111 539 3 3 0.022670284 
238 589 3 4 0.022651635 
130 570 3 4 0.022647733 
949 601 3 5 0.022628056 
955 596 3 4 0.022604933 
463 570 2 4 0.022599256 
219 559 3 3 0.022597387 
213 570 3 4 0.022593575 
0 555 3 5 0.022591949 
1006 587 4 5 0.022589674 
40 501 3 3 0.022583904 
730 302 6 11 0.022576837 
136 532 3 4 0.022574157 
398 608 3 6 0.022564214 
238 289 6 8 0.022546647 
368 526 2 3 0.022534912 
873 442 2 5 0.022534218 
348 538 3 3 0.022525098 
625 398 9 13 0.022522507 
216 340 7 13 0.022503808 
731 590 3 3 0.022501884 
232 589 3 4 0.022497205 
136 525 3 4 0.02249381 
133 338 7 13 0.022465497 
754 589 4 4 0.022463802 
65 488 3 3 0.022463001 
475 570 2 3 0.022452166 
259 343 14 24 0.022446284 
750 349 5 11 0.022433093 
301 121 3 6 0.022428453 
264 589 3 4 0.02239808 
487 582 3 4 0.0223926 
308 594 3 5 0.022381036 
174 358 6 13 0.022379002 
385 601 4 5 0.022374222 
259 514 2 3 0.022366572 
143 532 2 3 0.022363482 
853 583 3 4 0.022357386 
693 558 3 3 0.022353977 
321 539 3 3 0.022348661 
237 564 2 3 0.022347433 
373 532 2 3 0.02234093 
891 545 2 3 0.0223392 
146 347 6 14 0.022332748 
891 552 3 2 0.022330225 
264 532 3 3 0.022325655 
491 341 6 12 0.022323424 
520 519 2 4 0.022300366 
788 475 3 3 0.02230006 
526 545 3 3 0.022292748 
366 552 3 2 0.022286825 
105 588 3 4 0.02226749 
206 295 8 13 0.022265308 
27 571 3 3 0.022262393 
904 583 3 3 0.022257559 
33 501 3 3 0.022246022 
738 571 2 2 0.0222449 
807 481 3 4 0.022237932 
840 468 2 3 0.022237845 
404 551 3 3 0.022233319 
494 613 3 6 0.022232931 
41 588 3 4 0.02221226 
288 589 3 3 0.022203598 
834 584 3 2 0.022194242 
616 518 3 4 0.022193456 
577 571 3 3 0.022190956 
621 538 3 3 0.02218278 
129 316 13 23 0.022177696 
787 500 3 4 0.022167427 
622 525 3 4 0.02215547 
590 538 3 3 0.022155233 
610 525 3 4 0.022141017 
316 127 4 5 0.02213302 
219 532 2 3 0.022131687 
860 519 3 4 0.022130875 
627 304 10 14 0.022128249 
705 595 3 3 0.022126073 
852 526 2 3 0.022119312 
885 126 4 7 0.022117347 
885 545 2 3 0.022115154 
757 596 3 3 0.022099756 
859 571 3 3 0.022091944 
449 577 3 3 0.022080775 
735 352 7 13 0.022074696 
890 526 3 3 0.022071809 
614 396 8 15 0.022067575 
129 564 3 3 0.022064239 
353 538 3 3 0.022062322 
981 613 4 7 0.022056488 
638 398 7 13 0.022054896 
903 552 3 3 0.022054536 
334 506 2 4 0.022048311 
130 513 2 3 0.022045655 
630 378 7 12 0.02204126 
315 525 3 4 0.022016654 
225 570 2 4 0.022011623 
424 323 5 11 0.022010846 
264 513 2 3 0.02200405 
398 571 3 3 0.022003844 
539 601 4 4 0.02199015 
672 588 3 4 0.021989463 
115 588 4 5 0.02197759 
661 576 3 4 0.021968981 
150 394 6 8 0.021964844 
744 583 3 3 0.021957828 
612 291 9 13 0.021948889 
449 588 3 3 0.021946441 
775 281 4 6 0.021943664 
922 519 3 4 0.02194244 
731 565 3 3 0.02192183 
916 500 2 4 0.021913443 
373 611 4 7 0.021910707 
207 558 3 4 0.021892875 
411 565 3 3 0.021880759 
212 583 2 3 0.021880502 
757 601 3 4 0.021877073 
213 532 3 3 0.021874893 
750 287 4 6 0.0218683 
532 589 2 4 0.0218574 
462 546 2 2 0.021857027 
475 357 7 15 0.02185055 
744 577 3 3 0.021850321 
450 539 2 3 0.021850288 
33 588 4 4 0.021841966 
149 525 3 4 0.021834357 
245 532 2 3 0.021833317 
710 334 7 13 0.021832258 
476 608 3 5 0.021808412 
668 494 3 3 0.021800507 
405 607 3 6 0.021800444 
245 571 3 3 0.021796716 
463 595 3 4 0.021793583 
226 552 2 3 0.021790748 
725 493 2 4 0.021782588 
513 608 3 5 0.021778721 
443 577 3 3 0.021777306 
449 564 2 2 0.02175327 
200 507 2 3 0.021741953 
252 505 2 3 0.021733617 
463 590 2 3 0.021728411 
396 611 4 7 0.021725388 
641 558 2 3 0.021719312 
207 583 2 3 0.02171814 
1 569 2 4 0.021715382 
879 583 3 3 0.021709578 
622 519 3 3 0.02169066 
401 365 8 13 0.021687612 
555 303 8 14 0.021685151 
507 564 2 3 0.021680944 
1 531 3 5 0.021679236 
436 595 3 5 0.021659963 
51 601 3 5 0.021657081 
929 577 3 3 0.021653086 
923 595 3 4 0.02165157 
328 552 2 3 0.021644162 
40 570 3 4 0.021640792 
676 413 7 9 0.0216372 
308 545 2 3 0.021622295 
218 546 3 2 0.021605665 
776 565 3 3 0.021602752 
961 601 3 5 0.021594118 
904 571 2 3 0.021591224 
136 582 3 5 0.021587417 
501 494 2 3 0.021569528 
66 499 3 4 0.0215693 
892 494 3 4 0.021568505 
66 582 3 4 0.021563902 
525 576 3 4 0.02155562 
527 558 3 4 0.021555215 
433 309 8 15 0.021552682 
750 576 3 3 0.02155259 
232 539 2 3 0.021551546 
85 577 3 3 0.021551335 
788 447 3 5 0.021543678 
124 513 3 3 0.021535037 
20 570 3 4 0.021525862 
147 392 20 22 0.021520434 
501 500 2 4 0.021515502 
385 595 3 5 0.021512672 
795 506 2 4 0.021512378 
896 375 6 11 0.021509983 
768 583 3 4 0.021492166 
763 608 3 4 0.021478733 
406 583 2 4 0.021470336 
282 316 8 13 0.021463614 
744 500 3 3 0.021462673 
283 596 3 4 0.021459093 
808 564 2 3 0.02144914 
969 532 3 4 0.021445995 
634 551 3 3 0.021438861 
15 563 2 4 0.021421347 
928 319 5 5 0.02140895 
211 358 8 12 0.021405945 
782 595 4 4 0.021400651 
511 576 3 4 0.021392817 
603 538 4 4 0.021380804 
731 525 3 3 0.021380315 
53 525 2 4 0.021371534 
198 423 8 11 0.021350598 
1019 611 4 8 0.02134441 
783 513 3 3 0.021342652 
719 532 2 3 0.021331951 
705 526 3 3 0.021329833 
375 404 7 11 0.0213282 
391 601 3 5 0.021327805 
463 551 2 3 0.021325124 
616 513 2 3 0.021323204 
743 608 3 4 0.021311805 
314 539 3 3 0.021310465 
892 532 3 3 0.021308878 
506 607 4 5 0.021297734 
661 571 3 4 0.021279152 
367 532 2 4 0.021263443 
423 298 5 10 0.021262232 
878 473 4 5 0.021251075 
847 552 2 3 0.021247065 
717 590 3 3 0.021246366 
136 564 2 3 0.021244703 
201 589 2 4 0.02124395 
283 506 3 3 0.021237252 
271 507 3 3 0.021233097 
565 545 2 4 0.021230012 
417 559 3 3 0.021229038 
40 532 3 3 0.021228852 
558 571 3 3 0.021227388 
206 596 2 3 0.021227231 
667 520 3 3 0.021214154 
154 595 3 4 0.021213617 
26 583 3 3 0.021209806 
820 519 3 4 0.021209331 
846 303 5 11 0.021203982 
283 512 3 4 0.02119941 
72 348 7 8 0.021196146 
53 582 3 4 0.021188395 
53 505 3 4 0.02118103 
865 519 3 3 0.021178449 
552 532 3 3 0.021159891 
278 290 8 10 0.021154672 
434 301 8 12 0.0211476 
519 500 3 4 0.021141332 
679 565 3 3 0.021123558 
234 519 2 4 0.02111441 
571 576 2 4 0.021113964 
424 564 3 3 0.021103261 
90 427 3 5 0.021094399 
828 544 2 4 0.021092031 
154 162 4 8 0.021090874 
340 494 3 4 0.021078197 
475 545 2 3 0.02107713 
590 565 3 3 0.021076018 
406 602 3 4 0.021075223 
537 398 8 12 0.021069426 
443 552 2 2 0.021051256 
731 500 3 4 0.021024818 
943 589 4 4 0.021019638 
500 576 3 4 0.021014811 
399 533 2 3 0.02098879 
159 612 4 8 0.02098415 
717 433 4 6 0.020981869 
884 447 3 4 0.020968348 
807 513 3 3 0.020960763 
584 577 3 3 0.020959768 
207 570 2 3 0.020957736 
404 565 3 3 0.020953596 
564 570 3 3 0.020950537 
232 576 2 4 0.02095009 
436 545 2 3 0.020924538 
400 545 2 3 0.020916216 
884 589 3 3 0.020915141 
642 571 2 3 0.020905372 
304 285 5 11 0.02089213 
116 571 3 4 0.020889541 
455 321 6 12 0.020878747 
129 551 3 4 0.0208783 
85 582 3 4 0.020872304 
847 576 3 4 0.020853067 
775 349 6 10 0.020845484 
589 577 2 3 0.020844359 
468 346 7 12 0.020843517 
667 589 3 4 0.020833448 
648 558 3 3 0.020830637 
722 615 4 5 0.02082623 
667 525 3 3 0.020812398 
335 513 2 3 0.020799138 
133 368 8 14 0.020796409 
2 544 2 5 0.020777661 
175 570 2 3 0.020763313 
135 538 3 3 0.020761106 
122 570 3 4 0.02076009 
885 539 2 3 0.020755678 
679 583 3 4 0.02075041 
67 563 3 4 0.020741858 
335 613 4 6 0.020736653 
769 480 3 4 0.020735152 
815 545 3 3 0.020719526 
66 494 3 3 0.020713123 
309 538 3 4 0.020710114 
638 316 6 10 0.020692743 
220 539 2 3 0.020673867 
225 539 3 3 0.020668196 
135 499 3 4 0.020666488 
903 526 3 3 0.020666463 
668 512 2 4 0.020657968 
468 310 6 11 0.020655636 
226 409 5 7 0.020652706 
219 576 3 4 0.020647308 
405 577 3 4 0.020645792 
345 367 8 11 0.020643342 
220 551 2 3 0.020640993 
195 583 2 4 0.020638816 
769 607 3 4 0.02063557 
71 538 3 3 0.020623656 
987 558 3 3 0.020619482 
359 526 2 4 0.020617595 
725 533 2 3 0.020616202 
756 614 3 5 0.020594893 
788 513 3 4 0.020593384 
508 494 2 4 0.020593328 
898 364 5 7 0.02059129 
1 517 3 6 0.020576151 
744 494 3 3 0.020572245 
513 558 3 3 0.020563727 
967 602 4 6 0.020562 
551 398 8 12 0.020561287 
7 532 2 4 0.02054825 
231 274 6 7 0.020529361 
328 506 3 4 0.020526044 
124 526 3 3 0.020522323 
794 576 3 3 0.020517906 
666 317 5 9 0.020514427 
180 539 3 3 0.02049971 
479 309 7 12 0.020490069 
903 577 3 3 0.020486614 
629 511 2 4 0.020483254 
335 494 3 3 0.02048267 
968 583 3 3 0.020481203 
609 538 3 4 0.020477155 
372 551 3 4 0.020472374 
488 613 4 6 0.02046766 
91 545 3 3 0.020460151 
346 600 3 5 0.020446118 
878 493 3 4 0.020438973 
796 475 2 4 0.020436442 
774 342 6 10 0.02043239 
78 582 3 4 0.020430118 
59 594 4 5 0.020424446 
72 506 3 4 0.020423047 
922 318 5 5 0.020418173 
21 487 3 3 0.020414507 
577 537 3 4 0.020412115 
70 563 4 4 0.020411193 
213 501 2 3 0.020406457 
53 613 4 7 0.020404158 
866 590 3 3 0.020403486 
865 505 3 4 0.020402482 
362 427 9 17 0.020399565 
717 493 3 4 0.020385483 
110 525 3 4 0.02037935 
411 558 3 3 0.020373516 
278 602 3 3 0.020369874 
526 526 3 3 0.02036402 
629 557 2 3 0.02036095 
398 399 5 8 0.020348314 
322 601 3 5 0.020341396 
910 520 2 3 0.020328363 
168 595 3 4 0.020310301 
525 583 3 3 0.02029041 
834 570 2 3 0.020288369 
212 559 3 3 0.020280393 
584 506 3 4 0.020276982 
795 545 3 3 0.02027219 
249 309 7 12 0.02027199 
251 501 3 4 0.020264814 
527 590 3 3 0.02026219 
482 545 3 3 0.020254795 
774 441 4 5 0.020253872 
20 552 2 2 0.020250976 
705 519 2 3 0.020249225 
533 500 3 4 0.02024008 
647 589 3 4 0.020236224 
60 570 3 4 0.020235773 
456 576 2 4 0.020233387 
687 576 3 3 0.02022566 
92 500 2 4 0.020222928 
732 520 3 3 0.020222045 
135 588 3 4 0.02021546 
967 500 3 5 0.020214865 
128 532 3 3 0.020184603 
211 379 6 9 0.020179916 
372 373 6 11 0.020176629 
169 613 3 7 0.020172747 
668 413 10 12 0.020171694 
200 520 2 3 0.020168697 
78 519 2 4 0.020162387 
393 296 5 9 0.020158311 
405 558 3 3 0.020158082 
870 454 3 5 0.020154418 
546 584 2 3 0.020153549 
551 321 5 11 0.020150367 
699 539 3 4 0.020144189 
372 525 2 4 0.020139968 
514 514 2 3 0.020132452 
315 519 2 4 0.02012691 
929 314 3 5 0.020120475 
436 601 3 5 0.020114712 
98 589 3 4 0.020111851 
39 525 3 4 0.020109182 
769 275 4 5 0.020099819 
322 513 2 3 0.020081498 
847 590 2 3 0.020077296 
71 582 3 4 0.020074796 
814 608 4 5 0.020068878 
162 500 3 4 0.020067587 
59 551 3 3 0.020058518 
520 512 2 4 0.020057514 
661 519 2 4 0.020055352 
705 513 3 4 0.020053275 
634 512 3 4 0.02004656 
384 414 6 9 0.020045618 
692 552 3 3 0.020027474 
533 595 3 4 0.02002367 
198 308 6 11 0.020022366 
135 570 3 3 0.020018023 
341 526 2 4 0.020001128 
