0_Parade_marchingband_1_309
217
498 74 38 36 0.9852245 
389 95 23 34 0.9749917 
48 85 22 28 0.9643712 
846 98 22 28 0.94281673 
442 90 22 31 0.93597764 
955 87 22 25 0.7681061 
907 33 13 17 0.7454792 
273 98 19 23 0.7435486 
30 17 17 25 0.697002 
729 91 25 28 0.6951176 
984 81 22 38 0.64595264 
51 41 19 28 0.5095431 
169 48 20 23 0.40286058 
894 97 21 26 0.38166705 
816 111 27 28 0.31888464 
921 105 20 27 0.31759486 
797 51 24 23 0.273144 
365 118 18 21 0.24007002 
607 103 23 28 0.22780211 
213 90 20 31 0.20745069 
124 117 19 24 0.20681782 
1010 136 16 28 0.1880429 
298 98 13 19 0.1879003 
86 89 20 22 0.1877536 
47 11 19 28 0.16902415 
163 152 17 28 0.16242112 
121 50 21 24 0.16217437 
116 0 17 9 0.15213783 
137 9 16 18 0.13106513 
724 35 20 26 0.12682168 
827 94 31 39 0.12440798 
493 266 24 24 0.120782696 
712 88 35 42 0.11558628 
2 79 18 29 0.1057488 
788 54 39 48 0.10205184 
483 39 51 65 0.100229114 
674 96 14 16 0.09891556 
119 128 18 25 0.09756494 
902 94 33 42 0.08241996 
111 134 18 25 0.07877369 
1019 139 19 33 0.074932784 
759 102 22 32 0.073263764 
855 30 32 43 0.07273155 
106 153 12 19 0.071891196 
540 109 14 15 0.068232775 
393 78 39 49 0.06705426 
713 111 21 27 0.066467576 
315 10 12 14 0.062699646 
144 137 12 20 0.062476546 
589 132 24 27 0.060625635 
586 111 40 40 0.058972355 
689 68 18 30 0.058953255 
69 55 21 25 0.055558257 
354 168 19 32 0.05528547 
908 73 22 23 0.054954473 
205 102 20 30 0.049133442 
996 90 11 20 0.04912767 
229 120 11 16 0.048396494 
595 22 17 16 0.047873616 
92 11 36 41 0.04755093 
21 118 18 32 0.04724092 
693 157 17 30 0.047138568 
80 82 32 48 0.045601133 
325 121 8 12 0.045274448 
696 45 37 49 0.04514694 
170 49 34 47 0.044625383 
15 104 19 30 0.044373374 
307 172 30 46 0.043689404 
655 127 21 35 0.04312649 
594 99 25 25 0.042844247 
591 96 14 16 0.0427932 
195 109 13 18 0.042324577 
660 71 34 44 0.04144949 
1044 147 20 33 0.040057994 
802 156 13 18 0.03962363 
7 133 8 15 0.03952201 
839 85 23 27 0.039520457 
0 87 9 17 0.039335325 
128 15 36 41 0.039324757 
985 18 11 18 0.038977873 
1001 214 18 32 0.03888393 
1079 182 13 27 0.038119312 
764 101 11 18 0.037026674 
190 100 14 16 0.036547102 
156 124 14 18 0.035434827 
108 106 34 44 0.035211053 
852 49 13 19 0.034881104 
799 85 38 45 0.034376215 
765 41 19 26 0.03422466 
341 0 15 11 0.03406441 
1009 46 11 17 0.03394967 
404 57 42 57 0.03388875 
418 116 13 17 0.033640686 
50 61 20 30 0.033473007 
465 54 40 55 0.033330802 
340 64 20 27 0.033081796 
291 1 15 14 0.032474786 
816 107 15 18 0.03246537 
896 79 24 28 0.032095846 
180 48 13 17 0.032026988 
1052 77 13 23 0.031677704 
20 0 15 13 0.031399958 
386 133 10 14 0.031288277 
599 137 24 28 0.03101229 
669 82 13 16 0.030512294 
770 107 19 26 0.030336255 
1014 44 15 25 0.030244948 
766 74 39 48 0.030028151 
263 0 14 11 0.029995978 
1023 152 28 47 0.029787175 
425 113 11 16 0.029731467 
421 87 38 54 0.029606454 
622 68 11 14 0.02955039 
713 42 20 26 0.02903465 
143 107 12 14 0.028939866 
60 23 34 45 0.028784227 
182 114 12 17 0.028067477 
251 21 17 23 0.028052429 
640 134 20 33 0.028043289 
80 10 13 17 0.028007045 
71 63 30 44 0.02770407 
960 74 20 24 0.027405461 
1055 67 11 21 0.027371803 
136 80 60 71 0.027327249 
379 119 10 16 0.027243422 
797 123 35 48 0.027203368 
232 98 18 24 0.026989948 
61 74 20 28 0.026936527 
638 130 10 13 0.026930217 
7 19 18 30 0.026925754 
284 188 24 36 0.02671165 
1032 47 12 20 0.02652355 
773 119 10 15 0.026498351 
946 112 32 44 0.026478449 
793 137 20 25 0.026262598 
972 82 22 29 0.026079657 
135 124 18 29 0.025851935 
439 96 14 20 0.025801413 
180 67 38 50 0.025751939 
951 81 13 15 0.025742808 
4 123 9 18 0.025660895 
915 103 35 50 0.025592871 
746 96 23 30 0.025460124 
141 149 18 31 0.024749361 
1071 199 15 30 0.024629269 
553 89 11 11 0.024502037 
163 96 11 17 0.024333632 
149 129 21 28 0.024273241 
736 109 20 31 0.024189774 
197 96 21 26 0.024050137 
330 125 8 13 0.02395404 
727 50 35 44 0.023925226 
295 86 21 27 0.02388638 
1052 97 15 26 0.023852209 
860 102 19 26 0.023845147 
717 111 40 56 0.023817658 
635 112 19 28 0.023649063 
25 62 17 24 0.023594702 
143 82 19 24 0.023507789 
343 144 10 18 0.023485692 
870 111 17 25 0.023395678 
501 124 24 31 0.023378657 
1031 67 14 24 0.023249356 
1077 124 16 30 0.023103809 
606 141 12 15 0.023007575 
39 205 39 64 0.02290787 
98 136 28 46 0.022868924 
18 102 11 17 0.022634936 
111 127 12 20 0.022491153 
29 129 18 28 0.022460394 
239 41 19 28 0.022393864 
0 121 7 18 0.022370895 
782 108 19 24 0.022305883 
72 36 38 47 0.022278978 
835 74 20 25 0.022276338 
1080 151 15 28 0.022106364 
44 90 13 20 0.02210075 
1054 54 11 20 0.022095673 
101 127 19 28 0.022091994 
269 101 12 15 0.022087805 
1048 203 18 35 0.022006193 
987 74 14 22 0.021940783 
735 77 25 26 0.02194017 
1041 167 22 39 0.021934807 
361 107 12 16 0.02184029 
661 95 36 48 0.021820001 
218 113 19 26 0.021718893 
773 39 38 45 0.021707075 
851 113 22 33 0.021576688 
632 126 21 30 0.021534797 
657 131 11 17 0.021468718 
308 53 13 14 0.021436611 
5 124 16 32 0.021421632 
764 108 37 46 0.02141223 
841 288 11 14 0.021410832 
744 66 35 43 0.02136178 
920 144 10 18 0.021353045 
1038 61 15 24 0.021314498 
0 94 16 33 0.021225447 
83 0 25 21 0.021222953 
291 139 11 19 0.021068737 
133 106 20 21 0.020853085 
9 83 20 33 0.020807948 
66 107 34 50 0.020608239 
357 104 35 48 0.020572376 
136 74 19 25 0.020548306 
95 65 20 24 0.020524336 
165 33 24 28 0.020518625 
956 104 20 27 0.020502195 
266 94 13 15 0.02043954 
696 129 19 27 0.0204292 
895 40 34 42 0.020366972 
220 77 11 15 0.020332428 
576 128 25 28 0.02024994 
686 137 22 36 0.020209009 
1026 264 17 31 0.020130774 
643 70 9 11 0.020014254 
