0_Parade_Parade_0_286
240
532 543 19 29 0.99723035 
956 554 69 82 0.9880642 
587 560 19 29 0.9474619 
584 523 11 20 0.85027647 
616 598 98 134 0.8238096 
613 515 7 13 0.5867157 
944 503 13 14 0.5772523 
902 522 20 24 0.55300665 
279 554 28 61 0.52300185 
349 505 16 26 0.4456522 
3 585 17 28 0.41480055 
455 487 9 15 0.2413192 
500 335 6 10 0.21262872 
904 517 14 15 0.20178723 
510 535 18 29 0.19737458 
960 499 15 14 0.19474946 
515 332 5 5 0.19300754 
577 343 6 10 0.18713987 
588 331 6 8 0.1558803 
228 550 29 38 0.14806436 
626 507 7 12 0.1388192 
4 510 38 53 0.13073769 
488 490 6 10 0.11755294 
507 420 8 15 0.112060316 
585 334 6 8 0.10745925 
895 520 33 49 0.106336124 
575 351 8 15 0.10572906 
837 570 48 82 0.101278044 
447 524 15 28 0.097825356 
476 558 9 18 0.09756004 
455 466 6 12 0.09590664 
85 525 14 14 0.09421196 
460 531 10 19 0.0937293 
595 515 6 10 0.09356339 
564 517 10 17 0.090595335 
593 347 9 16 0.08532686 
501 332 4 7 0.08132435 
855 169 8 7 0.076922536 
518 335 5 9 0.07410986 
473 501 6 11 0.07190331 
545 527 12 18 0.07066389 
602 525 7 12 0.07041675 
963 502 21 21 0.067022465 
515 531 28 44 0.0663309 
652 512 11 14 0.06579507 
940 471 7 9 0.0621244 
948 500 19 19 0.060849056 
465 481 6 13 0.060005177 
554 540 11 18 0.056589693 
580 347 6 12 0.0563082 
601 513 6 9 0.055811092 
589 340 6 11 0.05519369 
529 562 25 47 0.05508905 
505 340 6 10 0.054980364 
445 478 8 13 0.05273855 
310 468 34 55 0.05252711 
547 574 25 44 0.05206705 
623 503 6 9 0.050224256 
453 567 21 37 0.049315844 
940 463 6 6 0.048561785 
594 343 6 10 0.04730738 
914 444 8 8 0.044154666 
587 350 10 18 0.043810777 
974 510 14 14 0.04170603 
142 -4 174 181 0.041241884 
580 340 7 11 0.04121215 
942 551 43 55 0.04093606 
15 555 19 32 0.04091757 
797 259 53 52 0.040637836 
937 463 5 5 0.040303074 
630 495 5 9 0.040182356 
604 550 17 28 0.04011243 
447 492 8 15 0.039788015 
471 505 9 19 0.039537113 
520 339 6 11 0.038818885 
79 550 24 36 0.038505267 
947 470 7 8 0.03770935 
945 515 21 24 0.037530307 
669 525 45 51 0.037369434 
727 376 10 17 0.036946375 
548 533 13 22 0.0368837 
884 576 40 67 0.036779027 
928 450 7 7 0.03643763 
450 464 6 10 0.03635412 
543 161 9 11 0.035171147 
492 342 6 10 0.0351069 
504 336 5 9 0.03486168 
953 483 10 10 0.03482481 
949 463 7 7 0.034801915 
333 499 7 12 0.034691744 
368 430 6 11 0.034211684 
521 507 9 13 0.03376859 
623 488 4 8 0.03352633 
610 497 5 7 0.03346028 
623 527 11 20 0.033250477 
606 531 7 12 0.03318938 
512 339 7 12 0.032564994 
610 517 6 12 0.032374088 
206 591 44 70 0.031994507 
990 457 6 10 0.031895284 
450 510 28 46 0.031413186 
921 462 7 7 0.031412885 
796 175 7 7 0.030708825 
955 510 22 24 0.030707087 
711 430 34 50 0.03059472 
466 516 9 17 0.030520191 
1036 562 33 54 0.030493708 
464 525 9 18 0.030386396 
550 519 8 15 0.029865135 
493 362 4 7 0.0297771 
598 557 11 18 0.029629441 
92 548 25 35 0.02962899 
612 540 39 52 0.02959593 
300 493 32 50 0.02948204 
344 507 9 15 0.029466819 
460 461 7 16 0.029304635 
246 521 22 33 0.02930118 
519 344 6 12 0.029294828 
516 506 16 25 0.028956493 
473 537 7 14 0.028843397 
936 666 21 32 0.028739363 
632 495 5 9 0.028707163 
472 564 10 20 0.02864 
935 496 9 9 0.028238337 
754 398 6 11 0.028103141 
506 347 5 8 0.028087178 
631 507 7 12 0.028041447 
582 357 7 13 0.027865903 
890 422 25 22 0.027803678 
973 446 5 7 0.027797041 
291 539 29 59 0.027627701 
535 361 5 9 0.02762235 
507 356 3 7 0.027385244 
418 502 4 7 0.027290987 
912 664 26 31 0.027237032 
1018 468 15 26 0.027155159 
-1 561 33 60 0.0269627 
460 481 8 15 0.02661042 
407 522 18 33 0.02645359 
964 184 10 7 0.026242334 
696 169 7 9 0.026163124 
513 362 4 7 0.026159175 
635 397 7 12 0.026082436 
577 348 14 28 0.026076162 
614 496 4 7 0.026069641 
362 511 8 15 0.025968833 
444 481 14 23 0.025939686 
573 354 6 11 0.025839377 
521 362 4 7 0.025713785 
472 633 20 32 0.025378669 
1040 496 21 33 0.025245775 
452 521 9 15 0.025238918 
375 454 9 18 0.025142059 
683 487 32 43 0.025068056 
53 495 14 15 0.025001721 
241 537 27 44 0.024936985 
460 473 7 13 0.024933066 
579 560 13 21 0.02481738 
671 445 34 47 0.024796063 
266 560 27 52 0.024788659 
551 520 15 24 0.024722641 
952 476 9 9 0.02453678 
578 338 5 6 0.024450075 
441 472 29 47 0.024185177 
536 521 17 26 0.024153592 
614 501 6 8 0.024089275 
445 541 19 35 0.024082707 
915 620 38 51 0.024021026 
559 586 21 36 0.023999043 
690 473 8 13 0.023819232 
567 597 11 21 0.02355003 
488 491 11 16 0.023528956 
507 361 4 7 0.023415148 
915 451 7 6 0.023203576 
550 560 8 16 0.023009835 
624 256 7 13 0.023001822 
621 512 7 12 0.022974668 
82 530 21 22 0.02296348 
919 446 8 7 0.022945514 
272 544 27 44 0.022920927 
228 579 36 63 0.022918474 
916 463 6 7 0.022877831 
952 470 7 8 0.022804147 
1016 465 34 48 0.022737341 
471 458 17 28 0.022669468 
912 439 11 9 0.022519158 
589 526 12 19 0.022504173 
1018 477 8 14 0.022497186 
460 506 7 12 0.022475434 
495 336 5 8 0.022406565 
986 456 7 11 0.022406507 
932 464 19 21 0.022361832 
1017 300 10 14 0.022343371 
4 566 20 30 0.022282736 
753 327 7 12 0.02222449 
610 500 5 8 0.022176266 
556 503 17 28 0.022079874 
574 361 9 17 0.022066921 
343 487 29 47 0.021952901 
1060 558 23 37 0.021781862 
434 506 5 9 0.021770075 
997 521 9 13 0.021696497 
450 613 35 56 0.021661973 
506 331 5 6 0.02164861 
92 522 12 14 0.021513937 
497 486 10 15 0.021415936 
538 513 9 14 0.021381222 
936 471 7 8 0.021378238 
442 520 6 12 0.021374833 
1005 594 52 83 0.021355301 
511 332 15 25 0.021288177 
853 523 58 87 0.021286806 
614 510 6 11 0.021247052 
695 479 9 15 0.021238122 
421 536 9 17 0.021211863 
597 511 5 7 0.02120088 
324 490 33 54 0.021119444 
590 343 16 28 0.02109211 
575 562 35 52 0.020983102 
425 502 4 7 0.020936435 
246 523 12 18 0.020883998 
933 500 10 10 0.020853233 
628 555 18 32 0.020707117 
466 560 9 19 0.020691352 
691 457 6 8 0.02067687 
955 527 15 17 0.020645343 
256 529 31 54 0.020593323 
23 533 23 38 0.020533374 
418 537 17 32 0.02050003 
854 166 7 6 0.020497572 
1 498 26 35 0.020393591 
522 511 19 29 0.02034155 
523 468 8 13 0.020319462 
566 298 3 6 0.020287618 
724 378 7 14 0.020198178 
946 476 7 7 0.020193085 
372 381 8 10 0.020170746 
978 452 9 13 0.020103902 
850 616 35 69 0.020087006 
485 467 7 12 0.020013291 
