0_Parade_Parade_0_468
23
467 634 265 336 0.9999254 
16 586 74 135 0.9125075 
104 612 33 55 0.17266403 
812 1231 60 63 0.15578502 
879 1187 51 77 0.06614974 
618 374 404 792 0.06133852 
510 403 181 104 0.05639417 
386 592 60 121 0.04973109 
820 1215 34 52 0.04452153 
188 549 36 53 0.040824126 
157 588 30 45 0.037427116 
572 415 48 33 0.033978354 
625 424 46 35 0.032256573 
841 1216 59 70 0.03215539 
699 145 60 90 0.02960312 
743 1181 59 66 0.027008817 
613 414 41 30 0.025558444 
845 1073 98 177 0.024936143 
103 639 42 83 0.023295015 
675 400 42 42 0.022501076 
584 398 87 54 0.022170464 
616 398 39 26 0.020498404 
441 52 123 119 0.020027641 
