0_Parade_Parade_0_247
750
311 417 11 16 0.8756002 
125 492 12 20 0.61503583 
67 429 10 11 0.470066 
98 441 11 13 0.3878542 
522 454 7 9 0.32621706 
451 172 17 22 0.32466143 
733 157 14 13 0.30632377 
671 474 6 10 0.28960437 
575 466 6 8 0.2720045 
454 437 5 6 0.25531662 
988 448 18 18 0.2329328 
139 163 54 55 0.22367203 
440 94 11 14 0.2037692 
134 435 7 10 0.18894854 
389 422 7 11 0.17477252 
41 448 11 13 0.17296223 
622 487 6 11 0.17085905 
616 454 5 7 0.17030254 
539 454 6 8 0.1662848 
444 220 17 30 0.1634044 
353 461 4 7 0.16082284 
557 482 4 6 0.15006033 
696 179 21 21 0.14421727 
879 489 12 12 0.13361567 
358 456 4 7 0.13260762 
499 451 4 5 0.13148394 
456 442 6 6 0.1307065 
132 440 9 9 0.12812836 
346 462 4 6 0.1272289 
131 446 12 15 0.1251489 
261 434 7 9 0.12369823 
620 468 5 8 0.122933954 
596 466 6 8 0.12090248 
512 469 6 6 0.11926068 
293 436 10 12 0.117599316 
418 454 3 6 0.11571983 
387 244 30 47 0.11347797 
49 453 9 12 0.11158447 
484 7 7 11 0.11033281 
402 389 9 14 0.109776445 
478 462 5 7 0.108649656 
741 500 4 7 0.1075813 
394 9 28 28 0.10751315 
495 451 4 5 0.10705949 
565 473 5 7 0.1069093 
500 468 4 4 0.10572937 
540 449 6 8 0.10564598 
690 29 23 33 0.10553491 
459 443 6 6 0.10515705 
331 446 8 13 0.10473762 
553 468 4 7 0.10276571 
605 479 7 10 0.10152671 
617 450 5 7 0.09717974 
346 468 5 7 0.09679853 
447 450 4 5 0.096453555 
668 474 5 8 0.09331561 
359 448 3 6 0.092802346 
31 439 10 13 0.09047465 
555 469 5 6 0.088784 
904 442 6 6 0.088695474 
364 479 4 7 0.08779353 
539 460 6 7 0.087745816 
346 448 4 7 0.08733487 
344 455 5 8 0.08732137 
570 463 5 6 0.087028526 
577 488 5 7 0.08674064 
564 468 5 7 0.08669698 
403 456 4 5 0.08538088 
490 173 15 18 0.08532303 
354 457 4 6 0.08526079 
415 450 4 6 0.085251264 
499 465 4 5 0.08346554 
523 459 5 7 0.0827457 
49 485 21 22 0.081104904 
332 461 4 8 0.08106375 
486 450 4 5 0.08071409 
494 455 4 5 0.080527514 
570 466 5 7 0.080076344 
473 443 5 5 0.07979567 
557 487 4 6 0.07967352 
542 467 5 7 0.0794659 
737 500 5 7 0.078703664 
672 455 5 7 0.078539655 
467 450 4 6 0.07815239 
357 460 4 7 0.0780037 
500 455 4 5 0.077968076 
359 478 6 8 0.077817194 
176 439 11 14 0.077644445 
319 292 20 24 0.075411804 
730 506 6 6 0.07400536 
585 474 5 7 0.07372166 
666 487 4 8 0.07366627 
551 482 4 6 0.07277894 
504 170 19 24 0.072506085 
347 442 4 7 0.07247581 
341 454 4 8 0.07158067 
525 469 4 6 0.071296625 
578 492 5 7 0.071132034 
731 502 5 6 0.07079493 
750 511 7 9 0.07069374 
481 443 4 5 0.07063246 
668 478 5 11 0.07041694 
666 459 4 7 0.07036345 
566 464 3 4 0.07020913 
531 469 5 5 0.069733314 
528 201 14 14 0.06929092 
550 456 5 6 0.06889742 
517 469 5 6 0.06885413 
645 195 18 24 0.06829222 
865 491 11 11 0.0677201 
665 491 4 7 0.06734866 
366 444 4 6 0.06717381 
666 455 5 8 0.06688326 
262 452 10 15 0.06550614 
462 449 5 6 0.06531422 
556 474 4 6 0.06526079 
569 475 5 7 0.06504942 
634 473 5 8 0.065023676 
342 461 3 6 0.06442073 
468 443 4 5 0.06440558 
597 463 4 6 0.06413461 
615 473 5 8 0.06384467 
710 462 6 9 0.06329288 
717 498 6 9 0.063228786 
533 474 5 6 0.06303765 
553 473 4 6 0.06301401 
673 460 4 7 0.062975444 
99 500 18 25 0.062689245 
584 467 5 7 0.062589906 
551 461 4 6 0.062333707 
608 475 5 7 0.06233285 
757 493 5 7 0.062040426 
171 456 10 19 0.061852973 
341 469 4 6 0.061667282 
755 521 10 12 0.06162962 
650 329 19 31 0.06110704 
853 519 15 9 0.061043832 
340 473 5 8 0.060928475 
358 444 4 6 0.060789093 
587 277 8 7 0.060630925 
506 464 4 4 0.060427573 
646 449 5 6 0.06027446 
83 468 9 17 0.059966363 
354 442 4 7 0.059745334 
367 448 3 5 0.059505135 
655 487 4 7 0.059483275 
660 480 5 8 0.05929589 
614 460 5 6 0.058894034 
513 473 5 6 0.058772456 
428 397 4 7 0.058663383 
587 468 5 7 0.058399104 
711 12 24 31 0.05836001 
893 454 9 9 0.058252763 
512 463 4 5 0.05806972 
521 450 5 6 0.05799921 
904 437 5 6 0.0578967 
76 450 8 13 0.05725763 
369 192 20 32 0.05710217 
544 436 4 6 0.057066493 
604 485 5 8 0.05697781 
403 363 7 11 0.056479994 
601 462 5 7 0.056105815 
590 223 21 24 0.05608944 
449 444 4 4 0.056025974 
138 441 7 9 0.055803776 
642 485 5 8 0.055765312 
524 146 21 27 0.0554616 
88 508 18 30 0.055348407 
635 467 4 8 0.055297147 
764 424 18 30 0.055140864 
448 456 5 5 0.05487273 
467 438 4 6 0.05482678 
654 191 17 22 0.05478985 
301 473 5 8 0.05416504 
299 210 26 23 0.05395297 
25 443 10 13 0.05391719 
699 524 6 9 0.053873543 
16 493 11 11 0.053733718 
532 462 4 6 0.05367869 
793 498 36 58 0.053500406 
545 482 4 5 0.053447787 
256 451 7 11 0.052935567 
713 473 5 8 0.052737243 
576 481 4 6 0.052263346 
417 172 8 9 0.052205745 
607 335 16 26 0.052184545 
479 481 7 8 0.05214118 
672 470 5 7 0.05212425 
707 448 6 9 0.052122723 
373 403 6 9 0.05159914 
725 215 12 19 0.05130382 
697 518 5 7 0.05114341 
345 471 5 8 0.050968017 
506 469 4 5 0.050817713 
483 448 4 6 0.050660577 
-1 14 14 38 0.050645616 
641 481 5 8 0.050593156 
819 434 20 21 0.05056945 
583 488 4 6 0.050503694 
718 493 6 9 0.049952026 
474 438 4 6 0.049841642 
505 476 4 5 0.04969295 
454 432 4 5 0.049607497 
354 449 3 5 0.049494315 
467 454 5 5 0.049451977 
575 475 4 6 0.049400106 
494 43 16 29 0.049214926 
860 443 9 8 0.049083248 
722 518 6 7 0.048980042 
436 442 5 6 0.048524644 
584 480 4 6 0.0483766 
919 441 9 11 0.048374753 
385 427 6 9 0.04830844 
24 474 11 16 0.04766492 
662 492 3 6 0.0476436 
661 474 4 7 0.04721658 
440 437 5 6 0.04712888 
488 455 4 5 0.046937972 
634 451 4 6 0.046649575 
608 468 5 6 0.046490874 
673 498 5 11 0.04634536 
472 450 5 6 0.04632277 
183 440 7 12 0.04627608 
475 456 5 6 0.045963943 
646 479 6 9 0.045533855 
296 473 5 8 0.045391303 
461 439 4 5 0.04534451 
289 435 7 10 0.045293946 
570 479 4 7 0.04526232 
276 441 5 8 0.045076255 
416 462 5 6 0.04499358 
412 454 3 5 0.044933125 
553 487 3 6 0.044596117 
162 441 29 44 0.044087004 
379 482 3 5 0.04392788 
454 458 4 4 0.043862443 
647 493 4 8 0.04384536 
537 475 5 5 0.04378255 
521 460 5 7 0.043727357 
264 445 16 24 0.043545097 
461 487 5 6 0.04332285 
351 467 5 8 0.04302587 
494 464 4 5 0.042997643 
636 367 12 20 0.04297753 
713 369 17 25 0.04276303 
698 515 4 5 0.042705666 
660 443 5 6 0.04258884 
441 443 4 5 0.04253932 
399 456 3 5 0.042344753 
539 443 4 6 0.0422404 
9 438 10 15 0.041928433 
596 456 4 4 0.04166589 
836 434 6 8 0.04156606 
716 505 5 8 0.041364066 
588 159 11 18 0.04118886 
57 427 7 10 0.041064296 
398 462 3 6 0.04105864 
436 396 5 7 0.04098002 
565 481 4 6 0.04097322 
506 450 5 6 0.04082618 
257 428 7 12 0.040676963 
614 478 6 8 0.040497825 
486 444 3 5 0.040294252 
584 463 4 5 0.039968982 
729 512 6 5 0.039925426 
752 507 7 7 0.0398187 
934 438 9 10 0.03981409 
494 468 5 6 0.039682627 
732 495 4 5 0.039568834 
91 144 53 47 0.039533347 
723 515 5 5 0.039416008 
519 443 5 5 0.039396964 
645 454 5 8 0.039286315 
462 455 5 5 0.03926071 
451 437 4 5 0.039218195 
230 393 32 51 0.039153606 
558 361 8 13 0.03902677 
397 378 6 9 0.03893515 
177 460 9 17 0.03892682 
678 461 4 6 0.038709857 
386 422 6 11 0.038683284 
737 8 21 27 0.03864452 
84 460 18 26 0.038529187 
909 182 37 48 0.038420487 
621 462 4 6 0.038375802 
597 472 5 8 0.03813297 
539 438 4 5 0.03791726 
469 463 4 5 0.037797313 
596 449 5 7 0.037515827 
517 474 5 5 0.037465423 
505 456 4 4 0.03729262 
897 492 10 11 0.037245747 
348 437 4 7 0.037192322 
628 473 5 8 0.037179776 
730 186 15 24 0.037082203 
615 469 6 6 0.037063822 
214 246 24 30 0.036985602 
332 466 5 8 0.036836233 
830 435 8 9 0.036817122 
375 315 11 16 0.03680738 
608 461 5 7 0.036519833 
108 506 12 16 0.03648654 
89 510 9 16 0.036443647 
18 454 8 11 0.036364563 
513 456 4 5 0.03611788 
602 474 5 7 0.036073744 
634 222 23 32 0.036048673 
731 436 6 8 0.03589321 
125 451 13 13 0.03573199 
364 402 5 9 0.035726808 
903 445 7 9 0.035656493 
270 442 5 8 0.035595823 
615 487 4 8 0.03559318 
708 453 6 8 0.035528023 
416 445 3 5 0.0355023 
437 439 4 5 0.035489723 
945 465 11 12 0.03539744 
339 487 6 7 0.035385344 
647 461 5 7 0.03530409 
761 38 9 13 0.035242513 
552 449 4 6 0.035225473 
376 402 7 11 0.035088133 
596 444 4 5 0.03506717 
430 462 3 5 0.03497136 
352 436 4 6 0.03454207 
602 456 4 5 0.034471802 
378 384 4 8 0.034470115 
324 421 8 11 0.03442583 
830 348 30 33 0.034273803 
666 449 5 7 0.034182567 
717 488 4 5 0.03417931 
329 452 5 8 0.034149934 
254 447 7 11 0.034118783 
423 456 3 5 0.033873215 
786 384 11 15 0.0338569 
544 432 3 5 0.033704273 
802 403 12 16 0.033644486 
543 474 5 6 0.03356703 
713 506 4 7 0.033514775 
659 467 5 8 0.03346873 
475 466 5 6 0.033448834 
293 427 8 9 0.033438627 
572 456 4 6 0.03337845 
668 469 3 6 0.033211384 
772 133 6 8 0.03319152 
504 480 6 6 0.03315848 
721 222 11 16 0.03310705 
168 439 17 23 0.033006895 
575 456 5 5 0.03293586 
309 514 4 5 0.03289023 
925 441 8 10 0.032868333 
410 435 3 6 0.032819256 
660 151 16 23 0.03278534 
511 450 5 6 0.032752767 
301 344 25 29 0.03274836 
177 452 10 15 0.0327287 
281 440 6 9 0.032727282 
723 443 4 7 0.03267373 
406 429 4 8 0.032613866 
443 449 5 6 0.03260525 
492 476 5 5 0.032494057 
466 483 5 5 0.032449 
582 493 4 7 0.032430854 
256 440 7 10 0.03241941 
949 463 22 21 0.032278 
383 407 7 10 0.032273926 
648 505 6 9 0.032270182 
494 428 5 7 0.032236427 
289 429 6 8 0.032194328 
398 450 3 5 0.03199852 
533 437 4 5 0.031998195 
642 454 5 7 0.031865247 
693 519 4 6 0.031790376 
662 193 21 23 0.031743076 
544 487 4 5 0.031666633 
647 475 6 8 0.031625222 
899 470 10 11 0.031615645 
479 456 4 6 0.03155944 
279 44 24 25 0.031523403 
171 497 8 15 0.03143738 
538 482 4 5 0.031296935 
704 451 7 9 0.03128063 
672 420 70 87 0.0312349 
921 451 9 13 0.031021262 
494 444 3 5 0.03101926 
383 436 5 7 0.030965175 
479 477 5 4 0.030955741 
673 494 4 8 0.030925486 
442 431 5 6 0.030806003 
326 426 8 12 0.030796906 
660 488 4 7 0.030783996 
549 376 4 8 0.030699851 
730 440 6 8 0.03068709 
734 121 9 11 0.030684806 
639 474 4 7 0.030674158 
492 259 5 5 0.03063839 
491 480 7 7 0.030435586 
450 430 4 6 0.030353462 
552 495 4 4 0.030339746 
397 469 3 5 0.030105293 
985 553 9 16 0.030076526 
10 433 17 24 0.03004726 
543 443 4 5 0.030045975 
562 488 4 5 0.02997392 
391 434 5 8 0.02996179 
412 463 3 5 0.029881267 
243 461 6 9 0.029852064 
893 221 56 104 0.029645553 
273 447 6 11 0.029608555 
56 441 7 8 0.029596893 
383 396 6 10 0.029541232 
498 429 4 7 0.029525567 
362 384 66 97 0.029440034 
481 438 4 5 0.02941191 
652 335 9 14 0.029406592 
611 163 19 19 0.02928506 
609 457 4 5 0.02918828 
328 156 12 13 0.029003905 
413 444 3 5 0.028906202 
241 465 7 11 0.028864816 
383 345 6 8 0.028788347 
278 492 6 9 0.028785853 
789 121 28 29 0.028770179 
812 504 20 33 0.028749445 
36 437 9 10 0.028735697 
983 459 20 23 0.028733373 
367 316 13 16 0.028713513 
725 482 3 5 0.028618053 
302 469 4 7 0.02857332 
603 500 5 6 0.02838766 
647 466 5 8 0.028295346 
589 480 4 6 0.028277718 
608 492 5 8 0.028276552 
634 479 4 8 0.028221235 
457 448 4 5 0.02821671 
475 476 4 5 0.028153222 
916 441 17 20 0.02815079 
660 459 5 9 0.028102815 
6 161 49 42 0.028037593 
456 78 5 8 0.027927948 
596 480 4 7 0.027903995 
557 492 4 6 0.027883274 
557 463 3 5 0.027843649 
704 461 7 9 0.027839493 
627 468 4 7 0.02783579 
638 494 31 39 0.02780722 
430 469 3 5 0.027796576 
246 459 7 9 0.027683288 
855 530 10 8 0.027657414 
474 481 6 6 0.027629815 
610 449 4 5 0.027628945 
404 400 5 10 0.027604692 
898 89 40 50 0.027580885 
749 501 5 6 0.027576623 
653 492 4 8 0.027497327 
945 481 12 17 0.027480718 
828 18 26 35 0.027446242 
783 248 19 26 0.027335389 
352 473 5 7 0.027313368 
392 457 3 5 0.02727482 
378 389 6 9 0.027269848 
73 429 7 9 0.027211776 
357 175 21 26 0.027138667 
670 483 5 9 0.02712919 
589 163 19 22 0.026967207 
94 505 10 20 0.02693199 
402 462 4 5 0.026908943 
939 439 9 11 0.026819441 
916 437 6 6 0.026759656 
719 513 4 6 0.026746755 
644 428 8 12 0.026738986 
603 494 4 7 0.02671602 
377 396 6 9 0.02665467 
619 485 12 22 0.026651887 
488 476 5 4 0.026645882 
370 448 4 6 0.02659144 
590 444 4 5 0.026555836 
710 379 9 13 0.026514335 
532 386 7 13 0.026505869 
576 348 9 19 0.026463784 
934 82 39 61 0.02645483 
743 520 5 6 0.026454689 
743 506 4 6 0.026404034 
479 467 5 5 0.02637867 
328 460 6 8 0.026278125 
525 475 4 5 0.026275571 
736 442 5 7 0.026263652 
392 378 5 9 0.026242308 
500 436 4 5 0.02621129 
61 527 8 15 0.02615733 
618 341 10 19 0.02615711 
539 201 10 13 0.026123473 
585 334 11 15 0.026120378 
532 443 4 6 0.026117347 
622 427 5 8 0.026101194 
347 183 17 26 0.026043603 
357 28 33 39 0.026040317 
400 293 8 12 0.025980376 
443 88 10 14 0.025894659 
326 440 16 26 0.025876764 
711 481 4 6 0.025819713 
338 448 5 8 0.025809078 
628 455 5 6 0.025738083 
601 167 22 22 0.025694758 
907 447 5 8 0.025678799 
589 463 4 5 0.025627304 
736 496 4 4 0.025564512 
653 467 5 8 0.02554944 
676 478 6 10 0.025533129 
674 146 19 25 0.025532259 
393 462 3 5 0.025512064 
37 455 12 14 0.02547451 
537 390 6 10 0.025388796 
56 424 6 7 0.0253719 
249 453 6 9 0.02533602 
539 488 4 5 0.025310505 
679 318 8 12 0.025297256 
533 481 4 5 0.025297029 
512 168 23 25 0.02518224 
627 480 4 8 0.025179144 
449 460 5 5 0.025146827 
165 461 9 16 0.025116786 
480 430 31 42 0.025107982 
532 450 4 6 0.025005437 
190 440 7 12 0.024967449 
388 36 25 33 0.024945254 
239 473 5 8 0.02493202 
896 432 5 4 0.024889085 
430 474 4 6 0.024872286 
242 414 11 20 0.024856979 
303 514 4 6 0.024838526 
288 248 10 12 0.024769302 
370 367 5 10 0.024628952 
647 498 4 8 0.024549978 
532 488 3 5 0.024495535 
132 482 9 17 0.024477787 
339 442 5 8 0.024462182 
751 215 26 31 0.02445911 
488 469 4 5 0.024441877 
379 476 4 5 0.024411255 
780 516 7 9 0.024372667 
166 449 9 14 0.024366356 
717 481 4 6 0.024357194 
409 402 6 10 0.024330415 
635 126 13 11 0.024328087 
291 493 4 6 0.024308963 
403 469 3 5 0.024307184 
604 183 14 14 0.02430475 
861 433 9 9 0.024256743 
325 433 8 12 0.024206348 
736 505 4 6 0.024193387 
373 382 5 10 0.024183562 
448 470 6 5 0.024138462 
358 436 4 6 0.02404131 
389 414 32 44 0.023986712 
615 492 5 9 0.023969172 
661 447 5 7 0.023953738 
674 383 18 32 0.023919223 
266 198 11 9 0.02390752 
615 444 4 6 0.02388551 
449 424 4 5 0.023794534 
385 476 3 4 0.023793884 
463 483 4 5 0.023788864 
373 428 5 8 0.02375981 
646 443 5 6 0.023743192 
499 444 4 5 0.02373884 
312 513 4 6 0.023674725 
17 440 7 12 0.023617793 
500 480 6 7 0.0235975 
498 141 11 17 0.023529198 
52 440 7 9 0.023525394 
737 481 4 6 0.023499444 
895 459 10 10 0.023497054 
769 494 5 7 0.023447368 
324 415 8 11 0.023427121 
635 463 4 6 0.023384498 
17 486 9 11 0.023384277 
394 469 3 5 0.0233777 
795 253 19 23 0.023362843 
666 330 7 11 0.023361169 
51 488 9 11 0.023358917 
652 462 5 7 0.023347741 
552 436 3 5 0.023345903 
760 493 6 7 0.02329999 
855 537 11 7 0.023282273 
398 395 6 10 0.023237735 
721 495 5 6 0.023230758 
924 446 9 11 0.023169896 
366 462 3 6 0.023140121 
533 430 3 6 0.02312403 
722 500 5 7 0.023116333 
591 456 3 5 0.023090893 
584 457 4 5 0.023087911 
95 459 8 14 0.023086468 
501 476 4 4 0.023069052 
677 506 5 8 0.02306 
730 155 9 12 0.023014184 
532 455 4 7 0.023013065 
802 435 24 23 0.022996373 
118 509 10 14 0.022983056 
614 232 11 15 0.022979682 
365 168 28 28 0.022979386 
736 487 5 7 0.022967622 
299 425 8 10 0.022930989 
95 447 10 16 0.02288904 
855 513 12 9 0.022880094 
756 490 5 6 0.022868449 
384 350 5 8 0.022841008 
610 445 4 5 0.02283132 
916 453 7 9 0.02282084 
839 532 24 18 0.022760617 
745 405 12 16 0.022746433 
818 183 33 47 0.022718547 
109 471 18 29 0.022683889 
171 272 7 10 0.022677826 
442 4 6 10 0.02265596 
761 157 8 10 0.022602422 
767 498 7 8 0.022577263 
41 473 9 11 0.022569526 
398 363 7 11 0.022560582 
131 463 9 15 0.022558106 
923 97 17 30 0.0225507 
373 475 3 5 0.022543877 
42 479 7 11 0.022541236 
1031 137 16 26 0.022474067 
401 369 8 11 0.022463791 
359 394 7 13 0.022440748 
341 447 14 24 0.022440488 
148 474 6 13 0.022430649 
526 385 4 8 0.02242564 
442 470 6 5 0.022420663 
784 326 11 12 0.022390235 
359 469 4 5 0.02238835 
685 480 6 9 0.022357386 
379 344 7 9 0.0223231 
671 451 4 6 0.022303015 
917 447 7 8 0.02229216 
428 457 4 5 0.022264766 
641 207 21 32 0.022263251 
831 321 32 36 0.022151731 
591 179 14 15 0.022138583 
494 435 5 6 0.02213179 
465 486 6 6 0.022124752 
49 460 11 15 0.0220942 
403 409 6 9 0.022083154 
751 481 5 7 0.022020066 
973 496 12 15 0.022014454 
681 193 10 16 0.02201401 
525 437 4 6 0.021996658 
611 332 9 15 0.021933023 
661 213 19 27 0.0219231 
398 370 6 10 0.021919146 
381 262 21 33 0.021894773 
844 525 8 8 0.021885442 
436 464 3 4 0.021874893 
638 468 5 8 0.021859854 
713 512 4 6 0.02180181 
499 422 5 8 0.021777702 
365 408 5 9 0.021738103 
245 510 6 10 0.021727988 
851 285 26 30 0.021712692 
547 374 4 7 0.02170616 
762 500 6 6 0.02169337 
652 462 85 88 0.021666564 
946 454 9 10 0.021646101 
340 492 5 7 0.021639502 
230 475 5 7 0.021626769 
520 423 5 8 0.02162403 
514 142 19 25 0.021598805 
357 309 13 16 0.021596733 
437 448 5 6 0.02157415 
555 195 36 45 0.021569517 
785 227 13 14 0.021556925 
350 343 16 26 0.021556303 
454 433 33 38 0.021555388 
371 456 5 7 0.021529015 
396 436 5 7 0.021526327 
563 438 4 4 0.02140657 
82 481 8 14 0.021382792 
389 358 5 8 0.02137691 
531 494 5 5 0.021337537 
697 439 18 22 0.021250699 
352 481 5 7 0.021244548 
384 480 4 6 0.02124336 
41 478 19 27 0.021242438 
365 469 3 4 0.021224903 
899 454 8 9 0.021211317 
172 435 10 14 0.021210797 
718 447 4 6 0.021205422 
479 28 33 38 0.02120448 
94 487 37 50 0.021185093 
845 535 13 10 0.021168143 
730 519 6 6 0.021153213 
764 378 13 19 0.021140626 
585 347 9 17 0.021103533 
383 390 5 9 0.021087661 
600 450 4 6 0.021087361 
718 443 4 7 0.02107605 
703 514 4 5 0.021073792 
254 249 23 27 0.021056805 
55 452 9 11 0.021048864 
384 384 4 7 0.020987283 
342 352 21 29 0.020982575 
322 440 6 9 0.020944836 
652 474 4 7 0.020921296 
698 462 6 7 0.020899862 
840 540 13 11 0.020885369 
756 454 7 8 0.02086171 
936 177 29 30 0.020847 
437 424 4 6 0.020815412 
68 435 10 14 0.020785362 
290 422 19 23 0.020782547 
767 154 6 8 0.020761123 
865 395 6 10 0.020745806 
252 442 17 24 0.02068458 
587 234 11 12 0.02068344 
341 216 23 31 0.020653898 
302 224 15 14 0.020630473 
677 456 5 6 0.02062355 
369 442 6 8 0.020581681 
564 276 3 6 0.020557236 
683 315 8 14 0.020551847 
294 483 8 12 0.020545384 
730 482 3 4 0.020545106 
750 421 20 33 0.020542381 
652 498 5 8 0.02052625 
944 445 10 11 0.020506758 
293 491 6 8 0.020505648 
892 450 17 18 0.02050064 
856 438 18 19 0.020434942 
308 508 4 6 0.020406742 
507 444 4 4 0.020391466 
404 451 3 5 0.020388773 
18 510 10 12 0.020332282 
677 468 5 7 0.02032366 
401 376 7 10 0.02031012 
266 435 5 8 0.020273002 
539 432 3 5 0.02027248 
658 157 32 40 0.020187955 
621 481 6 8 0.020158803 
279 496 6 10 0.02015678 
828 443 11 14 0.02012318 
673 219 21 28 0.020094123 
981 440 40 40 0.02007215 
700 412 12 13 0.020028176 
697 467 6 8 0.020026866 
537 395 5 10 0.020010626 
640 422 6 8 0.02000756 
352 432 5 7 0.020002244 
331 364 71 96 0.020000784 
