0_Parade_Parade_0_490
389
103 184 44 57 0.99974555 
118 440 82 92 0.99970585 
769 554 108 147 0.99948764 
728 237 44 54 0.9993449 
897 365 76 100 0.9992481 
176 197 47 65 0.99912983 
594 279 48 67 0.99906427 
877 50 21 33 0.999012 
240 319 55 68 0.9989147 
930 8 21 28 0.9988512 
475 326 50 72 0.9984983 
595 172 37 48 0.99800843 
969 53 24 36 0.9977927 
746 152 34 46 0.9977762 
346 126 33 33 0.9976544 
385 349 57 78 0.9976186 
17 294 42 51 0.9972778 
664 640 43 62 0.99715483 
718 90 31 37 0.99692315 
673 131 35 59 0.99531156 
275 82 20 25 0.99524903 
910 85 27 32 0.99507326 
526 224 34 42 0.99474865 
433 109 26 36 0.9931623 
770 317 61 80 0.9930896 
503 151 29 44 0.9927603 
448 69 19 28 0.9921508 
279 175 37 49 0.99138695 
571 59 24 30 0.99129874 
635 79 26 31 0.98951554 
828 155 36 44 0.98928076 
758 84 34 41 0.989193 
395 275 44 70 0.98642886 
535 76 21 32 0.9826299 
243 161 27 39 0.98172325 
74 160 30 37 0.9798632 
31 172 23 26 0.9763673 
12 488 67 87 0.9754175 
231 453 51 58 0.970212 
595 109 25 39 0.9699823 
135 75 16 24 0.96913445 
939 191 44 54 0.96889615 
673 80 24 32 0.9653597 
546 114 25 40 0.962477 
173 134 34 38 0.95721364 
441 40 16 24 0.956015 
11 142 17 21 0.9541383 
952 22 24 34 0.93705726 
490 671 52 72 0.93304354 
-2 223 19 38 0.92456275 
903 15 18 26 0.9231805 
233 93 17 24 0.91876775 
384 98 22 29 0.9106219 
354 60 21 25 0.9059558 
853 33 18 26 0.9017312 
7 91 14 21 0.8986832 
644 20 13 20 0.8691144 
613 3 17 22 0.83337414 
246 57 13 16 0.8249431 
700 19 19 26 0.8008475 
60 112 16 22 0.79718757 
537 21 15 23 0.78003347 
380 182 44 51 0.74877024 
92 63 12 20 0.73325074 
675 10 12 17 0.69536364 
884 1 13 18 0.6788333 
517 20 15 27 0.63049895 
721 44 21 28 0.5888984 
787 48 16 26 0.5616791 
283 9 11 17 0.5504404 
718 149 23 38 0.53127164 
1005 171 23 38 0.5138215 
446 800 34 29 0.50771075 
471 68 18 25 0.49937844 
604 35 14 20 0.48955098 
36 384 33 72 0.48826927 
771 246 23 51 0.47898322 
657 79 22 34 0.46041188 
368 242 36 61 0.44984353 
503 94 15 24 0.44380304 
581 110 22 38 0.39006633 
439 217 35 59 0.38627684 
117 337 29 52 0.38572973 
817 31 17 25 0.37767515 
0 111 7 22 0.36126754 
820 85 26 39 0.35622856 
991 28 17 28 0.34546548 
641 146 30 48 0.34268492 
7 403 31 73 0.32979238 
334 118 28 26 0.32809883 
479 278 33 54 0.27802294 
525 21 14 25 0.24123956 
136 28 11 16 0.24102803 
323 348 46 68 0.2384272 
241 130 20 31 0.2334125 
398 243 36 61 0.22356384 
207 19 12 16 0.2231335 
505 36 18 28 0.22087389 
653 132 28 42 0.21702866 
842 3 12 17 0.20859018 
772 12 20 27 0.20800495 
867 224 30 38 0.20634104 
786 17 12 19 0.20472029 
12 190 20 31 0.1799042 
320 158 26 38 0.17735946 
458 69 19 28 0.1757413 
566 111 26 42 0.16683191 
914 68 21 31 0.15006472 
5 366 17 37 0.14504658 
808 5 14 19 0.14421931 
611 588 29 41 0.14103122 
380 35 12 20 0.13690159 
260 43 18 24 0.13089952 
65 202 28 48 0.1282774 
971 109 14 17 0.12191514 
24 178 19 25 0.12103774 
692 655 61 70 0.120166205 
941 287 47 68 0.11908352 
765 19 18 24 0.109738104 
403 191 37 51 0.108643234 
604 59 13 22 0.10758966 
4 615 59 140 0.1065996 
544 135 21 41 0.10582819 
706 144 19 34 0.10456328 
377 279 37 70 0.1037808 
606 4 10 14 0.0987093 
115 146 18 26 0.09863065 
745 80 19 28 0.097733736 
827 33 12 19 0.093474075 
610 29 11 18 0.0929911 
794 58 30 44 0.0904746 
740 285 35 59 0.08793401 
272 149 19 29 0.08688301 
271 436 34 57 0.08583098 
805 46 23 34 0.085163146 
731 40 21 29 0.084664896 
591 27 12 19 0.08456733 
304 70 14 18 0.08374414 
62 92 17 22 0.08327687 
619 147 29 41 0.082583904 
418 226 32 58 0.077139065 
2 266 23 42 0.07683989 
323 267 31 58 0.07617136 
713 55 19 25 0.07569429 
121 24 13 16 0.07490794 
955 5 21 23 0.07451983 
95 276 22 38 0.07408931 
185 46 10 14 0.07320574 
959 174 34 55 0.0731494 
426 24 14 27 0.07083621 
552 23 12 20 0.07016601 
349 330 60 96 0.069602765 
662 49 18 25 0.069449365 
810 77 20 34 0.06812486 
510 29 11 18 0.066542804 
854 19 18 25 0.06631366 
290 61 12 17 0.06624865 
973 283 33 63 0.066192515 
378 125 20 23 0.06394183 
105 360 30 59 0.06291639 
913 12 18 26 0.062137503 
373 8 11 16 0.062020674 
697 7 21 20 0.06185486 
423 202 33 52 0.060158003 
1016 113 17 28 0.059417266 
192 14 17 22 0.05801635 
828 97 30 40 0.05619436 
354 294 38 68 0.053300843 
273 7 15 22 0.05284005 
312 100 23 28 0.052480318 
134 276 24 40 0.052319277 
298 72 12 18 0.052006304 
638 63 17 29 0.050889276 
854 240 39 64 0.05045522 
720 15 14 16 0.050158866 
873 2 13 17 0.050056204 
989 81 12 17 0.049235236 
264 34 14 20 0.048884403 
915 210 32 51 0.048077725 
5 199 23 44 0.045704387 
946 12 21 26 0.045612186 
465 764 34 47 0.04522049 
158 143 23 31 0.045104768 
289 118 18 28 0.04451143 
774 151 22 35 0.044125896 
470 233 31 56 0.043862555 
190 103 12 17 0.042953435 
200 384 26 42 0.04288396 
412 805 41 43 0.04244658 
23 381 23 49 0.04160182 
916 300 65 108 0.040729415 
139 348 32 56 0.040481567 
737 33 14 17 0.03988879 
142 336 20 41 0.039820466 
401 128 27 39 0.03959907 
690 19 16 24 0.03945833 
-2 548 18 52 0.03907862 
795 51 19 28 0.03902866 
275 327 61 84 0.03901173 
446 627 15 33 0.038981963 
0 405 20 55 0.038949035 
813 106 30 44 0.038807396 
539 270 32 60 0.038758025 
350 0 14 13 0.038732838 
81 70 11 16 0.038585216 
680 15 16 22 0.038453937 
943 37 14 22 0.038314857 
214 439 45 59 0.038247626 
455 344 40 61 0.03812011 
566 133 30 48 0.03798807 
191 66 20 28 0.03790072 
315 88 22 26 0.037858803 
721 601 42 59 0.037742414 
0 100 7 17 0.03760181 
400 15 10 18 0.03745135 
757 47 20 28 0.036964264 
416 600 13 25 0.036728416 
0 181 21 35 0.03665631 
994 172 21 36 0.036567558 
458 267 33 61 0.03572153 
2 95 13 28 0.03567699 
961 17 14 20 0.035579488 
433 248 35 67 0.03547727 
716 32 17 22 0.035363253 
193 140 13 21 0.035256926 
769 6 15 20 0.035061523 
87 68 12 18 0.03484028 
882 230 31 33 0.03480234 
868 6 12 18 0.033990607 
413 619 32 56 0.03393224 
313 145 27 31 0.03389624 
642 57 13 19 0.033670865 
311 73 20 23 0.033570286 
338 230 34 58 0.03355526 
51 367 28 59 0.03345943 
194 107 13 18 0.033430006 
306 189 24 36 0.033403993 
414 533 8 22 0.033095073 
490 199 27 44 0.033086754 
53 409 36 66 0.032872625 
179 340 33 52 0.032829337 
420 20 9 19 0.03268932 
767 36 31 41 0.032160185 
1073 100 19 33 0.03154952 
15 229 321 632 0.031147739 
171 428 72 97 0.031090165 
75 488 24 43 0.030712716 
828 3 11 15 0.030620612 
552 78 19 28 0.03059194 
121 323 22 33 0.030588385 
313 9 11 14 0.030580206 
250 48 18 22 0.030441081 
372 61 11 18 0.030421771 
572 19 13 21 0.030066762 
684 61 18 31 0.029916937 
91 371 32 64 0.029624404 
1024 166 37 56 0.029339945 
858 8 17 21 0.029249959 
599 29 11 17 0.02911207 
15 371 12 26 0.029051255 
189 355 37 57 0.029038424 
834 31 11 20 0.029031262 
707 15 21 22 0.028795645 
667 759 66 128 0.028717704 
386 147 19 27 0.028671214 
746 47 10 16 0.028316291 
287 76 19 24 0.028205002 
668 41 15 19 0.028091414 
474 79 20 30 0.027797151 
428 335 42 62 0.027746595 
848 6 16 25 0.02767192 
756 300 44 68 0.027386317 
595 839 89 76 0.027360078 
711 26 15 21 0.02730549 
269 10 11 15 0.027238838 
502 88 11 20 0.027192282 
522 274 32 56 0.027000519 
969 126 29 44 0.026960958 
500 2 13 16 0.026918042 
0 87 5 14 0.026890727 
672 117 24 34 0.026803086 
374 136 20 30 0.026759723 
176 147 41 55 0.026730588 
263 458 30 45 0.026720596 
0 533 7 22 0.026229614 
293 4 9 14 0.026084412 
331 204 33 52 0.026067682 
752 57 17 27 0.026042517 
506 638 58 68 0.025723312 
603 96 22 32 0.025645243 
862 211 19 39 0.025546417 
56 195 24 42 0.025066426 
904 270 53 95 0.025049778 
405 674 19 30 0.024895133 
975 28 31 46 0.024873998 
328 148 24 32 0.024809388 
897 123 32 50 0.024699327 
598 7 13 17 0.024673283 
11 188 13 19 0.024379753 
382 160 35 47 0.024371222 
645 669 24 35 0.02436306 
574 38 18 25 0.02436158 
651 168 25 43 0.024262987 
528 1 9 16 0.024260081 
790 85 21 33 0.024231644 
-1 214 9 26 0.024137605 
290 417 54 90 0.024011947 
623 79 18 30 0.023949958 
277 64 17 22 0.023941033 
477 56 29 39 0.023891775 
631 166 31 51 0.0237653 
620 212 32 49 0.023737902 
10 224 20 35 0.023671482 
330 0 13 12 0.023532791 
975 152 20 34 0.02344108 
906 4 20 24 0.023436975 
639 115 28 52 0.02332703 
42 456 61 98 0.023282172 
61 343 28 49 0.023212196 
533 139 21 39 0.023210676 
203 295 34 64 0.022994054 
559 21 11 19 0.022961538 
203 22 20 27 0.022882264 
763 32 15 19 0.022873426 
3 109 19 29 0.022848006 
611 20 12 19 0.022720234 
1078 70 18 30 0.02270838 
-3 831 32 53 0.022654165 
53 177 19 28 0.022552429 
900 231 37 57 0.022431344 
224 269 37 56 0.022426037 
414 19 10 16 0.022383736 
414 121 20 33 0.022314733 
415 102 17 27 0.02225458 
369 507 21 37 0.022127325 
902 8 12 19 0.022042071 
133 322 23 41 0.021969864 
468 301 40 66 0.02182741 
302 62 13 16 0.021796202 
424 293 40 60 0.021780705 
149 315 34 61 0.02167315 
569 13 10 17 0.021654973 
608 81 19 26 0.02163765 
613 30 16 24 0.021628708 
726 36 14 15 0.021596411 
872 239 54 92 0.021558812 
89 57 10 15 0.021542715 
1041 133 25 42 0.021527953 
330 234 24 40 0.02152096 
3 596 32 94 0.021513054 
847 1 11 12 0.021505596 
11 356 27 52 0.021478621 
535 59 17 32 0.021450426 
790 262 36 65 0.021394994 
382 2 11 14 0.021368664 
401 67 15 26 0.021323433 
181 385 39 70 0.021285046 
961 135 20 31 0.021281997 
958 2 13 11 0.021242734 
658 59 19 31 0.021211473 
10 235 32 50 0.021179413 
319 104 32 36 0.021160075 
563 100 20 29 0.021159109 
132 170 37 57 0.021147706 
-1 336 22 50 0.021138592 
272 60 12 16 0.021096997 
65 104 14 21 0.021091888 
438 25 12 22 0.021037435 
10 447 43 73 0.02102504 
809 15 18 26 0.021010024 
755 270 35 63 0.020985967 
839 29 16 27 0.020953586 
1074 126 20 36 0.02090185 
956 67 12 21 0.020897685 
798 6 16 23 0.020755673 
632 64 12 19 0.020743381 
604 8 17 23 0.02071145 
573 -2 10 10 0.020707399 
1022 47 19 30 0.020612568 
638 16 12 19 0.020551126 
161 169 34 53 0.020519432 
-6 791 32 63 0.020476203 
574 233 33 50 0.020462995 
475 211 31 51 0.020236304 
94 74 11 18 0.02022861 
50 265 26 41 0.020137047 
93 162 26 37 0.020124536 
521 147 23 38 0.020087633 
0 310 5 22 0.02006253 
