0_Parade_marchingband_1_932
358
850 354 29 38 0.9956792 
721 344 32 35 0.99552697 
434 336 30 35 0.9920413 
49 329 27 41 0.97851473 
642 374 20 25 0.7557581 
541 341 18 25 0.678335 
164 368 10 13 0.19974832 
841 369 10 17 0.19640827 
484 342 19 23 0.17028761 
160 372 8 12 0.14184006 
897 25 7 9 0.122606926 
479 353 21 25 0.119132094 
136 269 10 11 0.094061 
885 18 6 10 0.09311622 
846 273 11 13 0.09186047 
902 34 6 9 0.081894994 
106 356 20 24 0.081680134 
910 27 6 9 0.076343775 
85 433 11 15 0.07529016 
486 86 9 9 0.073672146 
856 272 12 13 0.066843145 
677 369 12 12 0.06622618 
909 31 6 9 0.065704174 
419 90 8 9 0.06455981 
514 8 5 6 0.0637472 
865 14 6 7 0.061924167 
923 27 5 7 0.059619613 
496 345 9 14 0.05931445 
550 145 9 10 0.057950784 
689 394 10 17 0.056458324 
525 2 4 5 0.056420997 
121 6 6 8 0.056286056 
896 40 6 9 0.05578716 
117 359 9 13 0.055452667 
820 46 7 10 0.054428305 
897 32 6 8 0.054335 
865 8 5 7 0.054040458 
532 8 6 8 0.05372122 
894 45 6 8 0.05348153 
532 47 6 7 0.053471874 
167 361 8 10 0.050648194 
914 31 7 9 0.050615337 
519 2 4 6 0.05006147 
921 58 7 8 0.0480853 
487 7 7 9 0.047450352 
887 14 7 8 0.047352284 
651 364 9 10 0.04657352 
857 9 5 6 0.04595549 
921 41 6 7 0.045797653 
180 354 5 7 0.045429897 
659 37 9 9 0.04525876 
504 40 7 8 0.04484043 
920 54 7 8 0.0447599 
922 20 6 7 0.044081274 
93 433 16 24 0.043884236 
517 8 5 7 0.043499123 
122 382 17 16 0.043411907 
814 301 19 21 0.04317708 
928 40 6 8 0.042360697 
83 59 6 7 0.04224862 
163 253 9 8 0.042091206 
130 59 6 8 0.04173675 
596 15 4 5 0.041350115 
889 28 6 8 0.04129945 
525 9 5 6 0.041225165 
922 64 7 9 0.041079532 
566 142 7 10 0.040635705 
506 32 7 8 0.040009886 
496 33 8 8 0.03952155 
915 59 6 7 0.039246317 
90 58 6 9 0.039151732 
552 -5 40 41 0.039056327 
80 369 13 13 0.038853273 
590 -5 40 43 0.038750123 
194 226 11 11 0.03841686 
693 9 5 6 0.038151987 
921 45 6 8 0.037748504 
921 15 6 7 0.03745518 
111 368 20 26 0.03677516 
519 41 6 8 0.036501847 
91 53 5 7 0.03647174 
167 -6 41 43 0.03628106 
936 66 7 8 0.03623017 
998 6 10 10 0.036130585 
31 339 17 28 0.036044914 
646 361 23 25 0.035585124 
142 -7 41 42 0.0355221 
901 21 6 8 0.03539472 
622 8 5 7 0.035371367 
729 228 10 18 0.035177153 
45 37 8 10 0.03510208 
430 4 5 5 0.034646258 
858 14 5 7 0.034572143 
902 59 5 7 0.034354806 
532 13 5 7 0.03390255 
496 27 7 8 0.033527303 
85 382 12 15 0.033504028 
589 10 4 6 0.03339344 
1011 244 6 9 0.03328316 
365 2 5 6 0.03292296 
390 9 5 5 0.032825842 
569 135 8 9 0.032788835 
438 248 11 13 0.032571483 
834 9 5 6 0.03250519 
673 369 23 24 0.03239249 
76 52 6 8 0.032251965 
666 8 7 8 0.03214481 
506 2 5 7 0.03203891 
917 41 5 7 0.03200676 
877 7 6 7 0.031739697 
413 96 9 10 0.03168642 
589 14 4 6 0.03154808 
570 48 6 6 0.03143228 
392 14 6 6 0.03142194 
513 3 4 5 0.031421557 
183 355 6 7 0.031084498 
518 15 6 7 0.031065382 
936 16 5 7 0.030964574 
578 158 10 10 0.030945495 
929 3 5 6 0.03092276 
883 8 6 7 0.030879162 
180 358 5 9 0.030674765 
890 41 6 8 0.030589784 
525 28 6 7 0.030359605 
965 107 8 11 0.030328494 
343 8 6 8 0.030182606 
502 346 8 11 0.030026754 
505 7 6 8 0.029945975 
664 13 7 8 0.029837875 
936 20 5 7 0.02979791 
917 14 5 7 0.029646061 
926 21 6 8 0.029621668 
917 45 6 8 0.029616946 
836 280 9 11 0.02954362 
844 8 5 8 0.029534012 
596 250 10 11 0.029497162 
1009 37 9 10 0.029484373 
910 8 5 7 0.029436007 
1013 76 7 10 0.029388366 
396 26 7 8 0.029315162 
434 253 13 16 0.029309278 
489 88 10 9 0.029294763 
90 65 5 7 0.029076997 
915 22 5 7 0.029036947 
889 9 6 7 0.02898306 
690 371 20 24 0.028837036 
643 301 10 11 0.02882399 
103 46 5 7 0.028753875 
83 53 5 8 0.028674694 
926 60 6 7 0.028652685 
941 47 7 7 0.028643439 
866 332 21 27 0.028556729 
869 8 5 7 0.028491322 
904 3 4 5 0.028418716 
51 46 7 8 0.028417753 
120 14 6 8 0.028383654 
83 65 6 8 0.028266614 
385 3 4 5 0.02817943 
359 431 6 9 0.028179407 
429 8 7 6 0.028154645 
384 8 5 6 0.028149895 
332 429 8 11 0.02807721 
103 53 5 8 0.028049234 
370 75 7 9 0.028029634 
920 33 6 7 0.02798222 
359 39 8 8 0.02794296 
1019 2 6 8 0.02789078 
949 2 5 5 0.027744269 
926 45 7 8 0.02768085 
672 21 7 8 0.027424281 
714 356 10 15 0.027343135 
584 15 4 6 0.027314031 
76 47 5 8 0.026911717 
1018 422 6 9 0.026910793 
596 10 3 5 0.026817622 
117 6 5 8 0.026785241 
901 64 5 8 0.026671236 
838 8 5 7 0.026457416 
391 27 5 7 0.02640105 
409 93 7 7 0.026375389 
499 227 8 8 0.026081871 
423 34 7 7 0.026058301 
85 47 5 7 0.02600344 
962 88 9 11 0.025944006 
935 59 6 7 0.025877342 
584 9 5 6 0.02587222 
897 3 4 5 0.02586073 
95 54 5 7 0.025803506 
345 40 7 8 0.025792891 
466 271 8 10 0.025786614 
378 3 4 6 0.025754487 
943 40 7 7 0.025548521 
934 3 6 6 0.025536742 
89 47 6 7 0.025488209 
935 52 7 8 0.025409942 
926 26 6 8 0.025401969 
671 26 8 8 0.025319895 
549 45 8 8 0.025301948 
535 46 7 8 0.025278434 
129 3 4 5 0.025249794 
524 14 5 7 0.02523102 
865 3 5 6 0.025049206 
532 2 4 6 0.024998901 
915 53 6 8 0.024938375 
222 31 40 43 0.024870373 
922 2 5 6 0.024755437 
433 103 10 11 0.024562882 
1019 40 17 21 0.024443107 
523 247 9 11 0.024407458 
424 248 36 39 0.024393998 
496 59 9 9 0.02437739 
94 57 6 9 0.024337254 
967 60 8 8 0.024320288 
372 3 4 5 0.024167106 
89 345 35 39 0.024150558 
531 41 6 7 0.024143135 
928 8 5 6 0.024117585 
921 9 6 7 0.02409553 
941 8 5 6 0.024084326 
909 22 6 7 0.024082365 
502 358 10 14 0.024054706 
487 12 5 8 0.024031598 
169 241 11 11 0.023906898 
510 46 6 8 0.023884295 
466 9 6 7 0.023797678 
154 377 6 9 0.023779403 
909 58 5 7 0.02377927 
862 47 8 9 0.023695009 
895 53 6 8 0.023683622 
569 52 7 7 0.023681577 
1018 480 8 12 0.023674173 
513 14 6 7 0.02367334 
682 378 21 32 0.023663688 
74 364 11 15 0.023624996 
183 6 37 45 0.02361607 
409 117 9 9 0.02356825 
62 348 22 32 0.023556262 
526 0 4 4 0.02354935 
909 14 5 7 0.023510985 
645 78 6 8 0.023469388 
103 40 5 7 0.02334019 
134 63 6 8 0.023324592 
470 260 9 10 0.023276981 
940 14 6 8 0.023261942 
661 13 6 7 0.023195239 
915 64 6 8 0.02315089 
395 15 6 6 0.023135092 
499 40 7 7 0.023114469 
159 213 21 20 0.023031373 
529 -5 36 40 0.023028063 
516 155 6 7 0.023009054 
433 243 10 12 0.023004688 
862 261 10 11 0.022976864 
622 34 6 7 0.022884095 
417 86 8 8 0.022751292 
553 225 9 10 0.022723755 
1020 336 16 24 0.022721034 
664 47 7 6 0.022684075 
1008 328 6 7 0.022644913 
1030 46 16 23 0.022629257 
403 39 7 7 0.022617888 
140 397 7 10 0.022586549 
460 9 7 7 0.022565736 
696 9 5 6 0.022511803 
672 371 10 10 0.022505736 
289 167 8 9 0.022498282 
369 55 10 10 0.022478053 
510 28 6 8 0.02240893 
165 383 7 9 0.022403833 
654 -6 39 40 0.022372143 
77 65 5 7 0.02234805 
1005 448 5 9 0.022320976 
114 59 6 7 0.022136604 
602 16 4 5 0.02206388 
625 9 5 7 0.021962868 
910 66 5 7 0.021959687 
903 53 5 8 0.021850917 
96 65 5 8 0.02182899 
119 -7 38 42 0.021824127 
695 373 11 13 0.021811001 
461 13 6 7 0.021806201 
511 220 7 9 0.021805609 
89 72 6 7 0.021775238 
455 55 7 7 0.021735448 
544 41 7 7 0.02170332 
396 9 5 5 0.021697598 
449 240 21 19 0.021682428 
891 3 4 5 0.021646202 
481 232 6 7 0.021644702 
56 51 7 8 0.021629626 
934 48 6 6 0.02162893 
724 225 20 33 0.02162791 
890 53 5 8 0.021615267 
575 156 8 9 0.021583945 
947 8 6 7 0.021582302 
433 98 9 9 0.021490127 
869 47 6 8 0.0214651 
664 35 7 7 0.021461338 
1019 5 7 10 0.021376362 
524 46 6 7 0.02134805 
482 20 5 8 0.021323798 
407 82 8 9 0.021276923 
871 504 9 15 0.021271301 
109 54 6 7 0.02121018 
907 39 6 8 0.021201879 
537 41 5 6 0.021074297 
551 15 5 6 0.021073598 
897 58 5 8 0.021009577 
516 360 8 9 0.020990277 
852 8 5 6 0.020963134 
496 113 8 10 0.020934645 
68 361 11 17 0.020917987 
467 357 10 14 0.020903667 
691 14 6 6 0.020873552 
833 14 5 7 0.020864695 
745 292 21 29 0.0208584 
359 35 6 7 0.020840906 
127 266 5 6 0.02075665 
687 367 10 9 0.02074179 
910 71 5 8 0.020721937 
709 301 11 13 0.020721382 
69 374 35 43 0.020692348 
533 79 7 8 0.02068644 
928 35 5 6 0.020616036 
96 9 5 6 0.02059472 
460 275 8 10 0.020584336 
627 72 5 7 0.02058271 
491 352 17 24 0.020581981 
940 79 7 8 0.020547524 
893 27 16 22 0.020526206 
108 40 5 7 0.020502545 
676 21 7 7 0.02048935 
1013 193 7 9 0.020399196 
377 8 5 6 0.02039075 
178 250 8 8 0.020390352 
423 9 6 6 0.020390095 
391 3 3 5 0.020336917 
511 41 6 7 0.020324802 
385 21 6 7 0.02032406 
155 224 7 9 0.020319762 
602 10 4 5 0.020271078 
732 319 20 23 0.020219203 
550 28 6 7 0.020210112 
897 8 4 7 0.020190699 
877 52 6 7 0.020190692 
463 47 7 7 0.020187294 
862 295 22 25 0.020179251 
481 35 5 6 0.020165386 
505 14 6 7 0.020160204 
902 46 5 6 0.020159919 
909 53 6 7 0.02015787 
882 52 6 7 0.020151861 
523 40 7 8 0.020111827 
640 8 5 6 0.020110898 
998 3 8 7 0.020096967 
420 95 8 8 0.020032203 
662 389 9 13 0.020014117 
417 3 5 6 0.020002455 
