0_Parade_marchingband_1_156
136
870 185 79 99 0.9997074 
569 245 59 72 0.9982633 
172 249 58 71 0.99426323 
507 418 145 211 0.5606464 
886 0 19 20 0.52800095 
731 534 49 73 0.5249784 
142 136 63 54 0.44139788 
1008 212 15 22 0.4411965 
739 9 14 17 0.2737713 
687 10 12 17 0.24564676 
1006 118 12 22 0.24450032 
408 191 10 16 0.235774 
443 260 12 18 0.17293273 
350 199 11 16 0.17193799 
89 57 12 18 0.15788393 
386 210 12 20 0.15421052 
46 18 17 27 0.14166908 
228 147 41 60 0.13486998 
245 26 13 15 0.113078386 
739 237 11 14 0.112610854 
708 352 13 17 0.11204114 
364 274 17 31 0.09500895 
317 198 12 15 0.09420655 
10 595 25 36 0.090188555 
133 302 24 38 0.08960557 
718 153 18 24 0.08937466 
1002 96 11 15 0.08762821 
188 25 12 22 0.08533769 
573 163 33 51 0.08530788 
386 176 10 13 0.06772705 
394 267 10 15 0.06671402 
738 209 12 16 0.06395399 
36 585 18 33 0.06367941 
978 20 13 19 0.06324484 
406 270 13 17 0.063172534 
452 215 15 26 0.061039943 
424 201 10 15 0.060619555 
1005 291 13 19 0.060473558 
238 3 15 13 0.060137168 
71 204 13 15 0.05864586 
477 374 40 50 0.057665326 
272 221 13 17 0.05739375 
737 338 16 26 0.0553469 
73 501 40 56 0.05431669 
420 169 11 19 0.05423594 
350 340 13 21 0.053739104 
439 187 14 24 0.053292625 
951 294 37 50 0.051268533 
614 159 28 55 0.047687538 
777 226 14 18 0.047463533 
265 36 12 16 0.047158632 
929 86 17 30 0.04601602 
633 143 14 27 0.045705274 
478 185 27 45 0.04388978 
132 25 14 17 0.043301612 
750 158 13 16 0.042599197 
184 146 46 47 0.04245519 
60 600 23 34 0.042272538 
20 12 18 26 0.04126184 
15 199 16 25 0.040766012 
142 301 11 18 0.040273797 
690 278 12 18 0.03942193 
189 212 45 79 0.03914421 
517 132 12 18 0.03870253 
510 494 49 50 0.03869233 
693 192 13 16 0.03787934 
460 10 286 416 0.03699284 
665 257 15 24 0.03617971 
164 64 9 14 0.035964336 
327 239 13 22 0.03550622 
198 43 18 27 0.03533657 
346 266 12 19 0.03496344 
0 293 7 23 0.034340966 
299 192 10 15 0.034180317 
18 210 17 30 0.034123566 
877 565 103 105 0.034008566 
625 114 14 17 0.033576615 
969 93 15 18 0.033267707 
47 150 12 18 0.033074707 
504 1 11 13 0.032793086 
597 170 31 50 0.03257852 
501 230 13 23 0.03178141 
660 92 12 17 0.031763583 
369 189 10 17 0.03155421 
293 267 16 26 0.030873893 
378 21 11 15 0.030484736 
807 3 15 18 0.03043926 
327 9 19 21 0.030394845 
705 92 12 17 0.030102383 
387 201 10 16 0.029630216 
941 1 11 12 0.029458413 
445 293 13 16 0.029073497 
733 232 11 14 0.029018242 
104 651 35 86 0.028941853 
286 304 13 18 0.028826138 
500 379 36 47 0.028815337 
658 98 20 33 0.028760819 
158 453 134 196 0.028666485 
523 515 26 28 0.028577298 
461 420 41 64 0.028431006 
45 579 31 46 0.028100459 
760 262 12 18 0.027810391 
198 168 37 67 0.02774276 
246 155 43 66 0.026683912 
470 266 11 19 0.026524343 
347 141 11 17 0.026441975 
476 277 12 20 0.026347367 
42 314 13 14 0.026293961 
668 113 12 18 0.025714608 
55 22 314 333 0.025441166 
713 299 14 21 0.025391571 
773 216 11 17 0.02525874 
350 558 27 26 0.025212063 
399 153 11 14 0.024669586 
163 156 48 60 0.024608662 
34 244 12 20 0.024603106 
855 -2 11 10 0.023651399 
86 162 16 24 0.023543574 
673 279 13 16 0.023538172 
446 346 21 34 0.023359792 
476 104 12 16 0.022974113 
641 390 8 13 0.022865651 
116 244 14 27 0.022787051 
766 0 12 10 0.022336416 
366 224 12 14 0.022001289 
230 414 6 6 0.02168563 
456 344 12 18 0.021492863 
1022 211 20 39 0.021265438 
1020 116 18 34 0.021022547 
9 241 11 16 0.020980466 
5 330 17 29 0.020841556 
134 200 10 20 0.020603234 
579 188 36 55 0.020234521 
343 173 9 13 0.020206105 
212 89 15 15 0.020069804 
973 203 9 14 0.02004082 
