0_Parade_Parade_0_917
230
650 127 31 32 0.8594925 
149 237 10 11 0.7553729 
990 355 21 26 0.59922934 
136 253 12 16 0.5830157 
156 257 9 11 0.40457606 
81 290 7 8 0.38093743 
937 331 38 36 0.32059905 
24 329 7 10 0.2926602 
418 301 7 11 0.2519991 
638 332 24 23 0.2215263 
0 317 7 14 0.21029519 
687 285 107 58 0.18180788 
592 301 12 14 0.16241828 
0 251 5 11 0.1456142 
811 327 38 42 0.11019042 
860 319 10 13 0.104083814 
609 150 21 20 0.08801803 
143 255 10 13 0.08774997 
405 304 7 10 0.083742626 
95 290 5 8 0.08050591 
496 346 11 13 0.080116555 
543 319 13 18 0.076665476 
19 333 7 9 0.07513091 
488 278 5 7 0.069929965 
137 263 11 14 0.06864664 
85 276 7 8 0.068037845 
632 135 16 12 0.0674094 
758 459 13 20 0.067255385 
410 348 6 7 0.06646932 
115 261 9 14 0.06448201 
542 294 8 10 0.05903823 
138 235 9 11 0.058841325 
502 496 9 9 0.056751993 
13 341 8 9 0.05659211 
109 289 6 9 0.056360353 
701 300 33 24 0.056165162 
683 91 31 41 0.056148298 
266 103 35 60 0.054674786 
726 460 21 29 0.05456159 
181 301 16 22 0.054179043 
190 244 12 14 0.05403733 
115 246 8 10 0.05330095 
122 540 127 100 0.053115934 
158 244 10 13 0.052537445 
324 428 10 14 0.051272534 
0 311 5 13 0.050792802 
95 296 5 6 0.04928688 
4 314 7 13 0.049272437 
1 398 4 7 0.048033837 
613 139 38 39 0.047526106 
294 67 5 9 0.046985257 
152 252 11 12 0.046681244 
30 330 6 8 0.046377458 
561 421 10 16 0.045810923 
742 470 14 18 0.04573133 
848 314 8 11 0.045313526 
839 346 13 21 0.045288604 
471 361 13 15 0.045188032 
1003 352 23 32 0.044947647 
35 401 4 5 0.04270571 
567 285 7 9 0.041369207 
365 398 8 7 0.04094662 
36 370 8 12 0.040688988 
87 272 6 9 0.040413667 
747 460 19 23 0.039952483 
588 198 19 26 0.03788195 
536 295 9 11 0.036921196 
364 307 7 12 0.036663547 
49 284 7 9 0.036588077 
512 396 42 60 0.035920884 
14 336 7 8 0.03582057 
578 242 291 379 0.035674844 
378 373 9 7 0.035577286 
398 350 5 6 0.035391986 
842 511 10 15 0.035379846 
422 367 7 7 0.03498865 
624 538 18 22 0.034828916 
806 343 24 29 0.03480687 
808 322 29 26 0.034279294 
294 70 7 14 0.03385052 
141 220 5 8 0.033804897 
485 341 8 9 0.033728547 
446 346 10 10 0.033517003 
25 325 7 8 0.03310486 
394 315 7 8 0.033025056 
611 507 18 26 0.03253483 
792 577 9 9 0.032067146 
395 366 7 8 0.03206038 
441 348 10 10 0.03194502 
96 286 4 7 0.03181104 
106 290 4 7 0.031287715 
59 411 27 29 0.03123852 
533 293 18 21 0.030935334 
745 296 29 29 0.030405791 
567 138 7 12 0.030369096 
591 290 9 9 0.029978054 
83 303 7 9 0.029889844 
109 295 5 9 0.029845677 
634 129 30 22 0.029783066 
467 352 9 9 0.029221628 
637 343 16 16 0.029193673 
690 391 21 32 0.029010998 
584 300 22 28 0.02883813 
91 286 5 7 0.028628916 
396 385 12 10 0.028422205 
663 80 12 14 0.028404135 
538 494 9 8 0.028382767 
520 350 168 222 0.028265927 
403 360 7 8 0.028234603 
558 480 11 16 0.028218934 
462 265 5 6 0.027929492 
222 287 10 11 0.027817786 
404 111 45 63 0.027479526 
13 317 5 7 0.02743823 
474 255 7 10 0.027138915 
621 252 5 6 0.02704884 
590 264 7 10 0.027030436 
69 270 7 10 0.02695373 
1016 71 11 18 0.026860304 
423 362 5 6 0.026783124 
800 551 27 26 0.026505735 
878 337 6 8 0.026503198 
268 127 8 15 0.026465563 
365 395 7 6 0.026391497 
170 249 9 15 0.026298795 
898 81 4 4 0.026142268 
460 374 7 7 0.025944078 
780 305 15 13 0.02593482 
39 401 4 5 0.025924211 
384 380 7 6 0.025912408 
384 391 7 8 0.025745545 
662 376 40 45 0.025603492 
491 279 6 7 0.02559055 
164 250 9 14 0.0254374 
391 351 6 6 0.025344482 
442 343 7 7 0.025294628 
484 277 5 8 0.025154628 
491 341 12 13 0.025026388 
846 310 7 9 0.024919072 
199 226 6 10 0.02483318 
142 215 5 7 0.02460714 
630 322 10 13 0.02447798 
4 250 8 11 0.024471354 
91 296 5 7 0.024381777 
540 303 13 16 0.02433174 
104 244 5 7 0.0242238 
415 296 13 21 0.024155749 
112 245 15 23 0.024155011 
58 382 8 8 0.024063893 
485 272 7 11 0.023850644 
326 399 8 8 0.0238504 
331 433 8 10 0.023797924 
115 303 8 15 0.023723397 
578 470 27 25 0.023658859 
40 318 4 6 0.023535224 
370 394 6 6 0.023402844 
111 244 5 8 0.023290925 
390 303 7 8 0.023240024 
265 124 17 35 0.023218991 
628 364 25 23 0.023126828 
92 245 4 7 0.023125773 
307 311 8 11 0.023022126 
196 253 12 16 0.02296815 
406 297 14 21 0.022877792 
461 348 7 8 0.022851633 
409 354 7 7 0.022833463 
70 275 7 8 0.022816293 
878 340 8 10 0.02278438 
418 368 6 7 0.022776648 
422 373 7 7 0.022749687 
598 420 22 30 0.02250096 
630 348 25 25 0.022477956 
545 283 70 74 0.022458399 
543 281 10 13 0.022444244 
560 415 19 28 0.022338798 
436 353 9 10 0.022172105 
7 309 6 10 0.022165535 
176 255 11 13 0.022126397 
414 348 7 6 0.022084342 
499 255 7 10 0.022079319 
120 299 8 14 0.022064796 
109 302 5 9 0.02205168 
579 490 21 24 0.022026341 
464 350 19 20 0.022005778 
135 226 5 8 0.021891331 
594 249 8 11 0.021822784 
236 287 9 14 0.02171407 
104 286 4 7 0.021699313 
582 277 7 9 0.021586005 
771 326 13 11 0.021537298 
847 312 17 24 0.021505034 
419 362 5 6 0.021504484 
541 503 11 14 0.02144099 
396 354 6 7 0.02143764 
371 405 7 7 0.021424431 
404 349 6 6 0.021385765 
531 303 12 15 0.021325672 
936 94 144 184 0.02130023 
532 289 7 9 0.021286376 
555 488 11 15 0.02128487 
558 427 10 14 0.021245157 
205 226 6 8 0.021188622 
7 334 6 9 0.021162994 
395 380 11 10 0.02113361 
871 474 9 11 0.020906018 
77 284 15 20 0.02089345 
138 245 11 13 0.020814225 
598 297 9 11 0.020722946 
506 256 6 9 0.020711374 
392 362 6 7 0.020681897 
79 294 7 9 0.020608656 
452 364 9 10 0.02060389 
465 266 6 7 0.020596784 
589 388 26 23 0.020551676 
78 271 6 9 0.020531815 
670 131 19 28 0.020502033 
377 380 7 7 0.02050113 
0 360 4 8 0.020446964 
503 317 13 19 0.020398023 
175 575 25 23 0.02034408 
489 282 5 7 0.020342184 
153 445 10 8 0.020332046 
454 348 20 21 0.020325257 
396 361 7 7 0.020305164 
617 549 12 13 0.020303434 
166 482 11 10 0.020259894 
24 341 9 9 0.020251468 
16 339 22 23 0.02021736 
460 353 8 9 0.020186283 
471 349 9 9 0.020056272 
