0_Parade_marchingband_1_149
279
808 239 25 32 0.99995947 
473 231 22 31 0.9998938 
599 240 23 30 0.9998863 
664 237 23 30 0.999806 
537 299 23 33 0.9998041 
602 321 23 33 0.99975246 
226 315 23 28 0.9997359 
464 304 24 30 0.9997329 
536 221 21 33 0.9996132 
371 379 27 37 0.99957794 
671 316 26 33 0.99955684 
728 240 26 29 0.99951327 
351 237 25 29 0.9994814 
309 317 24 26 0.99945015 
631 378 27 32 0.99941516 
280 230 24 30 0.99940276 
712 389 29 35 0.9993344 
212 234 23 29 0.999331 
391 308 22 31 0.9991798 
441 372 29 40 0.9990689 
280 386 28 33 0.99892956 
404 225 24 26 0.9988405 
526 383 26 37 0.99882156 
783 317 27 28 0.9954758 
704 269 22 22 0.89185053 
417 319 17 34 0.40175563 
489 317 19 32 0.34390318 
439 293 22 35 0.2964186 
563 284 22 36 0.28420016 
185 311 16 12 0.17899282 
576 264 19 28 0.15182452 
859 149 13 18 0.11777465 
680 287 16 25 0.11399041 
104 580 4 5 0.106134064 
98 580 4 4 0.09691923 
313 270 23 22 0.0827252 
291 353 18 27 0.082091175 
644 332 18 32 0.076662496 
384 275 20 27 0.07648927 
538 371 23 32 0.07382655 
104 585 4 5 0.07304963 
109 581 4 5 0.06926905 
109 585 5 5 0.06866818 
97 586 4 5 0.068362534 
596 287 19 24 0.06466667 
568 414 12 14 0.0639874 
736 315 31 46 0.06236343 
498 315 25 44 0.059989937 
410 361 24 44 0.059691854 
222 353 19 26 0.05757354 
740 293 23 32 0.053916708 
701 453 28 26 0.05212928 
426 317 16 29 0.051041197 
98 576 4 4 0.050234538 
104 556 3 4 0.050190397 
587 368 18 30 0.050021138 
123 561 4 5 0.048847117 
71 554 4 5 0.048522864 
338 337 11 16 0.04710888 
110 593 5 6 0.046891756 
270 338 17 23 0.046632312 
89 579 4 4 0.04653311 
337 345 16 25 0.046162117 
91 611 4 5 0.04539339 
781 405 37 44 0.045389775 
103 575 3 4 0.04528595 
162 270 16 13 0.045085963 
91 566 4 5 0.044707928 
97 562 4 4 0.04430396 
533 273 16 26 0.044192005 
116 562 4 4 0.04399696 
736 345 30 42 0.04367078 
135 623 4 6 0.042901393 
110 605 5 5 0.042584732 
90 575 4 5 0.0414139 
426 244 11 19 0.041197196 
85 578 5 5 0.04093606 
85 575 3 5 0.040602457 
115 580 4 5 0.040377367 
473 391 20 32 0.03969773 
79 631 3 6 0.0396457 
78 586 4 6 0.039146416 
117 567 3 4 0.03906779 
110 597 4 6 0.03892375 
619 274 17 24 0.037878606 
102 560 4 5 0.037626293 
482 366 18 28 0.03728287 
191 351 12 15 0.036911603 
598 298 22 28 0.03682588 
994 503 4 6 0.03601885 
92 592 4 5 0.0360145 
91 561 4 5 0.035961147 
50 669 8 13 0.035819706 
96 592 5 5 0.035756066 
72 560 4 6 0.03533442 
78 598 3 5 0.03514842 
111 568 3 4 0.03488824 
591 270 10 19 0.034862064 
949 147 13 13 0.034822408 
317 389 20 26 0.034648586 
89 642 5 6 0.034631453 
78 592 4 5 0.034396958 
77 560 4 5 0.03397741 
126 113 13 15 0.033953413 
553 285 19 29 0.033936393 
524 243 15 29 0.03385528 
143 599 4 5 0.033758003 
260 340 12 18 0.033536013 
148 599 4 5 0.033060048 
128 586 5 5 0.032940134 
117 556 3 3 0.032906737 
115 586 5 4 0.03259591 
109 555 3 4 0.032280404 
320 485 9 8 0.032148793 
78 610 4 6 0.032085557 
110 611 4 5 0.03185494 
405 266 17 27 0.031616796 
427 445 19 26 0.031448744 
103 605 4 6 0.031423077 
122 598 4 5 0.031072909 
53 592 4 6 0.030705176 
122 580 5 5 0.03049871 
85 560 3 5 0.03047329 
72 593 4 5 0.03010003 
123 556 4 4 0.0300402 
115 592 5 6 0.029996313 
98 555 3 3 0.029976938 
641 598 4 5 0.029745191 
287 444 30 31 0.029684035 
72 598 3 5 0.02964737 
435 267 21 25 0.029546056 
97 567 3 4 0.029466968 
85 637 4 6 0.029089343 
84 631 3 5 0.029008789 
116 575 4 4 0.02886438 
78 637 4 5 0.028823618 
72 585 4 6 0.028737387 
411 415 19 31 0.028420802 
103 567 4 5 0.028155917 
104 598 4 4 0.028016062 
581 222 9 15 0.027948646 
84 554 4 6 0.027908562 
66 616 4 7 0.02779209 
359 322 22 27 0.027661446 
241 263 19 23 0.027629338 
155 599 4 5 0.027593214 
122 575 3 4 0.027572352 
83 592 4 5 0.027556125 
27 593 3 5 0.02755318 
103 593 5 6 0.027546793 
110 574 4 4 0.027528089 
135 619 4 4 0.027358534 
116 604 4 6 0.027285157 
97 549 4 5 0.027201436 
123 619 4 5 0.027116157 
97 611 4 5 0.02705203 
489 281 16 25 0.027041009 
720 326 23 35 0.026989797 
655 324 21 31 0.026724702 
140 259 6 7 0.026695974 
432 308 18 32 0.026591035 
617 293 18 26 0.026542066 
60 636 4 6 0.026418885 
829 327 12 13 0.02617539 
79 554 3 5 0.02610056 
66 573 4 5 0.026087796 
440 350 21 37 0.025955044 
72 632 3 5 0.025936797 
38 604 4 6 0.025783934 
263 484 13 13 0.025760492 
282 363 20 31 0.025753506 
122 592 5 6 0.025558326 
560 363 27 42 0.02549886 
326 314 22 26 0.02548014 
111 561 3 4 0.02547837 
65 579 4 5 0.025450751 
78 573 5 6 0.025374718 
65 631 3 5 0.025340738 
321 377 22 25 0.025252 
192 315 14 10 0.025230397 
84 610 4 6 0.025079072 
710 422 9 12 0.025037412 
592 383 17 27 0.024947068 
532 670 8 12 0.024765827 
419 249 18 30 0.024542313 
522 371 21 35 0.02440626 
136 582 3 4 0.024391575 
58 579 4 5 0.024309576 
90 617 4 6 0.024189824 
103 618 4 5 0.024071615 
661 447 23 28 0.023950884 
65 598 4 5 0.023873998 
147 290 8 10 0.023745973 
39 600 4 5 0.023742024 
147 670 8 12 0.023644082 
998 508 5 5 0.02361843 
96 625 5 5 0.023614682 
115 598 5 5 0.02356779 
773 663 8 15 0.023541765 
85 624 3 6 0.023502514 
79 549 3 4 0.023495067 
207 285 20 21 0.023478154 
66 593 4 5 0.023289787 
97 598 3 5 0.023179961 
91 587 4 5 0.02295472 
85 641 5 7 0.022941183 
329 367 18 24 0.022865845 
54 585 4 6 0.022852914 
27 605 4 6 0.022810783 
79 605 4 6 0.02278509 
994 507 4 6 0.02276588 
998 503 4 6 0.02266967 
564 266 22 30 0.022659253 
918 109 23 21 0.022599505 
28 612 4 5 0.02257917 
97 529 4 5 0.022577913 
21 594 3 4 0.022550616 
413 368 12 20 0.022526486 
34 599 4 5 0.022503646 
47 630 4 6 0.022434672 
558 393 30 40 0.022383336 
85 566 3 5 0.02224658 
77 566 4 5 0.022243 
136 573 4 5 0.02221755 
470 356 20 32 0.022198822 
175 593 3 5 0.022184042 
575 400 12 15 0.022147795 
557 445 19 25 0.022113325 
595 223 15 22 0.022001395 
71 565 5 5 0.021974504 
154 593 4 5 0.021964515 
91 598 4 5 0.021958442 
78 643 4 5 0.02183952 
128 592 5 6 0.021814939 
895 58 42 42 0.021786472 
82 649 5 7 0.02168441 
192 317 27 25 0.021633258 
530 282 11 17 0.021618448 
141 586 4 5 0.021595662 
608 605 5 5 0.0215483 
609 267 17 23 0.021542553 
396 274 20 26 0.021536103 
84 598 4 5 0.021451421 
346 308 28 37 0.021416126 
90 606 4 6 0.021332182 
71 253 3 6 0.021304434 
26 599 4 5 0.021293899 
136 586 4 4 0.02127991 
97 605 4 5 0.021268992 
72 580 4 5 0.021263909 
58 599 4 5 0.021159396 
128 619 4 5 0.021080436 
575 381 21 34 0.021043956 
39 611 4 5 0.021014698 
174 598 4 5 0.020962078 
268 286 24 25 0.02094193 
583 279 20 33 0.020900087 
66 611 4 6 0.020875063 
116 623 4 6 0.020830978 
90 555 4 4 0.020827292 
553 239 15 26 0.020819182 
103 611 4 5 0.020799942 
78 580 3 4 0.02069996 
60 642 4 7 0.02059046 
123 567 3 4 0.020583881 
130 623 4 5 0.020559317 
136 592 4 6 0.020524098 
109 643 4 6 0.020521201 
604 402 13 13 0.0204967 
219 297 17 21 0.020361958 
123 586 4 5 0.020350644 
83 587 5 5 0.020327339 
57 585 4 7 0.020155322 
53 579 4 5 0.020120814 
58 592 4 5 0.02011155 
941 509 5 6 0.020083718 
34 605 4 5 0.020082092 
98 642 5 6 0.020076824 
551 255 20 31 0.020045672 
