0_Parade_Parade_0_164
1833
689 330 13 14 0.82364357 
680 233 6 11 0.7887884 
656 251 8 13 0.78397644 
644 260 8 13 0.7794157 
175 356 14 20 0.7493988 
996 360 12 15 0.71980745 
282 324 11 13 0.70960593 
657 283 9 15 0.68412596 
131 368 20 15 0.67467505 
227 343 11 14 0.64580494 
742 255 9 15 0.6253904 
680 271 7 13 0.61292005 
313 310 8 11 0.60975367 
309 527 17 31 0.58566755 
284 303 10 14 0.5787445 
492 354 9 15 0.57699114 
946 388 11 12 0.57588744 
985 324 10 10 0.56672823 
997 442 12 13 0.56465405 
393 469 17 28 0.55479443 
636 303 10 15 0.5483084 
472 267 7 11 0.54744834 
715 300 10 15 0.5402956 
624 271 9 16 0.52956635 
910 366 11 13 0.5194883 
296 241 14 19 0.51866096 
946 301 10 9 0.5179574 
695 260 7 12 0.50820893 
730 266 8 12 0.5062576 
279 276 9 19 0.49122685 
84 418 17 17 0.48778176 
941 420 11 12 0.47385803 
106 412 12 14 0.47356737 
924 473 13 15 0.4606987 
971 339 10 9 0.44991735 
722 236 6 10 0.44969156 
914 287 9 9 0.4444129 
362 334 25 24 0.42567396 
514 341 9 14 0.4070078 
250 303 10 12 0.4059086 
369 382 298 378 0.4022375 
61 426 12 16 0.3812113 
899 268 8 9 0.3774205 
511 246 7 11 0.37626553 
970 293 8 10 0.3645044 
1003 328 9 12 0.3628305 
141 389 13 13 0.35849592 
976 454 14 18 0.35184616 
892 319 11 9 0.3405197 
897 561 15 13 0.33456156 
690 228 6 10 0.32984394 
715 242 6 10 0.32809532 
929 540 12 16 0.32675394 
238 320 11 14 0.32216585 
326 308 8 12 0.31664053 
752 248 7 12 0.31500745 
867 293 8 10 0.31058973 
1012 336 9 12 0.30527836 
275 401 10 13 0.30471545 
666 241 7 12 0.30030948 
833 439 11 13 0.29994684 
741 612 18 32 0.29853916 
833 586 12 14 0.29715064 
383 467 16 31 0.2970168 
362 299 12 12 0.28611824 
899 501 16 14 0.27769038 
849 268 7 8 0.27672517 
866 398 13 14 0.27598867 
335 319 9 12 0.27159464 
692 284 6 11 0.27127877 
941 446 8 12 0.26593515 
730 261 6 10 0.26432616 
940 280 9 9 0.26408222 
989 424 11 12 0.25876626 
919 249 7 7 0.25543037 
278 359 12 17 0.25283745 
649 318 9 13 0.2501561 
479 34 30 50 0.24574831 
722 281 7 9 0.23874319 
953 274 8 9 0.23618264 
120 411 13 12 0.23297863 
701 221 4 8 0.22356485 
840 274 7 8 0.21822411 
15 437 15 15 0.21094248 
946 457 11 13 0.20254023 
897 393 13 13 0.19950034 
537 242 7 9 0.19820157 
701 37 10 11 0.19787599 
926 275 8 8 0.19675098 
903 281 8 9 0.19618624 
554 307 9 17 0.19478229 
820 377 9 10 0.19467832 
366 636 82 94 0.1932854 
538 247 7 10 0.19168893 
353 343 26 26 0.19147448 
968 314 10 10 0.19110619 
510 347 11 17 0.19007488 
945 395 15 16 0.18854155 
697 237 5 8 0.18514103 
398 266 9 12 0.18117858 
811 388 9 11 0.17793582 
902 338 10 10 0.17734195 
998 299 7 10 0.17635031 
914 218 7 7 0.173869 
484 391 11 16 0.17094101 
724 260 5 8 0.1690889 
930 398 11 13 0.16835633 
706 273 6 10 0.16455688 
415 288 6 9 0.16317314 
914 312 9 9 0.16168033 
653 166 5 8 0.16095138 
875 432 10 13 0.16075303 
340 294 6 9 0.16032659 
711 245 6 11 0.15857802 
236 476 16 31 0.15805443 
858 313 7 10 0.15769666 
449 424 10 17 0.15731786 
822 398 12 13 0.15700045 
831 413 12 11 0.1568372 
454 317 8 11 0.15578896 
387 301 11 13 0.15428595 
440 295 7 12 0.1534011 
397 480 19 30 0.15290408 
448 267 8 10 0.15289237 
716 274 6 9 0.15138625 
1002 560 11 16 0.15084572 
690 224 5 8 0.14640246 
730 236 5 9 0.14602165 
429 247 8 9 0.14502631 
961 235 6 8 0.14476405 
716 268 6 8 0.14343646 
512 252 7 10 0.14234112 
479 242 6 8 0.1422883 
770 235 4 9 0.14214064 
719 237 5 8 0.14203836 
88 395 13 12 0.14028986 
620 210 5 7 0.14005315 
886 451 11 15 0.13952066 
796 427 12 13 0.13882823 
963 383 10 11 0.13839339 
865 375 8 12 0.13528286 
837 386 11 13 0.13410659 
916 317 9 9 0.13205086 
972 368 9 10 0.13134854 
1013 341 10 15 0.13054788 
849 369 9 10 0.13050269 
616 210 5 7 0.12911849 
916 269 8 7 0.12850119 
805 381 9 11 0.12751311 
866 330 10 10 0.12656543 
740 227 6 11 0.12601611 
884 261 7 8 0.12521029 
698 240 4 8 0.12455275 
429 212 4 6 0.123179786 
132 481 10 12 0.1227606 
841 345 10 10 0.12257649 
919 224 7 7 0.122534044 
985 494 19 24 0.121932745 
692 233 5 10 0.12090052 
952 468 13 14 0.119906686 
937 331 9 9 0.117772 
409 249 8 11 0.11714087 
888 633 12 15 0.11710581 
738 228 5 9 0.116553366 
507 246 6 10 0.11558274 
893 398 13 12 0.114213966 
590 375 17 25 0.11415281 
730 229 4 7 0.1140052 
519 240 6 9 0.113592505 
696 254 7 12 0.11359069 
519 206 5 7 0.11343315 
248 362 9 10 0.11315597 
570 206 5 7 0.11306589 
944 352 10 9 0.112630606 
897 412 12 13 0.111641474 
867 380 10 11 0.11074585 
477 194 3 5 0.110523075 
298 380 15 12 0.109704375 
871 356 8 9 0.109685905 
565 222 7 9 0.109599575 
181 375 10 13 0.10933524 
524 236 5 9 0.109253675 
741 249 7 9 0.10906293 
774 224 5 7 0.10895722 
473 262 7 10 0.108450994 
872 273 7 8 0.1080878 
506 234 6 8 0.10808005 
418 272 7 9 0.107945934 
901 224 7 7 0.107906565 
999 638 17 24 0.10785454 
926 408 11 12 0.10730719 
221 354 12 16 0.10728055 
498 236 5 9 0.10602175 
256 375 11 14 0.10524583 
489 387 10 14 0.10485737 
124 349 13 13 0.1043497 
742 224 4 7 0.104336694 
960 325 9 9 0.10432617 
287 259 8 12 0.10376193 
667 236 6 9 0.102312624 
761 263 4 7 0.10204129 
943 426 12 16 0.10155344 
634 187 4 6 0.10116587 
940 224 6 7 0.10037852 
499 241 6 9 0.10025344 
830 154 5 7 0.10021901 
361 320 10 14 0.099716015 
486 193 3 5 0.09926635 
902 218 6 6 0.09902037 
609 210 4 6 0.098050684 
456 194 3 5 0.097798824 
938 544 12 15 0.09745566 
219 365 15 19 0.09685981 
722 256 5 9 0.096498765 
494 236 5 7 0.09581389 
672 179 4 6 0.09551306 
487 262 7 9 0.09524644 
882 411 12 13 0.094771825 
481 193 3 5 0.09346745 
670 246 6 10 0.093155436 
897 224 5 6 0.09307686 
467 271 8 11 0.09293545 
889 141 5 7 0.09222011 
427 291 7 10 0.0921786 
944 452 10 12 0.09212423 
597 204 5 7 0.0920347 
709 274 6 9 0.09190304 
719 255 5 9 0.09164548 
194 374 10 13 0.091453075 
921 431 9 12 0.09137721 
456 198 4 5 0.09123572 
526 248 6 9 0.09108731 
697 174 5 6 0.09106345 
871 128 4 6 0.09097595 
678 252 5 9 0.09046295 
718 260 5 9 0.0900971 
577 219 5 7 0.08855869 
576 221 5 7 0.08849946 
1015 697 10 18 0.08824007 
493 203 5 7 0.08816677 
895 298 7 8 0.088052094 
916 223 6 6 0.08800846 
486 254 6 8 0.0875079 
639 222 5 8 0.08726736 
476 198 4 5 0.08706671 
423 248 8 9 0.08678044 
863 269 7 7 0.08661022 
935 250 8 8 0.08650322 
467 205 4 6 0.08637108 
468 243 6 7 0.08634521 
436 313 9 14 0.08613441 
246 388 8 12 0.08600024 
23 432 13 15 0.085829556 
489 199 4 5 0.08562826 
913 307 9 9 0.08533338 
910 129 5 7 0.084051475 
511 234 5 8 0.084021494 
936 338 10 9 0.083890386 
889 279 8 8 0.083653405 
735 242 6 10 0.08339719 
457 381 11 13 0.083360665 
841 392 10 11 0.08306916 
920 274 8 7 0.08306638 
550 249 8 10 0.08305179 
448 249 6 7 0.08288401 
413 385 8 14 0.08286808 
330 306 6 10 0.08276443 
607 338 9 16 0.08268986 
620 235 5 8 0.082515806 
864 326 9 8 0.082434356 
375 298 9 11 0.08242457 
931 307 9 9 0.082185835 
437 206 4 5 0.082037225 
427 279 7 8 0.08188284 
952 268 7 8 0.08159349 
856 262 6 7 0.08145243 
252 309 10 14 0.08092314 
704 254 5 10 0.08081481 
883 256 8 8 0.0806885 
885 140 5 7 0.080574006 
581 217 6 7 0.0799708 
857 344 9 9 0.07992828 
934 267 6 7 0.07972876 
775 228 4 8 0.07922249 
927 349 8 9 0.07902546 
768 160 4 5 0.07883314 
941 275 8 9 0.07864488 
687 253 4 9 0.07863464 
675 360 12 15 0.07823133 
465 420 10 17 0.07751377 
486 360 9 14 0.0773828 
974 342 11 10 0.07737205 
461 261 6 8 0.07724264 
892 453 11 13 0.07721968 
883 300 7 7 0.077169016 
492 200 4 5 0.07703131 
934 381 9 11 0.07697162 
1018 438 8 12 0.07693711 
468 200 3 4 0.0766842 
474 242 6 7 0.076518 
875 269 7 7 0.07648467 
933 345 9 10 0.07633219 
889 299 7 7 0.07621902 
957 343 10 9 0.07621083 
960 386 10 12 0.07601959 
609 230 5 7 0.075960234 
475 285 8 11 0.07584476 
832 157 5 7 0.075823925 
524 241 5 9 0.07570265 
908 261 8 8 0.07557268 
615 201 4 4 0.0750579 
343 294 5 8 0.07503283 
435 263 6 8 0.07492743 
926 381 9 11 0.07457789 
584 206 5 6 0.074520886 
749 162 3 4 0.07416691 
958 320 8 9 0.073949754 
458 279 8 11 0.07394894 
435 267 7 8 0.073893756 
854 331 8 8 0.07324359 
897 382 11 10 0.07305594 
874 351 10 9 0.072983526 
983 278 9 11 0.07288866 
892 425 10 11 0.07270935 
332 344 9 10 0.07266595 
736 288 5 9 0.07245733 
718 279 6 8 0.07242343 
683 229 6 10 0.07227723 
317 328 11 13 0.07227704 
404 252 7 10 0.072116524 
594 298 6 10 0.07205206 
74 497 9 12 0.07194639 
292 323 9 11 0.07187764 
609 206 4 6 0.071699545 
853 160 4 7 0.07153164 
501 217 6 8 0.07121025 
871 135 4 6 0.071038954 
1007 330 10 12 0.07075997 
448 255 7 8 0.07070286 
588 211 4 5 0.07057412 
489 204 4 6 0.07054682 
895 256 6 7 0.070486926 
1006 324 9 11 0.070320934 
327 246 9 12 0.07030195 
99 371 9 16 0.07006513 
362 307 13 15 0.06976789 
671 253 6 10 0.06972258 
616 205 5 6 0.06949761 
730 256 5 9 0.0692474 
752 243 5 8 0.06918326 
521 33 34 49 0.0691167 
461 200 3 5 0.068748966 
704 161 4 4 0.068702415 
744 162 3 4 0.06866753 
683 239 6 10 0.06841618 
567 227 7 10 0.06838254 
0 430 5 11 0.0681959 
967 268 7 9 0.06804338 
741 285 7 10 0.06795473 
513 198 4 6 0.067677565 
526 201 4 5 0.067624494 
715 294 8 10 0.06743107 
757 155 2 4 0.06710008 
602 231 5 6 0.06699093 
930 243 5 6 0.06687567 
389 333 8 9 0.06681905 
502 280 6 10 0.06678863 
990 350 10 11 0.06657532 
628 186 4 6 0.06652293 
531 204 5 6 0.06639828 
112 394 14 13 0.06632354 
686 249 5 8 0.06594234 
795 141 4 5 0.06588635 
544 217 5 7 0.06588586 
762 246 6 11 0.06577493 
410 342 9 10 0.06552402 
851 264 6 7 0.065414906 
895 230 5 6 0.06524763 
406 490 14 22 0.06485542 
763 161 3 4 0.064766936 
959 351 9 10 0.06460183 
670 297 7 12 0.064356856 
738 246 4 9 0.0643067 
781 149 4 4 0.06427723 
357 318 10 11 0.06408923 
576 362 7 11 0.06397094 
482 188 3 5 0.06388184 
762 241 5 10 0.063781135 
873 140 4 6 0.06369028 
731 162 3 4 0.06346357 
469 211 5 6 0.063432924 
526 338 6 11 0.06338054 
863 436 12 13 0.06307409 
539 238 6 8 0.06293396 
887 333 8 8 0.062922284 
850 274 7 8 0.06287926 
641 188 3 5 0.06286483 
452 261 7 10 0.06274024 
825 293 5 8 0.06265958 
1011 293 5 8 0.062359136 
106 397 18 20 0.06226942 
473 212 5 7 0.062248524 
601 262 6 9 0.06209904 
311 306 15 20 0.06208721 
685 179 4 6 0.062022764 
845 367 9 10 0.061873082 
519 193 4 6 0.061804738 
952 615 12 14 0.061659563 
711 168 4 5 0.0615938 
738 155 3 4 0.061143477 
687 285 6 9 0.061012622 
525 254 7 11 0.06086235 
659 275 7 12 0.060630392 
367 303 11 11 0.060397305 
337 345 6 8 0.060299158 
891 146 5 7 0.060108304 
915 237 7 7 0.059956223 
627 205 4 6 0.059926607 
836 166 6 9 0.059564885 
100 497 13 13 0.059491675 
692 148 4 4 0.059252806 
376 275 9 8 0.059234638 
957 338 9 8 0.059065707 
705 228 5 8 0.05903333 
455 421 15 21 0.059027012 
910 218 6 6 0.058864415 
769 156 3 4 0.058831584 
652 216 7 8 0.05880635 
313 324 10 13 0.058747914 
880 454 11 15 0.058670465 
1017 353 9 13 0.058666646 
884 136 4 6 0.058472533 
601 204 5 7 0.058446422 
635 200 4 6 0.058440953 
870 268 7 8 0.05842258 
524 205 5 6 0.058331367 
893 315 10 8 0.058323212 
875 167 5 7 0.058283493 
591 297 5 10 0.05826643 
933 263 7 7 0.05819486 
646 199 4 6 0.057883386 
667 188 4 5 0.057815958 
479 198 4 6 0.057737473 
718 168 3 4 0.05762926 
449 205 5 6 0.057617247 
649 285 5 10 0.057614863 
769 231 4 7 0.057596203 
706 250 4 8 0.05755855 
877 135 5 6 0.057486795 
725 155 3 4 0.057277467 
888 173 7 9 0.057238497 
411 287 6 8 0.057121404 
903 212 6 6 0.057002075 
782 235 5 9 0.056948617 
620 206 4 6 0.056936275 
952 166 7 9 0.056681167 
825 371 7 8 0.056631085 
365 582 16 30 0.056593794 
640 204 5 7 0.056424472 
1019 311 7 9 0.056390714 
883 155 4 5 0.056364153 
373 303 10 12 0.056361586 
974 432 10 13 0.056268875 
580 356 7 11 0.056095973 
436 217 5 7 0.056051403 
253 316 11 14 0.055979297 
626 210 5 7 0.055943303 
895 242 6 8 0.055917464 
919 438 9 13 0.055896588 
730 287 6 8 0.05588027 
479 237 6 8 0.05579138 
893 419 11 12 0.055709153 
437 211 4 5 0.05568729 
883 306 7 7 0.055568766 
956 594 14 17 0.055308282 
437 274 6 8 0.055281647 
355 339 13 18 0.05520982 
876 140 4 6 0.05520778 
442 206 4 6 0.05518398 
948 236 6 6 0.055077385 
932 275 8 8 0.05500717 
563 152 4 5 0.05445718 
920 411 12 12 0.05436474 
423 287 7 9 0.054307282 
762 237 5 8 0.054274183 
647 192 4 5 0.054077383 
737 162 3 4 0.05407103 
925 338 8 8 0.0539894 
856 161 4 6 0.053875864 
601 161 5 7 0.053654045 
46 395 12 12 0.05365246 
926 444 9 12 0.053542826 
896 237 5 6 0.05352153 
642 192 3 4 0.053492337 
771 225 4 6 0.053410977 
551 236 6 7 0.05333588 
985 480 21 23 0.053303767 
995 648 11 14 0.05326854 
635 191 3 5 0.05305297 
609 152 4 6 0.053049736 
272 355 12 16 0.052934706 
884 267 6 7 0.05292451 
682 277 8 13 0.052713864 
915 133 4 6 0.052535962 
686 161 3 5 0.052433576 
871 361 8 10 0.052328367 
494 240 6 9 0.052259307 
871 258 5 5 0.05209604 
939 385 12 13 0.052092656 
896 262 6 7 0.05198268 
704 267 6 11 0.051735505 
933 294 9 8 0.051709797 
913 263 7 6 0.051706012 
365 276 5 7 0.051704507 
699 161 4 5 0.05164626 
903 229 7 6 0.051634096 
480 249 5 7 0.051617805 
686 166 4 6 0.051529676 
879 344 9 8 0.05148879 
898 570 14 13 0.05144927 
966 254 5 7 0.051395282 
479 280 6 10 0.051366046 
451 388 16 20 0.05134514 
904 250 6 6 0.051312454 
607 218 6 7 0.051294576 
953 323 9 9 0.05128835 
722 274 6 9 0.051263973 
691 249 4 8 0.051243983 
269 348 10 12 0.051189963 
678 345 9 10 0.051108878 
563 149 4 5 0.051075976 
896 203 5 6 0.05104544 
864 134 4 7 0.050972104 
890 198 5 6 0.050955158 
815 407 12 12 0.050913155 
821 293 5 7 0.050750162 
357 522 10 16 0.05069891 
584 211 5 5 0.050601628 
854 165 4 6 0.05057703 
481 300 6 9 0.050536152 
705 278 6 10 0.05049699 
712 237 4 6 0.05045119 
602 218 5 7 0.050441287 
736 168 3 4 0.0504176 
992 721 23 21 0.050411124 
633 173 4 6 0.05016897 
839 299 8 9 0.05013937 
902 262 6 7 0.05011655 
711 173 4 5 0.050084192 
749 167 3 4 0.0500543 
908 211 6 6 0.050026305 
827 470 12 15 0.05001017 
181 347 12 21 0.049958207 
545 212 4 5 0.049922552 
486 217 4 6 0.04989809 
590 224 5 6 0.04977733 
936 225 5 6 0.049672905 
302 376 21 22 0.049549837 
590 218 4 5 0.049520813 
897 153 5 7 0.049423374 
419 267 7 9 0.04930845 
882 279 7 8 0.04926255 
882 122 4 5 0.049227916 
908 256 6 7 0.04912197 
929 310 7 9 0.049115375 
340 289 5 7 0.049034253 
908 148 4 5 0.048926502 
711 155 3 4 0.048875287 
697 250 6 8 0.048795395 
596 218 5 6 0.048661776 
519 230 4 6 0.04862118 
757 150 2 3 0.04837699 
861 471 11 13 0.048374597 
401 263 6 9 0.04835296 
859 135 4 5 0.048325777 
876 257 6 5 0.048218243 
869 262 6 6 0.04817432 
699 167 3 5 0.048136637 
486 236 6 8 0.048094787 
504 223 6 7 0.04806448 
665 191 5 6 0.048053302 
990 459 11 14 0.04800489 
490 266 6 9 0.048002165 
539 153 4 6 0.047976088 
902 243 6 6 0.047962237 
881 356 9 9 0.047832474 
839 279 7 8 0.047783285 
474 237 6 7 0.04776909 
500 222 6 8 0.047753077 
971 355 9 10 0.04763957 
948 305 10 10 0.047612935 
723 232 4 6 0.047380082 
730 226 4 6 0.04723885 
524 210 5 6 0.04720945 
602 165 4 6 0.047160108 
853 279 6 8 0.047113273 
917 274 6 6 0.047105186 
730 155 3 4 0.047048323 
429 216 5 7 0.047040462 
764 149 2 4 0.047018785 
904 147 4 6 0.046989713 
781 136 3 5 0.046947476 
902 237 6 6 0.046917655 
929 218 5 5 0.04691132 
920 254 7 7 0.046789315 
691 254 6 10 0.046780158 
757 262 5 9 0.046768006 
216 523 72 87 0.046723805 
616 217 5 6 0.046645563 
480 255 6 7 0.04660222 
508 166 3 5 0.04656661 
501 211 5 6 0.04635235 
563 160 4 5 0.04620741 
738 225 4 6 0.046137795 
723 169 3 3 0.046119202 
670 236 6 9 0.046085034 
685 147 3 5 0.04608324 
860 535 11 14 0.046071682 
442 211 4 5 0.046050612 
506 193 3 5 0.04595986 
476 204 5 6 0.045955896 
486 212 4 6 0.045944214 
731 168 4 4 0.04587938 
634 212 5 6 0.045803085 
484 242 6 7 0.045789666 
620 231 5 6 0.045776855 
185 477 13 12 0.045651693 
878 155 4 6 0.045622077 
381 292 9 10 0.045536764 
677 191 5 7 0.04542572 
515 248 7 9 0.045386445 
935 368 9 11 0.045290977 
684 174 4 5 0.04528957 
995 589 19 22 0.04527747 
460 275 7 9 0.045156833 
765 231 4 6 0.045119945 
744 168 3 4 0.045119762 
597 210 5 6 0.045038946 
834 552 19 21 0.044919185 
918 291 9 9 0.04490997 
92 414 11 13 0.044845693 
970 288 8 9 0.044802353 
870 154 4 6 0.04479166 
757 135 3 5 0.044730682 
486 188 3 5 0.044707306 
920 229 6 6 0.04460074 
746 253 7 11 0.044592194 
710 230 4 8 0.04454827 
889 136 4 5 0.04440662 
915 160 5 6 0.044389 
364 279 7 8 0.044375386 
895 376 11 11 0.044360045 
396 356 8 10 0.044338804 
397 336 6 8 0.04420719 
983 513 11 14 0.04420266 
830 518 11 19 0.044199865 
910 133 5 5 0.04411931 
843 280 6 8 0.04410298 
776 142 2 5 0.044101965 
481 274 6 8 0.04405898 
456 212 4 5 0.043942943 
898 218 5 6 0.043864008 
957 609 20 23 0.043847125 
646 187 4 5 0.04375082 
831 386 11 12 0.043728825 
481 324 8 11 0.043722045 
423 242 7 10 0.043715335 
652 212 5 7 0.043691576 
482 217 5 6 0.04361372 
428 254 6 7 0.043579742 
804 501 12 15 0.04357066 
680 180 4 5 0.043529864 
672 161 4 5 0.04347334 
430 146 6 10 0.043438517 
582 180 4 4 0.04324687 
435 279 7 9 0.043246176 
964 390 12 14 0.04322294 
388 501 10 18 0.04320914 
856 326 8 9 0.043179125 
734 261 6 10 0.043163754 
518 373 9 15 0.04315008 
856 257 6 6 0.04314954 
430 262 6 7 0.04313338 
565 218 6 7 0.043021224 
783 240 5 10 0.042862523 
581 192 5 6 0.042802304 
575 207 4 5 0.04278612 
706 156 3 3 0.042778067 
769 143 3 4 0.04272187 
45 402 21 21 0.042702504 
354 317 7 9 0.042698275 
673 191 5 6 0.042691417 
376 304 20 21 0.04265321 
432 242 7 9 0.042604685 
921 352 8 9 0.042596925 
295 330 7 9 0.042587608 
981 325 9 9 0.04257752 
519 199 5 5 0.042490773 
1017 195 8 12 0.042488597 
922 209 7 8 0.042460676 
530 201 4 5 0.04243939 
468 247 6 7 0.04243347 
750 156 3 3 0.04242637 
938 253 7 8 0.04234873 
684 262 5 9 0.04234373 
473 256 7 8 0.04215246 
826 288 4 7 0.042018253 
455 217 5 7 0.04200399 
880 376 11 10 0.041776866 
994 241 7 8 0.041747026 
979 262 7 8 0.0417141 
608 223 5 6 0.04154355 
922 166 7 8 0.041503966 
1017 242 5 7 0.04148975 
910 152 4 7 0.041465797 
493 194 4 4 0.041344993 
602 292 6 9 0.0413006 
712 292 7 9 0.04126896 
827 148 4 6 0.041268874 
841 353 11 12 0.041266195 
780 154 4 4 0.04120403 
866 263 5 5 0.041006885 
546 275 4 6 0.040941402 
834 142 3 5 0.040925354 
583 237 6 8 0.040861156 
672 174 3 6 0.040847525 
839 141 4 6 0.040830866 
655 199 4 5 0.040778264 
870 160 4 6 0.040699318 
554 300 8 12 0.040671796 
453 524 11 20 0.04063237 
563 234 6 7 0.04058329 
582 223 4 6 0.040529974 
705 236 4 8 0.04050236 
646 204 5 6 0.040385783 
1004 191 8 10 0.04036067 
946 616 9 11 0.04029896 
929 224 5 5 0.04029417 
878 281 6 7 0.040263858 
901 349 10 10 0.04026214 
622 179 3 6 0.04020768 
479 205 4 6 0.040150635 
894 249 6 7 0.04008175 
673 186 4 5 0.04007171 
292 337 10 13 0.039992545 
763 156 3 3 0.039985515 
928 237 6 7 0.039967615 
335 294 5 7 0.039921176 
865 385 14 16 0.039918557 
891 243 6 7 0.039914336 
868 288 8 8 0.03984357 
693 174 5 5 0.039795637 
185 554 80 97 0.039735775 
528 336 9 15 0.03967771 
420 263 6 8 0.03955345 
357 331 10 15 0.03950453 
860 317 9 8 0.0395022 
877 129 5 5 0.039499287 
501 194 3 4 0.03948359 
960 330 9 9 0.03948151 
686 191 7 8 0.039477997 
359 293 8 10 0.039473332 
832 293 6 8 0.039468795 
504 211 5 7 0.039462786 
635 223 6 7 0.039461855 
856 339 8 8 0.039418697 
960 152 7 8 0.03938915 
966 251 4 6 0.039331313 
865 129 4 6 0.039243817 
563 193 6 6 0.039243195 
391 493 20 27 0.03924077 
852 135 4 6 0.0392332 
886 173 5 6 0.039223764 
509 389 7 9 0.039214324 
533 211 5 5 0.039187573 
514 194 3 4 0.039180998 
831 281 6 6 0.039115787 
749 264 6 11 0.039082732 
461 179 4 5 0.039019987 
369 346 24 27 0.038987756 
880 121 4 5 0.038981058 
757 161 3 4 0.038919035 
680 168 3 4 0.038842175 
617 236 4 7 0.03877464 
815 454 13 14 0.038773518 
951 187 68 78 0.038737144 
659 187 4 5 0.038714886 
373 110 7 13 0.03867951 
507 198 3 5 0.038668144 
416 172 4 7 0.038553465 
763 254 4 7 0.038534433 
647 161 3 5 0.03847666 
958 279 6 8 0.038470864 
544 147 5 6 0.038465116 
529 255 6 9 0.03844433 
989 330 8 10 0.03841587 
537 347 9 15 0.038381573 
709 279 6 9 0.038369715 
955 222 6 7 0.038361553 
933 242 6 7 0.03832944 
638 217 5 7 0.038305547 
725 149 2 4 0.038217712 
461 250 6 6 0.038214047 
872 166 6 7 0.038205177 
694 265 6 11 0.03819835 
882 159 5 6 0.038180355 
375 311 11 12 0.0381652 
396 291 8 9 0.03816419 
542 260 6 10 0.038153924 
506 352 9 15 0.03815062 
845 141 4 6 0.038125712 
680 262 5 9 0.038114067 
279 334 12 13 0.038104597 
570 249 5 7 0.037999064 
555 236 6 7 0.037942782 
649 166 4 6 0.037916213 
679 160 3 5 0.03791411 
577 187 6 6 0.03786104 
198 469 9 10 0.037812278 
939 158 8 10 0.037787113 
964 473 10 15 0.03777195 
539 252 5 9 0.03775702 
158 355 8 12 0.037696738 
437 298 6 10 0.037671562 
462 255 5 8 0.037596278 
850 345 7 8 0.037552033 
551 243 6 7 0.037524432 
986 298 7 8 0.0374956 
731 173 3 4 0.037470903 
276 292 7 11 0.037364043 
596 230 4 6 0.037259057 
658 198 4 6 0.03724637 
451 200 3 5 0.03723424 
895 331 9 8 0.037188035 
123 417 12 11 0.037162162 
588 187 5 5 0.03713465 
948 231 5 6 0.0371248 
379 342 12 13 0.037121464 
635 216 6 7 0.037075315 
505 266 6 9 0.037069034 
876 263 6 6 0.03703342 
775 156 4 4 0.03701646 
423 253 6 8 0.036990315 
814 135 4 6 0.0369675 
245 322 11 13 0.036886282 
467 256 6 8 0.036783703 
627 232 5 5 0.036690075 
241 391 11 13 0.036690038 
630 174 3 6 0.036681764 
1020 294 5 8 0.03668067 
543 154 4 5 0.036645487 
473 249 6 6 0.03662346 
879 351 10 9 0.036622327 
985 625 38 44 0.0365444 
601 224 4 5 0.03652442 
388 293 9 10 0.036494553 
678 154 4 5 0.036490444 
570 153 4 4 0.03647424 
878 338 8 9 0.036453478 
830 371 5 7 0.036439665 
439 280 7 8 0.03642117 
1012 255 5 7 0.036400132 
602 235 5 6 0.03636855 
469 194 2 4 0.03630943 
345 287 4 8 0.03628601 
525 230 4 7 0.036280252 
578 180 4 5 0.03618018 
590 230 4 6 0.036173943 
918 697 12 12 0.036161724 
697 177 5 7 0.036129065 
461 194 3 4 0.036121424 
130 353 21 20 0.036116414 
980 254 6 8 0.036094613 
705 167 4 5 0.03609275 
918 450 12 17 0.036077805 
742 219 4 6 0.036077566 
975 567 20 20 0.03602513 
985 354 10 11 0.03602137 
121 338 8 8 0.03601587 
974 236 3 5 0.036011517 
889 337 8 8 0.035974786 
940 54 8 14 0.035961047 
544 222 6 7 0.035934746 
718 162 3 4 0.035829343 
391 351 6 8 0.03580091 
892 230 5 6 0.035800222 
551 223 4 7 0.03579806 
589 174 3 5 0.035674497 
725 162 3 3 0.03563625 
857 174 5 7 0.035635542 
640 200 4 5 0.035630547 
659 192 5 6 0.035578992 
821 149 4 5 0.03554192 
273 221 8 10 0.0355357 
413 253 7 8 0.035524916 
691 167 3 4 0.0354631 
333 299 6 9 0.03543419 
874 370 10 9 0.03542464 
634 179 3 5 0.035346925 
558 186 6 6 0.03529778 
973 521 9 13 0.03527399 
889 325 8 8 0.035273116 
1019 254 6 9 0.03519178 
653 280 7 14 0.03517511 
832 148 4 5 0.035144374 
635 204 4 5 0.03509754 
859 130 3 5 0.035096534 
916 230 6 6 0.035074756 
919 219 6 6 0.035060618 
871 122 3 6 0.03506044 
897 181 29 34 0.03504601 
843 305 7 10 0.034997642 
485 305 6 8 0.034987785 
157 469 12 12 0.034868028 
507 186 4 6 0.034853034 
855 388 8 12 0.03483063 
1020 286 6 9 0.03481394 
885 381 11 11 0.034773126 
1020 299 5 8 0.034763873 
668 198 4 7 0.034678806 
616 224 4 6 0.03466703 
639 375 6 7 0.03461401 
914 213 5 5 0.034556583 
487 231 5 6 0.034518357 
984 534 9 12 0.03450731 
966 307 8 8 0.034494832 
653 204 5 6 0.03447996 
1038 354 25 36 0.034478225 
628 200 4 6 0.03443994 
499 306 6 8 0.03436934 
609 325 8 11 0.03436111 
777 128 3 5 0.034359448 
620 217 4 6 0.03434264 
849 388 9 12 0.034307294 
654 193 4 5 0.03428455 
642 179 4 5 0.03427027 
150 387 10 11 0.034262106 
628 179 3 5 0.03425186 
410 380 15 25 0.034193635 
996 294 8 10 0.034190614 
324 343 11 11 0.034182988 
927 269 6 6 0.03415661 
478 268 6 8 0.03411324 
915 243 7 7 0.03410003 
969 612 14 16 0.034059413 
537 206 5 5 0.034043603 
884 295 7 7 0.034008007 
373 319 19 21 0.033992644 
686 196 6 7 0.033987667 
902 197 5 6 0.03397713 
619 224 5 7 0.033966597 
1008 320 7 9 0.03396619 
400 288 7 8 0.0339412 
993 286 7 8 0.03393796 
914 130 4 6 0.033936504 
856 474 9 12 0.033892732 
581 186 5 6 0.03389268 
460 218 5 7 0.03384265 
884 326 7 7 0.0338349 
940 350 9 10 0.033830307 
896 142 3 6 0.03381399 
244 504 21 32 0.033784423 
641 166 4 6 0.033772457 
623 153 4 4 0.03375759 
650 259 7 13 0.03370433 
231 347 12 13 0.033692714 
494 211 4 6 0.033634797 
478 261 6 9 0.03359504 
623 185 4 6 0.033594266 
806 166 4 6 0.033580374 
977 299 7 8 0.03356456 
448 223 5 6 0.033541072 
1020 306 15 21 0.033524007 
907 224 7 6 0.03351611 
861 544 13 16 0.033513613 
712 149 2 4 0.03350081 
897 274 7 8 0.033486336 
832 276 5 7 0.033441357 
243 313 16 18 0.033383366 
641 173 4 6 0.03338259 
895 386 13 13 0.03336314 
783 142 2 4 0.033291984 
886 197 5 7 0.03328367 
698 155 3 5 0.03326434 
376 317 11 12 0.033255477 
49 431 11 13 0.03319879 
940 299 9 8 0.033154923 
938 295 9 8 0.033139978 
941 220 4 6 0.033136357 
903 128 5 6 0.033133212 
915 283 7 7 0.03312345 
680 149 3 5 0.03311279 
798 389 7 10 0.033037018 
584 175 3 4 0.033002153 
930 250 6 6 0.03296691 
946 324 9 9 0.03295522 
524 217 6 8 0.032878224 
960 262 6 7 0.032877292 
838 159 5 6 0.032863922 
718 156 3 3 0.032847695 
513 205 5 6 0.03283985 
988 320 9 9 0.032788362 
655 186 4 5 0.032782335 
949 210 6 6 0.032776497 
568 219 6 7 0.03277613 
502 284 7 11 0.032757033 
576 211 4 5 0.032752316 
47 416 15 15 0.03270925 
391 268 5 9 0.032626715 
653 154 4 5 0.03262058 
472 216 6 7 0.032581836 
681 173 3 5 0.032579523 
283 354 17 20 0.03257814 
953 211 5 6 0.032548614 
842 585 10 15 0.03254297 
865 489 13 13 0.03254096 
976 410 10 15 0.032510247 
856 275 7 8 0.032490913 
328 438 17 30 0.03238628 
909 243 6 7 0.032352407 
607 297 8 13 0.03234693 
614 230 5 7 0.032327924 
1020 323 7 11 0.032293756 
940 228 6 7 0.0322369 
164 351 10 16 0.032232556 
667 304 8 11 0.032184158 
737 149 3 3 0.032176085 
868 427 9 12 0.032172687 
401 293 7 7 0.032128394 
546 281 4 7 0.032121025 
883 251 5 6 0.032104485 
337 349 7 9 0.032099597 
481 212 4 6 0.032089557 
877 180 4 7 0.032029465 
697 148 3 4 0.0320217 
596 199 4 6 0.032004237 
610 200 3 5 0.03197365 
448 211 5 5 0.031965364 
481 224 6 6 0.031945977 
447 292 8 11 0.03194252 
823 482 12 15 0.031913966 
500 301 5 7 0.031897794 
686 154 3 6 0.031854793 
454 204 5 6 0.03185289 
776 135 4 5 0.03185031 
712 161 3 4 0.03184874 
468 238 6 6 0.031841945 
614 367 10 12 0.031827156 
126 339 8 7 0.03180274 
485 273 7 10 0.031752385 
953 235 6 7 0.031735245 
717 173 3 5 0.03166371 
239 380 12 14 0.031641196 
646 311 7 12 0.031628385 
460 204 5 6 0.031623937 
919 237 7 6 0.031602047 
896 147 4 6 0.03158857 
730 149 3 3 0.031576466 
647 154 4 5 0.031540975 
935 229 6 6 0.0315349 
198 324 6 8 0.031530306 
83 404 20 20 0.031528044 
558 153 4 5 0.031492006 
717 288 6 8 0.031480312 
738 220 4 5 0.031459402 
456 187 3 6 0.03144849 
927 288 6 7 0.031439427 
662 280 7 12 0.03141929 
5 402 5 7 0.031401638 
411 292 6 8 0.03137956 
670 199 5 6 0.031363897 
558 148 5 5 0.03135831 
410 476 16 28 0.031340163 
838 237 74 78 0.03131814 
939 326 8 9 0.03126522 
885 193 4 7 0.031258274 
499 205 4 6 0.031156236 
533 222 5 8 0.031140966 
719 232 4 6 0.031123005 
493 186 5 5 0.031064464 
811 402 9 11 0.031051168 
741 243 5 8 0.031026479 
867 153 4 6 0.031000393 
631 277 7 14 0.03099798 
904 256 6 6 0.030969964 
984 575 40 43 0.03093498 
664 291 8 13 0.030924506 
479 293 6 9 0.030915497 
552 231 5 6 0.030899614 
431 206 3 5 0.030885085 
893 225 4 5 0.030824125 
788 142 3 4 0.030802697 
914 154 4 6 0.030729797 
949 452 10 13 0.030689798 
453 284 9 11 0.030687941 
627 234 5 7 0.03063948 
1020 281 6 9 0.030623503 
566 405 8 14 0.03054802 
692 154 4 5 0.03053826 
981 754 12 19 0.03051747 
232 318 9 11 0.030510088 
691 162 4 5 0.03047552 
953 231 6 7 0.030472683 
383 222 7 10 0.030448778 
908 142 4 6 0.030434864 
375 289 9 8 0.030427344 
169 339 16 26 0.03040973 
608 235 4 7 0.030377662 
768 149 3 3 0.030376924 
583 231 5 6 0.030370437 
938 238 7 7 0.03035173 
890 123 4 5 0.030296238 
866 159 4 7 0.030285947 
667 223 4 7 0.030274304 
556 231 6 7 0.03022936 
891 129 4 5 0.030223098 
761 266 5 8 0.030182747 
706 174 3 4 0.030138252 
570 253 6 8 0.030130628 
961 576 19 22 0.03012518 
541 158 39 39 0.030122869 
409 310 10 11 0.029993832 
653 149 3 4 0.029962588 
1030 627 16 27 0.029934162 
961 256 5 6 0.029917207 
901 334 8 7 0.02991288 
898 320 9 8 0.02990586 
485 223 5 7 0.02988054 
946 375 11 11 0.029866403 
641 303 9 13 0.029855974 
909 207 4 5 0.029830344 
908 286 7 8 0.02982991 
353 336 8 14 0.02982304 
793 389 8 11 0.02982136 
884 147 4 6 0.029806154 
427 298 9 11 0.029797947 
35 431 11 12 0.029792288 
781 129 3 4 0.02966016 
436 223 5 7 0.029623456 
690 289 8 12 0.029616311 
533 217 5 7 0.02958591 
984 305 8 10 0.02957642 
711 267 6 9 0.02956285 
563 322 8 12 0.029548801 
712 288 5 8 0.02952666 
724 143 4 5 0.029479543 
490 316 8 11 0.029456014 
1019 248 6 8 0.02941677 
907 230 6 6 0.029394846 
756 129 3 4 0.029381532 
457 179 3 5 0.029369447 
409 281 6 9 0.029362697 
674 154 4 5 0.02935755 
320 308 6 10 0.029355405 
743 156 2 4 0.029324565 
892 237 4 6 0.029316742 
945 225 5 6 0.029316051 
382 255 8 10 0.029287087 
686 292 5 9 0.029282995 
890 151 5 7 0.029228294 
908 198 5 5 0.029224522 
709 253 6 10 0.029224223 
546 206 4 5 0.029177198 
1028 474 18 25 0.029170258 
666 231 5 7 0.029166995 
449 219 4 6 0.029152062 
742 234 6 10 0.029130738 
865 297 7 10 0.029124908 
685 205 5 6 0.029119592 
767 261 4 7 0.029096171 
389 255 6 9 0.029088711 
589 236 5 7 0.029083984 
901 324 8 8 0.02907304 
1018 360 8 12 0.029057799 
888 401 11 10 0.029045276 
863 272 6 8 0.029037828 
666 212 4 6 0.029031504 
401 333 6 7 0.029029824 
189 355 7 12 0.02901365 
598 166 4 5 0.029002106 
750 142 2 4 0.028956695 
596 192 4 5 0.028922906 
862 451 12 13 0.028898539 
876 332 7 8 0.028892731 
919 416 12 15 0.028882017 
646 180 4 5 0.028841067 
992 299 7 8 0.028840452 
949 268 6 7 0.028827583 
953 206 4 6 0.028799392 
468 216 5 7 0.028794903 
959 223 5 6 0.028775843 
466 261 7 9 0.028763663 
570 244 5 7 0.028692525 
935 220 4 5 0.028660933 
853 180 5 6 0.028650919 
1002 306 6 10 0.028637767 
1019 319 14 20 0.028623927 
863 405 9 12 0.028621921 
978 375 8 10 0.028598467 
981 274 7 9 0.028591739 
886 388 11 11 0.028582215 
937 375 11 11 0.028563209 
448 280 7 9 0.028552676 
477 187 3 6 0.028531402 
731 144 2 4 0.028478852 
877 299 7 7 0.028470052 
589 356 7 11 0.028433096 
857 178 5 6 0.02842199 
706 148 2 5 0.028411502 
617 179 4 6 0.028348872 
682 168 31 38 0.028344657 
494 181 5 6 0.028329393 
951 294 8 9 0.028310454 
597 187 4 6 0.028303666 
352 293 5 8 0.02829669 
959 205 4 6 0.028283795 
712 180 3 4 0.028201833 
753 290 8 10 0.028192338 
648 216 6 7 0.02818867 
430 266 6 8 0.02818649 
897 136 3 4 0.028180182 
399 361 9 11 0.028170671 
758 142 2 4 0.028157229 
1020 317 7 10 0.028143499 
925 206 7 7 0.028120613 
522 367 9 14 0.028109381 
919 244 6 7 0.028099932 
660 229 6 8 0.028091986 
390 261 4 8 0.028086346 
994 603 12 17 0.028071366 
442 256 5 6 0.028052833 
429 409 6 10 0.028051572 
734 235 5 9 0.02804016 
916 147 5 6 0.028026795 
951 313 10 8 0.027993998 
1015 154 19 21 0.027969815 
698 229 4 8 0.02794969 
875 471 10 13 0.027947621 
934 319 9 9 0.027941205 
933 386 10 13 0.02793207 
487 285 5 10 0.027929086 
498 230 6 7 0.02789919 
230 314 17 20 0.027882164 
603 154 4 5 0.027880717 
768 255 4 7 0.027832782 
951 352 9 9 0.027822914 
735 617 9 19 0.027797569 
858 268 6 7 0.02778523 
713 185 4 6 0.027770558 
538 276 4 7 0.02773801 
614 153 5 5 0.02764666 
958 293 7 9 0.027641624 
702 218 5 7 0.027636824 
878 159 5 6 0.02761791 
310 546 167 217 0.027606068 
549 218 4 5 0.027605625 
368 323 9 11 0.027592357 
686 143 4 4 0.027577287 
999 310 8 10 0.02751291 
889 625 12 15 0.027500937 
543 254 6 9 0.02744876 
888 193 5 7 0.027420875 
588 179 5 6 0.027367182 
748 286 7 9 0.02733836 
667 162 4 4 0.027335817 
821 153 4 6 0.027327165 
501 292 6 10 0.02732322 
377 268 8 9 0.027302545 
924 426 11 12 0.027285624 
382 272 8 10 0.027278239 
953 264 5 7 0.027271932 
501 247 5 8 0.027215514 
551 160 5 5 0.02720693 
691 186 4 5 0.027196921 
1011 305 6 9 0.02717996 
672 166 3 5 0.027173113 
737 255 5 10 0.027161399 
477 387 14 16 0.02714891 
435 255 5 6 0.027145863 
434 238 4 6 0.02714309 
616 186 4 6 0.027121054 
538 217 4 6 0.027100576 
818 470 10 12 0.027079826 
929 413 10 10 0.027055843 
281 297 10 15 0.027040478 
66 507 11 13 0.027013274 
654 221 5 8 0.027001832 
862 483 11 12 0.026987793 
736 173 4 4 0.026987521 
117 388 13 14 0.02698649 
611 329 9 13 0.02696036 
380 592 27 36 0.026948432 
986 675 9 13 0.02693549 
146 326 6 6 0.026896324 
511 167 4 5 0.026888175 
205 465 352 389 0.026886366 
481 171 4 6 0.02688412 
914 433 9 13 0.026861763 
880 370 10 10 0.026841763 
965 150 7 9 0.026840508 
979 701 45 45 0.026796497 
1020 294 15 22 0.02678029 
664 274 6 10 0.026764225 
846 160 4 6 0.026755216 
362 496 10 18 0.02673608 
929 192 6 9 0.026710497 
326 343 18 22 0.026694473 
416 168 4 5 0.026663925 
593 357 6 10 0.026659707 
130 412 11 12 0.026659349 
568 193 5 5 0.026656974 
558 206 5 5 0.026635088 
704 242 5 9 0.02662297 
757 168 3 4 0.026621005 
601 210 4 6 0.026591713 
117 399 12 14 0.026586296 
1029 762 17 30 0.026581299 
479 433 9 13 0.026559519 
920 325 8 8 0.026527578 
960 241 6 7 0.026521854 
583 199 4 5 0.02651614 
648 212 5 6 0.02650632 
531 236 5 8 0.026444867 
878 251 4 5 0.026442477 
538 212 4 4 0.026434163 
557 212 5 5 0.02642355 
370 94 5 7 0.026402961 
1009 194 8 11 0.02637648 
863 337 8 8 0.026371043 
939 268 6 7 0.026363455 
751 149 2 4 0.026339363 
243 484 21 35 0.026324023 
871 647 6 9 0.026311731 
313 334 10 13 0.026305214 
455 377 7 10 0.026238972 
838 147 4 6 0.026228962 
916 165 6 7 0.026217073 
816 596 9 13 0.026208092 
371 292 9 9 0.02619801 
557 160 4 5 0.02619603 
934 238 7 7 0.0261743 
831 545 11 15 0.026159758 
481 230 5 6 0.026156528 
423 279 7 9 0.026134737 
782 161 4 4 0.02612447 
831 307 6 8 0.02611729 
903 142 4 5 0.02608788 
120 345 10 9 0.02607072 
685 324 9 14 0.026069853 
115 344 7 7 0.02604346 
524 273 5 9 0.02603245 
950 425 9 14 0.026022727 
459 211 5 7 0.025992233 
999 325 9 10 0.025982343 
876 295 6 7 0.025969362 
434 464 8 12 0.025904194 
653 162 4 4 0.025877874 
606 292 6 11 0.025847878 
900 294 8 9 0.025846977 
832 289 4 6 0.025841614 
803 410 20 18 0.025840985 
1014 242 5 6 0.025824837 
531 230 5 8 0.025792591 
666 268 5 9 0.025768599 
465 411 10 16 0.025674751 
737 143 2 4 0.025658209 
838 294 6 8 0.02565666 
493 306 6 8 0.0256533 
686 185 5 6 0.025635952 
395 352 6 8 0.025629716 
588 351 6 10 0.025628937 
1025 640 16 26 0.025525048 
499 198 5 6 0.025496868 
1019 539 16 23 0.025493883 
523 407 8 12 0.025484715 
667 216 4 7 0.025483426 
743 148 2 4 0.025392827 
442 250 6 6 0.025388945 
629 191 3 6 0.025375295 
835 401 11 11 0.025359793 
98 330 10 10 0.025337031 
970 399 10 11 0.025325742 
621 174 4 5 0.025320828 
1 403 4 7 0.025317987 
540 150 3 4 0.02530292 
642 162 4 4 0.025252212 
981 461 42 41 0.025224863 
878 185 5 6 0.025216635 
839 564 13 13 0.025203852 
357 355 13 16 0.025189247 
529 248 6 9 0.025185406 
435 305 6 9 0.025150206 
323 335 11 12 0.02514996 
917 287 92 72 0.025144912 
507 163 4 5 0.025134545 
750 237 5 8 0.02512906 
672 277 6 11 0.025116744 
168 331 6 10 0.02506914 
570 234 5 7 0.02505815 
597 161 5 6 0.025008496 
93 387 10 12 0.025001025 
878 147 4 6 0.024980847 
331 411 11 14 0.024950907 
353 314 5 8 0.024939181 
797 406 9 11 0.024933964 
963 672 10 14 0.02492202 
911 568 9 9 0.024911027 
485 279 6 10 0.024896666 
1012 299 5 8 0.02489375 
773 238 5 10 0.024879135 
338 303 8 12 0.024871986 
997 265 7 11 0.02486698 
408 316 10 11 0.02484916 
341 168 4 5 0.024842948 
788 110 3 3 0.024829717 
242 511 35 52 0.02482562 
821 289 4 6 0.024815843 
794 340 9 16 0.024782805 
560 309 8 14 0.024774814 
909 293 7 9 0.02475892 
246 370 16 20 0.0247255 
577 198 5 6 0.024697093 
918 368 8 11 0.024643352 
658 243 8 10 0.024631009 
999 193 7 8 0.02461997 
589 193 4 5 0.024619823 
854 374 8 11 0.02461933 
845 136 4 4 0.024617385 
456 519 17 30 0.024612645 
393 299 9 11 0.024609676 
474 291 7 11 0.024583535 
370 280 7 8 0.024568446 
672 260 5 9 0.024567407 
390 281 6 7 0.024556704 
659 180 4 4 0.024540232 
545 143 4 6 0.024514766 
441 218 5 6 0.024497971 
781 230 4 7 0.024484914 
669 180 3 4 0.024470262 
769 136 3 4 0.024453493 
441 400 8 9 0.024451727 
680 224 5 8 0.024419118 
384 349 19 24 0.02441226 
883 191 83 78 0.02440366 
756 238 4 7 0.024389109 
674 303 10 13 0.024364611 
813 141 4 5 0.024357952 
989 537 10 12 0.024352446 
972 334 8 9 0.024340786 
903 152 4 6 0.024288964 
105 372 11 14 0.024282502 
976 355 9 10 0.024255093 
958 549 10 17 0.024252672 
769 128 3 4 0.024231568 
293 380 11 10 0.0242257 
447 318 6 11 0.024222434 
884 187 4 5 0.024201449 
430 238 6 7 0.024188666 
1021 281 14 21 0.02417933 
925 333 8 8 0.024165673 
971 272 6 9 0.024155766 
596 275 5 8 0.024142265 
699 213 4 5 0.024135094 
397 325 6 8 0.024114532 
594 237 5 6 0.024104789 
943 435 12 17 0.024100825 
399 464 12 19 0.024099858 
408 323 9 9 0.024097571 
831 376 7 8 0.024065288 
1020 256 15 22 0.02406364 
389 274 6 8 0.024060057 
369 582 8 17 0.024057964 
232 238 4 7 0.024021067 
1026 743 19 31 0.024012964 
490 273 7 10 0.024010522 
629 271 8 14 0.024000764 
849 349 8 9 0.023997774 
252 379 16 22 0.023991624 
1019 522 8 11 0.023990998 
440 268 7 9 0.023985477 
602 200 4 5 0.023972554 
543 159 5 7 0.023958733 
634 167 3 5 0.023938114 
952 444 9 13 0.023929674 
320 544 29 46 0.023868093 
876 460 11 15 0.023867305 
499 261 6 10 0.023867114 
678 186 4 6 0.023865301 
451 291 10 12 0.02381584 
261 241 5 7 0.02380898 
979 381 8 10 0.023808692 
606 321 17 24 0.023804316 
648 230 5 7 0.02379074 
726 225 3 6 0.023770625 
686 318 7 11 0.023763891 
991 592 12 15 0.023742158 
773 220 4 5 0.023741173 
546 286 6 8 0.023736343 
422 237 6 8 0.023705099 
761 274 6 8 0.023689052 
691 143 4 5 0.023657365 
551 155 4 5 0.023651551 
741 51 8 9 0.023646707 
487 311 8 11 0.02363572 
475 172 5 6 0.023624843 
907 250 6 6 0.023619184 
580 185 34 42 0.02361797 
334 405 13 13 0.023606427 
750 136 2 4 0.02359531 
799 141 4 6 0.02359447 
431 222 4 7 0.023582214 
724 173 4 4 0.02355648 
284 260 6 10 0.02354534 
423 299 7 9 0.023541788 
632 267 7 12 0.023534598 
579 175 3 4 0.02350423 
599 87 21 37 0.02349809 
889 561 11 12 0.023491235 
830 424 10 13 0.0234898 
760 280 8 11 0.023484893 
1000 153 20 19 0.023483813 
397 280 7 8 0.02343717 
519 287 6 9 0.023434144 
481 167 4 7 0.023428097 
499 186 4 5 0.02342656 
627 217 5 6 0.023418393 
596 224 5 6 0.023413416 
965 191 6 9 0.02339228 
777 149 3 4 0.02337524 
855 408 8 10 0.023334442 
692 219 4 6 0.02331855 
490 497 18 27 0.023317158 
467 300 7 9 0.023313304 
537 389 9 10 0.023301763 
997 321 16 18 0.023292746 
492 231 6 6 0.023269523 
234 334 12 15 0.0232687 
947 274 7 8 0.023264246 
353 324 8 11 0.02325233 
601 297 7 13 0.02323927 
433 285 8 10 0.02323766 
955 398 12 14 0.023227254 
558 180 5 6 0.023213461 
951 587 13 19 0.023200696 
564 207 4 4 0.02319802 
589 250 5 6 0.023196578 
236 387 12 13 0.023193931 
354 487 17 29 0.023157302 
914 324 8 8 0.023141291 
945 370 10 10 0.023140283 
841 136 3 5 0.023109477 
686 224 5 8 0.023109116 
171 331 7 9 0.0231048 
750 246 15 23 0.023092195 
847 264 5 7 0.023066388 
105 422 14 14 0.02305388 
896 589 22 21 0.023049159 
1019 491 16 23 0.023039369 
588 199 5 5 0.02299549 
869 377 19 17 0.022979258 
345 281 4 6 0.02297473 
863 307 7 7 0.022973606 
955 218 5 6 0.022961907 
391 355 7 10 0.022955937 
449 245 5 6 0.022953164 
463 386 9 13 0.022934856 
402 337 6 8 0.02292787 
508 343 7 11 0.02291056 
719 143 3 4 0.02289888 
717 186 4 5 0.022897819 
903 135 4 5 0.022887938 
604 172 3 6 0.022869129 
462 174 3 5 0.02285555 
150 393 9 11 0.022842886 
348 558 17 27 0.022841878 
763 142 2 5 0.022815295 
1029 613 16 27 0.022814056 
808 116 3 5 0.022812482 
360 335 12 16 0.022802953 
845 311 7 8 0.022781841 
761 135 3 5 0.022770967 
802 129 3 5 0.022757024 
894 462 11 13 0.022731291 
1019 355 15 21 0.022675028 
1012 239 5 6 0.022653477 
857 482 10 12 0.022633271 
1020 260 7 9 0.022602815 
935 280 8 8 0.02259238 
665 252 6 12 0.022585947 
425 242 15 19 0.022554204 
460 222 6 7 0.022549607 
608 242 5 8 0.022536274 
866 465 11 13 0.022534335 
744 142 2 4 0.022534294 
615 271 7 12 0.022529418 
964 231 6 8 0.022526953 
596 288 5 8 0.022490345 
319 332 21 21 0.022459958 
504 369 7 11 0.02245633 
908 359 9 9 0.022443322 
486 172 5 6 0.022426734 
454 243 5 7 0.02241742 
896 457 12 12 0.022400053 
994 513 11 13 0.022390949 
999 556 8 12 0.022371626 
964 355 10 10 0.022359937 
381 337 10 11 0.022352735 
540 159 5 6 0.022346526 
903 205 5 6 0.022340432 
971 263 6 7 0.022331875 
545 179 4 7 0.022310667 
398 250 6 10 0.022291632 
1030 460 16 24 0.022272954 
977 516 10 13 0.022256572 
536 223 6 7 0.022246411 
788 137 3 4 0.022242691 
986 483 11 14 0.022236597 
4 408 8 12 0.022233978 
767 249 4 8 0.022233577 
244 305 8 11 0.022229876 
381 354 10 11 0.02218308 
1020 523 14 21 0.022152875 
900 299 8 8 0.022151008 
910 123 3 5 0.022147218 
745 137 2 3 0.02214187 
154 325 5 6 0.022111807 
519 338 15 21 0.022088952 
942 362 86 71 0.022084551 
608 173 4 6 0.022067932 
920 161 6 6 0.022066433 
433 289 14 19 0.022061987 
775 261 5 7 0.022040937 
334 476 27 41 0.022013605 
657 177 33 40 0.022013491 
424 217 4 6 0.02201218 
821 373 6 8 0.022003971 
659 148 4 5 0.021985587 
533 242 5 8 0.021981401 
426 212 3 6 0.021967588 
339 364 6 8 0.021967573 
895 280 7 8 0.021961028 
946 242 6 6 0.02194595 
847 589 10 14 0.021927956 
922 135 3 5 0.021923639 
306 369 9 10 0.021905186 
0 168 3 5 0.021900779 
960 212 4 5 0.02189997 
209 392 8 12 0.021899328 
942 245 87 78 0.021880552 
797 419 20 19 0.021875257 
724 268 5 8 0.021858495 
1022 731 19 28 0.021858174 
76 419 13 14 0.021843346 
960 590 21 27 0.02182777 
312 341 11 13 0.021826753 
208 414 11 10 0.021819355 
788 148 4 5 0.021806784 
243 356 9 11 0.021793239 
870 147 5 7 0.021793138 
839 369 8 8 0.021778874 
436 200 3 5 0.021774482 
842 358 16 18 0.021768257 
491 250 6 7 0.021767035 
857 251 5 6 0.021760628 
360 276 5 6 0.021748614 
843 294 5 8 0.02174107 
844 173 5 7 0.021739667 
541 353 8 13 0.021734962 
769 175 3 4 0.02172518 
135 376 22 20 0.021721233 
335 289 4 6 0.021715853 
524 194 3 4 0.021709234 
166 341 10 18 0.021707503 
442 245 5 5 0.021698771 
809 424 9 13 0.021691224 
410 273 6 10 0.02168471 
103 437 14 14 0.021680452 
551 179 5 6 0.021652104 
543 266 5 9 0.021627545 
802 123 3 5 0.021621171 
389 343 6 9 0.021576978 
912 484 10 11 0.021563565 
717 180 3 4 0.021562822 
792 433 12 17 0.021547314 
1038 380 26 36 0.021543935 
575 229 5 8 0.021535672 
203 438 10 12 0.02152682 
622 191 4 6 0.02148663 
39 396 10 10 0.021432031 
596 267 5 7 0.02141595 
938 363 10 10 0.021415636 
363 285 7 9 0.021398544 
417 476 11 17 0.021397235 
915 442 9 14 0.021396419 
915 256 7 6 0.021375543 
507 242 15 20 0.021375494 
202 414 10 10 0.02136634 
975 364 9 9 0.021363564 
876 307 7 7 0.021350024 
458 342 10 11 0.021343384 
966 212 5 6 0.021325203 
657 172 5 7 0.021315122 
207 434 12 14 0.021313187 
576 236 5 8 0.02131155 
881 426 9 12 0.021308502 
563 221 16 21 0.021308172 
870 280 7 7 0.021272467 
907 325 9 8 0.021255605 
846 155 4 5 0.021255163 
345 310 7 10 0.021249829 
967 262 6 7 0.021237131 
859 139 5 7 0.021220675 
402 325 5 8 0.021215541 
604 340 7 13 0.021198357 
53 401 11 12 0.021192344 
559 192 5 5 0.021189742 
559 200 4 4 0.02116878 
404 474 12 17 0.021160142 
595 248 5 7 0.021159947 
552 186 5 6 0.021140475 
318 375 9 11 0.021135213 
530 260 6 8 0.02111944 
545 200 4 5 0.021081356 
118 359 12 17 0.02105613 
1018 547 9 13 0.02104832 
742 174 4 4 0.021045862 
649 149 3 5 0.021043759 
774 160 4 4 0.021043092 
766 267 6 9 0.02103609 
1023 659 19 28 0.021031434 
967 243 4 6 0.021031372 
333 298 16 23 0.021020686 
965 343 10 9 0.02101429 
991 294 7 9 0.020983709 
525 217 66 81 0.020972697 
922 387 9 11 0.02097263 
807 130 3 4 0.020969199 
636 377 5 7 0.020957997 
360 280 6 7 0.020949753 
597 279 5 8 0.020946758 
554 254 6 9 0.020928929 
990 345 9 10 0.020926645 
481 180 3 6 0.020922951 
748 282 5 8 0.020893823 
332 360 8 11 0.020884488 
928 231 6 5 0.02087869 
711 261 6 8 0.020871105 
171 389 10 12 0.020845383 
795 136 3 5 0.020841848 
976 400 9 12 0.020830613 
549 206 5 4 0.020829571 
883 128 4 5 0.020813787 
539 193 4 4 0.02081051 
95 379 9 13 0.020796962 
445 408 16 29 0.020789752 
986 546 39 43 0.020787982 
0 172 3 7 0.02077718 
556 225 6 6 0.02077087 
579 352 6 9 0.020764122 
491 463 20 35 0.020737767 
863 139 4 7 0.020737287 
660 236 6 8 0.02072729 
996 401 11 14 0.020722989 
655 179 4 5 0.020705994 
667 136 4 5 0.020677703 
915 206 5 5 0.020666318 
462 186 3 6 0.020664036 
896 128 4 5 0.020659825 
923 129 3 5 0.02065131 
491 541 11 20 0.020628346 
924 456 11 13 0.020625195 
941 675 8 10 0.020623485 
935 275 18 17 0.020612728 
497 381 11 14 0.02060662 
678 229 12 20 0.020596562 
143 428 11 12 0.020581938 
831 311 6 8 0.02056408 
385 524 17 33 0.020553874 
629 225 4 5 0.020534275 
472 422 19 28 0.020523626 
812 362 8 9 0.020519577 
1019 440 16 20 0.020513887 
948 164 8 9 0.020509982 
959 218 5 6 0.020497987 
993 305 6 9 0.020489393 
562 350 5 7 0.020480024 
320 305 15 20 0.020473097 
405 519 88 122 0.020459475 
825 306 6 10 0.020452674 
658 223 6 8 0.020450203 
608 167 4 5 0.020442618 
594 243 6 8 0.020421244 
570 199 4 5 0.020407425 
282 267 7 12 0.020396108 
889 184 6 7 0.02039575 
864 288 8 8 0.020351743 
993 238 6 7 0.02032253 
820 299 7 9 0.020305661 
530 268 5 8 0.020299459 
452 255 7 9 0.020286841 
64 534 27 22 0.020275822 
1015 331 9 13 0.020273287 
994 261 7 8 0.020273022 
1020 611 14 24 0.020272028 
935 159 7 9 0.02026526 
305 391 19 24 0.020233901 
403 319 6 8 0.020231038 
1020 517 6 10 0.020224154 
116 325 6 6 0.020201856 
1019 423 15 22 0.020201674 
576 130 65 75 0.020194715 
245 207 3 4 0.020166697 
553 187 38 43 0.020161062 
69 409 35 33 0.02015592 
551 295 5 7 0.020148383 
285 270 9 16 0.02014412 
731 186 5 5 0.020137008 
983 344 9 9 0.02013676 
693 179 4 5 0.020132164 
436 397 7 8 0.020123811 
42 423 12 14 0.020119213 
834 294 16 20 0.020114291 
391 251 4 7 0.020094534 
261 463 9 13 0.020070782 
695 281 6 9 0.020058662 
550 212 4 6 0.02005644 
407 333 15 19 0.020054746 
1016 713 18 25 0.020053666 
866 148 4 6 0.02002992 
359 289 6 7 0.020019745 
564 198 4 5 0.02001441 
4 426 9 14 0.020002434 
250 439 33 36 0.020000275 
