0_Parade_marchingband_1_653
581
99 50 14 16 0.98589337 
739 134 13 19 0.9847565 
489 82 13 18 0.9840448 
673 91 13 18 0.9821832 
603 138 15 19 0.9806338 
124 149 15 18 0.9744898 
375 146 14 18 0.96584564 
911 28 16 19 0.9599702 
186 41 13 15 0.95924425 
129 202 14 18 0.95820004 
960 180 18 21 0.9577365 
649 128 13 20 0.9574728 
481 207 13 18 0.95735085 
782 33 13 16 0.9530284 
225 140 15 20 0.94968903 
365 45 13 16 0.9490683 
760 87 13 16 0.947204 
890 96 13 18 0.94440305 
508 33 13 16 0.9433829 
958 39 15 16 0.94211614 
28 142 14 19 0.9387415 
871 196 15 15 0.92686033 
312 209 12 19 0.92622626 
602 37 12 17 0.923663 
149 56 13 15 0.9221118 
68 98 15 16 0.92031837 
511 132 14 20 0.9187822 
653 22 14 17 0.9178306 
826 30 14 16 0.91067123 
538 195 14 19 0.90660584 
932 95 13 14 0.9062272 
325 137 15 18 0.90472955 
44 195 16 23 0.9038336 
781 134 17 18 0.9019722 
44 42 13 17 0.8978254 
208 93 16 17 0.8838254 
443 96 12 14 0.88322175 
864 39 13 14 0.87969106 
752 60 13 19 0.8711505 
679 193 14 18 0.8701206 
259 109 14 17 0.86874753 
628 92 13 14 0.8676571 
875 119 16 18 0.86551434 
849 92 15 14 0.86250556 
460 147 15 18 0.86065704 
112 88 17 16 0.8601813 
532 97 13 15 0.8549122 
418 142 15 19 0.847581 
397 88 15 16 0.8455818 
466 37 12 15 0.84485936 
320 42 14 17 0.843605 
979 77 13 17 0.8262329 
690 119 17 22 0.82301825 
397 199 12 18 0.8188798 
230 48 13 17 0.8132233 
601 189 15 17 0.81092733 
77 143 17 18 0.8020732 
924 114 15 19 0.7985931 
863 109 12 14 0.7816337 
973 58 10 13 0.7812117 
798 51 16 15 0.77478844 
556 34 10 15 0.7741455 
698 25 14 18 0.7682665 
273 52 14 15 0.7551395 
716 83 12 16 0.7547616 
805 92 16 15 0.7297501 
165 95 14 16 0.72716707 
21 96 15 18 0.72254145 
585 94 13 16 0.7217603 
549 216 12 20 0.71276295 
742 42 13 17 0.7038751 
304 97 13 15 0.69962883 
558 129 16 20 0.69627184 
273 154 15 16 0.6715204 
351 96 14 15 0.6619054 
943 110 14 18 0.6394031 
763 192 15 18 0.6349782 
175 134 15 23 0.6066484 
473 54 17 16 0.6042272 
980 131 16 15 0.59602326 
902 114 15 15 0.5909298 
842 145 11 17 0.55107754 
410 35 12 13 0.5411612 
316 112 13 18 0.4960256 
825 125 15 18 0.48121724 
157 73 14 16 0.44867036 
241 65 13 16 0.44566998 
818 110 13 14 0.42902923 
838 48 14 15 0.4113355 
873 58 12 15 0.41017002 
989 93 15 18 0.40076953 
91 161 16 23 0.32337895 
172 110 18 22 0.31511667 
546 111 12 19 0.31334576 
644 104 13 17 0.2953223 
777 103 12 15 0.2947002 
925 49 14 14 0.29004973 
664 40 13 17 0.2868362 
739 86 13 21 0.27418813 
49 56 18 23 0.2703361 
794 150 14 19 0.26803112 
511 200 12 14 0.26153755 
223 207 11 16 0.25799352 
572 149 16 18 0.25242436 
195 62 15 13 0.24432056 
502 100 12 20 0.23352 
598 109 12 17 0.22780192 
375 64 15 14 0.22216016 
466 212 11 13 0.21923608 
429 160 17 21 0.2192145 
967 137 16 14 0.20592324 
712 141 12 16 0.20546547 
818 60 14 14 0.20424962 
560 97 10 18 0.1930141 
395 241 21 21 0.19023007 
974 33 8 13 0.18895419 
752 151 14 19 0.18198973 
612 55 14 15 0.17703137 
322 199 14 15 0.17658418 
106 65 11 15 0.16247 
641 72 8 14 0.16246389 
547 87 11 14 0.16189054 
991 151 17 16 0.15803318 
184 155 17 21 0.15693767 
458 102 12 17 0.15270196 
710 43 13 16 0.14478621 
219 112 17 22 0.14244637 
285 68 11 13 0.1423729 
520 50 14 14 0.14107214 
335 155 16 20 0.13956222 
128 78 10 15 0.13477898 
906 86 12 14 0.13434166 
133 61 9 12 0.1333435 
734 100 12 18 0.12858175 
406 104 14 17 0.12850884 
919 221 8 12 0.12815677 
590 14 9 13 0.12481286 
330 61 14 15 0.12346807 
629 98 14 18 0.11939757 
24 103 18 25 0.11837266 
75 114 17 21 0.11835019 
452 109 12 19 0.11692363 
877 90 10 13 0.11512322 
238 28 5 9 0.11387729 
950 53 9 11 0.10993977 
600 0 11 14 0.10702838 
599 217 25 20 0.100297 
113 67 8 12 0.0979719 
560 50 12 14 0.0962871 
320 3 8 8 0.09448981 
940 70 9 15 0.093709394 
507 77 11 13 0.09303321 
120 60 7 11 0.09228276 
152 39 9 12 0.09127546 
945 34 9 12 0.089953735 
102 33 7 10 0.08854591 
208 137 10 16 0.08741527 
38 25 6 13 0.08736392 
683 215 19 22 0.08614654 
893 72 10 15 0.08554284 
881 53 12 16 0.07993881 
600 20 8 12 0.07921961 
364 27 6 11 0.07920476 
267 23 7 8 0.07904545 
373 205 12 14 0.07659134 
420 52 13 14 0.07557563 
265 127 11 18 0.07476676 
796 136 14 15 0.07425295 
350 247 10 17 0.07411511 
1012 59 9 10 0.072694756 
964 89 13 13 0.070422664 
998 51 10 12 0.06780552 
159 212 8 12 0.06695747 
700 32 17 21 0.06675944 
977 36 11 13 0.065759726 
92 231 12 23 0.06507246 
586 101 15 20 0.06485471 
123 107 13 16 0.06464809 
266 294 7 11 0.064066805 
531 76 9 13 0.06353625 
137 169 17 20 0.06320527 
566 52 12 13 0.06295713 
951 48 10 11 0.06211468 
190 24 6 9 0.06146936 
359 98 12 13 0.061299875 
671 147 10 17 0.06128402 
112 139 9 14 0.061175615 
681 254 13 16 0.0604247 
278 127 11 19 0.06017562 
312 325 11 17 0.059188712 
102 98 8 12 0.059124622 
362 111 12 16 0.058820203 
938 22 8 10 0.058627233 
898 90 14 20 0.05780531 
496 224 9 18 0.057755068 
954 18 7 7 0.0570675 
439 58 10 12 0.05634886 
643 77 10 13 0.0562234 
537 90 15 20 0.05613718 
119 65 8 13 0.05611856 
748 26 9 11 0.055823747 
318 203 15 21 0.055102643 
305 138 11 16 0.05427274 
901 46 8 10 0.054203812 
558 245 10 12 0.05299231 
755 24 9 9 0.0529246 
889 68 9 15 0.052911904 
623 158 12 15 0.052514482 
952 132 12 17 0.05188934 
191 212 11 13 0.051618356 
362 297 8 13 0.050872896 
563 220 8 12 0.05017056 
238 161 16 23 0.049869824 
880 61 11 15 0.049708527 
164 138 10 19 0.049620215 
898 77 9 12 0.049605183 
662 148 11 19 0.04955722 
150 98 9 13 0.048880517 
915 11 4 6 0.04884447 
1010 36 7 8 0.048542958 
954 22 8 8 0.04813834 
226 236 20 27 0.04805443 
355 242 10 17 0.047990948 
288 24 8 7 0.04764229 
966 22 8 8 0.04756987 
38 198 10 16 0.047392987 
968 85 12 12 0.04737618 
273 61 12 15 0.046762925 
260 237 10 16 0.046752978 
521 227 8 14 0.046306316 
324 59 11 14 0.04624033 
1003 40 7 9 0.046182808 
873 47 11 13 0.04609909 
849 268 8 14 0.046018448 
263 23 7 8 0.045351323 
830 218 10 15 0.045204066 
985 45 9 12 0.04478023 
603 254 21 23 0.04462328 
806 100 14 15 0.044279017 
820 53 14 14 0.044217523 
281 248 8 14 0.044169795 
68 139 16 24 0.044060487 
615 217 13 15 0.044045143 
417 35 9 12 0.04331092 
958 22 6 7 0.04308508 
844 200 8 13 0.042910896 
945 93 10 12 0.042753838 
910 120 13 15 0.042329285 
802 152 12 17 0.042227767 
951 29 8 10 0.042085633 
925 24 10 15 0.04191542 
386 145 12 17 0.041533146 
728 101 10 16 0.041336272 
411 44 13 16 0.04126387 
945 24 7 8 0.040751647 
9 93 11 19 0.040490504 
772 48 9 10 0.040479444 
195 251 7 11 0.04008657 
91 323 13 20 0.039700557 
472 166 12 16 0.03969014 
213 136 17 23 0.039636705 
581 79 10 14 0.039557155 
958 19 5 7 0.0390767 
1010 40 8 9 0.038906164 
474 129 13 18 0.03890262 
490 123 10 18 0.038318854 
984 24 7 8 0.038252838 
329 266 7 11 0.038205903 
236 68 10 12 0.038140804 
349 238 11 16 0.038046923 
333 319 8 14 0.037957165 
525 154 15 21 0.037786838 
40 159 17 25 0.037634496 
636 104 11 14 0.037514564 
940 40 10 13 0.0374951 
554 43 13 16 0.037401 
939 19 6 7 0.037317533 
603 227 16 14 0.037219416 
187 26 8 11 0.03702509 
130 110 12 14 0.036873486 
433 109 12 15 0.03682157 
684 112 17 22 0.036736213 
211 261 5 9 0.03656952 
253 61 10 13 0.036497366 
656 39 11 14 0.036458824 
984 80 17 19 0.036446866 
359 29 7 10 0.03643708 
441 78 8 12 0.036423832 
1017 56 7 10 0.036255967 
419 208 13 13 0.036243547 
33 114 13 17 0.03611431 
188 58 13 12 0.03580497 
362 248 10 16 0.035658836 
304 106 14 17 0.035650164 
719 100 11 15 0.0351513 
1019 46 7 10 0.034983877 
703 143 18 21 0.034957636 
385 65 11 13 0.034947723 
552 107 12 21 0.034680907 
844 67 10 12 0.034384705 
1010 156 6 9 0.034377314 
540 102 10 16 0.034316838 
914 225 8 13 0.03428359 
974 202 16 19 0.03394043 
756 143 13 17 0.033795536 
990 72 10 13 0.03375135 
649 97 12 18 0.033620726 
1005 37 7 8 0.033542234 
294 19 5 6 0.033171527 
257 241 17 26 0.033060174 
822 37 12 14 0.032992944 
826 11 5 7 0.032551773 
208 156 10 14 0.03251373 
753 194 30 44 0.032248512 
830 67 11 11 0.03223778 
179 60 10 10 0.03210539 
1019 43 15 19 0.03205666 
850 278 9 18 0.031923026 
1016 63 15 21 0.03190473 
438 83 16 21 0.03190168 
972 78 11 12 0.03189675 
972 22 7 10 0.031707305 
79 121 18 27 0.031691305 
131 233 20 26 0.031574283 
382 164 12 17 0.031536873 
710 83 11 16 0.031427067 
489 60 8 12 0.031347126 
122 82 15 19 0.031255495 
600 181 12 16 0.031160979 
711 146 18 24 0.03109301 
19 106 10 17 0.031033615 
260 59 10 13 0.031033516 
359 45 11 14 0.03101758 
16 85 8 14 0.030998003 
695 36 13 15 0.030978266 
246 213 9 14 0.03091774 
911 112 11 15 0.030718537 
77 78 9 15 0.030709552 
45 94 9 15 0.030515231 
594 1 10 12 0.030478053 
970 120 11 11 0.030453255 
738 121 18 24 0.030254243 
962 53 10 13 0.03016776 
206 76 22 31 0.030145695 
947 30 8 11 0.030120121 
1012 32 5 6 0.030031603 
863 197 35 39 0.029937617 
534 104 12 18 0.02991142 
927 16 7 10 0.029892266 
120 259 8 12 0.029815042 
977 28 10 14 0.02975416 
828 116 13 17 0.029468616 
609 187 13 16 0.029410448 
998 42 7 9 0.029397173 
805 18 9 8 0.029353175 
834 29 10 15 0.029297138 
818 32 11 12 0.029033108 
827 6 5 6 0.029012619 
744 23 7 10 0.028923677 
367 96 11 16 0.02886708 
878 229 12 15 0.02878605 
181 103 12 19 0.028784212 
917 14 18 23 0.028639797 
212 237 8 11 0.028453961 
213 214 8 13 0.02842701 
255 31 6 6 0.028395774 
31 66 7 12 0.028373614 
21 144 9 14 0.028305344 
950 32 16 19 0.028179577 
651 4 6 10 0.028080799 
300 22 9 9 0.02802609 
223 67 8 8 0.02802362 
450 96 11 15 0.028005358 
361 237 9 17 0.027961662 
776 53 12 11 0.027945383 
613 95 9 14 0.027929798 
319 28 7 10 0.027912578 
163 54 13 15 0.027679605 
147 121 10 17 0.027666613 
973 18 5 7 0.027576815 
459 45 10 15 0.02755267 
112 162 9 14 0.027503265 
619 90 11 15 0.027475698 
273 128 9 16 0.027423378 
285 169 13 17 0.027408337 
910 19 6 8 0.027379991 
320 10 6 7 0.027362958 
984 119 11 13 0.027214283 
445 109 13 17 0.027196886 
868 110 17 18 0.02716615 
934 222 9 12 0.027141115 
458 93 10 13 0.027056862 
381 227 10 19 0.02704714 
315 236 18 22 0.026987743 
983 28 8 10 0.02677973 
35 103 10 14 0.026608216 
990 42 7 9 0.02648412 
945 48 10 11 0.026478395 
967 19 6 6 0.026318217 
1019 103 8 12 0.026311263 
466 22 7 9 0.026237898 
784 107 10 15 0.026231613 
819 47 10 11 0.02622311 
690 23 11 17 0.026216488 
848 71 10 11 0.026205732 
305 237 11 19 0.026203489 
868 54 12 13 0.026195103 
214 235 20 25 0.026149005 
928 156 12 14 0.026089137 
184 51 11 15 0.026061 
0 104 5 14 0.026008295 
292 147 12 17 0.0259902 
698 307 9 20 0.025758047 
460 34 12 15 0.025700908 
208 78 11 17 0.025675537 
352 82 19 22 0.02566019 
1018 30 5 8 0.025635274 
369 25 9 13 0.025582265 
704 122 17 24 0.025534555 
476 105 16 21 0.025488932 
528 109 12 16 0.02546948 
949 18 5 6 0.025401015 
352 269 8 14 0.025326153 
645 66 16 22 0.025274398 
1018 90 8 11 0.025182322 
265 256 8 14 0.025137056 
264 20 6 6 0.025108345 
267 66 10 11 0.024973677 
372 45 11 14 0.024861401 
1018 179 8 12 0.024838435 
744 272 6 10 0.024814516 
599 49 11 14 0.024726972 
505 82 9 15 0.024656333 
995 58 11 13 0.024570173 
173 96 12 15 0.024544613 
355 67 20 22 0.02446489 
221 248 20 25 0.024407519 
184 302 19 35 0.024234038 
861 135 14 13 0.024217278 
926 12 7 8 0.024212526 
82 71 10 14 0.024201764 
-1 194 5 13 0.024164697 
684 104 9 14 0.0241042 
42 27 6 11 0.024088345 
321 25 5 7 0.024060247 
115 61 15 22 0.024032528 
775 59 14 13 0.024017524 
360 23 16 21 0.023804149 
910 6 5 6 0.023800254 
193 246 7 13 0.023794772 
62 146 11 15 0.023782074 
262 206 12 17 0.023745283 
935 23 17 21 0.023710065 
861 250 12 16 0.02370165 
889 138 18 21 0.0236992 
781 19 17 24 0.023689045 
552 88 14 21 0.02365168 
599 98 10 15 0.023611778 
636 256 10 14 0.023558246 
274 244 8 14 0.02351452 
674 241 20 22 0.023459679 
908 228 8 12 0.02342749 
892 60 10 14 0.023419723 
467 44 15 18 0.023395082 
519 263 7 13 0.023381207 
108 237 9 16 0.023363572 
0 166 8 15 0.023337768 
502 17 18 25 0.02333269 
753 136 12 15 0.0232919 
823 135 16 23 0.023274064 
641 42 17 25 0.023239013 
207 260 6 10 0.02318376 
268 28 8 9 0.02318135 
829 45 12 14 0.023172267 
58 63 11 15 0.023171762 
707 104 17 22 0.02314424 
672 188 31 37 0.022988549 
257 293 5 7 0.02296626 
1016 36 7 9 0.022901062 
17 166 14 16 0.022890959 
595 218 15 14 0.022838937 
183 235 9 15 0.022835141 
236 33 7 12 0.02281364 
908 22 11 15 0.022785265 
353 108 15 16 0.02275781 
808 52 11 13 0.02273707 
684 84 7 14 0.022730077 
433 98 11 13 0.022724008 
361 80 14 15 0.022693934 
724 232 6 11 0.022666596 
268 57 11 13 0.02265254 
676 258 20 26 0.022649622 
299 19 8 7 0.02258067 
915 7 4 6 0.02257542 
403 34 11 12 0.022563795 
374 53 12 14 0.02247935 
537 59 9 12 0.022327356 
766 263 19 30 0.022294167 
508 103 11 19 0.022173101 
771 25 19 21 0.022090059 
257 298 7 9 0.022086104 
978 22 8 9 0.021997953 
758 56 10 13 0.021994742 
818 135 11 14 0.02195831 
396 54 9 10 0.021788213 
859 98 13 13 0.021786004 
322 104 11 17 0.021765355 
712 220 7 11 0.021741685 
191 239 7 10 0.02168481 
863 21 6 10 0.021661919 
136 112 11 16 0.0216457 
858 40 10 13 0.02161111 
689 0 12 10 0.021580094 
88 141 17 23 0.021521913 
959 133 17 22 0.021492576 
969 144 15 15 0.021487102 
292 264 7 14 0.021456435 
313 12 6 6 0.021407433 
637 127 11 18 0.021360124 
9 124 10 15 0.021274399 
873 106 11 13 0.021233305 
258 25 5 6 0.021165082 
929 38 17 21 0.021139827 
976 125 14 13 0.021125892 
489 94 13 17 0.021110673 
585 247 11 14 0.021108367 
241 25 5 8 0.021075774 
-1 131 5 14 0.021070385 
299 11 7 6 0.02104994 
98 144 11 17 0.021033537 
945 134 11 16 0.02102836 
318 82 11 14 0.021013614 
798 261 7 16 0.020958824 
991 66 10 12 0.020951461 
189 104 9 14 0.020919818 
671 75 16 24 0.020879297 
639 51 8 16 0.02084381 
4 162 10 15 0.020830045 
834 71 10 10 0.020821657 
312 263 11 11 0.020797448 
395 66 8 13 0.02076986 
256 280 4 7 0.02076968 
855 219 16 27 0.020758893 
126 65 9 12 0.020733532 
399 101 14 17 0.020729972 
801 141 13 16 0.020710595 
580 104 12 19 0.02070857 
229 328 9 19 0.020695616 
18 81 7 11 0.020677587 
554 215 16 22 0.020620074 
835 41 12 17 0.020613195 
313 40 12 15 0.020607488 
686 274 11 19 0.020595128 
905 210 6 7 0.020589769 
578 153 17 24 0.020588795 
988 42 15 19 0.020579299 
886 108 13 16 0.020567132 
105 34 8 12 0.020529753 
506 21 8 11 0.020340508 
98 31 17 24 0.020338627 
752 101 12 17 0.02033619 
1019 25 6 7 0.020326698 
39 43 10 16 0.020284988 
261 320 8 17 0.02027306 
963 17 18 20 0.020272631 
885 49 10 12 0.020245293 
858 269 7 13 0.020244332 
311 3 9 8 0.020239718 
45 58 11 15 0.020221666 
206 61 11 10 0.020181485 
1004 26 5 5 0.020154184 
521 232 10 20 0.020147486 
881 4 9 10 0.020145543 
156 37 9 11 0.020138742 
553 203 13 18 0.02013444 
783 50 12 12 0.020120593 
401 48 10 12 0.020114498 
179 254 8 17 0.02009086 
100 162 16 24 0.020089822 
835 213 11 17 0.020084942 
246 224 17 31 0.020048926 
