0_Parade_marchingband_1_517
485
453 216 46 59 0.9994261 
203 161 48 66 0.9992694 
52 132 47 62 0.9975025 
700 216 43 46 0.9964929 
913 266 36 48 0.9940625 
398 238 26 32 0.9662447 
554 304 12 18 0.34720558 
375 266 17 23 0.33165362 
869 298 14 16 0.2154312 
204 330 25 20 0.18699995 
563 285 14 26 0.13648057 
587 274 14 17 0.13023435 
342 264 11 15 0.12367166 
579 288 11 17 0.114608034 
897 428 29 28 0.108832315 
639 244 26 18 0.1010893 
382 247 16 24 0.09189881 
387 269 13 16 0.08387606 
90 420 6 8 0.08084946 
354 330 16 17 0.073158085 
530 451 6 8 0.0692767 
199 27 3 4 0.06698325 
206 21 3 4 0.0653697 
370 287 33 43 0.06363836 
199 21 3 4 0.06079528 
982 286 41 46 0.058626898 
219 40 3 4 0.056698978 
193 21 3 4 0.055553254 
635 266 16 14 0.053639952 
193 27 3 4 0.05323338 
159 -106 324 331 0.052074037 
213 8 2 4 0.05198463 
167 27 3 4 0.05169594 
206 15 3 4 0.051423572 
199 15 3 3 0.050778724 
212 21 3 4 0.05054297 
367 457 20 32 0.050245155 
219 14 3 4 0.04982564 
205 27 3 4 0.04925631 
232 28 3 3 0.049214773 
187 15 3 4 0.048404418 
206 8 3 4 0.048025314 
187 27 3 4 0.047909286 
193 9 3 4 0.047689617 
193 15 2 4 0.047314357 
680 21 3 4 0.0472418 
204 33 4 5 0.045095846 
187 21 3 4 0.044297963 
212 15 3 3 0.044003442 
219 27 4 4 0.04396807 
225 28 3 3 0.0436449 
709 182 31 32 0.04338863 
354 129 3 4 0.04321224 
426 249 20 24 0.04307745 
199 33 4 4 0.042940874 
162 584 3 4 0.04250547 
407 417 9 15 0.042373393 
0 217 8 23 0.042157106 
231 34 3 3 0.041649416 
938 281 25 36 0.0415221 
700 -110 374 319 0.041518103 
575 756 4 6 0.041502144 
194 33 3 5 0.041139416 
225 34 3 4 0.041100364 
200 8 3 4 0.04101915 
667 46 3 5 0.040870905 
153 231 47 51 0.04073941 
634 97 3 4 0.040504493 
238 34 3 3 0.040109567 
212 27 3 4 0.040059295 
327 750 4 6 0.0399236 
212 47 3 3 0.03936556 
225 15 3 4 0.039198987 
167 584 2 4 0.03915403 
174 27 4 5 0.039033584 
954 426 26 25 0.03797449 
212 34 3 4 0.03797263 
309 40 3 5 0.03796084 
636 246 14 13 0.0376197 
181 21 2 4 0.03716022 
442 -114 296 344 0.036634244 
673 39 3 5 0.035994288 
660 40 3 4 0.035695806 
346 737 3 4 0.03562424 
471 171 6 10 0.035573263 
667 14 3 4 0.03556339 
219 21 2 4 0.03538895 
204 39 4 5 0.03510679 
679 34 4 4 0.034751512 
167 33 3 5 0.034570068 
225 20 3 4 0.03456183 
629 46 3 4 0.03455806 
499 484 383 401 0.03436739 
251 34 3 4 0.034309093 
309 44 4 6 0.034296114 
680 27 3 4 0.034295045 
634 34 3 5 0.034140922 
251 21 3 4 0.034063507 
744 15 2 3 0.034054965 
219 9 3 3 0.03400732 
161 589 3 4 0.03388786 
667 40 3 5 0.03376913 
264 47 3 4 0.0337068 
738 15 2 3 0.03362344 
666 52 3 4 0.033434432 
302 737 3 5 0.03340233 
181 15 3 3 0.033341818 
641 78 3 5 0.03325652 
225 40 3 4 0.033168063 
318 419 42 49 0.03316173 
648 40 3 4 0.032861624 
162 27 3 5 0.03285527 
180 9 3 4 0.03280116 
635 38 3 5 0.032790825 
742 20 3 4 0.032784536 
187 8 3 4 0.032648955 
770 8 3 4 0.03257399 
763 14 3 4 0.03240121 
250 47 3 4 0.03229546 
685 21 3 4 0.032089613 
238 28 3 3 0.03199823 
821 421 7 8 0.031880535 
699 14 4 5 0.03174094 
635 79 3 4 0.031740412 
167 22 3 3 0.031673625 
799 317 7 8 0.031649582 
186 39 3 4 0.031591404 
629 104 3 4 0.031398933 
387 243 8 12 0.031347558 
749 34 3 4 0.031223213 
282 273 20 27 0.03119948 
214 40 3 4 0.031159416 
821 732 2 3 0.031081505 
174 33 4 4 0.031055482 
654 46 4 5 0.030941913 
219 46 3 4 0.03078693 
633 253 25 22 0.030706989 
97 438 26 35 0.030625772 
270 27 3 4 0.030468414 
348 136 3 5 0.030340703 
161 34 4 4 0.030339355 
667 59 3 5 0.030227382 
686 15 3 4 0.03016155 
231 40 3 4 0.02992691 
652 79 3 5 0.029803349 
775 14 3 4 0.029647557 
808 308 6 7 0.029640954 
155 40 3 4 0.02955035 
257 27 3 4 0.029489027 
186 34 3 4 0.02934265 
674 34 3 4 0.029238801 
629 98 3 4 0.029110624 
770 14 3 4 0.029022215 
352 136 3 4 0.029017285 
180 34 4 4 0.028986856 
269 47 4 3 0.028964343 
756 15 3 3 0.02890574 
270 33 3 5 0.028818984 
680 39 3 5 0.028583845 
667 8 3 4 0.028582841 
653 84 3 4 0.028499363 
971 270 36 42 0.028427048 
155 589 3 4 0.028342163 
563 321 9 13 0.028339494 
685 27 3 4 0.028282486 
244 28 3 3 0.028272688 
622 47 3 4 0.028250223 
757 9 2 3 0.028196275 
179 27 3 4 0.028080968 
648 79 3 4 0.028047634 
737 40 3 4 0.027965661 
219 34 3 4 0.027962094 
334 744 3 4 0.02786636 
909 436 14 16 0.027831184 
738 21 3 3 0.027799914 
244 40 3 4 0.02774665 
200 39 4 4 0.027645912 
597 277 11 14 0.027631769 
756 27 3 4 0.027569886 
161 21 3 4 0.027524004 
876 324 42 52 0.0273489 
250 40 3 4 0.027328087 
808 732 2 3 0.02730616 
642 92 2 3 0.027237782 
173 39 3 5 0.027207687 
168 40 4 4 0.02705057 
763 9 3 3 0.027018182 
769 52 3 4 0.026982082 
731 15 2 3 0.026955765 
264 27 2 4 0.026912004 
719 59 3 4 0.026826633 
510 -18 311 463 0.0268246 
225 8 3 4 0.026815454 
194 39 3 4 0.026806206 
680 15 2 3 0.026779003 
862 268 18 21 0.026738252 
641 72 3 4 0.02669165 
359 129 3 4 0.026670437 
584 283 18 26 0.026473619 
245 47 2 3 0.026395308 
768 47 3 5 0.026388286 
328 744 3 4 0.026379079 
674 79 3 4 0.026303908 
635 84 3 4 0.026230052 
270 40 3 4 0.02621987 
653 13 3 5 0.026162894 
276 40 3 4 0.026134893 
647 34 3 4 0.026076078 
750 14 3 4 0.026061071 
341 737 4 4 0.02599594 
212 53 3 3 0.025982048 
635 27 3 4 0.025948634 
867 13 28 34 0.025946151 
174 21 3 4 0.025942568 
715 456 77 98 0.02589972 
527 450 6 7 0.025877656 
981 662 3 3 0.025842499 
607 271 11 12 0.025782395 
622 52 3 4 0.025741227 
680 610 4 4 0.025731843 
712 15 3 4 0.025720224 
719 8 3 4 0.025692744 
206 46 3 4 0.025665913 
634 103 4 5 0.025650403 
315 732 3 3 0.02563569 
142 591 3 4 0.025607578 
251 28 3 3 0.02557795 
868 248 12 11 0.025558144 
257 47 3 4 0.025532402 
238 40 3 4 0.025445158 
283 46 3 4 0.025419788 
750 9 3 4 0.025380922 
629 27 3 4 0.025342463 
678 201 10 9 0.025296006 
225 47 3 3 0.025290132 
667 21 3 4 0.025231967 
814 737 3 5 0.0252155 
635 92 3 4 0.025142299 
244 34 3 3 0.025137303 
156 585 2 4 0.02512743 
673 8 3 4 0.025064256 
360 124 2 4 0.025050716 
673 27 3 5 0.025042418 
628 110 3 5 0.024981493 
743 40 3 4 0.024963932 
592 279 13 18 0.02492757 
699 9 3 3 0.02490279 
685 34 3 4 0.024882454 
763 21 3 4 0.024845418 
674 59 3 5 0.024842149 
168 441 5 7 0.024836257 
615 135 4 5 0.024818992 
200 3 3 3 0.024688246 
744 46 4 4 0.02466367 
463 176 22 28 0.024638936 
289 39 3 5 0.024632951 
168 590 3 4 0.024573695 
961 616 4 4 0.024438847 
980 610 3 3 0.024426784 
354 124 3 4 0.024407415 
360 118 3 3 0.024329795 
647 98 3 4 0.024274345 
237 9 4 4 0.024237072 
731 21 2 4 0.024234718 
673 596 4 6 0.024218807 
621 14 3 5 0.024191374 
175 585 3 4 0.02417553 
814 732 2 3 0.024134139 
808 46 3 5 0.02410444 
161 15 3 4 0.02406191 
647 28 3 3 0.024036173 
416 285 36 50 0.02398785 
629 40 3 4 0.023978071 
653 52 3 4 0.023963675 
673 14 3 4 0.023926863 
354 141 3 5 0.023925154 
686 40 4 4 0.023923088 
264 14 3 4 0.023907807 
725 14 3 4 0.023852285 
569 289 20 28 0.023802504 
718 54 3 4 0.023764612 
232 9 3 4 0.023764597 
219 53 2 4 0.023761997 
177 414 5 7 0.023707075 
1018 463 8 12 0.023668127 
940 474 7 6 0.023661152 
289 33 3 5 0.02361169 
648 72 2 4 0.02360494 
181 39 3 4 0.02359836 
724 8 3 5 0.023531357 
667 71 3 5 0.02349467 
231 13 3 4 0.023481239 
869 273 21 21 0.023443894 
717 178 17 14 0.02344182 
711 9 3 3 0.02342871 
641 28 3 3 0.023391541 
776 604 4 4 0.023381189 
622 8 3 4 0.02333735 
367 124 2 4 0.023333909 
277 27 3 4 0.023291992 
647 91 3 4 0.023259627 
731 34 3 4 0.02323827 
142 596 3 4 0.023132002 
737 9 3 4 0.023125688 
558 300 18 25 0.023078961 
810 311 8 10 0.023060989 
725 110 5 6 0.02305755 
492 755 5 6 0.023053018 
704 14 3 4 0.02304352 
276 34 3 4 0.023017215 
424 8 3 4 0.022987021 
674 52 4 5 0.022960799 
962 604 2 4 0.022950776 
741 195 5 7 0.02294655 
793 313 7 7 0.02293038 
661 8 3 4 0.02291255 
667 27 3 4 0.022892771 
654 40 3 4 0.022886693 
641 85 3 4 0.022842588 
668 65 3 4 0.022820802 
264 59 3 4 0.022794912 
199 46 4 5 0.02279288 
167 15 3 4 0.022784743 
545 313 7 10 0.022751022 
642 45 3 5 0.022744838 
283 40 3 4 0.022744631 
569 215 6 9 0.022728294 
744 9 3 4 0.022718795 
181 59 3 4 0.022717992 
673 65 3 5 0.022693949 
819 737 3 4 0.02267306 
45 367 6 11 0.022636034 
941 655 3 4 0.022560632 
654 130 4 4 0.022557002 
154 33 3 5 0.022537066 
827 604 3 4 0.022480382 
237 13 4 4 0.022468457 
302 53 3 4 0.022422263 
979 616 4 4 0.022369474 
174 8 3 4 0.022364875 
487 40 3 4 0.022319041 
296 47 3 4 0.022301178 
961 609 3 4 0.022248967 
686 45 4 4 0.022237571 
832 296 34 45 0.022230918 
701 164 23 21 0.022196768 
724 27 3 4 0.022190128 
851 738 3 4 0.022186307 
852 744 3 4 0.022182358 
443 14 3 4 0.02217391 
616 8 3 4 0.022162579 
173 15 3 4 0.022133254 
723 60 3 4 0.022104114 
737 46 3 4 0.022025844 
770 85 3 5 0.021966774 
641 98 4 4 0.021927383 
763 274 9 13 0.021907393 
616 46 3 4 0.02190706 
674 204 36 39 0.021904252 
775 617 3 3 0.021890016 
245 21 2 4 0.021874156 
206 53 3 4 0.02183909 
149 591 2 3 0.021788158 
239 54 2 3 0.021765642 
723 84 322 427 0.02172629 
303 59 3 4 0.021725418 
744 35 3 3 0.021721466 
827 609 3 4 0.0217199 
738 27 3 4 0.021683399 
257 40 3 4 0.021678925 
548 322 10 15 0.021635953 
661 13 3 4 0.021625595 
840 731 3 4 0.021598145 
725 66 3 4 0.021566022 
312 445 43 49 0.021551087 
315 135 4 5 0.021527939 
635 110 3 4 0.021524971 
168 565 3 4 0.021517877 
692 15 3 4 0.021515423 
731 72 3 4 0.021501007 
840 238 4 5 0.021496277 
443 21 2 4 0.021479066 
161 8 3 4 0.021465106 
654 8 3 4 0.021449313 
642 65 3 5 0.021445995 
315 737 3 4 0.021398194 
622 98 3 4 0.021351859 
406 406 17 29 0.021328388 
711 578 3 3 0.021313205 
148 52 4 5 0.021296453 
744 52 4 5 0.021272842 
314 122 3 5 0.02126119 
737 53 4 4 0.0212196 
960 648 4 4 0.021213831 
893 288 20 30 0.021194756 
231 59 3 4 0.021194065 
846 648 3 4 0.021173138 
167 8 3 4 0.02116343 
302 741 4 6 0.021148197 
1012 512 7 16 0.021133775 
370 269 12 17 0.021117857 
640 136 4 5 0.02110217 
863 278 28 39 0.021079447 
731 9 3 4 0.02107501 
641 8 3 4 0.021065926 
160 479 4 7 0.021051267 
641 34 3 4 0.021042496 
629 92 3 4 0.021037718 
763 47 4 4 0.021029735 
283 33 3 5 0.021023756 
711 584 3 4 0.021007523 
846 654 4 4 0.02098287 
830 250 6 7 0.020982666 
794 318 5 6 0.020960497 
352 330 27 41 0.020955777 
649 83 3 5 0.020953275 
173 45 3 5 0.020937553 
660 46 3 4 0.020921374 
558 738 3 3 0.020905662 
833 232 4 4 0.020903824 
821 725 2 4 0.020883212 
723 113 6 8 0.020877792 
347 744 3 4 0.020853832 
264 40 3 4 0.02085348 
967 616 3 4 0.020852072 
648 59 3 4 0.02084976 
648 45 3 5 0.020828765 
737 34 3 4 0.020824019 
673 21 3 4 0.020810694 
160 597 3 4 0.020808151 
608 220 4 3 0.020803673 
635 8 3 4 0.020786813 
328 738 3 4 0.020784002 
653 104 3 4 0.02075116 
263 53 3 4 0.020747392 
335 218 4 5 0.020722479 
174 623 3 4 0.02071009 
757 59 3 5 0.020710038 
705 9 3 3 0.020680036 
135 589 3 5 0.020676885 
827 719 2 3 0.020656895 
283 59 3 4 0.020656655 
231 21 3 4 0.02064852 
435 254 19 25 0.020631831 
629 52 3 4 0.02062839 
646 256 17 13 0.020562524 
554 261 18 25 0.02056092 
296 737 4 5 0.020559542 
666 85 4 4 0.02055389 
655 91 3 4 0.020525975 
730 60 3 3 0.020522578 
641 40 3 4 0.020488301 
239 47 3 3 0.020443037 
680 9 2 4 0.02042208 
648 117 4 4 0.020416839 
807 104 4 5 0.020408636 
763 59 3 4 0.020402854 
749 39 4 4 0.020382067 
366 137 3 3 0.020360472 
290 27 3 4 0.02034562 
647 65 3 5 0.020344814 
697 622 4 4 0.020318415 
749 52 4 5 0.020314123 
653 21 3 4 0.02030412 
748 47 4 4 0.020292688 
274 404 6 8 0.020292688 
231 47 3 3 0.02028172 
839 654 3 4 0.020272586 
231 53 3 4 0.020257467 
673 46 3 4 0.020241233 
642 59 2 4 0.020238124 
648 142 3 4 0.020232413 
974 616 4 4 0.020205779 
449 34 3 4 0.020178858 
705 40 3 3 0.02014145 
769 21 3 4 0.020121861 
148 596 4 5 0.020083763 
161 39 4 4 0.020074654 
730 53 3 4 0.020074606 
366 149 4 4 0.020056183 
257 21 2 4 0.020019965 
629 8 3 4 0.020017019 
346 260 18 26 0.020013288 
161 46 3 5 0.020011518 
649 104 3 4 0.020005962 
