0_Parade_marchingband_1_78
2827
369 169 8 12 0.93548405 
859 594 11 13 0.90498066 
940 169 9 12 0.85240585 
751 594 12 15 0.8302196 
726 132 6 12 0.7943701 
290 168 9 13 0.774484 
655 359 8 11 0.7653094 
596 145 8 12 0.7559799 
189 191 7 11 0.7421596 
698 469 9 15 0.7410035 
940 106 10 11 0.7395718 
128 341 12 16 0.73560214 
907 572 10 12 0.71757984 
323 183 9 11 0.7108309 
62 397 11 18 0.7062036 
830 230 9 12 0.6901649 
487 132 8 11 0.68311524 
974 151 8 13 0.67107356 
508 128 8 11 0.6666245 
463 141 10 11 0.64754945 
699 593 13 22 0.6467594 
977 567 8 11 0.64619476 
912 29 13 13 0.64114773 
484 217 6 10 0.6294631 
588 344 7 9 0.62046236 
908 126 9 12 0.6134457 
654 190 8 13 0.60629994 
664 18 7 12 0.5922606 
581 200 7 13 0.5864278 
461 108 8 10 0.5863117 
182 241 8 12 0.58186316 
326 152 9 10 0.58158255 
727 200 8 13 0.5755121 
425 173 8 11 0.57360524 
543 180 6 10 0.5657745 
747 114 6 9 0.5655983 
966 88 8 11 0.5595887 
783 68 9 12 0.5521237 
217 156 5 7 0.5453861 
741 95 6 10 0.5412425 
531 125 7 11 0.54089755 
928 197 7 13 0.5349459 
455 200 8 14 0.52517015 
640 9 7 11 0.5237307 
344 152 8 10 0.5198412 
390 160 8 11 0.5189826 
550 205 6 11 0.50520086 
573 120 8 10 0.5040241 
384 107 7 9 0.4966567 
895 203 8 13 0.4934508 
767 141 5 9 0.49344796 
510 191 8 11 0.4904183 
804 613 9 12 0.48660925 
443 126 8 11 0.47588354 
993 313 7 12 0.47511083 
944 150 8 12 0.4615048 
882 158 6 10 0.45976958 
434 151 8 10 0.45803943 
963 185 8 13 0.45699814 
748 14 5 8 0.45560876 
490 194 8 13 0.4406351 
236 185 6 10 0.43837303 
680 253 7 12 0.43583226 
1010 169 8 11 0.4312641 
825 587 9 13 0.4310833 
664 13 7 9 0.43023682 
687 138 7 11 0.42582747 
494 160 8 10 0.4096615 
620 184 6 12 0.40529922 
268 204 8 11 0.399853 
604 171 8 11 0.39981446 
402 134 8 9 0.39271894 
541 500 19 31 0.38753366 
165 259 9 15 0.38625467 
1005 126 6 11 0.38580987 
721 11 5 9 0.38532653 
683 93 6 11 0.38381433 
784 36 12 12 0.3827427 
709 485 10 12 0.37776497 
1007 288 8 11 0.37651142 
470 83 7 8 0.37508056 
899 597 13 18 0.37390032 
168 120 5 10 0.3712875 
715 29 9 11 0.37111825 
625 18 7 10 0.3673296 
853 401 9 10 0.36481425 
416 158 8 11 0.36159897 
441 210 8 11 0.360779 
677 25 6 9 0.3575796 
552 120 7 10 0.3563462 
846 120 7 9 0.35529312 
605 9 7 11 0.3541803 
601 114 7 10 0.34681812 
241 147 6 8 0.3454422 
113 235 7 11 0.3404862 
638 153 7 11 0.33779514 
229 165 6 9 0.3362074 
286 127 8 8 0.33234385 
204 190 7 11 0.33202696 
810 148 7 11 0.33132163 
504 320 6 7 0.33092943 
556 177 8 11 0.32647985 
544 153 7 10 0.32496804 
927 125 7 10 0.3239982 
978 138 7 11 0.32108226 
524 38 9 13 0.31777287 
914 305 8 11 0.31479007 
692 7 7 9 0.30968007 
452 142 8 9 0.3088988 
948 134 7 11 0.3078775 
957 316 7 15 0.305073 
1005 144 7 11 0.3001654 
575 173 6 9 0.29606652 
707 196 7 14 0.29597476 
416 153 7 9 0.29430813 
964 270 8 14 0.2937155 
909 121 9 11 0.2924018 
679 166 6 12 0.29095027 
946 248 7 11 0.28974816 
311 165 8 10 0.28972977 
648 135 6 10 0.2895349 
308 162 7 9 0.2892085 
14 242 8 11 0.28824148 
701 29 7 13 0.28288898 
811 121 8 9 0.2828663 
518 327 5 7 0.2809939 
614 37 10 12 0.28038332 
520 46 10 16 0.27998137 
767 383 6 7 0.27932867 
573 209 7 12 0.27882874 
627 155 7 12 0.27794242 
779 174 6 9 0.27749082 
390 133 8 10 0.2749819 
682 164 8 13 0.2749027 
876 192 9 12 0.2722707 
323 116 7 8 0.27190197 
384 141 7 9 0.27102807 
426 134 7 9 0.26866767 
472 195 7 10 0.26857403 
561 95 7 9 0.26658735 
215 197 6 9 0.26637274 
510 94 7 10 0.2661966 
254 91 6 8 0.26550034 
816 221 8 13 0.26095036 
562 154 6 10 0.259877 
901 609 11 15 0.25985909 
628 113 6 9 0.25979656 
152 345 22 39 0.25934505 
261 136 6 8 0.2590652 
617 87 8 12 0.2585466 
506 196 7 10 0.2555862 
170 198 6 9 0.25390616 
557 345 6 7 0.25364012 
410 208 8 10 0.25009638 
900 325 7 12 0.24879052 
359 166 6 9 0.24716924 
562 179 6 11 0.2459209 
267 179 7 9 0.24560317 
738 171 6 11 0.24409369 
864 97 9 10 0.24274148 
582 106 7 10 0.24218757 
365 146 7 9 0.24017966 
498 187 7 9 0.23917134 
740 202 7 12 0.23736683 
813 182 7 10 0.23654011 
911 84 9 10 0.23565342 
267 173 6 8 0.23443566 
935 228 8 13 0.23391001 
212 173 5 8 0.23087887 
873 332 6 9 0.23039223 
789 208 9 12 0.2295321 
389 186 7 10 0.22932118 
431 413 9 12 0.22903933 
372 134 7 9 0.2288606 
399 195 9 11 0.22637308 
293 136 6 7 0.2249882 
473 154 6 9 0.22425309 
586 24 7 11 0.22373326 
934 147 6 9 0.22350423 
776 178 6 10 0.22240324 
555 140 6 9 0.21954356 
904 103 9 9 0.21878634 
491 110 6 8 0.2187573 
1015 93 9 14 0.2182618 
493 115 6 9 0.21753342 
170 548 13 18 0.21614097 
1015 113 8 13 0.21479785 
915 170 7 11 0.2146974 
842 151 7 10 0.21377183 
759 210 5 9 0.21362892 
299 160 8 10 0.21259718 
901 202 8 12 0.21085413 
554 128 6 9 0.20826326 
878 134 7 9 0.2081245 
384 146 7 11 0.20791018 
460 170 6 9 0.2077232 
852 55 9 11 0.2074493 
446 216 7 11 0.20446596 
467 192 7 11 0.20372187 
711 128 7 10 0.20305152 
861 36 10 11 0.2018998 
504 179 6 9 0.20016909 
518 109 6 8 0.198847 
977 109 8 10 0.19709426 
80 377 12 17 0.19589444 
960 89 6 9 0.19572254 
393 165 8 10 0.19423808 
170 287 9 15 0.19361481 
548 196 6 10 0.19254832 
972 174 8 14 0.19206521 
253 271 9 13 0.19126292 
691 163 7 13 0.19115655 
605 185 7 10 0.1905273 
163 205 8 10 0.1900853 
801 196 8 12 0.18934943 
961 146 7 12 0.18916672 
844 189 8 12 0.18803173 
555 134 6 9 0.18759193 
230 277 10 17 0.1864017 
654 151 7 14 0.18617211 
371 152 6 8 0.18597935 
176 93 10 16 0.18464096 
959 135 7 10 0.18364455 
357 117 8 8 0.18259911 
663 120 7 10 0.18142779 
601 121 7 9 0.18111297 
422 128 7 7 0.1806088 
963 290 7 14 0.18028396 
344 179 7 9 0.17876494 
772 166 5 8 0.17824048 
22 360 8 13 0.17729348 
188 593 14 12 0.17585889 
157 242 7 11 0.17482658 
787 93 6 10 0.17466235 
934 325 7 13 0.17384627 
766 194 6 11 0.17369977 
729 158 7 12 0.17300543 
466 113 7 9 0.17223904 
512 216 6 9 0.17221677 
887 312 7 9 0.1719317 
773 161 5 9 0.17192392 
805 396 7 8 0.17142104 
552 217 7 10 0.17113367 
906 202 8 13 0.17090857 
463 307 4 7 0.17053416 
613 30 10 12 0.17031157 
473 113 7 8 0.17010874 
409 104 7 7 0.16961014 
640 207 7 12 0.16947085 
364 142 7 8 0.16946201 
761 172 5 11 0.16911328 
411 109 6 6 0.16902924 
487 109 6 9 0.16850713 
831 127 5 7 0.16793397 
938 299 7 13 0.16676407 
989 130 8 13 0.16555224 
281 136 5 7 0.16554 
702 26 5 8 0.16552909 
135 248 8 12 0.1650774 
878 158 7 11 0.16452482 
367 55 8 12 0.16441116 
884 314 6 9 0.16389339 
1018 142 6 10 0.16367875 
263 171 7 9 0.16345438 
387 109 8 8 0.16204867 
249 155 5 7 0.16134939 
719 164 6 13 0.1602876 
365 167 7 10 0.160129 
723 286 8 13 0.15955047 
883 320 6 8 0.15890646 
191 259 9 14 0.15850371 
364 122 6 6 0.15839596 
590 171 6 10 0.15838549 
744 133 6 9 0.15825002 
544 36 9 13 0.15772556 
478 169 6 12 0.15768415 
205 167 5 7 0.15668327 
466 307 5 6 0.15657522 
510 76 6 9 0.15633672 
238 153 7 8 0.15505573 
920 306 8 12 0.15504746 
416 149 6 8 0.15420663 
728 146 6 10 0.15382847 
854 496 10 13 0.15375869 
455 155 6 8 0.15371053 
173 236 6 10 0.15331559 
544 209 5 9 0.1531895 
997 159 8 12 0.15292431 
424 210 7 12 0.15282144 
748 29 7 9 0.15269779 
444 132 8 10 0.15181193 
511 90 7 9 0.15180229 
684 126 6 9 0.1517522 
442 95 6 8 0.1516353 
925 306 7 12 0.15012693 
937 234 8 12 0.14933202 
157 302 11 18 0.14813432 
328 292 11 14 0.14800681 
249 268 9 14 0.14763626 
544 140 6 8 0.14755225 
513 84 6 8 0.14751588 
794 122 7 10 0.14747305 
302 141 7 7 0.14697726 
823 397 7 8 0.14683476 
909 52 8 11 0.14680187 
564 147 6 8 0.14615892 
354 77 5 8 0.14572874 
993 192 7 13 0.14488894 
776 139 5 8 0.14473885 
922 114 7 9 0.14445162 
870 185 6 10 0.14437343 
941 337 7 12 0.14403255 
263 140 5 8 0.14373277 
627 146 8 12 0.1433908 
693 374 5 6 0.14330633 
1013 527 12 14 0.14314114 
389 115 7 7 0.1431041 
574 185 6 9 0.1428778 
271 63 5 8 0.14253461 
422 124 7 7 0.13984369 
667 108 7 10 0.13975577 
465 448 8 14 0.1395878 
676 30 8 11 0.13957883 
991 602 14 23 0.13955222 
955 89 7 9 0.13948818 
699 190 5 10 0.13931125 
440 206 6 11 0.13899814 
715 33 12 14 0.13802816 
860 41 12 13 0.13754727 
468 159 6 9 0.13605 
478 205 6 9 0.13511738 
30 127 6 9 0.1348455 
564 203 6 11 0.13463892 
268 142 6 7 0.1343403 
748 210 6 9 0.1338912 
705 166 6 12 0.13354473 
678 197 7 13 0.13347542 
293 141 5 6 0.13313617 
407 185 7 10 0.13271765 
199 160 6 9 0.1314932 
519 127 5 9 0.13120162 
133 30 4 9 0.13050213 
481 334 4 6 0.13003998 
738 200 5 9 0.12974349 
499 14 5 7 0.12958696 
513 188 6 8 0.12952147 
331 123 6 6 0.12945753 
325 120 7 8 0.12916127 
249 159 5 7 0.12837599 
824 109 8 8 0.12813543 
711 53 6 8 0.12798056 
355 390 10 19 0.12765348 
574 178 6 9 0.12690786 
778 50 7 9 0.12687182 
665 114 7 10 0.12686035 
225 206 5 8 0.12601052 
28 148 10 16 0.12494302 
21 473 21 32 0.12480811 
1010 142 6 10 0.12474534 
231 186 5 9 0.12398359 
980 336 6 12 0.123586565 
409 129 7 9 0.12340274 
732 121 5 9 0.12331221 
372 229 7 11 0.12321138 
638 126 6 8 0.1230812 
983 364 5 9 0.12239906 
249 304 8 17 0.12207514 
644 145 7 12 0.1219247 
416 128 6 8 0.121579036 
569 204 7 11 0.121141955 
804 223 6 11 0.121099636 
830 197 8 10 0.121067554 
56 203 9 14 0.12052897 
438 153 7 9 0.120477915 
560 67 8 11 0.12045516 
776 174 5 8 0.120112985 
927 243 6 10 0.12001984 
518 204 6 9 0.11998718 
941 244 8 13 0.11995524 
173 216 6 8 0.119773075 
727 390 8 8 0.11929872 
226 210 5 9 0.11911371 
644 204 7 13 0.11895327 
939 343 6 12 0.11882001 
556 44 7 11 0.11809784 
267 167 7 9 0.11808976 
197 205 6 8 0.11779116 
954 120 9 11 0.117790446 
889 125 7 9 0.11756727 
230 210 5 10 0.1173578 
737 128 5 8 0.117021985 
610 602 22 28 0.11683377 
450 146 6 8 0.11665472 
817 181 6 8 0.11663337 
427 140 6 8 0.11654752 
175 231 8 10 0.11647211 
882 128 7 9 0.11636178 
178 236 8 11 0.116248846 
854 408 10 11 0.11602538 
654 30 7 12 0.11601978 
902 322 5 7 0.115629904 
491 138 7 10 0.115611136 
1016 243 6 10 0.11556633 
178 215 6 9 0.11483797 
459 449 8 14 0.11474598 
573 126 8 10 0.11427906 
466 185 7 10 0.11350261 
652 26 6 9 0.11342208 
991 349 6 12 0.112580866 
747 133 5 8 0.11233729 
849 115 8 10 0.112170145 
624 133 8 10 0.11145792 
947 300 7 13 0.11098068 
493 120 6 9 0.11081384 
531 106 8 11 0.11016505 
675 125 9 12 0.10929217 
347 89 7 10 0.109226614 
912 140 8 10 0.10919742 
869 128 6 9 0.1087797 
243 199 6 9 0.10834026 
540 184 6 9 0.108083494 
498 116 5 8 0.10790518 
996 306 9 15 0.10783289 
735 229 6 11 0.10755992 
659 171 7 13 0.10751505 
998 133 7 11 0.10719866 
363 117 6 7 0.10701804 
850 76 8 11 0.10697107 
544 136 5 7 0.106788345 
459 199 7 11 0.10588852 
632 114 6 8 0.10563944 
754 215 8 11 0.10556496 
517 141 5 9 0.10555818 
242 155 6 7 0.105462365 
830 123 6 8 0.10539853 
1018 293 6 11 0.10530466 
212 228 5 9 0.10525764 
696 199 6 10 0.10525503 
564 209 6 12 0.104885936 
975 113 8 10 0.10452123 
749 42 8 12 0.10395308 
614 146 6 11 0.10385335 
876 329 5 7 0.103772014 
1017 254 6 13 0.10374398 
364 128 5 7 0.10366092 
443 92 5 7 0.10355241 
269 75 9 12 0.10347579 
193 153 5 7 0.10309081 
875 231 9 19 0.10271163 
647 480 7 12 0.10269296 
696 171 6 11 0.10205728 
304 257 12 18 0.10193438 
843 282 5 9 0.10189937 
760 205 5 10 0.10175928 
258 170 5 8 0.10169041 
786 154 6 9 0.10160228 
562 39 6 9 0.10151629 
945 338 6 10 0.10105074 
505 318 4 4 0.10069141 
407 133 7 8 0.10052699 
709 267 5 9 0.10050017 
780 140 7 9 0.100378886 
620 94 7 10 0.10017626 
434 57 5 7 0.100118995 
901 108 10 9 0.099583395 
183 170 7 12 0.09951943 
987 348 6 13 0.09926808 
1 493 20 35 0.099254295 
697 121 6 9 0.09915202 
676 139 6 10 0.09910521 
683 198 5 10 0.099004626 
275 184 6 8 0.098876275 
191 187 5 9 0.098388344 
764 384 4 6 0.09797268 
662 88 9 12 0.09775677 
176 579 12 15 0.097605936 
427 129 6 7 0.097518995 
225 185 6 10 0.09743553 
910 314 4 8 0.09743285 
768 177 6 11 0.097235136 
852 269 4 7 0.0970086 
552 165 6 9 0.096903704 
721 166 7 12 0.09658165 
203 161 5 7 0.096536316 
884 326 6 8 0.09640232 
197 153 6 7 0.09628578 
396 116 6 7 0.09621083 
817 136 6 8 0.09598183 
217 270 8 14 0.09595672 
615 122 6 7 0.0955486 
658 165 6 11 0.09552878 
607 230 5 9 0.09542161 
634 122 7 8 0.09497087 
531 153 7 10 0.09474974 
614 116 6 8 0.09470322 
538 472 8 12 0.09454748 
888 325 5 8 0.09409659 
768 172 5 10 0.09353323 
472 89 7 8 0.09332028 
887 232 9 15 0.0932316 
56 198 8 11 0.09302215 
448 96 5 7 0.092994295 
448 90 5 7 0.09241903 
352 173 6 8 0.09210812 
832 134 5 9 0.09187613 
588 29 7 12 0.091773756 
904 590 14 20 0.09148022 
985 138 6 10 0.09111785 
851 151 6 9 0.09088052 
402 179 8 10 0.09084841 
1017 377 5 9 0.090675205 
634 27 6 8 0.09066517 
269 126 8 10 0.09046966 
819 209 6 11 0.09005681 
854 50 10 12 0.08962938 
691 18 7 11 0.08944679 
532 132 6 10 0.08931286 
978 171 8 14 0.0892174 
412 396 9 12 0.08915488 
511 159 7 11 0.08911659 
480 110 6 9 0.08873208 
939 190 7 12 0.08870415 
1015 166 6 10 0.088624984 
275 147 7 8 0.08858043 
774 203 9 15 0.08851208 
1000 140 6 11 0.08821375 
866 128 5 9 0.088208444 
923 127 7 8 0.088053405 
397 224 8 11 0.08796 
601 22 8 11 0.08780824 
430 148 7 8 0.08768341 
110 182 10 12 0.08761516 
843 263 6 10 0.08752244 
440 118 6 7 0.08750484 
534 123 7 9 0.08717729 
621 228 5 10 0.08708858 
1016 338 7 12 0.08685618 
805 193 6 9 0.08669936 
920 76 7 8 0.08650337 
646 186 5 11 0.08633467 
194 608 16 16 0.08623264 
933 151 7 11 0.086180575 
462 223 6 8 0.0859173 
138 244 7 9 0.08587536 
704 121 6 8 0.08580704 
332 172 8 10 0.08579793 
351 81 5 9 0.08556705 
206 196 6 9 0.08555975 
806 394 5 6 0.08555288 
868 147 5 9 0.08514368 
779 128 6 8 0.084994465 
312 130 6 6 0.084989235 
973 372 5 8 0.0849358 
280 141 5 6 0.08471606 
340 123 5 5 0.08470113 
825 114 8 8 0.08465204 
301 179 7 9 0.08464854 
595 177 6 10 0.08448954 
487 160 7 8 0.08448226 
354 117 6 7 0.084237985 
518 323 5 5 0.08399797 
397 122 6 6 0.08367944 
838 133 6 8 0.08356794 
582 146 7 9 0.08351347 
353 166 6 8 0.08347776 
474 203 7 10 0.08337439 
621 151 7 12 0.083326645 
461 105 6 8 0.082975574 
895 213 9 15 0.08294229 
340 153 8 8 0.08277171 
403 64 6 10 0.08269591 
680 260 11 14 0.0826743 
833 179 7 9 0.08264986 
817 149 6 8 0.08243205 
915 69 8 9 0.08223887 
572 117 6 7 0.082164004 
442 101 6 9 0.08205035 
678 36 7 10 0.08187916 
703 184 6 10 0.081660956 
749 218 6 11 0.0814937 
775 104 6 9 0.0813669 
320 172 6 8 0.0813437 
331 180 7 8 0.08133564 
294 159 9 11 0.08132646 
984 356 6 12 0.08131904 
413 104 6 7 0.08130998 
212 177 6 9 0.08119378 
576 204 6 11 0.08117393 
386 161 7 10 0.08112806 
667 9 5 7 0.08075241 
408 147 6 9 0.08058859 
454 109 5 7 0.08056257 
669 114 7 9 0.080540195 
369 149 6 7 0.08004756 
373 171 7 11 0.08002144 
479 211 6 9 0.080008 
331 159 7 8 0.079982236 
301 136 5 5 0.0799242 
545 355 4 5 0.079776086 
604 178 8 10 0.07977581 
441 140 6 7 0.079622 
697 178 6 11 0.07945582 
783 154 5 9 0.0792633 
376 161 7 9 0.07897931 
551 117 6 8 0.07896045 
259 272 8 13 0.07885568 
491 129 6 10 0.078737415 
447 85 5 7 0.07870686 
977 629 17 26 0.078689486 
674 169 6 11 0.0786523 
396 171 8 9 0.07857787 
431 59 4 7 0.07852074 
497 154 7 10 0.078483805 
545 192 6 10 0.078408375 
506 480 8 11 0.07839679 
684 99 7 12 0.07830332 
998 174 9 14 0.07821431 
913 38 11 14 0.07820698 
382 241 7 9 0.078157865 
206 228 6 10 0.07810215 
434 190 7 11 0.07804653 
447 458 7 12 0.07799833 
550 160 6 9 0.07798243 
877 146 6 8 0.07793496 
959 115 8 11 0.07783407 
321 120 7 7 0.07782849 
50 241 9 14 0.077772886 
206 172 4 7 0.07752772 
692 122 5 10 0.07740701 
305 186 8 9 0.077132374 
499 213 5 8 0.0771167 
424 109 5 6 0.076949894 
602 204 7 13 0.076897584 
593 172 7 11 0.07688767 
143 275 16 25 0.07669945 
508 161 5 9 0.076685034 
450 110 5 6 0.07640838 
602 585 9 15 0.07637088 
698 116 5 7 0.07622703 
899 241 9 15 0.07605723 
356 77 5 8 0.075978465 
402 172 6 9 0.075901106 
672 83 6 7 0.07587028 
272 211 7 9 0.07568195 
869 230 7 13 0.075670585 
630 110 7 9 0.07563941 
819 152 5 8 0.07559312 
643 151 7 13 0.07556294 
658 203 7 11 0.075169295 
825 217 7 13 0.07516295 
616 202 6 13 0.07512215 
426 198 8 11 0.07510297 
838 197 7 9 0.07503022 
782 146 5 8 0.07493721 
850 104 4 7 0.074900016 
982 84 11 10 0.074852616 
855 115 6 8 0.074794926 
353 161 5 8 0.07467378 
532 141 6 8 0.074575156 
725 291 8 16 0.0743679 
270 146 5 7 0.07436416 
692 153 6 10 0.07415579 
615 189 7 12 0.07412295 
715 132 5 10 0.073956646 
829 193 7 9 0.073888294 
352 185 5 7 0.073807545 
396 135 6 8 0.0736173 
806 133 6 8 0.07346019 
870 142 5 8 0.0734472 
155 533 16 15 0.07337634 
416 124 7 7 0.0732381 
851 179 7 9 0.07311407 
914 311 6 12 0.073038615 
488 230 6 8 0.07301295 
171 582 11 14 0.07299553 
851 135 5 7 0.07299047 
166 241 7 11 0.07285297 
386 137 5 7 0.072792076 
358 161 5 8 0.072733834 
909 586 13 16 0.07253699 
606 23 8 10 0.072474286 
137 340 9 16 0.07242296 
423 104 6 6 0.07240072 
493 187 7 9 0.07237353 
375 166 6 10 0.07230119 
555 166 6 9 0.07217109 
402 139 7 8 0.072069176 
338 161 7 8 0.071996525 
871 120 6 9 0.07194428 
429 64 5 7 0.071912564 
402 167 6 8 0.07190353 
984 371 5 9 0.07183388 
590 69 6 8 0.071516864 
625 129 8 9 0.07119021 
692 199 6 9 0.07111498 
517 122 6 9 0.07107871 
969 201 8 13 0.07091411 
211 192 6 10 0.07075879 
135 5 3 6 0.07067406 
673 24 6 9 0.07060535 
200 165 5 8 0.070407294 
420 313 8 8 0.07037431 
548 154 6 8 0.070335425 
89 118 13 15 0.07032028 
724 214 6 10 0.07030634 
831 159 6 9 0.07025003 
422 116 7 7 0.07023127 
627 120 6 8 0.07006593 
767 154 5 8 0.070007004 
941 157 9 12 0.06999819 
743 40 6 8 0.069982626 
877 140 7 9 0.06989173 
632 184 8 13 0.06981982 
499 173 5 7 0.069798365 
455 168 6 8 0.069795184 
383 238 5 7 0.06979132 
216 174 5 7 0.06977302 
971 164 8 12 0.06955722 
902 186 6 11 0.069513276 
481 122 6 8 0.06932978 
827 158 5 10 0.069267176 
584 346 5 7 0.069244884 
248 177 7 12 0.069230914 
499 19 5 8 0.069230616 
233 607 12 15 0.06911709 
734 225 6 10 0.06911426 
1005 171 7 11 0.069070816 
964 114 7 9 0.06906154 
440 159 7 9 0.06903571 
321 147 5 9 0.06901262 
513 140 6 10 0.06897683 
284 199 5 8 0.06897499 
914 203 7 15 0.06895703 
976 146 8 13 0.06890234 
1013 378 4 8 0.06881694 
537 134 6 8 0.06879366 
333 166 7 10 0.06873614 
706 263 5 10 0.06868881 
359 142 5 7 0.06858649 
211 204 5 9 0.06858186 
915 108 5 7 0.06854803 
90 250 8 10 0.06833715 
555 147 5 8 0.068008736 
727 164 8 12 0.06795893 
695 165 6 11 0.067946024 
804 179 7 10 0.06791332 
589 109 5 9 0.06772471 
518 224 5 8 0.067704126 
709 122 5 7 0.06761709 
757 121 5 8 0.06758605 
884 123 8 9 0.067495115 
820 591 8 11 0.06744618 
805 236 6 10 0.06739737 
914 190 7 11 0.067393854 
952 216 7 12 0.06730416 
507 101 7 9 0.067152955 
640 135 6 9 0.06711685 
958 221 6 12 0.06704857 
881 141 6 9 0.06700405 
280 149 6 7 0.06693021 
934 260 6 11 0.06675497 
471 158 6 9 0.06664424 
785 140 6 10 0.06661015 
116 4 4 5 0.06650785 
897 331 6 10 0.06643209 
192 160 6 8 0.06634639 
346 122 4 5 0.06631878 
548 109 7 8 0.0661845 
346 320 7 12 0.066018134 
825 249 5 9 0.0659997 
1017 238 6 9 0.065901786 
216 227 6 11 0.06588585 
275 181 4 7 0.06587577 
935 344 6 11 0.06575365 
595 71 5 8 0.06574069 
931 201 7 13 0.06570077 
328 129 5 6 0.06566944 
939 259 7 12 0.06538869 
275 216 7 9 0.06538692 
331 129 5 6 0.06538219 
516 211 6 9 0.065357395 
779 135 6 8 0.06524116 
951 125 9 11 0.065179974 
663 172 6 11 0.065127395 
626 184 6 12 0.06509115 
621 114 6 9 0.065089434 
604 190 7 12 0.064796954 
621 365 6 9 0.06476072 
426 123 6 7 0.064735755 
640 186 5 11 0.06469381 
979 189 8 13 0.064604595 
978 222 7 12 0.06456121 
225 161 5 7 0.064514235 
953 287 6 11 0.06449222 
436 142 6 7 0.06449093 
964 150 7 13 0.06447939 
757 166 5 10 0.064444825 
858 152 6 10 0.06443396 
587 211 6 9 0.06442158 
402 117 5 6 0.06435401 
581 78 5 8 0.06409442 
755 196 7 10 0.06396115 
696 489 8 13 0.063922256 
692 489 8 12 0.063684605 
1012 254 6 12 0.06354959 
864 152 5 10 0.063530885 
383 123 6 7 0.06351727 
655 204 6 10 0.063440785 
634 157 7 11 0.063355505 
242 144 6 6 0.0633374 
695 12 5 8 0.06328404 
564 128 5 7 0.06319818 
388 148 6 8 0.06312706 
584 216 6 9 0.06306502 
557 159 6 9 0.06302638 
587 147 6 8 0.06291472 
596 115 6 7 0.06289814 
280 217 6 9 0.06288764 
535 104 8 8 0.062886864 
911 133 9 10 0.06278601 
390 180 7 8 0.06271405 
487 138 7 10 0.062660545 
563 108 7 9 0.06263284 
943 279 6 11 0.062488683 
832 402 5 7 0.06243215 
875 224 8 13 0.06241794 
699 110 4 6 0.062346343 
474 210 7 10 0.062332075 
481 102 7 8 0.062324177 
205 205 6 8 0.062283423 
444 84 5 7 0.06218498 
435 54 3 5 0.062170986 
331 148 7 9 0.061958425 
916 318 5 9 0.06173398 
878 178 6 10 0.061714187 
526 334 5 6 0.061505213 
1011 117 8 13 0.06146348 
421 165 7 9 0.06136839 
850 109 6 8 0.061352555 
276 142 5 6 0.061291534 
433 71 5 7 0.061257016 
509 71 7 10 0.061098516 
401 401 8 10 0.061008543 
115 164 9 10 0.06099495 
613 128 6 9 0.060992517 
509 217 4 7 0.060963605 
618 210 6 11 0.06082356 
790 32 8 10 0.060805168 
727 192 8 11 0.060760774 
244 159 5 7 0.060664963 
750 141 5 8 0.060633615 
726 281 7 12 0.060544133 
894 233 8 15 0.060536128 
74 381 14 26 0.06048789 
532 147 6 9 0.060478937 
951 248 6 12 0.06045381 
333 142 7 7 0.060422983 
1004 664 18 32 0.06027583 
290 135 5 8 0.060220715 
736 177 6 11 0.060178414 
485 223 6 8 0.060106333 
76 246 9 10 0.06009035 
439 148 6 9 0.060083285 
537 196 5 9 0.06007577 
460 136 6 8 0.060069017 
282 203 6 9 0.06005832 
698 21 5 8 0.059995063 
354 74 4 5 0.05988067 
811 171 7 8 0.05978488 
137 555 13 23 0.0597713 
562 342 5 6 0.05967165 
734 158 6 10 0.059653837 
870 154 5 8 0.059564307 
306 136 5 6 0.059384234 
47 441 12 17 0.059308954 
684 108 7 10 0.059268687 
319 168 5 7 0.059215702 
948 285 6 12 0.05915113 
559 155 5 8 0.059148733 
440 173 8 9 0.05906914 
854 80 9 11 0.059045434 
903 151 8 10 0.05884206 
735 45 4 7 0.058829747 
575 134 6 7 0.058783073 
478 197 6 9 0.058738768 
896 127 7 8 0.058654882 
970 183 8 13 0.05859706 
335 357 30 54 0.05855243 
210 168 5 6 0.058532294 
320 143 5 6 0.058527842 
306 180 6 8 0.05848385 
710 145 7 13 0.058475576 
693 36 7 11 0.058471322 
901 87 10 9 0.058389 
237 181 5 9 0.058383945 
582 141 7 9 0.058364764 
372 140 6 8 0.05835645 
1020 671 19 35 0.058344506 
229 206 5 7 0.058329538 
619 146 7 12 0.05825306 
515 218 6 7 0.058205154 
784 57 10 14 0.058195733 
943 113 10 11 0.058186706 
817 117 6 7 0.05812102 
927 166 7 11 0.058112197 
631 171 7 11 0.05808676 
563 142 6 8 0.058059353 
816 121 6 7 0.058010466 
954 330 5 11 0.0579803 
454 92 5 6 0.057890974 
808 129 6 8 0.057866488 
205 267 7 10 0.057827737 
182 587 12 14 0.05766428 
217 179 4 7 0.057590872 
519 104 5 7 0.057566665 
872 159 5 10 0.05755711 
436 207 8 12 0.05755188 
126 579 11 18 0.057483587 
1003 362 6 11 0.057467613 
528 49 8 12 0.057431836 
931 146 5 9 0.0574196 
775 182 6 10 0.057361174 
614 5 7 9 0.057285808 
273 123 6 7 0.05715503 
1013 109 8 11 0.057107124 
187 188 5 8 0.057037838 
453 223 6 8 0.057019256 
901 585 11 17 0.05701788 
593 38 6 10 0.05699941 
196 150 5 7 0.056855064 
670 8 5 7 0.056819934 
735 20 5 7 0.05681584 
525 146 6 9 0.05675739 
272 165 7 9 0.056694586 
552 148 6 8 0.05655503 
728 76 6 6 0.056522902 
621 101 7 9 0.05649277 
588 166 7 10 0.05647748 
999 578 8 14 0.056452684 
359 96 6 9 0.056372043 
281 179 7 7 0.05633965 
935 191 7 11 0.056274194 
438 122 5 7 0.05627346 
979 370 6 9 0.056246728 
595 185 6 9 0.05624523 
806 184 6 9 0.056174614 
339 148 7 8 0.0561567 
340 117 6 6 0.056104314 
300 146 8 8 0.056024138 
901 113 9 9 0.05601602 
377 129 6 7 0.056014884 
582 28 8 13 0.05601283 
494 171 6 9 0.055986322 
545 175 5 7 0.05598451 
878 130 6 8 0.055960372 
455 60 4 6 0.05591133 
1018 252 14 25 0.055638805 
92 105 5 7 0.055569895 
518 332 5 6 0.055503365 
550 355 4 5 0.055426512 
915 246 6 11 0.055372387 
984 221 8 12 0.055343162 
390 130 6 7 0.05525696 
508 213 4 7 0.055205904 
200 190 6 9 0.05512515 
570 229 6 10 0.0551251 
635 209 5 11 0.05509513 
750 48 7 11 0.055077594 
632 140 7 11 0.055059742 
1005 185 7 10 0.05502896 
255 154 6 7 0.05492251 
496 14 4 6 0.054906156 
715 41 9 11 0.05481138 
545 108 6 8 0.054680586 
224 181 5 7 0.054624494 
631 221 6 14 0.054570682 
646 21 5 7 0.054412387 
116 34 3 5 0.05432019 
870 190 7 11 0.05430871 
267 136 6 7 0.054268036 
607 134 7 9 0.05426075 
132 332 17 29 0.05425641 
504 186 6 8 0.05425405 
499 198 5 10 0.054223534 
923 243 6 10 0.05421227 
517 115 6 8 0.054191466 
570 214 6 10 0.054142255 
951 208 7 13 0.05413475 
180 192 5 7 0.054116875 
471 80 6 6 0.054048087 
588 95 6 8 0.053972602 
358 172 6 8 0.053970464 
403 152 7 10 0.053959195 
679 44 6 8 0.05394733 
877 164 7 10 0.05392278 
659 85 6 8 0.05383775 
1018 124 7 12 0.053790696 
958 179 8 12 0.053787045 
130 6 3 5 0.053785723 
811 167 6 8 0.053730857 
987 154 6 9 0.053675547 
777 121 5 8 0.053619806 
602 159 6 11 0.053544242 
620 109 6 9 0.053390257 
954 165 7 11 0.05335917 
982 105 10 14 0.05332586 
692 83 5 7 0.053310033 
512 123 6 9 0.053277977 
940 204 7 13 0.053272106 
658 146 6 12 0.053231366 
525 329 4 5 0.053195395 
1006 229 6 8 0.053193606 
199 210 6 9 0.0530529 
360 102 6 8 0.053014748 
618 52 8 9 0.053008936 
872 133 4 8 0.052847877 
625 365 6 7 0.05283224 
339 211 7 11 0.052733954 
448 103 5 7 0.052554272 
934 143 6 8 0.052545063 
384 233 4 6 0.052510317 
881 208 9 14 0.052504912 
719 25 8 11 0.052421674 
474 216 7 9 0.052417245 
593 166 7 11 0.052405808 
703 490 8 12 0.052379657 
202 316 30 60 0.052277647 
643 9 6 7 0.052240964 
317 261 11 16 0.052229073 
716 286 7 12 0.0522263 
378 242 6 8 0.052172024 
278 136 4 6 0.052140996 
359 136 6 7 0.05209362 
426 185 7 10 0.052061584 
679 71 5 9 0.05204374 
294 154 8 9 0.052030303 
168 195 5 7 0.051973995 
675 132 8 12 0.051969394 
728 138 6 11 0.05188843 
550 179 5 8 0.051858034 
513 116 7 7 0.051824577 
583 210 6 10 0.051813688 
907 147 7 9 0.05169799 
222 270 9 17 0.051678803 
903 70 8 11 0.05163318 
973 219 6 10 0.051602233 
923 122 7 9 0.051496785 
208 284 10 18 0.051483236 
626 141 7 10 0.051472694 
430 477 8 11 0.051436163 
123 309 5 9 0.051428314 
525 142 5 8 0.051426433 
434 65 5 7 0.051357076 
665 318 8 8 0.05125025 
640 18 7 9 0.051209547 
1017 205 5 10 0.051199958 
942 141 7 9 0.05112327 
431 152 7 8 0.05110857 
486 335 4 5 0.051083732 
175 290 8 13 0.051077247 
589 91 7 8 0.051076025 
385 189 7 11 0.05103423 
973 339 5 10 0.050999686 
423 188 8 11 0.05098196 
0 261 4 13 0.05098189 
564 124 6 7 0.050941225 
621 141 7 8 0.05087514 
537 153 6 9 0.050869495 
459 154 6 9 0.05083573 
12 484 36 39 0.05081059 
351 181 6 7 0.05079447 
161 201 5 6 0.050787643 
870 115 6 9 0.050750498 
778 199 8 13 0.050690457 
293 129 5 7 0.05059166 
839 261 7 12 0.050557844 
122 6 3 6 0.05045533 
717 204 6 11 0.050328847 
716 51 5 8 0.050303794 
1006 325 6 11 0.0501824 
568 104 6 9 0.050151315 
558 101 7 9 0.050019074 
718 210 6 11 0.050013524 
372 131 5 5 0.049953036 
663 203 6 12 0.04990722 
697 36 6 11 0.0498791 
678 179 6 11 0.049866807 
472 135 7 9 0.049833927 
358 184 6 9 0.049822126 
54 245 10 13 0.049692206 
715 265 8 11 0.049620494 
445 123 7 9 0.04961928 
839 247 8 11 0.049533427 
435 165 7 10 0.04952016 
802 184 6 9 0.049487293 
813 140 7 9 0.049479064 
609 243 5 9 0.049450226 
339 186 6 7 0.04943311 
210 186 5 9 0.04942344 
346 118 4 6 0.049379922 
732 46 4 7 0.049361013 
746 19 6 7 0.049358238 
79 243 9 10 0.0493391 
833 184 6 9 0.049331307 
365 72 4 7 0.0493307 
332 193 6 7 0.04932934 
813 135 6 8 0.049320504 
867 142 4 8 0.049311843 
753 14 5 7 0.049306806 
725 145 6 11 0.04926272 
588 466 8 14 0.049171023 
698 140 5 8 0.049138106 
645 199 5 9 0.049130064 
769 160 5 8 0.049107812 
454 183 7 10 0.049086496 
603 227 6 13 0.04899965 
218 247 8 11 0.048985705 
904 313 5 9 0.048961274 
519 76 6 8 0.04893588 
705 44 5 7 0.04887315 
430 70 5 8 0.048820674 
851 206 6 8 0.048785258 
525 127 6 9 0.048741322 
803 201 8 13 0.04870769 
461 192 7 9 0.04858669 
882 233 9 16 0.048562318 
244 172 6 9 0.048402183 
525 104 6 7 0.048389483 
650 483 7 12 0.04835373 
718 18 8 10 0.048263237 
961 86 5 7 0.048254646 
845 180 6 8 0.048237592 
389 152 7 9 0.048222095 
427 104 4 6 0.048202205 
843 160 6 8 0.048170537 
920 317 6 10 0.048157815 
206 180 5 8 0.048094228 
883 146 5 8 0.04806642 
743 208 6 10 0.047984745 
1003 131 7 12 0.047978036 
609 146 5 9 0.047895808 
158 364 19 40 0.047874007 
759 231 6 10 0.04782751 
252 115 6 8 0.047826257 
209 272 9 14 0.0477897 
590 114 5 8 0.047780775 
369 375 9 12 0.047778446 
332 118 4 5 0.04776438 
252 94 6 8 0.047763884 
375 140 6 8 0.04772758 
664 126 7 10 0.04759559 
536 140 6 8 0.047542896 
914 117 6 8 0.04752968 
327 165 6 8 0.047421433 
726 171 8 11 0.047297753 
689 51 5 10 0.04723504 
372 37 5 9 0.047228318 
787 214 8 12 0.047159232 
454 96 5 7 0.047088157 
626 103 5 8 0.04706858 
1011 345 7 11 0.04694322 
889 178 7 11 0.04686454 
435 158 7 9 0.046854332 
844 166 6 8 0.046830673 
724 77 5 7 0.046818923 
889 184 7 10 0.046805393 
921 274 6 13 0.046781074 
543 215 6 10 0.04676856 
469 154 6 8 0.046697386 
442 59 3 5 0.046632797 
803 393 4 5 0.046627816 
999 155 7 9 0.046609454 
358 180 6 8 0.04656683 
639 25 7 9 0.046557095 
571 133 6 8 0.046497554 
1019 160 5 9 0.046481684 
564 548 8 11 0.04646347 
204 262 7 11 0.04645604 
983 337 6 13 0.04641882 
409 401 9 11 0.046404034 
408 172 6 9 0.046389595 
238 144 5 6 0.04636431 
609 237 4 7 0.046359167 
428 109 4 7 0.04635614 
213 160 5 7 0.04630388 
518 477 7 11 0.04628784 
466 123 6 7 0.046260208 
423 204 7 10 0.04618918 
763 196 6 11 0.046163395 
747 119 6 8 0.04614117 
282 174 7 8 0.046089012 
454 115 5 7 0.046054427 
927 183 6 11 0.04596144 
975 117 11 13 0.045953054 
898 322 5 8 0.04585799 
397 111 4 5 0.045837842 
730 179 6 10 0.04583174 
294 148 6 7 0.045783825 
486 65 5 6 0.045781888 
599 141 9 11 0.04576817 
919 207 8 15 0.045749236 
217 204 6 8 0.04571863 
499 110 5 7 0.04564278 
883 331 6 8 0.045635864 
631 145 7 11 0.045631234 
197 199 6 9 0.045628194 
846 173 5 7 0.04562228 
506 124 6 8 0.045618527 
505 174 5 8 0.04560275 
561 346 5 5 0.045600735 
464 304 4 6 0.045557924 
704 52 5 8 0.045495532 
371 160 7 8 0.045469638 
798 207 8 13 0.045432564 
498 147 6 9 0.045422256 
480 91 5 6 0.045391988 
551 173 6 8 0.04537574 
431 434 17 30 0.04537164 
70 224 7 11 0.045286994 
919 84 7 9 0.045243595 
131 315 9 14 0.04516927 
1009 191 6 9 0.045155633 
620 121 5 8 0.045130245 
155 237 7 11 0.04510292 
1000 363 6 11 0.045079138 
606 115 6 9 0.044997536 
349 93 7 10 0.04499334 
952 152 6 10 0.044937722 
339 237 5 8 0.044889014 
346 184 6 8 0.044868946 
850 174 5 7 0.04483928 
590 177 5 9 0.044836745 
351 148 6 8 0.04477857 
685 203 5 11 0.044718906 
244 271 8 13 0.044703063 
319 129 6 8 0.04468214 
947 184 8 13 0.044667494 
912 56 8 8 0.044659525 
779 42 10 12 0.044611502 
282 153 6 8 0.044594806 
1019 265 6 13 0.0445225 
515 327 5 5 0.044516254 
480 331 4 5 0.044500742 
166 144 9 12 0.044495348 
864 159 6 11 0.04446736 
56 193 6 8 0.044447202 
619 25 9 10 0.0444402 
619 216 5 11 0.044438343 
671 103 7 10 0.044422545 
493 154 7 10 0.044400644 
388 105 7 7 0.04439351 
811 191 6 9 0.044382147 
572 315 4 7 0.044351023 
661 126 6 9 0.04434814 
587 141 6 9 0.04431476 
465 180 7 9 0.044314682 
703 191 7 11 0.044287425 
769 203 5 11 0.04426245 
628 163 6 12 0.04422934 
732 21 4 6 0.044218313 
692 116 5 7 0.044213615 
1007 254 5 11 0.04420999 
178 223 7 10 0.044199537 
932 215 7 13 0.04418441 
972 377 5 9 0.044158507 
460 232 6 8 0.04412385 
731 26 5 7 0.04403303 
733 183 7 11 0.043982908 
640 71 5 8 0.043939456 
785 146 5 8 0.04387524 
799 613 17 23 0.04383823 
709 116 5 7 0.043827966 
856 111 6 7 0.04375909 
203 282 9 16 0.043728136 
481 97 6 7 0.043717664 
337 165 7 9 0.043684073 
436 117 6 7 0.043676 
218 187 5 8 0.043675542 
866 164 4 9 0.043662906 
509 64 7 11 0.043662693 
570 200 5 9 0.043659903 
193 204 6 8 0.04364763 
509 92 5 8 0.04364172 
738 134 5 8 0.043561902 
864 178 6 8 0.043476045 
432 54 3 5 0.043438457 
686 209 6 12 0.043438096 
337 142 6 7 0.04342003 
952 139 8 9 0.04341798 
845 134 5 7 0.043414548 
454 189 8 12 0.0434114 
180 206 7 8 0.043404665 
513 204 6 9 0.0433774 
979 627 9 14 0.04329317 
817 167 6 7 0.043229006 
633 164 6 10 0.04322249 
371 123 5 5 0.04318362 
612 132 7 10 0.043161675 
443 66 4 7 0.043124516 
360 110 5 7 0.043092135 
460 159 6 8 0.04308746 
959 340 5 9 0.043039963 
889 191 7 11 0.043008767 
375 185 7 10 0.042961556 
395 155 7 9 0.042934317 
248 200 5 8 0.04293091 
922 197 6 13 0.04292336 
186 159 7 10 0.042746093 
143 330 23 39 0.0427451 
1006 197 6 10 0.042741388 
590 191 5 9 0.042718776 
775 53 18 22 0.04269557 
684 113 6 9 0.042694543 
625 88 8 11 0.042666648 
849 70 9 11 0.042657793 
979 327 7 11 0.042652886 
929 133 6 9 0.042638518 
1011 383 6 13 0.04257472 
493 146 6 9 0.042567093 
865 114 5 8 0.042501494 
154 245 7 11 0.04249271 
742 140 6 8 0.042452406 
575 94 7 9 0.04241754 
316 147 6 8 0.042280775 
541 210 4 8 0.04225955 
87 384 11 16 0.04222553 
1019 350 6 10 0.042185128 
757 176 7 12 0.04217833 
875 255 6 10 0.042172976 
760 168 5 9 0.04217003 
801 616 8 13 0.04214883 
818 129 5 7 0.0420188 
908 116 8 9 0.041989964 
92 107 9 11 0.041988336 
864 190 8 10 0.04194556 
794 191 7 9 0.041944716 
467 207 7 11 0.041942343 
582 128 6 7 0.041879386 
507 82 6 8 0.041845843 
992 371 4 8 0.041809145 
729 388 6 6 0.041764185 
473 148 6 8 0.04176254 
901 134 7 9 0.04169861 
927 331 5 11 0.041697197 
443 70 5 7 0.041694075 
274 173 5 7 0.04169114 
362 376 8 12 0.04164987 
455 105 4 6 0.041556876 
193 249 7 12 0.04153892 
737 140 5 9 0.041535087 
415 116 6 6 0.04152735 
57 392 11 18 0.041515857 
703 180 5 9 0.041498788 
408 167 5 8 0.041471597 
975 134 7 10 0.041443676 
448 171 6 9 0.04143904 
606 140 7 10 0.041340135 
963 605 58 83 0.041328292 
168 237 6 9 0.0413209 
598 123 5 7 0.041295826 
532 196 5 10 0.04129316 
582 135 6 8 0.041273713 
703 126 7 10 0.041255917 
1020 141 14 21 0.041245677 
476 328 5 8 0.041135468 
194 254 9 14 0.04113269 
498 120 6 9 0.04104587 
243 177 7 12 0.04101643 
143 34 4 6 0.040870868 
731 118 5 8 0.0408108 
363 111 5 6 0.04077557 
616 110 5 8 0.040772475 
395 204 8 10 0.04070913 
118 160 6 8 0.04068275 
819 400 7 8 0.040672824 
855 61 9 12 0.04066074 
934 157 7 11 0.040658623 
581 82 6 7 0.040651955 
849 128 5 7 0.04059785 
754 141 4 7 0.04058206 
678 146 6 10 0.040498897 
622 360 5 6 0.040491488 
961 356 5 9 0.040475264 
634 71 5 8 0.040462002 
427 116 6 7 0.04044605 
769 210 6 11 0.040360767 
350 86 4 7 0.040312283 
752 39 8 12 0.040145673 
466 218 6 9 0.040131252 
875 185 8 11 0.040097546 
554 222 6 9 0.040073592 
674 28 75 87 0.04005571 
1010 588 6 12 0.04003753 
513 223 5 8 0.040034924 
911 308 6 10 0.040017944 
516 186 6 9 0.03999425 
794 117 6 8 0.039992105 
358 81 5 9 0.039977577 
359 147 5 7 0.0399512 
754 30 6 9 0.03992565 
568 92 6 8 0.039883357 
765 381 4 6 0.039879095 
1009 325 5 10 0.039833996 
341 179 6 8 0.03979015 
588 230 5 9 0.039788872 
624 94 7 10 0.039765727 
446 71 5 7 0.039745726 
386 115 6 7 0.03972808 
129 40 3 5 0.039714165 
238 198 6 9 0.03952287 
576 190 5 9 0.03949726 
222 156 5 6 0.039491344 
575 236 7 11 0.039454713 
855 185 7 9 0.039420776 
299 259 10 20 0.039357904 
590 502 16 26 0.039357264 
264 199 6 9 0.039333005 
1016 114 13 21 0.039155234 
408 180 7 10 0.039139017 
553 347 3 4 0.03913892 
745 15 6 7 0.039113596 
507 225 5 8 0.039059646 
837 185 6 8 0.039013475 
314 134 5 6 0.0390099 
345 134 5 7 0.039000794 
468 66 5 6 0.038964305 
775 154 5 8 0.038918734 
464 472 16 24 0.038887184 
618 197 8 13 0.038858287 
697 83 6 8 0.038849473 
774 386 5 6 0.038821716 
590 36 6 10 0.038821083 
664 103 9 12 0.038818363 
659 134 5 9 0.03880696 
250 292 6 14 0.038805533 
459 178 7 10 0.03876626 
487 155 6 8 0.038671166 
695 374 5 5 0.038629856 
435 128 6 8 0.038580604 
865 186 8 9 0.038570497 
910 597 11 17 0.03856117 
179 76 5 7 0.03854194 
792 154 5 9 0.038541153 
824 105 7 8 0.038531184 
122 34 3 6 0.038503524 
915 345 5 9 0.038497247 
674 36 6 10 0.03849294 
340 135 6 6 0.038486592 
889 208 8 13 0.03847009 
596 205 5 11 0.038461905 
1019 298 7 12 0.038446233 
145 552 9 15 0.038442567 
736 26 4 6 0.038396925 
31 514 28 31 0.038381513 
402 160 6 9 0.03837612 
831 155 5 8 0.038367756 
988 314 6 9 0.038353667 
287 154 7 8 0.038348872 
477 333 5 6 0.038301207 
331 136 6 6 0.038281374 
819 161 5 8 0.03824015 
269 161 8 8 0.038235992 
912 608 10 17 0.038128316 
830 270 6 10 0.03808261 
1012 237 6 9 0.03801295 
415 180 6 8 0.037992142 
811 398 6 6 0.03797304 
605 159 7 11 0.03796131 
330 215 7 11 0.037908185 
518 146 5 8 0.037895463 
575 152 9 12 0.03786921 
758 388 3 4 0.037856784 
558 107 6 9 0.03782887 
989 122 9 12 0.03776457 
695 158 6 13 0.0377452 
954 86 6 7 0.037683845 
624 147 14 22 0.037659425 
953 147 6 10 0.03763265 
231 172 4 7 0.037618678 
781 215 7 12 0.037598282 
665 133 7 10 0.037586376 
536 148 7 8 0.03757493 
316 142 5 6 0.037484825 
81 211 7 9 0.037472114 
236 167 5 6 0.03747194 
429 240 7 10 0.037366066 
101 238 7 10 0.03728417 
499 128 6 9 0.037227582 
513 110 6 7 0.03720884 
404 104 5 6 0.037190326 
587 204 6 10 0.03717768 
690 109 5 8 0.037164383 
866 230 7 12 0.037156228 
298 155 8 9 0.037154768 
778 181 7 12 0.037130643 
539 335 4 5 0.037108555 
154 606 32 37 0.037095815 
378 123 5 6 0.037094604 
516 90 6 7 0.03706871 
601 127 6 7 0.037024666 
877 209 8 12 0.03702171 
333 198 6 9 0.0370032 
195 336 8 18 0.036990844 
897 135 6 8 0.036981177 
439 166 8 10 0.03696409 
642 148 5 10 0.03687652 
725 72 5 8 0.036867175 
428 314 6 7 0.03681357 
690 90 5 9 0.036812432 
494 7 5 8 0.036796734 
842 244 7 10 0.036788385 
696 377 5 5 0.03677796 
1003 178 7 10 0.036741138 
168 254 9 14 0.03669598 
555 116 6 8 0.036695793 
848 185 8 10 0.036695007 
787 99 8 10 0.03659497 
768 138 5 6 0.03659058 
857 601 11 15 0.036572967 
670 480 7 11 0.036538064 
909 319 4 7 0.036536675 
907 61 10 12 0.036535405 
1018 273 6 12 0.036529195 
915 197 7 13 0.036496792 
326 314 9 15 0.03646739 
183 211 6 8 0.03641407 
744 111 6 9 0.03640873 
775 55 9 12 0.036402043 
345 130 5 6 0.03636235 
597 76 5 7 0.036342364 
488 185 6 9 0.036310766 
672 123 7 8 0.036265284 
941 84 5 7 0.03626267 
449 115 6 8 0.03625139 
416 225 7 8 0.03623954 
1006 631 7 12 0.036236588 
703 218 5 7 0.03610718 
110 240 7 11 0.03608675 
605 224 5 10 0.036043122 
140 616 21 29 0.03603051 
683 39 6 9 0.036024123 
238 172 5 8 0.035990536 
484 96 7 9 0.0359874 
223 228 7 12 0.03598131 
87 103 18 21 0.035973616 
959 210 7 11 0.03594506 
593 45 5 8 0.035864946 
274 61 3 6 0.035806227 
988 146 6 10 0.035806194 
1012 330 7 12 0.03580376 
324 173 8 9 0.03578885 
410 98 6 6 0.03578443 
370 119 6 5 0.035760112 
582 352 5 6 0.03575808 
592 465 8 13 0.035746384 
616 69 7 9 0.035719603 
736 14 6 7 0.035707537 
187 155 6 7 0.03569642 
587 198 6 10 0.035687294 
606 78 6 7 0.035685014 
946 342 6 11 0.035681784 
825 244 6 10 0.035654586 
685 6 6 7 0.035653442 
526 152 6 9 0.035644542 
934 239 8 14 0.03563921 
448 167 6 9 0.03560514 
582 123 5 8 0.035579365 
728 8 6 7 0.035572477 
433 238 6 9 0.035508614 
1017 282 13 22 0.035467234 
509 484 8 10 0.035463996 
670 12 5 7 0.035463326 
697 147 5 9 0.035441168 
161 538 19 21 0.035429757 
291 301 11 16 0.035411254 
693 3 5 6 0.03537652 
388 139 7 8 0.03537143 
488 166 5 8 0.03536071 
672 21 5 8 0.035331544 
671 95 6 9 0.035277728 
251 103 5 8 0.03525167 
510 230 6 8 0.03514168 
465 137 8 8 0.03510781 
703 134 7 9 0.035093807 
755 136 4 8 0.035054136 
118 368 18 27 0.035037022 
865 592 10 13 0.035013024 
14 373 7 16 0.034948613 
506 147 5 8 0.03493111 
273 199 7 9 0.034908798 
932 277 7 15 0.034902163 
479 154 5 7 0.034869317 
536 159 6 8 0.03481185 
459 91 6 7 0.034809668 
683 177 7 12 0.03480765 
512 318 4 4 0.034760006 
183 515 8 11 0.034758586 
502 318 4 4 0.034719914 
398 140 6 7 0.03470351 
754 27 6 7 0.034694497 
513 323 5 4 0.034645222 
339 174 7 8 0.034638222 
578 199 5 9 0.034558 
339 198 6 10 0.03453974 
948 292 6 12 0.034533665 
281 159 7 9 0.0345054 
185 222 8 12 0.034434136 
824 401 8 8 0.034374863 
326 243 5 8 0.034361206 
455 136 5 7 0.03427598 
466 103 7 8 0.034223 
801 227 7 11 0.03421152 
589 78 5 7 0.034185607 
639 163 6 11 0.034174263 
976 87 21 25 0.034103088 
833 175 5 8 0.034089334 
967 164 7 12 0.03405414 
883 424 8 7 0.0340309 
400 227 8 12 0.034029216 
363 136 6 7 0.03401476 
986 343 13 24 0.033999003 
953 266 7 12 0.033977598 
723 52 5 6 0.033950035 
616 56 8 9 0.033911277 
347 102 7 7 0.033906873 
901 45 8 11 0.033893578 
953 339 5 11 0.033855636 
231 200 4 7 0.033837907 
666 185 5 11 0.03382622 
444 78 4 6 0.033762317 
256 149 5 6 0.03373436 
544 336 4 4 0.033726737 
242 245 6 12 0.033674043 
465 331 6 8 0.03367009 
411 123 6 6 0.033657942 
241 298 16 29 0.033654977 
653 147 6 10 0.033571556 
801 173 5 8 0.033561934 
389 197 6 9 0.03354975 
403 110 5 6 0.03351609 
434 78 5 5 0.03350145 
904 96 10 9 0.033487797 
594 190 5 10 0.033423044 
621 237 4 7 0.03339254 
300 131 5 6 0.033377916 
863 82 7 9 0.03336762 
880 320 5 7 0.03336137 
0 224 4 11 0.033346474 
517 97 6 7 0.033336334 
1003 296 9 15 0.033310592 
677 485 7 13 0.03329152 
660 141 4 8 0.03328972 
439 177 8 11 0.033234887 
839 160 6 9 0.03320387 
404 217 7 10 0.033164367 
1014 515 18 25 0.03316328 
806 158 8 10 0.03316252 
981 595 30 42 0.033131447 
896 321 14 22 0.033129923 
204 236 7 11 0.033108063 
753 220 8 11 0.033103753 
517 163 7 13 0.033098582 
609 152 6 10 0.03309335 
744 30 7 9 0.033091377 
977 332 14 24 0.033089727 
371 244 6 7 0.033088002 
731 31 5 8 0.03307829 
790 90 7 9 0.033059657 
359 74 3 5 0.03301754 
908 242 6 11 0.033003077 
961 596 6 7 0.03299192 
1008 295 9 14 0.03296682 
375 178 8 10 0.032960963 
211 218 5 7 0.032959126 
461 122 6 8 0.032958653 
454 315 5 6 0.03294703 
473 316 4 5 0.03294203 
495 20 6 8 0.032939132 
776 45 7 10 0.032919146 
747 172 6 10 0.032915123 
587 103 5 8 0.032866478 
593 91 6 8 0.032854106 
686 232 4 8 0.032815475 
550 44 8 11 0.032814734 
349 322 9 12 0.032808565 
288 149 6 6 0.032801945 
882 173 7 9 0.032791033 
577 108 5 8 0.032770444 
534 179 5 8 0.03274171 
971 95 34 37 0.032740243 
988 215 8 11 0.032738045 
242 193 5 7 0.032729916 
780 33 11 12 0.032698315 
506 154 5 8 0.032654587 
143 2 4 6 0.03265002 
408 142 6 7 0.032636486 
365 161 6 8 0.032577835 
640 31 5 8 0.032551266 
460 205 8 14 0.032513168 
450 155 5 6 0.032510545 
448 205 6 11 0.03242991 
607 84 6 7 0.032423455 
1017 379 14 27 0.03240649 
481 339 4 6 0.032382455 
909 185 6 12 0.03237969 
722 83 5 7 0.032361977 
1001 159 7 10 0.032339215 
959 273 15 25 0.03233503 
764 137 4 6 0.032332845 
228 590 12 13 0.032331232 
275 152 7 8 0.03232745 
656 196 7 11 0.032318935 
237 160 5 7 0.03230212 
845 409 6 7 0.032247182 
709 65 5 7 0.032230534 
907 230 7 11 0.032227173 
776 147 5 7 0.032194007 
384 129 5 6 0.032186043 
957 227 8 16 0.03214645 
504 503 18 30 0.032133512 
352 377 17 27 0.032122318 
250 109 6 9 0.032114096 
314 154 6 8 0.032113925 
461 313 4 5 0.03211277 
667 257 4 9 0.032112014 
718 255 7 10 0.032089047 
933 207 7 14 0.032026596 
761 117 5 7 0.032008123 
466 167 6 8 0.032005623 
143 602 20 24 0.032000646 
173 542 13 16 0.03198445 
917 273 7 12 0.031980403 
500 9 4 6 0.031958364 
525 190 6 10 0.031951055 
391 171 7 9 0.031943146 
1018 287 6 12 0.031917688 
615 366 6 7 0.031909354 
203 75 8 10 0.03190038 
327 113 5 6 0.03188431 
340 130 5 5 0.031846378 
895 190 8 12 0.031842902 
428 416 9 15 0.03182946 
460 236 5 7 0.031821977 
341 203 6 11 0.03181597 
525 85 5 7 0.03176259 
907 160 8 10 0.031752266 
49 223 7 11 0.031729836 
749 144 6 12 0.031724818 
83 218 6 9 0.031719256 
983 569 6 10 0.03169365 
966 209 7 11 0.031653322 
698 134 6 9 0.0316423 
568 255 7 10 0.03164104 
703 140 6 9 0.031624537 
167 216 7 9 0.03161265 
1003 310 7 13 0.03153727 
927 302 6 10 0.031517394 
689 211 6 10 0.031512782 
782 168 4 8 0.03145224 
1010 282 7 11 0.03145103 
945 275 7 12 0.03143566 
185 218 6 8 0.031427115 
374 226 6 9 0.031402238 
121 243 6 9 0.0313956 
852 140 5 7 0.031382054 
738 100 7 11 0.03136668 
786 48 8 11 0.03133592 
560 75 7 10 0.03133168 
127 312 8 13 0.031303283 
417 230 7 9 0.031267416 
318 296 9 13 0.031253323 
571 190 6 9 0.03119438 
783 222 5 10 0.031179722 
442 221 6 10 0.03112447 
512 155 7 8 0.031106612 
244 209 7 11 0.031087996 
416 134 6 7 0.03105709 
513 335 4 5 0.031022396 
955 234 8 13 0.031021822 
1032 339 14 25 0.030987034 
545 341 5 5 0.030969495 
822 210 8 12 0.030967299 
671 191 6 11 0.030961163 
693 470 6 13 0.030920774 
1005 669 8 16 0.030913481 
780 234 6 10 0.030896034 
24 470 11 20 0.030889032 
28 479 11 19 0.03088126 
519 318 4 4 0.03087469 
150 539 14 18 0.030839348 
714 274 9 12 0.030837312 
1014 52 4 6 0.030823287 
659 24 6 10 0.030808747 
939 210 9 16 0.030801259 
583 165 6 10 0.030784596 
377 235 6 9 0.030750468 
600 354 7 7 0.030743666 
750 58 5 9 0.030729515 
381 398 11 16 0.030717542 
146 0 5 8 0.030648377 
259 140 5 7 0.030646378 
980 319 8 11 0.03063522 
655 169 6 14 0.030613536 
181 90 10 15 0.030564085 
338 241 6 10 0.030543214 
723 159 7 11 0.030514816 
531 113 8 10 0.030480219 
674 196 7 13 0.030466577 
602 77 5 7 0.030445408 
1004 625 7 13 0.030442365 
929 261 6 11 0.030379122 
518 134 5 7 0.03032611 
573 320 4 6 0.030319117 
582 192 5 8 0.030286718 
969 273 7 11 0.030275496 
564 115 6 7 0.030237887 
199 172 6 9 0.030205678 
244 284 29 45 0.030168002 
121 4 4 5 0.030165108 
862 78 7 7 0.030162716 
1017 51 5 8 0.030156042 
147 13 7 17 0.030137807 
525 323 4 4 0.03012659 
588 129 5 6 0.030104429 
494 216 5 9 0.030100947 
552 505 11 20 0.030093355 
0 387 6 18 0.030084595 
633 76 6 7 0.030072069 
516 191 6 9 0.03004194 
932 122 6 9 0.030024221 
930 141 5 8 0.030009698 
757 392 5 5 0.029994803 
779 103 6 8 0.029988933 
60 247 8 12 0.029987387 
520 352 5 7 0.029968677 
473 128 7 8 0.029959278 
764 155 4 8 0.02995548 
715 197 7 12 0.029945046 
896 170 6 10 0.02994399 
473 95 6 7 0.029937083 
602 103 5 8 0.029931296 
513 146 6 8 0.029925844 
684 45 5 8 0.029917138 
726 207 8 13 0.029869014 
922 326 4 9 0.029864775 
1019 61 6 11 0.029840235 
622 243 4 7 0.02983316 
270 273 5 9 0.029828252 
264 145 5 8 0.029827196 
660 209 6 9 0.029814085 
115 39 4 6 0.029787432 
280 213 5 7 0.029778251 
272 68 8 12 0.02974518 
913 64 9 11 0.029713785 
929 339 4 7 0.029702155 
358 155 6 7 0.029639363 
935 338 6 11 0.029627968 
990 139 6 10 0.029620863 
157 332 23 33 0.029610453 
994 164 6 11 0.02960441 
710 46 6 8 0.029600143 
26 396 7 12 0.029565943 
261 238 8 15 0.02954132 
409 152 6 9 0.029510884 
905 345 4 8 0.029506402 
984 317 8 12 0.02949359 
389 63 5 8 0.02948624 
961 25 6 8 0.02944269 
377 382 10 13 0.029435674 
866 133 4 8 0.029417546 
131 573 11 18 0.029410517 
878 425 6 6 0.02938316 
781 39 20 21 0.029365148 
583 237 7 11 0.029334035 
397 179 7 8 0.029307062 
861 491 9 12 0.029294843 
810 197 6 9 0.029293407 
329 135 5 6 0.029284064 
625 360 6 7 0.02927648 
132 626 21 29 0.029269673 
402 122 6 7 0.029255303 
606 208 6 11 0.02925319 
640 171 6 11 0.029215459 
171 294 9 16 0.029209198 
540 217 5 9 0.029205285 
787 166 6 9 0.02919387 
421 148 6 8 0.029178737 
902 140 7 7 0.029143814 
692 147 5 9 0.029137852 
721 259 8 14 0.029105818 
593 12 6 9 0.029052626 
361 129 5 6 0.029045336 
604 590 20 31 0.029029876 
667 80 4 5 0.029014233 
790 240 8 13 0.029009111 
974 572 8 12 0.029006284 
319 134 5 6 0.029005991 
772 211 8 16 0.02899718 
165 618 12 16 0.028979829 
722 44 6 9 0.028954072 
460 184 7 9 0.028948052 
44 394 7 13 0.028899672 
1005 320 5 10 0.028890042 
793 108 7 9 0.02886409 
63 216 7 10 0.02886303 
887 154 6 9 0.02885457 
814 209 7 11 0.028851522 
474 167 7 10 0.028830066 
5 259 9 15 0.028754648 
969 378 6 9 0.028738033 
741 231 5 9 0.028737877 
597 103 4 6 0.02870751 
454 128 6 7 0.028700525 
775 116 6 8 0.028670443 
582 35 7 11 0.028636647 
205 255 7 11 0.02862976 
791 100 8 11 0.028604893 
794 196 8 12 0.028601281 
45 370 6 14 0.02857054 
444 455 32 43 0.028568901 
935 295 6 10 0.028557971 
177 495 37 46 0.028553713 
723 117 4 6 0.02854958 
628 238 5 8 0.028520582 
647 320 5 5 0.028511286 
145 188 6 7 0.028503895 
654 321 4 6 0.028489316 
166 5 4 7 0.028483814 
741 32 16 21 0.028455647 
544 149 6 8 0.028444031 
429 96 4 7 0.028436834 
579 502 16 26 0.028432949 
699 52 5 8 0.028431633 
526 514 35 56 0.028431276 
764 159 4 8 0.028423836 
569 252 4 6 0.028402256 
716 6 15 20 0.028384548 
447 66 3 5 0.028382676 
366 151 6 8 0.028377034 
801 219 6 8 0.028372018 
836 586 8 13 0.028345853 
191 509 9 12 0.02834422 
109 6 4 7 0.028286064 
468 72 5 5 0.02827371 
190 223 7 11 0.02826458 
532 186 5 8 0.02826268 
761 392 4 5 0.028251983 
653 385 8 9 0.028246604 
924 332 5 9 0.02824272 
870 110 6 8 0.028230058 
843 276 6 8 0.028209114 
954 160 7 10 0.028206881 
263 193 6 8 0.028176127 
249 285 6 12 0.028164046 
407 216 8 10 0.02815805 
632 177 8 13 0.028157359 
595 96 5 7 0.028137155 
900 128 8 9 0.028136723 
1007 377 3 7 0.02812456 
983 91 11 13 0.028105678 
250 217 6 12 0.028080562 
223 304 8 15 0.02807968 
959 94 6 8 0.028056575 
517 199 6 9 0.02804669 
270 0 4 6 0.027992072 
582 179 5 8 0.027991844 
310 262 12 16 0.027954645 
784 96 5 7 0.027941937 
382 389 7 9 0.02793796 
1027 96 17 26 0.027913524 
340 148 16 19 0.027911775 
16 368 9 16 0.027909914 
204 210 5 8 0.027905054 
506 109 6 7 0.027878586 
146 5 6 11 0.027844695 
1018 337 13 22 0.027835099 
672 184 5 11 0.027828163 
120 357 18 24 0.027815849 
602 196 7 12 0.027782926 
312 179 7 8 0.027762301 
1014 161 13 21 0.02775743 
748 601 10 17 0.02774101 
249 149 5 6 0.027732102 
1018 83 7 12 0.027728913 
821 395 5 5 0.02772824 
694 117 15 21 0.027725471 
899 219 9 13 0.02771452 
546 348 3 4 0.027708586 
537 165 6 10 0.027700346 
375 154 7 8 0.02769255 
679 151 6 12 0.027684579 
685 144 6 11 0.027674144 
657 495 8 16 0.027671546 
703 515 31 33 0.027652213 
563 135 5 7 0.027633397 
589 123 5 6 0.027631022 
839 142 6 8 0.027628658 
966 218 8 15 0.027620682 
545 357 5 6 0.027603162 
35 486 12 23 0.027591497 
313 123 6 6 0.027551163 
160 292 15 25 0.027550293 
1017 238 14 23 0.027528547 
354 142 5 7 0.027523136 
436 96 5 6 0.027507711 
920 167 6 10 0.027499285 
928 237 6 10 0.027498858 
731 229 7 14 0.027498418 
860 410 7 9 0.027471967 
849 86 9 12 0.027468761 
268 109 6 9 0.027464628 
879 315 6 7 0.027431495 
544 538 36 54 0.027428195 
256 160 5 7 0.027415391 
953 636 4 5 0.027412022 
641 229 4 7 0.027406793 
877 215 8 12 0.027394218 
619 562 8 12 0.027392428 
818 173 5 7 0.027375763 
901 234 7 13 0.027362468 
664 85 7 7 0.027341988 
613 2 7 7 0.027336141 
900 121 9 9 0.027331222 
178 508 8 15 0.027286867 
152 307 20 26 0.027283348 
600 620 7 10 0.027269727 
960 286 63 78 0.027267639 
565 560 10 12 0.027249034 
420 236 8 9 0.027247444 
330 185 8 9 0.02724667 
111 34 2 5 0.027239785 
241 184 6 10 0.027230335 
469 237 6 6 0.027226903 
632 55 8 12 0.027185196 
576 61 6 9 0.027178183 
881 222 7 11 0.027175328 
227 78 68 77 0.027141888 
725 389 5 5 0.027115399 
287 203 6 9 0.027108751 
625 44 8 9 0.02710278 
626 83 7 8 0.027096653 
712 27 7 9 0.027076036 
583 34 77 82 0.02706997 
552 343 4 4 0.027030809 
588 159 7 11 0.027001698 
670 90 6 9 0.026963374 
651 503 9 14 0.026952317 
469 315 4 5 0.026944077 
1005 585 6 13 0.026939763 
171 203 6 9 0.02693867 
448 161 6 7 0.026937777 
339 193 5 7 0.026933914 
541 468 7 10 0.026926342 
787 237 6 10 0.026910719 
831 219 16 23 0.026906872 
790 49 11 13 0.0268878 
124 636 20 30 0.02687963 
507 230 6 8 0.026844043 
148 22 5 11 0.026820822 
462 199 14 21 0.026811147 
829 116 7 8 0.026800225 
955 356 73 103 0.026799623 
621 124 17 21 0.026788618 
192 180 5 8 0.02678356 
616 360 4 6 0.026758252 
735 217 6 10 0.02675439 
443 450 16 26 0.026750091 
828 594 10 16 0.026738549 
978 376 6 9 0.026699938 
916 325 5 9 0.026699109 
608 129 6 7 0.02669163 
577 140 6 8 0.026680205 
993 364 5 10 0.026673557 
209 235 7 12 0.026659127 
750 10 5 7 0.026651299 
934 134 7 9 0.026635665 
481 141 6 8 0.02663287 
577 81 7 9 0.026602343 
141 37 5 9 0.026589023 
1016 382 7 15 0.02658095 
576 317 4 6 0.026559701 
593 341 6 7 0.026554802 
330 281 11 10 0.026532626 
166 249 8 13 0.026530664 
932 126 7 9 0.026501942 
546 57 5 8 0.026494995 
622 28 78 83 0.026489044 
903 575 17 20 0.026467603 
77 238 6 9 0.026466351 
629 228 5 9 0.026457274 
262 155 5 7 0.02645564 
921 182 8 13 0.026452908 
561 173 6 9 0.026439533 
256 199 4 7 0.026375428 
563 236 6 10 0.02637059 
409 161 6 8 0.026367316 
251 119 6 8 0.026329057 
135 39 4 7 0.026326101 
601 96 6 8 0.026300458 
713 604 8 13 0.02629549 
56 382 9 16 0.026283722 
517 484 7 11 0.026279865 
569 152 5 10 0.026274826 
366 63 6 9 0.026266335 
743 27 7 8 0.026255494 
821 110 7 7 0.026254136 
636 8 6 7 0.026249515 
576 104 5 7 0.026233263 
1019 134 5 10 0.02621218 
520 230 5 6 0.026198236 
1020 231 6 9 0.026187142 
218 152 4 5 0.026183898 
844 142 5 7 0.026183195 
718 84 5 7 0.026169652 
757 154 4 8 0.026168251 
505 23 7 9 0.026161984 
583 114 6 8 0.026136579 
136 22 3 6 0.02613397 
857 487 8 13 0.026129883 
864 93 16 20 0.026113056 
605 110 5 8 0.026100248 
4 386 8 17 0.026072571 
952 281 5 11 0.0260469 
653 258 5 9 0.026019221 
925 116 7 9 0.026015073 
615 93 7 9 0.0260095 
966 601 5 8 0.025972335 
934 185 7 11 0.02596976 
857 224 6 10 0.025944108 
124 39 3 6 0.02593605 
582 173 5 8 0.025907619 
762 127 5 8 0.025856912 
628 51 6 8 0.025854908 
485 91 5 6 0.025853222 
644 171 7 12 0.025841556 
1011 134 6 9 0.025827073 
173 224 7 9 0.025826016 
825 203 6 10 0.025817629 
339 231 6 9 0.02580978 
1018 320 14 29 0.025787583 
1009 625 8 12 0.025779564 
185 260 8 13 0.025770493 
685 236 7 10 0.025767416 
181 552 11 15 0.025762485 
498 141 5 8 0.025736203 
167 231 6 8 0.025725875 
659 258 5 8 0.025719542 
847 629 18 29 0.02571701 
911 341 3 7 0.025715813 
531 232 4 6 0.025708254 
705 56 6 9 0.025706053 
838 142 12 20 0.025692137 
209 261 8 11 0.025667422 
787 29 8 8 0.02565344 
392 225 6 9 0.025651716 
395 215 8 10 0.025648614 
990 153 7 9 0.025643928 
326 142 6 7 0.02556402 
1031 390 13 26 0.025563477 
663 166 6 10 0.025555475 
895 313 6 8 0.025528207 
969 635 4 6 0.025523622 
929 326 6 11 0.025520617 
806 401 6 7 0.025511658 
648 372 6 6 0.025478236 
455 123 5 8 0.025477841 
758 235 5 9 0.025465988 
983 332 6 10 0.025442004 
166 114 12 23 0.025434818 
320 318 16 26 0.025430603 
640 39 5 8 0.02542573 
775 231 6 10 0.025417807 
968 383 5 9 0.025404956 
819 197 7 10 0.025402116 
811 255 6 9 0.025388958 
575 167 7 10 0.025354432 
684 153 6 12 0.025352389 
805 208 7 12 0.025352152 
138 367 18 27 0.025343558 
660 330 7 9 0.025329556 
233 147 4 7 0.02532074 
390 71 4 8 0.02531734 
811 160 7 8 0.02528566 
69 388 10 19 0.025281237 
51 387 8 13 0.025268625 
850 265 5 7 0.025252847 
824 301 5 8 0.025251994 
37 401 7 13 0.025243422 
711 110 5 8 0.025231047 
652 208 6 10 0.025230108 
469 59 4 7 0.025225407 
1011 250 6 9 0.025220407 
524 107 6 9 0.025218043 
546 199 13 21 0.025216555 
735 146 4 9 0.025207626 
560 545 17 22 0.025188165 
331 268 8 10 0.02518653 
871 223 6 11 0.025179248 
429 90 5 8 0.025168743 
1014 103 14 21 0.025168268 
106 247 9 13 0.025158437 
909 345 4 7 0.025137244 
103 249 7 10 0.02511528 
381 141 16 21 0.025103286 
908 326 5 9 0.025103034 
606 328 19 18 0.02509044 
181 74 3 6 0.02508691 
322 153 5 8 0.025082417 
653 8 6 7 0.025078095 
580 157 8 12 0.0250724 
687 378 6 6 0.025024218 
723 127 12 21 0.02501677 
839 276 5 8 0.025012389 
727 215 6 10 0.025010655 
255 102 7 9 0.024994444 
889 595 6 8 0.024993835 
174 219 15 20 0.024971794 
807 302 5 7 0.024940021 
129 580 19 24 0.024938563 
987 580 6 11 0.024921563 
703 110 4 6 0.024906972 
570 224 5 9 0.024903044 
424 97 6 7 0.024902843 
485 122 6 7 0.024897695 
512 341 4 5 0.02488676 
172 194 5 8 0.024881702 
187 177 5 9 0.024866661 
40 203 29 37 0.02484655 
127 174 7 7 0.024830963 
619 587 25 39 0.024823222 
993 171 6 11 0.02480574 
931 345 4 8 0.024796234 
633 135 7 10 0.024785364 
435 135 5 7 0.024785066 
271 116 5 6 0.02475995 
151 528 14 16 0.024750855 
523 353 5 6 0.02474138 
838 174 6 7 0.024736099 
940 266 6 12 0.024707748 
1011 249 14 24 0.024699666 
434 91 6 7 0.02469126 
1036 544 27 46 0.024687823 
429 311 5 6 0.024665875 
487 70 6 6 0.02465094 
829 216 9 13 0.024649171 
175 556 12 16 0.024634182 
678 99 8 13 0.024630934 
390 122 5 6 0.024613453 
722 122 5 8 0.024596887 
570 159 5 9 0.024582699 
856 414 8 8 0.024571475 
820 301 5 8 0.02456282 
203 156 5 6 0.024534473 
410 201 14 20 0.024527786 
974 332 6 10 0.024523227 
929 266 5 10 0.024509562 
507 335 5 6 0.0245093 
717 185 5 9 0.024506418 
619 66 6 7 0.024504192 
722 253 7 11 0.024501571 
879 53 75 72 0.024498757 
500 90 6 8 0.024452947 
449 190 6 11 0.024437228 
119 172 8 8 0.02442737 
588 83 6 7 0.02440996 
237 273 14 25 0.024398355 
813 242 5 8 0.024388077 
640 223 6 12 0.024365248 
717 123 5 8 0.024359943 
566 37 6 10 0.02434453 
915 77 8 9 0.024339197 
735 291 6 12 0.024336834 
939 370 5 10 0.024330374 
792 221 8 11 0.024316678 
897 603 8 15 0.024310617 
289 72 4 6 0.024309646 
871 209 7 12 0.024300974 
615 142 5 8 0.024298914 
474 122 5 7 0.024296653 
865 123 5 7 0.024293136 
469 38 4 6 0.024290998 
786 229 6 11 0.024282785 
930 153 6 9 0.024257718 
909 171 8 12 0.024251143 
321 161 5 7 0.02425046 
321 67 4 7 0.024248235 
793 594 10 11 0.024246912 
707 601 10 18 0.024245864 
242 219 9 15 0.024239788 
679 108 7 10 0.024238361 
695 150 7 13 0.024205869 
558 336 4 4 0.024198106 
595 157 7 11 0.024192454 
807 116 7 8 0.024191698 
36 411 7 14 0.024187366 
1019 373 5 9 0.024186572 
1032 570 15 25 0.024160786 
54 196 6 9 0.024156278 
487 172 7 9 0.024149254 
589 371 7 9 0.024148691 
595 198 5 10 0.024138626 
481 127 6 9 0.024129676 
818 295 5 8 0.024124285 
587 151 7 11 0.024107369 
255 204 6 10 0.024094377 
178 260 7 12 0.024093816 
940 134 8 11 0.02407445 
1010 217 6 8 0.024071915 
740 176 6 10 0.024071783 
305 250 8 14 0.02403551 
690 383 8 7 0.024008483 
361 387 9 16 0.023993028 
968 338 4 9 0.023964707 
949 635 4 6 0.023944087 
744 121 5 7 0.023924986 
436 221 7 11 0.02392251 
1017 172 14 21 0.02391728 
590 391 3 6 0.023867374 
218 304 31 57 0.023862435 
845 211 6 8 0.023858972 
240 278 8 15 0.023857875 
530 335 4 5 0.023855051 
1004 236 5 10 0.023853736 
680 113 7 9 0.023847258 
389 238 5 6 0.023822838 
1019 200 5 8 0.023820503 
538 114 6 9 0.02381528 
50 228 9 12 0.023811493 
569 142 5 7 0.023795187 
583 340 17 18 0.02378613 
485 508 11 16 0.023778286 
841 227 9 15 0.023769945 
558 92 6 7 0.023767987 
639 77 5 6 0.023765665 
992 649 37 55 0.023753703 
609 90 5 7 0.023750646 
574 589 12 21 0.023748789 
1009 230 6 8 0.023748202 
855 179 6 9 0.023740478 
952 182 7 12 0.023737464 
331 262 6 11 0.02372208 
698 25 12 22 0.023721866 
334 73 4 5 0.023709508 
561 59 7 9 0.02370731 
423 241 7 9 0.023690483 
364 250 6 8 0.023672609 
564 336 3 4 0.02366037 
402 204 8 10 0.023659693 
889 333 5 8 0.023657963 
172 335 16 31 0.023656167 
884 394 5 9 0.023650825 
1024 526 19 32 0.023626285 
973 128 7 10 0.023621611 
687 375 5 4 0.02359759 
730 51 4 7 0.023595346 
110 40 4 5 0.023594668 
998 204 7 11 0.023573948 
228 286 10 17 0.02356926 
500 311 4 4 0.023566224 
926 602 6 10 0.023564799 
1014 415 5 10 0.023562124 
178 331 8 15 0.023550054 
714 281 15 21 0.023529433 
670 316 5 6 0.023518894 
596 127 5 7 0.023514114 
877 564 7 7 0.023487756 
819 243 6 9 0.023460252 
989 223 8 10 0.02344211 
594 5 7 10 0.023418702 
973 108 17 19 0.02341628 
564 224 5 8 0.023416137 
926 607 5 10 0.023412868 
551 336 4 4 0.023405885 
585 161 14 21 0.023400066 
249 167 6 7 0.023399157 
1012 373 3 7 0.02339493 
61 199 8 10 0.023390815 
397 51 4 7 0.023364373 
227 266 10 17 0.02336141 
947 205 7 12 0.023352385 
633 242 4 8 0.023335746 
608 0 16 20 0.0233172 
577 347 5 6 0.023315486 
427 421 18 29 0.023308216 
1019 300 15 24 0.023302287 
666 479 6 12 0.023290873 
391 50 4 7 0.023241319 
912 341 74 112 0.023237217 
983 325 6 11 0.023233928 
61 209 8 11 0.02322229 
1012 267 6 11 0.02321932 
977 127 7 11 0.02321752 
603 83 6 7 0.023216477 
960 263 7 11 0.023209779 
391 230 5 8 0.023201121 
691 44 6 9 0.023181966 
968 171 7 13 0.02317379 
905 76 10 9 0.023164187 
993 665 17 31 0.023162989 
677 85 6 6 0.023160987 
828 135 5 8 0.023151081 
811 394 5 5 0.023147387 
862 416 7 7 0.023145001 
544 114 7 10 0.023139916 
769 109 6 7 0.023121951 
77 210 7 10 0.023105843 
544 166 6 9 0.023105215 
805 213 13 22 0.023088345 
237 203 5 9 0.023084464 
158 548 19 23 0.023084447 
802 135 5 7 0.023077942 
692 79 4 6 0.023076683 
447 79 5 5 0.023070531 
112 154 16 20 0.023067199 
672 2 5 6 0.023066785 
1011 160 7 8 0.023066266 
697 79 5 6 0.023049874 
569 116 14 18 0.023042014 
926 50 8 10 0.023021739 
345 88 15 21 0.023020012 
398 104 4 6 0.023019513 
942 273 14 24 0.023013368 
518 169 7 13 0.023010792 
543 105 7 7 0.023005111 
868 542 8 9 0.023004223 
327 198 6 8 0.022978982 
872 238 6 12 0.022977445 
782 73 7 9 0.022960708 
338 317 7 12 0.022951808 
584 364 7 10 0.022945715 
979 65 5 5 0.022942834 
1042 297 22 42 0.02293942 
510 489 18 30 0.02293893 
981 638 19 37 0.022933425 
478 178 6 10 0.022926513 
858 158 6 10 0.022920659 
657 36 7 9 0.022919431 
352 190 6 8 0.02291926 
631 217 5 10 0.022916127 
262 114 6 7 0.022915164 
231 275 28 44 0.022913294 
947 212 8 15 0.022897786 
140 581 20 25 0.02288059 
634 62 6 10 0.02287 
703 211 6 10 0.0228644 
913 159 7 10 0.022861566 
383 153 73 78 0.022859337 
991 339 7 15 0.02285194 
367 230 6 8 0.022851465 
403 60 6 8 0.022844877 
1020 224 5 8 0.022844844 
117 565 17 31 0.022839172 
756 117 5 6 0.02283411 
347 73 3 5 0.02282786 
727 394 9 9 0.02282747 
145 616 11 16 0.022826461 
472 103 7 7 0.022824781 
353 136 5 6 0.022823682 
223 282 10 16 0.022822192 
602 19 15 21 0.022813614 
651 370 8 9 0.022809044 
517 154 5 8 0.022799198 
493 212 5 9 0.022796363 
716 146 5 10 0.022787716 
381 104 6 7 0.0227832 
829 613 16 25 0.022781285 
64 223 7 10 0.022760684 
737 41 4 6 0.02273407 
277 295 15 28 0.022732722 
462 296 3 5 0.022727225 
607 122 6 7 0.022716181 
130 45 3 6 0.02271 
142 26 3 8 0.022702988 
225 173 5 6 0.02270035 
557 359 5 6 0.02269973 
569 71 6 8 0.022688033 
564 231 5 8 0.02267152 
397 130 5 6 0.022661135 
859 34 7 9 0.022650676 
229 216 66 84 0.022639552 
934 266 6 10 0.022597903 
199 235 7 13 0.022589358 
437 104 5 6 0.022576842 
661 317 5 5 0.022573346 
635 14 5 7 0.022564167 
986 600 9 13 0.022560582 
717 179 5 8 0.02254254 
942 89 5 8 0.022523064 
951 164 76 78 0.022519872 
792 160 5 7 0.022508522 
735 114 6 9 0.022497645 
654 158 13 24 0.022484716 
427 167 7 9 0.022479706 
247 210 6 9 0.022476977 
550 358 5 6 0.022473337 
323 262 10 16 0.022461304 
724 175 6 11 0.022453045 
897 595 7 13 0.022446359 
437 180 6 8 0.022437334 
696 2 5 6 0.022429094 
772 380 5 6 0.02242517 
661 116 7 9 0.022422908 
110 3 4 5 0.022420054 
683 250 68 93 0.022418784 
973 61 36 42 0.022416994 
596 615 7 9 0.02238939 
985 203 7 12 0.022384975 
615 76 8 9 0.022373164 
455 64 4 5 0.022369497 
857 121 5 7 0.022361595 
475 224 5 7 0.022323797 
593 345 6 7 0.02230982 
766 402 9 11 0.022299755 
710 43 34 42 0.022276077 
888 147 6 9 0.022271426 
204 271 9 14 0.022270773 
231 180 5 7 0.022269422 
587 134 6 9 0.022253897 
105 35 3 5 0.022252798 
937 249 14 22 0.022251759 
565 251 4 7 0.02224976 
473 321 5 5 0.022247903 
506 204 5 8 0.02224513 
31 412 7 13 0.022233883 
786 222 6 10 0.022228029 
197 291 8 14 0.022214213 
550 184 5 9 0.022209749 
895 179 6 10 0.022205275 
958 328 8 14 0.022204438 
648 367 6 6 0.022160536 
458 103 16 20 0.02215491 
959 193 8 13 0.02214586 
470 141 7 8 0.022139927 
323 114 33 35 0.022133773 
456 310 4 5 0.022127548 
606 354 6 6 0.022122592 
902 308 7 9 0.022115026 
877 390 7 10 0.022107154 
90 442 18 28 0.022106338 
479 148 5 7 0.022105759 
971 383 5 8 0.022092663 
563 34 5 8 0.022089204 
1007 350 5 10 0.022081934 
488 147 5 7 0.022066344 
385 50 6 8 0.0220611 
486 61 4 6 0.02206053 
403 210 7 9 0.02205466 
96 54 4 5 0.022049166 
482 66 5 5 0.022048231 
871 164 5 9 0.022034109 
1001 302 8 15 0.022026364 
962 30 5 8 0.022024632 
963 140 7 11 0.022003045 
500 326 6 5 0.021987248 
583 96 7 8 0.021984601 
1013 58 5 8 0.021976458 
666 503 5 11 0.021976098 
1031 584 16 27 0.021973582 
467 171 5 8 0.021936495 
147 247 7 10 0.021910906 
754 19 5 8 0.021903332 
280 184 6 9 0.021897346 
934 178 7 11 0.021880766 
684 509 6 9 0.021879358 
275 191 7 9 0.021876829 
257 620 6 10 0.021876026 
533 497 18 31 0.021864364 
627 31 6 9 0.021864159 
608 95 6 9 0.021859713 
243 168 5 6 0.021855196 
927 206 9 14 0.021851702 
86 216 21 27 0.02184623 
151 550 10 17 0.021832976 
1021 351 14 24 0.021828484 
56 188 5 6 0.021828271 
514 398 3 5 0.021828197 
907 44 9 13 0.02182373 
629 210 4 9 0.021822255 
862 572 8 8 0.021819955 
556 59 14 20 0.021801652 
505 89 16 19 0.021772556 
966 197 8 12 0.02175808 
987 211 6 10 0.021756425 
419 310 6 6 0.021750337 
288 129 18 20 0.021740478 
652 21 5 8 0.021737201 
836 249 14 23 0.021710271 
317 270 11 15 0.021704819 
718 110 4 8 0.021680405 
619 76 8 10 0.021677287 
294 72 4 7 0.021675527 
190 319 26 50 0.021666452 
844 600 7 12 0.021658435 
1020 153 5 9 0.021653138 
1013 208 6 11 0.021644888 
1020 53 14 22 0.021643575 
460 96 6 7 0.021618448 
651 488 8 16 0.021608563 
714 490 7 11 0.021608396 
456 231 5 8 0.021604765 
953 171 7 11 0.02160422 
815 295 5 8 0.021601187 
41 368 14 28 0.02159866 
475 340 4 6 0.021598151 
633 18 5 9 0.021580465 
117 157 5 7 0.021575425 
157 583 11 16 0.021573797 
478 220 65 76 0.021571944 
1005 371 4 9 0.021570532 
10 259 8 14 0.021569401 
644 130 13 19 0.021553412 
218 211 5 8 0.021550788 
227 297 16 28 0.021536533 
419 140 77 77 0.021532547 
919 587 7 12 0.0215314 
285 199 27 36 0.021521 
523 204 5 8 0.02149175 
996 668 8 16 0.02148955 
749 192 6 11 0.021489179 
409 102 18 20 0.021481011 
916 330 5 10 0.02146738 
378 118 5 6 0.021465017 
479 211 14 20 0.02145963 
351 109 7 7 0.021442853 
595 1 7 8 0.021424236 
440 198 5 9 0.02142133 
840 116 5 8 0.021418123 
615 259 4 6 0.02141627 
237 241 7 14 0.021401295 
323 339 32 56 0.02139657 
512 56 6 11 0.021388646 
38 211 6 7 0.021382157 
818 192 6 9 0.02137691 
536 49 7 10 0.021376556 
693 183 5 11 0.02137405 
372 190 7 10 0.021360258 
446 230 6 8 0.021359336 
829 286 6 11 0.021354502 
769 375 3 5 0.021353139 
867 36 7 9 0.021342747 
167 2 4 7 0.02132793 
499 314 18 20 0.021326708 
91 42 4 4 0.02131749 
78 328 7 15 0.021301514 
504 326 6 6 0.021293188 
602 185 14 22 0.021288613 
952 274 6 12 0.021284023 
845 205 5 8 0.021281311 
708 185 7 10 0.021273358 
710 7 6 7 0.021264484 
588 225 5 9 0.02125783 
598 606 18 24 0.021251062 
812 402 6 7 0.02122775 
1007 592 6 11 0.021206684 
736 107 7 11 0.021197842 
634 38 5 8 0.021194242 
704 159 6 11 0.021176506 
325 204 5 8 0.021164019 
513 366 4 7 0.021156363 
336 278 13 10 0.021154981 
296 260 7 14 0.021150649 
922 606 7 13 0.021138063 
399 65 6 8 0.021122668 
982 350 6 11 0.021103954 
1009 364 5 9 0.021097055 
807 173 6 8 0.021093909 
797 37 7 9 0.02108135 
346 109 6 7 0.021080073 
412 116 5 6 0.021078316 
784 83 37 36 0.02107057 
1043 323 21 41 0.021068696 
460 60 4 6 0.02106779 
901 169 7 12 0.021065973 
665 29 6 11 0.021050852 
852 250 6 9 0.02104294 
457 236 5 8 0.021035932 
875 250 6 9 0.02102913 
832 139 5 9 0.021028893 
700 106 3 5 0.021028837 
974 134 14 20 0.021027151 
622 355 4 5 0.021024637 
880 183 10 13 0.021010123 
531 318 4 4 0.021007625 
600 357 7 8 0.020996453 
799 141 6 9 0.020996345 
191 235 7 12 0.020993562 
487 339 4 6 0.020975 
720 385 18 18 0.020947926 
1007 218 6 8 0.02093202 
92 380 10 15 0.020924829 
896 116 82 75 0.02091919 
10 480 10 15 0.020913806 
618 83 15 20 0.020906752 
828 226 68 87 0.020896876 
1030 552 16 28 0.02087891 
829 280 6 11 0.020875288 
673 26 14 21 0.020866916 
682 270 9 13 0.020856334 
326 239 4 7 0.020854926 
628 205 4 10 0.02084551 
53 187 5 6 0.020837663 
289 211 5 8 0.020826582 
634 44 5 8 0.020801444 
789 123 5 7 0.020799749 
1021 366 14 25 0.020777192 
897 338 4 8 0.020776035 
375 384 19 23 0.020772351 
989 84 7 8 0.020771665 
746 96 6 8 0.020769058 
512 180 6 8 0.020767158 
709 270 18 23 0.020766059 
665 372 5 7 0.02075879 
840 286 6 10 0.020753663 
117 30 3 5 0.02074708 
604 614 22 26 0.020736922 
440 128 15 19 0.020736124 
958 170 7 13 0.020728832 
570 347 4 5 0.020727934 
0 365 4 9 0.020726437 
93 58 23 28 0.02071561 
270 215 7 10 0.020713145 
26 414 14 28 0.02071169 
1034 353 13 25 0.020688416 
333 155 18 21 0.02068047 
171 507 10 16 0.020679034 
210 68 7 12 0.020674614 
876 122 6 8 0.020673046 
581 187 5 8 0.020669736 
494 317 4 4 0.02066105 
628 334 6 7 0.020648103 
986 575 6 10 0.020617763 
142 19 4 9 0.020617412 
623 15 5 7 0.02061161 
673 178 5 10 0.020609664 
842 253 7 12 0.020580804 
896 154 6 9 0.020562034 
440 433 9 16 0.020560522 
1019 267 14 24 0.020551095 
209 75 8 14 0.020529797 
283 335 34 46 0.020525532 
878 418 19 17 0.020517461 
697 87 7 11 0.020516966 
832 262 6 10 0.020509696 
193 211 6 8 0.020508211 
857 149 5 8 0.020504074 
742 108 15 20 0.020499792 
660 79 3 5 0.020490864 
655 356 6 7 0.020481387 
524 97 6 6 0.020446204 
487 235 6 8 0.02044351 
936 337 13 23 0.020442657 
1019 68 7 10 0.02044203 
740 166 6 11 0.020439738 
845 71 15 21 0.02042943 
762 56 38 37 0.020429088 
1019 217 5 9 0.020428639 
421 426 6 12 0.020427909 
1013 274 6 11 0.02042177 
562 167 5 8 0.020407211 
94 244 7 9 0.020388477 
852 273 4 8 0.020385904 
915 259 7 13 0.020355074 
378 259 5 6 0.020351496 
432 470 17 26 0.020348776 
629 243 4 7 0.02034812 
698 211 5 9 0.020331774 
105 610 17 26 0.020331688 
371 224 14 19 0.020323906 
469 105 15 18 0.020321397 
612 172 6 10 0.02031983 
665 140 6 11 0.020316297 
647 79 5 6 0.020314531 
779 391 5 5 0.02031356 
70 256 6 9 0.020311134 
609 366 6 7 0.02030598 
942 80 4 6 0.020296317 
889 223 8 10 0.020291826 
45 366 32 48 0.020286504 
755 127 5 8 0.020267583 
857 141 4 8 0.020265756 
851 429 9 10 0.020262992 
794 141 6 9 0.020259405 
585 343 4 5 0.020253876 
755 147 4 8 0.020253364 
679 5 6 8 0.020249486 
831 248 6 10 0.020245248 
934 115 7 9 0.020244084 
991 200 8 14 0.020225422 
324 307 10 14 0.02022317 
277 128 17 21 0.020217627 
615 354 5 6 0.020209527 
723 235 6 13 0.020207603 
999 324 6 11 0.020198813 
424 456 17 29 0.020197775 
602 214 7 13 0.020194635 
1019 192 6 9 0.02019115 
506 311 4 4 0.020190554 
602 91 6 7 0.020189324 
222 245 6 10 0.020185182 
157 318 19 29 0.020169294 
786 88 16 23 0.02015916 
780 388 4 4 0.020150531 
996 621 10 16 0.02014729 
263 339 5 8 0.02013126 
759 221 8 12 0.02013124 
301 189 9 11 0.020123769 
1044 375 20 41 0.020122021 
339 111 6 6 0.02010178 
115 561 9 20 0.020100785 
999 88 8 9 0.020091305 
645 497 8 12 0.020088278 
853 580 20 19 0.020078523 
710 273 7 12 0.02007457 
951 299 6 12 0.020070978 
487 178 7 11 0.020070625 
1021 71 14 25 0.020062365 
812 226 8 12 0.020056231 
263 184 7 9 0.020053536 
521 380 3 5 0.020043029 
174 589 23 24 0.02003307 
385 196 6 11 0.02003178 
370 42 7 12 0.020027753 
592 64 7 11 0.020027483 
711 160 5 10 0.020025069 
776 98 4 6 0.020004077 
716 498 7 10 0.020002214 
871 180 5 9 0.020000275 
