0_Parade_marchingband_1_227
289
913 140 42 49 0.9985453 
598 130 21 33 0.9961558 
288 136 23 38 0.99545383 
559 84 18 28 0.99347067 
175 107 23 31 0.9929255 
460 135 29 39 0.992861 
415 113 22 31 0.9879979 
248 83 22 26 0.98670006 
489 94 21 31 0.9403915 
293 99 19 31 0.9282387 
511 104 23 33 0.9100128 
841 122 28 41 0.84121174 
720 62 84 87 0.8276519 
68 95 19 24 0.80801654 
151 104 15 22 0.7396711 
59 71 15 17 0.6908569 
42 116 18 28 0.62832254 
348 104 14 23 0.6000904 
499 79 36 48 0.5778619 
330 90 13 20 0.57189137 
326 178 19 34 0.49797046 
806 95 34 55 0.48379913 
395 100 15 23 0.46476316 
213 73 11 15 0.44532236 
8 105 17 26 0.43146443 
380 97 12 19 0.39070964 
131 91 14 15 0.3278215 
190 83 15 21 0.32362399 
170 78 11 14 0.30262214 
600 84 9 14 0.3001989 
432 104 10 15 0.27669123 
35 93 17 21 0.2695572 
150 96 14 18 0.24160665 
587 92 9 15 0.23350574 
557 144 19 33 0.22265509 
642 98 15 24 0.21364209 
426 90 10 13 0.21359004 
770 85 46 64 0.21270186 
1 84 8 19 0.19514841 
222 119 19 32 0.18871231 
657 103 10 19 0.17900918 
635 96 13 21 0.17754056 
176 77 10 13 0.17225055 
387 165 21 38 0.16507432 
124 107 13 18 0.16456269 
366 152 18 31 0.15510698 
387 97 15 23 0.14935046 
609 106 13 21 0.13896869 
165 145 20 33 0.1291971 
835 95 55 84 0.12858628 
607 117 18 30 0.12728998 
117 147 17 28 0.12478297 
313 115 10 17 0.124315515 
18 60 18 22 0.12233832 
563 188 21 41 0.121648096 
383 143 12 19 0.121363595 
538 31 22 38 0.11849934 
877 119 39 51 0.11791917 
12 163 21 35 0.11456468 
94 80 20 25 0.1136025 
647 87 8 14 0.11349542 
256 97 19 25 0.10470681 
199 74 8 10 0.10014807 
420 97 18 26 0.0928986 
616 92 12 16 0.09176473 
404 110 19 29 0.0900462 
135 70 8 8 0.0888914 
626 125 17 30 0.088593476 
101 96 17 21 0.0878136 
471 115 17 23 0.08637414 
363 94 12 16 0.0827666 
507 84 15 20 0.08254358 
549 103 10 18 0.08111331 
65 77 13 14 0.07530646 
555 126 17 35 0.074236155 
411 156 19 36 0.07320224 
61 84 19 21 0.07068259 
145 79 10 12 0.06980567 
162 93 9 13 0.067848936 
786 87 26 30 0.06778563 
523 92 18 29 0.062210888 
522 85 10 15 0.059347466 
851 4 54 57 0.05888171 
273 106 10 15 0.05788466 
618 120 10 18 0.057868514 
541 32 310 471 0.056645114 
125 98 13 14 0.055545524 
611 97 13 20 0.05544875 
373 146 17 28 0.05342985 
438 104 10 15 0.053298824 
953 173 37 49 0.052423093 
957 51 80 132 0.05104733 
922 108 41 61 0.05103456 
650 98 10 19 0.050578542 
653 44 163 240 0.050272714 
372 126 17 26 0.050055683 
340 145 19 32 0.048571505 
229 110 18 24 0.048570734 
85 126 17 24 0.048555914 
310 96 12 18 0.047443185 
316 182 20 37 0.046911452 
106 141 17 31 0.046887495 
413 87 11 16 0.04652342 
388 298 473 353 0.04559471 
185 85 11 16 0.045334727 
587 101 10 16 0.04510316 
421 88 10 14 0.044832084 
224 134 20 36 0.043439113 
664 90 8 13 0.041837256 
670 103 9 17 0.041748736 
588 134 19 29 0.041111182 
134 57 10 11 0.04053832 
302 108 12 18 0.040277414 
267 207 146 179 0.040037148 
137 62 9 9 0.03999979 
150 79 10 11 0.03961507 
110 94 11 14 0.039489627 
422 83 6 8 0.038737316 
110 103 12 15 0.038456105 
581 105 8 13 0.038344692 
430 82 6 9 0.038087696 
99 74 11 14 0.037955206 
247 66 12 15 0.037456725 
138 120 12 20 0.037415486 
532 46 7 14 0.037305553 
259 78 20 25 0.037103456 
625 92 17 23 0.037074108 
573 95 9 17 0.03689727 
201 69 8 10 0.03639655 
165 70 8 8 0.035878394 
99 132 17 27 0.035626728 
602 87 16 24 0.035584696 
534 121 12 19 0.03547883 
29 58 20 24 0.035054225 
316 90 16 23 0.034798153 
140 157 21 32 0.034516975 
431 75 4 8 0.034312714 
145 93 12 14 0.034270156 
353 96 16 23 0.033947416 
304 203 19 35 0.033784956 
165 83 11 14 0.033655893 
613 131 21 32 0.03359093 
624 120 11 22 0.03355444 
399 7 9 17 0.03265787 
34 102 20 28 0.03263234 
324 192 24 44 0.032500166 
534 91 10 18 0.032340236 
3 68 10 14 0.0322763 
361 126 18 29 0.032253105 
29 115 12 17 0.032075845 
265 185 23 38 0.03198152 
624 103 11 18 0.03197322 
316 65 10 17 0.031686217 
51 127 18 28 0.031572387 
497 127 13 19 0.031461768 
106 71 11 14 0.0314196 
404 82 6 11 0.031145126 
128 69 7 8 0.03100991 
58 168 20 30 0.030971214 
503 117 23 29 0.030708142 
239 111 13 20 0.03070735 
545 120 20 34 0.030593324 
534 129 22 33 0.030530792 
396 119 19 30 0.03034604 
53 121 11 18 0.030223627 
315 161 17 27 0.030145358 
151 89 11 12 0.029895876 
434 81 6 9 0.029807422 
444 102 10 16 0.029713254 
427 199 25 47 0.029663673 
183 139 27 46 0.029345801 
239 97 13 17 0.029327115 
658 87 8 14 0.029186668 
16 113 17 26 0.029121783 
370 116 10 16 0.02910079 
336 188 11 22 0.029042015 
431 70 4 7 0.028996065 
695 176 104 139 0.028978309 
408 86 10 14 0.02885251 
809 230 82 149 0.028818225 
112 110 11 16 0.028672688 
232 59 12 16 0.02829858 
143 108 17 26 0.028266218 
549 87 18 26 0.027840085 
568 137 19 32 0.027760029 
446 94 8 12 0.027549056 
253 141 18 32 0.027537623 
126 87 13 16 0.02753581 
182 75 8 11 0.027435804 
618 144 21 31 0.027397992 
432 87 8 12 0.027370013 
513 164 19 34 0.027341139 
505 139 21 33 0.027334064 
666 162 40 54 0.027308516 
83 58 10 9 0.027217442 
592 103 10 15 0.027202258 
236 122 20 28 0.027163353 
617 109 11 19 0.026969567 
446 89 7 9 0.02675652 
265 108 18 26 0.02638062 
458 78 8 15 0.026161224 
526 163 22 37 0.025981238 
61 128 13 19 0.025687324 
145 70 7 8 0.025588052 
466 86 10 16 0.025406621 
540 104 17 26 0.025366252 
779 153 266 360 0.025345849 
460 91 9 15 0.025314528 
142 207 32 49 0.025295107 
86 104 11 16 0.025265185 
745 19 126 170 0.025261335 
291 78 10 14 0.025151439 
174 193 22 33 0.025027089 
105 81 10 12 0.024997614 
129 79 19 21 0.02498345 
488 157 18 28 0.024934016 
101 68 9 11 0.024931198 
138 73 9 11 0.024912126 
98 114 13 15 0.024594402 
82 225 79 119 0.024581658 
858 68 50 78 0.024465082 
600 103 13 17 0.024445595 
431 112 12 21 0.024406528 
267 157 19 30 0.024374736 
371 161 28 48 0.024357598 
136 103 12 17 0.024339959 
323 122 12 17 0.024164397 
311 87 10 13 0.02384222 
171 70 8 9 0.023753997 
412 89 19 27 0.023702996 
344 110 11 21 0.023644842 
658 88 17 25 0.023631806 
738 103 36 29 0.023614338 
484 158 12 21 0.023583498 
273 74 12 17 0.023532605 
945 197 40 54 0.023448879 
72 75 11 12 0.023356752 
181 79 11 16 0.023348574 
471 90 11 17 0.02333561 
349 69 18 22 0.02314892 
625 140 30 46 0.0231461 
0 67 7 16 0.023011977 
175 151 19 31 0.022952227 
544 153 18 32 0.022908105 
259 125 11 19 0.022704307 
131 65 18 18 0.02262542 
488 129 18 27 0.022493226 
186 113 19 30 0.02247376 
160 68 8 9 0.022435209 
495 139 19 29 0.022409119 
351 150 20 34 0.022355957 
530 102 19 30 0.02234082 
190 60 9 11 0.022308461 
303 112 17 27 0.022252683 
377 55 11 13 0.022154965 
361 110 11 15 0.022103947 
278 169 18 26 0.022079801 
158 63 9 9 0.022075942 
452 94 9 14 0.021948973 
460 88 18 26 0.02191372 
336 129 16 28 0.021775182 
859 202 39 66 0.02175882 
650 84 8 11 0.0216141 
317 154 12 17 0.02156635 
360 114 17 26 0.021551985 
201 70 15 19 0.021529512 
311 152 11 17 0.02150963 
164 123 10 16 0.021463674 
642 91 30 42 0.02142958 
46 62 22 23 0.021369217 
3 81 17 23 0.02136777 
309 122 18 28 0.021249466 
154 389 65 51 0.021231154 
-1 71 13 28 0.021229599 
964 144 37 49 0.02122534 
35 144 31 45 0.021093128 
375 207 17 30 0.021008585 
206 199 20 33 0.020998795 
765 101 26 37 0.020903502 
578 158 19 30 0.020689713 
29 118 20 28 0.020557905 
164 108 18 27 0.020489182 
324 40 12 21 0.020465454 
1 115 7 18 0.020416044 
188 93 14 18 0.020385403 
349 162 30 50 0.020325476 
634 128 19 30 0.020138558 
302 140 21 31 0.020051625 
400 90 18 28 0.020011654 
