0_Parade_Parade_0_906
861
240 262 99 117 0.99993634 
439 261 108 137 0.9998566 
352 285 63 93 0.9977937 
563 259 67 108 0.99737215 
645 233 120 163 0.9918121 
898 518 36 38 0.8785604 
662 591 12 12 0.2881183 
400 117 8 16 0.27258754 
101 595 9 13 0.24726796 
538 92 10 16 0.20611961 
891 42 10 12 0.20187993 
44 17 7 11 0.18506171 
920 40 10 15 0.18196705 
198 720 6 9 0.17648576 
914 625 13 13 0.15609352 
45 12 5 8 0.15373985 
124 721 6 11 0.14968 
217 296 7 11 0.14816998 
59 12 5 7 0.14604546 
647 9 8 12 0.13036442 
914 10 10 12 0.12769723 
269 722 6 8 0.12664336 
374 747 10 16 0.123872906 
781 89 5 8 0.11386481 
77 738 8 13 0.11366074 
261 489 10 10 0.11333619 
72 11 6 8 0.111768894 
34 7 4 7 0.10740677 
471 587 13 12 0.10513669 
237 63 5 7 0.10417977 
55 744 9 13 0.099456325 
808 745 8 18 0.09907394 
171 11 8 9 0.09809161 
34 10 5 8 0.09727634 
622 617 9 10 0.09457552 
952 9 8 14 0.09453252 
555 619 6 8 0.09248323 
54 714 9 13 0.09067176 
24 7 4 6 0.08841678 
256 36 5 8 0.08697857 
134 12 5 6 0.086485066 
4 649 6 13 0.08581875 
364 696 6 7 0.085703075 
766 88 6 10 0.08497146 
38 10 4 8 0.08434113 
678 515 8 10 0.08384109 
211 723 7 11 0.08238954 
217 11 7 9 0.082248114 
286 68 7 8 0.08148408 
845 16 9 12 0.08122252 
275 62 5 8 0.0802456 
415 516 9 10 0.07984762 
198 539 10 10 0.07945871 
71 37 6 9 0.079304904 
123 7 6 6 0.07902683 
261 718 5 7 0.07896775 
270 541 7 9 0.077542745 
202 748 8 10 0.077229984 
269 87 5 8 0.07701078 
557 593 5 8 0.075760365 
813 12 6 7 0.075148225 
107 538 9 12 0.07384173 
710 44 10 14 0.07376551 
701 593 8 12 0.07315911 
258 718 4 7 0.07315834 
224 62 7 9 0.07311083 
169 37 5 8 0.07294245 
761 9 6 10 0.07225598 
709 92 9 15 0.07212263 
59 16 6 10 0.07118993 
12 693 6 10 0.071071684 
140 588 9 11 0.06928267 
106 622 10 14 0.06864235 
690 721 5 7 0.067550056 
172 17 8 9 0.067372926 
825 12 7 8 0.067284405 
886 12 8 8 0.067280605 
287 65 5 7 0.06685563 
129 11 5 7 0.06667575 
123 10 5 7 0.065876946 
125 589 9 11 0.06540042 
596 492 6 7 0.064401396 
22 6 4 7 0.06427295 
189 747 7 10 0.06328042 
20 592 7 10 0.062448066 
263 745 8 11 0.060992476 
679 88 4 8 0.06052394 
301 12 7 7 0.060076073 
499 591 10 12 0.059632525 
289 721 5 8 0.059628386 
224 37 5 6 0.059422996 
353 691 5 7 0.059084035 
53 614 4 8 0.058771674 
115 620 9 10 0.058372755 
13 667 7 10 0.057896312 
148 715 8 12 0.05750961 
29 61 7 11 0.057022404 
237 68 6 8 0.05693119 
508 563 11 12 0.05681899 
290 746 5 8 0.05637788 
415 567 9 9 0.056079254 
580 651 9 11 0.056013785 
24 11 5 8 0.055765964 
918 15 9 14 0.0555735 
676 15 8 13 0.054745264 
244 85 4 7 0.054547753 
924 608 21 20 0.054531775 
236 747 7 10 0.054125484 
151 742 5 8 0.05378457 
279 90 6 7 0.053748082 
225 68 7 10 0.05354164 
229 715 5 9 0.05328587 
244 696 6 7 0.052962895 
743 87 6 11 0.05295278 
340 746 8 10 0.052431986 
6 665 5 9 0.05239436 
838 557 7 10 0.052351795 
71 722 6 9 0.051917847 
89 726 7 10 0.051756315 
40 62 5 8 0.051668935 
278 94 8 9 0.051613063 
33 717 5 8 0.051429234 
168 10 7 8 0.0514253 
200 671 5 6 0.0509173 
21 10 5 8 0.0509109 
70 16 7 10 0.050816108 
0 666 4 8 0.050805327 
161 721 7 10 0.050744336 
250 114 5 6 0.05047256 
935 11 6 10 0.050361 
133 18 6 9 0.050214615 
723 9 7 10 0.049819868 
148 696 7 9 0.04961404 
580 543 5 7 0.049575698 
237 114 4 6 0.049565546 
146 13 6 6 0.049394876 
152 748 6 9 0.04902746 
699 12 6 8 0.0485161 
210 38 5 7 0.0479803 
760 85 6 12 0.04787148 
697 640 10 13 0.047820248 
462 727 6 10 0.047750138 
928 13 5 9 0.047480404 
158 637 7 11 0.047462337 
64 757 9 13 0.04737422 
317 723 6 8 0.047110315 
264 37 5 8 0.047070153 
39 716 5 8 0.047041956 
0 671 3 7 0.046832833 
144 17 9 10 0.04661984 
413 520 11 11 0.046439096 
139 719 8 11 0.046436742 
229 62 6 9 0.046394795 
874 12 6 8 0.0461612 
13 718 4 7 0.046102498 
481 163 6 11 0.04539116 
518 593 8 10 0.045171846 
247 517 6 7 0.045145676 
184 234 7 14 0.044912823 
462 715 5 8 0.044867642 
269 718 4 7 0.044788294 
748 85 6 11 0.04464226 
947 10 7 12 0.044309635 
757 86 6 11 0.04422817 
128 8 5 6 0.044106178 
95 544 6 7 0.04363931 
594 593 8 11 0.04307242 
663 522 8 10 0.043052945 
231 59 4 6 0.043021232 
885 16 10 11 0.04257466 
232 8 4 5 0.042453308 
8 529 6 10 0.04240817 
515 649 9 11 0.04239349 
449 593 9 8 0.042348314 
842 35 9 12 0.04222739 
613 540 8 10 0.04222042 
710 669 8 8 0.041994147 
418 88 7 10 0.041628715 
101 109 9 13 0.041610673 
563 572 9 12 0.041425902 
367 721 6 8 0.041401915 
1009 696 4 8 0.04130343 
714 522 9 11 0.04126035 
507 16 11 13 0.0409136 
36 744 7 10 0.040813353 
537 671 4 6 0.0407727 
281 40 4 5 0.04071224 
33 740 7 11 0.040679257 
949 38 6 8 0.04063921 
62 94 8 11 0.04053749 
245 12 5 7 0.040500585 
143 36 5 7 0.040467713 
907 34 8 9 0.040410955 
263 113 5 7 0.04036822 
245 2 5 5 0.040342286 
358 12 5 6 0.04017009 
587 621 10 10 0.040147692 
133 8 5 6 0.040110454 
224 42 7 11 0.03995183 
301 696 7 7 0.039929345 
113 733 6 11 0.039900433 
455 573 11 12 0.03989163 
194 689 7 9 0.039844573 
250 718 4 6 0.03961739 
169 64 6 7 0.03954202 
483 536 11 12 0.039536897 
224 59 5 6 0.039512713 
320 63 5 7 0.039399806 
223 742 6 9 0.03936682 
95 37 6 8 0.039158434 
255 694 7 8 0.039008934 
313 14 4 6 0.038980942 
939 11 6 10 0.038689915 
462 722 6 9 0.038596116 
263 42 7 10 0.038575977 
399 113 6 11 0.03851663 
242 541 7 7 0.038468566 
63 699 9 13 0.038395885 
8 693 6 10 0.038226087 
628 563 12 13 0.038042195 
251 68 6 9 0.037973482 
27 18 4 9 0.037789326 
122 639 5 8 0.037728176 
401 544 11 10 0.037618227 
262 750 10 13 0.037479457 
606 480 8 8 0.037435275 
172 7 6 7 0.037336033 
64 691 6 7 0.037315153 
25 710 5 7 0.037232127 
626 36 7 11 0.037117172 
263 16 6 9 0.037038013 
552 593 6 7 0.03695782 
870 12 6 8 0.03671157 
276 490 9 10 0.036547408 
937 5 5 8 0.036509432 
391 11 5 7 0.036496695 
257 85 4 6 0.03639541 
823 745 8 19 0.036376115 
101 727 7 12 0.03633569 
1 113 5 15 0.036310483 
938 37 7 9 0.036275376 
487 153 5 9 0.036185496 
263 516 5 6 0.036119867 
212 742 5 7 0.03607494 
257 568 6 7 0.03607146 
633 85 8 14 0.03594138 
776 12 6 7 0.035669524 
302 747 7 9 0.03554119 
211 717 6 7 0.035521224 
251 38 4 7 0.03546315 
774 267 27 44 0.035447475 
551 669 6 7 0.035342813 
267 39 4 6 0.03531241 
641 41 8 12 0.035279557 
279 593 6 9 0.03525588 
682 616 9 11 0.035136502 
151 566 8 9 0.035118934 
148 536 9 12 0.03508568 
679 722 6 8 0.035021007 
703 11 7 9 0.034931693 
353 11 4 7 0.0348493 
229 592 7 9 0.034760933 
229 529 7 9 0.03472341 
337 43 7 9 0.03468242 
126 696 6 7 0.03467062 
212 12 5 7 0.03460879 
925 521 24 30 0.034535173 
385 161 6 11 0.034428127 
184 727 6 8 0.034342937 
1 678 4 7 0.034339853 
174 722 6 8 0.03420252 
220 36 4 6 0.03417262 
262 589 6 7 0.034074407 
135 642 9 12 0.0339279 
846 13 7 8 0.03386963 
813 79 40 48 0.033864625 
7 702 5 11 0.0338645 
166 1 5 5 0.033838093 
0 101 4 10 0.033780497 
91 36 7 9 0.033757437 
127 734 6 9 0.033716645 
73 34 5 7 0.033673253 
123 743 5 7 0.033618104 
767 11 5 8 0.033584587 
412 112 5 9 0.03356345 
870 37 7 9 0.033530816 
390 8 4 5 0.03336357 
96 7 6 7 0.03333999 
539 617 7 10 0.033276733 
101 33 5 7 0.033219557 
726 586 8 11 0.033216532 
346 11 5 7 0.03311569 
822 32 6 7 0.033109374 
81 736 6 8 0.0331011 
267 136 9 11 0.033052266 
211 7 5 5 0.03303446 
907 39 10 13 0.032911953 
75 715 6 10 0.032889135 
105 605 8 10 0.03287967 
623 16 9 12 0.03283273 
46 641 7 11 0.03280399 
279 596 9 14 0.032737896 
941 479 30 37 0.03272847 
185 723 6 8 0.0326821 
25 717 6 9 0.0326788 
407 543 11 8 0.032647718 
71 7 5 7 0.03263891 
166 664 6 8 0.032636456 
258 542 6 7 0.03239122 
262 24 6 8 0.032308113 
933 16 8 13 0.03217491 
112 726 7 13 0.03210221 
245 17 5 9 0.032065034 
381 722 8 10 0.03206351 
96 736 6 9 0.032059945 
333 590 7 12 0.03197603 
270 726 6 9 0.031944655 
280 42 5 8 0.031878777 
700 572 12 12 0.03184971 
590 538 6 7 0.031824 
110 39 5 6 0.03181758 
362 747 7 10 0.031774204 
35 676 7 10 0.031761445 
554 622 9 12 0.031697493 
243 38 4 6 0.03168526 
49 749 14 22 0.031684957 
249 17 5 9 0.03167228 
512 89 6 8 0.031636003 
125 716 6 10 0.031616878 
69 671 8 11 0.031613383 
76 19 6 8 0.03157526 
866 94 9 12 0.031545877 
251 64 5 6 0.031488936 
6 678 4 7 0.03137951 
40 18 5 10 0.03132118 
471 582 11 11 0.031305388 
426 748 8 13 0.03130228 
813 16 7 8 0.03127533 
702 17 8 12 0.031188212 
208 43 7 9 0.031167768 
0 12 3 9 0.031164426 
551 590 5 7 0.031142952 
288 13 6 7 0.031136086 
306 13 6 6 0.03111054 
933 569 22 22 0.031064328 
439 747 7 11 0.03100878 
331 726 7 9 0.030913962 
200 617 6 11 0.03088884 
292 721 6 8 0.030857481 
738 109 5 8 0.030854193 
217 741 6 9 0.03077623 
269 112 4 7 0.03076801 
256 89 5 7 0.030707376 
189 743 6 7 0.030693173 
90 736 6 8 0.030681543 
469 572 12 11 0.03057158 
78 24 5 7 0.03056907 
99 731 8 14 0.03056026 
40 109 5 8 0.030438494 
960 34 7 12 0.030437523 
767 542 7 8 0.030401142 
86 714 9 13 0.030394508 
179 727 7 9 0.030357711 
75 721 5 9 0.030347005 
664 566 7 9 0.03029646 
225 544 6 6 0.030279106 
50 17 5 9 0.030242907 
345 159 5 8 0.030155886 
244 33 4 6 0.03009973 
95 647 12 16 0.030033164 
0 716 5 8 0.030017339 
6 709 5 9 0.02999245 
152 575 8 9 0.02995501 
97 597 8 13 0.02994448 
4 625 6 10 0.029895956 
386 117 9 15 0.029882988 
761 594 7 9 0.029830296 
729 90 8 14 0.029824575 
371 13 5 6 0.029802348 
913 597 41 36 0.02979598 
15 644 5 9 0.02965651 
428 592 8 9 0.029596254 
830 560 8 9 0.029584693 
857 43 8 10 0.029544782 
167 67 8 9 0.029537026 
328 85 10 13 0.029518204 
910 89 4 7 0.029468862 
51 666 8 13 0.029457953 
684 540 8 11 0.029433578 
718 117 8 13 0.029404493 
51 12 4 7 0.02935243 
451 7 9 8 0.029347926 
213 292 7 12 0.029344369 
136 720 6 11 0.029322611 
232 11 4 7 0.029296424 
345 735 5 7 0.029283157 
90 740 7 10 0.029249925 
87 599 8 11 0.029217422 
0 656 5 10 0.029215278 
109 722 5 9 0.029181523 
134 736 5 7 0.02917517 
710 7 5 6 0.029151909 
843 90 5 7 0.029141394 
946 11 14 23 0.02908459 
1010 702 4 7 0.029044826 
148 64 4 5 0.029021168 
950 601 12 15 0.029020375 
64 683 6 10 0.02901202 
472 527 10 10 0.029005863 
57 690 5 7 0.029004926 
599 543 7 8 0.028988885 
207 695 5 8 0.028980402 
4 601 6 10 0.028976183 
823 740 6 12 0.028936531 
360 742 5 7 0.02880324 
103 722 6 10 0.028762465 
139 696 6 9 0.028753795 
39 720 6 9 0.028749641 
272 538 6 8 0.028722333 
914 41 9 13 0.028709738 
528 87 8 12 0.028700674 
58 686 4 7 0.028687146 
927 15 7 14 0.028684072 
497 582 7 8 0.028662361 
104 63 5 6 0.028644914 
215 726 7 10 0.028574513 
259 468 13 10 0.028563729 
33 711 4 7 0.028544562 
576 514 7 9 0.028540531 
777 88 5 8 0.028532378 
663 518 7 9 0.028519196 
785 88 6 9 0.02848748 
840 89 5 7 0.028438646 
302 722 6 7 0.028416878 
702 599 9 14 0.02841255 
668 40 9 15 0.028408498 
219 44 5 8 0.028395157 
545 589 4 7 0.028388305 
273 695 7 7 0.028355373 
461 733 6 8 0.028296027 
882 32 8 10 0.028278386 
64 22 5 9 0.028262492 
129 18 6 9 0.028251616 
470 568 10 10 0.028234238 
114 13 5 7 0.02816244 
178 18 5 7 0.028094206 
678 725 6 10 0.028035965 
650 567 8 9 0.028022062 
215 592 7 9 0.02800539 
193 735 5 7 0.02798919 
410 745 7 13 0.027986893 
153 491 4 6 0.027964026 
487 158 6 12 0.027946146 
0 17 2 8 0.027895544 
294 743 5 8 0.027889352 
719 696 6 10 0.027858213 
903 36 8 9 0.027850475 
365 7 4 5 0.027816206 
223 616 6 8 0.027798638 
199 676 6 7 0.027774924 
1033 678 14 27 0.027773436 
314 695 6 7 0.027764084 
331 165 5 10 0.027733017 
0 55 4 10 0.027732499 
658 581 9 11 0.027728675 
466 722 5 9 0.027701287 
484 527 11 11 0.027634235 
51 515 6 7 0.027625717 
135 695 6 7 0.027621672 
315 62 5 8 0.027597846 
544 594 5 7 0.027581675 
354 93 11 14 0.027576242 
342 161 4 7 0.027575506 
207 727 5 10 0.02756109 
489 591 10 10 0.027535748 
76 729 6 10 0.027527988 
7 716 4 7 0.027494438 
386 7 5 6 0.027491234 
1012 712 4 5 0.027470702 
401 98 8 14 0.027422385 
248 12 5 7 0.027399505 
645 73 10 13 0.027379042 
127 743 5 6 0.02735056 
683 516 6 9 0.027325982 
409 538 9 8 0.027317436 
113 721 6 10 0.02730856 
94 546 8 11 0.027305469 
582 593 5 8 0.027268847 
282 695 7 7 0.027231978 
226 720 5 8 0.027051803 
590 593 6 8 0.027046593 
0 5 3 9 0.027038418 
456 31 17 20 0.026990347 
532 156 8 14 0.02695636 
44 606 4 7 0.026942113 
1020 710 4 7 0.026919685 
337 38 7 8 0.026847536 
134 64 5 7 0.026821032 
526 644 6 7 0.02681772 
209 48 7 9 0.026813429 
294 623 9 12 0.026755512 
766 6 5 7 0.026735784 
57 592 6 10 0.026717836 
269 734 6 8 0.02671033 
619 489 9 9 0.026697366 
558 556 5 7 0.02667019 
162 2 5 5 0.026651364 
83 727 6 10 0.026645344 
6 684 4 8 0.026639577 
466 159 6 11 0.026635021 
186 1 5 6 0.026626874 
840 93 8 10 0.026596379 
772 749 10 14 0.026586998 
762 2 5 5 0.02653999 
284 63 5 7 0.026500406 
57 734 7 11 0.026493369 
83 612 7 10 0.026411824 
321 742 6 9 0.02640351 
353 8 4 5 0.02638953 
689 666 6 8 0.02637784 
154 593 8 10 0.02636665 
77 517 5 7 0.02634363 
619 88 6 8 0.026329791 
388 163 6 11 0.026312144 
94 32 6 8 0.026299896 
698 17 7 13 0.026289536 
825 15 8 10 0.026216254 
408 92 7 14 0.026039394 
43 63 5 8 0.026027452 
611 693 9 11 0.025934163 
557 563 6 7 0.025922114 
692 18 6 11 0.025919937 
197 726 6 10 0.025913484 
267 13 6 8 0.025912363 
8 594 4 7 0.025912039 
697 117 16 27 0.025889348 
829 558 4 6 0.025888702 
398 99 14 25 0.025849817 
589 588 6 9 0.025844015 
1021 702 5 9 0.025842853 
363 743 5 7 0.025804492 
83 719 8 11 0.025772236 
243 747 6 10 0.025751574 
494 581 7 7 0.025673354 
814 89 8 9 0.025584696 
709 11 6 8 0.025556821 
741 87 14 24 0.025528332 
776 5 5 7 0.025435014 
64 32 4 7 0.025385521 
255 157 19 26 0.02533872 
789 78 4 5 0.025317736 
1 601 4 10 0.025301555 
310 618 8 10 0.025296161 
916 612 21 22 0.025286982 
2 646 5 11 0.02522563 
73 717 5 9 0.025225518 
229 544 6 7 0.025202377 
123 733 6 11 0.02520002 
245 6 5 7 0.02519752 
13 700 6 12 0.02519247 
565 670 5 7 0.025191989 
18 678 6 8 0.02517416 
301 69 5 6 0.025169563 
236 12 5 7 0.025125153 
710 21 6 11 0.025076203 
75 32 6 9 0.025070982 
0 684 4 8 0.025066571 
820 37 6 7 0.025047151 
237 111 4 5 0.025023298 
591 517 5 7 0.024995109 
5 631 5 10 0.02498655 
140 743 5 6 0.02487599 
302 692 7 7 0.024838863 
224 48 6 8 0.024817493 
0 125 5 11 0.024811678 
256 575 7 8 0.024795048 
130 43 8 11 0.024770021 
545 671 5 6 0.02476713 
113 17 7 11 0.024765432 
346 8 4 6 0.024757717 
112 619 15 20 0.024748439 
90 747 7 9 0.024711085 
123 747 5 7 0.024685536 
280 753 7 11 0.024662308 
982 49 11 17 0.024647305 
699 666 6 7 0.024626428 
204 723 5 7 0.024623066 
149 746 6 8 0.024592884 
29 112 7 11 0.024557156 
1009 693 4 6 0.024523197 
869 41 9 10 0.024507467 
670 85 8 12 0.0244998 
967 16 8 10 0.024483474 
229 43 6 10 0.02440073 
294 37 5 6 0.024294458 
88 142 10 15 0.024280326 
569 618 6 8 0.024275284 
359 8 4 5 0.024256255 
895 11 7 7 0.024222335 
153 12 5 6 0.024222167 
306 695 6 7 0.024221975 
827 561 6 7 0.024104122 
1019 19 7 16 0.024102855 
119 718 14 21 0.02408208 
902 41 8 11 0.024081979 
249 542 5 6 0.024032267 
373 736 4 6 0.024025965 
249 1 4 5 0.024010213 
354 666 4 6 0.023996932 
375 112 6 10 0.023983652 
263 33 5 7 0.02394773 
112 754 10 15 0.023945065 
109 42 7 9 0.023900636 
32 17 5 9 0.02387658 
12 740 7 11 0.023803812 
646 741 7 11 0.02380013 
825 87 7 9 0.023780305 
301 8 5 7 0.023708178 
1 710 4 10 0.023706364 
95 626 82 85 0.02370486 
26 23 5 9 0.023650436 
51 718 9 13 0.0236315 
578 721 7 8 0.023613099 
148 727 7 10 0.023580216 
257 516 5 6 0.023572473 
18 597 8 12 0.023561053 
511 722 6 7 0.023513958 
216 736 6 9 0.023486633 
371 7 4 4 0.02346864 
164 743 6 8 0.02344578 
597 549 10 10 0.02342982 
256 114 5 6 0.023413973 
5 108 5 10 0.023389732 
143 13 4 5 0.023360906 
565 619 5 7 0.023360334 
192 13 7 6 0.023248048 
922 669 6 8 0.023236576 
41 12 14 22 0.023218026 
193 7 5 5 0.023192916 
245 25 5 8 0.023182034 
508 537 9 11 0.023159645 
717 542 6 9 0.023157531 
231 94 5 7 0.023156712 
20 683 5 9 0.02311819 
508 695 5 8 0.023100797 
12 18 4 8 0.023093171 
695 38 9 15 0.02306431 
32 683 8 13 0.023058305 
43 717 5 8 0.0230502 
775 2 5 6 0.022994783 
251 33 3 6 0.022987645 
283 721 6 9 0.022962201 
659 586 12 12 0.022932142 
206 717 5 7 0.02292351 
594 572 8 12 0.022892442 
884 7 8 8 0.022846302 
761 21 6 13 0.022836572 
37 670 5 9 0.02280537 
403 592 11 11 0.02279708 
206 469 6 6 0.022795519 
562 537 30 36 0.022784531 
123 696 6 7 0.022734996 
52 115 6 11 0.022732979 
126 639 6 9 0.022717547 
307 65 4 6 0.022694167 
230 720 5 9 0.022693833 
74 731 16 24 0.02267936 
301 16 7 8 0.022669828 
351 672 6 7 0.022651091 
785 88 16 23 0.022639882 
543 607 5 8 0.022616558 
691 515 7 8 0.022610888 
40 33 5 8 0.022607736 
334 64 4 6 0.022590294 
322 12 5 6 0.022584802 
422 187 7 14 0.022536643 
236 59 4 6 0.022525527 
364 12 5 6 0.02251429 
44 720 6 10 0.022512952 
397 12 5 6 0.022482831 
51 707 16 23 0.02245418 
13 5 5 8 0.022419369 
391 751 8 14 0.02237172 
322 620 68 79 0.022356229 
232 25 5 8 0.022337308 
341 165 4 9 0.022330541 
231 49 5 7 0.022328395 
8 4 5 8 0.02230505 
1020 683 5 9 0.02230331 
172 592 10 11 0.022286374 
50 25 5 8 0.022245504 
482 573 11 11 0.02221553 
0 690 3 8 0.022198336 
21 708 5 8 0.022179514 
29 67 7 11 0.022176512 
82 672 10 11 0.022171116 
260 485 19 18 0.022165556 
36 688 7 11 0.022146115 
913 30 8 9 0.022141578 
631 91 8 15 0.02213206 
319 68 6 8 0.022124007 
609 541 8 8 0.022109108 
716 518 6 9 0.02210414 
152 580 8 9 0.022101454 
249 722 5 7 0.022097653 
432 613 12 10 0.022097174 
25 662 7 11 0.022040453 
440 614 7 7 0.022009648 
116 6 5 6 0.022007843 
273 722 5 9 0.022005556 
683 651 8 10 0.021961411 
487 147 4 8 0.021944681 
169 18 6 8 0.021940827 
903 28 17 22 0.02193401 
379 697 7 7 0.021921119 
189 594 11 15 0.021908017 
82 32 6 9 0.02189555 
327 722 6 7 0.021879634 
256 747 6 9 0.02182694 
857 39 6 7 0.021810634 
192 474 5 5 0.021801751 
159 574 7 9 0.021762202 
200 567 7 7 0.02175923 
18 565 8 10 0.021736553 
563 564 5 7 0.021716725 
51 739 9 13 0.02166175 
882 11 18 20 0.021646304 
760 30 6 11 0.021641126 
265 594 8 9 0.021640548 
1007 693 4 6 0.021584844 
765 92 9 15 0.021578021 
185 5 6 7 0.021568043 
1 625 4 10 0.021555373 
430 6 5 6 0.021526594 
574 665 7 9 0.021508576 
193 722 6 8 0.021505488 
968 6 5 7 0.021492628 
45 8 4 6 0.021485392 
24 742 7 9 0.021470912 
136 743 4 6 0.021467952 
467 155 3 6 0.021466611 
386 114 6 9 0.021460714 
728 528 7 8 0.021456456 
1019 9 7 13 0.021453641 
271 487 20 18 0.02142766 
296 7 4 5 0.021393474 
197 13 5 7 0.021374155 
749 541 6 8 0.021373592 
219 34 4 5 0.0213626 
67 528 32 47 0.021342667 
231 111 5 6 0.021339796 
39 711 4 8 0.021331703 
797 18 8 9 0.021302562 
171 43 6 9 0.021296771 
96 728 5 9 0.02129294 
168 34 5 7 0.02128827 
339 272 47 78 0.021287315 
819 43 7 7 0.02128294 
372 742 6 8 0.021273486 
80 744 7 11 0.021250991 
333 162 4 6 0.021237671 
334 582 5 8 0.021236362 
683 547 8 13 0.021233032 
42 90 4 6 0.021229804 
622 593 6 10 0.021222882 
237 96 4 6 0.021202195 
938 14 8 14 0.021192282 
164 670 6 8 0.021178318 
9 18 4 7 0.021173079 
160 581 7 8 0.02114431 
671 668 8 9 0.021118654 
756 1 5 5 0.021100456 
709 656 7 9 0.021084908 
849 22 8 10 0.021082528 
433 591 10 10 0.021080948 
278 40 4 5 0.021070246 
788 82 6 8 0.021053884 
428 190 7 11 0.021052223 
76 689 9 10 0.02101256 
8 12 4 8 0.021010008 
594 589 7 9 0.020988556 
67 696 8 10 0.020980423 
7 25 5 9 0.020975154 
237 542 7 8 0.020972991 
33 664 6 10 0.02096401 
413 84 15 25 0.020941611 
0 36 4 10 0.020922711 
734 88 12 22 0.02091005 
286 695 7 8 0.020897172 
950 41 8 11 0.020874895 
935 32 6 10 0.020870797 
577 594 5 7 0.020828083 
456 741 5 8 0.020827567 
664 535 8 10 0.020799639 
730 523 8 9 0.020789817 
219 59 5 5 0.02076617 
343 742 6 8 0.020764293 
211 18 6 8 0.020755116 
402 538 8 8 0.020753788 
246 522 9 10 0.020746289 
39 59 5 8 0.020727238 
659 573 7 10 0.020692552 
232 31 5 7 0.020682802 
52 32 4 8 0.020680591 
109 717 6 8 0.02067738 
23 726 7 11 0.020671044 
496 575 7 9 0.020664122 
116 638 7 8 0.020610508 
344 89 6 8 0.020540468 
50 491 5 6 0.020530432 
1021 696 4 9 0.020524038 
692 4 6 8 0.02051144 
173 516 7 9 0.020497102 
482 87 8 12 0.020490708 
971 12 7 10 0.02048091 
699 721 5 7 0.02047952 
249 696 5 7 0.020477302 
314 718 6 6 0.020475863 
215 205 7 7 0.020458277 
588 162 7 14 0.020451812 
728 35 9 11 0.020449461 
482 567 11 11 0.02044243 
957 16 7 12 0.020407882 
20 710 15 24 0.020403218 
219 1 4 5 0.020386001 
964 34 7 12 0.020361856 
728 745 9 13 0.020349793 
385 12 5 6 0.020336237 
17 694 6 9 0.020332363 
430 516 5 6 0.020327605 
1004 20 8 14 0.020307407 
219 746 7 11 0.020305729 
209 692 5 7 0.020288087 
186 752 8 11 0.020280218 
167 42 6 9 0.020276655 
44 614 5 8 0.020274231 
58 36 5 8 0.020273523 
447 615 6 6 0.020240415 
250 568 6 6 0.0202379 
560 593 6 8 0.020237245 
1013 716 4 6 0.020226175 
609 27 74 90 0.02021313 
141 94 6 9 0.020187907 
475 720 6 9 0.020176468 
140 583 9 9 0.020150531 
374 46 10 13 0.020145318 
85 609 5 8 0.020144945 
175 541 10 11 0.020141903 
275 496 10 8 0.020131968 
832 89 5 7 0.020131322 
212 736 6 8 0.020121763 
222 12 5 7 0.020087793 
347 59 6 7 0.02004074 
925 37 8 10 0.020033618 
120 632 6 8 0.020030167 
286 692 6 7 0.020023966 
692 12 6 8 0.020021588 
484 180 8 17 0.020021172 
1006 712 3 6 0.020011734 
50 733 8 12 0.020007635 
493 568 7 8 0.02000613 
