0_Parade_marchingband_1_649
253
175 282 41 50 0.9998493 
293 281 43 60 0.99962246 
23 198 38 48 0.99947447 
5 126 27 36 0.9994154 
906 178 24 29 0.9992324 
245 189 42 49 0.999231 
940 207 42 44 0.99922574 
248 145 30 32 0.9992079 
701 288 36 51 0.9991381 
894 319 40 51 0.9990339 
859 152 32 38 0.99903107 
798 282 37 55 0.9988926 
341 118 29 37 0.9988213 
702 172 25 34 0.9987501 
555 79 36 50 0.9985098 
761 152 28 32 0.9980698 
103 137 27 30 0.9980275 
662 213 36 47 0.9978142 
409 86 38 42 0.9976221 
649 145 31 38 0.99745315 
54 121 31 34 0.99726874 
813 202 37 45 0.9958768 
969 151 33 39 0.99440634 
132 229 37 53 0.9942967 
490 124 35 43 0.9919878 
529 130 31 37 0.9653327 
151 119 17 39 0.95852935 
836 179 21 27 0.91553426 
234 156 18 27 0.7161537 
790 167 18 29 0.5415233 
765 452 23 27 0.39655238 
790 366 22 41 0.30973572 
842 367 17 44 0.2768129 
170 111 20 26 0.2740522 
569 429 8 13 0.27302143 
289 453 35 33 0.2654901 
148 157 12 23 0.18806776 
668 449 21 24 0.16411388 
457 523 9 8 0.1297129 
547 482 8 14 0.12118524 
798 171 20 33 0.10437046 
598 434 7 11 0.10015696 
537 447 6 8 0.099093825 
335 455 25 24 0.09882663 
552 172 25 33 0.097605176 
376 427 6 11 0.08942413 
441 510 8 11 0.08786811 
434 490 6 8 0.0870194 
564 420 4 7 0.08309041 
618 424 20 26 0.08114994 
485 364 5 7 0.08085113 
832 321 21 44 0.076211326 
92 150 12 15 0.07592718 
116 439 27 41 0.074916095 
790 153 18 27 0.07474006 
662 454 16 25 0.07401467 
571 422 4 7 0.07200318 
504 415 7 10 0.071825385 
552 437 4 6 0.06843782 
446 516 7 9 0.06784784 
638 418 9 11 0.06626511 
796 457 36 38 0.06622974 
466 524 8 8 0.06607179 
545 562 7 7 0.06452541 
141 341 9 18 0.0631761 
6 426 7 16 0.059553027 
454 391 5 8 0.059485517 
202 135 13 34 0.059213415 
564 445 7 10 0.05842392 
467 519 6 6 0.058156244 
803 162 11 17 0.057479262 
530 435 6 9 0.057440743 
299 168 10 17 0.057053335 
448 322 6 13 0.05502242 
259 462 14 15 0.054952372 
602 445 9 11 0.054768816 
632 419 9 12 0.054213677 
474 379 3 5 0.05363258 
459 521 6 6 0.05352233 
492 517 8 9 0.05344811 
824 173 24 25 0.05103514 
131 447 23 35 0.050915442 
824 175 12 15 0.04927938 
464 535 9 10 0.048043616 
939 524 30 26 0.047420815 
534 448 5 8 0.046273246 
464 528 11 9 0.046182692 
731 452 23 24 0.044826724 
164 122 19 28 0.0441877 
638 425 10 13 0.043506008 
94 140 19 24 0.04346957 
474 381 4 8 0.043181863 
469 383 4 7 0.042647142 
486 518 8 8 0.042407304 
556 435 4 7 0.042326115 
624 424 11 13 0.04161773 
814 175 20 24 0.03979329 
993 418 47 86 0.03866786 
148 137 16 33 0.03853687 
323 474 13 14 0.03852828 
372 497 8 10 0.038423527 
449 376 6 12 0.03788915 
629 425 20 24 0.03771184 
204 469 30 24 0.036584333 
733 108 26 32 0.036387865 
543 445 5 9 0.036320996 
550 468 8 14 0.036189385 
632 517 9 12 0.036167976 
555 439 5 8 0.036028292 
616 209 18 32 0.035797637 
716 172 21 26 0.035697795 
548 503 8 10 0.034654222 
105 512 40 37 0.034243416 
460 357 4 8 0.033774488 
460 363 4 8 0.033745117 
447 523 8 8 0.033610314 
543 421 4 8 0.033308845 
465 541 9 10 0.033199813 
924 248 11 17 0.032724697 
111 367 10 18 0.032658927 
454 382 4 8 0.032629214 
447 327 6 14 0.032298278 
545 435 4 6 0.032248978 
569 417 3 6 0.032078374 
486 359 4 7 0.031945486 
808 179 13 19 0.031764455 
488 388 6 10 0.031675886 
608 413 6 11 0.031517528 
994 428 23 44 0.031353626 
639 538 7 8 0.031161318 
377 425 5 7 0.031120868 
460 350 5 9 0.031115778 
688 465 19 27 0.030973272 
201 441 31 37 0.030811446 
628 405 370 300 0.030784875 
556 452 4 7 0.030537453 
544 557 8 8 0.0304888 
538 428 5 8 0.030026393 
555 447 6 9 0.029877195 
453 376 5 9 0.029584033 
391 427 5 8 0.029534109 
385 428 5 7 0.029333184 
460 345 4 7 0.029179621 
469 447 4 6 0.028773429 
575 423 4 7 0.028713804 
786 240 8 14 0.028631257 
514 398 4 6 0.028615955 
679 457 20 28 0.028259262 
479 382 4 8 0.028237266 
566 435 9 14 0.028071119 
872 516 21 26 0.027995063 
373 492 7 9 0.027990462 
190 137 9 21 0.027966699 
543 427 5 8 0.027718298 
955 20 4 5 0.027557123 
397 410 4 6 0.027506372 
810 162 9 16 0.027504608 
672 333 32 49 0.027487526 
554 465 6 11 0.027427742 
487 343 4 8 0.02709751 
828 281 30 52 0.027063414 
532 429 4 7 0.026871724 
304 467 28 25 0.02685897 
546 453 4 6 0.026763579 
180 126 16 29 0.02673787 
564 433 6 9 0.026568197 
439 505 16 21 0.026554205 
716 456 24 23 0.026189841 
543 397 4 5 0.026181178 
372 431 8 12 0.026177106 
967 61 5 4 0.026168998 
591 93 10 17 0.026167655 
457 363 4 8 0.026165638 
470 378 4 6 0.026153263 
558 429 4 6 0.026142783 
481 520 6 6 0.026065106 
493 344 4 8 0.026063057 
471 525 6 7 0.025852345 
537 515 9 11 0.025832297 
984 220 34 48 0.025708439 
538 433 4 8 0.025323767 
569 451 7 9 0.025168935 
459 529 10 8 0.02514477 
386 422 4 7 0.025101896 
609 410 6 9 0.0249841 
560 422 3 5 0.024879714 
2 397 3 7 0.024822006 
327 471 14 12 0.024773212 
436 510 6 10 0.0247001 
513 401 5 8 0.024646193 
86 134 10 15 0.024644049 
455 368 5 11 0.024281265 
493 349 5 10 0.024241012 
602 421 5 8 0.024212334 
519 397 3 6 0.024055418 
6 402 4 6 0.024040526 
551 452 5 7 0.023910165 
549 498 6 8 0.023842335 
746 450 17 26 0.023694567 
141 321 18 32 0.023662241 
564 429 5 7 0.023607036 
631 431 9 12 0.023535214 
917 637 11 12 0.023509972 
511 497 7 9 0.023509283 
753 162 19 29 0.023483785 
744 5 3 5 0.023369927 
535 400 73 88 0.023369499 
492 396 4 7 0.023126723 
451 513 17 18 0.023034416 
632 5 7 6 0.022938868 
487 370 4 7 0.02293487 
750 6 4 5 0.02275047 
543 441 6 8 0.022739353 
478 389 5 10 0.02272635 
472 447 6 7 0.022522666 
506 493 6 8 0.022348141 
1027 526 17 31 0.022332422 
537 441 7 9 0.022313558 
480 523 7 7 0.02230425 
309 158 20 29 0.0223019 
392 411 3 5 0.02225087 
696 474 19 23 0.02216518 
559 417 4 6 0.021984944 
457 358 3 7 0.021948213 
552 447 5 9 0.02183187 
395 426 6 11 0.021827605 
601 428 5 9 0.02178921 
825 183 25 37 0.021786904 
557 402 4 6 0.021741705 
463 157 19 30 0.021712707 
527 436 5 9 0.021530537 
738 465 15 16 0.021396069 
437 132 34 41 0.021361953 
292 164 9 12 0.021195136 
457 344 3 7 0.021192214 
449 364 4 7 0.02117866 
494 375 5 9 0.02116496 
897 503 28 35 0.021053586 
613 452 7 10 0.021010676 
-42 350 363 353 0.020973556 
361 482 11 15 0.020898256 
966 484 33 44 0.020751644 
750 12 3 6 0.02069802 
430 318 5 9 0.020612825 
352 418 8 13 0.020525493 
493 513 6 8 0.02049475 
605 440 8 11 0.020411678 
546 531 13 13 0.020309 
3 425 15 30 0.020286888 
140 474 19 28 0.020161677 
541 398 3 5 0.020156058 
455 530 21 19 0.020131677 
72 367 7 12 0.02004704 
