0_Parade_Parade_0_376
162
635 205 27 38 0.9888487 
771 150 35 64 0.9875022 
392 196 40 81 0.9862114 
466 136 11 20 0.9214602 
343 255 22 35 0.8894133 
919 156 26 44 0.8862501 
146 267 22 44 0.8652033 
537 225 23 52 0.50624144 
480 154 9 16 0.4449262 
986 16 22 27 0.44447324 
413 148 9 14 0.3328098 
195 595 41 73 0.2997632 
491 161 9 15 0.26894045 
421 165 10 15 0.24181385 
486 138 9 14 0.22594157 
428 146 8 16 0.17421211 
463 164 11 20 0.13983157 
873 304 8 14 0.13890164 
990 233 8 14 0.13860045 
436 166 9 15 0.1349521 
407 158 10 17 0.12784299 
-13 -24 304 308 0.11271939 
281 223 34 28 0.11265785 
152 252 30 50 0.1107166 
490 144 9 13 0.10933611 
428 142 7 11 0.1086141 
606 123 25 21 0.10604716 
502 207 8 17 0.10519859 
451 174 9 17 0.10387899 
295 236 26 33 0.0937635 
531 261 17 42 0.09217247 
465 236 14 30 0.08493057 
685 209 17 29 0.08428405 
495 195 14 27 0.08029466 
163 600 57 83 0.07987206 
434 224 21 43 0.079708 
410 152 9 16 0.07959172 
131 122 14 18 0.07879752 
465 150 8 15 0.07870065 
712 268 39 43 0.07830343 
809 382 86 127 0.071448974 
323 44 8 14 0.06747466 
413 143 7 9 0.06555484 
968 233 9 16 0.06112637 
760 198 18 36 0.060983457 
461 159 8 15 0.060488768 
446 143 10 16 0.060187556 
425 157 9 14 0.05969185 
425 174 10 15 0.05622593 
866 204 24 25 0.05617093 
437 207 12 19 0.05550655 
503 171 8 13 0.05424109 
597 414 20 31 0.05411407 
169 259 22 33 0.053898253 
433 145 8 14 0.04785862 
323 39 6 11 0.04694532 
420 147 13 21 0.04692196 
688 191 11 13 0.046799753 
984 235 11 14 0.04608351 
668 206 10 19 0.045829926 
201 432 296 436 0.045396324 
981 240 11 15 0.041485693 
945 247 11 17 0.040922042 
837 481 29 29 0.040584017 
319 21 5 7 0.03995216 
412 216 35 61 0.039604176 
258 216 71 62 0.038886126 
743 516 13 12 0.038679097 
496 183 29 47 0.03856428 
90 297 31 49 0.038308848 
486 192 16 31 0.038226865 
542 189 10 13 0.038200438 
955 323 18 34 0.037912484 
984 627 37 45 0.037248336 
490 152 9 15 0.037056286 
441 142 8 13 0.03686737 
219 587 38 79 0.035423543 
9 172 12 20 0.035017718 
631 201 11 19 0.03495971 
657 203 17 28 0.034669284 
473 149 8 14 0.033576664 
929 143 26 43 0.033521295 
498 169 8 15 0.033430517 
109 284 29 51 0.033127338 
383 232 25 46 0.03282684 
371 276 33 56 0.032267854 
417 167 16 27 0.031284202 
536 227 9 20 0.031051641 
321 33 5 10 0.030869648 
171 278 21 42 0.029191302 
548 216 10 20 0.028396387 
266 229 28 34 0.028218333 
712 153 285 420 0.02818732 
370 193 39 69 0.028132135 
1017 21 10 17 0.027889594 
955 0 22 27 0.027389817 
461 196 16 29 0.02737245 
674 227 9 16 0.027200643 
176 255 29 54 0.02698388 
423 141 7 11 0.026453068 
636 204 13 21 0.02633719 
273 212 30 30 0.025502335 
661 586 16 13 0.025306534 
311 241 12 17 0.025204215 
959 598 11 11 0.025196534 
819 609 54 56 0.025084624 
953 149 18 37 0.02500093 
1025 641 17 31 0.024843652 
304 219 27 30 0.02477377 
503 194 9 21 0.024750868 
675 196 10 17 0.024679434 
518 210 49 85 0.024411276 
672 215 15 29 0.024398444 
476 143 15 22 0.024383493 
446 228 9 22 0.024328193 
554 618 16 15 0.024161305 
447 136 6 9 0.023999145 
477 156 16 27 0.023875434 
735 142 16 29 0.023693979 
453 200 8 16 0.023433754 
17 231 10 19 0.023357606 
439 174 11 16 0.02326614 
470 173 30 56 0.023168089 
321 17 4 6 0.02275909 
446 230 20 42 0.02262352 
956 609 43 44 0.022571327 
446 201 9 17 0.022549134 
970 260 21 31 0.022509035 
448 197 17 31 0.02249537 
64 291 19 35 0.02243001 
454 209 31 57 0.022311507 
803 141 31 60 0.022241402 
162 276 12 23 0.022240764 
622 211 24 33 0.022150243 
863 11 30 43 0.022134138 
508 503 28 26 0.022081757 
894 293 5 10 0.021804664 
469 169 9 17 0.021769304 
151 268 10 22 0.021520514 
479 200 8 17 0.021464547 
890 289 6 10 0.021350587 
443 136 5 8 0.02117538 
553 229 20 37 0.02107648 
287 200 30 24 0.020972498 
1018 458 17 26 0.020945096 
477 188 9 21 0.02094483 
151 100 40 47 0.020920675 
964 267 9 15 0.020695616 
718 202 25 31 0.020645233 
946 599 28 25 0.020636875 
471 226 17 34 0.02058147 
66 316 9 17 0.020496614 
931 259 18 33 0.020490345 
704 141 8 10 0.0204712 
74 304 26 35 0.020369614 
745 526 14 14 0.020314278 
945 241 19 35 0.02026309 
486 337 10 14 0.02024142 
126 287 8 16 0.020236455 
933 265 7 12 0.020172257 
177 250 19 28 0.020120334 
482 136 6 10 0.020060502 
