0_Parade_Parade_0_688
384
279 526 21 27 0.9845814 
536 462 16 21 0.9814556 
454 531 23 32 0.97678965 
882 523 15 18 0.9340654 
807 526 17 23 0.9146689 
215 541 16 24 0.85204136 
449 502 20 29 0.78365654 
823 534 11 15 0.7740808 
206 551 19 22 0.70584583 
566 540 17 23 0.6785048 
839 531 9 14 0.65386957 
845 570 15 18 0.6025468 
774 536 6 10 0.35841587 
946 531 7 8 0.30403224 
914 535 6 10 0.2904926 
7 583 11 15 0.2214109 
785 546 7 12 0.21716632 
1003 548 9 10 0.2158594 
309 514 11 21 0.21493027 
969 514 6 9 0.1934791 
919 543 8 11 0.17239487 
34 599 11 20 0.15908946 
832 557 8 14 0.15781623 
838 573 8 13 0.15619735 
658 625 21 45 0.14826691 
366 529 8 11 0.14724019 
967 719 21 49 0.12597139 
191 517 6 8 0.123735905 
915 541 8 13 0.120885156 
265 535 10 19 0.11582616 
948 527 5 5 0.106809594 
68 576 11 10 0.104278415 
904 579 15 16 0.10378662 
960 543 6 8 0.10303796 
935 527 4 4 0.10301305 
801 532 10 14 0.100691594 
1017 532 5 7 0.1006438 
335 583 34 35 0.10016507 
56 558 5 6 0.09907434 
779 535 6 9 0.09812056 
440 487 35 59 0.097761594 
776 532 6 9 0.09686415 
3 568 10 12 0.09644898 
1018 535 5 7 0.09557573 
982 600 10 13 0.090633765 
240 537 11 17 0.08664933 
45 574 6 8 0.08645932 
919 537 6 8 0.08527696 
910 525 5 6 0.08284351 
1004 545 6 7 0.07632985 
216 534 10 18 0.07514595 
262 580 22 22 0.07132349 
934 531 5 5 0.07086429 
62 578 11 10 0.070361465 
3 563 7 9 0.0697881 
896 535 8 12 0.06958724 
893 566 12 13 0.069550686 
761 546 6 10 0.06771305 
930 530 5 6 0.067261696 
850 543 5 8 0.06625819 
421 726 10 16 0.06609176 
1001 549 6 8 0.06377282 
930 527 4 5 0.062210202 
275 522 11 17 0.06132065 
59 577 7 7 0.05708436 
420 745 7 11 0.057049986 
910 531 6 8 0.057012815 
27 567 6 7 0.05572917 
975 728 36 43 0.054199703 
794 536 6 10 0.05379552 
1014 532 4 6 0.05350996 
173 525 4 5 0.053443395 
739 483 9 18 0.053166226 
37 587 5 9 0.053144723 
25 563 7 8 0.052754585 
940 527 4 4 0.05264306 
750 585 7 11 0.052361365 
770 538 5 7 0.051931344 
952 533 4 5 0.051621556 
954 537 5 5 0.049394563 
943 532 5 6 0.04878486 
790 546 8 14 0.048404485 
787 536 5 9 0.04838569 
1018 549 6 9 0.04836039 
26 558 5 4 0.04821549 
768 541 7 10 0.047354758 
306 538 9 14 0.045153573 
428 515 6 13 0.044917915 
0 557 5 8 0.044377364 
961 539 4 5 0.043329652 
345 371 9 17 0.04300606 
998 538 4 6 0.042971786 
1 560 6 9 0.0426371 
429 485 3 7 0.041862797 
428 481 3 6 0.041622095 
974 531 6 6 0.041579094 
874 539 10 15 0.040287472 
845 541 6 9 0.039944462 
33 553 4 5 0.03958654 
1014 536 5 5 0.039465886 
836 565 11 16 0.039420314 
204 711 4 6 0.03912685 
673 468 8 15 0.038979083 
858 543 6 10 0.03889064 
925 568 13 12 0.038826413 
31 569 5 7 0.038807567 
993 532 6 7 0.038711205 
1010 734 27 40 0.038469013 
864 568 24 26 0.038453497 
485 749 5 7 0.03766533 
765 547 8 12 0.037520543 
532 509 18 28 0.03734565 
201 711 4 6 0.0372489 
64 551 4 5 0.03719571 
850 548 6 8 0.03683547 
926 548 6 8 0.036387056 
205 685 4 5 0.03572706 
339 685 3 5 0.03568653 
988 603 10 14 0.035619125 
317 477 8 11 0.03561123 
850 538 5 7 0.035559665 
901 530 6 9 0.035480537 
200 685 4 5 0.034993216 
116 513 42 42 0.03487402 
1000 545 5 5 0.034856096 
869 536 10 12 0.034842893 
206 755 5 7 0.03459242 
764 554 10 14 0.03415261 
773 544 8 13 0.034119546 
558 557 8 15 0.034088545 
760 568 6 10 0.03388641 
529 467 13 15 0.03343113 
258 636 4 5 0.033384025 
899 540 10 14 0.033287734 
263 737 4 5 0.03323468 
1019 545 5 7 0.03308375 
994 537 5 6 0.033076737 
956 544 6 7 0.0330553 
252 550 12 18 0.03299999 
32 575 6 7 0.032906584 
269 729 4 6 0.032887675 
1010 545 6 6 0.032813247 
497 473 7 9 0.032710094 
760 561 6 11 0.03200861 
340 476 8 11 0.031841096 
780 542 7 10 0.031784087 
174 520 4 5 0.03177804 
474 458 5 8 0.031772602 
446 754 9 15 0.031746518 
738 505 4 9 0.03167585 
357 487 11 15 0.031604536 
943 535 6 7 0.031509973 
51 551 5 5 0.031501785 
35 592 8 15 0.03140972 
226 544 10 18 0.031244619 
978 518 5 7 0.031151922 
738 530 4 7 0.03091477 
1031 589 16 26 0.03085674 
760 594 6 10 0.030855898 
63 556 5 6 0.030785037 
204 704 4 5 0.030756747 
737 490 8 16 0.030632757 
206 736 3 5 0.030632496 
55 561 7 7 0.030520726 
836 583 12 13 0.030400481 
859 537 4 6 0.030297251 
371 397 9 15 0.03028885 
201 736 3 6 0.030211667 
746 535 7 10 0.030197851 
72 563 5 6 0.030189194 
263 649 3 4 0.03015858 
579 544 10 17 0.03012888 
369 470 20 28 0.030090997 
352 488 8 13 0.029856928 
739 525 17 26 0.029822644 
372 711 3 5 0.029731026 
194 557 21 18 0.029672246 
269 482 5 5 0.029668309 
775 562 6 10 0.02965341 
185 749 5 7 0.029583324 
415 651 7 13 0.029543051 
910 541 7 11 0.029539324 
925 545 6 7 0.029524757 
206 680 3 4 0.029471524 
910 521 5 6 0.02939074 
199 680 3 4 0.029222695 
808 581 17 27 0.02889922 
851 532 5 6 0.028817648 
780 542 14 22 0.02874592 
213 749 4 5 0.028743103 
888 546 9 15 0.028629035 
172 528 5 8 0.028618364 
196 555 11 12 0.028596194 
534 592 17 24 0.02845541 
48 575 7 8 0.028358962 
425 482 4 6 0.028342374 
204 715 5 7 0.028245123 
46 591 8 13 0.028226176 
318 504 7 10 0.028101109 
200 750 4 5 0.027969498 
1008 553 8 9 0.027905194 
831 531 7 11 0.027887745 
276 756 5 7 0.02786569 
212 730 4 5 0.027860777 
321 712 3 5 0.027689276 
299 510 17 26 0.02767637 
0 552 3 6 0.027649231 
756 544 6 9 0.027632827 
1020 538 14 20 0.027498992 
970 542 9 9 0.02747576 
972 537 7 7 0.027401684 
748 531 6 8 0.027377877 
429 495 5 10 0.027305199 
256 639 5 5 0.02727104 
687 498 6 11 0.027181933 
859 532 4 6 0.027133374 
65 546 4 5 0.02700209 
299 534 18 23 0.026914202 
397 453 5 8 0.026752004 
1029 549 14 23 0.026658792 
179 526 3 5 0.026637023 
952 526 5 5 0.026571626 
53 602 12 15 0.026234059 
767 569 5 8 0.026010815 
1021 525 4 7 0.02591749 
359 477 18 28 0.02572532 
306 566 27 30 0.025664905 
12 556 5 7 0.025530694 
193 679 4 5 0.02547605 
45 558 5 6 0.02540323 
193 737 4 5 0.025356764 
184 753 6 10 0.02533195 
47 551 5 5 0.025228333 
349 477 7 11 0.025170388 
771 531 15 21 0.02515104 
356 545 9 12 0.025108952 
230 754 5 8 0.025029127 
423 699 5 6 0.024977086 
354 758 5 10 0.024958221 
9 572 9 11 0.024918996 
81 648 22 29 0.024887193 
384 706 4 4 0.024797916 
519 547 9 16 0.024776584 
691 604 6 9 0.024774272 
220 705 3 5 0.024707645 
191 521 7 9 0.024642868 
425 692 4 6 0.024610832 
340 693 3 4 0.024606016 
875 682 10 12 0.02460464 
239 753 5 9 0.02456322 
928 536 5 7 0.02449305 
251 735 3 5 0.024480723 
211 736 3 5 0.024468845 
329 706 3 4 0.024446448 
58 552 5 4 0.024419859 
32 556 5 5 0.024245609 
71 557 5 6 0.024203664 
973 523 5 6 0.024075402 
196 514 7 10 0.024026463 
194 567 21 21 0.024004534 
794 511 5 7 0.02391029 
204 699 3 5 0.023765543 
852 744 14 13 0.023672128 
999 566 15 23 0.023609208 
970 589 31 37 0.02353346 
1019 550 16 20 0.023482773 
262 638 4 5 0.023475945 
480 454 5 8 0.02342765 
236 535 10 16 0.023374971 
251 636 4 5 0.023367163 
27 553 4 4 0.023344321 
768 575 5 8 0.023308124 
503 498 7 11 0.023085617 
205 724 3 5 0.023076275 
967 542 7 8 0.023037465 
379 699 3 4 0.022941789 
827 560 6 11 0.022935016 
379 706 4 4 0.022934917 
94 541 6 10 0.022896213 
424 703 4 6 0.02282617 
1023 690 20 37 0.022809548 
260 542 10 17 0.022779956 
201 731 3 5 0.022772219 
834 574 32 35 0.022741335 
922 572 10 10 0.022682592 
935 544 6 6 0.022673054 
940 544 5 6 0.022663537 
507 515 19 22 0.022626134 
961 533 3 4 0.022608496 
446 510 14 17 0.022567285 
742 529 7 9 0.022551015 
1019 553 7 9 0.022484528 
379 693 3 4 0.022456221 
367 712 3 4 0.022439606 
270 648 3 5 0.022405451 
39 556 4 6 0.022405097 
237 736 4 6 0.022394225 
1017 597 17 22 0.022393188 
865 607 18 25 0.022340024 
384 699 4 4 0.022291413 
782 551 7 11 0.022273732 
1 573 7 10 0.0222276 
343 473 8 11 0.022213995 
216 124 374 339 0.022160802 
353 687 3 4 0.022134643 
913 525 5 6 0.022090085 
424 709 5 8 0.022031838 
326 505 7 11 0.022014793 
251 648 3 5 0.02197493 
977 537 8 6 0.021958534 
244 569 35 35 0.021941466 
70 594 10 10 0.021909375 
910 531 14 20 0.021892404 
38 575 5 7 0.021887636 
595 526 17 25 0.02187187 
70 571 7 7 0.021838829 
987 546 39 43 0.021723963 
386 693 3 4 0.021714838 
763 539 4 7 0.021688858 
997 533 4 5 0.021658737 
20 593 7 10 0.021651575 
403 460 4 5 0.021647098 
218 749 4 6 0.021636104 
985 538 6 6 0.021634974 
24 292 334 440 0.021633593 
1000 745 26 46 0.021548122 
359 692 3 5 0.021534821 
482 750 5 7 0.021526141 
877 527 10 13 0.021505678 
960 526 4 5 0.021505255 
246 648 3 4 0.021503394 
363 524 14 20 0.02147783 
200 692 3 5 0.021450754 
561 563 18 27 0.02142206 
504 468 10 13 0.02141193 
1020 571 15 23 0.021385081 
864 536 6 9 0.021381674 
318 509 8 16 0.021301735 
287 570 33 36 0.02128007 
187 552 19 19 0.02127822 
586 558 38 51 0.021275675 
62 653 22 27 0.021177089 
742 466 4 7 0.021168014 
739 466 4 8 0.021147594 
218 730 3 5 0.021147368 
966 506 13 19 0.021097766 
256 649 4 4 0.0210069 
985 633 7 6 0.021006536 
341 699 3 4 0.02099533 
40 571 4 6 0.020988034 
417 662 6 9 0.02094624 
754 531 4 6 0.02090577 
1029 574 16 24 0.02090418 
749 602 5 6 0.020893583 
-8 535 59 74 0.020888828 
186 744 4 5 0.020859227 
921 532 4 6 0.020842543 
328 692 3 5 0.02082231 
919 571 24 19 0.020785982 
372 707 3 4 0.020749483 
252 213 26 30 0.02063472 
521 542 7 12 0.020614147 
39 553 3 4 0.020585354 
902 606 7 10 0.020567743 
379 711 3 5 0.020566715 
379 755 5 9 0.020548025 
967 524 6 6 0.020518182 
344 482 9 13 0.020432577 
201 698 4 6 0.02039345 
691 557 15 30 0.020392153 
340 755 5 8 0.020348687 
861 532 16 24 0.020322343 
314 712 3 4 0.02031673 
582 539 20 30 0.020279292 
22 563 5 7 0.020249052 
248 546 10 16 0.020202126 
827 527 13 20 0.020170974 
205 750 4 5 0.020157637 
628 527 9 13 0.02010526 
788 512 6 7 0.02010093 
353 712 2 4 0.02006753 
353 718 3 4 0.020047272 
376 529 7 10 0.020035641 
899 551 11 14 0.020013038 
