0_Parade_Parade_0_611
246
303 168 39 59 0.99886936 
587 152 40 49 0.99829394 
412 140 41 49 0.9981116 
72 195 23 32 0.9959667 
153 160 32 54 0.9952774 
499 203 22 34 0.99343675 
917 224 15 16 0.97986 
658 198 14 25 0.9437355 
759 208 11 22 0.81147295 
168 12 23 45 0.54796 
722 229 10 15 0.40676358 
618 191 17 23 0.28983665 
685 215 11 14 0.27512455 
259 200 18 27 0.27155384 
527 210 20 23 0.25472733 
240 174 14 17 0.24706973 
784 250 8 9 0.17670988 
223 243 24 24 0.14273058 
725 210 11 14 0.120906465 
953 234 9 14 0.116246454 
296 203 7 13 0.088719375 
748 220 10 17 0.08827938 
644 209 20 26 0.08602514 
487 10 3 6 0.07674357 
520 227 11 14 0.070564255 
488 46 6 9 0.0688002 
511 212 20 25 0.06861649 
522 215 13 14 0.06857058 
736 204 8 13 0.06736273 
488 3 3 4 0.062237278 
747 7 10 10 0.060039133 
725 221 11 16 0.059723694 
508 198 12 18 0.05961643 
533 203 11 14 0.059296213 
549 223 6 9 0.05887237 
388 109 27 33 0.05839723 
494 3 3 4 0.057158355 
475 10 3 6 0.055742025 
500 14 5 8 0.052617103 
476 15 3 6 0.05233505 
499 35 5 7 0.051762577 
236 180 12 17 0.051742673 
772 2 8 8 0.051102746 
870 9 4 5 0.051026646 
767 293 5 11 0.050238088 
449 277 18 29 0.04906609 
964 224 8 11 0.047810964 
501 3 4 4 0.046490487 
486 14 3 5 0.04573249 
505 3 3 5 0.04515188 
521 295 345 376 0.045125995 
1004 213 7 6 0.04424587 
509 17 8 10 0.044143252 
766 206 7 13 0.04366399 
488 51 5 8 0.043351974 
532 26 4 6 0.042651623 
576 194 9 15 0.0424993 
356 172 24 40 0.040934607 
476 3 3 4 0.03996339 
0 260 7 13 0.03970743 
481 15 3 6 0.03881932 
911 214 14 13 0.038573034 
481 11 3 5 0.038394645 
501 9 4 6 0.038338408 
786 7 5 8 0.038036842 
381 139 10 16 0.037936676 
493 209 8 18 0.03787567 
506 18 7 10 0.037370346 
682 218 20 30 0.03735922 
244 168 12 15 0.036685757 
710 202 7 11 0.035885397 
174 222 15 19 0.035837527 
505 39 4 7 0.034571595 
867 9 4 6 0.03451577 
734 220 7 14 0.034369357 
464 14 5 6 0.034074362 
233 203 19 22 0.034036398 
494 10 3 5 0.03391577 
61 205 23 28 0.03366149 
492 51 6 9 0.033375632 
782 266 6 8 0.03330712 
255 151 11 13 0.033206485 
468 56 4 5 0.033047408 
64 199 8 13 0.03290502 
845 178 6 9 0.03284894 
461 2 3 5 0.03274369 
782 296 4 8 0.032657918 
624 187 9 15 0.032258984 
495 33 4 7 0.031994544 
780 3 5 6 0.0318718 
544 221 8 12 0.031863328 
469 58 5 7 0.03144824 
785 264 6 7 0.031389605 
467 15 3 6 0.031151745 
245 139 8 13 0.031061457 
68 170 10 13 0.030765522 
875 213 6 7 0.030648772 
878 9 3 5 0.030598976 
694 246 17 26 0.03058225 
768 4 8 10 0.030253207 
235 205 9 11 0.03012653 
988 219 11 9 0.030045008 
772 37 9 16 0.029811436 
697 254 9 13 0.029799344 
769 310 4 5 0.02963644 
493 40 5 8 0.028935725 
782 291 4 6 0.028862484 
751 10 12 12 0.028841062 
488 0 2 3 0.028824298 
480 3 3 4 0.028752191 
525 8 5 6 0.02871158 
877 28 5 5 0.0286218 
332 168 32 50 0.028354153 
513 39 5 7 0.028311856 
794 5 6 9 0.028233815 
825 10 6 11 0.02813224 
456 3 3 4 0.028109068 
866 14 4 7 0.027975196 
739 209 8 14 0.02780538 
915 3 5 5 0.027741268 
505 36 4 6 0.027721008 
496 14 3 6 0.027696682 
498 28 5 7 0.02769321 
375 138 11 17 0.027495295 
462 22 4 6 0.027287288 
480 48 4 6 0.027128937 
652 204 10 16 0.027069574 
947 3 6 6 0.027061341 
463 55 3 5 0.026925992 
1019 42 8 11 0.0268172 
768 316 5 6 0.026736053 
292 199 16 28 0.026710937 
469 73 4 6 0.02667878 
525 42 3 5 0.026542129 
781 301 4 8 0.026503125 
782 7 6 7 0.026490252 
845 8 5 8 0.026408404 
526 48 3 5 0.026260763 
369 173 29 49 0.02572733 
486 61 5 6 0.025511755 
396 132 38 47 0.025510771 
519 40 4 6 0.025505725 
851 304 3 5 0.02548106 
1020 38 16 22 0.025469312 
228 216 22 22 0.025432441 
884 10 3 5 0.025421584 
866 4 4 5 0.025351344 
513 3 4 5 0.025292926 
774 218 7 12 0.025193328 
514 36 4 5 0.025159065 
742 222 8 14 0.02515625 
467 3 4 4 0.025091032 
527 22 5 7 0.02501497 
506 0 3 3 0.024984334 
530 8 4 6 0.024968268 
794 202 5 7 0.024916915 
289 172 6 11 0.024908325 
871 23 4 5 0.024836246 
519 36 3 5 0.024762053 
0 125 7 18 0.024598794 
397 10 4 5 0.02446642 
532 3 4 5 0.024391662 
480 53 4 6 0.02423228 
0 236 6 16 0.024173614 
797 238 9 10 0.024105972 
25 130 4 8 0.023995584 
775 206 6 9 0.023904156 
641 131 6 7 0.023853851 
71 160 5 7 0.0238104 
759 222 9 19 0.023808016 
915 22 6 7 0.023736654 
386 3 4 4 0.023693299 
482 160 25 36 0.023663083 
443 99 5 5 0.023628933 
769 199 5 9 0.023615869 
19 122 5 9 0.023532702 
790 290 3 6 0.023466077 
1018 213 6 9 0.023456622 
468 0 3 3 0.02339649 
641 135 6 7 0.023346594 
840 296 4 6 0.023196634 
486 66 6 8 0.02319356 
0 284 6 14 0.023185175 
520 3 4 5 0.02316833 
51 189 9 16 0.023146966 
519 28 4 6 0.023099503 
907 8 5 6 0.023092683 
-2 276 15 38 0.023001103 
4 260 7 12 0.02286496 
370 291 35 36 0.022810988 
939 225 10 15 0.02270914 
806 231 5 7 0.02264657 
794 242 7 10 0.022607477 
705 206 6 9 0.022600846 
219 156 11 13 0.022521092 
449 61 4 6 0.022466287 
495 28 4 7 0.02240109 
462 0 3 4 0.022297991 
381 135 21 35 0.022163844 
7 281 6 12 0.021962045 
390 10 5 6 0.021958984 
378 10 6 7 0.021909412 
787 4 6 6 0.021909064 
747 245 17 31 0.021895789 
312 273 34 38 0.0218845 
534 246 9 14 0.021877911 
997 237 11 14 0.02168999 
900 210 12 10 0.02167767 
494 0 3 4 0.02166183 
214 199 10 12 0.02161934 
871 27 5 6 0.021607561 
280 227 10 21 0.021560924 
514 0 3 3 0.021546375 
668 236 39 43 0.021536147 
574 181 18 23 0.021510106 
871 5 4 5 0.021424498 
775 13 6 9 0.021370275 
448 65 5 6 0.021335542 
440 73 5 6 0.021176185 
891 11 4 4 0.021165196 
971 222 9 11 0.02110954 
527 27 4 6 0.021107228 
543 257 10 16 0.02100362 
509 193 9 12 0.02100136 
499 51 5 8 0.02096521 
760 256 6 12 0.020934353 
487 71 4 6 0.02090267 
532 42 3 5 0.020876845 
91 221 11 16 0.02076809 
904 9 5 5 0.020760588 
748 209 10 17 0.020729378 
991 214 8 6 0.02064903 
489 41 5 8 0.020643555 
538 28 4 6 0.020630926 
501 0 3 3 0.020586 
997 222 10 10 0.020543903 
800 233 5 7 0.020520216 
555 224 6 8 0.020499136 
339 307 20 39 0.020481387 
710 255 9 16 0.020393573 
598 461 89 153 0.020392783 
1020 173 6 9 0.020333532 
542 244 16 27 0.02022554 
487 34 4 6 0.020171106 
482 41 3 6 0.020011825 
742 227 16 28 0.020009397 
