0_Parade_Parade_0_545
28
612 391 219 290 0.9963638 
167 270 289 336 0.9948043 
511 951 36 69 0.42348614 
481 803 60 131 0.27048236 
491 590 10 11 0.11082388 
483 951 43 62 0.088342726 
109 293 104 183 0.0757457 
471 1008 24 26 0.05460052 
451 993 49 57 0.048019186 
438 829 87 175 0.040982496 
84 375 35 66 0.038626265 
460 384 27 65 0.03421454 
973 556 6 10 0.030582335 
320 975 66 94 0.030376371 
1073 675 15 26 0.029820431 
975 551 4 8 0.029316604 
1085 661 9 17 0.02639302 
246 785 268 342 0.025973165 
1036 523 9 17 0.025886964 
319 -5 175 164 0.024986997 
360 993 54 69 0.024222707 
746 437 118 168 0.02286911 
1019 561 6 11 0.022832178 
1036 537 8 15 0.022272786 
1036 549 8 14 0.02148824 
132 481 18 31 0.021350857 
383 659 10 17 0.02127866 
533 581 5 8 0.020096209 
