0_Parade_Parade_0_266
624
955 339 25 30 0.9977329 
29 419 13 17 0.9137045 
165 337 10 14 0.81059784 
904 438 24 31 0.7353131 
451 412 17 22 0.7079215 
813 316 7 10 0.6085494 
864 569 22 45 0.60591394 
995 322 16 22 0.5760903 
926 430 18 31 0.53436947 
864 319 8 11 0.441532 
126 328 11 13 0.4370957 
265 435 9 10 0.39369267 
111 400 14 20 0.36210972 
128 406 11 17 0.34241804 
997 405 17 40 0.3343417 
274 333 9 13 0.31974375 
217 382 9 15 0.30016485 
875 343 7 9 0.2860045 
27 447 18 20 0.28169128 
830 306 6 8 0.2740278 
894 371 9 10 0.27304205 
158 316 9 11 0.26276803 
901 330 7 9 0.26226217 
227 425 10 11 0.24100102 
664 398 51 68 0.23921736 
843 325 7 10 0.23023024 
233 421 9 9 0.22993574 
897 311 6 8 0.21588352 
964 312 9 12 0.21322684 
685 366 45 74 0.19795519 
175 417 10 13 0.19049697 
48 335 10 17 0.18728139 
155 317 7 11 0.18358293 
206 452 11 12 0.1805383 
194 348 9 12 0.1791603 
1005 341 13 16 0.1765472 
41 359 22 32 0.16949512 
149 417 11 15 0.16709007 
829 341 8 11 0.16652676 
884 324 6 9 0.16424891 
79 431 12 15 0.1641921 
306 223 14 19 0.16352256 
204 284 9 15 0.1545362 
864 311 8 9 0.15444617 
933 298 6 10 0.15135925 
217 450 9 10 0.1461714 
1005 319 16 24 0.14140384 
49 300 14 22 0.14039145 
838 356 8 12 0.13876973 
153 398 8 15 0.13422449 
315 119 17 15 0.12750924 
213 254 12 16 0.12725548 
95 395 9 13 0.12507372 
830 312 7 9 0.12434716 
226 318 10 16 0.12422067 
79 475 12 14 0.123305194 
205 335 9 14 0.12280762 
525 317 6 8 0.12103373 
114 316 8 10 0.121027306 
840 319 6 8 0.120967835 
890 312 6 7 0.12029139 
245 435 7 8 0.12014626 
864 352 7 10 0.119626656 
913 312 8 12 0.1185041 
261 428 8 8 0.11754908 
109 316 7 10 0.117071 
828 329 9 11 0.11504298 
242 444 10 10 0.11454246 
901 364 7 8 0.11203782 
765 319 9 11 0.112019144 
6 433 14 23 0.111857966 
557 331 5 7 0.11163736 
843 355 8 11 0.11156134 
859 319 6 9 0.1101894 
889 319 7 9 0.10889659 
901 312 6 8 0.108799666 
850 354 7 11 0.10779535 
74 437 12 15 0.107544795 
826 319 7 8 0.107117124 
858 360 9 14 0.10380868 
872 345 7 10 0.10349541 
140 342 8 11 0.10334105 
876 312 7 9 0.101219945 
837 367 8 12 0.099596374 
955 310 6 11 0.099359594 
10 329 8 15 0.09854934 
845 381 9 12 0.09824538 
209 327 10 14 0.097906955 
152 335 7 11 0.09714145 
865 307 6 7 0.09691218 
870 349 6 10 0.095941894 
854 566 21 41 0.095343255 
139 329 8 11 0.09471162 
245 439 9 11 0.09425458 
177 329 9 14 0.09310241 
584 308 16 25 0.08997458 
363 349 32 46 0.08902527 
851 314 5 7 0.08858078 
28 333 10 16 0.088424765 
552 441 22 43 0.08838233 
612 410 96 105 0.08723266 
257 423 7 7 0.08430155 
910 316 7 10 0.08267535 
134 343 7 11 0.08263182 
159 342 8 11 0.08256649 
867 536 11 18 0.08214894 
147 331 7 10 0.082011335 
189 203 15 22 0.08101077 
170 329 10 15 0.08061671 
888 323 6 10 0.08045601 
519 340 6 8 0.0803537 
44 421 10 19 0.08025283 
960 315 9 13 0.08002342 
74 364 10 16 0.07963021 
459 287 11 18 0.07952653 
830 317 7 9 0.078838296 
197 447 9 9 0.0786047 
827 326 8 9 0.07798218 
530 314 6 7 0.077868864 
891 369 7 9 0.07624555 
908 371 8 9 0.07530672 
146 399 9 15 0.074817955 
544 307 5 6 0.0741527 
897 365 7 8 0.07333029 
117 340 10 15 0.072675616 
929 306 5 9 0.07216525 
237 402 7 9 0.07195954 
88 324 7 10 0.07040635 
54 370 11 18 0.070359126 
30 314 10 16 0.06929906 
910 356 6 10 0.068508185 
960 307 7 9 0.068492174 
75 341 10 14 0.06818212 
30 354 19 32 0.06797477 
306 336 9 8 0.06771941 
93 340 10 17 0.06738674 
88 406 13 17 0.06732559 
47 284 9 13 0.06721084 
709 358 41 75 0.06688006 
916 306 6 8 0.06671894 
964 307 8 10 0.06656415 
552 332 4 6 0.06648956 
774 357 6 8 0.06646072 
808 319 6 8 0.066370696 
233 439 10 13 0.066214815 
886 570 37 46 0.06601037 
271 477 13 16 0.065814085 
524 342 6 8 0.064963825 
859 314 5 7 0.06409011 
123 373 12 15 0.06359905 
901 358 7 8 0.06317062 
846 314 6 8 0.06296956 
875 350 6 8 0.062631786 
889 364 7 8 0.062527575 
760 322 10 10 0.062267903 
895 319 7 8 0.06089788 
902 308 6 7 0.060823034 
323 232 9 16 0.060540155 
900 369 8 10 0.06026879 
552 300 4 6 0.059980866 
878 370 6 9 0.059901666 
340 376 23 28 0.059700668 
118 317 9 11 0.059653137 
106 329 8 12 0.059276104 
1011 404 30 55 0.058983672 
868 323 7 9 0.058735155 
168 288 5 8 0.05822147 
54 335 8 15 0.058184415 
0 419 8 18 0.057777278 
201 173 9 13 0.05771496 
192 448 8 10 0.05749424 
989 314 11 17 0.05647931 
527 308 4 6 0.05599232 
162 312 9 13 0.055628784 
932 414 27 48 0.055551503 
97 447 14 15 0.05540628 
145 342 7 12 0.05529316 
953 482 24 41 0.05522366 
852 317 5 8 0.05512458 
545 302 4 5 0.05511612 
521 317 5 9 0.05468006 
922 305 5 8 0.053545605 
258 390 5 7 0.053483162 
955 306 6 9 0.05345577 
827 312 6 9 0.053258155 
263 388 7 8 0.05316506 
980 316 9 13 0.053153053 
246 452 10 12 0.052189868 
814 338 6 8 0.0521765 
154 342 7 11 0.05216098 
103 313 6 10 0.05210277 
236 457 10 10 0.052094936 
166 418 11 15 0.05172817 
938 355 9 13 0.051582713 
917 301 5 6 0.051475033 
801 365 6 9 0.051255222 
91 458 13 12 0.051247142 
68 330 11 15 0.051160246 
564 327 5 7 0.05097806 
793 351 7 9 0.0506586 
544 312 5 7 0.05057593 
68 443 14 15 0.050206095 
540 313 5 7 0.050189387 
100 396 17 22 0.04991306 
536 338 7 8 0.0496181 
890 331 5 8 0.049559098 
227 432 9 11 0.04904921 
793 324 10 11 0.04902815 
0 458 7 18 0.048822332 
880 374 8 11 0.04868365 
899 295 5 6 0.04840871 
44 475 11 15 0.04833004 
470 349 10 15 0.04808758 
525 350 8 10 0.04800774 
994 307 22 22 0.047921572 
127 341 9 14 0.04767039 
891 375 8 10 0.04737516 
897 350 6 8 0.04689524 
883 364 7 8 0.04677268 
889 343 6 9 0.046643406 
877 358 7 8 0.046599966 
533 339 7 7 0.04648871 
202 441 9 10 0.04623104 
147 316 8 10 0.046170022 
780 312 10 11 0.04599977 
5 331 10 16 0.0459526 
61 371 10 17 0.045919854 
156 349 7 12 0.045834295 
214 324 9 12 0.04578863 
254 453 8 10 0.045674626 
878 496 27 30 0.045577392 
817 314 8 10 0.04523474 
178 366 10 16 0.04501142 
254 467 7 9 0.044861846 
889 390 9 11 0.04473074 
842 367 8 12 0.044652224 
138 375 10 17 0.04445875 
933 366 9 13 0.044008248 
930 328 9 14 0.043587375 
93 331 9 14 0.04356128 
828 302 5 6 0.043460492 
153 322 8 11 0.043134786 
934 304 7 9 0.043129068 
173 318 8 11 0.042843156 
154 280 6 10 0.042835973 
844 375 8 12 0.042772405 
507 306 5 7 0.042592995 
402 358 32 44 0.042516522 
132 374 11 17 0.04246474 
908 307 6 8 0.042413842 
186 312 6 9 0.041994847 
88 318 7 10 0.041752182 
894 393 8 10 0.04154572 
451 318 23 32 0.041480448 
438 310 11 18 0.04141015 
876 318 6 8 0.041235253 
898 546 36 43 0.04118244 
286 367 7 10 0.04093481 
36 416 15 22 0.040821973 
541 307 4 6 0.040369514 
84 322 8 11 0.040141042 
225 341 9 12 0.039856095 
915 380 10 11 0.039525826 
934 357 17 25 0.039457828 
12 315 8 14 0.03937997 
560 329 3 5 0.039362773 
179 339 8 13 0.03932507 
150 280 5 8 0.039177664 
991 310 11 12 0.038921524 
878 363 6 8 0.038900305 
115 322 8 12 0.038859285 
119 438 11 15 0.038826816 
875 591 41 60 0.038813826 
920 318 6 10 0.03869598 
411 367 14 19 0.03860987 
943 312 6 8 0.03825948 
541 302 4 5 0.038113315 
189 368 9 13 0.038044665 
186 404 9 15 0.03802712 
267 443 9 11 0.037953615 
511 307 5 7 0.03788564 
182 447 11 11 0.03765262 
553 306 3 6 0.0376322 
901 335 7 10 0.037427545 
890 338 6 9 0.0373989 
126 382 12 16 0.037373584 
892 308 5 7 0.037144527 
335 131 24 22 0.03709999 
271 434 9 10 0.037063025 
503 315 8 12 0.03692138 
309 -3 337 562 0.036610775 
90 346 9 14 0.036457196 
24 313 11 16 0.036146604 
161 331 9 11 0.03614349 
2 286 5 11 0.036101494 
915 352 5 8 0.03579724 
814 343 6 8 0.035693996 
234 465 12 12 0.035690483 
133 336 8 13 0.035591964 
881 369 7 9 0.035449743 
558 307 4 5 0.03540503 
314 335 5 6 0.035358895 
865 536 25 35 0.035347883 
113 347 12 14 0.035230577 
501 313 6 9 0.035201207 
914 356 7 9 0.035172198 
80 334 11 18 0.03494036 
566 314 4 6 0.034827057 
182 330 7 13 0.03479976 
46 290 12 15 0.034628212 
797 336 9 12 0.034625243 
273 462 11 13 0.034552112 
266 385 9 9 0.034511417 
919 521 14 15 0.034487307 
551 296 4 6 0.034335364 
896 325 7 9 0.034304958 
991 332 17 27 0.034227833 
5 286 6 10 0.03417076 
899 374 9 11 0.034112424 
805 324 7 8 0.03409428 
558 302 4 5 0.034039807 
540 319 5 7 0.033989765 
941 307 5 8 0.03385606 
196 329 8 14 0.03384341 
1006 309 14 14 0.03373721 
111 267 5 8 0.03364517 
902 296 5 6 0.033486165 
552 328 3 5 0.033268735 
612 261 11 11 0.03324207 
165 325 8 11 0.033134226 
18 314 9 15 0.033050213 
908 363 7 9 0.03304323 
569 326 5 7 0.032970026 
775 361 7 9 0.032921094 
132 415 10 17 0.03291827 
5 314 16 28 0.03275562 
260 452 8 8 0.0327388 
3 424 11 17 0.032544553 
96 316 6 10 0.03246749 
121 323 10 13 0.032301735 
272 453 9 9 0.032240026 
876 326 6 8 0.032019846 
953 316 8 12 0.031996496 
1 329 7 15 0.03199527 
395 385 84 125 0.03191012 
952 312 16 23 0.031882543 
546 333 6 7 0.031668697 
88 329 9 14 0.03162111 
888 512 31 30 0.031480443 
871 378 6 8 0.03127664 
530 308 5 6 0.03124293 
35 334 8 15 0.030990385 
862 525 22 25 0.030976947 
933 378 10 15 0.03096384 
132 325 17 22 0.030957885 
4 315 9 14 0.03095635 
74 442 20 22 0.030869285 
946 313 6 8 0.03086512 
216 403 10 13 0.03068025 
909 325 6 9 0.030587135 
354 506 22 36 0.030584969 
13 438 17 25 0.030330043 
196 315 9 14 0.030264493 
929 311 5 8 0.030167814 
146 325 8 10 0.030127194 
118 407 10 17 0.029776841 
256 395 6 7 0.029755846 
1012 325 16 26 0.029753588 
199 287 7 10 0.029727561 
913 374 9 11 0.029658156 
890 359 6 6 0.029640445 
547 327 4 5 0.029614618 
869 356 6 9 0.029583033 
216 389 11 17 0.029535694 
884 350 5 8 0.029481214 
478 360 11 17 0.029364774 
56 292 9 13 0.029328475 
343 146 12 13 0.029285813 
768 357 7 9 0.029154824 
143 371 9 18 0.029068343 
513 338 6 8 0.028912492 
858 351 8 12 0.028896479 
140 400 10 15 0.028892577 
960 302 6 7 0.028848866 
530 343 8 8 0.028848268 
238 397 6 9 0.028835643 
929 294 6 9 0.02872015 
447 285 38 50 0.028711107 
565 302 3 5 0.028686862 
851 324 6 9 0.028634187 
813 333 6 7 0.02856347 
812 322 7 10 0.028499497 
907 330 6 9 0.028455827 
278 458 13 13 0.028434675 
8 446 11 19 0.028398957 
262 444 9 11 0.028370684 
895 378 8 11 0.028347597 
152 414 16 22 0.02834396 
491 368 21 29 0.02809375 
114 432 10 13 0.02809181 
545 320 4 6 0.028081452 
246 121 13 14 0.028068189 
84 438 18 23 0.028060984 
837 343 7 10 0.028053302 
896 345 7 9 0.027911307 
565 320 4 6 0.027910203 
216 458 11 11 0.027895268 
548 296 3 5 0.027868662 
955 301 5 7 0.027852904 
255 252 8 11 0.02783748 
464 297 9 13 0.027799523 
382 345 12 18 0.027768651 
253 144 150 196 0.027729467 
906 394 11 15 0.027530706 
160 286 5 7 0.027438318 
18 334 8 14 0.027435094 
190 353 11 14 0.027386706 
778 322 9 11 0.027381659 
823 368 8 11 0.027367905 
67 371 11 15 0.027285943 
210 208 18 29 0.02728281 
538 334 6 7 0.027223136 
262 259 8 9 0.027192824 
109 312 16 21 0.02714008 
810 312 15 19 0.027107121 
871 382 7 10 0.027072519 
361 150 14 15 0.027062599 
840 328 7 10 0.027012158 
865 302 6 6 0.026989127 
889 382 8 9 0.026969254 
634 450 53 56 0.026944667 
227 336 10 13 0.026939513 
1009 307 20 24 0.026925057 
97 304 5 10 0.026893958 
1 314 5 12 0.026844293 
875 331 7 10 0.026732784 
764 362 8 11 0.02672546 
238 389 7 9 0.026606066 
929 379 8 13 0.026518106 
99 342 8 13 0.02636169 
781 308 7 8 0.026342507 
913 386 11 13 0.02629287 
248 466 9 10 0.026205061 
61 456 14 14 0.026100509 
265 353 9 11 0.026057849 
14 281 5 9 0.025932617 
887 529 40 41 0.025923705 
544 351 9 10 0.025881283 
186 349 8 12 0.025862655 
281 384 7 7 0.025855847 
201 460 18 21 0.025831854 
220 251 11 16 0.025693728 
368 363 14 19 0.025688076 
217 426 8 9 0.025664123 
64 332 9 15 0.02563174 
926 379 17 27 0.025610927 
117 396 12 15 0.025598679 
266 429 8 9 0.02559602 
882 313 6 8 0.025594652 
885 330 6 9 0.025522983 
140 318 8 9 0.025516806 
897 300 6 6 0.025482116 
915 323 6 9 0.025474485 
565 307 4 5 0.025419142 
300 327 7 5 0.025329417 
544 355 12 12 0.025325935 
935 341 6 11 0.025320778 
225 436 14 19 0.025286695 
254 472 8 11 0.025268896 
232 402 7 8 0.025218694 
184 363 10 14 0.025210349 
806 362 8 12 0.02514009 
930 368 6 10 0.025114203 
897 336 6 8 0.025066769 
909 301 6 6 0.025057308 
248 476 11 16 0.025034202 
440 290 9 15 0.025033316 
228 328 10 15 0.025016796 
122 265 7 11 0.024912272 
823 362 7 10 0.024904761 
520 302 4 5 0.024760434 
263 477 8 12 0.024750901 
156 364 12 19 0.024557188 
902 317 6 9 0.02453335 
862 366 7 10 0.024488913 
268 248 8 12 0.02447314 
285 439 11 9 0.024445279 
94 324 7 10 0.024440428 
833 356 7 10 0.024437888 
229 251 9 15 0.02442167 
186 316 7 11 0.02442133 
1009 340 18 26 0.024397528 
231 460 9 10 0.024341116 
116 262 6 9 0.024201429 
920 344 6 9 0.024157027 
908 379 9 11 0.02407886 
275 326 9 11 0.023902675 
922 313 5 8 0.0238394 
873 523 36 37 0.023825644 
450 317 12 15 0.023791354 
209 265 10 13 0.023747519 
156 395 9 14 0.02373718 
134 359 9 14 0.02372417 
850 331 8 11 0.023598567 
969 311 8 11 0.023596691 
873 338 7 10 0.023538062 
935 398 20 38 0.023523007 
120 425 9 12 0.023519577 
1056 321 12 19 0.023514733 
864 329 7 9 0.023504987 
181 419 9 12 0.023494055 
773 318 8 10 0.023438957 
152 448 9 13 0.023363028 
471 366 10 13 0.023347707 
9 426 10 16 0.02331574 
990 488 63 101 0.02329762 
812 351 8 9 0.023260562 
0 273 5 11 0.023231752 
98 434 19 24 0.02322803 
112 425 11 13 0.023222242 
839 315 5 7 0.023219248 
203 346 9 14 0.023192745 
919 356 7 11 0.023149174 
300 338 10 9 0.023119316 
474 253 7 11 0.023108002 
179 311 7 11 0.023105778 
928 492 28 45 0.023091173 
307 214 11 18 0.023022978 
918 345 5 8 0.023021106 
320 333 6 7 0.022952087 
943 317 6 11 0.022901088 
980 385 30 52 0.022883065 
193 322 7 13 0.02286852 
503 343 11 17 0.022816729 
946 322 8 13 0.02279196 
792 320 9 8 0.022771016 
668 499 94 161 0.022726227 
75 480 12 14 0.022667624 
296 382 7 8 0.022534035 
445 315 11 15 0.022473715 
871 301 6 5 0.022470383 
351 363 21 28 0.022467606 
212 381 9 14 0.022411676 
35 348 10 17 0.022378115 
87 279 8 17 0.022358352 
843 345 8 10 0.022353977 
808 315 6 6 0.022313016 
537 343 8 7 0.022298606 
70 338 16 26 0.02221123 
103 306 5 9 0.022137225 
583 294 5 6 0.02211318 
1016 396 18 38 0.02210464 
805 339 7 9 0.022032682 
330 317 9 12 0.022023795 
68 433 12 15 0.022014588 
499 324 7 10 0.021963254 
317 361 11 12 0.0219149 
930 388 17 32 0.021905396 
634 644 434 328 0.02189714 
107 334 8 14 0.021870503 
858 313 14 21 0.021843804 
995 420 34 57 0.02183538 
897 715 34 52 0.021805966 
902 507 36 44 0.021748256 
811 361 9 13 0.02167535 
110 306 6 10 0.021635374 
215 483 20 22 0.021573905 
984 307 8 9 0.021560181 
914 363 7 10 0.021532992 
818 343 7 9 0.021520391 
502 308 5 6 0.021504432 
114 329 8 11 0.021494146 
168 427 13 18 0.021483291 
191 313 8 11 0.021477168 
318 227 10 16 0.021398561 
257 385 6 7 0.021343295 
259 476 19 23 0.021293787 
205 238 18 27 0.0212908 
456 291 20 28 0.0212876 
208 330 15 23 0.021251991 
466 318 9 13 0.02122867 
203 315 8 13 0.021206653 
306 328 7 5 0.021185996 
539 137 26 36 0.021166947 
171 288 6 9 0.021160321 
106 438 10 13 0.021153713 
137 416 18 23 0.021119531 
900 395 10 12 0.021116663 
233 334 10 13 0.021077657 
881 389 10 12 0.021069508 
799 320 7 8 0.021047592 
846 350 14 21 0.021036757 
786 323 9 10 0.021018753 
855 510 10 11 0.021008572 
834 363 7 11 0.021008082 
965 301 7 8 0.020928578 
1022 325 20 30 0.020909075 
883 344 6 8 0.020902755 
236 417 8 9 0.020869853 
142 332 15 21 0.020849809 
360 152 21 26 0.020761417 
295 378 6 6 0.02074554 
463 176 21 36 0.02069551 
198 443 18 18 0.020693349 
882 338 6 10 0.020611972 
366 141 13 15 0.020610908 
210 426 8 11 0.020590888 
508 302 4 6 0.020510336 
784 317 9 10 0.020474834 
300 382 7 8 0.020382565 
23 455 18 21 0.02034211 
495 313 5 8 0.020324368 
171 369 11 18 0.020324318 
216 172 7 9 0.020306079 
158 281 6 9 0.020258011 
155 318 16 21 0.020254988 
263 317 9 11 0.02025436 
822 392 10 13 0.02019357 
295 326 6 6 0.020126142 
451 393 23 32 0.020081937 
517 361 9 11 0.020067183 
384 386 11 14 0.020032106 
19 280 6 9 0.020024946 
41 341 17 31 0.020019934 
