0_Parade_Parade_0_120
608
107 301 46 53 0.9996786 
952 307 38 48 0.99915946 
47 324 21 30 0.99419713 
524 332 35 35 0.9927059 
490 314 20 24 0.97282875 
442 327 18 17 0.9467314 
327 314 17 20 0.93612397 
747 313 11 13 0.9086466 
993 235 18 26 0.86625445 
662 324 23 21 0.85938823 
287 342 17 17 0.85144454 
697 320 15 16 0.8261984 
393 332 14 15 0.8205244 
629 320 12 14 0.8098219 
24 373 28 30 0.7938636 
565 319 11 14 0.66347355 
259 357 11 16 0.61480945 
861 302 10 18 0.43494463 
236 340 12 21 0.40795818 
761 320 10 12 0.34519258 
914 321 17 30 0.34398434 
225 339 15 26 0.3239969 
-1 369 13 27 0.30554742 
13 361 22 28 0.30233738 
593 498 12 19 0.30147913 
729 320 10 11 0.2713073 
795 321 6 9 0.26747432 
273 339 10 12 0.24954285 
830 276 7 9 0.24485753 
804 263 7 8 0.24225679 
217 344 16 24 0.22637716 
786 328 6 8 0.22181731 
678 281 5 8 0.21808428 
826 336 17 28 0.21669368 
722 319 8 9 0.20995788 
365 401 9 13 0.20547476 
812 330 10 16 0.20480995 
332 298 9 11 0.20322135 
363 345 10 12 0.18345793 
314 291 7 8 0.17383216 
816 301 8 10 0.15963456 
835 350 16 27 0.15828985 
738 303 5 8 0.15611285 
778 357 11 13 0.15420943 
412 345 9 12 0.1540369 
805 344 8 14 0.1534514 
265 358 8 14 0.15115182 
421 307 9 11 0.14559957 
608 399 29 22 0.14137004 
716 315 7 9 0.13447157 
989 334 25 35 0.13269746 
428 309 9 9 0.13058649 
781 313 5 7 0.12919241 
799 315 6 8 0.12604286 
603 325 8 11 0.12358425 
421 303 7 8 0.12227318 
378 343 8 11 0.119135305 
437 302 9 9 0.117647834 
301 333 12 12 0.11591467 
630 277 3 6 0.11289269 
795 316 6 7 0.11061771 
393 348 12 17 0.1100765 
412 351 10 16 0.109878816 
562 291 5 7 0.10668537 
400 378 16 28 0.104018666 
202 351 19 22 0.103946455 
908 307 17 28 0.10393477 
805 259 6 7 0.10234626 
847 251 5 7 0.10177752 
768 307 6 7 0.09850739 
351 302 8 10 0.09828954 
710 314 8 10 0.096764416 
867 300 10 15 0.09673592 
369 297 8 8 0.09651635 
555 323 13 15 0.09632048 
384 324 8 13 0.09631603 
383 340 8 10 0.0963035 
398 353 12 18 0.09619288 
318 291 7 7 0.09558452 
850 307 12 12 0.095500536 
276 274 9 11 0.09440668 
722 367 11 11 0.092754684 
744 313 8 11 0.09258987 
403 320 9 12 0.09159395 
640 296 6 10 0.09098237 
630 302 5 8 0.08936391 
455 314 9 14 0.0890817 
766 316 8 10 0.08840261 
619 327 11 12 0.08779888 
356 310 11 17 0.08628943 
389 281 7 8 0.08281795 
946 134 7 8 0.08214707 
906 331 19 29 0.08164343 
905 306 11 19 0.08141613 
832 271 6 7 0.07850829 
384 319 7 11 0.077219665 
433 305 10 10 0.0770888 
621 308 6 8 0.07693851 
838 265 5 6 0.07654258 
269 342 8 13 0.07643312 
369 331 9 13 0.075437546 
792 351 9 11 0.07459678 
282 343 12 13 0.07423159 
378 298 6 7 0.073517695 
935 138 6 6 0.07287176 
621 303 5 8 0.07282334 
723 302 6 7 0.07141244 
727 316 9 9 0.07130764 
603 309 6 8 0.071152076 
464 356 12 19 0.0706761 
384 332 8 12 0.070518136 
347 278 6 6 0.06943799 
343 337 11 14 0.06828726 
837 337 19 27 0.06822225 
375 332 8 12 0.06816225 
0 299 7 14 0.06803378 
318 343 12 14 0.06796411 
851 7 8 10 0.06717565 
586 321 5 7 0.066968106 
7 369 22 32 0.0667115 
830 281 7 8 0.06573573 
597 322 5 7 0.065275505 
770 304 4 7 0.06487205 
256 352 10 16 0.06478318 
388 347 11 16 0.06452171 
345 283 6 7 0.06413274 
826 282 7 7 0.064073265 
366 296 7 7 0.06256194 
24 309 19 30 0.0624293 
817 297 7 8 0.06235676 
765 324 9 11 0.06149794 
574 322 6 10 0.060314786 
984 243 11 13 0.058105703 
762 331 8 11 0.05794142 
997 586 38 84 0.057545766 
247 350 9 17 0.057395097 
396 336 16 21 0.057096332 
979 244 9 10 0.057089794 
309 370 11 14 0.056845594 
824 329 11 18 0.056687463 
764 307 5 7 0.056616038 
260 345 10 14 0.05648144 
816 337 14 25 0.05609191 
811 341 10 16 0.056083407 
796 238 4 6 0.056056216 
198 349 9 17 0.056007434 
724 309 6 7 0.05571366 
229 358 10 18 0.0544892 
335 278 5 5 0.05433533 
838 270 6 6 0.054321624 
296 338 14 15 0.054305732 
369 289 7 8 0.054265264 
633 301 6 9 0.054174434 
941 137 6 8 0.053844284 
332 290 6 7 0.0538212 
849 313 15 23 0.053817004 
862 296 8 11 0.053161785 
705 318 11 13 0.053080335 
622 288 6 8 0.05273138 
407 338 10 13 0.05238547 
759 394 19 23 0.052340277 
327 290 6 7 0.05208654 
797 324 8 11 0.051911395 
340 285 6 6 0.05186326 
1004 329 29 48 0.051309705 
774 321 5 9 0.05062589 
952 143 7 8 0.049999867 
763 290 5 6 0.049939457 
812 252 5 5 0.049593505 
708 331 8 10 0.04955348 
602 315 7 8 0.049454827 
628 282 5 7 0.049284007 
333 285 5 5 0.049168438 
639 304 8 13 0.049000837 
774 326 6 9 0.048060816 
0 336 9 18 0.048031703 
354 288 6 8 0.04796727 
368 394 10 13 0.047832772 
409 359 10 17 0.047647387 
362 311 10 14 0.047441702 
894 311 18 24 0.04722482 
635 297 5 9 0.047065 
699 296 5 7 0.046818964 
407 332 10 11 0.04638209 
326 296 7 8 0.046226326 
285 288 8 9 0.046193834 
429 312 12 12 0.046138316 
783 303 5 6 0.04603053 
836 309 8 9 0.04591571 
846 255 6 8 0.04584754 
735 354 12 19 0.04576984 
825 320 10 12 0.045735195 
618 303 4 6 0.045391057 
339 277 5 6 0.04538206 
870 318 9 15 0.04505143 
991 222 18 24 0.044941038 
828 323 11 17 0.04489701 
417 313 9 11 0.04477829 
855 360 16 27 0.04472612 
776 314 5 7 0.044652425 
332 245 6 6 0.044623982 
347 251 5 5 0.04432077 
401 299 8 10 0.044263214 
328 284 5 6 0.04406201 
626 307 7 9 0.043974645 
752 297 4 6 0.043592058 
741 302 5 8 0.043491557 
763 284 5 6 0.04348535 
365 289 7 7 0.043262865 
807 253 6 6 0.04319523 
240 349 11 21 0.043087095 
687 349 12 18 0.04282134 
480 344 12 14 0.042679083 
368 357 9 13 0.04257305 
777 310 4 6 0.042559065 
841 362 11 18 0.042405862 
263 341 7 10 0.041993648 
268 283 8 10 0.0418884 
358 289 7 7 0.041832957 
74 304 10 15 0.04170291 
722 323 9 11 0.040711682 
708 338 8 11 0.040559586 
800 332 8 12 0.040423866 
738 291 4 5 0.040350836 
626 288 6 8 0.040178698 
726 297 4 6 0.040141422 
1005 239 22 27 0.039920297 
828 272 5 6 0.03978554 
585 316 5 8 0.039775297 
589 321 4 7 0.039703276 
881 330 12 17 0.03933634 
428 304 9 8 0.039317247 
266 350 8 15 0.03920928 
796 302 5 6 0.0391929 
412 332 9 10 0.03917578 
554 474 10 16 0.039060593 
870 310 8 14 0.03895936 
887 322 13 18 0.038439877 
346 273 5 5 0.038331937 
839 277 5 7 0.03818892 
348 248 4 4 0.03809479 
352 247 5 5 0.037968423 
68 520 8 10 0.03792298 
794 311 5 6 0.037674308 
978 140 10 11 0.037668977 
305 365 10 13 0.037356663 
576 315 6 8 0.037251756 
1007 350 13 22 0.037180323 
290 239 5 6 0.036707036 
781 258 6 7 0.036702625 
484 357 22 26 0.03665513 
273 363 9 14 0.036376633 
352 283 6 8 0.036333445 
815 306 8 10 0.036051277 
635 307 6 9 0.035989426 
287 403 10 11 0.035979185 
41 503 20 28 0.035880297 
742 308 6 10 0.035776097 
274 387 10 14 0.03576503 
339 287 8 9 0.0356643 
751 290 4 5 0.035628438 
927 207 7 7 0.035358127 
335 272 5 5 0.035252392 
720 315 16 17 0.0349632 
621 327 19 21 0.034756888 
447 297 7 8 0.034551222 
961 165 9 9 0.03447286 
796 259 5 6 0.034211177 
687 354 19 28 0.034087643 
735 316 7 10 0.034041144 
802 253 4 5 0.033876844 
1100 228 7 12 0.03383139 
1092 254 9 15 0.03371191 
364 283 8 8 0.0336339 
341 273 4 5 0.033609703 
301 369 9 12 0.03355622 
717 310 6 8 0.033482667 
4 108 11 11 0.03341648 
789 310 5 6 0.033332538 
-1 326 6 16 0.033250403 
388 385 17 25 0.032968648 
815 277 5 7 0.032934085 
871 23 5 7 0.03288957 
273 278 9 11 0.03285127 
368 260 4 4 0.032696865 
738 297 4 6 0.032629076 
730 297 5 6 0.032441396 
783 252 4 5 0.03223 
278 334 10 11 0.032213014 
606 308 6 9 0.03212906 
543 323 23 24 0.032014 
70 479 7 9 0.03191911 
732 291 4 5 0.03173876 
374 344 17 22 0.03171599 
427 340 11 11 0.031694915 
872 298 11 15 0.031536847 
783 331 7 10 0.03152521 
895 186 9 9 0.031374108 
705 290 4 7 0.031246265 
832 289 6 8 0.030981313 
353 253 4 4 0.030888325 
617 308 5 7 0.030868335 
571 297 4 6 0.030859265 
743 290 4 6 0.030807454 
355 302 9 10 0.03077126 
810 380 11 21 0.030767556 
548 295 6 10 0.030717228 
765 369 13 11 0.030590054 
577 289 4 7 0.030573867 
387 318 9 13 0.030555144 
844 264 6 7 0.030491833 
866 22 5 7 0.030463569 
375 357 9 13 0.030419428 
756 297 4 6 0.03040769 
725 290 4 6 0.030313585 
895 295 7 11 0.030291166 
3 301 11 15 0.030237915 
939 141 6 8 0.030232593 
330 245 4 5 0.030073995 
795 297 6 8 0.030062418 
840 296 7 8 0.03003563 
269 389 7 12 0.029837102 
818 278 6 6 0.029773701 
964 235 20 23 0.029759089 
703 302 6 8 0.02971747 
921 143 6 7 0.029700514 
847 325 16 28 0.029528772 
382 296 7 9 0.029507319 
415 290 7 8 0.029386625 
858 281 5 9 0.02938145 
629 297 6 9 0.029357307 
922 175 6 5 0.02931846 
790 315 5 6 0.029305324 
801 239 4 6 0.02912265 
716 326 8 10 0.028973851 
429 282 6 7 0.028883906 
406 326 10 12 0.028858768 
820 284 6 5 0.028801827 
862 316 9 16 0.028756086 
798 348 9 13 0.028722864 
1019 161 6 8 0.028717117 
368 283 8 9 0.028666606 
237 380 9 17 0.028632784 
875 330 12 16 0.028595485 
358 284 8 8 0.028572904 
635 321 11 16 0.02847847 
699 299 6 9 0.028436378 
817 326 9 16 0.02842258 
385 266 4 6 0.02836468 
806 332 10 14 0.028350148 
45 584 8 15 0.028332425 
733 330 9 14 0.028327761 
328 279 4 5 0.028307643 
936 219 6 6 0.028149962 
928 142 6 7 0.028115034 
831 313 9 11 0.027965914 
702 307 9 10 0.02794972 
354 240 5 5 0.027943103 
2 358 18 32 0.02793896 
878 22 4 6 0.027930813 
835 266 5 5 0.027926322 
782 322 5 7 0.027914556 
858 22 5 6 0.027901234 
396 319 9 12 0.027790269 
4 385 17 30 0.027752256 
619 313 8 9 0.027750751 
238 331 12 17 0.027696125 
367 407 11 17 0.0275442 
501 318 37 43 0.02754228 
711 296 5 7 0.027498642 
883 174 6 6 0.027490674 
185 337 17 23 0.027480414 
683 344 11 19 0.02747758 
396 307 7 9 0.027416475 
386 279 6 7 0.027388994 
433 330 11 14 0.02735063 
597 326 5 8 0.027284782 
583 328 6 7 0.027241876 
367 264 4 6 0.027173102 
871 289 6 7 0.027140057 
406 314 10 11 0.027108518 
418 308 17 19 0.027036885 
788 303 4 6 0.02696491 
321 241 5 5 0.026953341 
366 300 9 10 0.026915003 
790 146 12 12 0.026899582 
3 113 14 15 0.026833123 
389 287 7 10 0.026752826 
792 138 11 14 0.026706541 
845 307 9 12 0.02660796 
360 255 4 4 0.026600145 
817 312 8 11 0.026509352 
343 348 12 17 0.026481913 
1082 275 13 21 0.026454082 
793 319 16 21 0.026360568 
0 110 8 12 0.026342092 
373 388 10 17 0.026275571 
604 303 5 7 0.02626168 
719 302 5 7 0.02623412 
4 288 10 14 0.026214011 
392 302 6 7 0.026104242 
633 282 6 7 0.02601704 
979 132 7 7 0.025898129 
574 285 3 5 0.025866369 
882 294 6 11 0.025837854 
1012 238 37 53 0.025832914 
563 303 5 7 0.025831392 
632 278 6 6 0.025827086 
379 266 5 5 0.025741728 
929 137 6 6 0.025730683 
759 326 15 22 0.025684029 
615 327 9 11 0.025636107 
411 284 6 5 0.025635982 
799 311 6 7 0.025611568 
629 339 14 19 0.025494583 
982 135 9 10 0.025493717 
318 356 10 14 0.025455996 
600 317 15 19 0.025377655 
468 345 20 24 0.025312975 
906 320 12 20 0.025243051 
921 147 7 8 0.025236253 
728 310 6 7 0.025214938 
598 493 11 17 0.025203161 
815 272 5 5 0.025181042 
796 127 11 17 0.025179472 
937 313 22 30 0.025064513 
408 385 20 29 0.025020372 
9 299 12 14 0.025020063 
854 277 4 8 0.02496573 
35 322 20 30 0.024928067 
330 372 10 19 0.02486461 
202 320 7 9 0.024838923 
380 313 7 9 0.024816906 
349 333 11 14 0.024759233 
848 360 10 18 0.024731485 
813 322 7 10 0.024711648 
182 346 14 20 0.024611445 
234 350 10 20 0.024604376 
637 293 16 23 0.024569271 
355 259 4 5 0.024556024 
844 317 11 17 0.02455059 
293 239 6 6 0.024504865 
370 321 7 11 0.024447778 
961 227 7 7 0.024358476 
367 304 9 13 0.02428502 
852 22 5 7 0.02427752 
893 294 16 26 0.024246057 
750 286 4 6 0.024217412 
360 295 6 7 0.024176413 
384 289 8 9 0.024156356 
350 278 6 7 0.024095139 
285 294 10 12 0.024082245 
380 270 5 6 0.024066642 
757 302 5 7 0.023999536 
924 188 6 6 0.023998043 
751 458 5 5 0.02399691 
355 388 9 13 0.023965694 
906 342 32 45 0.023847112 
58 618 21 28 0.023827894 
901 300 8 15 0.023790423 
347 301 8 9 0.023767339 
639 290 7 9 0.023734689 
248 237 7 12 0.02369983 
404 284 5 6 0.023663405 
840 2 4 7 0.023639465 
755 323 8 11 0.023573937 
546 300 7 10 0.023532303 
800 334 14 23 0.023498531 
358 259 5 5 0.023474693 
328 225 6 7 0.023445545 
850 345 16 28 0.023435278 
618 355 25 31 0.023417808 
807 278 5 6 0.023389518 
1005 608 57 112 0.023371615 
269 276 8 10 0.023329912 
782 350 17 21 0.023303587 
28 357 12 15 0.023295589 
691 322 10 16 0.02328386 
213 532 25 26 0.023254279 
461 490 44 49 0.023254206 
923 138 4 5 0.023251785 
539 288 5 7 0.023211384 
750 302 6 7 0.023185777 
423 284 5 6 0.023155054 
368 312 7 12 0.023133088 
864 290 6 8 0.023108037 
860 350 16 29 0.023067228 
358 324 7 11 0.023043023 
421 326 9 10 0.022988703 
773 363 11 13 0.022987232 
813 257 5 6 0.02293833 
0 486 30 46 0.022897754 
917 306 19 31 0.022870982 
788 322 5 7 0.022862788 
1019 141 7 9 0.022857517 
0 117 8 12 0.022835188 
240 325 9 12 0.022833224 
81 670 13 15 0.022789555 
411 290 7 7 0.022767028 
338 340 11 16 0.02276326 
540 325 14 16 0.022733662 
1010 182 7 7 0.022686863 
457 288 7 9 0.02267394 
635 476 5 5 0.02262264 
748 321 9 13 0.02256034 
623 469 4 6 0.022523139 
378 308 8 10 0.022505984 
576 285 4 5 0.022483407 
814 291 5 5 0.022472689 
407 302 9 9 0.022471344 
382 353 10 15 0.022462796 
852 281 6 10 0.02246132 
1073 287 17 30 0.02243482 
700 291 5 6 0.022387097 
805 267 6 9 0.022327954 
796 245 4 5 0.022302637 
337 363 11 18 0.022269567 
399 297 6 8 0.022192804 
671 382 17 25 0.02217646 
281 282 7 8 0.02214489 
469 335 34 47 0.022129122 
976 403 25 44 0.022116795 
927 211 7 8 0.02204912 
399 259 4 5 0.022010094 
883 188 7 6 0.0220093 
379 320 7 10 0.022002572 
807 247 5 5 0.02190328 
785 338 7 10 0.021829931 
986 194 6 7 0.021796692 
1005 700 24 25 0.021718431 
0 365 7 19 0.02171212 
675 279 5 7 0.021705836 
264 281 17 21 0.021681653 
429 279 5 6 0.021668723 
847 7 5 9 0.021619296 
467 -87 471 375 0.021609634 
1043 186 11 17 0.021598795 
793 331 7 11 0.021500155 
796 235 3 5 0.021473242 
704 296 5 7 0.02146846 
364 326 8 11 0.021442384 
839 282 6 8 0.021414882 
744 286 4 6 0.021405833 
842 330 11 19 0.02139867 
391 272 5 5 0.021354942 
644 317 9 16 0.021322243 
-1 341 15 32 0.021296723 
289 277 6 6 0.021296589 
46 629 11 16 0.021281093 
801 245 5 6 0.021277996 
768 284 5 6 0.021251857 
396 283 6 7 0.021248551 
929 163 6 5 0.021243183 
217 320 8 8 0.021234741 
348 342 11 15 0.021196486 
396 314 8 10 0.02110731 
783 322 16 20 0.020998443 
1057 189 9 15 0.020971011 
936 226 6 8 0.020918282 
273 348 10 15 0.020859411 
1019 172 9 12 0.020839859 
197 336 18 26 0.020833183 
940 225 7 8 0.020816615 
398 325 16 20 0.02079337 
864 283 5 7 0.020773368 
857 253 48 60 0.020737423 
880 197 9 8 0.020736078 
761 245 5 8 0.020727543 
1057 200 9 16 0.020709293 
301 257 6 7 0.020682465 
363 347 16 21 0.020680066 
974 219 7 8 0.020661658 
671 310 20 29 0.020657944 
986 278 33 44 0.020649912 
557 308 7 10 0.020590909 
297 371 17 23 0.020574484 
621 296 5 7 0.020569963 
998 223 22 33 0.020536218 
244 237 7 11 0.02053354 
1019 154 7 10 0.020526735 
27 389 18 17 0.020500978 
1055 209 11 18 0.02048708 
978 316 25 38 0.020432113 
888 332 18 28 0.02041705 
421 296 7 7 0.020383043 
516 394 37 46 0.020368386 
947 156 7 8 0.020365145 
889 194 9 9 0.020363254 
710 310 7 8 0.020348694 
870 224 7 9 0.02034627 
377 283 7 7 0.020340133 
364 335 16 20 0.020335054 
925 322 21 31 0.020316048 
856 322 15 28 0.0202969 
877 289 6 8 0.020243917 
963 231 11 12 0.020242667 
287 155 5 6 0.020241678 
519 603 10 14 0.020194564 
756 439 7 7 0.020185737 
905 265 4 5 0.020135062 
281 347 19 22 0.020128453 
879 212 7 8 0.020120975 
211 315 7 9 0.020102104 
431 343 12 14 0.020066602 
648 399 12 15 0.020063912 
637 312 9 15 0.020055512 
333 241 5 6 0.020029705 
372 260 4 5 0.020027857 
