0_Parade_Parade_0_218
517
739 384 36 41 0.994325 
847 526 21 22 0.7847929 
945 538 9 14 0.7306607 
927 622 11 13 0.69620836 
966 546 10 11 0.6105764 
943 610 10 15 0.58455694 
101 525 12 16 0.52547216 
294 387 28 36 0.43684733 
678 508 7 9 0.431382 
955 553 7 12 0.3807411 
100 563 9 10 0.37577322 
1016 535 8 11 0.3576596 
858 527 18 23 0.34590307 
295 150 391 377 0.32986724 
39 560 8 9 0.29926023 
241 594 11 14 0.27255225 
113 568 9 13 0.25920567 
867 534 12 19 0.24940398 
89 554 7 7 0.21691293 
142 559 11 13 0.21457854 
33 574 7 7 0.2074944 
917 545 9 13 0.20666525 
84 585 10 12 0.19474581 
274 560 7 11 0.18648477 
361 667 10 16 0.17337096 
76 585 9 12 0.17086485 
255 621 12 17 0.1652566 
975 602 11 15 0.1582475 
65 554 8 9 0.15230627 
170 656 12 16 0.15167265 
326 538 7 11 0.1510986 
56 578 9 12 0.14070025 
105 516 8 9 0.13794364 
238 610 14 15 0.13402288 
295 579 7 12 0.13121454 
883 546 8 10 0.12456221 
282 523 6 10 0.12373947 
666 507 6 9 0.120708235 
115 546 9 10 0.11904362 
928 557 8 13 0.1158266 
1007 600 13 15 0.11552988 
5 552 9 10 0.11399186 
1002 553 8 9 0.11366978 
921 581 8 13 0.11344312 
274 580 10 16 0.11256551 
683 534 6 9 0.109023064 
672 521 6 10 0.10866623 
308 524 5 8 0.10700112 
834 495 17 22 0.106877066 
634 507 7 12 0.10629698 
673 508 6 8 0.10584125 
870 496 7 9 0.10562294 
665 521 6 9 0.10202369 
256 545 9 14 0.100344665 
0 611 6 13 0.09759931 
658 560 9 16 0.097512856 
39 556 7 8 0.09598021 
117 583 9 16 0.09269664 
270 425 38 51 0.09259366 
929 538 7 12 0.092180975 
329 511 5 7 0.09106431 
322 540 5 9 0.09039285 
287 603 10 14 0.0894612 
200 662 13 17 0.08792269 
267 536 7 10 0.086143024 
75 594 9 16 0.08591558 
992 558 8 10 0.0855097 
217 175 7 10 0.084556915 
312 527 6 8 0.084366456 
980 535 6 9 0.0843558 
115 554 8 9 0.08050513 
255 601 10 15 0.08050498 
82 593 10 15 0.08043111 
54 573 9 11 0.08037676 
276 587 9 15 0.080337785 
873 553 9 12 0.0790012 
115 646 9 17 0.07782934 
1034 586 15 21 0.077211194 
129 553 8 9 0.07625089 
32 580 6 7 0.07417136 
291 534 6 10 0.07414898 
943 558 6 11 0.069963194 
312 510 6 9 0.06949491 
71 603 8 13 0.06944902 
174 636 13 17 0.06933681 
1030 595 18 24 0.069035076 
26 580 7 7 0.068842486 
647 511 7 13 0.068406045 
69 558 7 8 0.068199754 
894 552 9 12 0.06651009 
907 527 11 16 0.06480912 
303 523 5 8 0.06475125 
321 535 6 10 0.06395644 
104 520 10 13 0.063903965 
918 557 9 13 0.06317488 
1057 582 9 15 0.06297511 
661 516 5 9 0.06278923 
239 600 13 16 0.06272955 
932 534 7 12 0.06267545 
1056 593 10 16 0.06263623 
94 478 18 24 0.06260127 
662 509 5 8 0.06208541 
286 522 6 9 0.06175331 
313 564 7 11 0.061130382 
653 533 7 11 0.06042408 
985 539 7 11 0.05886203 
711 382 21 28 0.057712883 
1041 579 11 16 0.057536844 
314 586 6 9 0.057399645 
61 652 12 23 0.05614049 
269 565 7 12 0.05573948 
107 590 9 13 0.055716477 
948 613 12 17 0.05485874 
638 507 6 12 0.05470834 
25 575 6 6 0.054526366 
57 553 7 8 0.054517988 
301 517 4 6 0.05433053 
340 578 8 10 0.054273855 
1054 604 11 17 0.053213798 
21 575 6 6 0.052144133 
107 566 10 11 0.05209147 
954 476 6 8 0.05176255 
654 529 5 9 0.0517485 
223 530 9 14 0.05167328 
910 579 7 10 0.051469862 
662 521 6 10 0.051364414 
297 516 4 7 0.05049489 
88 558 8 9 0.050274745 
997 553 10 11 0.050182145 
394 260 31 27 0.04968436 
107 560 9 9 0.049362537 
17 567 7 8 0.049276333 
683 503 7 11 0.04918468 
1095 618 7 13 0.04799953 
1 605 7 12 0.04786294 
42 563 9 11 0.047766834 
308 578 6 10 0.0477426 
989 542 8 10 0.047420166 
388 335 25 38 0.04741706 
997 564 9 13 0.04663649 
1093 591 7 14 0.046626695 
971 607 10 14 0.046114422 
300 546 7 11 0.046047796 
209 633 13 17 0.045764465 
279 578 8 13 0.045485497 
322 547 5 9 0.04500448 
962 534 6 8 0.044783115 
214 179 8 12 0.044721127 
679 528 7 10 0.04454123 
283 398 30 35 0.043958247 
74 581 9 10 0.04358003 
94 515 8 10 0.043432355 
347 529 5 9 0.04307417 
278 642 12 18 0.042908333 
966 534 6 8 0.04269511 
875 542 9 14 0.04264938 
144 532 7 11 0.042503737 
110 570 16 24 0.04250323 
287 577 7 13 0.042438306 
689 565 10 13 0.04242572 
1002 564 9 13 0.04193511 
719 326 35 30 0.041898888 
95 572 10 12 0.041728705 
165 652 11 16 0.041531015 
1003 558 8 11 0.04147297 
991 597 9 13 0.041426197 
104 485 14 16 0.041128382 
962 530 5 8 0.04107169 
71 542 5 6 0.04090453 
250 507 22 29 0.040738247 
1090 548 9 15 0.040367305 
942 578 7 12 0.040289506 
301 528 5 8 0.0402544 
919 564 9 12 0.040168203 
1055 616 11 19 0.040027875 
626 533 7 14 0.03996062 
293 538 7 11 0.039817147 
336 585 9 11 0.03975199 
295 531 5 7 0.039553642 
69 549 8 8 0.039440837 
288 567 6 10 0.039306954 
34 585 6 8 0.03909363 
235 595 11 14 0.039090864 
341 541 7 10 0.03908789 
271 627 10 15 0.03895661 
333 513 5 8 0.038877662 
921 570 9 13 0.038862742 
908 583 8 11 0.03876912 
310 515 5 7 0.038619593 
960 566 6 10 0.03843411 
984 535 6 9 0.038271017 
295 616 7 12 0.038245495 
127 670 16 24 0.03785606 
946 573 5 9 0.037794277 
1027 614 21 31 0.03768636 
86 561 6 6 0.03756635 
698 514 9 13 0.037541952 
37 585 7 9 0.037476182 
1001 534 9 10 0.03738264 
248 572 8 13 0.037206296 
278 526 6 10 0.03715918 
901 596 8 14 0.03714334 
301 512 4 6 0.036711626 
141 528 8 11 0.036614086 
989 634 16 27 0.03660094 
24 602 9 12 0.03648839 
143 570 11 13 0.036197487 
1058 557 8 15 0.036011536 
295 589 7 13 0.03600404 
99 566 17 23 0.035718717 
256 564 9 13 0.03571063 
939 526 8 11 0.03570445 
1058 570 8 15 0.035542745 
621 516 7 12 0.035381585 
313 579 7 10 0.035148114 
1008 566 8 11 0.035088718 
269 577 8 14 0.03494421 
927 544 8 12 0.03485709 
279 559 7 11 0.034739975 
961 547 7 11 0.034644026 
183 669 11 16 0.03461422 
670 532 7 11 0.03460702 
175 233 13 15 0.034538474 
196 569 12 20 0.034519654 
4 573 8 9 0.034495983 
92 510 17 20 0.03446779 
4 620 10 14 0.034346238 
790 191 11 9 0.03433501 
928 571 8 14 0.03415243 
289 571 6 11 0.03407886 
110 554 7 8 0.033967707 
973 530 7 8 0.03392232 
996 595 11 14 0.033907443 
581 39 6 5 0.033820182 
967 558 7 11 0.033587515 
955 565 6 12 0.033396803 
111 532 9 12 0.033385687 
256 582 9 14 0.03331838 
988 553 7 10 0.033260092 
644 235 34 38 0.033231094 
868 546 17 23 0.03311905 
905 590 8 14 0.033092916 
85 549 6 7 0.03271632 
666 534 7 11 0.032577984 
54 568 9 8 0.032573417 
291 609 9 12 0.032512933 
659 553 8 14 0.03244653 
32 555 7 6 0.032322966 
683 574 13 15 0.03223922 
1092 498 9 17 0.032229107 
925 577 9 14 0.032136273 
291 634 10 15 0.0320618 
65 611 6 12 0.032030053 
1019 558 9 12 0.031974316 
950 534 8 11 0.03196437 
281 509 5 8 0.031926937 
1016 534 15 20 0.03171451 
945 565 6 11 0.031618398 
-3 320 15 42 0.03161541 
286 550 7 11 0.031552155 
315 534 5 10 0.03154646 
28 555 6 6 0.031526774 
849 530 32 42 0.0315046 
294 94 6 7 0.03134954 
653 522 5 10 0.031107277 
1083 640 10 17 0.0309998 
646 532 7 13 0.03089103 
1090 569 9 16 0.030836282 
1034 569 11 17 0.030739577 
202 195 9 11 0.030672092 
0 606 14 22 0.030558454 
613 658 10 17 0.030493282 
396 664 9 14 0.030482966 
306 540 7 12 0.030385274 
159 651 10 14 0.030241376 
93 511 29 35 0.030187463 
203 628 11 15 0.030058099 
677 522 7 9 0.030045494 
55 580 14 20 0.0298814 
229 626 12 16 0.029852217 
375 168 121 109 0.029819954 
915 475 7 12 0.029785393 
1018 206 9 15 0.029655531 
221 645 9 17 0.029648649 
658 527 6 9 0.02957425 
915 582 8 13 0.02957068 
0 600 6 11 0.029558033 
308 398 13 19 0.029433941 
362 586 8 11 0.029432246 
308 535 6 9 0.02940656 
324 583 9 11 0.029391112 
101 654 12 19 0.029319342 
1010 572 9 11 0.029290693 
231 584 11 16 0.029211681 
632 531 10 14 0.029204136 
900 578 8 12 0.02912526 
104 642 16 28 0.029109307 
1089 524 10 17 0.02903525 
138 493 9 11 0.029022293 
888 551 9 12 0.029002106 
979 531 6 8 0.028990354 
74 553 7 7 0.028957115 
126 588 9 15 0.02871076 
968 531 5 7 0.028672004 
879 541 17 22 0.028575704 
851 219 7 9 0.02854341 
1035 556 10 16 0.028364416 
300 573 7 11 0.028315896 
308 561 6 9 0.028174978 
92 631 13 20 0.028065786 
1066 291 19 30 0.028054906 
1020 555 15 21 0.027987042 
938 284 22 26 0.02791391 
633 505 16 27 0.027885783 
325 527 7 10 0.02781535 
1076 260 20 34 0.02774627 
1035 533 9 16 0.027742531 
218 171 8 11 0.027736127 
110 548 7 8 0.027684597 
1057 543 9 16 0.027604058 
250 133 7 9 0.027582927 
957 603 10 13 0.027570002 
400 210 28 29 0.027470285 
1002 579 11 16 0.027424116 
451 353 26 24 0.027399993 
128 557 8 11 0.027382791 
893 615 8 13 0.027217774 
714 514 10 15 0.02721245 
273 571 9 17 0.027208863 
67 603 16 26 0.027190968 
1035 544 9 16 0.027109712 
288 528 6 8 0.027098427 
652 557 10 18 0.02701827 
247 626 12 15 0.027006095 
222 672 12 16 0.026989684 
357 554 8 14 0.026875114 
279 594 9 14 0.026846264 
565 36 6 6 0.02675681 
672 316 81 109 0.026741045 
293 573 14 23 0.02669699 
1046 571 9 14 0.026635978 
309 584 6 12 0.026542101 
686 496 7 12 0.02638841 
57 551 6 6 0.026352942 
256 124 7 11 0.026221821 
397 618 7 13 0.026064038 
267 571 8 11 0.025966162 
26 584 8 9 0.025844246 
620 531 7 13 0.025818244 
950 602 12 16 0.025749138 
44 550 7 6 0.02574625 
1003 540 7 9 0.025603147 
41 92 18 33 0.025590599 
932 607 14 22 0.0254069 
698 356 43 55 0.025383411 
877 629 10 13 0.025318777 
293 572 8 13 0.025292609 
295 545 6 12 0.025290256 
263 650 12 19 0.025264286 
623 519 8 15 0.025185056 
597 162 27 26 0.025112284 
940 604 9 18 0.025084108 
111 537 15 19 0.025038837 
282 552 7 11 0.025033737 
997 597 18 22 0.025007678 
13 580 7 7 0.024990488 
19 624 10 10 0.024977602 
114 509 9 9 0.024871474 
51 554 7 7 0.02478838 
1002 590 11 16 0.02478167 
96 526 10 12 0.024752961 
296 522 5 7 0.024749579 
83 541 6 7 0.024643015 
205 200 7 9 0.024633626 
3 553 5 9 0.024547283 
24 635 9 13 0.024530735 
896 596 8 13 0.02445384 
90 529 7 8 0.024434602 
946 552 8 14 0.024422735 
1047 430 8 15 0.024365135 
657 549 17 28 0.024350675 
151 547 9 12 0.024317289 
891 285 19 26 0.024292305 
893 646 11 18 0.024274904 
119 567 8 10 0.02424896 
300 560 8 11 0.024233898 
942 535 7 13 0.02422042 
177 596 11 15 0.024210464 
665 527 7 10 0.0241224 
938 618 10 16 0.02411036 
282 604 8 12 0.023958545 
905 599 9 16 0.023931567 
244 539 8 12 0.023867136 
626 514 7 11 0.02368678 
339 522 5 8 0.023658557 
86 639 12 19 0.023606053 
114 592 11 15 0.023596713 
322 515 5 7 0.023416309 
20 579 7 7 0.02340219 
247 558 8 13 0.023374412 
638 531 10 15 0.023321133 
154 256 25 38 0.02331947 
58 595 44 58 0.023310672 
888 564 11 15 0.023288582 
351 165 54 39 0.023202013 
292 594 9 15 0.023187136 
671 552 9 15 0.023160135 
670 570 9 13 0.023148624 
647 502 7 13 0.023104055 
1003 529 8 9 0.02308873 
1017 570 9 14 0.023069462 
324 648 11 15 0.023050264 
83 566 8 8 0.023037994 
241 299 23 40 0.023007458 
692 529 6 7 0.022988703 
95 558 16 17 0.022983246 
993 563 9 12 0.02289385 
39 630 7 12 0.022840617 
261 565 8 13 0.022818154 
325 544 6 11 0.022804411 
332 580 7 10 0.022784758 
315 540 5 9 0.022775918 
319 584 8 11 0.022763245 
1024 232 25 41 0.022747152 
4 599 9 10 0.022733146 
651 514 6 11 0.022661716 
241 513 9 12 0.022618687 
990 554 16 19 0.02261661 
127 510 7 8 0.022604767 
321 527 6 9 0.0225783 
335 523 5 7 0.022566002 
902 531 9 13 0.022535922 
158 642 12 14 0.022503367 
676 503 14 19 0.022489773 
177 608 11 13 0.022488983 
946 434 105 135 0.022479706 
78 518 6 6 0.022437088 
664 569 9 14 0.022379795 
119 504 9 9 0.022376789 
880 531 12 16 0.022345407 
1011 530 8 9 0.022283776 
198 670 12 15 0.022275688 
315 570 7 13 0.022224449 
95 550 6 7 0.02217456 
657 546 8 12 0.022173416 
947 345 19 24 0.022162123 
652 509 5 10 0.022124432 
656 537 7 13 0.022119204 
214 468 10 15 0.02209685 
263 539 7 12 0.022076117 
247 608 9 13 0.022070609 
103 512 7 7 0.021967322 
283 515 5 9 0.021928927 
286 645 11 17 0.021922398 
274 515 7 10 0.021863205 
152 599 7 11 0.021855218 
164 616 10 12 0.021839535 
671 539 6 10 0.021813046 
933 602 7 12 0.021794433 
618 524 8 16 0.021756962 
85 548 18 19 0.021738775 
920 626 11 14 0.021625364 
274 536 7 9 0.021622388 
255 589 11 16 0.021619802 
32 550 6 6 0.021601561 
693 536 5 8 0.021597276 
892 595 15 24 0.021596607 
300 533 6 10 0.021520663 
997 575 9 12 0.02150324 
281 563 7 12 0.021502968 
926 138 158 191 0.021478562 
975 612 10 15 0.021443708 
1080 665 11 19 0.021359444 
948 266 6 9 0.021322725 
880 704 150 135 0.021309184 
340 527 6 9 0.021253724 
635 273 34 49 0.021252053 
89 486 10 12 0.021246092 
784 189 11 10 0.021169398 
945 583 7 12 0.021159844 
1005 569 17 23 0.021069426 
931 563 8 13 0.020964652 
260 511 11 14 0.020923808 
975 621 35 44 0.020917349 
977 534 14 21 0.020917004 
893 527 10 14 0.020874914 
197 237 10 15 0.020833524 
1012 215 7 11 0.020818705 
70 537 6 6 0.02080121 
1 569 5 7 0.02077338 
286 612 10 15 0.02074246 
914 270 9 12 0.020642018 
60 573 9 11 0.020625567 
966 605 9 13 0.020559106 
642 531 17 25 0.020542875 
682 565 12 16 0.020514868 
307 647 10 14 0.020514464 
902 585 7 11 0.020498872 
207 620 14 15 0.020492563 
645 552 9 14 0.020486515 
626 511 35 52 0.020425148 
1019 630 17 24 0.02042237 
322 510 5 8 0.020403977 
335 527 5 8 0.020399017 
647 490 5 9 0.020310871 
120 614 10 15 0.020286595 
11 573 8 7 0.020270422 
927 529 8 12 0.020269534 
1080 235 19 33 0.020210594 
1053 394 11 21 0.020187087 
6 568 8 8 0.020173004 
229 565 8 12 0.02017239 
23 110 33 51 0.020134667 
921 475 8 11 0.02012687 
663 546 8 13 0.02007732 
331 533 6 11 0.020072503 
228 527 7 12 0.020055551 
