0_Parade_marchingband_1_620
480
911 326 32 37 0.99561715 
440 242 19 25 0.9860882 
839 352 27 28 0.9803182 
799 412 29 40 0.96575546 
769 337 24 37 0.96471643 
820 251 21 23 0.9597851 
1008 330 18 29 0.9575703 
194 175 18 23 0.9479959 
325 241 24 27 0.9478183 
255 197 19 25 0.9440885 
660 338 30 36 0.93896055 
118 276 21 22 0.9261748 
906 218 17 20 0.919198 
957 236 13 17 0.90262336 
85 193 14 18 0.8415201 
859 204 16 19 0.66686857 
967 266 20 28 0.650889 
515 176 10 15 0.6294595 
586 175 15 24 0.62464654 
615 243 13 18 0.62347066 
288 234 19 25 0.5987235 
110 190 18 23 0.5734807 
920 260 12 20 0.5622343 
399 194 10 16 0.5281243 
407 171 12 20 0.49702972 
978 220 14 18 0.46768153 
623 162 10 16 0.45312905 
465 188 16 24 0.38778853 
310 187 13 17 0.37318408 
776 407 19 31 0.35896724 
207 181 11 15 0.35456353 
958 173 19 20 0.30086777 
131 227 23 34 0.29207328 
719 163 11 19 0.27165884 
810 196 15 14 0.2715293 
764 208 18 23 0.26007026 
420 183 9 15 0.24874766 
414 196 8 13 0.24117836 
739 181 9 15 0.223125 
923 237 11 20 0.22286616 
1009 576 16 33 0.20689322 
327 178 12 16 0.20334642 
872 227 14 16 0.19755544 
561 163 11 20 0.19264503 
172 189 11 17 0.18901244 
839 231 17 22 0.17534548 
728 169 8 17 0.16174951 
848 373 24 41 0.15399711 
529 185 10 15 0.15276888 
958 568 46 62 0.15091075 
62 187 10 18 0.14639013 
912 229 12 22 0.14614345 
695 180 6 8 0.14022754 
783 183 11 16 0.13640103 
627 191 8 14 0.12870933 
391 198 8 12 0.12446054 
631 172 8 13 0.12187699 
492 218 10 16 0.11724017 
0 136 9 19 0.11543948 
770 220 11 17 0.11382651 
856 279 18 31 0.11354944 
904 192 17 22 0.10719375 
414 180 11 16 0.10174049 
620 279 13 27 0.10141109 
843 242 12 20 0.10059586 
460 196 10 14 0.09861133 
339 246 14 18 0.09848598 
857 251 15 23 0.0981208 
874 181 8 10 0.09479629 
658 197 6 10 0.09411791 
208 208 11 19 0.09353635 
477 196 7 13 0.09330083 
939 177 12 13 0.092477225 
312 163 10 14 0.088992395 
830 171 10 12 0.08875797 
408 212 10 18 0.0878785 
490 198 7 11 0.08765119 
479 206 5 9 0.08679497 
743 217 8 13 0.08502312 
867 261 18 23 0.08444522 
605 243 13 17 0.08412956 
864 226 9 14 0.08400598 
50 252 9 15 0.082962 
734 172 10 17 0.08230275 
394 237 10 16 0.08122221 
678 180 4 6 0.0807068 
851 179 17 23 0.07977364 
685 181 4 6 0.07972297 
831 244 17 27 0.07833712 
674 176 5 7 0.07582459 
425 185 9 14 0.07375017 
106 185 14 18 0.07169861 
70 254 11 14 0.07148735 
265 249 5 11 0.070020944 
795 265 11 17 0.06992404 
488 205 5 9 0.069648385 
950 399 13 18 0.069064945 
506 175 5 6 0.067460224 
455 197 8 12 0.06705374 
690 199 6 9 0.06694281 
635 281 18 26 0.06674849 
928 249 18 23 0.0663466 
241 169 11 13 0.065603316 
1016 338 23 39 0.06513435 
638 179 6 10 0.063906334 
491 212 7 12 0.06306017 
620 167 10 17 0.06293183 
772 400 8 15 0.06269688 
501 174 4 5 0.061805885 
948 233 9 15 0.06093471 
401 206 9 16 0.060820937 
918 228 10 18 0.06063267 
303 168 18 26 0.060556658 
472 201 9 12 0.06009893 
626 174 9 14 0.05977348 
880 201 11 16 0.059114978 
159 197 5 10 0.05905901 
884 180 8 9 0.057454325 
843 262 10 17 0.056283306 
582 523 84 86 0.056168303 
674 180 5 6 0.055981547 
841 292 10 18 0.055858526 
479 210 7 10 0.055676136 
507 180 6 8 0.055614304 
861 180 11 14 0.055422 
80 253 8 12 0.05529386 
591 189 15 26 0.05299905 
337 185 8 12 0.05225557 
848 249 12 20 0.0520574 
408 202 9 17 0.051816415 
646 192 6 11 0.051535953 
918 299 18 27 0.05091314 
599 191 8 15 0.050879832 
147 202 7 12 0.050753493 
944 183 12 14 0.050711446 
705 193 5 9 0.050446924 
486 210 7 11 0.050233092 
744 183 9 14 0.049395278 
706 186 5 9 0.049343143 
398 180 16 26 0.047371525 
481 207 18 27 0.04727118 
860 356 11 16 0.04674529 
647 186 6 10 0.046599146 
696 186 6 9 0.046184927 
435 191 7 13 0.045688 
660 181 4 6 0.045570977 
350 283 23 30 0.04513297 
512 176 7 9 0.045120332 
1026 340 34 59 0.04501555 
513 183 8 11 0.044994727 
677 177 4 6 0.043785237 
856 404 25 41 0.04312218 
867 205 17 19 0.043032933 
520 178 15 21 0.042944428 
479 287 7 13 0.04290437 
952 259 10 16 0.042895537 
64 251 8 11 0.042553384 
915 173 8 10 0.042406637 
255 262 7 10 0.04173152 
945 260 10 16 0.04157884 
266 178 11 16 0.041565124 
126 207 9 15 0.041486382 
290 173 5 9 0.04116735 
213 201 10 16 0.040933177 
94 149 12 18 0.04063955 
685 195 4 6 0.040223118 
938 258 12 16 0.040216 
917 217 10 14 0.04011768 
38 267 15 29 0.04000572 
138 310 16 14 0.039707392 
647 182 4 7 0.03951928 
215 184 7 11 0.038770065 
143 238 12 18 0.038730435 
737 218 6 12 0.038590297 
666 183 4 5 0.03857347 
763 235 8 13 0.03837455 
55 138 10 16 0.038333256 
948 188 12 14 0.037998907 
317 175 15 21 0.03792131 
-4 108 25 49 0.03777154 
868 183 9 11 0.037674323 
822 189 10 12 0.03759954 
410 191 8 15 0.037495308 
741 289 10 18 0.037480224 
873 174 9 10 0.037446633 
570 147 5 9 0.03678102 
1019 173 6 9 0.036597624 
1003 187 9 13 0.03641435 
655 176 4 5 0.03641165 
260 523 24 30 0.036408164 
692 185 5 8 0.03620415 
920 173 10 10 0.035979882 
868 302 11 19 0.035971407 
704 199 7 11 0.03592153 
848 274 19 25 0.03581737 
685 188 4 6 0.03578962 
537 199 7 9 0.035706498 
498 212 6 10 0.035672642 
167 196 7 12 0.035464387 
869 215 18 20 0.035325564 
705 181 5 9 0.03528993 
154 198 6 11 0.034930732 
683 384 10 16 0.034539547 
854 172 11 13 0.034365322 
883 185 8 9 0.034266904 
391 196 16 24 0.034198847 
149 240 11 17 0.03388583 
395 174 9 15 0.033884957 
680 346 12 18 0.033606336 
400 267 8 12 0.033449225 
124 223 17 27 0.0333459 
242 186 6 9 0.033333506 
60 258 11 16 0.03329051 
605 196 8 13 0.03326031 
866 253 11 20 0.033207 
589 228 9 14 0.033155367 
56 255 8 12 0.03304302 
707 34 5 7 0.033020787 
748 268 8 10 0.03301287 
383 206 5 9 0.032820273 
0 102 8 18 0.032730438 
72 247 18 22 0.032608222 
558 200 5 7 0.032592557 
608 158 7 12 0.032479387 
654 194 6 10 0.03245705 
686 199 4 8 0.032418273 
691 195 5 7 0.032417197 
659 177 4 5 0.03240835 
1005 347 22 33 0.032392215 
530 173 6 8 0.03239213 
986 197 8 13 0.03215661 
815 175 6 8 0.03215619 
167 167 14 23 0.031944994 
654 180 5 7 0.031652715 
223 177 8 13 0.03164747 
773 190 9 12 0.031499412 
236 180 7 12 0.031372152 
688 349 9 15 0.030939097 
615 164 7 12 0.030911746 
697 192 6 7 0.030798398 
765 346 14 21 0.030660087 
988 275 9 12 0.03052324 
645 198 7 13 0.03048804 
902 175 7 8 0.030442968 
813 179 9 10 0.030041853 
741 252 6 9 0.029820843 
906 186 10 12 0.029797178 
820 220 11 17 0.029755598 
679 194 4 7 0.029743025 
288 533 5 8 0.02956973 
402 174 10 17 0.02947537 
946 282 11 17 0.029376987 
666 175 4 5 0.029115917 
723 228 6 13 0.02901302 
824 179 9 9 0.02891775 
143 229 11 16 0.028827189 
816 186 10 11 0.028788278 
614 209 9 14 0.028771162 
57 171 17 31 0.028758537 
330 186 11 15 0.028746232 
519 200 6 8 0.028727977 
978 171 8 10 0.028701972 
805 175 6 9 0.028661964 
461 186 30 43 0.028587926 
747 212 7 13 0.028571807 
794 178 7 10 0.028568206 
798 174 8 12 0.028489506 
575 147 6 9 0.02848722 
961 242 13 17 0.028472085 
673 188 4 7 0.028430369 
740 398 13 17 0.028373403 
1009 188 9 14 0.028126892 
343 191 6 9 0.028028753 
126 227 8 15 0.028007045 
440 329 13 14 0.027994601 
881 193 9 11 0.027929893 
318 173 9 13 0.027923577 
667 188 4 6 0.027898649 
332 199 8 12 0.027864154 
1015 212 16 22 0.027758943 
705 174 4 8 0.027756555 
261 245 18 26 0.027616227 
408 259 7 13 0.027477259 
488 192 7 12 0.027457584 
146 191 7 12 0.027422436 
989 570 24 42 0.02741013 
728 220 9 15 0.027339553 
1010 369 12 18 0.027243603 
543 201 6 8 0.027192332 
73 163 20 25 0.027190806 
401 235 8 14 0.027078157 
778 269 10 12 0.026994007 
971 219 13 17 0.026959922 
564 155 6 10 0.02691505 
88 317 15 27 0.026891818 
1021 315 22 37 0.026881045 
688 387 18 21 0.02685596 
1019 51 5 8 0.026814818 
680 200 4 6 0.026788697 
929 240 10 18 0.026735837 
970 240 9 13 0.02658236 
881 214 11 15 0.026582124 
780 181 10 12 0.02655581 
950 177 12 13 0.026550548 
485 238 9 12 0.026491527 
143 203 6 11 0.02635644 
940 197 11 13 0.02629933 
861 382 12 22 0.026292203 
373 200 6 8 0.026287368 
916 258 10 18 0.026216706 
673 193 4 7 0.026208568 
259 183 17 25 0.026120672 
607 361 9 20 0.026109781 
167 206 6 10 0.02568865 
266 243 9 16 0.025680386 
616 155 14 23 0.025556875 
725 223 6 13 0.025548505 
305 157 10 16 0.025546132 
679 188 4 7 0.02543564 
983 274 9 14 0.025427574 
1016 567 17 30 0.025393192 
742 195 9 15 0.02537826 
649 285 9 16 0.0253085 
445 209 8 14 0.025297793 
917 168 19 19 0.02527087 
562 174 8 14 0.025225017 
430 320 9 12 0.0251986 
722 240 7 13 0.025123576 
507 201 5 6 0.02507349 
291 164 8 16 0.024983184 
1017 427 16 29 0.02498251 
1011 182 6 7 0.024961876 
481 231 6 9 0.024929369 
878 181 18 20 0.024816724 
100 216 21 28 0.024797533 
781 346 13 22 0.02477615 
506 173 17 22 0.02476055 
550 176 5 8 0.02471989 
447 287 18 29 0.024715975 
45 253 9 14 0.024666825 
1020 518 6 9 0.02454952 
965 260 11 18 0.024522584 
237 212 6 10 0.024513429 
984 191 8 12 0.024464604 
65 166 18 27 0.024344185 
710 165 16 25 0.024289366 
506 186 6 7 0.02427387 
923 549 72 102 0.024251536 
631 184 7 12 0.024231916 
754 269 9 10 0.024228377 
76 191 10 16 0.024214288 
498 101 61 70 0.024202473 
548 540 8 10 0.024197621 
667 194 4 7 0.024142178 
494 174 4 6 0.02409901 
281 180 5 9 0.0240125 
879 271 10 15 0.02395658 
640 184 6 11 0.02394068 
488 181 6 9 0.023922836 
311 146 8 14 0.02392131 
558 212 6 9 0.023860702 
797 187 7 9 0.023736991 
618 272 9 17 0.023704264 
666 172 4 5 0.023639254 
117 185 11 18 0.023525152 
762 322 21 38 0.023517532 
828 281 17 28 0.023506546 
896 221 11 15 0.023489932 
281 175 5 7 0.023437979 
469 281 19 29 0.02336785 
580 335 9 16 0.02330907 
783 196 11 17 0.023252226 
243 191 8 13 0.023246916 
941 150 22 20 0.023195324 
755 174 7 9 0.023063712 
850 223 9 14 0.023051886 
651 188 14 23 0.023040265 
1017 209 9 14 0.022874892 
760 205 12 18 0.022870071 
390 177 16 26 0.022864578 
1019 7 5 7 0.022841929 
370 276 5 10 0.022788694 
488 186 6 10 0.022773366 
697 177 5 7 0.022709649 
491 181 5 7 0.02265965 
855 263 13 18 0.022616899 
869 176 18 19 0.022600435 
898 183 20 22 0.022585463 
168 210 7 13 0.022575255 
182 190 8 13 0.022558605 
340 277 21 30 0.022535166 
814 256 8 13 0.022497451 
491 188 6 8 0.022354389 
907 175 7 8 0.02233354 
3 245 23 36 0.022313168 
478 214 9 13 0.022286976 
543 169 6 7 0.022275591 
940 226 11 20 0.022275185 
522 174 8 10 0.022271985 
557 172 6 10 0.022244811 
975 304 30 40 0.022105759 
763 211 33 40 0.022102723 
152 220 5 7 0.021992667 
75 172 10 14 0.021989334 
1018 186 6 11 0.021982368 
229 234 8 13 0.0219664 
120 213 16 25 0.021951849 
874 297 18 32 0.021945676 
1019 4 4 6 0.021917649 
825 169 18 22 0.021906361 
765 286 11 18 0.021901963 
415 197 15 23 0.021879522 
490 154 66 82 0.021841843 
445 296 10 19 0.021840107 
142 192 5 10 0.021826183 
603 288 4 8 0.021817453 
964 281 12 17 0.021764101 
692 180 16 22 0.021704793 
522 118 25 30 0.021681976 
1020 510 16 24 0.021664783 
792 187 7 10 0.021660779 
692 178 5 6 0.021556046 
424 537 6 9 0.02155279 
51 158 16 26 0.021486603 
686 178 3 5 0.02147801 
593 224 8 13 0.02145498 
62 246 16 22 0.02143676 
939 162 20 22 0.021399427 
100 197 8 13 0.021364927 
176 197 11 18 0.021349821 
654 42 3 5 0.021345919 
990 252 9 15 0.021334607 
479 262 7 10 0.021274893 
731 30 41 46 0.02125605 
274 179 7 12 0.021230564 
639 192 16 26 0.021226127 
602 236 25 40 0.02121379 
652 187 5 7 0.021142147 
632 173 16 24 0.021121103 
843 170 9 14 0.021037357 
615 172 7 12 0.020996697 
972 319 19 32 0.020991908 
904 261 18 27 0.020966638 
834 205 10 13 0.02092356 
335 203 9 12 0.020918068 
598 28 4 5 0.020874653 
958 166 12 15 0.020786686 
337 197 8 13 0.020745384 
520 206 4 6 0.02070942 
440 282 9 17 0.020697583 
639 323 9 14 0.020660957 
483 293 7 12 0.02064288 
876 197 10 14 0.020622514 
686 48 4 6 0.020567508 
504 557 19 32 0.020554306 
754 205 7 13 0.020519594 
696 200 6 9 0.020507822 
747 289 17 21 0.020497471 
480 224 7 10 0.02048512 
1019 287 7 11 0.020483114 
885 197 11 14 0.020482315 
62 249 29 46 0.020471755 
964 310 10 15 0.02039846 
559 240 9 14 0.02038561 
435 215 17 27 0.020372793 
708 192 6 10 0.020364521 
226 227 9 15 0.020361036 
970 169 8 11 0.020307872 
937 269 19 28 0.020230953 
509 400 297 369 0.020195212 
80 174 19 33 0.020175112 
952 155 19 22 0.02016369 
924 178 10 9 0.020163137 
0 236 6 15 0.020160964 
662 362 24 31 0.02015244 
647 170 4 7 0.020138571 
758 28 40 50 0.020127028 
272 202 9 15 0.02010499 
787 394 22 33 0.020096023 
316 192 12 18 0.020065892 
