0_Parade_Parade_0_814
713
768 513 18 27 0.98024255 
894 553 16 20 0.9255373 
777 382 10 16 0.8677758 
472 371 13 17 0.84071887 
133 416 9 10 0.80938196 
338 400 10 13 0.80399686 
753 375 10 17 0.7427491 
366 337 13 19 0.7267582 
102 395 7 9 0.71461296 
409 448 19 22 0.71402156 
931 536 17 30 0.6985246 
113 411 8 9 0.5408269 
343 376 8 14 0.51538366 
682 395 9 12 0.5037481 
927 526 15 27 0.49412024 
497 376 13 15 0.48875648 
127 386 6 7 0.48818803 
404 393 13 16 0.4658242 
126 404 7 8 0.4141589 
324 407 8 11 0.401332 
318 395 9 10 0.36599255 
140 442 9 12 0.3592091 
165 402 7 9 0.34496814 
984 412 8 10 0.3374493 
818 548 11 18 0.31256592 
951 415 11 16 0.300165 
313 397 8 10 0.28556675 
-2 379 44 38 0.2794592 
151 408 8 9 0.27488473 
616 555 23 40 0.24995159 
288 429 9 9 0.24654384 
310 398 6 8 0.23080544 
124 387 5 7 0.21063383 
101 419 6 7 0.20384279 
86 443 10 10 0.19815879 
294 391 7 10 0.19647814 
156 318 9 14 0.19530411 
161 398 7 9 0.18700857 
84 410 8 8 0.18434243 
91 385 6 7 0.18372184 
310 444 9 9 0.1810439 
70 380 6 6 0.17589435 
972 425 11 12 0.17549352 
708 435 10 13 0.17354153 
96 417 8 9 0.16636956 
95 423 8 9 0.16436286 
83 405 7 7 0.16218424 
127 443 7 9 0.16175805 
121 372 5 7 0.16109492 
313 373 5 8 0.15489137 
314 378 6 9 0.15282333 
73 417 10 7 0.15221524 
78 388 6 6 0.14731778 
465 490 10 14 0.14526151 
289 393 7 9 0.14291015 
189 345 11 15 0.1425633 
143 360 5 6 0.14152676 
298 390 8 10 0.14091702 
239 368 12 16 0.14076482 
52 442 7 9 0.13687669 
140 459 9 11 0.13397732 
760 420 8 13 0.13161147 
115 435 8 9 0.12644133 
141 385 5 5 0.12640949 
78 391 7 6 0.12542602 
123 392 6 6 0.1253371 
142 382 4 5 0.1250827 
747 437 7 9 0.12298869 
136 382 4 6 0.12098515 
337 581 32 53 0.1203709 
116 386 5 6 0.12012306 
44 429 6 7 0.119527936 
91 381 5 6 0.1177779 
728 383 8 13 0.1175374 
336 569 21 36 0.11740839 
128 391 6 6 0.11602873 
459 399 12 14 0.11422385 
82 388 6 6 0.11420962 
135 441 8 11 0.11380566 
134 394 6 6 0.112164356 
265 430 6 9 0.11214463 
87 468 9 9 0.11170382 
58 398 6 6 0.11109406 
94 412 9 7 0.110762335 
886 601 21 21 0.10954277 
898 317 10 16 0.10924033 
1005 410 8 12 0.10920748 
140 437 7 9 0.10891309 
122 368 4 5 0.10859917 
757 396 7 12 0.104658715 
292 396 7 10 0.10462964 
306 308 9 11 0.10123531 
605 537 22 33 0.10031276 
46 442 6 9 0.099961504 
318 385 7 9 0.09976584 
115 381 5 6 0.09952529 
134 461 9 9 0.09929441 
663 391 8 9 0.099086575 
389 390 8 14 0.099062495 
730 349 5 7 0.09842035 
151 635 23 30 0.09775829 
981 391 6 7 0.09766989 
161 394 5 6 0.09636555 
122 449 8 9 0.09624969 
114 405 8 8 0.09519938 
153 435 8 12 0.09370359 
341 551 40 51 0.09163867 
296 417 7 8 0.09070331 
713 432 10 15 0.09025139 
88 452 10 13 0.08955407 
136 367 5 6 0.08843619 
314 431 7 10 0.088348806 
52 395 6 5 0.08700061 
192 572 23 38 0.08696454 
50 498 8 13 0.0869592 
424 401 11 12 0.08661131 
134 398 6 7 0.08587226 
280 356 9 17 0.085556865 
136 386 5 5 0.08420813 
115 400 6 6 0.084119596 
118 367 5 6 0.08285321 
107 424 6 8 0.08272176 
111 381 5 5 0.0821923 
262 406 6 7 0.08202333 
119 622 10 19 0.080837965 
161 355 6 7 0.07990447 
119 430 9 9 0.07944324 
88 406 7 7 0.07734965 
951 397 7 9 0.07654846 
118 373 5 5 0.07654134 
119 436 9 9 0.07632501 
68 380 4 5 0.07483261 
117 393 5 6 0.074363336 
126 437 8 8 0.07416844 
667 485 9 11 0.07415011 
82 401 7 6 0.07358965 
766 406 11 19 0.07333446 
53 423 6 6 0.07254397 
129 401 6 6 0.072504066 
698 410 6 10 0.07120452 
75 413 8 7 0.07116363 
756 421 7 13 0.070674255 
121 424 7 8 0.07061487 
327 431 8 10 0.07033649 
742 390 7 11 0.0702515 
418 442 14 21 0.070031285 
62 399 7 6 0.069744155 
147 360 4 6 0.06956626 
129 382 5 5 0.06947916 
142 398 6 8 0.06923285 
161 417 6 9 0.06878202 
295 403 6 9 0.068665765 
168 380 5 6 0.06815596 
740 360 6 10 0.06792462 
156 334 6 8 0.06775515 
917 593 9 17 0.06721821 
329 432 12 14 0.06650202 
78 401 6 6 0.066331126 
268 435 7 8 0.06625887 
300 395 7 10 0.06593126 
117 362 4 6 0.06570119 
130 363 4 4 0.06543562 
700 536 14 18 0.065218404 
303 358 5 8 0.06464738 
307 416 6 9 0.06461394 
174 411 6 9 0.064584754 
111 385 5 6 0.06440591 
310 555 36 50 0.064209886 
122 409 7 8 0.06336665 
164 422 7 9 0.06329226 
72 443 6 6 0.063048586 
716 363 7 10 0.062333632 
509 401 11 15 0.06153522 
650 405 7 10 0.060475487 
385 387 8 16 0.059850615 
168 385 4 7 0.059580475 
358 430 6 11 0.059228074 
317 294 9 15 0.059196815 
947 408 10 12 0.059159722 
129 365 5 6 0.05843588 
135 437 7 8 0.0584287 
677 412 6 9 0.057603672 
107 393 6 8 0.057587635 
324 415 9 12 0.057529215 
485 396 12 18 0.057428896 
45 438 6 8 0.05736132 
994 397 7 10 0.057337668 
531 391 9 13 0.057234082 
84 375 4 5 0.057080135 
296 411 6 8 0.05697161 
635 546 20 38 0.05689117 
335 476 16 22 0.05679635 
65 424 7 7 0.0567897 
708 422 7 9 0.05648578 
301 431 7 8 0.056384854 
64 430 7 8 0.05624591 
123 381 4 5 0.055948798 
101 455 8 12 0.05586275 
249 638 31 47 0.05562285 
955 555 18 27 0.055455517 
736 362 8 11 0.055064928 
523 381 10 12 0.054756008 
750 379 8 17 0.0546986 
812 580 14 26 0.054495182 
307 392 7 10 0.05428334 
159 441 8 10 0.053902328 
107 397 7 8 0.053892855 
110 415 7 9 0.05384296 
289 434 10 12 0.053662468 
299 404 6 8 0.052917495 
57 394 6 6 0.052552078 
12 484 8 18 0.05253073 
1017 421 9 19 0.052287392 
336 430 8 11 0.052245963 
980 414 8 11 0.051997937 
64 437 7 8 0.05186544 
444 510 17 27 0.05185916 
137 372 5 7 0.051645134 
314 402 6 9 0.051602837 
373 341 10 15 0.051092073 
780 518 14 22 0.05093422 
77 404 8 6 0.050899543 
258 405 6 8 0.0508466 
993 402 7 11 0.05052175 
69 422 9 8 0.050312813 
95 428 7 8 0.049947184 
65 420 6 5 0.04989111 
108 443 7 10 0.049789943 
71 454 7 10 0.049605925 
1060 426 8 14 0.049514484 
954 409 13 16 0.04949678 
724 389 8 13 0.049443282 
71 394 6 5 0.04935934 
296 308 7 9 0.04909378 
999 410 6 9 0.04886026 
1019 395 8 11 0.048806325 
380 578 29 50 0.048538912 
65 387 5 5 0.04803746 
938 405 7 8 0.047939446 
318 380 6 8 0.047599725 
199 551 37 45 0.047526598 
898 308 7 8 0.04748575 
1060 415 7 13 0.046887193 
56 438 9 9 0.046129912 
673 415 7 10 0.04611636 
63 394 6 5 0.04593906 
75 442 7 7 0.0459014 
257 409 7 9 0.04585626 
956 565 31 41 0.045543164 
410 553 24 26 0.044975333 
116 424 7 7 0.044764157 
104 387 5 6 0.044706076 
101 412 7 7 0.044516254 
155 449 6 9 0.04423759 
884 332 11 15 0.044137403 
669 542 31 39 0.043884367 
1059 403 8 13 0.043724246 
167 314 7 9 0.043511856 
126 410 8 8 0.04349897 
73 368 3 4 0.043462396 
89 416 8 7 0.0434403 
154 416 7 9 0.043226983 
723 361 6 9 0.04294619 
86 379 4 6 0.04274303 
416 385 9 11 0.042614643 
122 400 6 5 0.042530242 
729 360 7 9 0.042386882 
1020 377 6 10 0.04232082 
996 404 7 9 0.04222038 
321 417 7 10 0.041809604 
750 366 6 10 0.041718636 
362 554 28 33 0.04151199 
1052 327 7 13 0.041485965 
82 438 8 9 0.041458916 
1008 412 9 15 0.041418925 
280 408 9 10 0.04071953 
142 405 5 6 0.04069072 
106 430 8 8 0.040502302 
446 499 10 12 0.040185995 
107 435 7 9 0.039922085 
722 450 6 9 0.039838508 
427 383 9 13 0.03983746 
306 435 7 9 0.039723095 
71 386 5 5 0.039601542 
102 435 8 9 0.03952826 
54 500 8 12 0.039471976 
1020 386 14 22 0.039183278 
537 346 15 24 0.038775627 
332 423 8 10 0.038689733 
332 403 9 11 0.038663395 
91 393 5 6 0.038649462 
940 410 7 8 0.03863331 
300 423 6 6 0.038594883 
403 356 9 11 0.03855632 
370 520 11 17 0.0383887 
124 355 5 5 0.03835557 
967 402 8 10 0.03799188 
14 499 7 10 0.037990097 
1057 309 8 15 0.037976813 
949 392 7 10 0.037840426 
1019 364 7 10 0.037790462 
705 371 5 9 0.037735645 
95 406 6 7 0.037723035 
163 386 4 6 0.037682433 
66 363 4 4 0.037514247 
998 384 6 11 0.03729471 
922 527 9 16 0.037289012 
323 392 8 10 0.037101652 
295 387 7 8 0.037085913 
332 415 7 11 0.036915403 
107 454 8 12 0.036737647 
173 385 5 8 0.036415648 
234 371 11 16 0.036388833 
325 422 7 9 0.036287405 
141 432 6 7 0.03627404 
740 454 10 18 0.036220025 
140 367 5 6 0.035873026 
478 408 11 14 0.03587021 
363 283 6 7 0.035794873 
754 386 9 14 0.03569741 
267 406 6 8 0.03567223 
689 391 7 10 0.03565542 
737 354 5 7 0.035647277 
1044 438 9 17 0.035474584 
683 385 8 10 0.03537424 
994 284 5 6 0.035362974 
352 298 9 13 0.03532814 
764 418 10 16 0.03525829 
159 552 18 23 0.03510163 
315 367 5 7 0.035046116 
125 431 8 8 0.034927797 
86 460 11 13 0.03489509 
262 450 7 8 0.034843005 
71 400 7 5 0.034759156 
166 319 7 11 0.034755588 
175 391 6 10 0.03462194 
1058 323 9 15 0.03457654 
455 489 21 24 0.03456272 
1059 390 7 13 0.034549255 
71 375 5 5 0.034486286 
1092 475 7 14 0.03444481 
159 410 6 7 0.034419406 
39 436 5 8 0.03424558 
74 436 10 9 0.03421064 
1005 394 7 12 0.034137204 
146 416 7 8 0.034041267 
1038 445 13 21 0.033839725 
212 454 7 12 0.033833187 
990 410 7 9 0.033760462 
1058 437 10 17 0.033667248 
841 632 31 41 0.03362819 
181 344 7 12 0.033521295 
404 436 19 25 0.033477128 
161 642 12 17 0.033455417 
74 449 9 11 0.033352762 
774 443 15 29 0.03321303 
1048 428 8 14 0.033092555 
123 363 4 5 0.033072907 
141 373 5 7 0.03298962 
98 394 6 6 0.03298502 
1000 560 14 14 0.03272687 
57 404 7 6 0.032577243 
90 423 8 9 0.03255962 
328 367 5 7 0.03250631 
1010 419 9 17 0.032381184 
951 403 10 13 0.032284584 
1093 440 8 15 0.032173518 
308 447 8 9 0.03194037 
136 363 4 5 0.031931687 
281 307 8 10 0.03184818 
160 338 5 8 0.031847954 
275 361 10 18 0.031798013 
224 446 6 10 0.03175266 
1092 412 8 16 0.0317372 
306 355 6 8 0.03162888 
431 401 9 11 0.031592418 
916 355 7 8 0.03151045 
128 355 5 5 0.031509068 
1019 401 8 13 0.03144307 
413 399 11 15 0.03135322 
51 439 7 7 0.031343073 
709 364 7 10 0.031222362 
1052 339 7 13 0.031154046 
96 386 5 7 0.031000197 
45 446 6 9 0.030994317 
46 393 8 8 0.03096903 
147 436 7 9 0.030910568 
246 365 9 15 0.030861717 
381 419 10 17 0.030807076 
951 594 11 18 0.030555664 
660 372 6 8 0.030530896 
213 442 6 10 0.03051915 
84 471 9 10 0.030448629 
236 444 7 8 0.03033183 
299 301 7 8 0.030288922 
339 294 6 9 0.030281391 
156 361 4 6 0.030182375 
344 346 7 9 0.030039838 
148 386 5 5 0.02997808 
1027 241 13 25 0.029899772 
347 489 20 24 0.029882476 
939 400 6 8 0.029881908 
257 401 6 6 0.029790275 
327 372 5 8 0.029719125 
142 393 5 6 0.029585566 
471 356 9 11 0.029567426 
315 361 5 8 0.029529518 
1053 454 13 22 0.029514203 
1090 367 9 17 0.02946838 
1051 417 7 13 0.029441852 
354 573 34 52 0.029393729 
163 381 4 6 0.02931441 
154 370 41 50 0.02930321 
696 383 7 10 0.029230606 
670 390 8 10 0.029220026 
294 423 7 7 0.029127857 
81 416 9 7 0.029120062 
71 406 7 5 0.029096508 
706 360 6 9 0.02906746 
989 415 8 11 0.029027505 
0 607 7 19 0.028996307 
257 438 6 6 0.02896975 
403 371 8 10 0.028943714 
1004 405 8 10 0.028918708 
166 409 7 9 0.028894318 
724 417 5 7 0.028798845 
282 430 7 9 0.028668249 
57 424 6 6 0.028660858 
183 340 11 16 0.02864719 
119 462 7 10 0.02863322 
67 375 4 5 0.028622182 
73 422 12 10 0.028596504 
1054 468 12 21 0.028452378 
526 409 8 13 0.028439302 
123 617 12 19 0.028426332 
640 519 28 28 0.028371533 
268 423 8 10 0.028363785 
309 404 6 7 0.028344236 
190 354 10 15 0.02832331 
392 365 7 9 0.028253935 
1082 554 13 22 0.028221902 
765 505 11 20 0.028191123 
1052 315 7 11 0.028182788 
327 311 9 14 0.02809857 
139 412 7 8 0.028036281 
112 361 4 6 0.028024908 
99 397 6 8 0.027995765 
434 311 8 13 0.027855234 
351 319 10 15 0.027849885 
247 341 10 15 0.027713453 
51 405 7 7 0.027651358 
318 449 8 8 0.027615624 
171 379 6 9 0.027573619 
270 442 7 9 0.027552428 
149 366 5 6 0.02719906 
67 367 4 4 0.027169583 
642 544 34 42 0.027169345 
127 454 7 9 0.026991758 
7 483 9 17 0.026958294 
998 414 15 25 0.026936132 
678 401 9 11 0.026795182 
985 406 7 10 0.026677623 
1019 446 15 25 0.026668776 
683 376 7 11 0.026659342 
405 429 11 17 0.026655834 
57 420 5 6 0.02663036 
78 368 4 4 0.02659217 
961 386 5 8 0.026548684 
734 383 7 11 0.026529796 
725 378 6 11 0.026477082 
143 456 9 10 0.02646522 
749 371 10 16 0.026460063 
697 430 6 9 0.026376009 
660 386 6 8 0.0263121 
1099 344 8 14 0.026309982 
702 489 7 10 0.026275765 
1020 383 7 11 0.026226996 
530 356 8 13 0.026226588 
380 409 9 15 0.026176669 
147 425 7 8 0.026123993 
174 432 5 8 0.026089288 
1003 448 6 10 0.026040506 
330 410 7 10 0.025971305 
1032 267 11 18 0.025951596 
1073 600 18 31 0.025936205 
138 422 8 9 0.025920223 
395 395 7 10 0.025903493 
748 387 8 14 0.025901247 
80 424 10 10 0.025893271 
89 400 7 5 0.02578315 
383 447 9 10 0.02576052 
412 486 22 26 0.025722178 
860 612 15 14 0.025716694 
308 376 7 10 0.025692238 
762 335 7 8 0.025674218 
156 394 5 5 0.025619462 
1099 313 9 17 0.0256162 
229 369 10 16 0.02558797 
318 434 9 9 0.025578544 
129 462 8 10 0.025561413 
669 385 7 10 0.025546137 
1016 405 15 26 0.025508406 
62 405 8 7 0.025502922 
726 349 4 7 0.025493596 
59 431 7 6 0.025457408 
40 430 6 7 0.025456736 
627 491 20 24 0.02542391 
87 437 9 10 0.02540933 
776 439 8 14 0.025398603 
496 381 20 23 0.025381805 
729 479 8 13 0.025356837 
1053 480 13 22 0.025333123 
70 437 7 9 0.025329012 
328 360 5 7 0.025154842 
1057 374 9 15 0.025129942 
766 473 7 10 0.025103308 
72 413 6 5 0.025074864 
300 297 7 8 0.025053006 
1020 372 6 9 0.025031896 
164 439 9 12 0.025029154 
314 334 6 10 0.025020994 
965 420 9 13 0.024989968 
96 381 4 6 0.0249897 
274 300 9 11 0.024966404 
678 524 33 38 0.02489744 
1012 380 5 7 0.024856102 
816 337 10 10 0.024822999 
963 415 9 12 0.02481215 
272 422 8 10 0.024681354 
1021 359 14 23 0.024572568 
740 395 7 13 0.024567002 
629 565 12 24 0.024527023 
274 374 9 16 0.024498597 
441 496 20 23 0.024485266 
1031 420 11 20 0.024483163 
72 363 4 5 0.02447778 
160 546 15 14 0.024443483 
352 518 6 9 0.024404952 
1083 532 12 20 0.02437758 
729 459 7 12 0.024371546 
1052 292 10 16 0.024322549 
113 454 8 10 0.024252346 
169 375 4 7 0.024247795 
877 590 19 25 0.024243897 
117 356 4 5 0.024184497 
900 327 10 15 0.024157224 
216 441 7 11 0.024148649 
332 360 6 8 0.024121873 
729 372 8 11 0.024093036 
423 485 23 25 0.024007278 
376 481 33 37 0.02397546 
293 386 16 19 0.023902355 
1006 556 21 25 0.023866957 
957 405 9 12 0.023719681 
111 375 4 5 0.023710348 
85 362 4 5 0.023694668 
404 385 7 9 0.023690987 
165 393 6 7 0.023664394 
10 390 14 12 0.023626443 
67 413 21 17 0.023510087 
999 380 6 8 0.023471978 
351 345 7 10 0.023470722 
341 347 7 9 0.023417376 
176 549 13 11 0.023359502 
706 530 11 18 0.023357943 
923 341 5 7 0.02332163 
177 411 7 9 0.023305373 
273 430 8 10 0.023249308 
916 347 5 7 0.023232296 
336 423 8 11 0.023226386 
152 431 8 10 0.023202544 
736 402 8 13 0.023184663 
750 394 7 12 0.023135899 
1081 581 14 25 0.023081562 
984 386 6 9 0.023052529 
705 378 5 10 0.023033405 
367 325 11 18 0.023005325 
428 343 8 12 0.022996688 
894 625 9 12 0.022954617 
741 408 8 13 0.02284806 
1088 276 12 21 0.02279299 
742 354 5 8 0.022767037 
180 350 7 11 0.022758884 
991 301 8 10 0.022745 
773 328 9 9 0.022740662 
305 385 9 10 0.022720752 
1042 154 11 19 0.022717621 
705 417 6 9 0.0227002 
156 354 4 7 0.02269216 
668 521 24 28 0.022670293 
667 377 6 9 0.022661485 
710 378 7 11 0.022642935 
674 367 5 7 0.022623474 
174 396 6 10 0.022623055 
876 589 10 13 0.022588242 
177 393 8 12 0.022564651 
1006 315 7 10 0.022545287 
665 366 5 8 0.02254027 
946 418 10 13 0.022485314 
1020 372 15 23 0.022438863 
969 410 9 11 0.022438727 
1037 389 9 14 0.022438623 
378 283 5 8 0.022435876 
153 424 7 8 0.022418391 
1037 377 8 14 0.022408355 
924 516 11 18 0.02240473 
756 409 6 12 0.022390407 
341 561 14 20 0.02236582 
665 491 9 10 0.022354431 
1034 335 10 17 0.022305008 
1019 276 7 9 0.022268912 
356 565 15 19 0.02226486 
74 459 8 13 0.022253314 
261 340 10 17 0.022248553 
392 359 6 8 0.022243658 
150 265 4 5 0.022238182 
729 443 6 8 0.022231363 
682 410 8 10 0.022212313 
1030 431 13 22 0.022162292 
718 354 5 7 0.02211529 
16 505 7 9 0.022043979 
1010 385 7 10 0.022040684 
424 449 21 25 0.02203072 
852 505 5 8 0.021995615 
329 519 9 11 0.02195879 
287 402 8 11 0.021935768 
791 509 10 19 0.021932434 
1086 390 10 16 0.02191753 
190 592 33 41 0.021904409 
274 435 6 9 0.021895843 
734 526 10 16 0.021872105 
90 428 8 9 0.021851713 
307 295 6 9 0.021836724 
201 415 53 63 0.02181619 
154 366 5 7 0.021747459 
283 391 6 9 0.021747056 
172 404 6 9 0.021742871 
139 608 26 20 0.02169745 
529 368 9 13 0.021604192 
121 419 6 6 0.021598512 
701 524 12 16 0.021578154 
705 431 6 9 0.021558389 
528 377 9 14 0.021543799 
281 435 8 9 0.021533199 
979 404 7 9 0.021503951 
1058 334 10 16 0.021475863 
574 310 35 47 0.021475837 
655 562 32 40 0.021446811 
135 429 7 8 0.02144621 
255 443 6 7 0.021371553 
1030 232 14 24 0.02131258 
325 438 12 12 0.021293271 
221 566 33 42 0.021287719 
63 442 7 7 0.021268414 
294 531 23 33 0.021231852 
315 425 6 8 0.021183677 
365 300 6 11 0.021154286 
359 338 8 13 0.021141404 
4 507 7 9 0.021129614 
812 548 11 22 0.021125045 
68 428 9 10 0.02110812 
65 412 6 5 0.021071902 
671 377 5 9 0.021064576 
112 367 3 6 0.021042833 
629 521 22 28 0.021039544 
153 324 16 25 0.021028342 
687 396 7 11 0.021024672 
178 463 7 8 0.020980958 
174 604 31 40 0.020973397 
314 277 5 7 0.020958217 
385 552 29 46 0.02092272 
333 578 9 21 0.020909859 
718 348 5 7 0.02090962 
1054 492 12 22 0.020854892 
148 356 4 6 0.020778647 
979 396 8 10 0.020773321 
407 531 23 32 0.020757554 
10 636 12 15 0.020739583 
45 496 8 10 0.020731322 
730 466 8 12 0.020684443 
21 377 17 13 0.020642968 
330 496 11 14 0.020621529 
464 398 16 21 0.020614896 
753 390 13 23 0.0206105 
735 390 7 11 0.020569429 
480 369 12 15 0.020565607 
403 365 9 11 0.02055419 
157 314 16 22 0.020536479 
759 396 14 26 0.020519957 
1033 412 11 18 0.02051598 
981 406 15 20 0.020489631 
50 438 16 18 0.020477125 
984 429 7 9 0.0204328 
717 479 7 10 0.02042777 
744 349 5 5 0.020422723 
1018 468 7 11 0.020400707 
320 360 5 8 0.020385852 
61 362 4 5 0.020383403 
666 373 5 9 0.02032156 
660 494 8 8 0.020321451 
635 493 10 13 0.020307085 
498 365 10 13 0.020296805 
154 644 33 42 0.020296281 
766 448 17 31 0.020223666 
371 487 21 23 0.020217376 
1036 364 9 15 0.020209154 
718 416 6 8 0.0202004 
687 560 10 16 0.020174133 
64 449 7 8 0.020153567 
940 415 8 10 0.020112563 
359 251 5 6 0.020076983 
183 370 8 14 0.020040749 
761 563 19 28 0.02001491 
