0_Parade_Parade_0_502
216
860 363 21 33 0.99814105 
0 330 34 39 0.98808575 
467 403 30 40 0.98768336 
711 364 30 42 0.94944966 
282 382 25 34 0.9417624 
529 363 19 25 0.9244382 
402 366 17 22 0.91710466 
567 368 19 22 0.84881544 
89 493 25 32 0.8383299 
939 384 15 33 0.8210868 
430 387 23 30 0.8185386 
347 393 11 15 0.7280738 
158 358 26 40 0.49546173 
944 392 17 37 0.410596 
395 401 17 29 0.35107163 
827 359 14 20 0.2767202 
848 376 10 19 0.22297798 
929 389 14 31 0.15033573 
361 379 10 17 0.09016474 
835 367 16 27 0.08189242 
549 197 10 15 0.08144335 
50 615 6 13 0.06875702 
97 683 10 8 0.068371266 
1002 392 8 15 0.06266103 
438 394 22 36 0.062444452 
563 371 10 16 0.06149839 
868 342 12 14 0.060219828 
165 369 40 55 0.058890447 
453 410 17 28 0.05835954 
290 450 12 15 0.057590276 
325 406 11 17 0.056521226 
187 554 6 13 0.05595503 
866 355 13 19 0.055537347 
1009 393 9 16 0.053256862 
64 55 36 58 0.05309536 
728 353 33 21 0.052528877 
809 377 8 12 0.051065218 
998 391 8 15 0.05074378 
830 616 17 26 0.05008106 
484 420 21 31 0.04960718 
948 409 24 31 0.048828512 
295 389 12 18 0.048429694 
554 198 12 15 0.048193917 
50 639 9 16 0.04781291 
865 345 20 23 0.046193447 
41 680 4 7 0.045410916 
959 344 8 11 0.045367695 
45 641 7 15 0.045076314 
648 353 15 33 0.044220354 
245 348 13 21 0.043863565 
96 679 7 7 0.04328714 
834 363 12 17 0.041669656 
299 376 8 11 0.041361388 
839 192 15 12 0.040968917 
260 416 38 49 0.040582325 
44 679 4 7 0.039106287 
331 428 22 25 0.038811494 
428 397 12 16 0.038329966 
683 470 10 18 0.03824226 
400 571 8 16 0.037275072 
37 294 38 41 0.03703278 
990 380 6 10 0.03700908 
959 444 18 25 0.03679283 
341 21 4 5 0.03578047 
218 7 7 5 0.035470277 
441 392 14 17 0.03546862 
385 396 14 24 0.03466302 
883 343 8 9 0.03427452 
40 683 5 8 0.033989545 
632 338 10 13 0.033918533 
280 8 5 5 0.033859227 
823 369 11 16 0.033179924 
617 346 11 13 0.032593172 
8 8 19 23 0.031943694 
626 372 11 15 0.031720366 
857 376 11 19 0.03148189 
433 416 16 28 0.030918466 
334 7 4 5 0.030546116 
640 274 20 22 0.030463103 
44 682 6 9 0.030353907 
94 686 10 9 0.030118607 
182 420 14 16 0.029837264 
178 347 40 58 0.029073596 
526 366 10 16 0.029007606 
87 473 32 26 0.02895092 
1014 389 13 23 0.028811993 
639 442 4 6 0.028216043 
103 528 25 31 0.028123919 
37 53 44 56 0.028026728 
942 415 7 15 0.027616894 
494 395 16 28 0.027597608 
144 360 24 32 0.027137578 
366 404 10 14 0.027111687 
777 562 10 10 0.027026335 
184 292 26 25 0.026924504 
239 0 41 35 0.026830295 
107 630 9 13 0.026817512 
55 697 5 7 0.026567494 
490 403 11 19 0.026497427 
23 316 24 37 0.026468778 
321 3 3 4 0.026409796 
228 13 11 7 0.02638122 
1018 419 14 27 0.026344795 
930 405 17 35 0.026225785 
489 139 12 11 0.026145589 
122 670 7 7 0.02613022 
85 648 8 13 0.025952816 
452 391 20 31 0.02587463 
569 422 11 14 0.02581261 
500 725 15 17 0.025802957 
1015 535 6 12 0.025743956 
224 13 9 6 0.025723703 
1017 558 9 14 0.025668556 
51 681 6 9 0.02564404 
347 8 4 5 0.025385398 
360 6 4 6 0.025294451 
277 7 6 5 0.025144642 
884 3 2 3 0.025100777 
314 14 4 4 0.025079256 
806 604 10 11 0.024934212 
956 353 11 15 0.024876116 
43 689 5 7 0.02481761 
259 591 32 34 0.024773715 
198 566 9 10 0.024707537 
738 91 3 4 0.024657892 
622 252 3 4 0.024456289 
938 411 17 34 0.024437489 
1006 12 4 7 0.024383174 
190 297 11 11 0.024374226 
841 362 10 15 0.02433352 
155 13 5 6 0.024237351 
1020 256 4 8 0.024200529 
889 339 7 7 0.024178643 
955 331 6 8 0.0241693 
327 3 3 4 0.024147663 
1017 399 15 26 0.024101071 
549 332 10 9 0.024099816 
314 7 4 5 0.024043499 
494 429 11 17 0.024014965 
843 380 11 18 0.024012426 
169 300 45 62 0.02391047 
451 393 10 16 0.023753721 
802 602 4 8 0.02373759 
253 6 9 6 0.023722712 
255 381 8 15 0.023533463 
505 210 9 20 0.023524158 
363 275 9 16 0.023493739 
645 503 33 36 0.023325609 
842 156 13 12 0.023273377 
985 380 8 13 0.023248356 
120 683 8 8 0.023214692 
194 292 10 9 0.023206206 
836 144 11 9 0.022949139 
614 344 9 11 0.022946073 
952 350 9 13 0.022944337 
436 493 8 13 0.022932796 
253 12 9 6 0.022877697 
582 331 10 10 0.022767149 
223 272 9 10 0.02267834 
204 1 7 6 0.0226567 
321 7 4 4 0.022624634 
136 376 25 28 0.02253047 
379 30 5 7 0.022467984 
659 485 8 8 0.022419496 
197 299 29 31 0.022365082 
221 -7 41 33 0.022322197 
1019 338 6 10 0.02230827 
493 373 20 31 0.022252817 
185 378 41 52 0.022238737 
91 518 19 29 0.022209909 
806 152 23 20 0.022149986 
343 426 12 18 0.022146298 
835 158 13 11 0.022033991 
1019 18 6 7 0.022000322 
91 677 7 7 0.021909125 
308 6 4 4 0.021906212 
321 21 4 5 0.02190534 
408 359 27 37 0.021851135 
504 399 11 21 0.021757653 
372 33 4 6 0.021695608 
562 246 8 10 0.021693017 
622 231 5 5 0.021662295 
341 25 5 5 0.021630332 
72 693 5 5 0.021567907 
280 11 6 6 0.021499483 
461 385 382 371 0.021412656 
477 458 31 36 0.02132105 
634 238 5 4 0.021279806 
245 17 12 8 0.021274608 
401 483 10 17 0.021259343 
269 8 5 5 0.021243345 
935 332 6 7 0.02120057 
730 78 3 6 0.021153474 
797 519 11 14 0.021092651 
95 531 10 16 0.02105562 
297 379 11 20 0.02090722 
996 405 9 14 0.02082498 
730 82 4 6 0.02067478 
658 343 6 9 0.020607736 
124 428 22 35 0.0204986 
408 485 10 17 0.02047497 
110 625 11 15 0.020473143 
226 268 13 13 0.020436037 
346 -55 135 177 0.020347139 
351 7 4 5 0.02031729 
956 339 18 21 0.020247968 
235 1 7 5 0.020239083 
885 6 3 4 0.020212667 
997 384 7 9 0.020198563 
203 4 10 8 0.020198483 
352 27 4 5 0.020181108 
892 3 3 3 0.020166697 
658 349 6 12 0.02013126 
487 98 347 424 0.02011734 
998 575 10 15 0.020067822 
762 140 5 5 0.020006916 
