34_Baseball_Baseball_34_164
22
292 360 18 22 0.9669266 
748 307 18 20 0.90930426 
820 278 14 20 0.88554835 
157 376 27 35 0.7886609 
145 388 26 26 0.04361273 
45 230 315 368 0.042244628 
255 403 22 22 0.041159216 
752 353 23 26 0.032879595 
300 405 32 45 0.0321288 
127 6 4 6 0.031406537 
735 359 24 32 0.029415784 
140 -14 229 148 0.028944153 
114 6 5 6 0.026201019 
830 313 12 16 0.025889156 
748 314 24 28 0.024671681 
749 366 16 15 0.024594996 
790 365 10 12 0.021360042 
791 254 17 29 0.021274103 
127 2 4 5 0.020878358 
827 285 12 17 0.02075096 
217 52 198 138 0.02048819 
787 392 10 15 0.02013978 
