34_Baseball_Baseball_34_391
121
59 257 23 32 0.98257333 
763 73 33 85 0.48698556 
432 345 32 32 0.4341357 
88 349 30 52 0.3139807 
19 354 15 27 0.24961267 
910 471 18 13 0.15147714 
633 115 40 47 0.14630087 
371 375 20 30 0.127542 
1002 184 36 80 0.1256429 
70 333 11 14 0.10292467 
770 74 86 109 0.09307771 
537 236 89 86 0.082583755 
417 359 33 39 0.07370989 
596 55 34 31 0.06964475 
456 343 11 11 0.06260858 
86 346 8 14 0.054237455 
979 700 5 4 0.05174785 
789 705 12 10 0.048765562 
618 339 32 24 0.042625014 
193 301 176 185 0.04241322 
923 477 11 10 0.042226575 
448 347 15 18 0.041899327 
553 139 25 32 0.039770525 
167 674 4 3 0.039188948 
455 352 14 16 0.03724323 
974 699 5 5 0.035879284 
793 680 7 6 0.03540594 
510 259 23 28 0.035348468 
592 70 36 42 0.03522408 
153 736 4 5 0.03512128 
149 732 4 4 0.033065666 
780 681 25 21 0.031818036 
106 111 9 14 0.03175669 
166 679 4 4 0.03172779 
174 674 3 3 0.031278834 
109 699 4 4 0.031107796 
141 700 3 3 0.029686343 
129 654 3 3 0.02962974 
134 648 4 4 0.029523669 
96 647 4 4 0.029511523 
129 649 4 3 0.029456345 
116 699 3 3 0.02943957 
174 712 4 4 0.029340545 
620 263 20 28 0.029301597 
174 700 3 4 0.029223034 
192 646 39 44 0.02900342 
168 707 3 3 0.028970178 
178 712 5 5 0.028867282 
968 687 3 4 0.028552603 
142 733 3 3 0.028218487 
135 642 4 3 0.028085405 
784 219 10 15 0.028060135 
123 700 3 3 0.026783485 
149 735 4 6 0.0266029 
91 642 3 4 0.026441915 
62 330 8 10 0.026153173 
148 701 4 3 0.025943145 
657 88 30 39 0.025840713 
104 700 3 3 0.025598928 
715 706 73 76 0.025340421 
155 706 3 4 0.025257353 
797 17 12 12 0.025078738 
786 679 8 7 0.025029745 
57 337 7 10 0.024899617 
865 686 4 4 0.024647325 
78 636 4 3 0.024398522 
173 706 4 4 0.024367627 
180 693 4 4 0.023991259 
801 672 8 6 0.02364673 
790 683 11 10 0.02364575 
973 687 4 4 0.023431657 
167 711 5 4 0.023244891 
779 671 9 8 0.022937562 
973 692 4 4 0.022702836 
0 698 4 7 0.022699388 
579 95 36 40 0.022587508 
174 680 3 3 0.022565428 
97 700 3 3 0.022501897 
103 694 3 3 0.02247084 
160 707 4 3 0.022404699 
153 732 4 5 0.022333525 
979 703 6 5 0.02211816 
454 340 20 20 0.022083417 
640 68 37 59 0.02191211 
187 634 4 4 0.021748161 
761 93 19 47 0.02171547 
802 669 35 37 0.021690996 
550 263 31 30 0.021622727 
180 706 4 4 0.021478998 
154 700 3 3 0.021475764 
129 662 4 4 0.021472158 
779 225 10 14 0.021441484 
129 694 4 3 0.021362914 
109 636 4 4 0.02133058 
980 692 4 4 0.021318119 
646 234 8 14 0.02131725 
562 -58 325 342 0.021306057 
180 687 4 4 0.021297924 
173 732 4 4 0.021275809 
142 642 3 3 0.02122826 
109 642 4 3 0.0212253 
792 14 42 40 0.021041473 
136 700 3 3 0.021038279 
454 424 21 23 0.021020861 
646 230 17 27 0.020994704 
84 694 4 3 0.020860802 
794 295 38 35 0.02077856 
17 388 11 19 0.020742748 
118 738 39 45 0.0207422 
110 695 3 3 0.02073127 
123 649 3 3 0.020594297 
110 648 4 4 0.020559022 
8 704 4 5 0.020543909 
826 706 5 5 0.020424556 
925 482 11 11 0.020418346 
15 672 5 4 0.02029324 
129 700 3 3 0.020194966 
104 642 3 3 0.020188091 
135 654 3 4 0.020185541 
103 648 4 3 0.020068215 
187 724 5 5 0.020028291 
