34_Baseball_Baseball_34_127
232
549 238 30 46 0.9760944 
473 335 61 44 0.05635551 
539 244 22 33 0.042165868 
405 580 3 4 0.041583803 
404 566 3 4 0.041257977 
725 477 3 4 0.039635926 
936 504 3 4 0.037353817 
405 574 2 4 0.037269898 
398 586 3 4 0.03717333 
410 579 3 4 0.03643461 
929 509 3 4 0.036011666 
917 521 3 5 0.035900336 
392 580 3 4 0.03465259 
910 547 4 5 0.034236636 
357 285 12 14 0.03414849 
398 567 3 3 0.03366661 
724 471 3 4 0.033317253 
865 516 3 4 0.032828946 
929 516 3 4 0.03229409 
731 497 3 4 0.03228424 
404 561 3 4 0.032206707 
173 573 3 4 0.031742886 
597 497 3 5 0.03170386 
512 580 4 4 0.031161834 
589 522 4 4 0.031058667 
853 484 3 4 0.030753637 
398 580 3 4 0.030725177 
485 292 43 36 0.030684246 
175 586 3 5 0.03067598 
168 574 3 4 0.030628435 
616 497 3 4 0.030334637 
366 580 4 4 0.030140707 
186 574 4 3 0.030019028 
410 574 3 4 0.029997649 
871 484 3 3 0.02993987 
180 580 3 4 0.029901115 
879 484 2 4 0.029664427 
193 574 4 3 0.029625637 
872 491 2 4 0.029264808 
719 471 3 4 0.029261349 
398 561 3 3 0.029203624 
853 503 3 4 0.028782958 
725 484 3 4 0.028743329 
878 490 3 4 0.028566929 
858 503 3 4 0.028448932 
730 477 3 4 0.02844395 
378 580 3 4 0.028407136 
866 491 2 4 0.028346162 
199 574 3 4 0.028329978 
949 502 3 5 0.028139453 
942 504 2 4 0.027992908 
410 561 3 4 0.027901702 
859 541 3 5 0.027738186 
910 509 3 4 0.027709117 
775 477 3 4 0.027606528 
725 497 3 4 0.027568482 
424 580 3 4 0.02739127 
597 501 3 5 0.027337309 
168 579 3 4 0.027282586 
915 541 4 5 0.027266705 
904 516 3 5 0.027080445 
392 567 3 3 0.02702952 
391 586 3 4 0.02695807 
423 561 3 4 0.026876263 
828 477 3 4 0.026873058 
507 580 3 4 0.0268372 
503 289 29 24 0.026753915 
450 593 3 4 0.026753508 
526 579 3 5 0.02671904 
909 516 4 5 0.026633376 
917 535 4 5 0.026561636 
923 522 3 4 0.026527395 
411 566 3 4 0.026438305 
911 542 3 4 0.026420197 
923 509 3 4 0.026390383 
238 574 4 4 0.02638624 
392 561 3 4 0.026369745 
847 477 2 4 0.02627719 
910 503 3 5 0.026205815 
814 472 3 4 0.026142346 
711 478 3 4 0.026095975 
386 580 2 4 0.025866104 
820 471 3 5 0.025865767 
892 504 3 4 0.025601469 
916 517 4 4 0.025494952 
526 547 3 4 0.025413202 
929 504 2 4 0.025287231 
917 528 3 5 0.025273472 
424 586 3 4 0.025254443 
923 504 3 4 0.025248433 
181 574 3 4 0.025172288 
853 478 2 4 0.025069028 
853 491 2 4 0.025042124 
537 246 11 18 0.025031757 
386 586 3 4 0.024933113 
903 522 4 4 0.02489668 
789 478 3 4 0.024876568 
923 516 3 4 0.024806002 
175 593 3 4 0.02477729 
859 509 3 5 0.024677739 
180 593 4 4 0.024566106 
417 561 3 4 0.024554648 
737 490 3 5 0.024541326 
910 521 3 4 0.024514165 
867 484 2 4 0.024187356 
921 535 4 4 0.024182674 
431 586 3 4 0.024176076 
621 484 3 3 0.024097392 
501 579 3 4 0.024012288 
916 547 3 5 0.02400355 
942 509 3 4 0.02398714 
167 586 3 4 0.023986436 
386 561 3 4 0.023938693 
174 579 3 5 0.023934336 
526 542 3 4 0.023815077 
519 579 4 5 0.023788199 
155 593 3 4 0.023726355 
917 510 3 4 0.02371739 
731 491 3 3 0.023683507 
430 580 3 4 0.023666894 
206 586 4 4 0.02364645 
417 566 2 4 0.023588968 
827 471 3 5 0.023515385 
833 521 4 5 0.023509955 
455 593 3 4 0.023506725 
858 484 3 4 0.023484098 
859 478 3 3 0.023457425 
853 497 2 4 0.023443274 
922 528 4 5 0.023442902 
866 479 2 3 0.023382848 
602 502 3 4 0.023378685 
162 574 3 4 0.023375403 
860 497 2 4 0.023371952 
500 574 4 4 0.023344899 
180 586 3 4 0.02333955 
590 516 3 4 0.023200408 
936 508 3 5 0.023130855 
398 592 3 5 0.023121713 
616 491 3 3 0.023023278 
673 470 3 5 0.023016699 
802 484 2 4 0.022961859 
859 491 3 4 0.022928141 
565 522 3 4 0.02275437 
635 484 3 4 0.022683967 
884 516 4 4 0.022526897 
859 521 3 5 0.022471284 
174 567 3 4 0.022459716 
431 566 3 5 0.022458991 
865 510 4 4 0.022417465 
418 579 3 4 0.022396201 
872 497 3 4 0.02235171 
865 521 3 4 0.02231801 
872 478 2 3 0.02230513 
636 478 3 4 0.022289496 
246 611 4 4 0.02222593 
187 593 3 4 0.02220388 
398 573 3 5 0.022185206 
717 496 4 5 0.022150692 
590 509 4 5 0.022132836 
712 509 3 5 0.022096014 
832 529 4 4 0.022067506 
379 560 3 5 0.022040095 
206 579 3 5 0.021980574 
730 484 3 3 0.021963328 
168 566 3 5 0.021960652 
821 502 4 5 0.021876633 
706 452 2 4 0.021851996 
865 497 3 4 0.02184436 
359 580 4 4 0.021837305 
161 580 3 4 0.021805402 
705 478 3 4 0.021780705 
879 478 2 3 0.021771785 
859 516 4 4 0.021758666 
948 497 3 5 0.021734232 
719 465 3 4 0.021697769 
910 491 3 3 0.021641785 
424 566 3 4 0.02159652 
686 477 3 4 0.021543799 
731 471 3 4 0.021486273 
731 501 3 5 0.02143328 
404 585 3 5 0.021377655 
616 502 3 4 0.021370672 
929 521 4 5 0.021363363 
193 579 4 4 0.021347737 
846 541 3 5 0.021308353 
218 579 4 5 0.02125116 
577 497 3 4 0.021248657 
795 491 3 4 0.021234822 
756 478 3 3 0.021058086 
494 560 3 4 0.021052023 
890 509 3 4 0.020969711 
373 580 3 4 0.020943966 
770 477 2 4 0.020919017 
187 579 3 4 0.0209088 
608 509 4 5 0.020892758 
385 593 3 4 0.020869425 
712 491 3 4 0.02085851 
187 587 3 4 0.020829653 
602 497 3 4 0.020827103 
199 567 3 4 0.020822264 
782 484 3 4 0.020805113 
789 484 3 4 0.02075302 
244 573 3 5 0.020736214 
596 522 3 4 0.020733105 
885 510 3 4 0.020712983 
244 592 4 4 0.020654272 
929 535 4 4 0.02064303 
161 586 4 4 0.020640612 
219 567 3 4 0.020589901 
878 503 3 4 0.02058925 
719 484 3 4 0.020538382 
870 516 4 4 0.020532904 
603 509 4 5 0.020511784 
820 477 3 4 0.020482376 
680 484 3 3 0.020457758 
840 534 3 5 0.020435397 
245 586 3 5 0.020431578 
718 478 3 4 0.020424213 
738 484 2 4 0.020423856 
532 580 4 4 0.020406514 
629 484 2 4 0.020406414 
635 498 3 4 0.020287765 
436 580 4 4 0.020232052 
725 490 3 4 0.020231402 
846 471 3 5 0.020224959 
410 592 4 5 0.02015486 
846 510 3 4 0.02014747 
506 585 4 4 0.020107497 
391 593 3 4 0.020094132 
142 586 3 4 0.020071002 
744 477 3 4 0.020045182 
890 516 4 5 0.020021757 
