34_Baseball_Baseball_34_356
27
570 230 144 177 0.99973565 
549 2 32 51 0.21254706 
499 283 67 95 0.18873386 
605 26 50 100 0.15357073 
379 491 407 644 0.10601917 
505 1215 38 33 0.05067417 
373 1131 66 69 0.047468778 
572 3 44 82 0.046554234 
354 1195 84 68 0.04514374 
-54 465 411 737 0.04406107 
501 612 57 78 0.041398842 
0 212 275 655 0.039639745 
748 280 24 38 0.035257455 
802 -24 181 247 0.03179648 
632 35 32 67 0.031530827 
589 -1 32 35 0.030059025 
524 -5 31 33 0.029591976 
596 11 38 65 0.02653074 
310 2 132 317 0.024046788 
635 -1 24 23 0.023524567 
53 664 11 22 0.022534698 
491 0 36 30 0.022498693 
433 1128 261 260 0.021350218 
578 0 17 11 0.021060841 
467 959 15 24 0.020983145 
330 354 19 28 0.020624049 
369 820 48 71 0.020447686 
