34_Baseball_Baseball_34_66
26
475 134 83 105 0.99946874 
318 199 45 60 0.9990578 
877 294 39 46 0.99681705 
659 376 40 30 0.24286522 
222 176 49 72 0.22678481 
659 168 13 21 0.08826709 
855 181 11 16 0.07721866 
-66 619 581 472 0.06422453 
704 410 27 31 0.052594878 
653 148 10 18 0.037855506 
706 373 17 16 0.03378613 
787 115 12 16 0.03275327 
230 400 477 470 0.031883914 
883 183 9 14 0.030791607 
875 276 34 37 0.029666152 
687 363 46 42 0.029263753 
525 243 166 218 0.027653078 
16 184 6 10 0.026411695 
642 363 80 70 0.024759341 
432 342 63 112 0.024207272 
305 206 25 32 0.024002796 
689 386 46 48 0.022106564 
396 491 134 155 0.02189224 
410 361 41 73 0.02095115 
695 352 34 30 0.020165397 
701 427 22 32 0.020094985 
