34_Baseball_Baseball_34_143
51
203 302 12 17 0.83393466 
63 141 8 13 0.5431551 
537 485 11 17 0.1355128 
549 535 9 15 0.111061834 
213 304 9 16 0.07311455 
1012 121 20 32 0.07311266 
524 501 18 25 0.069662765 
556 565 8 13 0.06834752 
215 264 510 612 0.056590408 
521 497 12 19 0.05078972 
185 5 6 10 0.04513665 
522 482 11 15 0.045080148 
540 534 19 26 0.041546155 
196 306 12 15 0.036770113 
1015 134 11 17 0.036347058 
307 99 5 9 0.035935085 
192 358 26 48 0.03569457 
189 353 10 18 0.035000596 
198 310 16 23 0.03379859 
1 10 6 10 0.032349467 
673 215 7 8 0.032230414 
127 8 7 11 0.031191288 
616 527 11 18 0.030595273 
192 4 4 8 0.030257616 
287 4 6 8 0.028855627 
141 5 5 9 0.028411334 
169 6 4 6 0.027682357 
1025 119 15 30 0.027408388 
1013 158 19 34 0.026410509 
185 360 8 13 0.02634115 
167 71 4 7 0.026321148 
67 140 6 11 0.02478843 
231 39 5 12 0.024428839 
594 519 8 13 0.023719579 
5 10 7 10 0.023636078 
525 533 37 49 0.023089657 
529 480 14 20 0.022649005 
14 5 6 10 0.02257587 
547 486 11 18 0.022332368 
-42 241 371 550 0.021947337 
511 485 7 12 0.021938331 
500 515 19 24 0.021899236 
622 597 50 58 0.021399025 
572 1 5 6 0.021173159 
61 140 6 10 0.02104723 
1017 101 7 12 0.020986987 
1011 571 20 34 0.02082852 
521 506 34 44 0.020113587 
78 189 7 13 0.020102978 
517 487 9 16 0.020059241 
232 318 6 11 0.020011067 
