34_Baseball_Baseball_34_560
26
579 132 27 32 0.9982169 
844 178 7 6 0.04834465 
890 190 8 11 0.04563179 
622 121 10 14 0.044295788 
637 122 11 17 0.04377655 
858 197 6 6 0.042895697 
832 177 10 8 0.038922325 
844 175 6 4 0.035783567 
856 174 6 5 0.03341166 
856 177 7 7 0.03283352 
491 114 80 76 0.029833859 
671 293 5 11 0.028946694 
634 211 27 25 0.026562328 
544 130 20 24 0.024750361 
541 122 62 65 0.024199078 
822 178 9 7 0.024110831 
824 174 7 6 0.02379332 
939 174 36 40 0.023684107 
644 214 11 11 0.023546042 
852 177 6 7 0.022880638 
590 121 38 52 0.022707297 
853 175 5 4 0.022071287 
638 217 10 10 0.022066925 
649 212 28 28 0.021300249 
852 203 6 6 0.02110507 
658 293 6 12 0.020132942 
