34_Baseball_Baseball_34_16
227
343 83 60 60 0.9833778 
5 527 17 27 0.23129313 
232 429 319 481 0.13115449 
66 496 12 13 0.089495935 
57 528 10 14 0.08149951 
63 665 8 12 0.073357895 
3 467 16 29 0.06487669 
28 526 13 14 0.061063826 
870 663 9 14 0.060640775 
320 637 5 5 0.05542721 
333 624 4 4 0.051627014 
56 491 21 24 0.050196946 
295 624 4 4 0.05007103 
314 637 5 4 0.049149748 
857 654 7 9 0.046768073 
314 624 4 3 0.046026133 
359 630 5 5 0.045867257 
352 637 6 5 0.045285735 
295 606 4 3 0.04510607 
326 637 4 5 0.045059346 
321 619 3 3 0.044032127 
328 619 3 3 0.04357842 
327 630 4 4 0.04343674 
958 666 11 14 0.042439707 
862 654 5 8 0.042396102 
548 611 12 9 0.042383604 
49 670 7 10 0.041774757 
328 624 4 4 0.04125052 
23 500 29 30 0.040881943 
334 638 4 4 0.04047491 
308 620 4 3 0.03957887 
767 585 7 7 0.039288905 
333 618 4 3 0.038607728 
312 652 7 7 0.03837635 
79 666 11 12 0.037885655 
314 619 3 3 0.03687576 
884 670 8 11 0.03673827 
577 264 14 14 0.036440987 
333 642 5 4 0.036333907 
352 642 6 5 0.03628502 
-1 578 8 21 0.035967316 
315 630 4 5 0.034908876 
346 636 5 5 0.034514103 
633 611 5 5 0.034359843 
896 668 9 13 0.033485826 
768 589 5 5 0.033485077 
828 668 9 13 0.03314858 
320 641 5 5 0.033051245 
30 471 26 22 0.032809462 
308 623 4 4 0.03266987 
301 624 4 4 0.032421492 
338 642 6 5 0.032323953 
257 593 4 4 0.031955443 
30 490 22 25 0.0315424 
384 636 4 4 0.03153628 
897 642 6 6 0.03149378 
111 493 16 11 0.031317342 
321 624 3 4 0.03125917 
340 618 4 4 0.031259157 
314 613 3 3 0.031232728 
262 593 4 3 0.031219682 
340 612 4 4 0.030975016 
123 636 6 6 0.030861204 
168 648 5 5 0.030825175 
364 624 5 4 0.030801374 
339 623 5 4 0.030755943 
339 637 5 4 0.030568352 
14 535 11 15 0.030155305 
788 598 5 4 0.030132245 
105 629 6 6 0.029945478 
642 642 13 11 0.029661665 
300 612 4 3 0.029640185 
219 631 4 4 0.02921051 
332 612 4 4 0.029180074 
360 617 5 5 0.029039377 
328 641 4 5 0.028944071 
792 598 5 5 0.028912675 
767 599 6 5 0.028905272 
269 593 4 3 0.028844487 
866 616 5 6 0.028708275 
782 586 4 5 0.028683288 
307 631 4 4 0.028603641 
320 631 4 4 0.02850157 
99 487 15 10 0.028459517 
762 599 5 5 0.028370883 
262 606 5 3 0.028254332 
54 633 9 10 0.028154176 
236 643 5 5 0.028049117 
250 593 3 4 0.027717335 
122 625 5 5 0.027672533 
741 617 7 6 0.027593777 
244 631 4 4 0.027458679 
308 592 3 3 0.027399365 
363 618 5 4 0.02738522 
639 567 5 4 0.027180754 
747 607 10 9 0.027107466 
302 629 5 5 0.027054595 
10 464 9 15 0.027045906 
275 592 5 4 0.026807027 
43 490 23 26 0.02679228 
747 612 10 9 0.026773853 
358 635 6 6 0.026620513 
379 636 4 4 0.026540563 
894 653 7 8 0.026491217 
10 526 10 13 0.026480215 
276 619 4 3 0.026338425 
282 606 4 3 0.026184468 
36 669 7 11 0.026172323 
808 591 6 5 0.025845375 
340 631 4 4 0.025843682 
807 598 6 6 0.025755432 
59 503 20 21 0.025727533 
243 635 5 4 0.025694154 
870 623 5 7 0.025663193 
352 618 4 4 0.025601314 
345 631 4 4 0.025560612 
33 654 7 9 0.02555491 
65 653 7 9 0.025286518 
616 573 4 3 0.025204409 
781 604 7 6 0.025135888 
328 612 4 3 0.025069673 
241 235 10 12 0.025051396 
763 590 5 5 0.025008585 
365 636 6 5 0.024972752 
0 593 19 27 0.024933185 
629 612 6 5 0.024927616 
227 275 10 16 0.024921436 
218 642 5 5 0.024884146 
308 637 5 4 0.024864968 
619 632 7 7 0.024853397 
734 578 6 5 0.024809934 
302 643 5 5 0.024571784 
-36 419 300 427 0.02453211 
315 642 5 5 0.024521755 
353 630 4 4 0.0244131 
897 636 4 5 0.02436075 
5 525 10 16 0.02428644 
607 572 5 4 0.024255278 
379 631 4 4 0.02417062 
608 568 4 4 0.024097795 
808 585 5 5 0.024063932 
108 669 8 10 0.024045594 
81 660 8 10 0.02398268 
895 647 7 8 0.023954729 
734 615 6 6 0.023890274 
869 653 7 9 0.023859853 
55 653 7 8 0.02385114 
391 642 4 5 0.023785042 
300 653 6 7 0.023761429 
257 606 4 3 0.023749193 
351 624 5 5 0.023702445 
383 632 3 4 0.023647748 
296 611 4 4 0.023623236 
705 565 5 5 0.023395648 
45 653 7 8 0.023386693 
334 605 4 3 0.023331286 
586 297 24 26 0.023287173 
862 659 6 9 0.023164097 
340 20 56 42 0.023075199 
699 592 6 6 0.022992799 
83 617 5 5 0.022958782 
509 176 92 115 0.022905983 
731 577 6 5 0.022853246 
225 624 4 4 0.02277597 
223 636 5 5 0.022747122 
-1 482 14 27 0.022611583 
788 592 4 4 0.022611229 
257 637 4 5 0.022414716 
981 669 10 12 0.022397254 
308 654 5 6 0.022388538 
902 636 4 5 0.02236293 
347 623 4 5 0.02236258 
289 624 4 4 0.022139719 
313 661 7 9 0.02207483 
794 592 4 4 0.022006538 
20 561 38 38 0.022002809 
307 642 5 5 0.021990301 
357 642 6 5 0.021942982 
302 619 4 3 0.021910943 
850 648 6 6 0.021900656 
301 607 4 3 0.02189132 
672 644 10 11 0.021736553 
869 616 5 6 0.021724535 
305 660 6 8 0.02163926 
333 630 5 4 0.021637028 
69 484 22 19 0.021617038 
759 653 7 9 0.021579975 
0 518 5 10 0.021557886 
628 573 5 4 0.021534031 
371 637 5 4 0.021464622 
787 586 5 5 0.021401994 
744 610 6 6 0.021400176 
103 635 8 7 0.021369996 
58 670 7 10 0.021365428 
274 599 5 3 0.021203011 
364 630 5 4 0.021194365 
244 624 3 3 0.021188896 
901 642 5 6 0.021163182 
328 591 4 4 0.021110188 
257 625 4 4 0.0210989 
846 636 5 6 0.021052226 
800 579 4 5 0.02104248 
14 470 23 22 0.02095557 
320 587 4 4 0.02092622 
288 593 4 3 0.020848174 
632 648 8 7 0.020833137 
351 648 7 7 0.020790195 
888 659 7 9 0.020789022 
627 567 4 4 0.02072979 
333 592 3 3 0.020634126 
277 635 5 5 0.02061792 
802 670 9 12 0.020555204 
640 571 5 5 0.020546688 
763 586 6 6 0.02053026 
244 649 5 4 0.020385355 
392 637 3 4 0.020362724 
698 564 5 6 0.020341955 
275 643 5 5 0.020318694 
602 573 5 4 0.020225175 
251 631 3 3 0.020183956 
858 616 4 6 0.020142617 
179 648 6 6 0.020141533 
257 597 4 4 0.02013437 
346 642 5 4 0.020104256 
180 643 5 4 0.020097572 
615 567 4 4 0.020093447 
334 599 4 4 0.02000739 
