39_Ice_Skating_iceskiing_39_354
26
402 470 14 27 0.10116759 
451 496 20 22 0.07160131 
783 589 11 15 0.06846422 
767 583 6 10 0.03655524 
290 181 39 55 0.03614579 
774 588 7 11 0.034238305 
252 131 49 66 0.030171484 
791 592 6 11 0.02987667 
773 585 17 28 0.029322766 
376 487 7 15 0.026391419 
767 590 7 13 0.025992211 
427 472 7 12 0.025456883 
424 472 6 11 0.02467894 
465 479 8 10 0.024435109 
704 361 36 77 0.02401066 
332 104 44 64 0.023812426 
773 582 6 10 0.023079362 
408 479 15 26 0.022413472 
781 592 16 28 0.022205317 
768 577 5 8 0.021602826 
320 360 144 202 0.021408392 
361 490 9 16 0.02133592 
736 601 4 8 0.021332014 
403 440 6 10 0.020951053 
763 583 16 31 0.0204132 
797 623 7 15 0.020232052 
