39_Ice_Skating_iceskiing_39_941
29
740 493 80 100 0.971483 
493 402 39 61 0.17343464 
223 943 63 69 0.16469032 
561 163 15 20 0.13628131 
563 218 23 37 0.12700668 
93 635 428 410 0.05542063 
590 400 15 17 0.052517008 
591 712 47 60 0.050327763 
541 146 9 9 0.048795767 
794 467 53 85 0.045803137 
587 162 9 11 0.03852768 
491 351 39 56 0.034898765 
685 884 10 18 0.033366486 
183 810 40 52 0.03146068 
674 914 25 44 0.030889967 
647 1013 29 28 0.028006468 
259 840 9 14 0.02796622 
549 151 37 54 0.027086891 
459 305 42 54 0.026890665 
476 336 39 38 0.025858233 
291 794 84 124 0.024222855 
547 145 9 9 0.024219766 
667 946 10 17 0.024106106 
593 960 6 9 0.023937196 
660 961 11 16 0.022684867 
723 1152 27 30 0.021243287 
228 821 32 42 0.020838685 
186 743 41 40 0.020556742 
579 164 10 11 0.020314656 
