39_Ice_Skating_iceskiing_39_778
61
685 301 27 34 0.8762862 
573 341 13 14 0.3894752 
560 344 12 12 0.17588936 
697 340 14 23 0.12453887 
256 478 6 4 0.057833053 
245 489 5 6 0.055869855 
248 490 6 6 0.054962747 
231 471 6 5 0.044285156 
236 472 6 5 0.043915056 
245 485 5 4 0.04387864 
244 478 4 4 0.041065592 
257 472 5 4 0.0406776 
602 341 13 13 0.037797414 
249 484 5 5 0.036368266 
257 466 5 5 0.035408605 
235 465 7 6 0.035357688 
251 478 5 4 0.034700543 
58 -3 97 101 0.034505855 
231 490 6 5 0.034504354 
251 472 5 4 0.03424999 
263 458 6 5 0.034032334 
237 478 6 4 0.034023188 
237 485 6 6 0.03312879 
262 472 6 4 0.032889206 
256 484 6 5 0.03149266 
231 466 6 4 0.031490203 
236 489 6 5 0.029524058 
249 465 6 6 0.028740548 
261 484 7 6 0.028054263 
260 480 35 33 0.027436337 
269 465 7 5 0.026925541 
269 459 5 4 0.025097929 
270 453 5 5 0.025083095 
262 490 5 5 0.024762496 
243 466 7 5 0.024661897 
262 496 6 6 0.024492193 
262 477 7 6 0.024479344 
262 465 7 5 0.024405962 
224 466 6 4 0.024174998 
243 472 6 5 0.024038685 
274 442 36 34 0.023960084 
224 452 6 5 0.023930969 
224 470 6 6 0.023421504 
238 452 6 4 0.023415226 
269 484 6 5 0.022967083 
257 491 6 5 0.022831874 
263 453 5 4 0.022561582 
273 465 7 6 0.022433225 
231 485 6 5 0.022270232 
258 496 5 5 0.022166394 
248 495 6 6 0.022098506 
268 478 6 5 0.02201133 
244 496 5 6 0.021930868 
180 453 4 4 0.021559566 
347 447 6 4 0.021446696 
243 452 6 5 0.021291448 
186 458 6 5 0.021032864 
699 300 15 18 0.020932244 
219 480 39 35 0.020757342 
225 490 5 4 0.020616392 
229 453 6 4 0.020596577 
