39_Ice_Skating_iceskiing_39_342
209
808 699 15 19 0.9603721 
876 642 19 23 0.9559592 
673 670 17 17 0.93161136 
738 697 13 15 0.89486897 
554 701 10 14 0.69378793 
762 711 12 18 0.45724803 
123 707 7 9 0.12440657 
53 700 6 10 0.11645529 
83 480 5 8 0.10361533 
24 702 5 9 0.09507912 
39 473 4 6 0.09108919 
211 554 4 9 0.08617398 
279 125 46 60 0.083957404 
19 461 4 5 0.08154798 
110 708 4 8 0.08002475 
56 702 5 9 0.07920567 
33 461 3 6 0.07908057 
38 480 5 8 0.074061744 
312 717 11 15 0.06515375 
334 299 6 10 0.06461869 
302 147 23 33 0.06411056 
34 467 4 6 0.062419955 
169 580 8 14 0.06068232 
358 296 3 5 0.056819346 
12 705 8 10 0.054722317 
96 702 6 9 0.054714356 
135 517 5 9 0.053214327 
200 556 5 10 0.05261939 
18 457 4 5 0.051992245 
34 482 4 6 0.05009247 
38 469 3 5 0.05004133 
83 707 7 9 0.049752157 
46 486 4 6 0.04887782 
15 461 3 5 0.04773364 
619 675 9 13 0.04681812 
136 523 5 9 0.044186566 
28 462 3 5 0.043193117 
346 294 4 5 0.04227344 
528 179 39 61 0.042109124 
405 282 5 7 0.04182882 
96 519 7 13 0.04165326 
89 484 5 9 0.04047468 
166 552 4 7 0.04010859 
41 699 3 6 0.039749004 
45 481 4 6 0.039474312 
33 486 3 6 0.03935537 
108 515 9 14 0.039174378 
44 709 5 8 0.039037615 
353 179 49 51 0.038770773 
41 703 4 8 0.038564175 
57 479 4 7 0.038135905 
25 699 3 5 0.036067527 
32 456 3 5 0.035733853 
369 380 31 68 0.035197467 
224 557 3 6 0.03449907 
1 459 4 9 0.034451183 
204 556 5 10 0.034239784 
175 538 3 7 0.034218762 
735 23 41 58 0.034040246 
354 295 4 5 0.03374134 
70 704 5 8 0.033740085 
16 457 3 5 0.03352163 
408 282 4 6 0.03336922 
1017 662 7 10 0.032719973 
220 561 5 10 0.032716285 
1 455 3 7 0.032510042 
208 551 3 6 0.032465108 
160 559 8 17 0.032144576 
401 326 6 9 0.031938024 
44 702 5 9 0.0318956 
141 528 5 9 0.03185437 
114 705 5 7 0.031810537 
5 460 4 7 0.031446684 
34 518 5 8 0.030920332 
198 550 4 7 0.030278366 
360 300 3 7 0.029603632 
39 484 4 6 0.02958255 
347 291 3 5 0.02937261 
38 498 5 8 0.029193679 
89 481 4 7 0.028842175 
913 681 21 24 0.02865576 
25 707 5 8 0.028621485 
1006 664 9 11 0.028508183 
102 705 4 6 0.028404431 
743 692 10 11 0.028359398 
53 474 4 6 0.028272305 
360 307 5 8 0.028225794 
173 557 4 8 0.028175464 
155 535 5 9 0.028147189 
371 261 4 6 0.028103935 
364 305 6 9 0.027957508 
220 557 3 6 0.027590955 
81 551 7 13 0.02722673 
588 713 7 11 0.027184727 
888 676 26 31 0.027181605 
638 178 41 57 0.027134309 
402 306 5 8 0.026736293 
56 475 5 6 0.026681418 
174 47 19 33 0.026557753 
27 465 3 7 0.026513202 
136 629 3 5 0.026479254 
129 532 4 7 0.026322536 
400 306 4 7 0.026319537 
161 554 7 13 0.02610492 
41 707 5 8 0.025993807 
397 295 3 6 0.02593281 
21 464 4 8 0.025812501 
162 550 5 10 0.025658902 
410 296 6 8 0.02549258 
409 299 9 12 0.025467277 
39 494 4 6 0.025362758 
27 481 3 6 0.025318846 
77 501 7 14 0.025295135 
46 699 4 7 0.025294833 
446 193 8 14 0.025225313 
29 456 3 5 0.025216358 
97 485 5 9 0.025066262 
143 622 4 4 0.025060197 
335 662 6 10 0.024986237 
79 485 6 10 0.024926528 
102 497 8 15 0.024593955 
0 503 6 16 0.024573771 
70 478 4 8 0.024544002 
174 541 5 8 0.024393069 
178 538 4 6 0.024312176 
104 709 4 7 0.024236405 
544 701 7 12 0.024133105 
70 474 4 7 0.024132129 
44 568 8 14 0.024131538 
589 180 41 51 0.023991402 
210 717 7 9 0.023982495 
417 285 5 9 0.023928434 
136 685 4 5 0.023926208 
159 532 4 7 0.023852482 
149 635 3 5 0.023852224 
134 529 5 9 0.023821266 
218 621 4 9 0.023689972 
199 545 3 7 0.023517903 
244 565 4 6 0.023507837 
28 493 4 6 0.023497764 
39 542 5 9 0.02345475 
202 578 7 16 0.023366157 
33 698 4 5 0.023365596 
60 455 4 6 0.02331879 
194 549 4 9 0.02328381 
35 472 3 6 0.023279583 
38 463 3 5 0.023150487 
128 680 4 5 0.023128612 
84 685 4 6 0.023017064 
51 487 5 6 0.022993276 
142 629 3 5 0.022974119 
59 708 4 8 0.022957189 
77 572 8 15 0.022939827 
551 698 8 11 0.022744667 
1 497 5 12 0.022701839 
27 530 4 7 0.022528863 
370 258 4 5 0.022420483 
159 536 4 8 0.022399182 
123 680 3 4 0.022310594 
106 499 8 15 0.022247387 
121 503 5 9 0.022220355 
627 153 41 58 0.022175658 
431 191 29 47 0.021947559 
149 666 4 5 0.021842401 
121 654 4 5 0.021830918 
361 484 82 91 0.021799082 
130 667 3 4 0.021764107 
108 681 4 5 0.0217499 
539 695 5 8 0.021748785 
66 705 4 8 0.021746248 
130 516 5 10 0.021641025 
133 536 5 9 0.021603866 
45 474 3 5 0.021478027 
53 479 4 6 0.021421237 
149 649 3 4 0.021366589 
154 628 3 5 0.021357441 
85 672 4 5 0.02133503 
138 -38 95 104 0.021264348 
137 674 4 4 0.021251062 
181 580 5 11 0.021130012 
878 143 71 99 0.02108064 
110 692 4 5 0.02104905 
153 622 4 5 0.021038475 
25 517 4 9 0.021028055 
109 686 4 4 0.020962473 
334 311 6 14 0.02088099 
913 674 13 16 0.020853944 
123 537 4 8 0.020786583 
148 699 4 6 0.020775275 
97 700 5 6 0.020756843 
58 531 5 8 0.020747345 
1 450 2 5 0.020718275 
46 491 4 7 0.020648003 
337 303 6 11 0.020455688 
403 285 5 7 0.020420425 
105 661 3 5 0.020378394 
55 625 6 10 0.020350013 
114 500 8 13 0.02034639 
147 655 4 4 0.020336658 
760 704 10 11 0.02031152 
147 703 5 8 0.020305766 
25 512 3 7 0.020293728 
340 296 4 5 0.020249771 
148 622 3 4 0.02022845 
47 694 4 6 0.020221982 
101 486 5 8 0.020169081 
256 396 42 53 0.020151015 
365 301 5 8 0.020028958 
90 667 4 6 0.020014886 
