39_Ice_Skating_iceskiing_39_901
163
664 414 29 36 0.9985286 
568 250 17 26 0.6582024 
630 412 26 30 0.552983 
298 142 39 58 0.5424983 
918 302 26 29 0.4178648 
707 332 13 14 0.40126136 
663 330 13 16 0.3188356 
491 508 69 44 0.21729222 
452 198 16 21 0.19017237 
721 361 12 11 0.19002949 
964 312 10 17 0.16405335 
1011 362 10 16 0.16239068 
658 337 10 14 0.14274801 
645 411 32 36 0.14027116 
704 317 9 10 0.13983996 
458 341 11 22 0.13432582 
934 208 26 21 0.11912727 
949 203 32 30 0.10435843 
617 402 11 14 0.096934505 
801 270 27 23 0.09497017 
632 378 23 26 0.085381545 
809 97 188 226 0.080674656 
959 371 12 13 0.07983909 
1013 158 11 14 0.07781344 
346 278 26 23 0.072744936 
694 326 10 11 0.07119101 
600 349 14 26 0.06999254 
969 326 19 28 0.069037 
711 363 20 17 0.06582031 
766 341 19 21 0.06463752 
608 345 8 13 0.06352415 
554 416 20 39 0.062051564 
742 324 9 11 0.061563507 
843 178 25 25 0.060393207 
637 394 12 13 0.05934413 
454 160 79 108 0.058088176 
971 397 11 12 0.05364748 
551 370 12 18 0.053586725 
866 295 11 9 0.053319026 
409 141 8 12 0.052811157 
465 144 19 24 0.051376976 
694 394 14 15 0.050168887 
690 331 11 11 0.049424797 
746 320 9 11 0.04940793 
782 242 19 29 0.047956765 
403 108 6 10 0.04600058 
0 297 7 22 0.044454545 
649 408 10 15 0.04382222 
663 360 22 23 0.043178476 
683 339 9 10 0.04250538 
701 352 11 12 0.04165966 
676 332 9 11 0.040780343 
873 330 10 12 0.040597904 
408 251 18 29 0.040454876 
646 423 12 18 0.039992232 
760 407 17 28 0.039741088 
531 494 45 50 0.03966706 
776 337 11 14 0.038433276 
261 153 62 96 0.038158372 
903 161 55 47 0.037208505 
876 317 25 26 0.03631109 
1014 336 11 14 0.03495845 
915 288 18 22 0.03464746 
414 259 9 15 0.03447578 
549 479 37 49 0.034164272 
682 334 8 9 0.03397433 
870 312 10 11 0.033669 
669 359 12 12 0.03340954 
395 117 5 7 0.03251362 
977 227 37 38 0.032511495 
606 352 18 24 0.0323882 
287 29 7 13 0.031629562 
289 5 7 9 0.031398594 
204 2 11 9 0.031335767 
451 372 16 26 0.03084827 
980 408 15 14 0.030706683 
1001 355 10 14 0.02996063 
593 281 17 24 0.029676132 
557 303 30 58 0.029604418 
293 36 9 13 0.029375112 
479 299 10 18 0.029093478 
456 145 16 24 0.028724652 
361 485 8 15 0.028286787 
682 360 8 9 0.027474882 
1007 204 22 26 0.027165117 
622 437 19 28 0.026851157 
635 410 16 16 0.026526412 
749 315 7 10 0.02649865 
766 339 11 11 0.026450826 
420 476 34 47 0.026314497 
737 326 7 8 0.026162056 
696 357 10 12 0.025781726 
625 403 10 11 0.025477376 
675 359 10 9 0.025410876 
282 3 6 6 0.025247758 
582 369 19 37 0.02518721 
865 300 22 21 0.025136964 
847 144 103 82 0.025135053 
868 291 8 7 0.02494402 
953 183 25 26 0.024883553 
815 270 29 27 0.024673654 
260 39 10 18 0.024653833 
683 419 21 28 0.024084084 
859 156 26 19 0.024021354 
802 269 13 14 0.023792109 
412 60 146 220 0.023704264 
630 392 24 28 0.023557862 
700 315 17 19 0.023536522 
332 4 8 10 0.023509558 
766 325 8 9 0.023344127 
935 306 11 14 0.023304565 
463 305 18 34 0.023273101 
389 667 10 13 0.023266222 
272 42 10 16 0.023027167 
666 9 286 432 0.023026068 
648 387 11 14 0.022616558 
261 9 10 14 0.022594132 
378 1 7 8 0.022472568 
882 330 11 13 0.022251675 
938 316 11 15 0.022193622 
751 404 17 28 0.022166962 
461 191 17 23 0.022091815 
283 5 6 9 0.022027615 
963 220 26 26 0.021861196 
989 356 19 24 0.021786889 
776 350 21 27 0.021625208 
873 296 10 8 0.021538647 
767 333 8 10 0.021400195 
250 29 17 29 0.02138972 
759 275 21 41 0.021348966 
396 104 5 7 0.021341212 
671 353 9 10 0.021331683 
345 66 10 14 0.021329137 
737 323 6 7 0.021262523 
687 345 9 10 0.021246657 
872 307 12 10 0.021246389 
872 301 12 10 0.021199333 
891 237 14 11 0.021123476 
881 296 7 7 0.021050205 
254 16 10 13 0.021032536 
880 313 12 11 0.02092428 
633 382 11 12 0.020903122 
260 0 10 9 0.020802535 
266 1 9 8 0.020706005 
256 2 8 7 0.02069665 
967 192 31 23 0.020671139 
691 364 6 8 0.020659044 
880 301 9 8 0.020646032 
860 292 20 18 0.020629158 
445 270 11 15 0.020589625 
412 145 7 12 0.02056587 
336 1 8 10 0.020540588 
642 380 12 13 0.020501109 
438 321 9 18 0.020422276 
640 387 22 24 0.020312019 
772 332 21 24 0.020307254 
381 276 22 28 0.020217782 
779 249 11 18 0.020179167 
214 16 27 37 0.020150807 
593 356 17 29 0.020083088 
236 30 7 12 0.020073025 
350 65 11 15 0.020053491 
364 1 10 9 0.020043474 
