39_Ice_Skating_iceskiing_39_1000
218
966 330 10 13 0.11698355 
373 70 26 38 0.09189152 
661 647 3 6 0.075549476 
902 347 8 7 0.07389614 
1017 641 9 20 0.066584185 
512 654 3 6 0.06632244 
947 354 8 9 0.06438465 
981 393 11 14 0.061452657 
860 564 25 48 0.061342724 
1017 606 16 28 0.048111685 
986 234 8 10 0.04771091 
955 465 14 12 0.043769997 
602 655 3 4 0.04336203 
1003 292 9 10 0.043278195 
923 641 3 5 0.04304179 
583 654 4 6 0.041823514 
666 648 3 5 0.041626927 
641 653 4 5 0.041626908 
654 647 4 5 0.041313253 
648 649 2 4 0.03975107 
628 648 4 4 0.039338637 
584 648 3 5 0.038392715 
629 661 3 5 0.037833735 
926 285 10 10 0.036738083 
603 643 3 4 0.03673213 
597 648 2 4 0.03641543 
641 649 3 4 0.036240384 
941 653 5 7 0.03610549 
960 295 10 14 0.035976972 
897 654 3 5 0.035911072 
431 630 2 4 0.03578166 
978 308 10 13 0.035769735 
680 654 4 6 0.034752473 
655 642 3 4 0.034541495 
635 654 3 5 0.033839326 
524 655 4 5 0.0338349 
906 348 10 10 0.033703014 
596 661 4 5 0.033440754 
951 329 6 9 0.033165462 
666 653 3 5 0.03295484 
660 642 3 5 0.032921698 
19 323 22 22 0.032817334 
597 654 3 5 0.032598946 
971 345 8 9 0.032571334 
590 648 2 4 0.03253498 
1012 351 16 22 0.03245359 
285 369 176 202 0.03241624 
929 622 4 5 0.032241244 
705 665 4 7 0.032202303 
532 648 3 4 0.03206258 
603 648 3 4 0.032034513 
965 441 10 10 0.032000553 
661 652 4 5 0.031997412 
706 654 4 6 0.0318559 
975 367 13 13 0.031838696 
597 643 2 3 0.031459384 
833 659 5 9 0.03138401 
997 297 11 11 0.031353697 
941 622 3 4 0.031148324 
376 634 4 8 0.030369082 
629 666 3 5 0.030129539 
488 634 3 5 0.029887358 
646 654 3 5 0.029787285 
1019 233 6 10 0.029736612 
584 659 3 5 0.029616699 
1013 597 8 14 0.029600639 
609 643 2 3 0.029496849 
965 317 8 9 0.029418118 
411 642 3 5 0.029323738 
590 643 3 3 0.029181076 
680 659 4 6 0.02854057 
501 629 3 4 0.028539792 
898 642 3 4 0.028505158 
13 311 43 39 0.028483199 
706 660 4 5 0.028366257 
915 642 4 4 0.027697379 
822 660 3 6 0.027589938 
449 636 3 4 0.027449703 
630 654 3 5 0.027258897 
437 642 3 5 0.027137829 
918 666 4 7 0.027128749 
443 630 3 3 0.027113594 
270 80 56 42 0.027010117 
904 660 3 5 0.027003035 
430 635 2 4 0.026995609 
1019 294 16 22 0.026928341 
928 327 7 9 0.026920073 
936 616 3 4 0.026837604 
490 430 39 46 0.026792314 
845 665 5 9 0.026704213 
732 27 39 48 0.026683277 
584 642 3 4 0.026664952 
352 76 35 53 0.02660158 
565 642 2 4 0.026484063 
903 655 3 4 0.026321039 
533 654 3 6 0.02628134 
692 660 4 6 0.026193095 
628 643 3 3 0.026114378 
911 641 3 5 0.026026746 
1030 644 15 30 0.026012618 
443 635 3 4 0.02594711 
693 666 4 5 0.025922066 
622 649 3 4 0.025845578 
967 343 7 9 0.025843572 
608 648 3 4 0.02583368 
508 643 2 3 0.025827782 
929 15 4 5 0.025672028 
1010 593 16 29 0.025534738 
915 648 3 4 0.025511133 
590 661 3 5 0.025249237 
621 667 3 5 0.025242867 
667 642 3 4 0.02515242 
437 635 2 4 0.025070164 
915 20 4 6 0.025062742 
513 636 3 4 0.025000734 
976 356 11 12 0.024906987 
971 355 10 12 0.024878725 
654 654 3 4 0.024829451 
932 118 9 14 0.024727596 
942 634 4 5 0.024706604 
1010 293 6 7 0.02459051 
833 654 4 6 0.024562722 
896 350 8 7 0.024523593 
1019 310 8 11 0.02447946 
703 38 44 51 0.024365168 
475 649 3 4 0.024296224 
634 660 3 6 0.024292327 
212 473 382 439 0.024273703 
936 622 3 4 0.02426875 
615 660 3 5 0.024211202 
643 667 3 5 0.024175933 
1011 384 6 7 0.024173819 
609 617 3 3 0.024163473 
488 630 3 4 0.024142114 
898 647 3 5 0.024015909 
698 666 5 6 0.023968268 
623 617 2 3 0.023902252 
685 654 4 5 0.023687134 
424 636 3 4 0.023676809 
961 364 6 8 0.023504265 
513 649 2 3 0.02344258 
423 642 3 4 0.023384077 
450 648 3 4 0.02327465 
915 653 3 5 0.023170473 
635 649 2 4 0.023073388 
937 654 4 6 0.02295925 
271 233 44 55 0.022941777 
501 635 3 4 0.022840524 
948 634 4 6 0.022757385 
1018 293 7 8 0.022581251 
545 636 3 4 0.022579474 
526 636 3 4 0.02254959 
544 659 3 5 0.022540381 
940 616 3 5 0.022444166 
970 381 10 11 0.022442717 
970 326 9 12 0.022423035 
647 666 3 6 0.02240936 
564 654 4 4 0.022373721 
621 655 3 4 0.022354145 
590 655 2 4 0.022268623 
902 642 4 5 0.022261778 
978 338 8 10 0.022254212 
667 660 4 6 0.022202177 
610 655 3 4 0.022043256 
507 635 3 4 0.02187267 
1009 352 11 14 0.021854306 
1019 312 16 23 0.021830969 
648 629 3 4 0.021776207 
622 661 3 4 0.021738157 
908 666 4 6 0.021714937 
463 635 3 4 0.021706412 
928 641 4 5 0.021705598 
628 617 3 3 0.02168067 
692 654 4 6 0.021606117 
839 5 8 9 0.021578014 
1030 668 14 28 0.021510174 
939 274 6 7 0.021510117 
450 629 3 4 0.021503493 
615 617 3 3 0.021498866 
442 643 3 4 0.021441292 
1018 377 17 20 0.02143461 
435 629 3 4 0.02142365 
724 664 5 8 0.021395259 
488 642 3 4 0.021324877 
623 643 2 3 0.021292806 
911 653 3 6 0.02126693 
709 660 4 5 0.02122242 
854 54 12 13 0.021195464 
616 623 2 4 0.02112004 
833 648 3 4 0.021041283 
911 647 4 6 0.020974169 
462 643 3 3 0.020815598 
942 648 4 5 0.020752918 
672 665 4 6 0.020681553 
538 656 4 5 0.020660844 
565 649 3 4 0.020643905 
404 635 3 5 0.020636344 
977 344 9 10 0.020571433 
924 344 9 11 0.020569142 
540 642 3 3 0.020515086 
610 660 3 5 0.02048252 
520 655 4 4 0.020475203 
1011 235 6 7 0.020457791 
381 384 175 156 0.020424373 
953 243 8 8 0.020420553 
1017 380 9 11 0.020361695 
1009 668 7 13 0.020317584 
641 660 4 5 0.020307446 
885 23 8 11 0.020293105 
1017 360 17 24 0.020273123 
512 657 5 5 0.020246249 
512 38 44 51 0.020225655 
724 660 5 8 0.02020223 
634 666 3 5 0.020183383 
1029 609 15 27 0.020078607 
595 665 4 5 0.020069642 
958 319 18 23 0.020048697 
686 665 5 7 0.020018904 
