39_Ice_Skating_Ice_Skating_39_486
138
457 308 163 194 0.9987942 
621 713 11 18 0.6050596 
642 643 14 16 0.4116996 
644 714 11 17 0.36442345 
660 722 13 19 0.30328637 
559 714 10 17 0.20001806 
609 714 10 18 0.1861821 
684 727 12 18 0.17532527 
648 682 9 15 0.16989721 
529 709 12 20 0.1388935 
658 752 12 19 0.12437419 
627 651 11 16 0.123061344 
641 720 11 18 0.1197164 
597 715 8 14 0.117398754 
675 711 10 15 0.116496965 
295 586 407 612 0.11445523 
625 686 10 17 0.107289724 
698 640 7 10 0.09899274 
707 649 9 12 0.09521735 
570 687 9 14 0.09034327 
572 754 12 21 0.08941243 
715 686 10 16 0.080683015 
337 987 56 83 0.0737607 
615 647 9 14 0.070445396 
793 742 8 17 0.0690307 
616 665 9 13 0.065120384 
544 712 10 16 0.064876474 
693 640 8 10 0.064723246 
665 706 10 14 0.062620476 
746 647 8 13 0.059015192 
613 709 9 16 0.057857327 
648 674 9 13 0.056382935 
776 731 11 20 0.0559122 
505 719 11 18 0.05366623 
597 679 10 15 0.05301813 
700 646 9 13 0.05167266 
656 681 8 14 0.051234394 
544 729 11 15 0.051231228 
736 689 10 15 0.048892424 
643 736 13 20 0.048453797 
604 681 8 14 0.047927238 
657 715 10 16 0.04751697 
807 722 10 21 0.045909654 
581 696 10 16 0.04537841 
510 155 65 60 0.044433154 
597 731 9 17 0.042368624 
606 727 11 19 0.041599903 
642 672 7 12 0.04101617 
647 696 11 16 0.040435724 
587 691 9 13 0.040001716 
691 646 10 12 0.039996095 
620 647 14 16 0.039893225 
854 717 9 13 0.03953206 
663 682 7 13 0.03837395 
763 738 13 19 0.038126245 
589 713 10 16 0.03757079 
595 640 11 17 0.037148926 
693 698 9 14 0.037018076 
697 672 10 16 0.036004808 
640 689 8 13 0.035682436 
562 690 8 13 0.035481043 
656 665 8 12 0.03547416 
633 523 16 16 0.03542559 
546 720 9 18 0.035228293 
642 681 9 15 0.03482877 
655 671 8 13 0.03481409 
656 705 10 15 0.03446827 
678 689 7 12 0.034039892 
686 552 14 15 0.033965893 
756 646 8 14 0.033609513 
541 740 12 18 0.03315561 
828 722 10 15 0.031298254 
673 731 9 14 0.030848885 
34 522 503 531 0.03062936 
613 681 9 14 0.030627701 
655 646 10 13 0.030036762 
657 640 9 11 0.029338289 
596 687 8 15 0.029338218 
782 722 10 19 0.028930198 
604 674 8 12 0.02869093 
596 697 8 13 0.028604819 
566 683 8 12 0.028324781 
654 698 10 14 0.028072538 
818 840 9 17 0.027823545 
611 703 17 28 0.027656632 
793 634 5 7 0.02760384 
540 623 7 11 0.027545726 
792 639 7 11 0.027448934 
708 642 6 7 0.027378794 
700 722 8 13 0.027354175 
619 671 10 13 0.02731912 
706 697 10 17 0.027015574 
546 1093 151 234 0.026887171 
692 690 8 13 0.02675891 
521 712 9 19 0.0266613 
648 665 9 12 0.025730632 
664 632 9 12 0.025632678 
696 702 11 16 0.025626425 
744 652 8 14 0.025383094 
556 727 11 17 0.025257293 
572 694 10 16 0.025181854 
632 723 8 13 0.025155744 
606 696 9 15 0.025111923 
625 753 13 20 0.025007783 
510 646 7 12 0.024809303 
623 631 9 11 0.024710061 
621 683 19 31 0.024236629 
520 789 14 21 0.023937918 
679 707 10 15 0.023651686 
698 686 10 15 0.023571739 
646 700 22 32 0.023481917 
577 682 10 14 0.023383947 
674 742 9 12 0.023339137 
683 638 9 10 0.022600504 
876 1052 13 23 0.022440864 
579 713 12 17 0.022322116 
707 720 9 16 0.02223448 
690 737 10 16 0.022121187 
787 747 8 16 0.022025637 
828 853 6 13 0.021849835 
1016 1200 7 15 0.021788308 
521 639 7 11 0.021718925 
559 695 11 16 0.021567186 
692 635 7 9 0.021421202 
557 741 11 18 0.02139405 
578 620 92 109 0.021372095 
828 860 7 14 0.02133223 
587 705 10 14 0.02123083 
665 623 7 10 0.02120181 
730 646 10 14 0.020981414 
640 696 9 14 0.02096141 
569 614 11 12 0.020582553 
510 640 7 11 0.02049413 
758 655 6 10 0.02035243 
785 740 8 15 0.020311471 
707 663 9 14 0.0201808 
579 699 21 31 0.020171305 
700 667 9 13 0.020115348 
