39_Ice_Skating_Ice_Skating_39_487
106
503 250 58 81 0.9993248 
448 15 13 18 0.23533589 
874 35 45 62 0.2087553 
55 93 16 21 0.17070329 
375 358 10 16 0.16566119 
357 405 9 19 0.112262934 
380 316 9 15 0.11068648 
465 7 14 21 0.10610959 
373 406 10 18 0.0997693 
321 370 8 16 0.08974321 
-28 642 438 426 0.08157579 
414 331 9 17 0.0759626 
1 527 8 12 0.07493261 
396 307 8 14 0.07370396 
19 521 8 9 0.06115902 
422 1 14 10 0.059325904 
534 926 52 47 0.05512474 
357 394 11 18 0.055021074 
407 352 12 20 0.05301262 
864 214 13 22 0.052448306 
246 309 8 12 0.051890373 
286 61 46 78 0.051738594 
241 332 7 8 0.046019163 
29 93 21 24 0.04537631 
277 338 9 12 0.04219261 
291 310 11 15 0.03769542 
375 330 7 12 0.037505478 
258 308 8 9 0.03571982 
243 361 8 10 0.035011105 
248 315 9 11 0.034622382 
839 227 7 16 0.03411235 
292 348 9 16 0.033470493 
32 9 55 56 0.033105277 
374 322 8 14 0.03210659 
382 312 7 11 0.032047294 
388 310 7 11 0.03160415 
385 320 9 14 0.03158112 
1009 280 11 19 0.03148261 
884 11 54 62 0.031110663 
408 333 16 32 0.030583069 
428 -19 381 442 0.0304811 
447 1 20 27 0.030147716 
384 342 8 15 0.0298342 
371 0 14 9 0.029599473 
347 387 8 16 0.029108258 
428 334 19 31 0.028175704 
375 297 6 9 0.02787117 
339 308 6 12 0.027547855 
21 516 5 6 0.02702453 
160 407 14 12 0.026883533 
813 271 8 17 0.026632499 
457 11 17 23 0.026611332 
545 77 26 37 0.026547095 
217 320 7 7 0.026513841 
454 0 8 7 0.026171668 
1012 326 9 19 0.025948556 
359 313 9 14 0.025475644 
396 18 12 14 0.025114434 
231 338 7 10 0.024916386 
3 523 6 7 0.02490049 
872 17 27 56 0.024372214 
353 366 10 15 0.024047531 
345 281 6 10 0.023855895 
387 359 9 16 0.023781842 
299 281 9 12 0.02354227 
311 317 7 11 0.023529124 
257 329 9 11 0.02326574 
367 282 6 8 0.023238013 
70 282 86 102 0.023189168 
295 286 9 12 0.022872692 
401 341 9 18 0.022692759 
416 326 7 12 0.022663489 
364 344 9 12 0.022544488 
242 327 8 9 0.022510508 
374 301 5 9 0.022426868 
331 295 6 10 0.022368873 
279 304 7 9 0.022178214 
220 324 7 8 0.022139123 
232 594 428 457 0.022130627 
156 391 12 10 0.022106165 
256 525 8 12 0.022083689 
604 1 24 13 0.021983666 
378 351 10 18 0.021859325 
367 350 8 14 0.021841694 
476 0 10 8 0.021714915 
781 362 26 48 0.021704268 
346 28 25 28 0.021658283 
275 304 5 7 0.021645261 
862 204 6 10 0.021571252 
5 83 17 28 0.021334998 
345 307 8 13 0.021128476 
373 310 7 11 0.021020783 
819 185 7 14 0.021016318 
852 213 8 14 0.020980129 
831 213 7 14 0.02096428 
352 393 9 16 0.020957654 
295 1151 7 8 0.020890104 
302 332 7 10 0.02085609 
332 281 8 9 0.02077723 
367 323 8 15 0.020732434 
323 344 7 12 0.020723509 
402 348 11 21 0.020428134 
350 26 10 14 0.020272497 
554 876 26 29 0.0202676 
337 280 8 12 0.020231752 
865 397 48 58 0.02004896 
