39_Ice_Skating_iceskiing_39_908
26
399 194 68 54 0.23811363 
969 7 17 25 0.23315476 
224 477 49 64 0.17450657 
148 550 7 11 0.14675073 
996 -1 20 15 0.11039305 
427 122 148 150 0.07094465 
348 436 35 54 0.05066461 
977 37 23 26 0.047667854 
410 125 37 56 0.04221539 
492 457 6 9 0.037710126 
437 464 5 9 0.0369406 
111 538 5 7 0.035801105 
768 57 15 28 0.03477903 
738 193 33 39 0.03266449 
421 478 5 9 0.029071221 
109 541 6 12 0.026915412 
1084 47 13 23 0.025028532 
162 554 6 11 0.024380738 
489 455 5 8 0.024212433 
1087 69 12 22 0.022481624 
1020 74 20 35 0.022239394 
412 159 56 62 0.021676729 
972 41 37 49 0.021249315 
428 493 6 9 0.021122241 
332 515 16 22 0.020669885 
392 429 7 9 0.020110562 
