39_Ice_Skating_Ice_Skating_39_458
19
696 287 129 104 0.63953215 
692 336 53 53 0.17954972 
189 335 143 115 0.12041482 
901 772 50 97 0.057081185 
675 222 123 129 0.042749763 
259 347 71 68 0.039293546 
447 286 10 9 0.034356207 
412 269 187 121 0.032407105 
761 322 56 54 0.029027946 
455 288 8 8 0.028454322 
437 288 7 7 0.02715023 
440 307 9 8 0.024622943 
457 295 10 9 0.024439836 
456 305 10 8 0.024034644 
431 287 8 7 0.022803124 
265 311 47 39 0.022390056 
441 1127 59 60 0.022268152 
287 339 37 45 0.021234155 
400 298 7 7 0.021042438 
