39_Ice_Skating_Ice_Skating_39_283
18
627 37 63 99 0.99859947 
472 207 64 84 0.99698025 
328 135 26 24 0.15743093 
264 635 31 35 0.05000888 
311 121 24 23 0.04410523 
455 116 6 8 0.036511935 
528 302 47 46 0.03606045 
741 335 35 26 0.03337897 
321 120 13 13 0.03291845 
453 324 358 341 0.032320768 
404 123 5 6 0.030963494 
185 616 34 33 0.03073191 
747 333 10 8 0.024302525 
322 124 24 24 0.024174554 
704 217 103 128 0.023713717 
753 326 12 10 0.022291496 
741 326 28 21 0.02154969 
468 115 6 8 0.02128007 
