39_Ice_Skating_iceskiing_39_416
27
395 267 75 80 0.99511695 
843 119 10 16 0.12927671 
836 156 10 17 0.07720942 
869 138 10 15 0.0637197 
689 38 8 12 0.058717255 
806 68 59 103 0.0503204 
684 33 7 11 0.048843578 
829 146 9 16 0.038275354 
684 41 9 15 0.036929663 
841 128 11 16 0.030254953 
656 64 10 15 0.029418008 
567 261 323 428 0.029403467 
946 158 21 22 0.028882064 
847 149 40 49 0.026176542 
239 3 5 6 0.025242303 
667 57 7 11 0.02441854 
402 254 17 31 0.024279 
826 152 15 27 0.023939863 
885 137 20 21 0.023905871 
646 -21 351 478 0.023811597 
866 159 13 13 0.022654524 
294 630 6 8 0.022402778 
183 354 39 44 0.021908287 
589 2 5 7 0.02120702 
652 58 18 29 0.020874517 
711 2 5 5 0.02029138 
685 28 16 25 0.02010545 
