39_Ice_Skating_Ice_Skating_39_388
18
884 340 67 89 0.9992187 
781 359 62 97 0.9991423 
452 298 107 151 0.9991302 
38 290 66 99 0.99890435 
386 313 67 88 0.9972696 
237 335 99 123 0.9967886 
655 376 50 71 0.73461825 
201 287 55 94 0.49824634 
992 375 16 28 0.14367467 
211 316 70 114 0.051393516 
1011 424 13 27 0.039412506 
105 416 54 53 0.025984112 
509 542 53 50 0.024038797 
990 421 29 55 0.023589881 
999 381 18 28 0.023038005 
452 283 14 17 0.022643939 
826 1307 133 150 0.02080374 
791 1241 247 283 0.020181248 
