39_Ice_Skating_Ice_Skating_39_463
770
956 725 10 16 0.8350994 
836 738 9 17 0.7407649 
899 735 12 17 0.73630023 
911 757 11 20 0.5862701 
786 662 9 15 0.578878 
474 694 7 12 0.5225092 
700 707 8 11 0.43324175 
963 770 11 18 0.4028865 
429 680 7 10 0.40111902 
555 702 7 11 0.39797252 
800 752 9 11 0.35973963 
850 672 9 14 0.3495578 
514 701 7 12 0.33779153 
716 667 7 11 0.3347179 
414 643 6 11 0.3329254 
369 661 7 11 0.29383823 
817 760 17 22 0.28452152 
613 702 6 11 0.27544534 
752 674 9 14 0.2615409 
639 702 8 12 0.23954396 
678 656 6 9 0.2323455 
856 675 8 12 0.22294609 
541 709 7 11 0.21707076 
412 639 5 8 0.20656174 
580 676 6 10 0.19327685 
729 674 6 9 0.19158086 
776 661 6 10 0.18470094 
791 666 9 13 0.18452035 
485 649 6 12 0.1778347 
418 701 6 9 0.17360981 
526 644 5 10 0.17211764 
534 609 3 6 0.16855708 
586 712 9 12 0.1682937 
421 702 7 10 0.1663286 
436 634 5 7 0.16561426 
895 588 6 10 0.16395804 
410 687 7 10 0.1589519 
551 656 6 11 0.1549198 
415 639 5 9 0.15416397 
652 670 6 10 0.15334123 
629 681 7 10 0.15002605 
632 695 7 10 0.14795332 
454 652 6 10 0.14646107 
684 669 5 9 0.14498094 
779 661 9 14 0.14483522 
584 710 6 10 0.14328715 
638 689 7 9 0.14289631 
464 633 3 7 0.13977653 
405 703 5 8 0.13940379 
492 678 6 9 0.13579406 
619 677 7 11 0.13398877 
589 676 6 10 0.13232106 
476 632 4 9 0.13153106 
628 647 6 8 0.12311354 
412 634 4 5 0.11908968 
535 664 7 10 0.118215464 
494 708 6 10 0.11492969 
444 633 4 7 0.1148553 
677 664 8 11 0.114615895 
336 683 8 12 0.11411998 
480 633 5 8 0.10991664 
751 683 11 16 0.10956155 
448 633 4 7 0.109228335 
648 671 7 11 0.10918148 
553 707 6 9 0.10825043 
533 696 5 8 0.10629001 
404 652 5 8 0.10553144 
424 659 5 8 0.10488698 
668 687 9 14 0.103997014 
648 684 7 10 0.10345077 
509 653 8 13 0.10331468 
514 696 6 10 0.102114856 
424 634 3 6 0.10165 
404 663 7 10 0.10093222 
473 709 7 10 0.09951208 
745 657 5 10 0.09937329 
427 694 8 12 0.09906741 
468 684 6 8 0.09625807 
486 690 6 9 0.095795184 
384 663 7 11 0.09469143 
589 670 5 9 0.09430889 
537 696 5 8 0.09411453 
497 706 7 12 0.09395524 
634 689 7 10 0.09348552 
436 655 6 10 0.09221039 
413 682 7 12 0.09204892 
819 703 7 11 0.09085083 
441 650 6 10 0.08848888 
619 663 6 10 0.08593936 
468 676 6 9 0.08545558 
384 640 5 8 0.08532727 
608 706 7 12 0.084442586 
652 688 7 10 0.08351927 
501 644 5 9 0.08277702 
495 703 5 8 0.082053624 
684 709 6 9 0.081929 
651 743 8 13 0.0815719 
461 637 5 9 0.0809772 
798 669 7 11 0.08090097 
513 689 7 11 0.07885165 
724 644 6 9 0.076869726 
431 634 4 6 0.0768105 
538 703 5 7 0.07661505 
893 588 4 8 0.07554786 
430 672 6 10 0.07542824 
619 658 6 9 0.07517597 
449 650 5 10 0.073999405 
385 659 5 7 0.073966675 
947 736 9 16 0.07389632 
411 650 6 9 0.07335132 
418 634 4 6 0.073180005 
653 639 5 8 0.0726712 
448 676 5 9 0.07224601 
633 735 8 12 0.07035292 
712 665 6 10 0.06995864 
889 675 6 9 0.06990015 
230 620 9 14 0.06923432 
403 658 6 9 0.06799733 
534 633 4 8 0.06791054 
480 657 6 9 0.0674032 
517 706 6 9 0.06733331 
469 688 6 10 0.06732564 
590 656 6 10 0.06683284 
622 651 5 8 0.06649968 
474 645 5 9 0.066198386 
533 709 5 8 0.065367244 
538 651 6 10 0.06526416 
488 676 6 9 0.064627886 
514 612 4 7 0.06459824 
631 677 7 9 0.06435287 
634 702 7 11 0.06432248 
555 662 7 12 0.064214066 
476 651 5 9 0.06416569 
829 759 12 19 0.06376423 
589 651 6 10 0.06345431 
537 645 6 8 0.063311435 
480 637 5 9 0.06323915 
548 675 7 10 0.06312827 
458 639 4 7 0.063029036 
725 676 6 9 0.06297922 
467 633 4 7 0.06284939 
520 614 4 6 0.062267385 
757 664 5 8 0.062137127 
667 645 5 8 0.06201031 
423 696 7 11 0.06104607 
460 671 6 9 0.06081854 
664 721 6 11 0.06024687 
562 702 6 9 0.05959308 
576 696 6 10 0.059355233 
602 676 6 9 0.058481876 
653 722 5 8 0.058394745 
333 646 4 7 0.058128413 
368 645 4 7 0.058105346 
544 693 5 10 0.05802772 
423 639 4 7 0.057950072 
661 639 4 7 0.05650897 
724 671 6 10 0.056259636 
513 645 5 9 0.056187548 
658 688 6 11 0.056066606 
673 591 6 10 0.055972036 
578 749 5 7 0.055871114 
369 668 7 10 0.05568876 
530 715 6 10 0.05556857 
428 687 8 13 0.05480251 
588 664 6 9 0.054730628 
397 671 6 9 0.054625776 
339 703 8 9 0.05441362 
393 620 4 7 0.054286767 
507 736 5 7 0.05402314 
475 627 4 7 0.054014824 
761 664 5 8 0.053312283 
492 733 6 10 0.053146604 
614 668 6 11 0.0531132 
-1 319 23 30 0.05308527 
608 697 6 9 0.052814484 
666 684 7 11 0.05272425 
473 684 5 8 0.052395623 
890 691 8 14 0.052363224 
380 645 4 7 0.052349955 
461 665 5 9 0.051226616 
641 650 6 8 0.051101185 
653 644 5 8 0.05078992 
457 627 3 6 0.05062216 
457 671 5 8 0.050485954 
795 754 6 11 0.050164342 
526 641 4 7 0.050020516 
609 670 6 10 0.04974387 
684 552 10 15 0.049585674 
379 618 5 9 0.049432766 
744 674 5 11 0.048923366 
513 632 4 7 0.048894323 
530 644 6 11 0.04881111 
668 658 5 8 0.04879359 
656 651 4 7 0.0481799 
923 689 6 9 0.04816597 
813 769 10 14 0.04792777 
588 646 5 8 0.04767826 
476 619 4 7 0.04750823 
534 668 5 9 0.047447637 
716 658 6 10 0.047111716 
745 662 6 10 0.047110483 
404 646 5 7 0.046969745 
526 627 4 8 0.046885233 
405 616 3 6 0.046821196 
409 709 5 8 0.046603236 
344 653 5 7 0.046571277 
594 681 7 11 0.046539854 
790 770 9 15 0.046295438 
380 626 5 7 0.046295248 
425 651 4 8 0.046147 
537 639 5 7 0.04598186 
628 657 6 9 0.045914743 
749 651 6 10 0.045600727 
475 664 5 9 0.04552126 
534 638 4 8 0.045465633 
352 676 6 10 0.045204982 
379 615 4 6 0.045065515 
616 652 5 8 0.044733852 
646 644 6 10 0.0444594 
448 646 5 8 0.04443015 
537 656 7 11 0.04438441 
839 690 7 10 0.044255093 
604 707 6 11 0.044253368 
493 713 7 10 0.044106863 
897 715 17 30 0.04404583 
533 612 4 6 0.043858636 
444 647 4 8 0.04380505 
538 609 3 6 0.04341689 
521 619 4 7 0.04330849 
489 733 5 10 0.043290246 
444 672 4 7 0.04312312 
527 614 3 6 0.04293913 
393 634 3 6 0.042893894 
674 658 5 7 0.042827412 
775 688 6 10 0.042804074 
476 700 8 11 0.04264494 
424 681 6 9 0.042638656 
684 676 5 8 0.042627044 
440 655 6 10 0.042417057 
346 674 6 10 0.04241254 
353 644 5 8 0.042384543 
643 702 8 11 0.042241476 
468 731 6 12 0.042178687 
341 654 5 6 0.041974757 
488 722 6 8 0.041938547 
518 717 5 7 0.041773193 
368 660 5 8 0.04176336 
799 690 5 7 0.04164816 
533 702 5 8 0.041537333 
693 695 5 9 0.041123 
706 665 5 8 0.04111429 
505 709 6 8 0.041028444 
477 615 3 6 0.0407637 
508 608 4 7 0.040672928 
627 689 8 11 0.040523417 
539 692 5 8 0.040501487 
776 670 6 10 0.04044005 
831 742 30 45 0.040419683 
815 702 6 9 0.040271524 
923 693 8 12 0.04015444 
666 677 6 8 0.039654523 
456 622 4 6 0.039592635 
829 591 7 13 0.039576568 
633 670 7 10 0.039562337 
399 664 6 9 0.039559703 
829 539 8 12 0.039557517 
776 675 5 10 0.039489046 
576 690 6 9 0.03947463 
511 735 6 8 0.039435003 
379 658 4 8 0.03943311 
513 669 5 9 0.039173312 
501 615 3 5 0.038938142 
502 640 4 8 0.038878653 
724 649 5 9 0.0388517 
536 675 7 10 0.038851164 
399 619 4 8 0.038797446 
776 753 5 8 0.038715847 
618 669 7 10 0.038550526 
668 652 5 7 0.038487677 
717 674 6 10 0.03835329 
390 670 7 10 0.03833707 
354 629 4 6 0.03810931 
476 657 6 9 0.038079854 
487 640 5 7 0.038063295 
506 645 4 8 0.037883908 
594 656 6 10 0.037843704 
744 653 5 8 0.03771275 
648 639 5 9 0.037696287 
456 645 5 8 0.037653163 
486 670 6 9 0.037631042 
448 639 4 7 0.037622835 
389 659 6 7 0.037439488 
428 658 5 8 0.03735236 
506 702 5 9 0.037330765 
602 652 5 8 0.037255682 
633 646 5 8 0.03716673 
383 626 4 7 0.03708198 
489 615 3 5 0.037039172 
4 143 263 324 0.037020735 
660 644 5 9 0.036978234 
379 664 5 9 0.036861956 
666 702 8 11 0.03678576 
516 627 3 7 0.03674378 
546 638 4 7 0.03670315 
666 639 5 8 0.03669983 
879 588 4 7 0.036682487 
428 651 5 8 0.03657332 
482 620 4 6 0.036475256 
412 629 3 5 0.03644012 
500 649 6 10 0.036340404 
499 696 5 9 0.036336154 
681 708 5 9 0.03631363 
712 659 5 9 0.036303557 
582 598 4 8 0.036213774 
419 615 3 5 0.036211792 
584 658 5 9 0.03618793 
524 669 5 9 0.035965774 
608 682 6 10 0.035889186 
96 806 20 24 0.035852727 
457 634 3 6 0.035783645 
673 647 4 6 0.035481155 
367 677 6 9 0.03547372 
942 737 17 31 0.035460237 
468 638 4 8 0.035434026 
578 651 4 8 0.03539165 
667 574 6 11 0.035360362 
495 698 5 7 0.03530568 
635 729 6 8 0.035221312 
820 697 5 8 0.034996048 
520 632 4 7 0.03498739 
520 627 4 7 0.034949385 
673 669 7 11 0.034870528 
799 683 5 8 0.03486608 
476 609 3 5 0.03479923 
527 746 6 11 0.03474797 
455 675 6 9 0.034679975 
360 663 5 9 0.03467118 
385 634 4 6 0.03449356 
884 683 7 12 0.034368314 
405 708 5 7 0.034341898 
259 704 215 241 0.03431418 
533 734 6 9 0.034305714 
634 663 6 9 0.034143217 
692 683 5 8 0.03412156 
696 695 7 11 0.034040187 
423 645 5 8 0.034007575 
494 658 6 9 0.033974797 
482 616 3 5 0.033973765 
479 691 6 10 0.033954576 
506 694 6 10 0.033947594 
430 638 4 7 0.03381438 
342 640 4 6 0.033807028 
534 603 3 4 0.03352224 
815 696 5 7 0.033499185 
368 640 4 7 0.033476368 
529 610 3 4 0.033413216 
416 678 5 8 0.03334444 
585 645 5 8 0.033339366 
334 708 6 9 0.033338275 
398 634 4 6 0.033331376 
717 682 6 9 0.033327587 
405 640 4 7 0.03328867 
638 695 7 10 0.033259448 
623 647 5 8 0.033221807 
921 587 5 7 0.033068914 
469 694 7 11 0.033063035 
404 619 3 6 0.032864813 
500 656 7 11 0.032853935 
524 664 5 10 0.032786157 
400 615 4 7 0.032592423 
526 632 4 6 0.03254481 
922 684 5 9 0.032506682 
513 639 4 8 0.03240375 
393 615 3 6 0.032361753 
915 685 8 11 0.032189347 
398 640 4 7 0.03217061 
691 691 5 8 0.032060686 
884 671 6 9 0.03202735 
381 641 4 6 0.031963892 
697 677 5 9 0.031942528 
494 633 4 6 0.031915486 
399 645 4 8 0.031822782 
607 675 6 11 0.031814907 
488 620 3 6 0.031775776 
942 733 7 13 0.0317249 
345 658 5 7 0.03170926 
615 697 5 10 0.03163409 
888 682 8 13 0.0316002 
428 663 6 9 0.03150448 
781 673 7 11 0.031498972 
667 663 5 9 0.03140338 
616 713 6 9 0.031327743 
344 706 6 10 0.031221272 
525 689 5 10 0.031145915 
616 682 6 9 0.031016627 
518 720 6 10 0.030866966 
521 652 4 8 0.030789036 
489 755 8 16 0.030723033 
399 626 3 6 0.030702135 
660 677 5 8 0.03068952 
501 608 3 6 0.030606447 
585 663 5 10 0.030568155 
372 646 4 7 0.030515185 
429 646 5 8 0.030480219 
681 579 5 9 0.030472726 
534 729 5 8 0.030467147 
799 704 6 8 0.030405568 
469 709 7 10 0.03038245 
524 676 6 9 0.030260764 
668 671 5 9 0.030237298 
636 582 5 8 0.03021282 
918 583 3 6 0.0301872 
346 682 6 10 0.030144809 
537 634 5 7 0.030093428 
681 336 11 15 0.030089695 
425 629 3 5 0.030029858 
673 663 7 11 0.030002184 
859 590 7 11 0.029990919 
723 720 8 11 0.029922327 
935 749 16 33 0.0299196 
729 644 5 9 0.029892111 
461 644 4 8 0.029890252 
685 574 6 10 0.02988365 
692 671 5 7 0.029854054 
406 634 4 6 0.029843258 
779 682 7 12 0.029802509 
673 653 5 7 0.029790241 
482 646 5 8 0.029666571 
579 600 4 7 0.029565588 
445 629 3 5 0.02956384 
351 682 7 10 0.029488482 
354 650 5 8 0.029482314 
383 620 4 8 0.029478902 
526 621 3 5 0.029456975 
800 600 5 9 0.029442543 
864 657 7 13 0.029404411 
348 634 4 5 0.02936583 
508 633 4 8 0.029332424 
403 562 108 139 0.029326428 
647 739 7 14 0.02928691 
793 658 6 11 0.029241111 
724 658 6 10 0.029221227 
518 569 5 7 0.029139107 
409 658 6 9 0.029114187 
416 663 5 9 0.029085891 
694 677 5 8 0.029071443 
884 588 4 7 0.029002892 
735 652 7 10 0.02897749 
502 619 4 7 0.028833475 
699 550 5 8 0.028760683 
577 656 6 9 0.028733937 
354 641 3 6 0.028678996 
571 608 4 6 0.028648939 
653 726 5 10 0.028501622 
448 672 5 8 0.028464628 
577 646 5 7 0.028400866 
520 669 5 9 0.028380753 
921 582 4 7 0.028351441 
948 722 15 25 0.028202794 
392 652 5 8 0.028158681 
686 684 5 8 0.02810697 
456 663 6 10 0.027975203 
698 658 6 8 0.027972465 
602 681 6 11 0.02794513 
373 653 4 6 0.027937591 
515 304 11 19 0.027811617 
533 620 4 6 0.027741509 
482 627 4 8 0.02772402 
948 747 16 30 0.027655058 
530 721 7 9 0.027642407 
686 695 6 9 0.027641436 
359 659 5 8 0.027637286 
448 665 5 8 0.02762464 
620 695 6 10 0.027594635 
761 669 6 10 0.027584247 
494 663 6 10 0.027565962 
353 632 4 6 0.027492503 
379 654 4 6 0.027468896 
519 655 5 12 0.027407948 
450 629 3 5 0.02738302 
629 699 7 11 0.027369464 
329 646 5 6 0.027348291 
467 665 6 9 0.027308824 
653 694 8 11 0.027285965 
785 671 8 12 0.027277905 
333 651 5 7 0.02726047 
533 682 6 10 0.02723235 
520 609 3 5 0.027156554 
595 652 5 9 0.027132943 
486 665 5 8 0.027081398 
621 690 7 9 0.027081262 
511 661 6 12 0.027072366 
595 670 5 9 0.027070478 
359 445 6 7 0.027067306 
328 652 4 7 0.027033592 
815 683 5 8 0.027032344 
724 600 5 8 0.026990872 
317 646 4 7 0.026940865 
444 638 4 7 0.026921682 
603 647 3 6 0.026916862 
814 677 4 8 0.026812743 
703 306 11 19 0.026789052 
684 704 5 7 0.026772 
633 659 6 8 0.026760971 
489 608 3 6 0.026716197 
796 683 5 9 0.026705442 
361 633 4 5 0.026548514 
549 682 6 9 0.026489448 
861 667 8 15 0.026425498 
342 635 3 5 0.02637076 
412 615 3 5 0.026340295 
410 714 5 9 0.026331084 
308 652 5 7 0.026317313 
905 607 4 6 0.02631399 
838 676 6 9 0.026241504 
617 552 6 12 0.02613077 
494 627 4 7 0.02611965 
795 750 5 8 0.026115617 
437 579 6 9 0.026104886 
787 683 6 9 0.026075793 
474 670 5 8 0.026002424 
347 665 5 6 0.025940502 
692 659 5 7 0.025888065 
834 683 5 9 0.025868358 
841 693 8 13 0.025847577 
347 640 4 6 0.02577673 
340 657 5 7 0.025744481 
601 656 6 10 0.025725134 
584 639 5 9 0.025695873 
680 572 6 11 0.025661599 
550 645 6 10 0.025661046 
532 691 6 9 0.025611402 
625 677 15 21 0.025605757 
703 696 7 12 0.0255936 
592 510 12 19 0.025544861 
461 689 5 9 0.025540931 
796 697 4 7 0.025428774 
450 656 5 9 0.02542399 
701 719 9 11 0.025362208 
676 587 6 10 0.025299089 
911 588 4 7 0.02520078 
635 625 4 7 0.025162261 
865 651 6 10 0.025149891 
431 629 3 5 0.025136719 
372 641 4 6 0.025112996 
564 708 6 8 0.02504499 
506 621 3 6 0.025016401 
604 695 6 10 0.024995882 
353 664 5 7 0.024972646 
546 608 4 6 0.024971917 
438 628 2 5 0.024924232 
506 639 4 8 0.02489269 
480 664 5 9 0.024812203 
520 663 6 11 0.024755074 
837 717 9 16 0.024682177 
532 627 4 7 0.02464998 
969 774 9 16 0.024624227 
360 442 5 6 0.024581306 
616 646 4 8 0.02456775 
408 696 7 11 0.024531214 
594 663 6 10 0.024494324 
526 708 4 8 0.024486499 
588 703 7 11 0.024476198 
581 696 6 10 0.024401944 
962 565 5 8 0.024393437 
837 683 6 10 0.024391541 
523 655 6 11 0.024315415 
841 729 19 28 0.024288183 
757 659 4 7 0.024245406 
795 673 7 11 0.024228917 
677 547 6 11 0.024218792 
433 688 7 12 0.024191035 
571 614 4 6 0.024186572 
432 616 3 4 0.024161743 
571 689 5 9 0.02415095 
693 663 5 9 0.024138093 
564 670 6 11 0.024119224 
860 680 8 12 0.02410394 
400 711 4 6 0.024078986 
917 613 5 7 0.024054265 
628 568 5 10 0.023999946 
880 626 4 8 0.02397685 
463 735 5 9 0.023930894 
918 570 3 6 0.023846434 
384 615 4 6 0.023841238 
488 561 5 7 0.023833469 
616 671 15 21 0.023813587 
698 682 5 9 0.023807501 
410 739 5 9 0.023747534 
912 581 4 7 0.023725186 
341 646 4 5 0.023715395 
1082 789 12 23 0.023709662 
462 701 6 10 0.023682045 
417 350 5 9 0.023662454 
895 669 6 11 0.02366019 
728 703 6 10 0.023616046 
394 626 3 6 0.023606237 
496 614 3 6 0.023557425 
585 651 5 8 0.023512648 
551 713 6 10 0.02349487 
467 700 7 10 0.023467083 
815 692 5 7 0.023450501 
482 601 4 6 0.023421166 
553 696 5 10 0.023375249 
385 696 5 7 0.023356598 
924 575 3 6 0.023320012 
488 728 6 10 0.023262795 
834 720 15 28 0.023215462 
885 570 4 7 0.023189556 
559 747 5 8 0.023185981 
372 728 5 9 0.02315544 
381 632 4 6 0.02313683 
680 647 4 6 0.023119995 
455 689 6 9 0.023072109 
521 645 4 8 0.023049299 
409 633 14 23 0.023041587 
488 702 5 8 0.02295437 
707 574 5 8 0.02293084 
487 633 3 7 0.022901297 
670 579 6 9 0.022845408 
296 524 13 16 0.022798868 
929 576 3 5 0.022752598 
723 689 7 12 0.022741536 
646 734 6 11 0.022737704 
691 708 6 10 0.022711309 
492 645 5 9 0.022699092 
437 647 4 7 0.022667062 
508 613 4 7 0.022605576 
533 597 3 5 0.022602292 
418 707 5 9 0.022585925 
686 647 4 7 0.022583202 
456 684 5 8 0.022578372 
884 593 4 8 0.022550024 
483 596 3 5 0.022464361 
878 592 5 8 0.022448188 
338 678 7 10 0.022415897 
817 771 12 17 0.02240565 
711 676 6 10 0.022384275 
789 754 5 9 0.02236417 
527 582 4 6 0.022360958 
1028 64 20 38 0.022357093 
372 709 4 7 0.022349197 
952 760 18 30 0.022347854 
525 695 6 10 0.022340091 
567 670 7 11 0.02233481 
857 664 7 13 0.02233406 
342 432 32 51 0.022275342 
792 754 15 21 0.022269506 
313 632 5 7 0.022246104 
481 670 5 8 0.022214498 
552 608 4 6 0.022188572 
799 697 5 7 0.022184042 
790 666 15 24 0.022180121 
671 706 6 9 0.022177018 
546 683 5 8 0.022125872 
462 683 6 9 0.022051357 
657 682 15 22 0.022040548 
536 682 6 10 0.022024939 
686 652 5 8 0.022023672 
526 702 5 9 0.022012588 
511 697 12 20 0.021974321 
572 644 4 8 0.02196553 
729 682 6 9 0.02194144 
419 735 5 7 0.021936748 
499 326 10 16 0.021900289 
619 708 6 9 0.021898061 
742 709 5 9 0.021891434 
393 639 4 7 0.021809982 
425 615 3 5 0.021755248 
460 652 5 8 0.021747464 
569 709 6 8 0.021718113 
573 603 3 6 0.021714749 
413 596 3 5 0.02169088 
579 596 4 7 0.021625377 
526 596 4 6 0.021616442 
500 632 5 8 0.02161623 
478 709 6 8 0.021583615 
564 697 5 9 0.021532757 
357 677 5 9 0.021524755 
367 710 4 6 0.021513443 
300 683 7 10 0.021466821 
416 658 6 8 0.021447144 
488 709 6 7 0.021439182 
322 653 4 6 0.021438612 
698 671 5 8 0.0214292 
858 581 5 7 0.021404104 
655 581 4 9 0.021396477 
712 659 13 22 0.02139503 
506 659 7 12 0.021390403 
492 562 5 6 0.021355098 
506 714 6 9 0.021354612 
425 589 4 6 0.021350637 
933 746 9 21 0.021345316 
372 448 5 6 0.021342294 
543 503 11 9 0.021325726 
399 652 4 7 0.02128149 
710 681 7 10 0.021279078 
629 625 4 7 0.021253211 
515 621 3 5 0.021245517 
893 756 11 19 0.021156808 
449 695 6 9 0.021156333 
551 690 5 9 0.021080954 
402 674 7 11 0.02107481 
379 705 5 8 0.021034397 
711 554 5 8 0.021028018 
619 702 6 10 0.021024222 
367 652 4 6 0.021021629 
917 587 5 7 0.0210169 
736 645 5 8 0.021001674 
332 681 16 21 0.020997189 
647 626 4 6 0.02098242 
469 629 4 6 0.020959923 
628 640 6 9 0.02092163 
654 657 5 9 0.020914258 
833 719 7 14 0.020884035 
378 668 6 10 0.020883158 
640 588 5 8 0.02086166 
320 647 5 6 0.020834181 
823 706 7 12 0.020819357 
913 631 6 10 0.02081372 
743 686 7 13 0.020803878 
902 589 4 8 0.02079145 
339 696 7 10 0.020790143 
639 738 6 12 0.020775594 
629 662 6 9 0.02077452 
644 683 15 21 0.020753974 
472 676 6 10 0.020748349 
686 543 5 7 0.020739574 
399 659 5 8 0.020678988 
360 640 3 6 0.0206766 
807 690 5 8 0.02065818 
660 659 5 7 0.02059993 
432 701 8 11 0.02059838 
705 554 5 8 0.020546628 
398 715 5 7 0.02054159 
780 754 5 8 0.020513466 
427 675 14 23 0.020509237 
572 743 4 6 0.020505685 
621 727 7 12 0.020498652 
711 551 5 7 0.020456502 
498 734 5 9 0.020446137 
418 629 4 5 0.020407856 
570 754 5 7 0.020405136 
733 639 96 107 0.020384924 
310 633 5 7 0.020370973 
444 569 26 44 0.020364901 
488 716 6 8 0.020357443 
625 728 7 10 0.020349639 
835 677 4 8 0.020349266 
359 28 151 175 0.020316606 
589 727 7 8 0.02031271 
335 621 4 5 0.02027753 
353 331 7 11 0.02027713 
633 528 6 16 0.020185638 
680 674 5 9 0.020162258 
615 688 6 9 0.020159565 
463 628 3 6 0.020153934 
775 652 6 10 0.020135581 
450 614 3 5 0.02009914 
501 625 5 8 0.020090995 
520 574 4 6 0.020086722 
687 689 5 8 0.020072214 
577 680 6 10 0.020071592 
496 600 4 7 0.02004674 
525 589 5 6 0.020044206 
513 730 4 7 0.020035917 
647 693 7 11 0.020034242 
620 715 5 9 0.020013012 
603 688 6 9 0.02001044 
570 702 5 9 0.02000254 
