39_Ice_Skating_Ice_Skating_39_661
845
808 361 16 18 0.983444 
222 265 10 18 0.97836363 
195 258 10 16 0.96223414 
74 235 12 14 0.95721716 
2 371 15 21 0.8197666 
94 325 14 16 0.80563116 
410 423 25 24 0.66575164 
473 303 8 14 0.57555795 
822 431 17 34 0.5743393 
251 253 7 10 0.539683 
160 296 15 22 0.5380319 
468 188 6 9 0.5085093 
439 312 12 14 0.49181828 
617 174 8 15 0.4016721 
508 250 11 17 0.3775907 
345 188 5 8 0.31900218 
293 366 9 13 0.3081199 
548 406 6 11 0.3025769 
421 194 5 7 0.2945716 
263 194 7 12 0.2932993 
514 212 5 8 0.29085976 
370 202 8 12 0.28477967 
491 190 7 11 0.28328645 
384 181 6 9 0.2712432 
487 189 7 12 0.25114125 
342 194 8 13 0.24764286 
766 340 10 18 0.24190325 
706 264 23 30 0.22801438 
49 261 12 15 0.22397292 
974 315 10 13 0.20270778 
377 184 5 7 0.19399956 
544 132 6 9 0.19380504 
374 184 4 7 0.18688759 
547 264 8 14 0.18264116 
590 226 5 7 0.17683698 
541 264 9 14 0.17344812 
535 266 11 18 0.15807691 
802 216 5 8 0.15631357 
588 177 7 11 0.15610845 
479 380 9 11 0.14977068 
0 262 6 15 0.14136577 
446 181 6 11 0.13866144 
146 92 10 15 0.13802236 
595 225 5 8 0.13661951 
396 202 5 8 0.13477063 
423 225 5 8 0.13364263 
447 507 20 22 0.13335113 
613 189 5 9 0.13264288 
704 228 6 10 0.13074067 
654 132 5 10 0.13057634 
716 224 9 12 0.12925376 
159 386 7 15 0.1286793 
8 294 12 13 0.1275959 
378 216 6 10 0.12365791 
480 183 4 8 0.116691284 
763 206 6 9 0.1148951 
856 366 9 15 0.11300229 
925 416 8 13 0.11230628 
352 194 6 9 0.11183853 
641 195 6 9 0.11082801 
236 116 7 11 0.109107845 
471 188 6 11 0.10669332 
760 181 6 11 0.106271036 
919 297 8 12 0.10403776 
254 256 6 10 0.104005754 
106 75 6 8 0.10095683 
373 188 5 8 0.09915803 
914 132 7 11 0.097250655 
275 193 6 9 0.096162535 
756 138 5 9 0.09566036 
364 185 4 6 0.093350165 
793 209 5 7 0.09319206 
652 144 6 10 0.091935724 
291 201 7 13 0.09104944 
653 189 5 8 0.09081574 
889 42 7 10 0.08906394 
792 221 6 10 0.08906162 
806 415 23 30 0.0888853 
30 296 10 11 0.08721309 
475 179 5 6 0.086344466 
393 202 5 8 0.08625679 
436 192 4 6 0.08526572 
1005 96 8 12 0.08279567 
299 178 5 7 0.082668684 
1005 509 7 10 0.082469776 
296 181 5 8 0.08179544 
436 196 4 5 0.08114612 
15 295 10 14 0.080308646 
96 77 6 6 0.08025635 
375 201 6 10 0.07831329 
782 202 5 8 0.07745422 
396 198 5 7 0.077290565 
390 184 4 7 0.07711344 
831 222 5 9 0.0768313 
430 193 3 5 0.07620549 
299 93 10 18 0.0758956 
790 208 4 7 0.075400636 
822 138 4 6 0.07529952 
844 226 5 9 0.07494212 
430 196 4 6 0.074798584 
474 182 5 9 0.073993154 
844 232 8 14 0.07346173 
802 268 3 6 0.073136434 
287 196 6 9 0.072666295 
811 127 4 7 0.07228909 
425 207 5 10 0.07190757 
293 195 6 10 0.07188854 
883 42 6 10 0.07163572 
581 191 5 8 0.071313985 
468 223 4 7 0.07099853 
299 182 5 7 0.070432425 
784 260 5 9 0.06866509 
107 246 11 12 0.068582684 
376 189 5 7 0.068526685 
0 351 6 14 0.06830993 
723 189 5 8 0.067660905 
203 81 9 13 0.06765627 
19 372 19 23 0.06718607 
538 260 8 12 0.06698881 
385 195 5 8 0.066794224 
23 348 8 13 0.066435315 
756 180 6 10 0.066343985 
364 188 5 7 0.066112176 
646 191 5 7 0.06592162 
787 203 5 7 0.06563673 
826 225 8 12 0.06562168 
360 185 5 7 0.06530366 
21 300 10 13 0.06470157 
710 221 7 12 0.06433637 
681 194 5 8 0.06410267 
645 195 6 10 0.063599944 
721 227 6 10 0.063587576 
104 79 6 8 0.063434355 
391 197 5 8 0.06336819 
972 302 14 13 0.062997036 
455 204 5 7 0.062678516 
354 372 6 9 0.062309496 
352 241 6 8 0.062025484 
689 338 10 16 0.060568526 
578 190 5 7 0.06010747 
809 127 4 7 0.0590629 
825 216 4 6 0.058916714 
267 200 6 9 0.05870698 
474 224 3 6 0.058107555 
385 188 5 8 0.058085963 
852 376 9 17 0.057986267 
737 197 5 7 0.057917383 
444 317 11 15 0.056908876 
741 197 6 7 0.05635949 
853 140 4 6 0.05604086 
610 193 5 10 0.05603222 
813 216 4 6 0.055699088 
481 187 6 11 0.055656023 
990 308 13 13 0.05513704 
685 194 6 9 0.054729454 
416 390 9 16 0.05439071 
216 110 8 10 0.054382812 
984 291 10 11 0.054302536 
790 225 7 12 0.05417522 
914 293 7 9 0.053986706 
742 202 6 8 0.053011376 
651 194 7 11 0.052970123 
551 180 3 6 0.05258198 
116 74 6 7 0.052445542 
759 139 5 7 0.052411307 
365 240 5 7 0.052381586 
757 135 4 6 0.052222855 
878 43 4 7 0.051936094 
737 202 6 8 0.051684428 
979 496 5 9 0.051665694 
390 189 5 7 0.051534783 
493 185 5 8 0.051382035 
821 216 4 5 0.050960742 
551 184 3 5 0.05059897 
384 201 4 7 0.050510213 
506 243 9 15 0.0505097 
632 221 5 8 0.050460096 
479 179 4 6 0.05031308 
263 192 5 7 0.050246168 
404 113 4 6 0.050187126 
332 201 5 8 0.05012378 
441 191 4 6 0.050024707 
424 203 4 8 0.049967505 
359 188 5 7 0.04981012 
885 32 4 7 0.049738638 
473 227 4 6 0.049462736 
435 312 10 12 0.049352553 
981 526 8 12 0.049215667 
870 398 7 13 0.048788864 
718 269 11 14 0.048755217 
793 215 5 8 0.0485017 
1010 81 5 6 0.048376624 
687 177 5 9 0.048253085 
952 251 10 12 0.04806365 
653 184 4 7 0.04795756 
470 227 4 6 0.047474153 
379 179 5 8 0.047442883 
824 134 4 6 0.047441427 
200 80 17 25 0.047337014 
403 203 4 7 0.047276206 
1018 503 6 9 0.047153875 
427 209 5 8 0.04673908 
571 213 6 9 0.046694547 
804 219 6 9 0.04642619 
594 182 7 9 0.04621615 
765 204 6 8 0.046179045 
657 137 5 8 0.046147805 
378 377 4 5 0.046126913 
773 91 7 11 0.046055976 
441 196 4 6 0.04594848 
981 491 5 7 0.045836773 
250 352 8 13 0.045828365 
365 200 8 12 0.045801345 
956 501 7 10 0.045800075 
760 151 6 9 0.0456475 
689 182 6 9 0.04524551 
486 184 4 8 0.045198817 
991 504 5 9 0.045187663 
745 351 5 7 0.04467718 
327 201 5 7 0.04458992 
497 484 9 9 0.044456888 
113 252 9 10 0.044194963 
813 132 4 6 0.043479472 
728 234 4 6 0.043359254 
804 428 19 33 0.043214012 
748 362 7 10 0.043059375 
429 203 4 6 0.04298679 
909 129 18 25 0.042982828 
667 177 6 10 0.042954464 
176 296 11 16 0.04290898 
640 220 4 7 0.042450137 
320 239 5 8 0.0423301 
169 299 12 18 0.042281132 
857 138 4 7 0.042170316 
1015 475 9 12 0.04210261 
621 194 4 8 0.041967805 
884 35 4 7 0.041870452 
832 239 8 11 0.04174974 
837 257 6 9 0.041720524 
182 301 8 14 0.04161998 
428 223 4 7 0.04154075 
987 295 12 12 0.041518133 
281 195 6 9 0.041445885 
376 207 5 8 0.041159566 
751 190 6 8 0.041007895 
507 234 15 26 0.04088003 
801 132 4 5 0.040838692 
319 89 5 8 0.04078939 
356 209 10 16 0.040593926 
343 206 9 11 0.040506255 
254 200 7 12 0.04011536 
999 503 5 8 0.040057745 
659 190 4 8 0.04004483 
121 84 6 8 0.03978553 
356 268 9 17 0.03972775 
396 269 7 14 0.0397049 
308 378 4 6 0.03947321 
648 132 4 8 0.039254487 
400 128 3 6 0.03924269 
384 210 5 7 0.039182965 
640 199 6 10 0.039142665 
540 133 3 8 0.03910489 
285 196 14 22 0.03909883 
628 223 6 10 0.038787033 
384 227 5 8 0.038713686 
928 519 14 14 0.038590252 
338 195 18 22 0.03858352 
121 73 5 8 0.03842149 
814 146 3 4 0.038236644 
878 37 4 7 0.03799094 
742 255 5 7 0.037869304 
335 88 5 9 0.037823524 
794 205 4 6 0.037688766 
79 92 8 10 0.03768703 
238 106 5 7 0.03762498 
86 232 10 12 0.037524007 
415 355 7 8 0.037504137 
503 485 12 14 0.037426945 
383 215 5 8 0.037386045 
788 215 5 7 0.03719813 
670 190 6 9 0.037081856 
415 350 7 8 0.03707693 
410 367 16 23 0.037068065 
833 52 4 5 0.036968734 
808 272 4 7 0.03694582 
689 188 6 10 0.03687979 
802 129 3 6 0.036852393 
364 196 7 9 0.03676057 
689 178 5 7 0.036599524 
601 227 4 6 0.036569893 
539 138 3 6 0.036468778 
463 185 5 7 0.036421467 
747 355 6 8 0.036416218 
463 189 5 7 0.03624958 
829 232 8 11 0.03605965 
316 90 5 9 0.03604313 
364 206 7 13 0.036027312 
179 109 6 6 0.03601708 
735 206 6 10 0.03563289 
869 278 5 8 0.035489988 
678 175 6 11 0.03545672 
487 177 3 7 0.03533764 
789 231 5 10 0.035277907 
600 183 5 8 0.035260137 
593 177 6 9 0.035147928 
727 228 5 9 0.035099894 
146 205 7 10 0.03508715 
88 323 13 15 0.035077594 
723 185 4 8 0.035036653 
186 108 6 8 0.034953736 
748 195 7 8 0.034950513 
766 215 7 10 0.03476671 
807 267 3 6 0.03466387 
851 143 4 7 0.03463243 
19 347 7 14 0.03441038 
864 48 4 7 0.03435317 
866 265 4 7 0.034272082 
865 275 5 8 0.03418695 
449 208 4 7 0.034074176 
83 192 8 13 0.034048688 
280 191 5 7 0.034011364 
365 236 3 6 0.034010697 
748 133 4 5 0.03399988 
205 206 7 11 0.033789475 
419 192 5 7 0.03371596 
351 199 7 11 0.033691 
269 207 8 12 0.033681147 
193 79 6 9 0.033677805 
1019 508 6 9 0.033675455 
216 301 10 18 0.033668477 
1004 90 6 7 0.03366593 
410 355 8 9 0.033647154 
723 194 6 9 0.03362504 
135 107 8 11 0.03360119 
878 539 8 12 0.033535294 
624 131 6 9 0.033510637 
429 214 4 7 0.03346487 
959 276 7 11 0.03345066 
424 213 5 9 0.033427093 
591 214 5 7 0.03336112 
802 272 3 6 0.033259846 
564 178 4 8 0.03321236 
17 388 13 17 0.03313313 
224 196 5 7 0.033044633 
781 199 5 6 0.03301201 
415 360 8 10 0.032866273 
794 146 3 5 0.032723796 
198 84 9 13 0.032667886 
232 119 6 8 0.032662585 
436 209 3 7 0.03231903 
533 281 12 15 0.032201175 
23 359 8 14 0.032170087 
865 55 4 7 0.032129165 
814 106 4 8 0.032062016 
760 144 5 9 0.032034226 
140 333 10 11 0.03197929 
283 199 6 10 0.031798813 
757 393 16 27 0.031796392 
460 503 10 16 0.031744268 
269 192 5 7 0.03168657 
333 214 6 11 0.031538114 
800 211 4 5 0.031505693 
157 383 15 27 0.031497594 
481 228 3 7 0.031469863 
400 113 3 6 0.03143178 
203 103 7 11 0.031409156 
667 190 5 8 0.03133307 
620 188 5 10 0.03127149 
591 209 4 8 0.03124309 
4 298 12 15 0.031229151 
889 37 5 7 0.031133603 
648 207 5 8 0.031110467 
781 227 5 11 0.031015286 
839 233 7 12 0.030932376 
761 398 8 13 0.030927403 
746 202 7 9 0.030842112 
977 305 20 19 0.03078555 
839 55 3 5 0.030761799 
1001 509 5 8 0.030753627 
196 90 9 12 0.030716846 
418 224 4 6 0.03069177 
416 203 5 6 0.030543052 
932 295 18 20 0.03053148 
334 198 4 7 0.030526899 
870 265 5 7 0.030519161 
222 112 6 8 0.030460333 
231 113 5 8 0.030449478 
450 204 3 6 0.030425139 
926 297 8 12 0.030343369 
469 179 3 6 0.030329436 
356 195 6 8 0.030319974 
210 88 7 13 0.030291613 
719 190 5 7 0.030268356 
2 297 7 11 0.030232674 
976 498 4 7 0.030166892 
978 500 5 9 0.030139994 
877 143 5 9 0.030063031 
369 182 66 85 0.030062543 
983 314 8 12 0.030029183 
814 77 26 49 0.030006422 
91 80 5 7 0.029923419 
622 355 4 8 0.029850783 
840 226 5 9 0.029802943 
358 202 7 11 0.029794931 
794 165 4 5 0.029783083 
44 355 7 10 0.029700663 
377 248 4 7 0.029583376 
551 191 3 5 0.029582405 
367 382 3 5 0.029576963 
301 201 6 9 0.029513821 
748 240 33 44 0.029466983 
218 192 4 5 0.029452134 
833 54 4 6 0.029418828 
379 226 5 8 0.029378867 
385 234 4 7 0.029336441 
174 113 4 5 0.02921332 
402 129 4 6 0.029212242 
539 272 10 17 0.029201629 
339 206 8 11 0.029088628 
385 108 4 7 0.029081587 
594 215 5 8 0.029007774 
840 274 4 5 0.028994096 
969 521 9 11 0.02898262 
647 199 6 10 0.028978994 
930 313 16 30 0.02893159 
231 107 5 7 0.028906114 
300 190 5 8 0.028870435 
410 203 4 6 0.028822517 
92 317 14 17 0.028810766 
256 196 6 9 0.028759388 
365 179 3 6 0.028722703 
174 109 5 6 0.028669449 
274 200 6 10 0.028599445 
12 343 9 16 0.028558165 
289 184 4 7 0.028468577 
287 190 6 9 0.028404735 
836 239 8 12 0.02839589 
872 143 4 8 0.028380219 
575 183 5 9 0.028371464 
460 196 6 8 0.028311947 
745 132 4 7 0.028310671 
410 114 3 6 0.028310163 
391 207 5 8 0.028307464 
345 210 20 22 0.028300548 
191 106 7 9 0.028275728 
459 203 5 7 0.028239261 
21 353 7 12 0.028201966 
500 438 14 14 0.028069882 
206 201 7 10 0.028003262 
45 251 9 13 0.027955707 
327 110 3 6 0.027953193 
103 247 19 22 0.027942637 
92 77 5 6 0.027928123 
820 147 3 5 0.02778887 
308 189 5 7 0.02776434 
380 220 7 10 0.027734429 
671 177 6 9 0.027638419 
328 58 4 6 0.027622655 
219 177 5 8 0.027612975 
970 285 8 9 0.027552929 
199 104 7 11 0.027535645 
986 440 6 9 0.027500553 
402 208 4 8 0.027487446 
1030 528 14 25 0.027470272 
229 150 8 14 0.027443578 
384 173 4 6 0.027430916 
872 43 3 6 0.027425833 
472 240 9 13 0.02738501 
850 411 10 18 0.02736132 
332 60 3 7 0.027277261 
183 434 17 20 0.027241206 
698 316 7 11 0.027202727 
373 80 4 9 0.027186586 
864 36 5 6 0.027164677 
486 246 5 9 0.027142916 
878 101 3 7 0.027121907 
864 44 5 7 0.027050428 
455 197 4 6 0.027031997 
210 197 4 8 0.027006237 
410 348 7 8 0.026943095 
830 41 26 41 0.026865784 
209 81 7 12 0.026841816 
437 222 4 7 0.026841315 
1020 502 14 22 0.026838116 
855 210 5 7 0.026834069 
919 293 8 9 0.026829485 
43 349 6 8 0.026793597 
730 247 4 7 0.026787661 
301 195 5 9 0.026734978 
330 197 31 40 0.026688077 
295 189 5 10 0.02663109 
305 99 5 10 0.026613208 
571 376 4 7 0.026573515 
565 209 5 8 0.026520897 
1015 451 8 12 0.026474264 
838 51 3 6 0.026450643 
565 202 4 7 0.026309129 
479 243 7 12 0.0262928 
701 228 5 8 0.026265554 
390 151 4 6 0.026264617 
378 235 5 6 0.026256606 
141 129 5 7 0.02623959 
688 194 7 9 0.02621498 
1019 43 5 8 0.026148887 
244 259 5 8 0.026138715 
238 102 5 7 0.026105909 
310 185 4 6 0.026062554 
856 214 5 7 0.026051393 
724 232 6 9 0.02603574 
833 141 3 4 0.0260227 
754 349 6 9 0.025913088 
811 272 5 9 0.025843885 
686 304 6 10 0.025825962 
919 132 6 9 0.025773197 
224 138 4 6 0.025767585 
865 140 3 7 0.025708271 
399 109 3 5 0.025657043 
782 209 18 26 0.02563173 
1033 517 13 24 0.025597716 
595 188 6 9 0.025589759 
627 175 5 10 0.025564367 
756 400 7 11 0.025561532 
543 151 5 9 0.025524847 
473 235 5 8 0.025499951 
741 457 32 65 0.025484826 
231 206 7 11 0.02546884 
455 191 4 6 0.025417907 
749 270 29 41 0.02538836 
395 215 5 8 0.025369454 
589 188 6 9 0.025357733 
821 221 5 7 0.025333088 
600 132 8 10 0.025321689 
659 176 4 9 0.025286281 
736 214 6 10 0.025253657 
234 263 8 13 0.025155643 
486 189 14 22 0.025046298 
151 112 6 9 0.025032992 
863 259 66 95 0.025031757 
116 79 7 9 0.02500761 
791 147 3 5 0.025002383 
816 429 12 21 0.024954485 
768 344 15 22 0.024942884 
743 206 6 10 0.024906255 
211 105 7 10 0.02482267 
210 100 6 10 0.024818327 
888 31 5 7 0.024806637 
761 134 4 7 0.0247807 
5 349 6 12 0.024763977 
860 50 4 6 0.024761092 
43 249 17 23 0.0247558 
201 419 19 22 0.024755036 
745 362 5 7 0.024753533 
949 481 72 82 0.0247368 
851 55 4 6 0.02471065 
233 276 9 15 0.024699138 
836 293 4 7 0.024670286 
688 303 7 13 0.024646908 
697 186 7 10 0.024624297 
785 428 14 30 0.024589047 
762 344 9 16 0.024562337 
328 370 4 6 0.024545727 
225 145 15 26 0.024514575 
627 194 5 8 0.024472062 
391 216 5 7 0.024469493 
366 200 14 22 0.024438852 
56 98 9 11 0.02442231 
206 220 6 10 0.024405316 
729 196 6 7 0.024393698 
711 216 6 9 0.024364764 
792 179 5 6 0.02435425 
428 328 9 13 0.024348894 
724 246 6 9 0.024317166 
775 206 5 9 0.024307515 
1018 290 16 21 0.024273193 
566 249 9 13 0.024230158 
395 534 9 20 0.02422885 
814 140 3 5 0.024222257 
814 212 4 5 0.024207937 
879 158 4 7 0.02416055 
585 176 6 10 0.024124084 
441 223 4 6 0.024096236 
117 71 4 6 0.024087481 
947 434 9 14 0.024086317 
314 380 5 7 0.024057845 
748 209 6 7 0.024029851 
744 369 6 8 0.024018697 
248 248 13 20 0.023996385 
15 379 12 15 0.023927454 
372 87 4 8 0.023898987 
730 207 6 9 0.023893742 
981 299 13 14 0.023879947 
575 382 3 6 0.023815565 
331 220 8 12 0.023811702 
474 203 4 7 0.02379505 
729 241 5 7 0.023783011 
979 286 8 9 0.023735484 
529 273 12 18 0.023686847 
1020 95 16 24 0.023665065 
757 129 3 6 0.023633704 
1019 81 5 6 0.023627957 
634 203 5 8 0.023600414 
753 214 6 9 0.023571666 
932 420 8 11 0.023558915 
795 153 3 5 0.023534246 
360 108 3 5 0.023520129 
319 377 5 6 0.023516754 
556 191 4 6 0.023513377 
850 234 6 11 0.023502957 
482 374 10 12 0.023496073 
774 190 4 8 0.023479423 
253 84 8 10 0.023445675 
353 235 4 7 0.023439446 
431 186 3 6 0.023406353 
436 184 4 8 0.023400621 
754 209 6 8 0.023396943 
218 195 5 7 0.023391182 
658 168 5 12 0.023390647 
295 77 6 11 0.02334423 
716 215 7 11 0.023331035 
436 216 4 6 0.023306113 
839 153 4 6 0.023263877 
987 299 20 19 0.02325117 
851 51 4 7 0.023231264 
224 119 5 8 0.023222802 
711 202 6 10 0.023202715 
761 244 7 11 0.02319707 
717 234 34 42 0.023126911 
110 365 7 13 0.023124691 
588 370 3 7 0.02310171 
798 411 18 24 0.023099698 
222 107 6 8 0.02308886 
3 257 9 17 0.02308702 
50 85 7 8 0.023076601 
720 222 7 10 0.023060026 
844 274 4 5 0.023048922 
745 356 15 22 0.023025705 
366 371 3 4 0.02299942 
435 202 4 7 0.02297746 
373 377 3 5 0.02296394 
486 241 5 9 0.022961564 
555 265 8 11 0.022958152 
119 254 7 8 0.022865467 
768 196 5 8 0.022855097 
622 223 3 7 0.0228302 
801 203 3 6 0.022822125 
172 80 5 8 0.022774594 
650 146 5 7 0.022761006 
723 208 5 9 0.022743827 
793 183 4 6 0.022742482 
378 196 5 9 0.02271021 
140 131 5 8 0.022665948 
641 169 5 10 0.022665698 
353 185 3 6 0.022631692 
247 254 4 7 0.022627238 
481 133 3 6 0.022567585 
507 190 4 6 0.022558995 
0 331 5 8 0.022556733 
213 102 15 21 0.022553653 
654 177 68 86 0.022533696 
150 88 8 10 0.022521423 
950 262 16 25 0.022510031 
781 206 5 9 0.022509485 
154 201 6 9 0.0224907 
39 353 7 11 0.022424897 
796 160 3 4 0.022406163 
359 235 5 6 0.022402631 
416 247 4 6 0.022391148 
371 212 7 12 0.022362815 
871 290 7 13 0.022362243 
539 192 3 5 0.022361925 
443 178 5 8 0.022322759 
600 188 7 10 0.022284 
354 327 32 35 0.022275217 
751 175 15 22 0.022272943 
282 375 6 9 0.022265384 
895 49 5 7 0.022264542 
257 191 4 6 0.022240747 
377 253 5 8 0.02223996 
550 345 7 12 0.022233598 
728 308 9 16 0.022224164 
44 247 8 10 0.022173803 
918 528 9 11 0.022152992 
367 377 3 5 0.022146376 
820 212 3 5 0.022139182 
354 197 16 25 0.022128114 
1019 124 7 10 0.022102991 
657 144 6 10 0.022094782 
646 216 4 7 0.022089226 
846 54 4 6 0.022078011 
882 159 4 7 0.022060573 
855 350 9 16 0.022052148 
232 132 4 7 0.022032913 
484 325 17 26 0.022016503 
590 234 5 7 0.02201383 
873 89 3 5 0.022008117 
539 146 4 7 0.022005076 
800 146 4 5 0.022004336 
499 366 7 10 0.022003561 
560 20 31 48 0.02199971 
858 135 3 6 0.021987123 
225 134 4 6 0.021970063 
696 175 7 9 0.021962196 
635 195 5 7 0.02194064 
321 371 4 6 0.02193294 
1020 76 5 6 0.02192902 
390 294 9 15 0.021901561 
713 163 5 10 0.021854926 
795 197 3 6 0.021846103 
878 47 5 8 0.0218163 
837 228 14 23 0.021815501 
261 259 6 8 0.021782117 
480 222 3 7 0.021752246 
788 246 5 8 0.021687705 
797 133 3 5 0.021665988 
788 241 4 8 0.021662237 
351 207 9 14 0.021644372 
332 207 6 9 0.021608304 
456 209 30 42 0.02156189 
400 132 3 6 0.021558676 
217 101 6 11 0.02155492 
857 233 6 10 0.021543032 
869 394 15 26 0.021541344 
569 370 3 5 0.02152221 
768 331 9 12 0.021502526 
105 322 9 12 0.021496112 
801 185 4 5 0.021479279 
123 220 8 9 0.021463715 
859 82 3 5 0.02145987 
741 259 6 8 0.0214575 
551 138 4 8 0.021454515 
103 283 7 10 0.02143019 
753 194 6 9 0.021412687 
715 201 8 13 0.021411072 
802 191 4 6 0.021380741 
275 82 5 8 0.021359202 
447 187 6 8 0.021326901 
210 271 6 12 0.021324823 
499 177 4 7 0.02131749 
581 131 5 7 0.021314533 
896 409 6 8 0.021281647 
615 224 3 5 0.021245705 
236 145 5 8 0.021234771 
853 214 5 7 0.021233577 
11 324 19 25 0.021226095 
571 382 4 6 0.02121549 
179 74 5 8 0.021146098 
190 111 6 8 0.021143515 
468 200 5 8 0.02113245 
566 370 3 6 0.021122677 
372 236 4 6 0.021121303 
708 231 8 11 0.021109136 
980 486 4 6 0.021086616 
870 158 4 6 0.021065457 
885 37 16 20 0.021055782 
499 208 4 8 0.021052433 
225 192 3 6 0.02104554 
859 56 4 5 0.021030422 
424 241 5 7 0.020991102 
11 331 8 10 0.02098174 
648 137 5 8 0.020971786 
765 400 9 17 0.020964395 
782 214 6 10 0.020963643 
243 107 5 7 0.020951012 
146 100 8 13 0.02094244 
372 372 3 4 0.020917915 
996 530 8 13 0.020917099 
543 146 5 8 0.020898843 
917 1 2 4 0.020875033 
757 208 18 26 0.02086773 
546 192 3 5 0.020859813 
584 226 5 9 0.020847298 
953 438 5 9 0.020847037 
871 286 5 10 0.020840997 
715 285 35 45 0.020836415 
556 347 6 11 0.020826017 
307 196 6 8 0.020810043 
979 290 10 10 0.020806247 
379 173 4 7 0.020786123 
359 240 4 8 0.020781491 
126 392 9 13 0.02078127 
769 190 5 8 0.020760722 
891 413 6 9 0.020759696 
658 234 4 7 0.020756837 
37 301 8 12 0.020756448 
94 352 18 25 0.020754246 
320 81 4 8 0.020754226 
751 181 6 8 0.02074489 
544 401 14 19 0.020719565 
775 196 5 7 0.020689692 
403 198 4 6 0.020685498 
383 377 3 5 0.02068514 
470 305 15 25 0.020678999 
576 175 58 78 0.020677043 
561 240 16 23 0.020670827 
409 343 9 9 0.020669594 
904 6 3 4 0.020667192 
653 241 4 6 0.02066311 
865 71 3 5 0.020657923 
749 202 17 23 0.020644022 
287 86 6 12 0.020620061 
723 214 6 10 0.020612156 
722 314 9 14 0.02059648 
802 197 4 5 0.020581767 
832 217 4 6 0.02056516 
332 371 5 6 0.020557612 
411 79 133 185 0.02055563 
703 219 33 41 0.020547552 
877 421 9 14 0.020529293 
871 409 9 17 0.020521672 
94 349 11 14 0.020521173 
749 389 33 45 0.02051359 
300 374 5 8 0.02050817 
763 279 5 8 0.020503752 
40 185 6 8 0.020491214 
443 209 3 6 0.020477988 
261 354 6 8 0.020454012 
1004 504 5 7 0.020444566 
626 250 3 5 0.020401519 
231 146 7 10 0.02039584 
879 33 3 5 0.020373872 
738 201 17 25 0.020351063 
792 421 11 23 0.02034557 
24 341 8 13 0.020315122 
825 221 15 21 0.020280609 
975 289 20 19 0.02024326 
442 204 4 6 0.020228783 
371 241 4 6 0.020220574 
30 242 67 76 0.020212889 
970 291 8 9 0.020189295 
314 21 3 6 0.02018144 
859 89 3 5 0.020160098 
620 235 4 8 0.02014818 
700 232 5 9 0.02014516 
882 307 18 27 0.020121979 
933 292 11 12 0.020120183 
794 172 3 5 0.020100564 
707 211 17 27 0.020090245 
263 170 4 7 0.020089654 
190 144 6 8 0.020076768 
322 114 3 5 0.020054877 
631 226 6 9 0.020032106 
821 174 4 4 0.02002994 
141 76 5 7 0.020024106 
402 92 4 7 0.020004217 
384 92 4 7 0.020003526 
