39_Ice_Skating_iceskiing_39_819
20
286 269 74 97 0.9983925 
404 477 80 104 0.45928803 
696 681 50 58 0.15112175 
859 871 54 55 0.0897155 
514 283 16 32 0.062277324 
446 241 11 16 0.06060631 
725 286 21 37 0.05746043 
336 586 70 131 0.051054094 
711 319 42 46 0.05073111 
501 286 21 39 0.03876513 
890 892 29 33 0.03664542 
468 422 97 146 0.03277005 
44 0 27 24 0.029774083 
420 255 24 28 0.029036488 
271 322 11 18 0.027000895 
451 236 11 16 0.024336461 
745 260 9 17 0.021852566 
735 264 28 47 0.02097448 
248 153 286 485 0.02080351 
595 845 84 115 0.020637885 
