39_Ice_Skating_iceskiing_39_495
24
460 68 53 68 0.9914684 
739 475 88 79 0.124851376 
610 164 35 31 0.10313797 
549 199 67 48 0.0802216 
640 54 62 53 0.061479427 
453 68 29 43 0.056406148 
665 72 62 51 0.03948464 
491 73 56 62 0.038382664 
633 82 55 44 0.03458171 
478 382 9 15 0.034000676 
109 -93 492 418 0.032455448 
404 415 5 7 0.030554684 
520 281 13 17 0.028781613 
526 75 47 53 0.028512446 
756 41 63 48 0.02757606 
693 274 21 24 0.02668439 
696 18 98 65 0.026160114 
602 206 46 50 0.025765628 
660 41 181 151 0.025595438 
600 175 47 44 0.025078453 
605 98 36 27 0.022777362 
625 183 30 24 0.022330964 
548 151 52 50 0.0203766 
719 488 52 50 0.020012282 
