39_Ice_Skating_iceskiing_39_249
39
504 79 47 57 0.97563815 
549 230 72 148 0.1254274 
292 178 22 28 0.113615505 
436 144 29 42 0.0374301 
563 334 19 33 0.03489315 
283 490 2 4 0.033711255 
361 133 10 12 0.033077694 
277 473 2 3 0.03306385 
289 479 3 3 0.031987805 
34 197 10 12 0.031244991 
241 213 234 434 0.028980305 
283 466 3 3 0.028874515 
724 476 32 71 0.028703932 
532 353 315 384 0.0286275 
283 479 3 2 0.027549997 
290 484 2 3 0.027356131 
660 153 5 8 0.02732206 
258 472 3 3 0.02685274 
289 490 3 4 0.025852373 
367 13 24 53 0.025767416 
123 454 404 328 0.024628365 
665 152 6 11 0.02435364 
282 498 2 3 0.024249114 
283 486 2 2 0.023962064 
531 67 38 63 0.023328703 
270 479 2 3 0.023163227 
609 126 17 31 0.023000231 
263 472 2 3 0.022921404 
231 491 3 3 0.022259055 
277 491 2 3 0.02201302 
270 497 2 3 0.021509763 
585 267 8 15 0.021475261 
283 472 2 3 0.021404669 
193 491 3 3 0.021256674 
276 485 3 3 0.021102618 
295 485 3 3 0.020704461 
257 492 2 3 0.020598125 
502 105 28 35 0.020448659 
257 465 3 3 0.020335654 
