39_Ice_Skating_Ice_Skating_39_103
73
444 170 21 25 0.9991385 
416 187 29 43 0.9822198 
180 184 17 24 0.9782178 
718 240 26 39 0.92152953 
230 214 14 19 0.92112195 
337 170 17 20 0.91240543 
534 181 12 23 0.9004466 
327 227 17 23 0.07449232 
823 241 9 11 0.06117144 
548 218 11 23 0.057823252 
565 555 33 40 0.051161658 
852 52 5 6 0.0463304 
254 227 7 12 0.045809153 
916 19 4 7 0.04442297 
688 243 26 35 0.04353075 
816 234 9 12 0.03791367 
482 77 3 6 0.03690885 
223 217 12 16 0.036347967 
902 12 4 7 0.035155706 
817 230 7 8 0.034959357 
813 230 17 21 0.03308504 
532 76 4 7 0.032174688 
866 68 6 7 0.030750941 
468 6 4 5 0.030450672 
815 223 5 7 0.029890534 
833 52 4 4 0.02963699 
857 52 5 5 0.02944408 
684 85 7 10 0.029291235 
902 8 4 5 0.028802361 
468 13 4 7 0.028566077 
475 71 3 6 0.028489744 
250 226 7 13 0.027685575 
420 365 31 31 0.027500069 
549 194 7 12 0.027471466 
865 65 6 6 0.026490297 
819 223 4 7 0.026014473 
526 46 4 7 0.02535278 
95 272 22 32 0.025277821 
840 123 3 5 0.024893101 
853 56 4 5 0.024520416 
847 53 4 4 0.024420444 
468 18 4 6 0.02430764 
679 96 3 6 0.024125038 
914 44 5 7 0.02409367 
916 14 4 6 0.023714961 
239 217 9 16 0.023278872 
559 50 5 9 0.023149313 
893 715 24 32 0.022794038 
915 50 5 9 0.022763215 
974 278 3 5 0.022720845 
463 13 3 7 0.022691945 
838 53 4 4 0.022391124 
828 52 3 4 0.022331791 
795 225 3 5 0.022235062 
820 135 4 6 0.02221326 
898 7 4 5 0.022101168 
833 46 3 4 0.022086991 
672 88 5 9 0.021612529 
54 273 23 31 0.021604754 
947 710 19 30 0.021486295 
909 13 4 6 0.02139678 
898 13 4 5 0.02133179 
862 701 23 34 0.021219276 
513 50 4 7 0.021218823 
801 225 3 6 0.021143433 
476 83 3 6 0.020876696 
581 546 33 44 0.020619905 
841 129 3 5 0.02044039 
782 226 4 5 0.020429097 
885 6 3 5 0.020382982 
910 8 4 5 0.020315796 
475 78 3 4 0.020277664 
462 6 4 6 0.020177007 
