39_Ice_Skating_iceskiing_39_276
41
509 229 23 27 0.72498316 
470 266 28 38 0.42108378 
449 329 18 25 0.11438828 
495 236 34 52 0.112405896 
482 253 34 52 0.10195127 
469 357 17 33 0.09468768 
525 276 15 35 0.076618396 
517 274 30 61 0.056414552 
503 260 31 53 0.043707486 
41 730 9 15 0.04115951 
487 284 22 28 0.03890786 
702 491 6 10 0.038849246 
407 439 409 334 0.03869933 
757 522 8 10 0.035343684 
412 309 11 13 0.03529244 
503 342 6 13 0.035096906 
548 278 7 13 0.033886 
530 271 8 19 0.031095952 
502 295 9 14 0.030397253 
489 265 12 17 0.029143563 
460 199 5 6 0.02823751 
859 348 3 5 0.027597763 
499 264 19 30 0.02661809 
860 352 3 5 0.026444823 
481 277 14 23 0.026343498 
503 201 8 10 0.025846863 
1019 671 5 8 0.025502298 
330 178 10 8 0.02506598 
574 285 7 11 0.024378734 
461 193 4 6 0.023390567 
501 280 12 20 0.022952795 
1020 614 5 7 0.022469943 
456 335 19 31 0.022060039 
421 310 7 11 0.022035023 
439 334 31 46 0.02155197 
498 247 10 16 0.021305395 
-36 451 363 379 0.021252876 
461 271 21 30 0.021102883 
482 239 11 15 0.020729901 
420 305 7 9 0.020492367 
504 302 8 15 0.020232206 
