39_Ice_Skating_iceskiing_39_351
39
761 113 85 88 0.999178 
257 74 69 105 0.99843484 
193 104 72 114 0.99741936 
781 391 45 52 0.6173544 
393 277 28 32 0.47874236 
588 343 33 24 0.11763532 
450 250 19 28 0.07121326 
789 503 19 39 0.07012928 
408 337 17 27 0.06093429 
843 357 25 33 0.05949796 
522 260 17 31 0.054880742 
397 293 18 20 0.04975996 
899 8 25 28 0.04915677 
557 297 23 23 0.047203243 
144 316 41 59 0.03856849 
432 158 293 386 0.038281783 
490 267 7 12 0.035841703 
500 313 4 6 0.032248832 
545 302 5 7 0.03210268 
472 550 5 9 0.031984366 
519 266 8 14 0.031810828 
878 0 20 21 0.029193183 
913 298 23 33 0.029041301 
487 246 9 14 0.028318474 
106 308 25 50 0.028162388 
226 206 324 340 0.02774073 
418 264 32 40 0.026228646 
417 345 11 18 0.02605616 
550 302 6 8 0.025835376 
493 314 4 8 0.025605282 
488 310 3 7 0.025452565 
324 306 29 34 0.023654865 
358 86 28 65 0.02355392 
810 420 49 46 0.023255117 
452 252 68 123 0.022852903 
487 313 4 9 0.02183187 
443 219 6 6 0.021538284 
847 54 11 14 0.021472394 
448 218 7 7 0.020563848 
