39_Ice_Skating_iceskiing_39_541
40
451 283 130 101 0.99901426 
511 240 14 13 0.20419894 
275 450 59 50 0.116043426 
333 0 19 24 0.10790383 
591 149 25 26 0.09284694 
679 656 30 40 0.07055193 
595 182 47 50 0.065777645 
240 440 271 403 0.05892041 
324 0 18 28 0.053578768 
708 630 21 34 0.053543728 
348 45 18 37 0.052900378 
315 38 29 64 0.039619297 
416 401 25 35 0.038467716 
984 27 19 29 0.038193036 
290 52 30 65 0.036528908 
246 162 258 407 0.033661734 
540 160 17 29 0.033292357 
265 404 87 87 0.03166629 
135 245 24 36 0.030435385 
312 5 10 16 0.030208873 
584 159 36 42 0.028798247 
318 3 10 17 0.02546142 
988 620 31 44 0.025355024 
332 50 25 52 0.025036087 
305 9 11 17 0.02471666 
202 24 16 26 0.024484152 
300 644 10 16 0.024357263 
397 364 49 60 0.024271993 
289 36 19 36 0.023901463 
215 386 88 82 0.023811124 
580 309 74 100 0.023645464 
806 -20 106 96 0.023333404 
958 189 10 18 0.022330036 
429 317 104 108 0.02226543 
471 258 31 28 0.0217442 
324 388 40 49 0.02105373 
1009 628 19 31 0.020886976 
961 32 77 106 0.020650893 
400 29 11 15 0.020383554 
497 242 24 21 0.020302141 
