39_Ice_Skating_iceskiing_39_121
29
671 55 97 130 0.9999285 
203 36 122 171 0.9984102 
65 98 331 463 0.29023775 
646 69 316 418 0.14898396 
993 560 11 17 0.076590315 
11 621 7 14 0.07290798 
906 528 10 14 0.06783846 
854 657 16 10 0.05537059 
763 614 128 98 0.053271595 
530 76 9 15 0.048597123 
882 552 9 11 0.04733295 
887 511 18 25 0.046363592 
843 102 25 22 0.043397818 
778 532 12 13 0.03965923 
639 664 36 43 0.039582368 
543 44 18 36 0.037155014 
894 508 11 16 0.036455713 
869 552 11 13 0.035129286 
840 509 10 12 0.026710944 
900 519 10 15 0.025386114 
394 713 10 12 0.024499819 
997 689 11 18 0.023884691 
164 287 314 444 0.023730857 
547 92 11 21 0.023221625 
911 590 10 15 0.022437906 
859 547 22 22 0.022000022 
540 27 35 71 0.021714548 
835 555 27 21 0.021683324 
535 551 12 14 0.020341482 
