39_Ice_Skating_Ice_Skating_39_992
166
534 722 74 92 0.99972683 
295 845 58 75 0.99879164 
748 4 49 55 0.99850094 
938 249 45 60 0.9982843 
384 381 46 61 0.9977324 
611 268 49 59 0.9974485 
422 17 52 73 0.99737024 
834 123 55 74 0.99690175 
824 479 46 63 0.9966974 
385 141 47 57 0.9961785 
663 468 62 79 0.9954723 
171 277 47 61 0.9954014 
160 809 47 65 0.99533135 
568 368 54 57 0.99497825 
802 253 51 58 0.9945201 
955 580 56 66 0.99427223 
463 266 48 53 0.99388677 
292 424 32 58 0.9936128 
726 733 61 74 0.993346 
994 458 34 66 0.9918533 
905 23 42 61 0.9905096 
307 259 57 76 0.9893718 
119 43 48 65 0.9889121 
727 368 54 58 0.9848792 
778 602 58 71 0.97444725 
285 52 45 51 0.9659977 
24 381 52 55 0.9646724 
13 634 52 71 0.96260655 
899 711 52 66 0.95630324 
212 616 45 69 0.91331893 
280 679 73 90 0.89035416 
334 474 55 63 0.85213363 
333 372 37 40 0.82638603 
229 360 46 67 0.79948944 
217 167 47 50 0.79545444 
995 123 32 66 0.68169725 
483 153 44 58 0.40070263 
893 2 34 47 0.3690978 
261 206 24 39 0.36518803 
427 578 64 124 0.36024868 
848 679 50 53 0.31417084 
433 436 42 59 0.3102953 
348 413 35 48 0.23577066 
280 81 57 69 0.19381675 
818 0 32 16 0.19077565 
185 458 45 43 0.18698446 
545 23 22 31 0.16463862 
883 615 34 40 0.1607501 
881 409 31 35 0.1600399 
799 852 75 81 0.14846767 
856 445 35 44 0.1446955 
90 155 48 74 0.13968685 
208 761 43 53 0.12669538 
227 832 44 57 0.11942754 
852 717 55 63 0.1191878 
312 377 34 35 0.11823376 
332 141 32 44 0.117611825 
511 0 46 42 0.117078915 
129 489 35 51 0.10613687 
698 674 56 59 0.10576513 
429 347 42 57 0.105356716 
233 500 100 138 0.1040653 
828 733 54 58 0.10376988 
111 367 57 73 0.102384284 
2 135 46 79 0.096743375 
2 357 34 49 0.09257778 
93 732 64 77 0.09181342 
521 11 56 65 0.086127356 
649 0 37 32 0.080075696 
268 808 41 55 0.07785183 
738 684 51 56 0.07566406 
659 838 43 55 0.07273101 
848 79 42 49 0.06938874 
383 12 19 33 0.061509974 
363 919 34 36 0.05938731 
228 212 32 43 0.05838852 
343 116 41 53 0.056314778 
343 386 35 48 0.055300634 
78 678 62 76 0.053541303 
891 -1 30 17 0.05275162 
335 430 62 68 0.05093616 
567 77 60 77 0.05053193 
510 573 61 103 0.050251354 
456 425 37 62 0.049422756 
925 10 40 51 0.048922364 
34 497 60 94 0.04627001 
722 543 45 69 0.045766123 
56 492 27 43 0.043695502 
-2 46 24 66 0.0433413 
622 658 20 26 0.04223685 
942 -4 52 64 0.041258465 
726 345 42 45 0.0410364 
920 696 41 54 0.039036136 
710 556 32 55 0.037283976 
530 35 61 79 0.037265584 
602 461 57 86 0.03715153 
506 145 36 54 0.037001062 
434 253 31 47 0.036807973 
404 369 50 65 0.036758002 
59 170 66 91 0.036343116 
-4 544 29 72 0.036142133 
575 576 33 59 0.036123585 
90 1139 63 76 0.03483834 
331 87 35 45 0.033968072 
148 605 57 75 0.033441357 
522 0 25 11 0.033371236 
674 449 47 50 0.03334788 
971 0 27 15 0.033055775 
872 421 36 51 0.032601275 
928 763 42 44 0.03209683 
696 19 31 43 0.031882565 
667 -6 57 62 0.031831805 
644 701 59 75 0.031617776 
229 591 60 83 0.030362364 
55 171 35 44 0.030268257 
653 811 110 128 0.029984023 
536 90 62 92 0.029771248 
241 188 39 49 0.028714525 
784 799 54 57 0.028258607 
614 647 52 69 0.02825498 
502 270 34 50 0.027589548 
556 50 20 28 0.027559154 
462 573 61 114 0.027515601 
134 340 59 79 0.027360138 
932 0 29 14 0.02693502 
775 541 40 53 0.026883036 
69 541 58 91 0.026382763 
650 28 50 76 0.025717894 
747 553 42 62 0.025055902 
994 0 28 24 0.024347553 
167 415 60 66 0.024092712 
322 468 98 135 0.02408511 
583 487 55 92 0.023852585 
64 269 75 96 0.023821397 
539 541 57 104 0.02354989 
200 444 41 42 0.023449382 
681 324 19 28 0.023207678 
191 12 32 41 0.023161402 
608 228 60 73 0.023118196 
92 570 29 47 0.022902802 
424 413 85 134 0.022780778 
257 369 63 78 0.022763522 
485 379 50 77 0.02271061 
200 539 36 39 0.022617174 
333 459 36 47 0.022474457 
110 811 47 69 0.022279358 
558 -1 23 12 0.021957172 
89 135 38 53 0.021908073 
15 370 273 401 0.021833323 
354 89 55 66 0.021426972 
105 175 24 34 0.021362007 
110 464 87 108 0.021276435 
270 439 59 76 0.02122095 
167 333 56 80 0.021013241 
2 502 57 103 0.020877782 
338 550 75 124 0.02084482 
632 -4 61 65 0.020768698 
801 830 36 46 0.020764863 
455 140 52 75 0.020664267 
446 382 54 84 0.020577742 
809 748 45 46 0.020546839 
110 507 31 40 0.020522367 
188 506 66 67 0.020143738 
9 165 20 38 0.02011881 
707 686 29 23 0.020110568 
592 1100 85 102 0.020046592 
