31_Waiter_Waitress_Waiter_Waitress_31_188
53
573 356 91 120 0.99872404 
303 227 97 128 0.99848926 
574 1156 44 105 0.20993315 
839 557 56 49 0.060317636 
814 5 14 13 0.053154733 
141 310 56 75 0.05089045 
501 192 8 13 0.049898624 
603 118 14 26 0.044212177 
872 531 46 27 0.04251138 
294 267 23 48 0.039717566 
381 258 30 57 0.037605014 
1014 119 5 11 0.036963336 
1013 125 7 13 0.03656635 
555 226 10 13 0.03629889 
298 279 11 25 0.033669915 
660 1231 157 137 0.033585027 
716 210 25 32 0.030469786 
859 542 69 46 0.030365473 
429 240 7 10 0.029859783 
1010 103 5 9 0.029245539 
702 207 26 34 0.028769305 
1011 109 4 10 0.02870995 
975 129 5 6 0.028691446 
569 716 54 42 0.028454252 
966 145 9 11 0.027972568 
926 86 96 127 0.027874693 
1014 109 5 10 0.027634786 
1009 135 5 9 0.027023112 
1008 145 6 10 0.026385566 
609 721 14 13 0.02623584 
497 188 7 12 0.026157487 
974 121 5 8 0.026115699 
1015 133 6 11 0.02598872 
827 584 41 34 0.0255165 
973 138 5 7 0.025343034 
489 207 6 8 0.02493624 
965 120 5 8 0.024622906 
151 315 26 42 0.024236966 
846 545 45 32 0.023354653 
949 126 7 10 0.02330834 
999 86 5 9 0.023035612 
564 244 11 16 0.02263349 
966 138 7 8 0.022511637 
974 44 5 8 0.022445988 
854 1249 25 32 0.02243572 
221 691 434 530 0.02239105 
964 128 6 7 0.021750996 
725 577 50 56 0.021475606 
445 241 8 12 0.021441603 
485 1057 33 30 0.021371037 
207 86 5 6 0.02123055 
957 136 6 9 0.020879898 
622 141 9 12 0.020640148 
