31_Waiter_Waitress_Waiter_Waitress_31_111
25
197 132 140 187 0.9995536 
698 100 111 158 0.99933726 
526 345 248 484 0.12502185 
1000 176 44 126 0.05476397 
1003 855 42 113 0.052085135 
764 393 10 15 0.05155872 
1004 375 28 79 0.044459924 
1004 784 41 112 0.044303555 
1002 109 42 116 0.042113196 
605 521 253 453 0.041715976 
1000 20 43 109 0.04160712 
1006 255 40 113 0.040949948 
225 939 6 10 0.03966017 
1013 480 37 97 0.03310274 
1008 721 40 114 0.031793714 
1015 397 34 84 0.03069355 
365 569 39 91 0.029114354 
1011 318 37 102 0.029098691 
912 647 73 179 0.028465822 
1014 535 38 103 0.02843024 
184 744 341 356 0.0248785 
1001 692 31 90 0.023258392 
1002 620 30 85 0.021526683 
174 16 16 13 0.020990971 
227 389 292 391 0.020039381 
