31_Waiter_Waitress_Waiter_Waitress_31_667
20
276 105 82 130 0.99956375 
702 124 80 109 0.9954808 
200 418 89 190 0.8764579 
846 646 35 68 0.3452783 
335 425 90 183 0.31018272 
684 369 95 186 0.25821835 
31 243 21 42 0.16815618 
520 470 12 22 0.07113644 
430 143 163 269 0.07072279 
932 828 13 24 0.06070188 
990 827 13 27 0.048554473 
245 411 112 194 0.047820438 
913 362 52 85 0.026738167 
223 1091 46 56 0.024488993 
194 155 19 36 0.02435332 
36 493 13 17 0.024066983 
871 778 13 25 0.023907492 
167 803 16 30 0.022610266 
572 552 303 663 0.02135666 
932 157 13 30 0.020925237 
