31_Waiter_Waitress_Waiter_Waitress_31_93
20
143 220 110 150 0.99968374 
594 69 115 169 0.9973635 
893 46 12 17 0.043330282 
337 216 116 153 0.042925794 
387 457 71 119 0.036531746 
1016 788 11 17 0.034236636 
522 129 362 424 0.033102687 
242 60 13 16 0.03151216 
986 852 9 17 0.031290807 
399 45 12 20 0.031274073 
329 159 18 25 0.030861424 
-17 242 113 264 0.030062938 
421 31 11 20 0.028361533 
933 680 20 33 0.027467769 
2 692 9 20 0.026679661 
1007 936 7 11 0.0249733 
320 712 27 34 0.023424985 
153 740 131 212 0.021745581 
1016 819 17 33 0.021293664 
940 805 10 18 0.020978259 
