31_Waiter_Waitress_Waiter_Waitress_31_162
70
479 347 211 317 0.99956626 
20 714 14 22 0.8198162 
374 841 26 39 0.6034782 
385 481 34 30 0.5097703 
212 721 11 19 0.46917176 
356 897 37 54 0.37689131 
256 732 20 34 0.3353126 
43 615 11 22 0.27858752 
373 723 10 17 0.19190584 
564 494 315 534 0.12916364 
41 719 14 21 0.12515013 
725 439 23 37 0.11711712 
247 719 11 17 0.099304736 
254 718 12 20 0.0779042 
772 335 15 25 0.07516255 
260 722 13 18 0.07446446 
311 714 11 17 0.06798287 
73 701 11 17 0.06610966 
82 730 16 19 0.06424998 
270 728 11 19 0.047154475 
756 477 22 39 0.046417825 
267 740 13 25 0.040796556 
109 776 13 19 0.039580323 
241 735 22 37 0.03825139 
289 731 8 16 0.036956064 
328 745 14 24 0.03589776 
45 712 17 22 0.03565254 
88 724 14 17 0.035466816 
764 352 14 26 0.034806628 
316 742 22 34 0.034435008 
280 728 9 18 0.033744663 
76 730 13 18 0.03323333 
67 712 13 17 0.032707226 
-14 -62 391 607 0.03267235 
214 771 11 17 0.032554958 
49 663 11 22 0.032473877 
203 764 10 17 0.03211597 
241 714 9 17 0.03159785 
1002 655 10 23 0.031342447 
378 728 12 19 0.030592598 
78 5 51 30 0.030543778 
467 349 82 140 0.029174402 
29 712 14 22 0.029070957 
771 383 15 26 0.028908383 
757 447 44 73 0.028852943 
159 722 11 18 0.028349623 
353 845 47 79 0.027959699 
27 965 23 48 0.027724294 
371 734 13 19 0.027570259 
188 763 11 16 0.026871838 
322 736 13 23 0.026661739 
57 805 13 20 0.025998445 
31 701 13 21 0.025836049 
338 452 15 23 0.02529068 
6 309 26 36 0.024238225 
27 867 48 79 0.023722757 
297 870 53 78 0.023642419 
374 707 22 35 0.022712152 
194 763 10 17 0.022134589 
358 1165 22 36 0.021997519 
47 621 12 21 0.02192145 
364 746 20 32 0.021627102 
395 852 13 26 0.021459093 
368 729 10 18 0.021090196 
17 691 24 31 0.02104308 
137 725 9 14 0.020737074 
302 722 21 38 0.020385668 
69 698 11 14 0.02037833 
270 785 12 23 0.02036764 
74 723 10 14 0.020150967 
