31_Waiter_Waitress_Waiter_Waitress_31_225
22
217 101 120 132 0.9997272 
715 78 118 153 0.9994248 
316 252 255 414 0.07191508 
343 349 40 68 0.06258088 
459 382 10 17 0.051698603 
333 496 26 39 0.04198988 
266 633 11 17 0.03703351 
926 747 10 15 0.036104996 
330 595 19 22 0.03519703 
611 409 14 13 0.035062984 
322 505 24 40 0.034140747 
401 340 38 59 0.02933218 
319 426 62 90 0.027559573 
611 319 10 21 0.027080933 
698 131 10 13 0.025938204 
382 578 11 20 0.025931707 
589 382 8 13 0.024753837 
661 540 352 392 0.024463542 
454 384 10 15 0.023133283 
349 491 25 32 0.022423144 
365 499 10 17 0.020753466 
639 382 10 15 0.02064244 
