46_Jockey_Jockey_46_54
22
269 235 50 70 0.9986871 
508 230 58 70 0.996326 
763 361 53 62 0.9962166 
808 360 39 64 0.046917375 
751 639 12 11 0.044711266 
855 366 34 55 0.043174006 
703 557 5 8 0.04050339 
94 574 28 24 0.03429971 
768 8 7 7 0.030509315 
917 500 22 38 0.030279549 
729 393 324 374 0.02750283 
939 296 23 25 0.025360212 
913 5 9 17 0.025357377 
1013 413 13 21 0.023876242 
827 369 40 65 0.023504728 
182 360 19 31 0.022760525 
609 284 46 77 0.0222086 
1018 370 22 39 0.02196028 
779 618 12 13 0.021935945 
856 105 195 172 0.021692425 
1005 579 21 28 0.021545202 
134 466 41 44 0.020146327 
