46_Jockey_Jockey_46_923
26
637 498 58 80 0.7619389 
233 557 22 56 0.45157492 
458 167 41 44 0.20454808 
541 1047 9 11 0.10742447 
521 1047 12 13 0.10287365 
552 1059 19 27 0.074759945 
351 355 16 26 0.06494189 
516 1048 9 12 0.05805451 
415 1059 37 33 0.044734392 
698 311 37 34 0.03753742 
531 1047 10 12 0.03730044 
350 1043 734 542 0.03581364 
226 657 51 133 0.035624843 
714 362 86 100 0.032646477 
525 1041 7 9 0.032329872 
470 159 23 23 0.032195766 
291 1106 41 30 0.031342868 
662 480 93 113 0.028206876 
547 1054 16 20 0.026543165 
353 395 14 24 0.026148701 
520 1044 29 30 0.024928324 
496 1117 16 15 0.024661042 
246 331 23 25 0.022857783 
482 1044 8 13 0.022246482 
683 399 116 142 0.02147282 
447 181 24 23 0.020923967 
