46_Jockey_Jockey_46_352
42
89 149 45 56 0.9999062 
207 137 42 54 0.9998105 
437 248 42 56 0.9997584 
811 226 47 59 0.99973136 
678 234 42 56 0.999724 
559 241 42 53 0.99966633 
634 142 38 57 0.99965656 
903 129 41 60 0.99960846 
337 122 39 57 0.99957496 
301 249 44 58 0.999496 
781 136 39 55 0.9994815 
169 239 46 57 0.99930084 
610 64 39 46 0.9992004 
221 46 36 51 0.9990521 
792 56 35 48 0.99903023 
421 73 35 46 0.9986425 
496 182 36 47 0.99796534 
338 44 35 49 0.9974826 
694 66 34 47 0.99586135 
521 71 32 43 0.9898476 
861 255 18 35 0.26010486 
280 287 22 27 0.13084824 
729 446 13 13 0.054768864 
986 278 22 30 0.053580824 
381 410 25 34 0.048915252 
736 425 23 22 0.04649391 
569 449 26 20 0.046118263 
647 395 22 27 0.039287716 
298 466 46 43 0.039256804 
722 226 36 62 0.03674099 
628 423 14 17 0.035518717 
383 434 23 27 0.032103032 
869 271 18 34 0.029552907 
831 458 29 28 0.028369837 
410 592 5 8 0.025595546 
779 216 39 54 0.023802914 
46 450 21 27 0.022914508 
726 426 12 14 0.02285673 
588 572 251 166 0.021891648 
301 461 31 25 0.020227896 
242 155 21 32 0.0200279 
978 276 8 13 0.020006634 
