46_Jockey_Jockey_46_718
203
419 88 36 40 0.9784348 
462 137 141 205 0.14855853 
541 249 49 62 0.13276137 
483 214 90 97 0.13215731 
494 177 57 60 0.1117059 
888 405 8 15 0.087978885 
737 489 3 4 0.07750713 
731 490 3 3 0.0724268 
737 496 3 4 0.07031195 
737 484 3 3 0.06587358 
724 482 4 4 0.065124586 
743 491 3 3 0.061201733 
744 495 3 4 0.05830545 
757 516 4 4 0.051056284 
764 509 3 3 0.048307754 
761 515 4 4 0.04720698 
743 501 4 4 0.047105886 
749 515 3 4 0.04665127 
750 495 3 4 0.04549656 
724 495 4 5 0.044564977 
737 500 4 5 0.043364692 
851 396 8 11 0.04224077 
836 397 6 9 0.04180587 
717 490 3 4 0.041521583 
296 169 316 395 0.041231222 
730 484 3 3 0.041043766 
711 496 4 4 0.039501965 
787 552 4 4 0.038151633 
756 509 3 3 0.037858352 
749 509 4 4 0.037833523 
712 502 3 4 0.037267633 
749 520 3 5 0.036411874 
417 206 104 186 0.03640463 
742 484 2 3 0.03620548 
712 491 3 3 0.035704304 
768 508 3 4 0.035237726 
705 496 3 3 0.034991503 
724 479 2 3 0.03492279 
704 491 3 3 0.03490753 
717 496 4 4 0.033717766 
302 586 3 3 0.033590294 
795 559 4 5 0.033477817 
757 495 3 4 0.033259943 
218 618 3 4 0.033052843 
751 484 3 3 0.032760445 
174 624 3 4 0.032009546 
757 490 3 4 0.031911667 
724 490 4 3 0.03164831 
711 483 3 3 0.031205533 
718 502 3 4 0.031203948 
315 617 3 4 0.030970791 
756 518 4 5 0.030966371 
719 483 3 3 0.030803524 
730 495 4 4 0.030757824 
705 503 3 3 0.030544924 
807 385 5 7 0.030151945 
796 553 3 5 0.030031713 
757 503 3 3 0.029961415 
750 491 3 3 0.029953014 
264 606 2 4 0.029881516 
296 573 3 3 0.029709576 
719 507 4 5 0.029350284 
942 597 5 7 0.029222425 
475 604 3 4 0.029220954 
745 515 3 4 0.029091025 
744 509 4 4 0.028960563 
743 521 5 5 0.028800922 
719 478 3 3 0.028731562 
38 622 4 5 0.028579947 
295 580 3 3 0.02844404 
775 501 3 5 0.028102657 
699 496 2 3 0.028076205 
301 610 3 4 0.028066775 
309 611 3 4 0.027964856 
92 131 289 446 0.027728058 
296 568 3 2 0.027596897 
309 580 2 3 0.027372262 
693 496 3 3 0.027347846 
769 496 3 5 0.02726627 
181 547 3 3 0.027216142 
6 628 4 6 0.0271391 
520 592 3 4 0.026842885 
989 470 17 25 0.026764749 
257 586 2 3 0.026764493 
686 491 2 2 0.026588378 
806 406 7 13 0.026561275 
845 399 9 12 0.026536657 
187 560 3 4 0.026472153 
762 518 3 5 0.026325691 
1016 481 17 28 0.026232695 
679 528 3 3 0.026229285 
328 586 3 3 0.026227836 
832 397 8 14 0.026210593 
686 496 2 3 0.026199501 
763 586 2 4 0.02599192 
788 548 3 4 0.025946226 
335 580 3 3 0.025791107 
736 477 3 4 0.02570724 
923 379 4 5 0.025377288 
794 565 3 4 0.025368694 
340 605 3 4 0.02532222 
301 605 3 4 0.024802871 
289 610 3 4 0.024633987 
964 640 7 11 0.024628662 
206 580 3 3 0.02453104 
545 610 3 5 0.024472116 
290 605 2 4 0.02444605 
853 391 5 8 0.024361461 
302 574 3 2 0.024189169 
770 503 3 3 0.024104688 
780 489 4 4 0.024082344 
680 496 2 3 0.02379343 
328 554 3 4 0.023781583 
392 548 3 3 0.023701359 
302 568 2 2 0.023682281 
334 598 3 4 0.023672018 
322 580 2 3 0.0236292 
482 598 3 4 0.023588452 
297 610 2 4 0.023575239 
315 580 2 3 0.023569997 
782 477 4 4 0.02353524 
348 560 3 3 0.023531377 
1018 490 8 13 0.02338656 
360 610 3 4 0.023384472 
942 601 5 7 0.023376593 
551 618 3 4 0.023345396 
309 574 3 2 0.023340702 
334 566 2 4 0.023036808 
623 490 2 3 0.022812981 
270 580 3 3 0.022770256 
784 552 3 4 0.022668064 
232 567 3 3 0.022543112 
520 598 3 4 0.022528816 
699 491 2 3 0.022467522 
763 503 3 4 0.022459222 
303 617 2 4 0.022430878 
361 605 2 3 0.022405608 
333 561 3 3 0.022396393 
308 618 3 3 0.022301847 
315 623 3 5 0.022299811 
180 624 4 4 0.0222974 
309 623 3 4 0.022283146 
161 605 3 3 0.022282014 
783 548 3 4 0.022235798 
314 574 3 2 0.02219863 
854 399 9 12 0.02218245 
913 400 7 10 0.022162775 
1008 471 19 26 0.022159912 
1027 484 17 28 0.022147013 
749 502 3 4 0.02212419 
309 593 3 3 0.022050431 
316 585 3 4 0.021973163 
308 561 3 3 0.021934947 
283 586 3 3 0.021925997 
397 548 3 3 0.02191589 
334 586 2 3 0.021866512 
238 592 3 3 0.021862492 
263 611 3 3 0.021830726 
892 408 8 12 0.021745935 
506 585 3 4 0.02171118 
232 598 3 3 0.021611579 
712 507 3 4 0.021546857 
5 651 7 10 0.021512508 
328 561 3 3 0.021472098 
347 573 3 3 0.021471076 
780 483 3 4 0.021406673 
352 592 3 3 0.021392634 
360 599 3 3 0.021306034 
296 606 3 3 0.021298878 
712 534 3 4 0.02129384 
777 508 3 4 0.02128147 
762 579 3 3 0.021276554 
143 599 2 4 0.021267483 
373 617 2 4 0.021267284 
290 598 3 4 0.021108516 
693 491 3 3 0.020970332 
328 567 3 3 0.020961335 
354 586 3 3 0.02095967 
411 90 19 27 0.02095477 
788 566 3 4 0.020867858 
264 599 3 3 0.020851722 
789 573 3 3 0.020772122 
640 612 3 4 0.020762773 
870 401 7 10 0.02073441 
316 561 2 3 0.020721722 
256 599 3 3 0.020703062 
699 503 3 3 0.020617032 
680 503 2 3 0.020571113 
340 580 2 3 0.020569531 
257 580 2 3 0.02056396 
320 586 3 3 0.020373818 
372 611 3 4 0.02037075 
660 515 3 4 0.020342201 
206 561 3 3 0.02028919 
769 515 3 4 0.020283503 
277 605 3 3 0.020205567 
320 617 3 4 0.020189017 
501 585 3 4 0.02018869 
283 560 3 3 0.020140905 
564 611 3 4 0.020082869 
232 573 3 3 0.020060023 
836 403 10 15 0.020027699 
539 610 3 4 0.020022288 
