46_Jockey_Jockey_46_188
23
348 60 47 68 0.9997503 
452 115 48 54 0.9995509 
585 331 46 51 0.30417478 
630 361 48 56 0.07427563 
634 388 28 39 0.06989802 
-5 204 423 549 0.062486894 
602 340 56 62 0.046815902 
728 242 49 49 0.034153745 
478 -4 306 411 0.033145186 
-53 36 438 307 0.028990626 
505 398 86 83 0.027941186 
1009 644 20 31 0.025125222 
591 349 14 16 0.02509415 
574 331 26 36 0.024594566 
64 42 101 69 0.023298442 
501 450 8 10 0.023226503 
570 285 376 319 0.022597687 
169 9 12 8 0.022463178 
762 413 89 126 0.021360403 
595 51 43 63 0.021350408 
582 347 9 14 0.020922763 
778 372 10 16 0.02077498 
562 244 21 22 0.020440942 
