48_Parachutist_Paratrooper_Parachutist_Paratrooper_48_122
123
399 158 129 163 0.99995565 
637 611 118 199 0.5373839 
121 852 232 438 0.52820367 
820 538 54 89 0.18218328 
349 717 43 90 0.16571966 
908 1300 15 26 0.13647367 
583 79 36 64 0.115731165 
406 833 126 144 0.10511496 
479 1289 91 142 0.1036168 
696 1331 14 32 0.09766547 
106 1051 19 23 0.09533492 
509 669 54 80 0.09370489 
452 477 50 70 0.0933265 
536 294 46 60 0.08858962 
619 1373 21 47 0.076795064 
599 1214 11 17 0.07638544 
270 470 51 81 0.07006616 
623 1241 15 27 0.06989483 
674 1381 13 23 0.06846137 
585 53 81 137 0.06700557 
764 1035 14 24 0.06619254 
599 1377 11 19 0.061134327 
98 824 55 52 0.05955408 
14 1 20 16 0.0592989 
710 1214 23 34 0.057046317 
872 1346 21 42 0.05206384 
164 779 38 35 0.051182482 
168 1386 13 26 0.04922564 
968 1202 22 43 0.048645377 
366 557 33 53 0.04836696 
665 1206 13 20 0.04832574 
649 1210 16 24 0.04770206 
152 233 12 20 0.04763795 
52 968 35 54 0.045126516 
270 141 94 166 0.044662558 
27 33 11 15 0.043587916 
84 153 12 18 0.04351224 
671 1188 15 20 0.04334859 
666 1197 15 19 0.043065503 
551 78 30 44 0.042710036 
458 654 92 120 0.04238681 
93 224 12 19 0.041130003 
345 451 35 61 0.040446475 
587 1203 25 38 0.04017964 
677 1391 14 26 0.03987275 
14 242 12 21 0.0386927 
689 1258 12 20 0.037283387 
351 58 29 53 0.037179723 
709 1116 30 50 0.036971036 
638 12 116 159 0.03591094 
997 1140 7 9 0.03576442 
873 1285 15 25 0.035653755 
70 971 51 69 0.035148356 
760 1104 10 21 0.034964323 
653 1209 27 38 0.033497434 
689 1310 21 42 0.032717094 
661 1286 13 22 0.03226169 
46 1 11 7 0.031685974 
724 1091 9 17 0.03124394 
50 833 60 57 0.03108241 
640 0 23 13 0.030819273 
703 1088 27 45 0.030708421 
364 49 32 56 0.030596446 
110 430 61 98 0.030583875 
1009 984 9 17 0.030582085 
722 1083 10 17 0.030117895 
295 289 332 592 0.030080575 
590 20 26 41 0.03006668 
262 1361 10 14 0.029991778 
389 477 45 64 0.029538516 
597 646 31 59 0.029444776 
738 990 49 90 0.029120907 
605 122 14 27 0.029042173 
696 1064 49 83 0.0288476 
477 461 55 77 0.028732695 
705 1092 14 25 0.028460044 
210 1376 10 15 0.028276945 
30 168 10 15 0.028189529 
496 419 50 72 0.027781917 
65 789 46 36 0.027152866 
879 1253 43 73 0.02713971 
644 1248 16 24 0.027097873 
154 263 11 12 0.02709742 
664 1285 41 75 0.026995696 
592 1212 13 21 0.026546126 
71 77 11 19 0.026533877 
617 32 60 89 0.02618269 
616 1315 16 28 0.026042173 
991 1290 22 40 0.025716137 
656 1285 10 16 0.025686443 
643 1219 15 20 0.025180446 
107 1366 37 61 0.024592321 
507 62 21 21 0.024315933 
92 982 55 79 0.024231087 
85 200 12 16 0.024213465 
30 48 11 14 0.0242089 
973 1199 12 23 0.023997681 
578 1243 14 20 0.023923066 
661 82 171 244 0.023624204 
933 1178 45 81 0.023612134 
760 1116 11 26 0.023538794 
601 33 25 46 0.023425724 
750 1087 23 42 0.023344344 
144 228 13 21 0.02310921 
622 3 28 33 0.022646694 
394 1386 12 21 0.02260859 
82 227 12 20 0.022436619 
107 138 13 22 0.022404032 
199 1393 11 19 0.022219751 
658 1285 23 41 0.021977073 
608 1373 21 41 0.021884073 
111 235 14 20 0.02149007 
613 1287 27 45 0.02142143 
714 1096 13 22 0.021130724 
423 679 71 107 0.020820417 
752 1060 14 24 0.020782044 
28 67 11 16 0.020750906 
32 210 12 21 0.020638423 
583 1043 56 69 0.020444531 
84 1408 23 37 0.020370496 
30 222 14 26 0.020236006 
622 0 20 10 0.020008339 
984 1131 6 10 0.020008223 
