48_Parachutist_Paratrooper_Parachutist_Paratrooper_48_652
28
343 93 121 172 0.999843 
585 554 144 135 0.8037443 
354 640 40 34 0.3119294 
275 927 154 193 0.2858282 
508 566 17 28 0.14759399 
342 627 126 115 0.06282379 
87 338 531 565 0.058145788 
730 528 17 12 0.049337167 
581 368 26 41 0.045735855 
506 282 26 39 0.043489918 
677 488 15 16 0.041728064 
288 555 29 33 0.038477898 
556 332 28 35 0.033085536 
267 590 16 20 0.032058764 
385 982 18 20 0.030063063 
447 565 17 27 0.027754059 
571 531 58 74 0.027511545 
524 780 39 37 0.027472131 
545 313 31 32 0.025683457 
594 338 11 15 0.02504955 
641 610 62 54 0.024593232 
450 391 28 35 0.024051974 
213 752 27 35 0.023476854 
143 241 29 51 0.022998756 
448 940 39 30 0.022760173 
444 379 15 19 0.022659095 
144 484 76 78 0.022097405 
482 548 16 20 0.020944567 
