48_Parachutist_Paratrooper_Parachutist_Paratrooper_48_656
177
558 200 40 27 0.92826486 
619 359 21 29 0.8124203 
481 655 24 21 0.46244717 
101 409 84 130 0.39400378 
480 169 18 15 0.27477363 
288 646 20 27 0.2461162 
302 187 25 20 0.20790477 
695 60 54 124 0.17277288 
189 736 9 13 0.16838437 
450 138 15 18 0.16667005 
426 389 27 35 0.12985319 
870 406 77 138 0.1276558 
426 738 11 13 0.106631935 
633 171 31 42 0.09966451 
445 674 16 15 0.075748056 
395 588 10 13 0.075350195 
471 120 12 13 0.072686955 
443 696 15 16 0.07123679 
517 173 14 14 0.06966644 
50 202 44 60 0.065235615 
723 622 7 10 0.064812124 
419 535 10 12 0.06251932 
128 678 8 9 0.061582793 
456 197 11 14 0.05683499 
189 158 37 51 0.056589514 
77 731 10 14 0.054995462 
457 131 13 15 0.05309645 
234 560 51 45 0.051852852 
503 693 15 14 0.051102508 
126 687 7 11 0.049943067 
483 436 24 25 0.046743248 
735 609 8 10 0.045210283 
74 715 8 10 0.045099773 
431 189 11 12 0.044426937 
581 38 16 25 0.043679282 
470 406 19 20 0.043662578 
410 401 31 29 0.0436369 
700 676 12 10 0.042724874 
311 725 13 17 0.042507052 
179 668 8 10 0.041986916 
404 717 20 23 0.04130837 
20 301 129 234 0.04130169 
64 8 134 217 0.040818054 
847 240 37 66 0.040356707 
582 495 10 10 0.03987328 
727 620 6 8 0.03969771 
357 241 46 47 0.03930714 
159 721 9 9 0.039037164 
374 598 10 13 0.03850375 
172 726 10 10 0.03732617 
617 354 13 24 0.03676526 
469 187 14 14 0.03573937 
190 727 7 10 0.035654142 
354 724 22 21 0.035633355 
323 383 31 26 0.03532704 
484 411 8 10 0.034917124 
180 664 6 8 0.034629233 
518 162 23 20 0.03452636 
396 366 42 43 0.034368627 
642 185 17 17 0.033941504 
443 728 12 17 0.033344 
614 205 18 28 0.033178516 
516 397 14 15 0.032716017 
993 393 27 31 0.032244153 
438 394 12 22 0.031763263 
679 0 35 77 0.03164649 
123 693 7 9 0.031479504 
615 151 35 45 0.03145389 
518 166 40 35 0.03090086 
605 325 13 16 0.03084264 
421 574 8 12 0.030720957 
810 558 29 27 0.03062342 
396 578 9 13 0.030297173 
416 548 8 10 0.030205574 
250 679 7 6 0.030111115 
434 628 26 18 0.029916318 
471 177 21 20 0.02937612 
727 120 10 25 0.029279321 
409 607 10 15 0.02927253 
719 624 5 7 0.029212767 
820 599 7 8 0.028911777 
887 736 9 16 0.028741788 
393 547 9 11 0.02866399 
645 292 10 11 0.028411513 
348 360 26 25 0.02841098 
310 707 23 36 0.028389407 
424 597 9 9 0.028204305 
549 65 9 13 0.028172057 
419 568 7 9 0.027952299 
165 142 22 27 0.027900707 
667 332 27 20 0.027870031 
642 383 28 24 0.027809044 
165 725 9 10 0.0274393 
814 156 38 57 0.027383892 
583 187 20 29 0.027109463 
263 552 35 50 0.027090725 
465 123 12 12 0.027057946 
439 703 12 14 0.026945814 
632 406 33 25 0.02657356 
667 251 14 12 0.02636174 
405 167 24 17 0.026018275 
434 708 10 10 0.025882808 
473 450 46 37 0.025569443 
326 327 26 24 0.025503129 
684 308 23 20 0.025491606 
320 392 23 31 0.025437225 
531 181 13 12 0.0251999 
99 686 8 10 0.025140462 
269 436 21 32 0.02495147 
335 370 29 28 0.024859367 
507 415 20 21 0.024740994 
382 374 32 40 0.024716672 
137 718 11 12 0.024610065 
495 409 22 19 0.024277609 
400 583 12 15 0.024194524 
867 460 10 17 0.024125265 
337 293 14 16 0.023889754 
510 517 9 9 0.023848789 
540 399 14 13 0.023837639 
89 675 6 7 0.023791753 
670 257 10 12 0.023775091 
592 194 10 15 0.023731349 
74 709 7 8 0.023677312 
313 688 36 43 0.02362382 
225 237 47 59 0.023591466 
623 372 38 30 0.023439944 
405 179 25 19 0.023388674 
1019 681 7 11 0.023336673 
404 561 6 9 0.023335962 
626 479 9 8 0.023223897 
171 722 9 9 0.023111124 
412 731 11 14 0.023062503 
364 221 28 20 0.023029726 
42 714 11 15 0.022943903 
724 615 5 7 0.022929238 
395 605 10 11 0.022927992 
810 587 7 8 0.022877892 
219 738 8 11 0.022781948 
969 40 28 32 0.022650566 
639 311 10 14 0.0226114 
406 572 8 10 0.022327576 
402 170 13 11 0.022269506 
141 669 8 9 0.022250148 
203 656 6 9 0.022221543 
540 500 4 4 0.022131 
737 625 6 7 0.022108331 
619 416 43 33 0.022064138 
625 319 10 14 0.021963147 
102 4 285 355 0.021827534 
485 207 8 13 0.021643123 
346 394 27 24 0.021558637 
237 510 70 92 0.021514231 
654 280 15 14 0.02147047 
510 511 8 7 0.021351343 
842 420 13 16 0.021348923 
266 688 8 10 0.021333067 
733 599 8 9 0.021296136 
473 473 55 40 0.021258147 
535 467 10 12 0.021144789 
496 378 14 15 0.02106044 
143 443 12 13 0.020859122 
75 726 9 12 0.020731177 
1025 690 16 33 0.020695787 
54 705 10 12 0.020629091 
262 685 7 7 0.020510796 
417 722 12 14 0.020506192 
525 395 20 21 0.0204838 
93 721 8 11 0.020479962 
306 493 39 53 0.020439563 
1020 661 16 24 0.020423817 
180 659 5 7 0.020340594 
785 566 7 7 0.02028065 
168 709 6 6 0.020269657 
734 -1 308 451 0.02016946 
134 421 49 63 0.020169223 
581 486 8 8 0.02006214 
297 317 42 39 0.020030273 
