17_Ceremony_Ceremony_17_803
134
645 80 89 122 0.9997408 
92 142 24 30 0.99947184 
943 173 23 34 0.99916995 
320 20 100 137 0.99916697 
605 144 20 25 0.9951218 
172 140 18 29 0.9801564 
575 140 13 18 0.9612688 
597 124 17 18 0.9610651 
630 152 20 27 0.96013093 
122 125 17 21 0.9544719 
528 116 11 16 0.94932693 
150 122 15 20 0.9451786 
439 115 16 21 0.92581564 
627 109 12 17 0.9250902 
480 120 13 17 0.9021281 
568 116 11 17 0.8882309 
162 106 13 17 0.85009134 
505 116 13 16 0.8352467 
491 130 15 20 0.7835506 
558 129 11 19 0.7792067 
197 129 10 20 0.56606126 
210 125 11 18 0.5319066 
-3 77 99 231 0.4934796 
540 157 12 22 0.4409998 
170 259 70 154 0.37248904 
111 141 17 23 0.37015378 
201 126 13 22 0.29827914 
555 144 9 17 0.25998923 
161 73 7 11 0.24418426 
90 111 13 18 0.22173771 
510 133 10 16 0.20584674 
556 113 8 12 0.16386908 
333 174 99 133 0.16245738 
476 156 11 19 0.16166028 
503 285 39 53 0.15650335 
575 156 11 18 0.15111412 
507 154 13 22 0.14983939 
213 94 10 14 0.13799624 
204 107 8 11 0.13138238 
223 117 8 14 0.124503866 
224 128 9 16 0.10962788 
163 271 41 97 0.10879552 
546 152 13 25 0.10613954 
153 113 16 21 0.09773363 
147 190 144 261 0.09456291 
23 33 77 155 0.087994166 
585 123 13 16 0.08479077 
542 120 9 16 0.07920022 
879 254 23 20 0.07850035 
536 141 9 15 0.0771075 
188 75 6 9 0.07415348 
600 253 11 15 0.07394838 
180 116 8 14 0.07223431 
185 122 8 13 0.07086008 
468 123 12 15 0.06776821 
136 131 12 17 0.0671503 
865 14 40 60 0.06328712 
191 122 9 16 0.06091768 
561 121 11 16 0.060017105 
552 163 11 19 0.05779278 
112 126 16 17 0.053078745 
857 258 13 14 0.05074465 
435 254 16 28 0.048132423 
553 228 20 25 0.04126133 
898 71 12 17 0.041251227 
157 72 14 23 0.04096354 
504 128 11 17 0.040745266 
523 201 17 21 0.040559717 
217 113 9 11 0.040183738 
533 118 11 16 0.039735008 
419 116 12 19 0.039453477 
80 102 19 33 0.039282423 
530 139 10 17 0.038271107 
449 188 6 12 0.03807182 
550 79 6 9 0.037290413 
163 69 7 10 0.036682777 
446 198 8 15 0.03631305 
576 255 9 14 0.035844583 
208 106 8 11 0.0342043 
483 268 17 28 0.03385924 
563 131 13 21 0.032527853 
498 281 10 16 0.031287502 
636 133 11 18 0.031115297 
176 60 4 9 0.03072871 
456 195 11 18 0.030679697 
111 110 10 12 0.030170217 
214 114 15 22 0.029924488 
177 66 6 11 0.029724097 
579 127 14 16 0.029720597 
550 85 6 11 0.028580826 
554 149 14 25 0.028559308 
450 119 11 16 0.028081924 
170 122 9 14 0.027990622 
463 261 31 45 0.027353363 
524 127 9 17 0.027045494 
524 136 10 20 0.026842775 
595 251 9 12 0.026664367 
479 274 10 18 0.02623417 
412 94 36 61 0.02614447 
105 116 21 21 0.025653895 
429 201 6 11 0.025251554 
163 147 17 25 0.025165949 
201 68 5 9 0.025048112 
192 35 5 9 0.023671491 
158 148 12 17 0.02347165 
499 252 9 14 0.023349758 
561 112 9 12 0.023208877 
195 56 3 6 0.023206552 
192 68 4 8 0.023052003 
201 110 7 10 0.023035724 
241 126 11 18 0.022741627 
88 140 12 19 0.022659793 
485 170 10 18 0.022582486 
131 112 13 13 0.022549827 
459 122 12 16 0.022364754 
901 -4 46 47 0.021815991 
372 202 48 70 0.021723203 
526 162 19 23 0.021419596 
408 148 18 29 0.021406887 
182 112 8 12 0.021267321 
17 371 28 27 0.021267079 
187 56 4 6 0.021217503 
850 248 19 22 0.02112187 
411 209 8 11 0.02097756 
126 115 19 21 0.020954128 
541 294 10 20 0.020762155 
475 271 35 51 0.020692522 
557 3 6 8 0.02046863 
548 116 8 13 0.02038701 
648 122 7 12 0.020344945 
188 62 4 7 0.02032447 
189 68 4 7 0.02016752 
556 78 6 10 0.020085195 
677 211 25 42 0.020020334 
