17_Ceremony_Ceremony_17_406
29
711 374 64 105 0.99656516 
373 243 60 113 0.99437004 
561 494 15 12 0.05099219 
676 444 7 11 0.03771125 
437 -132 362 508 0.03541471 
744 180 22 28 0.030337641 
474 537 18 12 0.030205665 
324 472 8 6 0.029308435 
556 493 82 65 0.028571218 
586 379 7 10 0.028073713 
42 612 11 16 0.027744202 
400 222 45 94 0.027021628 
299 438 7 7 0.026854 
1015 480 10 17 0.026551228 
413 484 27 19 0.02359545 
595 431 8 8 0.02267332 
194 320 395 382 0.022469439 
391 368 20 29 0.02217918 
795 168 10 12 0.022152836 
229 514 9 10 0.021908257 
426 280 71 97 0.021773279 
199 475 7 9 0.02172111 
216 503 9 11 0.021137461 
229 509 9 9 0.0208276 
563 517 10 12 0.020787477 
637 44 12 18 0.020687483 
555 406 23 24 0.02034875 
239 503 9 9 0.02034036 
331 478 8 8 0.020024143 
