17_Ceremony_Ceremony_17_588
55
951 163 43 58 0.9984401 
91 179 45 48 0.99748117 
197 344 26 39 0.99683005 
262 218 27 34 0.99561346 
490 273 20 26 0.99318224 
573 218 18 33 0.9816171 
746 200 30 31 0.9657122 
315 360 15 30 0.89043355 
440 238 16 31 0.78690964 
330 438 13 20 0.6640499 
296 365 16 28 0.16627637 
304 363 16 30 0.1326138 
333 364 7 12 0.12099774 
322 363 10 18 0.099667124 
255 345 24 25 0.06958896 
310 353 6 10 0.057719678 
11 8 6 7 0.050594952 
307 355 8 15 0.045128837 
993 658 15 28 0.03653923 
78 326 57 56 0.03557939 
309 349 5 7 0.03548963 
24 3 26 25 0.035268698 
189 303 11 18 0.03454785 
294 355 7 11 0.034339804 
539 168 387 413 0.033327077 
292 374 11 21 0.033256173 
433 246 18 34 0.032923307 
352 472 10 14 0.032756124 
99 116 9 11 0.03201285 
183 305 19 32 0.03151266 
1008 172 27 46 0.029741883 
232 330 32 38 0.029278237 
34 598 34 41 0.028524814 
305 336 31 53 0.028160771 
993 658 8 15 0.027544418 
243 667 7 12 0.027488774 
330 304 53 86 0.026068516 
564 593 4 4 0.02587877 
11 13 10 10 0.0247365 
294 334 5 11 0.0246202 
235 667 8 11 0.024028087 
301 354 6 9 0.023061175 
322 335 4 6 0.022187093 
61 165 41 52 0.022054104 
41 609 12 15 0.021938503 
326 335 3 6 0.021807507 
22 12 14 12 0.021706963 
32 3 8 9 0.02131513 
140 324 7 12 0.021226548 
1027 671 15 26 0.021141976 
11 4 5 6 0.020663153 
32 589 19 28 0.020359572 
24 8 10 9 0.02027596 
331 352 6 10 0.020071102 
13 124 25 20 0.02002643 
