17_Ceremony_Ceremony_17_415
31
746 103 210 286 0.9998306 
448 77 222 303 0.99981385 
68 111 193 274 0.9997271 
348 891 97 132 0.99894816 
650 929 80 99 0.99849176 
193 1 64 33 0.19750287 
968 871 12 16 0.07709146 
950 1115 12 11 0.055771 
955 1124 10 9 0.046128865 
981 1118 8 7 0.033402793 
1007 1107 9 9 0.032273557 
961 1117 9 8 0.030978775 
997 1118 9 7 0.027859036 
1008 1133 10 10 0.02761829 
997 1124 10 8 0.026970917 
244 1266 71 72 0.026827358 
1007 1125 9 9 0.02627449 
994 1135 11 10 0.025846155 
990 1118 8 6 0.025366979 
971 1126 10 8 0.024358096 
987 1124 10 8 0.023622708 
987 1135 12 10 0.022541746 
1006 1116 9 9 0.022485556 
980 1125 11 8 0.022453226 
972 1117 8 7 0.021934072 
1000 1108 8 7 0.021875432 
1014 1125 9 11 0.02181064 
971 1109 8 7 0.02138799 
57 1039 5 11 0.021027043 
914 858 11 16 0.020244803 
898 883 15 20 0.020176584 
