17_Ceremony_Ceremony_17_1009
25
185 184 98 134 0.997835 
0 378 345 332 0.4704806 
719 85 321 446 0.34639966 
346 222 13 17 0.30734378 
335 233 72 78 0.2447256 
311 211 13 14 0.06878635 
492 28 78 47 0.06531494 
-16 330 113 254 0.05431566 
532 150 35 55 0.052088633 
382 205 11 13 0.045166127 
343 226 21 28 0.039635055 
393 235 17 13 0.034527652 
859 421 5 8 0.032963324 
269 271 37 51 0.030194383 
881 385 10 13 0.025977414 
837 563 7 9 0.025469573 
233 230 73 100 0.024752108 
338 244 23 33 0.024153015 
494 -2 107 60 0.024058232 
939 358 11 16 0.023654696 
452 -37 290 359 0.02307484 
804 182 27 26 0.022556871 
484 16 60 39 0.021873323 
831 614 7 10 0.021189915 
865 613 5 7 0.021004826 
