17_Ceremony_Ceremony_17_57
46
127 107 39 50 0.99946743 
287 97 40 51 0.99908173 
908 167 36 44 0.998694 
423 114 37 48 0.9981055 
730 124 38 45 0.9968054 
577 149 36 44 0.9660972 
245 215 21 30 0.641 
604 20 30 34 0.61721784 
553 208 18 24 0.59352696 
861 285 20 27 0.34612572 
739 319 24 31 0.19971895 
96 277 25 25 0.1907986 
945 174 11 21 0.084554926 
929 172 25 31 0.083367296 
439 87 11 12 0.06481334 
257 221 11 18 0.05595812 
719 256 22 30 0.05261892 
731 298 12 17 0.045188382 
515 83 7 11 0.044101007 
443 89 14 14 0.042208795 
889 309 24 30 0.041891474 
119 281 9 18 0.039844047 
548 215 18 30 0.039704487 
442 93 24 40 0.03517442 
298 23 25 25 0.034276176 
667 589 24 30 0.03205373 
241 213 14 23 0.031033207 
437 480 18 32 0.030196937 
101 262 19 22 0.029393815 
875 294 21 29 0.029249426 
570 242 17 26 0.0282362 
112 276 20 32 0.027682608 
885 301 20 25 0.025968209 
93 304 14 17 0.025945472 
110 266 19 25 0.023757417 
232 200 29 39 0.023316389 
247 208 12 20 0.022998162 
125 269 9 16 0.022491178 
226 190 18 26 0.0221023 
705 288 20 26 0.021667771 
1019 183 7 11 0.021652516 
887 301 11 15 0.021114273 
451 118 20 32 0.020235967 
133 172 311 328 0.020193381 
160 120 18 30 0.020179832 
354 102 37 55 0.020174311 
