17_Ceremony_Ceremony_17_344
31
596 47 91 116 0.99997056 
934 370 93 106 0.999574 
523 114 55 69 0.99912184 
637 287 66 100 0.99461925 
228 397 43 42 0.93374527 
965 146 27 55 0.59594434 
893 182 25 33 0.27793 
973 166 60 108 0.0938303 
642 246 350 479 0.05035711 
909 182 15 19 0.049643617 
396 507 53 39 0.04854159 
1007 390 37 64 0.046859395 
973 156 36 65 0.04507212 
958 141 21 46 0.044410937 
358 453 22 25 0.033189528 
469 317 35 74 0.03294164 
-49 51 250 570 0.032726392 
320 569 100 85 0.032480683 
137 264 309 430 0.027065123 
970 410 78 89 0.025044812 
944 315 8 13 0.02426748 
1028 370 36 67 0.023627656 
502 226 35 49 0.023035815 
297 470 206 171 0.022760795 
239 144 18 31 0.022348017 
236 175 9 13 0.021772996 
263 79 97 137 0.02176417 
296 494 22 22 0.021758534 
243 475 51 51 0.020861229 
558 81 76 94 0.020765886 
227 570 54 49 0.020030217 
