17_Ceremony_Ceremony_17_668
65
663 189 109 142 0.99982685 
228 94 138 201 0.99964106 
800 199 80 167 0.6989727 
432 284 26 31 0.28966865 
403 127 26 23 0.13488752 
398 98 13 14 0.1220837 
499 71 13 17 0.09898938 
414 728 19 31 0.086687736 
34 208 28 29 0.07403493 
32 72 36 48 0.0729365 
550 361 91 190 0.068942465 
394 259 27 26 0.06792962 
603 105 31 26 0.06760511 
661 358 13 16 0.062419 
589 40 25 26 0.048027907 
0 245 7 20 0.047085084 
152 174 8 14 0.04595362 
74 288 21 21 0.045137987 
592 19 11 15 0.04362858 
87 47 11 14 0.043358285 
641 596 43 47 0.040792637 
88 207 15 28 0.04035442 
55 305 10 12 0.039927296 
114 12 44 79 0.03937045 
441 327 35 57 0.033129923 
123 155 8 13 0.031526126 
52 86 35 50 0.0312514 
721 193 226 314 0.030860716 
74 43 19 21 0.02841801 
0 218 4 8 0.027549334 
148 163 7 12 0.027204089 
459 738 25 32 0.026523963 
487 703 39 57 0.026516961 
126 177 6 9 0.026343742 
45 286 9 12 0.026097223 
514 80 11 15 0.025922831 
448 733 66 83 0.025812829 
475 249 10 17 0.025657453 
769 276 23 43 0.025428653 
122 177 7 10 0.025034994 
367 46 11 16 0.024793074 
359 51 12 16 0.02433293 
470 285 262 408 0.024218341 
133 801 23 39 0.02400978 
437 103 13 13 0.023963837 
69 113 22 29 0.023756307 
3 96 26 41 0.023566497 
18 205 17 25 0.023494488 
114 181 8 12 0.023405997 
381 577 16 15 0.023347095 
613 171 21 28 0.023266617 
422 725 37 39 0.02324431 
334 48 25 24 0.02284813 
538 4 39 47 0.022191536 
388 104 10 13 0.02204692 
793 527 49 57 0.021932844 
394 103 12 14 0.021529036 
723 223 85 118 0.021291152 
445 355 19 33 0.021282574 
808 487 14 16 0.021034656 
415 271 36 39 0.02101475 
868 0 9 7 0.0207912 
437 318 22 26 0.020622656 
183 160 43 69 0.020314584 
48 105 20 30 0.02006406 
