17_Ceremony_Ceremony_17_220
261
582 289 12 16 0.97130156 
485 301 10 15 0.866013 
379 303 9 13 0.8095328 
162 382 11 17 0.7525328 
56 368 11 22 0.52474636 
382 336 10 12 0.47103685 
652 286 10 13 0.46604455 
43 382 18 29 0.39034882 
325 394 16 28 0.35715336 
955 395 12 16 0.34005985 
399 376 12 19 0.296973 
389 397 11 16 0.29530722 
274 387 18 30 0.27539787 
483 341 12 16 0.24799673 
428 312 7 12 0.24489862 
90 375 14 24 0.23998393 
457 373 9 17 0.2246103 
552 382 13 14 0.20393023 
526 383 12 19 0.19886386 
780 416 9 9 0.17854491 
215 373 8 14 0.17591093 
466 353 8 15 0.15687439 
391 317 8 12 0.1360788 
900 387 17 25 0.13114381 
488 74 24 26 0.12090818 
386 343 9 12 0.11919163 
435 372 9 14 0.11723518 
383 319 7 10 0.114467405 
3 394 13 22 0.106949665 
336 372 12 15 0.10662435 
133 377 10 10 0.105576046 
509 389 13 18 0.10388209 
22 410 17 33 0.103602886 
425 385 9 17 0.10339706 
343 371 11 17 0.0987219 
350 342 7 12 0.09443793 
28 358 11 17 0.08997284 
127 379 9 13 0.088642895 
322 331 18 24 0.08732135 
541 357 9 15 0.08692897 
370 388 10 19 0.08640591 
272 379 12 20 0.08555975 
403 351 7 11 0.08226521 
458 390 11 22 0.08110329 
420 380 12 16 0.080449946 
98 382 15 25 0.079807684 
14 417 16 27 0.078730755 
645 284 11 12 0.07357246 
395 312 7 11 0.07348299 
59 444 17 28 0.072747946 
378 316 8 11 0.068005 
83 411 16 26 0.067608625 
77 361 7 11 0.06483188 
376 377 9 10 0.06318356 
549 385 18 24 0.06266826 
900 386 31 47 0.06187371 
307 337 8 14 0.061827708 
447 371 10 15 0.061528802 
48 371 12 20 0.05963396 
641 293 19 25 0.058820166 
447 84 28 25 0.058469266 
516 387 10 16 0.05838414 
600 283 8 11 0.05796254 
120 376 18 23 0.057747334 
464 331 5 10 0.05592693 
396 384 18 23 0.054011356 
728 434 7 6 0.05393141 
196 368 13 15 0.05390847 
403 333 8 14 0.0529029 
452 368 11 16 0.052614864 
381 399 14 15 0.052291904 
61 376 14 29 0.05223463 
168 379 11 17 0.051965386 
755 435 7 7 0.051758338 
420 50 14 15 0.050640725 
463 386 17 27 0.049574144 
639 266 7 10 0.048896812 
466 311 7 13 0.047997527 
411 386 13 15 0.047292687 
9 421 12 21 0.04688962 
498 466 31 36 0.04673837 
108 369 10 15 0.045374107 
425 367 10 14 0.044773713 
113 479 23 35 0.044184268 
110 378 17 27 0.043638907 
409 329 8 13 0.043599803 
494 67 42 46 0.04354327 
204 322 12 17 0.043496065 
682 69 27 22 0.043437522 
373 384 13 19 0.04327836 
314 385 18 25 0.043150984 
211 378 10 16 0.04286951 
348 370 13 18 0.041787528 
369 317 7 10 0.04174466 
25 376 31 45 0.04075594 
426 342 8 10 0.040463984 
389 330 7 13 0.03791399 
294 354 9 14 0.0378704 
583 311 8 10 0.037188493 
785 420 7 7 0.03716712 
72 361 6 11 0.037057493 
324 323 9 12 0.037022613 
365 318 7 12 0.03699821 
272 273 9 15 0.03691087 
574 419 7 10 0.036819387 
424 317 6 10 0.03680081 
379 341 9 12 0.036785133 
345 298 10 12 0.036745246 
396 330 7 11 0.03641379 
198 376 19 22 0.036076985 
375 396 12 17 0.035647392 
413 326 8 15 0.03538457 
187 331 16 24 0.03301642 
361 376 17 25 0.032655485 
524 432 36 42 0.032595217 
17 386 19 25 0.032591097 
538 350 6 11 0.032495182 
209 365 16 24 0.03240559 
729 431 6 6 0.032395955 
303 388 18 23 0.032395575 
737 110 8 6 0.032274425 
555 457 8 13 0.032058742 
342 397 11 20 0.03202744 
191 382 12 13 0.031949814 
110 400 13 19 0.031741794 
550 319 5 9 0.031716187 
533 351 6 10 0.031631604 
427 395 11 16 0.031350598 
386 383 19 23 0.03132822 
425 347 9 14 0.031192342 
80 361 8 12 0.030604484 
270 361 9 14 0.030478144 
398 369 10 17 0.030417703 
440 369 10 14 0.030412255 
417 371 13 17 0.030296238 
789 460 12 11 0.030218666 
406 380 11 16 0.029982582 
542 351 7 14 0.029691389 
433 378 9 14 0.029633086 
1016 471 18 23 0.029630106 
94 386 10 21 0.02949177 
390 311 13 23 0.02934238 
422 323 8 13 0.029325109 
229 374 10 17 0.029209724 
403 344 7 11 0.029081829 
761 430 6 5 0.028937103 
1081 411 11 23 0.02880424 
83 376 11 19 0.028789286 
400 359 11 17 0.028713673 
177 365 12 18 0.028296253 
283 384 13 19 0.028131418 
377 331 10 12 0.027860833 
504 387 11 16 0.027776312 
768 436 6 5 0.027629944 
254 373 9 14 0.027615217 
410 65 47 43 0.027468313 
1074 431 10 20 0.027436176 
101 444 17 29 0.027328027 
872 404 7 7 0.027220562 
725 430 6 6 0.027012073 
129 372 18 20 0.026856404 
246 360 10 17 0.026392711 
337 311 8 11 0.026254224 
587 311 8 11 0.02620436 
264 396 28 40 0.025801033 
106 393 13 20 0.025789145 
311 331 17 24 0.025575282 
546 436 12 15 0.025570534 
364 313 7 10 0.025558705 
754 439 8 8 0.02547231 
60 363 9 15 0.025431976 
577 281 7 8 0.025036609 
738 424 6 5 0.024978679 
378 347 8 12 0.024870396 
463 378 12 19 0.024843875 
182 383 19 23 0.024824798 
431 386 11 17 0.024758141 
54 381 11 23 0.02444878 
641 280 10 12 0.024444392 
149 352 412 422 0.024406133 
336 282 11 13 0.02439229 
575 452 10 16 0.024380418 
542 447 23 34 0.024315625 
234 279 11 16 0.024122668 
633 458 10 11 0.024088647 
1089 384 12 23 0.024063244 
470 379 12 19 0.023953537 
372 312 7 10 0.023864511 
688 93 12 9 0.023817295 
337 231 10 11 0.023735931 
844 421 6 7 0.023681995 
865 430 6 6 0.023629319 
326 319 7 9 0.023622014 
446 364 10 13 0.023590479 
479 317 9 13 0.023565268 
715 204 18 24 0.023555024 
485 443 39 37 0.023377873 
399 355 7 11 0.023292359 
217 369 15 23 0.023256766 
419 361 13 15 0.023223313 
593 476 10 14 0.023191458 
576 305 18 22 0.023158148 
466 293 4 8 0.02315715 
788 448 7 6 0.023103151 
355 367 18 23 0.023101164 
36 354 10 15 0.02299295 
684 88 10 8 0.022858197 
397 307 5 8 0.022798143 
756 430 6 6 0.022758232 
89 363 8 12 0.02273696 
290 220 11 15 0.022736503 
394 437 33 38 0.02267679 
566 439 11 14 0.022617418 
344 335 14 23 0.02252592 
760 435 6 6 0.022309486 
236 355 18 29 0.022272484 
502 395 14 17 0.022253867 
381 318 15 21 0.022192463 
737 428 8 6 0.02208658 
334 380 18 25 0.022035815 
359 306 6 8 0.021968976 
98 374 12 19 0.02187036 
329 323 9 14 0.021807559 
84 386 19 34 0.021781081 
337 363 11 15 0.021725515 
260 366 10 15 0.021567667 
834 428 6 6 0.021555841 
575 283 53 58 0.021450909 
399 396 13 17 0.021438941 
371 375 9 13 0.02139466 
490 391 9 14 0.021270638 
403 318 5 9 0.02124736 
910 384 13 20 0.021235663 
74 356 16 24 0.021218594 
96 410 17 27 0.021211216 
391 307 6 9 0.021133723 
580 326 9 15 0.021006301 
255 362 8 14 0.020831954 
320 333 11 16 0.020754209 
298 394 14 16 0.020746576 
912 397 11 16 0.020707455 
646 290 11 13 0.020669652 
335 398 12 21 0.020592906 
344 283 8 11 0.020584537 
364 306 7 9 0.020530649 
1017 467 8 11 0.020513555 
313 320 33 45 0.0205014 
782 429 7 6 0.020451004 
349 276 12 16 0.02042957 
332 317 7 10 0.020399202 
408 350 6 10 0.020397916 
421 84 16 13 0.020370333 
514 478 11 12 0.020353597 
644 275 10 11 0.020258136 
43 350 7 12 0.02022996 
1070 445 9 19 0.020223416 
411 321 5 8 0.020164492 
654 264 5 6 0.020092469 
678 275 6 9 0.020082764 
128 382 20 29 0.020075705 
249 372 10 15 0.020047951 
