17_Ceremony_Ceremony_17_300
164
733 138 45 52 0.99986076 
597 148 45 58 0.9998512 
426 138 46 56 0.99977607 
189 154 40 57 0.99973077 
315 154 42 56 0.99969196 
633 306 28 29 0.6856811 
306 1 7 10 0.2818155 
862 2 8 7 0.14700024 
115 425 10 14 0.11053832 
266 288 7 10 0.09735611 
355 1 5 7 0.08088034 
312 5 7 12 0.072821856 
358 1 5 7 0.06802668 
205 2 6 6 0.06713814 
819 182 7 12 0.065120496 
928 2 7 8 0.064552225 
320 42 8 13 0.060808845 
303 0 6 9 0.06027425 
435 12 7 9 0.060255617 
333 7 6 9 0.060067073 
356 5 7 9 0.056972813 
825 185 6 10 0.0566211 
334 12 6 11 0.05385007 
24 1 6 6 0.05127904 
174 414 22 25 0.049898535 
335 17 7 10 0.048487138 
9 0 5 7 0.0480544 
391 134 10 12 0.04776713 
346 1 4 7 0.04775117 
482 241 59 82 0.04769371 
342 1 5 7 0.04716238 
857 231 6 9 0.045794807 
864 14 7 9 0.045323707 
327 6 6 9 0.042196207 
12 1 5 7 0.041744303 
1 1 4 6 0.040938437 
320 5 6 10 0.040461764 
322 2 4 7 0.040114854 
296 1 5 7 0.039690267 
875 8 7 7 0.038089614 
827 179 5 7 0.03803984 
872 7 6 7 0.03781661 
539 7 7 9 0.037538525 
177 170 10 15 0.037186697 
800 184 10 14 0.03644155 
796 1 5 7 0.03571012 
144 294 7 10 0.035387993 
828 176 4 6 0.03504448 
859 186 7 9 0.034363087 
871 12 6 9 0.034132894 
391 268 8 14 0.034088343 
302 4 6 10 0.03395247 
289 48 7 12 0.033592682 
95 275 7 10 0.03329533 
269 281 6 9 0.033120394 
338 5 6 10 0.033057336 
903 2 6 8 0.03283891 
141 235 6 8 0.032835897 
872 190 5 9 0.032193698 
0 343 5 10 0.03182647 
108 427 8 12 0.031672478 
866 198 6 9 0.031317014 
899 339 5 9 0.031145746 
314 20 6 9 0.030562647 
303 43 5 10 0.030554313 
38 1 7 7 0.030051887 
346 6 5 7 0.029775843 
274 280 7 9 0.029630251 
378 23 8 17 0.029245362 
831 179 5 8 0.029227208 
517 259 23 26 0.029201258 
339 33 6 9 0.028603148 
457 5 9 13 0.028193904 
436 0 7 6 0.027611922 
194 58 4 7 0.02725078 
150 183 11 15 0.027187973 
114 473 6 10 0.02718561 
282 7 6 8 0.02671219 
724 493 5 6 0.026357211 
58 2 7 6 0.026342275 
325 49 6 10 0.026297256 
108 448 8 11 0.026268635 
206 0 4 3 0.026122548 
258 6 5 8 0.026119685 
870 2 5 6 0.026021896 
266 310 8 13 0.025870046 
273 299 7 10 0.025836673 
786 610 9 17 0.025793476 
375 145 32 45 0.025784997 
192 2 5 5 0.025555788 
365 3 5 6 0.025381193 
784 2 4 5 0.025360169 
924 2 5 8 0.025312722 
875 636 8 12 0.025248187 
681 529 6 11 0.025219569 
132 380 8 13 0.024865432 
862 179 7 10 0.024470188 
302 56 6 10 0.024257783 
52 366 6 9 0.0240858 
208 404 13 17 0.024071379 
295 5 7 9 0.024055399 
277 19 5 9 0.023929715 
329 10 5 10 0.023904022 
706 494 5 7 0.023882248 
113 274 7 9 0.023882248 
823 201 8 14 0.023870362 
845 524 5 7 0.023690065 
307 20 6 9 0.02368324 
134 224 6 8 0.023664735 
860 5 6 8 0.023599466 
679 520 4 5 0.023522213 
818 184 16 25 0.023497624 
311 1 7 10 0.023414636 
517 3 8 12 0.023269834 
336 287 58 97 0.023266679 
440 12 9 10 0.023182217 
295 56 6 10 0.023073032 
140 289 7 9 0.022994025 
292 44 6 12 0.022949187 
674 506 4 6 0.022808883 
303 -3 15 19 0.022801086 
166 196 10 13 0.022532545 
922 173 8 10 0.022525532 
726 537 4 7 0.022508634 
806 172 7 12 0.022426136 
830 223 5 10 0.02232552 
607 7 9 13 0.022251965 
263 274 6 8 0.022231888 
356 12 7 11 0.022083046 
911 640 5 8 0.022019893 
264 43 7 11 0.02185054 
159 147 7 9 0.021834616 
190 381 12 14 0.021618836 
833 35 6 7 0.021588495 
268 276 7 9 0.021578336 
258 335 4 7 0.02156455 
781 153 20 33 0.021543015 
34 1 6 6 0.021457596 
669 507 3 5 0.021432854 
198 113 8 10 0.021378176 
441 0 6 6 0.021354612 
327 26 5 9 0.021306334 
872 153 7 9 0.021125272 
672 526 4 7 0.021097178 
906 185 65 97 0.021071203 
200 12 6 8 0.021019014 
787 1 4 6 0.020923672 
863 43 10 10 0.020751445 
264 263 5 7 0.020644967 
147 160 7 8 0.020618336 
286 36 7 10 0.020606454 
204 53 6 7 0.020505998 
827 33 5 8 0.02049942 
320 20 5 9 0.020477744 
101 276 7 9 0.020420505 
263 269 5 8 0.020345658 
288 20 6 9 0.020297196 
730 513 5 6 0.020285098 
671 566 8 12 0.02027846 
725 514 4 6 0.020267498 
853 -2 5 4 0.02025242 
915 2 6 7 0.020242574 
1029 85 19 30 0.020171652 
68 288 7 10 0.02014324 
