17_Ceremony_Ceremony_17_218
83
641 326 28 32 0.9998293 
390 531 42 50 0.99981195 
42 516 46 50 0.99979264 
764 462 39 58 0.99978095 
134 554 42 49 0.9997218 
723 304 25 32 0.9996537 
249 497 41 59 0.9996495 
892 507 43 53 0.999524 
199 431 41 57 0.9995229 
513 521 47 61 0.99949574 
641 472 46 60 0.9992987 
513 330 28 31 0.999138 
325 484 36 42 0.9989919 
548 435 33 39 0.9988543 
563 332 25 35 0.9988335 
364 411 37 42 0.99858665 
462 462 34 35 0.9984623 
10 369 36 40 0.9984281 
66 457 45 59 0.99837166 
252 383 35 42 0.99818665 
761 365 30 32 0.99814534 
290 317 33 44 0.9981236 
38 421 38 36 0.9977041 
491 400 33 39 0.99754936 
822 326 31 37 0.99726224 
855 423 32 39 0.99523467 
870 376 33 36 0.9949208 
705 427 34 39 0.9947054 
925 352 32 36 0.9946926 
154 367 34 43 0.99164927 
942 487 33 41 0.9899872 
184 311 30 42 0.9885725 
802 461 29 41 0.98225754 
55 312 34 44 0.98184466 
997 361 33 43 0.9810012 
366 359 38 47 0.97947675 
962 423 35 38 0.97586286 
631 439 31 38 0.9751575 
912 675 69 71 0.96355826 
1009 548 22 38 0.5903559 
-1 693 61 138 0.30383605 
787 343 21 27 0.15703756 
431 459 29 42 0.109824926 
182 357 26 41 0.10456214 
791 388 20 39 0.09175327 
0 668 7 23 0.08368459 
435 153 6 5 0.07037764 
431 155 5 4 0.065054946 
899 352 23 34 0.06124705 
500 326 21 33 0.055426873 
428 161 7 5 0.049667556 
57 45 18 26 0.04437141 
768 352 28 28 0.042654656 
415 159 6 6 0.03436143 
512 73 335 541 0.03432744 
0 388 7 14 0.0338489 
422 156 6 4 0.032845106 
29 26 20 32 0.032644663 
1012 368 49 59 0.03131415 
415 155 7 6 0.028983891 
422 167 7 6 0.027190039 
436 150 5 4 0.027122267 
424 160 5 5 0.026803154 
859 695 183 149 0.026557459 
539 727 32 34 0.02611626 
431 150 5 3 0.026006496 
37 444 41 48 0.025817523 
698 298 18 31 0.025749598 
494 558 16 14 0.024881188 
582 415 32 44 0.024411807 
857 318 23 29 0.024029838 
971 672 73 95 0.023477126 
410 149 6 4 0.023459336 
37 114 21 28 0.022647947 
933 525 25 36 0.02160087 
809 318 12 22 0.021578768 
873 534 21 29 0.021368774 
510 317 23 26 0.021355644 
499 340 9 18 0.021158427 
141 486 24 30 0.020546101 
433 160 8 6 0.020522803 
483 494 11 16 0.020329151 
0 339 22 35 0.02011901 
