18_Concerts_Concerts_18_403
68
553 127 142 203 0.5981143 
328 63 305 445 0.34930283 
465 966 10 17 0.23051718 
394 963 15 17 0.20936474 
515 952 16 23 0.14850059 
305 2 8 14 0.12475283 
613 161 177 255 0.11324043 
498 123 28 27 0.10396499 
321 233 19 33 0.087219805 
240 10 8 15 0.086927004 
448 957 13 26 0.08297455 
429 246 36 57 0.0818233 
187 642 10 15 0.07554394 
574 686 115 112 0.07298737 
460 963 10 18 0.07205444 
539 585 274 360 0.06774994 
314 162 18 34 0.067171074 
757 735 69 59 0.0659965 
491 172 12 15 0.06373248 
445 950 9 21 0.059958976 
604 964 9 16 0.059716497 
398 974 14 17 0.055721223 
150 414 233 446 0.054344565 
695 5 9 14 0.049248897 
329 3 9 13 0.045766503 
326 14 10 15 0.04504487 
727 206 49 61 0.04407252 
670 368 42 45 0.044014126 
634 289 189 237 0.038871344 
554 965 9 14 0.03856909 
489 231 38 56 0.035803683 
475 185 71 80 0.03446746 
604 628 35 54 0.033901833 
291 4 7 14 0.032796938 
439 947 11 21 0.032308083 
694 13 10 16 0.032299235 
179 13 7 12 0.031827368 
770 160 19 29 0.03174334 
621 964 17 25 0.03170924 
150 396 37 45 0.03049017 
299 212 15 30 0.029748708 
433 286 51 54 0.02789923 
209 631 11 22 0.026513686 
575 10 8 14 0.026189025 
669 378 19 27 0.02564285 
530 98 23 27 0.025292573 
685 965 9 15 0.02525439 
336 614 11 26 0.025171043 
671 381 10 15 0.025141075 
322 149 21 37 0.025107143 
573 849 43 65 0.024685042 
209 7 9 11 0.024409464 
313 3 8 14 0.024026904 
177 657 11 23 0.023293782 
512 132 14 16 0.022591235 
355 504 11 18 0.02235173 
303 870 43 72 0.02222865 
370 224 17 23 0.022100886 
493 138 26 22 0.021781081 
377 256 11 14 0.021712242 
459 966 20 31 0.021576934 
231 551 30 62 0.021571482 
235 536 51 106 0.021561556 
310 172 11 19 0.02147419 
790 498 34 43 0.020738954 
485 442 96 124 0.020555427 
268 738 10 20 0.020396935 
503 125 14 15 0.020268332 
