18_Concerts_Concerts_18_127
54
174 160 47 70 0.9981749 
150 262 68 99 0.9973023 
804 187 39 61 0.9972511 
244 131 34 54 0.9940579 
666 166 48 80 0.99323213 
948 192 36 53 0.9882852 
358 225 58 87 0.9863983 
526 224 57 68 0.984585 
274 229 51 89 0.98171127 
739 189 52 68 0.9781049 
847 203 30 42 0.9531909 
446 230 49 83 0.9384908 
56 180 27 44 0.9054423 
453 180 37 47 0.899245 
13 197 36 50 0.8627057 
309 182 37 44 0.74323666 
577 186 28 44 0.6932311 
926 195 39 51 0.5792942 
748 161 47 51 0.1503781 
39 322 51 60 0.1252561 
872 332 98 82 0.11578421 
294 200 44 68 0.08696829 
549 173 39 53 0.08648936 
907 202 37 55 0.08616436 
394 226 64 88 0.07627235 
617 190 22 39 0.06784253 
138 430 98 128 0.05865852 
127 174 32 54 0.057456452 
855 533 10 22 0.050526064 
554 192 51 75 0.04849492 
1009 187 18 36 0.04744425 
712 376 92 74 0.040985733 
313 240 37 66 0.040535387 
-1 197 22 41 0.035485875 
45 194 23 39 0.03405323 
882 331 57 43 0.033397652 
430 182 37 54 0.033280965 
272 186 11 20 0.030886797 
71 304 47 65 0.02936046 
502 224 47 59 0.028116858 
290 187 24 33 0.027780155 
411 182 24 44 0.027548851 
23 225 26 35 0.027392432 
148 174 43 60 0.026404377 
593 50 10 18 0.025644947 
700 181 37 62 0.025184566 
183 256 76 96 0.02511134 
637 175 35 55 0.024695542 
529 151 20 28 0.024236662 
460 197 44 69 0.023464728 
476 182 20 30 0.021844322 
483 488 25 29 0.021328451 
479 225 39 67 0.021259405 
1020 185 23 44 0.020539233 
