18_Concerts_Concerts_18_469
29
8 299 42 54 0.9996321 
481 262 33 58 0.98877615 
663 252 39 49 0.9856091 
848 240 39 53 0.96852255 
248 169 39 40 0.4991879 
469 391 33 73 0.32272342 
808 294 20 39 0.1030399 
1012 433 7 15 0.090506494 
36 506 42 67 0.08015599 
635 289 22 27 0.0702521 
83 432 17 29 0.060304455 
846 264 31 60 0.059501875 
613 641 6 9 0.045881487 
111 426 17 27 0.042016182 
267 -88 298 435 0.0350136 
1010 423 7 14 0.032302644 
844 296 26 46 0.03133304 
991 526 18 41 0.030845013 
508 275 19 42 0.03042112 
235 480 38 46 0.02690131 
521 425 6 9 0.02648496 
853 237 111 214 0.025882427 
861 242 60 100 0.02484888 
1012 423 13 26 0.024717005 
1017 428 6 14 0.024524469 
105 369 11 12 0.023639398 
896 518 41 96 0.02329028 
484 319 10 20 0.022511812 
562 323 23 35 0.022017695 
