18_Concerts_Concerts_18_656
824
712 466 78 118 0.9995696 
84 21 132 157 0.9882537 
277 137 43 42 0.24751846 
692 253 3 4 0.05908047 
692 259 3 5 0.05419254 
692 246 3 5 0.050826 
686 265 3 5 0.04895681 
699 260 3 3 0.045326058 
249 159 35 46 0.043539647 
687 260 2 4 0.04339086 
609 381 3 5 0.042410713 
578 386 3 5 0.04225734 
820 296 3 5 0.04224921 
866 380 3 5 0.04223623 
686 494 63 98 0.04175833 
692 265 3 4 0.04078497 
559 394 2 4 0.040191654 
571 374 3 5 0.03934344 
635 361 3 5 0.039058466 
294 155 26 34 0.03856746 
686 253 3 5 0.038529687 
673 342 3 5 0.038462013 
821 291 3 5 0.03843097 
597 374 3 5 0.037759647 
692 240 4 5 0.03775194 
680 336 3 5 0.037635792 
641 361 3 5 0.037484687 
699 265 2 4 0.037345212 
904 316 3 5 0.03713055 
610 386 3 5 0.036670048 
558 400 3 4 0.036614455 
577 400 3 4 0.036300972 
571 361 3 5 0.03580409 
533 400 3 4 0.035782382 
616 386 2 5 0.03570149 
699 253 2 4 0.035404574 
680 341 2 6 0.03535733 
828 311 3 4 0.035315555 
827 373 3 6 0.035002526 
596 400 3 5 0.03496545 
526 387 3 5 0.03482275 
565 381 3 4 0.034703348 
686 246 3 5 0.034695305 
565 400 2 4 0.03448968 
564 393 3 5 0.034421615 
660 163 3 5 0.0339804 
616 335 3 5 0.03391063 
539 163 3 5 0.03390634 
674 181 3 6 0.03365786 
832 310 3 5 0.0335974 
833 368 3 5 0.03329846 
692 354 3 5 0.033284847 
590 400 3 4 0.032954328 
431 188 2 5 0.03293076 
674 220 3 6 0.032748505 
641 373 3 5 0.032636236 
781 200 4 6 0.03260471 
615 381 3 5 0.032549787 
539 399 2 5 0.032488093 
660 169 3 5 0.032466706 
622 399 3 5 0.032438517 
686 348 3 5 0.032305818 
686 227 3 5 0.03225397 
558 406 3 4 0.03217473 
744 303 3 5 0.032116476 
821 284 2 5 0.032109406 
635 354 3 6 0.03198373 
872 380 2 5 0.03178905 
621 335 4 6 0.03173141 
597 368 3 5 0.03167915 
623 393 2 5 0.031677734 
577 373 3 5 0.031655684 
692 233 3 5 0.031549186 
820 348 3 5 0.031480946 
673 206 4 6 0.03142072 
904 291 3 5 0.03140242 
815 297 3 4 0.031310808 
609 400 3 4 0.031183567 
539 380 3 5 0.031173324 
641 387 3 5 0.031152122 
686 233 3 5 0.031112388 
679 259 3 5 0.031104349 
923 226 3 5 0.031081133 
571 367 3 5 0.030792309 
667 347 3 6 0.030770518 
679 253 3 4 0.030715827 
667 355 3 5 0.030681882 
872 374 2 5 0.030614113 
872 310 3 5 0.030571626 
680 226 3 5 0.030567817 
667 187 3 6 0.030517625 
591 374 2 5 0.030418083 
878 310 3 5 0.030414306 
565 374 2 5 0.030343397 
590 406 3 5 0.030325402 
923 336 3 5 0.030194279 
679 220 3 5 0.03018308 
597 380 2 5 0.030155439 
262 216 53 60 0.030119102 
609 335 3 6 0.03004315 
603 400 3 5 0.030003557 
641 368 3 5 0.029865062 
679 246 3 5 0.029851029 
431 194 2 5 0.02977004 
616 368 3 5 0.029758194 
686 342 3 5 0.029750044 
545 157 3 4 0.029693395 
866 374 2 5 0.02966593 
641 381 3 4 0.029552989 
609 393 3 5 0.02951009 
584 400 2 5 0.029495373 
680 265 3 5 0.029472752 
635 399 3 5 0.029469457 
635 387 3 5 0.02942662 
679 206 4 6 0.029406842 
693 220 3 5 0.029298287 
885 361 2 5 0.029261736 
564 406 3 4 0.0292252 
699 349 3 4 0.029150238 
552 386 2 5 0.029102275 
635 381 2 5 0.029001286 
571 401 3 4 0.029000644 
706 272 2 4 0.028896738 
552 406 3 4 0.028893482 
885 297 3 5 0.028763624 
119 244 30 28 0.028705698 
828 316 3 4 0.028702877 
685 240 4 5 0.028696507 
706 265 2 4 0.028683102 
578 381 3 5 0.02867019 
904 322 3 5 0.028648226 
788 310 3 5 0.028613856 
692 227 3 5 0.028603682 
520 387 3 4 0.028590003 
974 322 3 6 0.028569326 
673 347 3 5 0.028544059 
923 315 3 5 0.028525095 
654 360 3 6 0.028492646 
725 259 2 4 0.028478801 
520 374 3 5 0.028464602 
532 387 3 4 0.028438497 
833 374 3 5 0.028312959 
647 360 3 6 0.028274322 
584 381 2 4 0.028239658 
686 214 3 5 0.028156511 
642 162 3 5 0.028131768 
878 304 3 4 0.028113026 
641 355 3 5 0.02810912 
641 342 3 5 0.02802688 
564 360 3 6 0.02802222 
552 381 3 5 0.027964406 
553 400 2 4 0.027922431 
879 323 3 5 0.027855234 
602 394 3 4 0.02783953 
897 361 3 5 0.027827697 
865 271 3 5 0.02782481 
577 406 3 4 0.027812267 
673 355 3 5 0.027686305 
750 240 3 4 0.027668776 
705 259 2 4 0.027668219 
673 175 4 5 0.027658783 
647 387 3 4 0.027650086 
751 233 3 4 0.027607279 
846 285 3 4 0.027546627 
667 194 3 6 0.02753641 
686 188 3 5 0.027533878 
597 394 2 4 0.027530504 
577 418 3 5 0.027483229 
674 246 3 5 0.027482912 
910 335 3 5 0.027481783 
571 380 2 5 0.02746743 
583 386 3 5 0.02746348 
686 271 3 5 0.02744948 
628 418 4 5 0.027442463 
628 393 3 5 0.027405806 
622 387 3 5 0.02737591 
533 394 3 4 0.027346438 
890 368 3 5 0.027338397 
897 355 3 5 0.027325913 
602 368 3 5 0.02731836 
827 361 3 5 0.027313748 
688 543 10 16 0.027308758 
699 355 3 4 0.027308097 
615 329 3 6 0.027292727 
885 233 2 5 0.027258547 
840 373 3 6 0.0272395 
865 265 3 5 0.027236903 
640 348 4 5 0.027197896 
636 374 2 4 0.027180515 
866 386 3 5 0.027176958 
680 213 3 6 0.027168091 
782 290 3 5 0.027159257 
660 348 3 5 0.02709828 
884 310 3 5 0.027067607 
766 612 66 108 0.027019178 
590 380 3 5 0.026986906 
666 169 3 5 0.026985263 
539 374 3 5 0.0269567 
724 265 3 4 0.02694368 
910 329 3 5 0.026847232 
782 284 3 6 0.026844854 
898 387 2 4 0.026817793 
859 284 3 5 0.026812006 
885 348 3 5 0.026799873 
507 176 3 4 0.026787644 
878 291 3 4 0.026780527 
603 387 3 4 0.026770009 
744 253 2 4 0.026766509 
853 291 2 4 0.026758743 
866 201 3 5 0.026727304 
923 303 3 5 0.02672224 
827 368 3 5 0.026673805 
27 275 191 304 0.026612012 
884 304 3 4 0.02653936 
577 394 3 4 0.02653178 
885 373 3 5 0.026523506 
571 169 2 5 0.026510661 
674 201 3 5 0.02649876 
936 207 3 6 0.026475837 
756 258 3 5 0.02638477 
769 284 3 5 0.026377276 
839 323 3 4 0.02635751 
872 386 2 5 0.02634716 
546 387 2 4 0.026337102 
917 226 3 5 0.02632649 
577 413 3 4 0.026302055 
898 297 2 5 0.026258992 
878 271 3 5 0.02621963 
826 417 3 6 0.026219156 
866 316 2 5 0.026217785 
885 284 3 5 0.026202967 
667 361 3 5 0.02618037 
680 347 3 6 0.026135514 
539 169 3 5 0.026131263 
628 399 3 5 0.02612236 
743 259 3 4 0.026112234 
897 380 3 5 0.026097964 
909 316 3 5 0.026097419 
538 394 3 4 0.026093945 
532 380 3 5 0.026088215 
526 182 3 5 0.026084624 
872 316 3 4 0.02608151 
590 412 3 5 0.026067983 
602 373 3 5 0.026054615 
596 406 3 5 0.026005495 
692 349 3 5 0.025999622 
877 380 3 5 0.025989855 
526 400 3 4 0.025957055 
866 323 3 5 0.025945501 
514 188 2 5 0.025944592 
571 406 3 4 0.025902437 
628 341 3 5 0.025899814 
865 361 3 5 0.025890637 
833 304 3 4 0.025887666 
225 148 41 54 0.025884142 
923 406 2 5 0.025873242 
687 354 2 5 0.025856674 
904 208 3 5 0.025833204 
545 406 3 4 0.025802618 
559 387 2 4 0.02576071 
584 170 3 5 0.025757387 
482 457 3 5 0.025713846 
750 252 3 4 0.025661912 
686 336 3 5 0.02563154 
891 303 3 5 0.025613151 
557 381 3 4 0.025605656 
437 200 3 6 0.025499072 
558 214 3 5 0.02546736 
885 368 3 5 0.025432482 
584 405 2 5 0.025431786 
775 297 3 5 0.025424909 
545 182 3 5 0.025414702 
923 310 3 5 0.025404802 
564 482 3 6 0.025398815 
840 335 3 5 0.025384687 
871 201 3 5 0.025369737 
616 374 3 5 0.025366984 
692 271 3 5 0.025366547 
770 322 3 5 0.02533661 
520 188 2 5 0.02532755 
852 285 3 4 0.02527887 
494 246 3 5 0.02526936 
884 265 3 5 0.025252067 
878 297 3 5 0.025233088 
769 238 4 6 0.025225481 
674 99 2 4 0.025177427 
839 367 3 6 0.025174366 
674 252 3 5 0.025171703 
891 373 2 5 0.025137143 
891 297 3 5 0.025134403 
629 380 2 5 0.025104837 
859 373 2 6 0.025090301 
597 387 3 4 0.025081292 
795 304 3 5 0.025080226 
679 130 3 6 0.025026496 
833 284 3 5 0.025019241 
910 226 3 5 0.025001572 
545 163 3 4 0.024991727 
641 393 3 5 0.024968961 
558 374 3 5 0.024960289 
769 290 3 6 0.024956724 
821 303 2 5 0.02494708 
878 265 3 5 0.024933008 
654 130 3 6 0.024902107 
757 252 3 5 0.024889255 
526 380 3 5 0.024878336 
565 387 2 4 0.024869708 
904 335 3 5 0.024851875 
667 206 3 6 0.024840202 
859 271 3 5 0.024827931 
711 266 3 4 0.024820518 
821 278 2 5 0.024804458 
903 296 3 6 0.024804046 
897 342 3 5 0.024796257 
609 329 3 5 0.024771709 
878 285 3 4 0.02475583 
596 169 3 5 0.024731543 
526 393 3 5 0.024625802 
923 271 3 6 0.02461493 
628 336 4 5 0.024608113 
673 187 4 6 0.02460217 
488 105 3 5 0.024587408 
667 226 3 5 0.024559988 
776 310 3 5 0.024518842 
603 406 3 5 0.024506934 
667 341 3 6 0.024495821 
603 361 3 5 0.024479786 
859 323 3 5 0.024475168 
827 304 3 4 0.024474585 
910 208 3 5 0.02446676 
885 278 2 5 0.024451606 
674 258 3 6 0.024446778 
892 380 2 5 0.024445307 
776 329 3 5 0.024440024 
820 310 3 5 0.024437234 
635 406 3 5 0.024420151 
661 181 3 6 0.024412852 
430 239 3 5 0.024396926 
833 361 3 5 0.024362909 
686 277 4 6 0.02435442 
520 400 3 4 0.024345318 
731 253 3 4 0.024331614 
636 367 2 5 0.024331303 
756 239 3 5 0.024311224 
577 368 3 5 0.024302967 
474 258 4 6 0.024298472 
667 213 3 6 0.024291132 
660 355 3 5 0.024268236 
622 137 2 5 0.024262153 
500 112 3 4 0.024234332 
827 297 2 4 0.024222624 
533 170 2 4 0.02421701 
750 246 3 4 0.024212576 
552 394 3 4 0.024203971 
878 278 3 5 0.024184205 
680 271 3 5 0.024177227 
770 232 3 6 0.024146648 
686 220 3 5 0.024126295 
520 381 3 4 0.024124108 
443 138 3 4 0.024100762 
514 450 3 6 0.02409708 
629 144 2 5 0.02409014 
609 169 3 5 0.024077844 
540 157 2 4 0.024072934 
872 272 2 4 0.024071218 
673 169 3 5 0.024066575 
878 328 3 5 0.024048382 
616 105 2 5 0.024048159 
770 227 3 5 0.024032552 
673 225 3 6 0.024019234 
744 240 3 4 0.024009705 
815 291 3 5 0.023957552 
437 194 3 6 0.023956247 
622 341 3 5 0.023942357 
916 342 3 5 0.02391147 
494 252 3 6 0.023909753 
891 361 2 5 0.023902811 
667 368 3 5 0.023882713 
699 246 2 5 0.02387765 
860 265 2 5 0.023869306 
872 304 3 5 0.023857098 
840 316 3 5 0.023843361 
525 374 3 5 0.023841945 
552 214 3 5 0.023785464 
584 175 3 5 0.023763208 
533 433 2 4 0.023762433 
552 219 3 6 0.023709089 
654 348 3 5 0.023708183 
687 328 3 5 0.023688082 
615 406 3 5 0.02368721 
513 176 3 5 0.023686169 
852 380 3 6 0.0236851 
666 182 3 5 0.023682602 
706 86 2 5 0.023682056 
698 240 3 4 0.023673242 
673 213 3 6 0.023660138 
763 297 3 5 0.023657082 
545 400 3 4 0.023635829 
635 393 3 5 0.023632286 
680 355 3 5 0.023600664 
532 413 3 4 0.023587463 
673 361 3 5 0.023547543 
878 239 3 5 0.02353149 
519 176 3 4 0.023516737 
584 419 2 5 0.023516333 
930 284 3 6 0.023512429 
494 169 3 5 0.023493879 
903 387 3 5 0.023481801 
609 406 3 5 0.023475846 
629 387 2 4 0.023468815 
623 131 2 5 0.023467831 
904 310 3 5 0.023465313 
898 374 2 5 0.023455588 
704 253 3 4 0.0234555 
539 419 3 5 0.023412416 
807 207 3 6 0.023404332 
565 170 3 5 0.023403421 
661 136 3 6 0.023386113 
846 393 3 5 0.02336245 
468 271 3 5 0.023354413 
654 355 3 5 0.023350438 
897 348 3 5 0.02333578 
616 112 3 4 0.023326598 
777 334 3 6 0.02330372 
431 233 3 5 0.023291674 
917 336 2 5 0.023291174 
654 162 3 6 0.023275157 
540 227 2 5 0.02327202 
827 323 3 5 0.023221916 
673 194 4 6 0.023169592 
462 207 3 5 0.023153324 
437 176 2 5 0.023129882 
756 246 4 4 0.023126433 
590 394 3 4 0.0231211 
533 419 2 4 0.02312041 
891 278 2 5 0.023112178 
801 322 2 5 0.02311079 
782 329 3 5 0.023089543 
916 367 3 5 0.023081418 
942 341 3 6 0.023081027 
667 136 3 6 0.023079982 
474 456 3 6 0.023068983 
871 323 3 4 0.023068622 
526 419 3 4 0.02306184 
584 413 2 4 0.023061592 
712 278 3 5 0.023022888 
904 330 3 4 0.02300554 
916 271 3 5 0.023004003 
738 253 2 4 0.022987477 
827 348 3 5 0.02298042 
635 310 3 5 0.022958966 
488 124 2 5 0.022948047 
916 207 3 5 0.02292726 
699 86 3 5 0.022923522 
616 361 3 5 0.022923147 
539 182 3 5 0.022912284 
475 252 3 5 0.02290366 
501 233 3 5 0.022902075 
865 258 3 6 0.022898216 
885 227 3 5 0.022864394 
635 348 3 6 0.022857025 
904 342 2 5 0.022842258 
495 163 2 5 0.022840753 
878 245 3 5 0.022820992 
520 170 3 4 0.022811381 
892 393 2 5 0.022751037 
571 387 3 4 0.022738226 
853 373 3 5 0.022737388 
698 271 3 5 0.022729965 
706 92 3 5 0.022709379 
590 169 2 5 0.022707198 
647 368 3 5 0.022684263 
782 303 3 5 0.022681892 
916 213 3 6 0.022679243 
763 335 3 5 0.022672793 
616 137 3 5 0.022663184 
731 265 3 4 0.022648994 
667 336 3 5 0.022636242 
647 373 3 5 0.02263253 
679 201 3 5 0.02262299 
827 201 3 5 0.022618148 
558 476 3 6 0.02261075 
660 174 3 6 0.02260447 
621 406 4 5 0.022592012 
501 169 3 5 0.022581803 
795 297 3 5 0.022580449 
719 266 2 4 0.022572573 
866 206 3 6 0.022545308 
648 381 3 5 0.022527363 
552 374 3 5 0.022516781 
833 379 3 6 0.022516279 
929 226 3 5 0.022510162 
545 419 3 5 0.022485042 
839 297 3 4 0.022471739 
680 240 3 5 0.022470612 
891 315 3 6 0.022446211 
590 387 3 5 0.022415213 
609 374 3 5 0.022413507 
865 367 3 5 0.022403179 
692 214 3 5 0.022400538 
450 144 2 5 0.02238596 
910 213 3 5 0.022375131 
680 99 2 5 0.022373682 
737 259 3 4 0.022370895 
878 374 2 5 0.022367885 
481 156 3 5 0.022361873 
520 419 3 5 0.022330938 
699 342 3 5 0.022328386 
609 361 3 5 0.022318816 
648 355 3 5 0.022302447 
910 322 3 5 0.02230097 
897 322 3 5 0.022298949 
923 291 3 5 0.022293609 
968 316 3 6 0.0222936 
840 285 3 4 0.022293266 
756 232 3 5 0.02228246 
622 361 3 5 0.022272319 
782 310 3 5 0.02226976 
763 303 3 5 0.022242658 
648 124 3 5 0.022240981 
539 387 3 4 0.022229614 
667 92 3 5 0.022213478 
845 271 3 5 0.02221123 
603 125 3 5 0.022204217 
590 419 3 5 0.022196345 
674 328 3 6 0.022146655 
603 131 2 4 0.022140626 
634 335 3 6 0.022126436 
546 119 2 4 0.02212304 
751 259 3 4 0.022121664 
801 310 3 5 0.022099182 
494 240 3 5 0.022092618 
450 150 3 5 0.022087216 
802 317 2 4 0.022084374 
775 290 4 6 0.022082984 
859 380 2 5 0.022079483 
577 169 3 6 0.022078775 
667 232 4 6 0.02203436 
879 233 2 5 0.022032695 
545 380 3 5 0.022018727 
762 252 4 5 0.021991441 
731 259 3 4 0.021986939 
929 214 4 5 0.021981264 
879 227 2 5 0.021979379 
609 112 3 4 0.021976627 
904 361 3 5 0.021898894 
776 239 3 6 0.021890096 
680 187 3 6 0.021878492 
456 202 3 5 0.021863943 
686 168 4 6 0.021859774 
923 341 3 5 0.021850903 
190 257 46 87 0.021842957 
468 118 3 6 0.02182515 
590 150 3 5 0.021789622 
577 176 3 4 0.021785146 
590 175 3 5 0.021773908 
571 118 3 5 0.021767491 
840 291 3 4 0.021761399 
763 259 3 5 0.021755228 
526 169 3 5 0.021754047 
859 367 2 6 0.021748135 
871 265 3 5 0.021746736 
520 156 2 5 0.02174459 
859 361 3 5 0.021739077 
590 368 3 5 0.021734897 
532 150 3 5 0.021733847 
647 341 4 6 0.021718023 
430 201 3 5 0.021707091 
923 277 3 6 0.021687683 
789 225 3 6 0.021684822 
680 361 2 5 0.021678086 
526 156 3 5 0.021663057 
897 329 3 5 0.021651832 
436 188 3 5 0.02163634 
558 341 3 6 0.021633426 
494 105 3 5 0.021630257 
564 213 3 6 0.021619491 
520 406 2 5 0.021618206 
833 315 3 5 0.021613915 
936 380 4 5 0.021610556 
923 297 3 5 0.021610541 
859 290 2 5 0.021609563 
846 278 3 5 0.02160613 
513 182 3 5 0.021606022 
846 323 3 4 0.021601647 
769 297 3 5 0.021597011 
456 47 3 6 0.021589266 
846 329 3 5 0.021577414 
846 291 3 4 0.021557061 
621 367 3 6 0.021548714 
903 213 3 5 0.021534475 
674 264 3 5 0.021527791 
648 348 3 5 0.021527223 
879 361 2 5 0.021523926 
865 310 3 5 0.021507444 
814 348 3 5 0.02150684 
833 297 3 4 0.021487612 
475 451 3 5 0.021477157 
596 335 4 6 0.021475451 
615 400 3 5 0.02147349 
514 277 3 6 0.021457097 
948 335 4 6 0.021447595 
468 277 4 6 0.02143707 
802 201 3 5 0.02141591 
609 368 3 5 0.02141163 
910 303 3 5 0.02140992 
917 310 2 5 0.021408545 
923 221 3 5 0.021407489 
430 162 3 5 0.021404311 
527 413 2 4 0.021392338 
910 220 3 5 0.021387443 
666 162 3 6 0.021385018 
897 316 3 5 0.0213815 
686 207 3 5 0.021375328 
898 291 2 5 0.021346373 
609 118 3 5 0.021342836 
763 291 3 4 0.02132112 
853 336 3 4 0.021318682 
616 125 2 4 0.021295702 
667 174 3 6 0.021282597 
424 187 3 6 0.021272201 
597 137 3 5 0.021264354 
904 380 2 5 0.021263374 
884 271 3 6 0.021261433 
571 156 3 5 0.021260131 
501 47 3 5 0.02125784 
450 240 3 4 0.021231145 
469 265 2 5 0.021229135 
667 219 3 6 0.02121981 
494 258 3 6 0.0212098 
533 406 2 5 0.021203429 
507 124 3 5 0.021182789 
744 246 3 4 0.02118179 
929 207 3 6 0.02117873 
898 335 2 5 0.021174304 
680 374 3 5 0.021146769 
623 99 2 5 0.02114582 
897 303 3 5 0.021130053 
532 182 3 5 0.021129146 
571 163 3 5 0.02112371 
475 246 2 5 0.021121223 
558 220 3 5 0.021118743 
808 316 3 5 0.02111492 
558 367 3 5 0.021102354 
699 360 4 5 0.021085195 
769 259 4 5 0.021084284 
776 233 3 5 0.021081144 
955 328 4 6 0.021078749 
923 393 3 5 0.021078106 
481 239 3 5 0.021073293 
815 310 2 5 0.021062057 
910 310 3 5 0.021055965 
648 162 3 5 0.021053454 
539 432 3 5 0.021047998 
572 413 2 4 0.021039983 
719 259 2 5 0.021030638 
513 156 3 5 0.021029932 
500 470 3 5 0.021027833 
840 379 3 5 0.02102133 
442 194 3 6 0.021011692 
872 297 3 5 0.021010682 
545 374 3 5 0.021008072 
444 176 2 4 0.021005461 
853 329 3 5 0.020992722 
910 341 3 6 0.020981917 
916 329 3 5 0.020975279 
795 309 3 5 0.02095451 
583 156 3 5 0.020952024 
878 316 3 5 0.020950807 
621 329 3 5 0.020949943 
840 329 2 5 0.020934578 
320 508 313 361 0.020930283 
884 316 3 5 0.020928523 
424 239 3 6 0.02092075 
769 168 4 6 0.020898867 
673 336 3 5 0.020893315 
488 130 3 5 0.020888794 
833 342 3 5 0.02088266 
635 169 3 5 0.020880083 
673 92 2 5 0.020876767 
891 387 3 4 0.020875964 
603 381 3 4 0.020873366 
756 290 3 5 0.020868568 
852 278 3 5 0.020854585 
865 348 3 5 0.020852715 
917 233 3 5 0.020848637 
917 412 3 4 0.020846197 
762 246 4 5 0.020829251 
885 291 2 5 0.020821057 
673 130 3 6 0.020820042 
782 335 3 6 0.020800536 
564 182 3 5 0.020797834 
558 481 3 6 0.020797536 
488 169 3 5 0.020797078 
782 278 3 5 0.020795438 
705 278 3 4 0.020787641 
456 188 3 5 0.020778637 
852 297 3 4 0.020774677 
814 201 3 5 0.020766731 
776 188 3 5 0.020758176 
916 393 3 5 0.02075596 
891 310 3 5 0.020753194 
815 220 3 6 0.020745432 
596 118 3 5 0.02074534 
879 368 2 5 0.020743709 
622 412 3 5 0.020739142 
717 278 3 4 0.02073316 
872 291 3 4 0.020728312 
821 413 3 4 0.020713711 
629 361 3 5 0.020703593 
635 138 3 4 0.020699486 
904 374 2 5 0.02068877 
891 233 3 5 0.020674443 
660 342 3 5 0.020669112 
526 163 3 5 0.020662783 
545 367 3 5 0.020657143 
558 208 3 5 0.020638643 
578 150 2 5 0.020636374 
654 169 3 5 0.020632876 
546 124 2 5 0.020628167 
827 278 3 5 0.020602979 
641 157 3 5 0.020602025 
846 380 3 5 0.020599669 
826 291 3 5 0.020593368 
935 213 4 6 0.020585077 
629 105 2 5 0.020581225 
917 316 3 5 0.020572446 
475 111 3 6 0.020567609 
781 206 4 6 0.020555582 
500 163 3 5 0.020537553 
904 284 3 6 0.020516261 
891 226 2 5 0.020508427 
872 329 3 5 0.020505691 
774 277 4 6 0.020503042 
840 361 2 5 0.020502828 
514 445 2 5 0.020496065 
866 393 2 5 0.020493846 
782 323 3 5 0.020488458 
820 130 3 6 0.020487038 
904 348 2 5 0.02048634 
597 361 3 5 0.020483918 
923 238 3 6 0.020483857 
635 156 3 6 0.02048238 
565 488 3 6 0.020472758 
923 412 2 4 0.020472184 
840 311 2 4 0.020468196 
482 195 2 5 0.020467186 
923 330 2 4 0.020464862 
577 156 3 5 0.020456204 
616 169 3 5 0.020446759 
872 278 2 4 0.02044025 
755 162 4 6 0.020424226 
571 419 3 4 0.020421728 
827 284 3 5 0.02041438 
539 150 3 5 0.020407947 
520 40 3 6 0.0204004 
546 413 2 4 0.02039606 
596 175 3 5 0.020395448 
610 125 2 4 0.020393047 
898 367 3 5 0.020391887 
788 284 3 5 0.020366397 
634 418 3 5 0.020358792 
660 225 4 7 0.020357577 
609 341 3 6 0.02035304 
808 322 3 6 0.020352494 
871 368 3 5 0.020343369 
782 316 3 5 0.020336546 
820 380 3 5 0.020330971 
878 348 3 5 0.020329803 
577 124 3 5 0.020317907 
450 188 2 5 0.020317309 
706 99 2 5 0.020315576 
712 106 3 4 0.0203124 
443 143 3 5 0.020311603 
648 393 3 5 0.020303661 
929 310 3 5 0.020299705 
642 137 3 5 0.020294562 
929 289 4 7 0.020294338 
808 310 2 5 0.020282974 
795 322 3 5 0.020279061 
757 39 4 7 0.020278815 
667 104 3 6 0.020258699 
923 399 2 5 0.020252485 
507 170 3 4 0.020245485 
648 149 3 6 0.020236725 
904 406 2 5 0.020225689 
891 284 2 5 0.020223176 
430 47 3 6 0.02021086 
623 105 2 4 0.020206582 
872 354 3 6 0.020202747 
712 260 2 4 0.02019851 
750 290 3 6 0.020194491 
718 284 3 5 0.020187974 
533 124 3 4 0.02018691 
539 361 3 5 0.020179443 
814 207 3 5 0.020173742 
475 118 3 5 0.020173166 
711 272 3 4 0.02016941 
437 60 3 5 0.020168364 
661 557 12 20 0.020158637 
578 181 3 6 0.02015542 
481 264 3 6 0.020149156 
968 322 4 6 0.020142421 
776 136 3 6 0.020134198 
929 271 3 6 0.020127438 
884 323 3 5 0.020113561 
820 367 3 6 0.020106148 
795 290 3 6 0.020100785 
757 316 2 6 0.020100437 
526 188 3 5 0.02009608 
487 111 3 5 0.02008433 
449 194 3 5 0.020084143 
539 406 3 4 0.02007469 
564 188 4 5 0.020072347 
475 233 3 5 0.020052515 
840 271 3 5 0.020050911 
545 169 3 5 0.02004739 
680 93 3 4 0.020044303 
584 144 3 5 0.020017797 
564 99 3 5 0.02001714 
513 163 3 5 0.020012094 
673 232 3 6 0.020005787 
507 470 3 5 0.02000153 
866 329 2 5 0.020001404 
