18_Concerts_Concerts_18_602
424
480 398 26 35 0.99949944 
167 405 22 30 0.9990879 
896 479 43 62 0.99891794 
80 421 20 27 0.9986754 
298 528 36 60 0.99686277 
248 302 19 27 0.9965419 
308 388 26 32 0.9961306 
408 393 17 25 0.9936579 
938 378 37 46 0.992708 
557 385 30 44 0.98765755 
872 373 22 21 0.9874155 
333 505 31 56 0.98493385 
258 536 25 46 0.9846511 
345 378 19 28 0.9834335 
143 255 13 22 0.9792356 
368 391 28 42 0.9724033 
232 300 15 19 0.9713146 
838 341 15 23 0.969662 
737 371 21 28 0.96690726 
460 487 26 38 0.96652734 
52 382 18 27 0.9609082 
191 362 20 24 0.9601978 
453 347 15 20 0.95952487 
517 395 16 26 0.95583045 
190 262 11 18 0.9489297 
140 408 21 26 0.9482921 
681 354 12 20 0.9380456 
50 261 11 21 0.9316206 
438 328 12 20 0.9278381 
773 333 15 20 0.9110407 
132 394 17 22 0.9054007 
23 338 14 20 0.88765746 
40 346 16 22 0.8648581 
107 256 15 19 0.85807645 
262 261 13 15 0.81950897 
300 254 15 19 0.8100276 
709 335 21 22 0.79863286 
519 321 15 24 0.7820718 
473 362 18 24 0.7804048 
765 661 60 39 0.7521836 
398 325 12 17 0.75038636 
483 259 10 16 0.69017947 
408 288 12 16 0.6521449 
523 339 13 19 0.63233185 
568 333 13 15 0.62452847 
582 259 9 16 0.5870636 
509 377 18 23 0.55014986 
170 267 11 17 0.47494665 
617 267 9 15 0.46546715 
369 272 11 18 0.39140126 
213 271 12 19 0.38251147 
338 331 13 16 0.3667908 
84 722 32 28 0.34381548 
292 239 10 14 0.2797864 
0 415 13 30 0.27742627 
0 281 7 18 0.2427551 
35 398 12 20 0.23220424 
252 279 13 17 0.21313517 
539 364 17 26 0.20445861 
352 332 12 17 0.19667444 
584 355 13 16 0.1907912 
815 427 22 24 0.17464346 
388 337 11 16 0.17369944 
82 724 88 70 0.1689384 
837 426 23 32 0.1478951 
114 408 13 15 0.13523102 
403 313 8 11 0.13377921 
901 351 11 15 0.12706122 
507 304 6 11 0.12628777 
384 277 8 13 0.10931756 
547 277 8 12 0.106375284 
416 386 16 17 0.10529283 
225 270 14 17 0.10285179 
393 301 9 11 0.102215976 
118 413 17 21 0.10093906 
668 335 17 22 0.10015833 
631 274 9 16 0.099049464 
435 290 7 12 0.09420886 
552 304 10 15 0.092713155 
576 263 8 13 0.090994745 
544 389 10 15 0.09047347 
394 307 8 11 0.090340964 
875 340 12 12 0.08943307 
997 344 10 16 0.08712373 
354 280 10 16 0.08528541 
10 383 9 17 0.079375 
623 268 11 17 0.079346776 
331 268 10 15 0.07825267 
396 366 17 23 0.07660689 
38 464 22 20 0.076227956 
376 303 8 12 0.07359685 
631 285 9 17 0.07274686 
370 283 10 16 0.070614256 
351 380 30 40 0.069213666 
837 214 6 7 0.06653296 
626 288 9 14 0.06639034 
439 279 10 13 0.06590881 
401 358 11 14 0.065163754 
382 308 7 10 0.06445486 
75 359 9 13 0.06429407 
438 295 8 10 0.063799955 
438 389 23 24 0.063470684 
48 310 11 17 0.06321739 
286 495 28 40 0.062486894 
413 321 10 16 0.062250134 
107 441 21 27 0.061308768 
404 289 9 13 0.061285973 
568 261 8 14 0.06046326 
596 360 22 22 0.059770513 
705 389 11 17 0.059231535 
413 285 8 12 0.059214957 
494 382 20 30 0.058425333 
864 378 20 21 0.05809174 
4 258 6 13 0.056839872 
292 246 10 18 0.055390183 
0 260 8 18 0.055386968 
323 260 13 17 0.054790296 
4 450 8 18 0.054136384 
923 339 14 13 0.053403378 
30 470 23 25 0.052583653 
723 151 130 156 0.05246523 
272 671 21 18 0.052347418 
452 293 7 11 0.05203053 
388 277 7 10 0.052010704 
734 355 16 20 0.051971808 
570 340 13 17 0.051217586 
733 649 42 41 0.050192747 
405 368 13 16 0.050008267 
13 408 8 13 0.049426053 
389 302 16 21 0.04832528 
312 292 17 28 0.047872268 
590 355 18 19 0.047561575 
820 171 4 5 0.046810452 
626 279 9 15 0.04676152 
261 449 22 24 0.046401642 
704 374 12 16 0.0463704 
196 434 15 29 0.04586072 
392 273 4 6 0.0458199 
476 262 7 12 0.044380873 
827 355 11 16 0.04409259 
835 215 5 6 0.043955546 
149 373 6 7 0.043588094 
872 197 5 5 0.043554276 
644 490 13 14 0.043067332 
828 434 10 11 0.042709757 
403 319 14 21 0.042219754 
0 379 7 14 0.041809566 
500 335 5 9 0.041636232 
427 324 10 16 0.041273072 
371 307 9 14 0.04111669 
506 334 5 9 0.040677782 
89 730 13 13 0.04032864 
826 189 4 5 0.03974518 
859 469 29 38 0.039630435 
391 327 12 15 0.039402977 
395 351 10 16 0.039319757 
345 285 16 27 0.03919948 
333 273 15 25 0.03911976 
528 361 11 21 0.038987823 
819 190 5 5 0.038761687 
468 560 27 50 0.038070716 
200 496 5 9 0.037905637 
94 722 10 11 0.037853558 
320 489 22 32 0.03760186 
66 390 11 17 0.037562355 
102 277 10 18 0.037480094 
844 214 6 7 0.037207287 
864 153 134 142 0.037093405 
510 334 6 12 0.036797766 
422 324 9 15 0.036422253 
434 309 9 10 0.03634158 
818 364 10 13 0.036271807 
177 263 10 14 0.036189124 
605 340 13 16 0.036098637 
128 409 23 29 0.035425827 
288 325 9 15 0.035232656 
355 290 11 19 0.03510775 
333 326 10 14 0.03499857 
278 485 33 26 0.034980245 
446 301 8 11 0.034682617 
891 197 5 5 0.034422725 
522 468 14 16 0.03428539 
120 430 12 16 0.03406388 
762 2 5 6 0.03402629 
841 441 32 37 0.03400456 
592 370 16 16 0.033963397 
510 491 35 39 0.033872556 
389 499 28 59 0.033759132 
729 687 25 30 0.033757847 
429 289 6 10 0.03372247 
375 507 28 64 0.03326809 
455 271 6 9 0.03319063 
564 261 7 14 0.0331738 
137 697 10 12 0.03276259 
897 520 15 18 0.03272274 
161 265 15 24 0.03249459 
219 275 12 20 0.032259375 
345 298 9 17 0.0321136 
293 510 30 51 0.03203375 
573 296 9 15 0.031782746 
371 300 8 13 0.03159966 
869 344 10 13 0.031596158 
820 177 4 5 0.031557433 
381 304 6 9 0.031487238 
340 276 16 26 0.031471055 
369 292 10 14 0.031464152 
749 668 26 34 0.031457234 
821 184 3 5 0.031407237 
68 270 6 11 0.031335127 
848 355 10 17 0.03133114 
395 273 4 6 0.03132686 
838 210 5 6 0.031059219 
158 273 9 17 0.030976392 
910 353 13 14 0.030712789 
230 515 30 50 0.030692097 
838 622 9 11 0.030444743 
641 11 4 5 0.0300717 
826 185 4 5 0.030038096 
932 368 11 16 0.030015454 
498 339 6 11 0.029967532 
1026 426 18 33 0.029856043 
420 364 11 12 0.029848274 
621 288 8 14 0.029818362 
383 296 7 9 0.029804058 
33 810 5 8 0.029795261 
0 527 8 20 0.02946075 
850 265 5 6 0.029450348 
339 303 34 43 0.029446494 
388 345 12 20 0.029440006 
616 18 4 4 0.029287767 
662 356 9 14 0.02917611 
742 3 6 6 0.028861335 
448 296 7 10 0.028852075 
603 349 14 15 0.028780561 
43 254 8 15 0.028632741 
928 345 12 12 0.028595805 
846 264 5 7 0.028537145 
755 11 5 5 0.028521223 
365 377 18 26 0.028310582 
391 385 29 38 0.028162252 
751 377 10 16 0.028038027 
409 375 20 22 0.02801934 
788 427 5 8 0.027954657 
883 201 5 6 0.027860671 
394 308 17 24 0.027786437 
570 266 9 15 0.027728831 
452 302 8 12 0.027701069 
109 410 9 12 0.027607368 
0 410 9 19 0.02759594 
899 360 12 17 0.027523989 
3 409 17 27 0.027416218 
820 196 4 5 0.027385887 
1019 73 5 8 0.02726613 
654 355 12 15 0.027143287 
875 469 31 45 0.027004872 
910 342 20 20 0.02697831 
1018 265 6 10 0.026976924 
136 261 8 15 0.026917137 
859 202 4 5 0.026839698 
750 84 5 8 0.026638215 
955 179 4 4 0.026636263 
588 400 9 15 0.026540026 
993 318 8 17 0.026107673 
695 214 6 6 0.02605694 
876 196 5 6 0.026052844 
440 301 8 10 0.025987677 
348 542 28 49 0.02592014 
877 189 5 6 0.025914041 
749 193 9 7 0.025795124 
508 300 5 7 0.025759602 
449 290 7 11 0.025665233 
575 359 10 14 0.025654087 
416 399 20 27 0.025548695 
665 331 11 15 0.025518985 
591 10 4 6 0.025499677 
39 390 15 26 0.025490077 
80 355 8 14 0.025452796 
833 185 4 5 0.025383418 
200 262 9 16 0.025267217 
616 11 4 5 0.025173258 
879 473 11 13 0.025147729 
229 684 17 30 0.025071716 
449 307 8 12 0.025060132 
323 270 16 22 0.024941666 
994 351 8 11 0.024816107 
504 303 13 19 0.024810294 
661 146 4 4 0.024741696 
758 375 11 17 0.0247289 
184 404 18 27 0.02466509 
362 292 10 17 0.024618335 
954 183 5 5 0.024473289 
637 280 7 15 0.02443358 
375 272 8 12 0.024432795 
991 348 16 24 0.024376165 
847 184 4 5 0.02436883 
1002 290 9 15 0.02433817 
435 282 7 11 0.024323745 
376 325 7 13 0.024273667 
666 146 3 4 0.024133964 
750 189 9 8 0.023998903 
678 221 5 6 0.023973688 
608 34 5 7 0.023912013 
783 652 32 31 0.023906186 
527 321 10 16 0.023826037 
406 355 12 16 0.023804149 
1 448 16 32 0.023793232 
272 262 8 13 0.02378481 
1019 79 5 8 0.023783758 
854 303 5 9 0.023751054 
873 366 16 17 0.023722911 
826 171 3 5 0.023711886 
667 140 3 4 0.023654422 
616 42 4 6 0.023635162 
525 502 37 37 0.023627471 
621 11 4 5 0.023565525 
574 265 13 21 0.023502491 
2 377 11 19 0.023423057 
863 373 10 15 0.023339106 
429 273 5 6 0.023305155 
479 264 9 15 0.023257907 
459 321 7 11 0.023246447 
845 228 5 5 0.02313276 
628 234 4 6 0.02307815 
89 746 22 26 0.023028193 
454 313 7 10 0.022988703 
374 311 9 16 0.022948615 
578 519 29 28 0.022935173 
587 274 7 14 0.022918504 
113 741 29 27 0.022912474 
35 338 13 16 0.022803614 
95 462 9 12 0.022721838 
584 55 3 6 0.02267788 
360 280 16 24 0.022671439 
692 10 4 6 0.022670034 
446 296 15 24 0.02266987 
1022 504 21 37 0.022667361 
47 283 6 11 0.02262555 
665 152 4 4 0.022517653 
548 509 39 38 0.022515569 
546 293 6 12 0.022512449 
615 23 4 5 0.022479298 
616 235 3 4 0.022453155 
529 392 17 25 0.022333529 
653 337 19 26 0.022234382 
557 258 6 10 0.022223739 
833 189 3 5 0.02221592 
623 23 3 5 0.022184128 
150 385 10 12 0.022172978 
407 311 6 9 0.022163926 
618 323 11 17 0.022153642 
26 382 20 32 0.022113042 
338 284 9 17 0.022016726 
1021 66 15 22 0.021997098 
672 146 4 4 0.021952188 
394 277 6 8 0.021940777 
635 10 4 5 0.021900645 
680 333 9 13 0.021868315 
962 205 9 10 0.021866389 
670 355 11 16 0.021826461 
194 267 12 18 0.021826262 
45 766 4 5 0.02181302 
991 301 32 49 0.021729635 
590 15 4 6 0.02172673 
366 295 16 23 0.021662313 
1016 376 17 27 0.02162991 
893 70 44 48 0.021594439 
435 266 4 5 0.021556254 
906 359 12 16 0.021498058 
674 329 12 14 0.021495314 
81 400 12 16 0.021493183 
-1 281 16 29 0.021449715 
144 389 12 16 0.02142127 
638 357 9 14 0.021409402 
827 625 14 14 0.021391079 
704 342 8 10 0.021373196 
439 375 20 25 0.021316662 
435 403 22 28 0.021308536 
596 372 24 28 0.021305546 
638 263 7 11 0.021266906 
679 402 12 15 0.021234484 
711 2 5 6 0.021233434 
895 197 6 5 0.021229252 
674 42 4 5 0.021216892 
459 500 13 22 0.021208799 
196 409 9 14 0.021190962 
1004 266 5 6 0.021161435 
883 198 5 5 0.02113744 
700 670 29 54 0.021115905 
283 148 6 11 0.02107933 
423 284 5 8 0.021078028 
179 312 9 11 0.021066377 
839 190 4 4 0.021014374 
231 694 7 13 0.020985572 
646 139 4 5 0.020970138 
661 151 4 5 0.02096239 
947 172 5 6 0.020933714 
978 599 54 86 0.020921826 
712 171 5 6 0.020818628 
365 668 17 13 0.020816872 
385 274 5 8 0.020815862 
890 200 7 7 0.020747414 
130 696 22 26 0.020725507 
659 352 31 44 0.02070865 
73 313 7 14 0.020699829 
430 266 4 5 0.02066077 
455 276 5 8 0.02059794 
1020 97 6 9 0.0205908 
20 799 4 6 0.02054183 
866 383 35 42 0.020378495 
1012 266 6 8 0.020376533 
924 348 13 15 0.020340485 
828 222 4 5 0.020323778 
501 369 18 28 0.020247143 
234 423 12 15 0.020224035 
1021 68 4 6 0.02022173 
686 36 4 6 0.020205839 
973 190 4 5 0.020179743 
446 282 6 11 0.020141395 
404 4 3 4 0.020129843 
1018 376 7 14 0.02012915 
461 264 6 9 0.020028789 
0 455 9 19 0.020009771 
388 311 9 13 0.0200094 
622 234 3 5 0.020008428 
