18_Concerts_Concerts_18_555
23
326 82 321 482 0.9990289 
978 984 34 99 0.18552792 
987 1028 32 88 0.08026857 
545 574 430 552 0.078648254 
994 238 25 69 0.07319581 
26 102 317 677 0.049152624 
29 620 342 742 0.040123392 
489 1190 12 27 0.03996245 
990 964 21 45 0.03397652 
1008 1 15 13 0.033729974 
163 -6 339 636 0.030644424 
1002 72 10 17 0.029390806 
897 431 120 167 0.028538415 
655 5 119 256 0.026906326 
1001 3 13 19 0.025589006 
199 308 408 718 0.024906278 
354 1012 545 552 0.023905719 
993 941 10 24 0.023047063 
982 345 43 83 0.022533638 
983 901 22 56 0.021900186 
987 1166 14 26 0.021537364 
987 932 21 52 0.020450111 
991 918 12 31 0.020112338 
