18_Concerts_Concerts_18_349
105
531 77 124 156 0.99991226 
426 110 377 548 0.09387347 
665 371 26 47 0.06951984 
451 337 16 23 0.0654353 
510 150 19 36 0.059488893 
751 395 27 38 0.0554405 
679 386 12 25 0.043331053 
384 325 32 34 0.040372606 
469 1119 75 160 0.03589952 
379 296 17 18 0.03307635 
229 141 3 5 0.032328878 
439 309 21 29 0.031954594 
205 133 3 5 0.031627484 
204 141 3 5 0.031472504 
196 125 3 4 0.030765211 
197 132 2 5 0.030433252 
229 133 3 5 0.030223258 
237 125 3 5 0.030199856 
302 156 4 7 0.02998003 
189 125 3 4 0.029945053 
237 132 3 6 0.029917186 
188 133 3 5 0.029615346 
331 317 14 14 0.02897447 
622 644 92 107 0.028400809 
761 381 17 22 0.027462736 
164 125 3 5 0.02675883 
343 1269 38 50 0.026727527 
244 124 4 5 0.026630102 
180 133 3 5 0.026520453 
961 220 5 9 0.026405642 
389 500 435 566 0.026361778 
229 125 3 5 0.026349787 
547 705 16 14 0.02622144 
969 293 5 9 0.02601599 
245 117 3 5 0.025695022 
205 125 2 5 0.025269564 
643 843 57 48 0.024899354 
172 141 3 5 0.024759214 
221 141 3 5 0.024727797 
236 140 4 6 0.024679642 
286 156 4 7 0.024366291 
641 430 32 37 0.024365794 
180 125 3 5 0.024232963 
302 149 4 6 0.0241573 
189 117 3 5 0.023958588 
253 133 3 5 0.023938559 
172 133 3 5 0.023924159 
237 117 3 5 0.023845747 
244 132 4 6 0.023576036 
172 125 3 4 0.023489466 
294 156 4 7 0.023477405 
286 163 4 7 0.023308087 
156 124 3 5 0.023230474 
902 404 7 12 0.02308263 
246 109 3 4 0.0228077 
617 387 91 130 0.02278786 
343 156 4 7 0.022780294 
905 114 3 7 0.022686388 
212 141 3 5 0.02267474 
262 125 3 5 0.022633694 
562 266 30 36 0.022474436 
212 133 3 5 0.022437304 
970 430 6 10 0.022395084 
286 148 4 6 0.022377875 
970 415 4 9 0.022313032 
944 250 7 12 0.022161176 
664 434 27 35 0.021989744 
253 156 4 6 0.02193642 
270 156 3 6 0.02190934 
302 141 4 6 0.021904504 
968 286 5 8 0.02183454 
318 156 4 7 0.021602564 
960 357 6 11 0.021503791 
421 1102 14 19 0.02135513 
728 419 12 16 0.02120617 
245 157 3 6 0.021196749 
318 163 5 7 0.021180812 
740 310 86 139 0.021172086 
642 376 48 84 0.021103667 
212 125 3 5 0.02107905 
261 133 4 5 0.021033376 
164 132 3 5 0.020983562 
310 156 4 7 0.020975497 
725 328 12 18 0.020954901 
970 407 4 9 0.020915968 
715 938 61 92 0.02089256 
245 140 3 6 0.020843677 
552 217 98 125 0.02073801 
402 323 15 17 0.020655397 
855 163 6 11 0.020625366 
977 252 6 9 0.02060233 
454 381 20 32 0.020595465 
285 141 4 6 0.020563614 
196 117 2 4 0.020488976 
294 149 3 6 0.020434046 
467 437 11 17 0.020350978 
472 323 19 36 0.020333603 
172 116 3 5 0.020315913 
253 116 3 5 0.020311268 
960 129 6 11 0.020274056 
197 141 3 5 0.020169351 
269 149 4 6 0.02014889 
326 156 4 7 0.020143138 
245 164 3 7 0.020121373 
148 125 2 5 0.02010109 
