18_Concerts_Concerts_18_855
30
92 156 74 82 0.97594464 
373 96 55 76 0.9663064 
430 116 64 126 0.65240014 
761 146 60 76 0.5556542 
642 260 276 526 0.42133582 
107 610 27 33 0.31648257 
808 186 83 91 0.11467478 
779 158 77 96 0.111540236 
97 19 325 402 0.08344033 
750 221 184 169 0.07650631 
262 344 11 19 0.06758099 
248 149 89 142 0.051544413 
394 102 70 133 0.037706666 
400 113 31 47 0.03384197 
421 121 40 67 0.031722404 
696 155 301 361 0.030269062 
101 555 22 33 0.027948037 
69 542 19 38 0.026221668 
628 214 18 33 0.024569554 
385 163 95 190 0.02423505 
87 532 27 31 0.023928246 
676 264 18 31 0.023718007 
212 605 20 31 0.023042584 
612 201 30 58 0.022296319 
692 153 151 226 0.02193446 
-68 12 278 484 0.021181999 
172 149 33 45 0.020984342 
670 261 154 234 0.020828795 
190 505 16 30 0.020537546 
449 600 6 9 0.02001382 
