18_Concerts_Concerts_18_612
20
219 382 387 484 0.96286976 
143 177 59 52 0.04216283 
273 314 3 4 0.03554387 
930 455 11 12 0.033379555 
273 322 3 5 0.0288066 
32 465 288 344 0.028454665 
400 341 10 9 0.028028714 
264 322 3 5 0.027908618 
272 329 4 5 0.025718613 
264 329 4 4 0.025662601 
601 75 29 28 0.025189897 
265 314 3 4 0.024709173 
399 684 34 31 0.02433846 
90 439 104 102 0.02322759 
708 695 64 44 0.02156023 
437 764 410 514 0.021323124 
745 372 11 10 0.02116622 
297 450 14 13 0.021164471 
879 828 25 32 0.020523224 
280 322 3 4 0.02002992 
