18_Concerts_Concerts_18_102
23
517 157 93 161 0.99756396 
36 494 44 49 0.23975323 
461 274 27 47 0.14034525 
247 383 367 688 0.12512802 
21 924 15 21 0.07259442 
-29 386 391 700 0.06929731 
248 433 83 82 0.06546263 
459 1148 17 22 0.059123117 
49 723 421 737 0.048936635 
810 551 85 86 0.044525363 
784 1530 20 24 0.039266344 
45 740 13 20 0.03870422 
125 738 14 22 0.036099933 
304 885 18 21 0.03103038 
287 804 29 50 0.02714111 
539 1472 41 55 0.027072825 
19 1190 35 43 0.022816565 
436 1198 22 21 0.022751234 
342 1234 33 46 0.022250181 
72 874 14 20 0.021896504 
197 519 65 74 0.02078922 
849 637 42 48 0.02059309 
140 789 19 25 0.020494334 
