18_Concerts_Concerts_18_1038
20
272 165 93 113 0.9999448 
629 139 80 107 0.9998646 
467 606 92 128 0.99980193 
457 160 74 105 0.99975497 
286 638 101 143 0.99967325 
86 677 106 138 0.9996158 
631 556 89 115 0.9980824 
535 96 72 80 0.99708027 
463 553 36 28 0.16389406 
435 537 89 92 0.04512923 
492 361 28 41 0.04253396 
673 318 39 50 0.039946474 
762 615 19 39 0.037941758 
520 564 124 160 0.03414874 
169 895 41 51 0.032961376 
497 120 54 63 0.03233025 
323 877 38 65 0.031501256 
682 768 46 61 0.0301751 
588 579 89 98 0.02749748 
477 559 36 36 0.023716718 
