18_Concerts_Concerts_18_528
39
469 127 63 92 0.99561393 
191 116 345 475 0.43131495 
322 108 54 38 0.21274887 
913 359 7 11 0.08197787 
539 426 16 28 0.06648768 
854 354 11 18 0.058310114 
806 362 8 15 0.0493899 
812 349 8 17 0.049272906 
856 332 10 14 0.046157654 
758 81 17 31 0.044046856 
474 230 20 28 0.03916467 
849 349 11 19 0.038727336 
996 369 9 14 0.037641183 
869 97 23 32 0.03572593 
849 339 9 15 0.033899456 
903 343 8 14 0.032803427 
489 99 12 12 0.031830043 
249 527 42 64 0.031699575 
964 372 9 14 0.031444047 
647 296 5 9 0.031226395 
874 341 8 16 0.030939754 
837 360 9 17 0.03004541 
844 342 10 15 0.029239802 
645 470 7 14 0.028288895 
952 376 8 13 0.025393981 
875 362 9 15 0.02488617 
860 361 9 15 0.024388324 
389 176 35 63 0.023508806 
400 454 31 57 0.023237184 
843 355 8 16 0.02308251 
649 291 3 6 0.02271213 
909 370 7 13 0.022440417 
846 389 7 13 0.021731252 
850 367 9 17 0.021225598 
491 394 33 45 0.020856865 
960 371 7 12 0.020616006 
533 300 19 37 0.02054838 
232 31 38 44 0.02030046 
976 226 17 24 0.020298284 
