18_Concerts_Concerts_18_554
23
558 490 33 37 0.9843342 
372 233 397 323 0.48907387 
559 221 273 189 0.3350113 
26 402 9 21 0.115717314 
874 445 105 69 0.099062085 
576 215 386 436 0.065698266 
777 437 60 43 0.046297826 
853 561 87 175 0.035543285 
845 473 14 18 0.032784626 
619 666 10 14 0.029930951 
619 188 13 13 0.028583368 
88 392 56 139 0.027301589 
121 404 66 134 0.025358262 
96 362 10 16 0.023821505 
947 435 51 46 0.023601161 
510 344 9 11 0.022417266 
87 406 31 67 0.021272643 
133 262 9 21 0.021193968 
128 468 470 600 0.02085066 
17 365 51 117 0.020803478 
1025 221 30 60 0.020791415 
121 218 16 35 0.02041044 
672 406 195 192 0.020383606 
