18_Concerts_Concerts_18_522
36
629 667 63 76 0.9996464 
495 652 79 105 0.998749 
80 633 71 101 0.99688584 
374 585 57 98 0.9899128 
886 599 73 106 0.9786203 
618 280 34 45 0.06820453 
102 1266 11 21 0.055317603 
48 1299 10 15 0.044974837 
233 1362 14 27 0.041717246 
749 275 46 97 0.04042654 
431 672 227 395 0.0398614 
65 1299 10 14 0.03611711 
338 1363 12 20 0.035367064 
668 192 8 17 0.033070955 
833 1394 43 63 0.03301892 
281 1366 15 21 0.031548586 
175 1337 16 24 0.031463455 
153 1297 10 17 0.029610146 
526 225 49 85 0.029405173 
161 1365 19 21 0.028098455 
396 1329 21 32 0.026432082 
81 141 224 405 0.026308663 
781 372 38 53 0.025913946 
936 1339 24 35 0.023087354 
771 240 41 87 0.022904828 
242 162 14 29 0.022798887 
143 649 35 59 0.022292094 
337 96 24 44 0.022208055 
394 1361 9 17 0.021245018 
557 191 10 17 0.020779861 
770 248 10 18 0.020511625 
239 1358 12 22 0.020319108 
256 1276 10 16 0.020206695 
18 0 14 10 0.02018306 
567 140 7 12 0.020172939 
565 256 30 56 0.020147108 
