18_Concerts_Concerts_18_670
21
294 179 30 32 0.9939281 
784 114 12 21 0.884441 
814 313 29 25 0.35617992 
327 253 434 406 0.21182948 
155 175 18 31 0.11178359 
841 312 14 19 0.06061518 
61 200 15 25 0.057035618 
503 627 49 51 0.035223737 
692 131 11 16 0.030699622 
628 4 5 9 0.030085487 
411 3 8 10 0.027164683 
573 458 14 20 0.026573908 
804 162 9 16 0.026107255 
49 212 12 14 0.025453873 
819 298 28 28 0.023743179 
763 168 7 14 0.023440937 
602 653 23 24 0.023102852 
139 179 33 45 0.021710342 
373 214 10 13 0.02095337 
21 572 362 388 0.020314598 
604 74 10 16 0.020003866 
