3_Riot_Riot_3_993
42
557 362 101 139 0.9998165 
545 40 91 129 0.99934953 
257 377 101 149 0.99925953 
278 53 110 144 0.998451 
469 49 58 133 0.5231889 
509 53 76 128 0.057647344 
76 214 6 10 0.05064588 
289 115 333 439 0.045725875 
517 605 26 29 0.04571056 
1009 47 7 11 0.03664217 
483 761 4 8 0.034545988 
1003 38 9 16 0.033137634 
392 750 4 5 0.032370623 
462 749 5 6 0.030849185 
487 764 3 5 0.030726954 
1001 53 20 39 0.030376798 
501 763 3 5 0.02867609 
513 763 4 6 0.02738139 
482 765 5 9 0.02720255 
444 749 3 6 0.026189696 
360 8 112 189 0.026139913 
487 767 4 7 0.025765674 
479 755 4 5 0.025353558 
13 52 3 5 0.024871089 
448 755 4 5 0.024416745 
493 768 4 7 0.024272041 
405 766 4 6 0.02373398 
442 775 6 11 0.023248838 
521 767 3 6 0.022124747 
1019 60 17 35 0.021782696 
1010 64 5 9 0.0216725 
468 766 5 9 0.021495216 
596 585 26 28 0.021357661 
513 750 2 4 0.021342885 
1020 48 14 27 0.021103619 
511 774 5 8 0.020565752 
444 753 4 6 0.020553812 
448 731 41 46 0.020552326 
49 629 8 16 0.020412255 
1019 243 4 7 0.020382544 
1009 55 7 10 0.02021227 
430 750 3 4 0.020172935 
