3_Riot_Riot_3_273
24
98 414 44 61 0.99903464 
238 321 30 38 0.9984067 
172 97 45 55 0.9953101 
307 236 26 34 0.9934782 
349 337 22 31 0.9556262 
378 324 19 20 0.9377953 
405 104 36 51 0.6426239 
465 390 54 51 0.63242006 
64 173 19 25 0.6044698 
222 395 33 58 0.14075245 
297 405 26 51 0.097913176 
388 381 18 27 0.096503794 
287 357 26 31 0.08016818 
330 351 16 25 0.0713134 
423 243 78 86 0.06880697 
384 188 84 76 0.06790204 
408 350 16 23 0.044491436 
148 166 31 36 0.03999888 
118 79 23 31 0.03784938 
370 325 12 16 0.025450407 
209 380 31 64 0.02329924 
366 196 51 57 0.022290414 
212 351 28 42 0.022101827 
344 328 48 68 0.02081825 
