3_Riot_Riot_3_106
56
675 152 182 243 0.9764929 
236 313 14 17 0.28551045 
35 79 283 483 0.26333332 
396 381 8 12 0.17144793 
295 296 12 14 0.13863477 
313 74 45 52 0.12128849 
104 251 160 244 0.113590054 
288 239 8 9 0.10131108 
168 1 383 531 0.094985776 
355 284 11 14 0.094151214 
240 251 10 11 0.080341645 
62 672 320 395 0.0744977 
356 406 8 11 0.057577398 
781 689 23 28 0.055722147 
445 372 9 11 0.053661924 
334 231 7 12 0.05273767 
372 408 9 11 0.051214516 
394 392 10 14 0.05001485 
57 109 30 26 0.048245125 
693 931 24 38 0.047232058 
432 398 9 11 0.04111316 
423 365 7 12 0.04078866 
596 215 22 24 0.038245197 
596 53 344 454 0.03801689 
979 933 24 36 0.037691273 
251 239 8 9 0.03565147 
65 850 18 24 0.033720225 
55 97 25 22 0.033074364 
207 284 12 13 0.033071227 
365 244 10 14 0.031606797 
202 79 8 15 0.03126871 
295 250 13 15 0.030496227 
100 521 16 30 0.027318453 
336 412 8 10 0.026739439 
78 274 78 132 0.026349979 
730 940 20 30 0.025275808 
950 843 12 20 0.025061859 
454 388 7 9 0.025061227 
87 288 48 61 0.023732523 
270 248 6 7 0.023109352 
1009 1010 19 23 0.022966197 
365 236 16 28 0.02284489 
123 496 12 18 0.022583697 
375 389 7 9 0.022270005 
390 399 14 24 0.022250962 
802 614 151 211 0.02203727 
393 400 7 11 0.021813504 
352 411 8 11 0.021756252 
987 847 24 36 0.021712339 
194 509 12 16 0.02129506 
428 432 9 15 0.020880716 
368 515 18 31 0.020592673 
657 166 82 109 0.020460976 
221 285 13 12 0.020460976 
1086 874 18 31 0.020453932 
565 932 24 36 0.020133596 
