3_Riot_Riot_3_137
1027
269 363 45 51 0.99966395 
923 346 57 71 0.9995528 
488 320 40 59 0.99943894 
106 407 40 50 0.997686 
332 388 55 64 0.9970657 
659 358 54 59 0.9967745 
61 387 38 41 0.9958865 
969 323 30 32 0.99140114 
924 314 28 35 0.9901314 
789 316 19 30 0.98713374 
401 337 33 46 0.90417194 
898 328 19 26 0.8939139 
527 309 11 16 0.78549135 
964 310 12 16 0.75865084 
461 305 16 27 0.738505 
607 291 8 12 0.7353504 
775 314 18 26 0.6471871 
344 325 23 26 0.5948798 
549 304 9 13 0.5823628 
812 296 9 12 0.50728303 
993 276 8 11 0.4969869 
747 308 8 12 0.4956953 
230 294 6 9 0.4765783 
760 288 10 10 0.44805446 
386 337 19 24 0.44418627 
947 279 7 9 0.43056518 
152 334 8 9 0.41167748 
734 310 11 14 0.37531024 
132 339 7 8 0.34739447 
588 292 6 10 0.32797047 
788 297 14 16 0.32718548 
-1 399 16 31 0.31758532 
81 308 6 7 0.31603396 
951 288 10 11 0.3150661 
907 274 8 10 0.30968568 
672 301 12 16 0.3047605 
785 280 8 9 0.30388606 
201 295 4 7 0.30177584 
547 309 13 20 0.30111516 
964 274 7 8 0.28182164 
32 313 7 7 0.28177008 
190 314 7 10 0.27907777 
205 294 4 8 0.2720979 
185 294 5 7 0.2679261 
818 294 7 9 0.26727283 
135 294 6 6 0.26309013 
769 281 6 7 0.26298407 
46 308 5 6 0.26028347 
182 294 4 7 0.25990734 
1015 297 11 16 0.25840503 
1004 372 31 57 0.2467987 
561 300 11 17 0.229864 
819 268 5 6 0.2241998 
195 295 3 7 0.22287533 
564 294 7 9 0.21245754 
829 274 5 7 0.2051285 
110 308 6 7 0.2019445 
749 274 5 7 0.20157215 
134 289 5 6 0.19411185 
39 308 5 6 0.18936439 
892 301 12 15 0.1882177 
90 287 5 6 0.1876836 
795 256 4 6 0.18711151 
593 331 10 20 0.18158215 
741 309 10 13 0.18080172 
832 325 20 22 0.17976561 
174 296 4 6 0.17951001 
758 355 12 20 0.16988192 
806 274 5 6 0.16893771 
979 272 6 8 0.16828518 
1006 274 6 8 0.16758063 
337 322 8 10 0.16645057 
750 305 11 12 0.15523373 
935 292 8 11 0.15383045 
71 289 4 5 0.15324016 
213 295 5 8 0.14828952 
58 300 6 7 0.1480217 
227 294 5 8 0.14742246 
557 277 4 5 0.14697726 
584 293 6 8 0.14591295 
121 295 6 6 0.1446924 
873 376 22 31 0.14341451 
169 300 4 6 0.14337741 
1011 275 6 7 0.14182037 
111 296 5 5 0.13911535 
666 293 6 8 0.13703533 
143 332 6 8 0.13514456 
729 288 6 8 0.1347607 
186 289 4 6 0.13301899 
96 301 6 7 0.13215216 
250 295 5 7 0.12699383 
746 274 4 6 0.12652116 
86 287 5 6 0.123089395 
224 280 4 6 0.12242197 
112 366 10 19 0.122111484 
816 270 4 5 0.1208976 
163 283 3 6 0.12055846 
12 313 6 8 0.12036964 
72 294 5 6 0.12008172 
818 289 8 8 0.11829573 
26 314 6 7 0.11790087 
130 337 6 8 0.11744119 
34 309 5 5 0.116676345 
90 300 6 6 0.1162988 
439 304 8 13 0.11353169 
21 326 10 11 0.11343246 
822 265 4 5 0.113372445 
735 286 6 8 0.11232501 
156 293 4 7 0.112058796 
50 308 5 7 0.1120242 
841 291 11 14 0.11070961 
765 286 9 10 0.10941303 
813 275 6 5 0.108568914 
29 361 12 19 0.10765517 
20 312 7 8 0.10758212 
890 275 7 6 0.1073438 
260 336 11 14 0.1071595 
70 307 8 8 0.10685242 
146 326 5 7 0.1061777 
588 335 10 19 0.10464371 
763 275 5 6 0.10426008 
54 296 4 5 0.10402098 
36 312 7 7 0.10392801 
216 295 5 8 0.103533246 
415 294 5 8 0.103447065 
233 319 11 15 0.10248451 
807 286 7 8 0.1022841 
80 352 8 8 0.101674974 
843 290 20 24 0.101413496 
180 299 5 6 0.10141176 
62 320 9 9 0.1012016 
166 306 5 8 0.1003413 
986 275 6 7 0.10001583 
782 276 6 6 0.09985794 
221 280 4 6 0.09968524 
735 282 6 7 0.099142104 
141 296 5 6 0.09831308 
147 332 7 9 0.098178364 
611 282 4 8 0.09794672 
552 287 5 7 0.09741358 
89 284 5 5 0.09706423 
194 299 4 6 0.09665207 
71 301 6 6 0.09654729 
975 270 5 6 0.0959806 
77 309 7 9 0.09587254 
972 286 8 10 0.09552608 
150 313 5 7 0.09546296 
748 299 9 11 0.095418625 
157 290 3 5 0.094920516 
392 329 11 18 0.093868166 
911 297 12 13 0.093277246 
64 305 7 8 0.09234661 
947 286 9 10 0.09225616 
121 301 6 5 0.092228435 
122 315 6 6 0.09212194 
773 282 5 6 0.091786146 
955 292 10 10 0.09119941 
1018 269 6 8 0.09065252 
966 279 7 10 0.09050321 
966 270 5 6 0.08929955 
908 270 6 7 0.089247 
201 289 4 6 0.0890376 
206 289 4 5 0.08848146 
806 270 5 5 0.08783902 
390 324 9 12 0.087452434 
555 277 3 5 0.08740244 
917 311 19 29 0.08716805 
142 336 7 9 0.08711355 
898 296 10 13 0.087048955 
87 283 4 6 0.08661697 
90 295 5 6 0.086447835 
975 273 5 7 0.08552566 
206 299 5 6 0.08548943 
889 271 6 5 0.08492946 
77 301 5 6 0.08480414 
750 270 5 5 0.0847374 
791 258 3 5 0.08465124 
233 277 4 7 0.08413966 
954 268 6 6 0.08413941 
583 289 5 7 0.083764836 
78 289 4 5 0.08374366 
726 287 6 7 0.083290264 
141 300 6 6 0.083194904 
754 291 9 10 0.083046235 
182 289 4 6 0.08303442 
76 294 6 6 0.0828555 
122 288 5 6 0.08284483 
115 294 5 7 0.082609996 
374 316 9 11 0.08253507 
450 298 33 47 0.08250324 
935 269 7 7 0.08236948 
1018 273 7 9 0.081593044 
538 289 5 6 0.08139124 
553 282 4 5 0.08018021 
763 283 6 6 0.080030106 
170 295 4 6 0.07981807 
525 287 6 6 0.079452164 
757 288 7 8 0.07932399 
162 308 5 6 0.0791857 
796 262 4 5 0.07908142 
558 280 4 6 0.07823847 
318 310 7 10 0.077992156 
821 317 12 20 0.07783154 
764 271 4 5 0.07771061 
50 312 6 7 0.07759647 
71 311 7 8 0.07655311 
967 285 7 9 0.07650753 
182 379 10 17 0.076504685 
114 308 6 6 0.07613005 
194 289 4 6 0.07581035 
227 260 5 9 0.075252354 
414 298 6 9 0.074744895 
940 286 6 8 0.07469276 
81 356 11 11 0.074467674 
59 305 6 7 0.073880136 
537 292 7 8 0.07385335 
816 338 12 20 0.07256615 
908 301 20 25 0.0723081 
142 320 5 6 0.07212149 
776 270 4 5 0.07058826 
187 268 5 7 0.07051349 
775 276 5 6 0.07042403 
41 303 4 4 0.07023665 
668 290 5 6 0.069947295 
828 270 4 6 0.06984445 
921 267 6 7 0.06919993 
168 349 7 12 0.068808705 
906 317 20 27 0.06827755 
577 292 6 9 0.068272196 
58 295 4 6 0.067536905 
574 298 8 11 0.06724752 
654 282 4 5 0.066902 
962 270 5 6 0.066617675 
161 287 4 6 0.066473536 
48 348 14 13 0.066452764 
626 303 21 31 0.06632675 
579 287 5 8 0.066114314 
814 348 13 22 0.065748274 
1010 279 6 8 0.06537933 
594 292 6 10 0.065169625 
210 311 7 10 0.06413204 
110 326 6 7 0.06384121 
277 295 5 6 0.06349146 
146 415 34 45 0.06291547 
170 288 3 6 0.06271232 
175 289 3 5 0.062040187 
950 280 9 10 0.061548717 
180 307 5 7 0.061546925 
552 292 6 8 0.061391328 
1006 270 5 7 0.06136686 
110 331 8 9 0.061145704 
226 255 6 9 0.061082702 
10 317 8 9 0.06087652 
225 322 6 11 0.060633764 
687 180 11 20 0.06056411 
1009 291 9 14 0.059944697 
100 338 10 9 0.05985277 
174 314 4 5 0.059803005 
169 283 3 5 0.059657484 
115 313 6 6 0.05958635 
122 307 5 5 0.05936614 
110 300 5 6 0.059344742 
769 276 5 5 0.05912941 
1013 270 5 6 0.058877457 
776 204 4 7 0.05871528 
687 293 7 10 0.058642324 
0 332 5 10 0.058630448 
161 295 4 6 0.058624424 
225 289 4 7 0.05854916 
823 293 7 9 0.057879437 
1003 299 8 12 0.057514135 
628 277 4 5 0.05703856 
976 295 10 13 0.056251377 
132 289 4 5 0.056191035 
597 327 9 16 0.055931397 
136 300 5 6 0.05591347 
116 289 5 5 0.055861797 
339 328 10 12 0.05578538 
781 286 7 8 0.05560647 
19 318 8 7 0.05542245 
328 299 4 7 0.055350456 
46 311 6 7 0.055310704 
114 327 7 7 0.055255987 
799 93 25 52 0.055039473 
621 307 10 16 0.054823298 
977 281 8 9 0.054731604 
98 288 4 6 0.05470122 
538 297 7 10 0.05462106 
187 283 4 5 0.054422975 
328 296 5 6 0.054345783 
131 295 4 5 0.054274134 
801 263 3 4 0.05408967 
725 275 4 6 0.05374039 
596 287 5 8 0.05344935 
64 302 6 6 0.05342677 
130 301 5 5 0.053305786 
265 281 4 6 0.05317328 
0 318 4 8 0.053035293 
212 317 6 10 0.05281135 
257 335 23 31 0.05262518 
804 270 4 6 0.05253343 
525 283 5 6 0.052451726 
568 299 8 11 0.052024394 
1029 307 13 23 0.05199007 
533 289 5 6 0.051446795 
224 312 5 8 0.051353984 
264 300 6 7 0.05123 
866 269 5 7 0.051212665 
232 307 5 8 0.051153466 
748 280 7 7 0.05088964 
565 289 5 7 0.0508233 
570 288 4 7 0.050759513 
572 304 9 13 0.050580148 
756 270 5 5 0.050438125 
59 319 8 8 0.050292607 
921 264 6 6 0.050196204 
661 282 4 5 0.04998956 
166 331 6 8 0.04989016 
819 274 5 6 0.049747285 
942 282 6 8 0.049575992 
234 294 6 8 0.04954176 
0 312 3 8 0.0495184 
366 306 6 7 0.049399357 
952 274 7 8 0.04935607 
112 335 11 10 0.049323857 
68 320 8 8 0.049242023 
513 293 6 7 0.049205948 
354 311 6 8 0.049119152 
668 281 4 6 0.049086835 
879 348 20 28 0.0490567 
24 358 11 19 0.048896126 
85 294 5 7 0.048876848 
754 335 18 24 0.04870739 
748 294 9 9 0.048458178 
100 334 9 7 0.04808211 
182 283 3 5 0.047914773 
614 280 5 8 0.047907125 
1 299 4 10 0.04776924 
225 307 5 7 0.047690034 
142 307 5 5 0.04766933 
186 299 5 6 0.047568593 
790 269 4 5 0.04738876 
55 331 9 8 0.047172066 
108 336 9 9 0.047138963 
790 263 3 4 0.04685496 
755 275 6 6 0.04666582 
13 309 5 5 0.046470936 
584 262 4 6 0.04646746 
737 292 6 9 0.04643216 
53 299 5 6 0.04639896 
528 358 24 35 0.04637751 
104 314 5 5 0.046336256 
972 281 7 8 0.046287734 
731 313 17 24 0.04620675 
64 313 7 8 0.04616488 
936 264 6 5 0.04608368 
856 274 7 7 0.046005424 
849 307 14 17 0.045919497 
159 333 6 7 0.045913894 
219 319 5 9 0.045906764 
732 275 4 6 0.045879506 
150 277 4 6 0.045818634 
21 309 5 6 0.045790385 
512 299 7 8 0.045716304 
577 262 4 5 0.045694172 
660 294 6 8 0.045505293 
481 346 20 35 0.04530029 
246 294 5 8 0.045298737 
546 284 4 4 0.04518787 
191 347 15 27 0.04514365 
175 308 4 6 0.04504784 
1009 286 7 10 0.04499725 
905 271 5 5 0.044914603 
270 295 5 7 0.044858117 
807 281 6 7 0.044701412 
58 325 8 8 0.04457525 
760 305 8 11 0.044570927 
715 317 10 13 0.044347245 
398 302 6 6 0.044274576 
902 278 10 9 0.044233724 
162 313 5 6 0.044162244 
1006 278 6 9 0.04397513 
223 317 6 11 0.043757394 
794 235 4 6 0.043717623 
103 320 7 7 0.04371125 
958 296 10 11 0.043650653 
359 300 5 7 0.043605193 
358 307 6 7 0.04358863 
974 309 13 15 0.043454267 
801 258 3 5 0.043451577 
796 251 3 6 0.04342319 
916 268 6 6 0.043273818 
831 271 5 6 0.042993996 
594 305 7 9 0.042989478 
148 308 5 5 0.04298379 
157 347 9 12 0.042944115 
811 288 8 9 0.042877678 
522 298 9 10 0.04256461 
665 299 7 10 0.042512972 
940 319 14 20 0.042474147 
539 284 5 5 0.042402066 
402 302 5 6 0.042398985 
513 287 6 7 0.042373974 
96 305 6 7 0.042373374 
505 288 6 7 0.042324886 
1011 301 9 14 0.04215459 
167 326 5 8 0.042112917 
106 349 9 10 0.042069294 
786 276 6 6 0.04202585 
725 328 10 14 0.041936673 
505 291 7 8 0.04180802 
611 276 4 6 0.041791085 
59 314 6 6 0.041741937 
103 289 4 5 0.041739322 
331 326 41 47 0.041739058 
673 281 4 6 0.041562315 
227 299 5 7 0.041560724 
356 328 34 43 0.04143431 
691 371 40 53 0.04140239 
150 263 3 5 0.041257326 
102 355 8 8 0.041133948 
334 313 6 7 0.041129902 
340 294 4 6 0.041008685 
893 324 14 20 0.040956434 
274 306 7 9 0.040877145 
1061 318 8 13 0.040724576 
731 282 6 7 0.04067754 
424 293 6 7 0.040634908 
756 281 6 7 0.0405322 
46 302 4 5 0.04051705 
719 304 7 10 0.04042743 
123 283 3 5 0.04040434 
261 311 8 11 0.040391564 
725 292 7 8 0.040351044 
502 289 5 6 0.040344924 
524 294 6 8 0.040312164 
174 325 6 9 0.040220626 
607 317 8 15 0.04017039 
168 314 4 6 0.03998865 
84 301 5 6 0.0399752 
154 276 4 6 0.03990312 
767 311 18 25 0.03984542 
282 294 6 7 0.03969327 
717 281 5 7 0.039684337 
482 311 19 30 0.039472178 
125 365 13 17 0.039230056 
104 295 4 6 0.039150983 
886 330 20 27 0.039081603 
213 288 4 6 0.038926676 
317 288 3 5 0.03888438 
720 323 11 14 0.038851347 
341 307 6 7 0.03882688 
986 278 8 9 0.03870535 
210 307 6 7 0.038564228 
546 287 4 6 0.038518462 
579 282 4 6 0.038461402 
263 305 7 9 0.0384263 
173 319 5 7 0.03840407 
628 279 5 7 0.038303353 
232 311 5 9 0.038201038 
806 328 19 26 0.038126092 
334 296 4 5 0.037892338 
149 289 4 5 0.037889943 
119 336 9 9 0.03788468 
852 275 5 5 0.037864145 
175 283 3 5 0.037675373 
10 325 8 10 0.037661314 
442 294 6 10 0.037596744 
153 319 6 6 0.03756738 
668 277 4 6 0.037553247 
78 357 21 21 0.037552256 
227 266 5 8 0.0375471 
660 277 4 5 0.037530392 
770 271 3 4 0.03740035 
322 299 5 7 0.037315667 
1004 291 9 12 0.037223097 
334 320 19 22 0.03715385 
453 289 21 30 0.037016604 
272 327 11 15 0.03689898 
230 267 4 7 0.036880694 
213 323 6 10 0.036878765 
370 342 7 9 0.036856048 
561 330 17 28 0.036852933 
724 281 6 7 0.03678528 
8 308 4 6 0.036721956 
518 294 7 7 0.03666069 
427 311 8 10 0.036635622 
107 364 20 33 0.03654445 
380 300 4 6 0.036535 
236 299 5 8 0.036183417 
772 286 7 8 0.036136523 
236 306 5 8 0.036088508 
377 339 7 8 0.036071442 
341 288 3 6 0.036042206 
846 275 6 6 0.036013667 
525 340 23 33 0.035996057 
218 267 4 7 0.035964172 
672 289 5 7 0.035904184 
116 319 6 6 0.03590361 
810 317 12 17 0.035869297 
796 292 9 12 0.035820816 
783 308 13 21 0.03577853 
117 364 12 18 0.03562984 
556 341 17 30 0.03562247 
35 363 22 24 0.035584696 
6 301 4 7 0.035507783 
870 274 6 6 0.035503656 
345 307 5 7 0.035467226 
475 286 5 8 0.035412766 
744 280 6 7 0.035404004 
807 292 9 11 0.035384905 
236 355 8 12 0.035353106 
573 262 4 5 0.035328288 
955 351 56 79 0.035239417 
85 320 6 7 0.035210554 
649 356 33 39 0.035102054 
955 263 5 6 0.035057843 
200 308 4 6 0.035003047 
207 307 5 6 0.034996316 
483 360 9 15 0.034975626 
169 352 9 16 0.03495143 
745 271 5 5 0.034932073 
870 270 5 6 0.034875125 
199 313 5 7 0.034799147 
132 333 7 8 0.034774702 
597 282 5 7 0.034773808 
108 320 6 6 0.034758933 
719 261 4 8 0.034709726 
245 298 5 8 0.03467807 
283 298 7 11 0.0346543 
679 287 5 6 0.034626257 
326 307 6 8 0.0345899 
317 322 34 43 0.034576192 
876 275 7 6 0.034457102 
67 294 4 5 0.034455456 
57 288 5 7 0.034410715 
670 293 7 9 0.034264207 
794 269 5 6 0.03422046 
392 301 5 6 0.034197573 
1089 353 11 19 0.034181286 
437 300 6 10 0.03412115 
469 309 11 16 0.034098938 
826 263 4 5 0.03402918 
582 304 8 11 0.033976935 
168 319 5 6 0.033975344 
709 325 8 11 0.03396264 
218 262 4 8 0.03393979 
718 268 5 7 0.03391319 
512 303 8 10 0.033764392 
194 283 3 5 0.03375833 
624 276 3 6 0.033594053 
438 298 17 25 0.033567775 
162 301 4 6 0.033549584 
594 311 8 12 0.033541653 
597 269 4 7 0.033452433 
86 352 10 9 0.03343837 
757 264 3 4 0.03343334 
156 336 8 9 0.033417225 
305 321 10 14 0.033279445 
388 318 9 13 0.033024635 
517 305 10 11 0.032953367 
519 287 5 6 0.032935645 
322 296 4 6 0.032912806 
721 299 8 10 0.032857757 
139 343 8 9 0.03285478 
724 236 4 7 0.03282488 
736 275 4 5 0.032800738 
223 427 26 47 0.032782335 
339 311 7 8 0.032718953 
800 280 7 7 0.032683898 
544 300 8 10 0.032493595 
6 357 8 9 0.032488283 
612 295 7 13 0.032455884 
235 313 7 10 0.03239308 
505 300 8 9 0.03234148 
577 268 4 8 0.032329623 
902 275 17 17 0.03231184 
146 344 8 10 0.03228372 
28 329 10 11 0.03227998 
935 273 8 7 0.032183897 
192 358 9 14 0.03205295 
732 351 32 48 0.032049973 
557 287 6 8 0.032020677 
518 298 8 10 0.031949535 
918 264 5 6 0.031867906 
516 307 20 25 0.031822283 
136 284 4 5 0.03175744 
1058 326 10 17 0.031739064 
654 287 5 6 0.031669497 
742 294 8 9 0.03157683 
718 273 4 7 0.031567775 
375 342 32 40 0.03156528 
180 312 5 7 0.031564932 
1001 327 10 16 0.031488545 
960 279 8 9 0.031464938 
98 295 4 5 0.03141158 
-1 433 18 38 0.03138334 
220 288 4 6 0.03125009 
732 271 4 5 0.031209556 
156 282 4 5 0.031207515 
853 261 5 7 0.031159805 
445 303 8 14 0.031158222 
746 249 3 6 0.031032946 
986 270 6 6 0.031010766 
94 343 13 10 0.030984849 
329 288 3 5 0.030976724 
148 295 5 6 0.030969625 
602 281 5 8 0.030914778 
111 289 4 5 0.03079942 
263 380 21 32 0.03070873 
659 334 23 23 0.03061045 
313 315 10 15 0.030603623 
187 308 5 6 0.030596472 
111 341 11 12 0.030509442 
372 313 8 10 0.03049025 
425 306 5 7 0.030451467 
333 301 5 6 0.03044941 
818 311 10 15 0.030435652 
2 358 5 8 0.030372506 
793 232 4 6 0.030268881 
585 297 6 9 0.030268412 
622 280 5 7 0.030241018 
1103 338 6 12 0.030209446 
868 280 10 9 0.030208152 
721 310 9 14 0.030192029 
428 307 6 8 0.03018996 
751 264 3 5 0.029958708 
156 300 5 6 0.029946197 
276 299 6 8 0.029941518 
886 271 5 5 0.029895352 
149 282 3 4 0.029887564 
772 292 8 10 0.029860226 
824 297 8 11 0.029756267 
264 276 4 8 0.029701233 
315 307 7 9 0.02969824 
277 288 5 6 0.029682355 
956 244 5 6 0.029649725 
96 332 7 7 0.029630149 
0 220 7 19 0.029581008 
749 288 7 7 0.029543962 
1062 310 6 11 0.029525343 
908 263 6 6 0.02948289 
162 319 5 6 0.029415987 
214 283 4 5 0.029390963 
1036 290 9 15 0.029350026 
187 321 8 13 0.029345734 
666 303 7 11 0.029319294 
1 305 4 8 0.029232614 
615 276 4 6 0.029181113 
588 301 8 12 0.029147418 
375 313 16 21 0.029125553 
710 299 5 9 0.029056191 
163 277 3 5 0.029006606 
90 333 6 6 0.028955467 
655 276 4 5 0.02890595 
97 314 6 6 0.028854698 
20 351 7 8 0.028796824 
39 319 7 7 0.028774709 
809 264 3 5 0.02875718 
277 282 5 7 0.028752439 
202 370 13 17 0.028728092 
205 323 7 10 0.028656783 
0 325 5 10 0.02864478 
776 249 4 6 0.02864086 
257 311 7 11 0.028637744 
98 361 19 28 0.028587395 
557 293 6 8 0.028584516 
824 474 36 47 0.028541123 
216 322 7 11 0.028525976 
257 334 8 13 0.028504724 
205 345 23 28 0.02847161 
949 269 5 6 0.028462604 
809 294 17 22 0.028396776 
127 314 6 6 0.028383305 
481 288 4 6 0.02835468 
239 288 4 7 0.028314274 
693 276 4 5 0.028296616 
344 319 7 8 0.028280063 
1051 331 13 24 0.0282565 
467 293 7 10 0.02824964 
593 297 7 11 0.028239315 
190 335 9 16 0.028189203 
930 291 16 22 0.028183885 
928 270 7 6 0.028180772 
520 283 4 6 0.028147899 
578 340 19 26 0.028110774 
665 322 9 13 0.028074015 
821 258 4 5 0.028055316 
147 301 4 6 0.027975395 
799 324 16 20 0.027960086 
864 273 7 6 0.027940407 
889 278 9 8 0.027920872 
745 309 18 22 0.027883897 
693 282 5 6 0.027876386 
880 297 20 25 0.027855719 
263 327 18 23 0.027810426 
599 316 10 18 0.02780929 
857 294 15 17 0.027797973 
89 326 6 5 0.027727399 
370 321 11 13 0.02768891 
424 301 5 7 0.02767424 
958 409 35 48 0.027666839 
668 269 4 6 0.027637659 
1000 298 17 24 0.02759501 
182 269 3 7 0.027498573 
167 338 6 10 0.027445568 
705 323 7 10 0.027440807 
534 309 9 15 0.027378874 
1107 317 6 10 0.027308239 
831 279 6 7 0.02730544 
344 312 6 8 0.02726227 
723 263 4 6 0.027247064 
721 329 18 25 0.027221477 
614 310 7 13 0.027201401 
0 286 4 13 0.02718798 
5 330 8 11 0.02713085 
115 357 9 11 0.027126525 
723 208 5 9 0.027123237 
652 324 8 11 0.02711919 
132 350 10 13 0.027056472 
118 283 4 5 0.02705074 
88 321 6 6 0.026996462 
955 258 5 5 0.026904332 
603 261 4 6 0.02689651 
428 293 5 7 0.026862686 
243 307 6 8 0.026834037 
409 304 8 10 0.026803453 
480 292 6 8 0.026767273 
267 310 9 11 0.026729843 
845 280 7 7 0.026660698 
401 304 7 9 0.026659088 
824 332 22 27 0.026586276 
895 303 19 23 0.026576608 
1020 262 7 8 0.026570313 
797 468 48 55 0.026515964 
129 342 7 9 0.02637221 
967 320 16 21 0.02636621 
342 332 14 15 0.026363356 
473 293 6 9 0.026304815 
41 324 9 9 0.026304731 
760 295 10 12 0.0262667 
1063 299 5 10 0.026246713 
42 320 8 7 0.026233546 
770 324 19 29 0.026200095 
940 273 6 7 0.02617289 
791 231 3 6 0.026172712 
170 270 3 6 0.026118806 
1020 275 14 21 0.026070356 
14 300 5 7 0.026063286 
19 356 9 12 0.026062766 
543 293 6 8 0.02600034 
379 307 5 8 0.025993519 
574 299 17 21 0.025977554 
555 306 18 27 0.025884744 
243 312 6 10 0.025808629 
499 303 9 11 0.025637705 
171 379 18 27 0.02562202 
1037 280 8 13 0.025570735 
-1 117 34 44 0.02555146 
194 275 3 5 0.025484383 
339 358 23 29 0.025467737 
136 307 5 5 0.025444465 
140 314 6 6 0.025392609 
902 334 38 52 0.025378764 
830 292 9 10 0.025377594 
588 311 9 11 0.025340248 
514 283 5 6 0.025306705 
206 312 6 8 0.025286771 
564 282 4 5 0.025264774 
146 350 9 10 0.025216283 
103 283 4 5 0.025215795 
831 113 18 46 0.025202543 
628 293 5 9 0.02519686 
99 284 4 5 0.025193617 
141 289 5 5 0.025188733 
533 292 6 8 0.025181383 
854 286 12 13 0.025178267 
839 281 6 6 0.025161678 
742 297 9 13 0.025128622 
943 308 13 16 0.025123632 
750 249 4 6 0.025115157 
717 248 5 8 0.02509499 
8 293 4 10 0.025085445 
792 282 7 7 0.025058748 
1019 278 7 10 0.025053693 
265 295 4 6 0.02504704 
103 324 7 8 0.025034573 
127 355 10 14 0.025019947 
739 334 10 16 0.02495622 
1017 325 17 25 0.02494705 
782 243 4 6 0.024933945 
534 338 14 17 0.024932422 
831 255 5 8 0.024924641 
79 282 3 6 0.024913069 
363 333 10 14 0.024880603 
867 295 13 16 0.024868032 
256 294 5 7 0.02478637 
710 355 36 53 0.024740756 
711 287 5 7 0.02471913 
62 330 8 9 0.024713803 
954 327 22 27 0.024688506 
1 342 6 11 0.024558859 
154 327 5 6 0.024497736 
51 251 5 6 0.024475357 
126 319 7 6 0.024469715 
374 367 31 36 0.024469648 
7 351 8 9 0.024467904 
355 309 5 6 0.024457162 
1020 365 41 62 0.024444584 
193 308 5 6 0.024386732 
75 320 6 8 0.024381157 
757 250 3 5 0.024369866 
84 325 7 6 0.024340777 
201 284 3 4 0.02432844 
885 275 6 6 0.024259793 
650 283 4 5 0.02424149 
116 300 5 6 0.024211159 
710 318 9 11 0.024207318 
569 346 22 31 0.024203895 
101 338 19 19 0.024173437 
282 289 5 6 0.024152728 
811 281 6 7 0.0240707 
135 314 6 6 0.024069406 
1038 270 7 12 0.024064235 
239 320 10 16 0.024028486 
838 275 5 7 0.024010697 
330 356 45 57 0.023932768 
215 263 4 6 0.023928685 
118 350 10 10 0.023894567 
370 307 5 7 0.023849279 
711 313 6 10 0.023844909 
564 277 4 5 0.023843072 
316 295 4 6 0.023840455 
89 338 8 8 0.02379794 
26 309 5 5 0.023789316 
866 284 13 12 0.023770599 
992 333 14 19 0.02374587 
178 319 6 9 0.023730235 
907 285 10 10 0.023689324 
766 309 9 12 0.023646178 
265 288 4 6 0.023627158 
172 358 9 17 0.023619859 
688 276 3 5 0.023577165 
853 309 21 24 0.023555364 
385 301 4 6 0.02355261 
965 292 8 9 0.023544163 
107 332 20 20 0.023535214 
855 278 9 9 0.023528403 
143 283 4 4 0.023516838 
724 268 4 6 0.023500476 
240 335 10 15 0.023461659 
260 320 10 16 0.023457872 
62 344 9 10 0.02345725 
161 327 6 7 0.023443628 
383 342 14 13 0.023400024 
1017 300 16 28 0.023343254 
762 345 15 22 0.023324253 
244 287 4 7 0.023316259 
156 308 4 5 0.02327981 
685 175 9 17 0.023276264 
675 250 4 7 0.023211101 
23 352 8 10 0.023207936 
150 268 3 5 0.023175042 
106 354 8 9 0.023168843 
601 399 21 36 0.02315093 
610 258 4 5 0.023145324 
771 264 3 4 0.023144154 
906 263 5 5 0.023123184 
41 353 15 15 0.023114853 
742 287 7 8 0.023092637 
480 283 4 6 0.023081219 
443 289 5 9 0.023020118 
210 327 8 13 0.022947822 
144 276 4 6 0.022943513 
571 282 4 6 0.022938913 
245 284 3 5 0.02293239 
771 346 12 19 0.02291918 
266 323 11 16 0.022914935 
35 330 10 9 0.02291162 
1020 263 15 19 0.022894457 
265 316 10 12 0.022868153 
660 289 4 5 0.022841087 
913 376 8 14 0.022818852 
791 236 4 6 0.022817733 
55 289 4 6 0.022809159 
236 276 4 7 0.022804033 
152 340 10 13 0.022771332 
268 299 6 8 0.022755284 
589 261 4 7 0.022754505 
713 197 5 8 0.022753127 
2 359 23 25 0.02270262 
1051 321 7 11 0.022584789 
5 337 7 10 0.022580363 
279 323 9 13 0.022568649 
655 292 5 8 0.022564927 
77 325 6 6 0.022529889 
1021 254 6 9 0.02251809 
51 327 8 7 0.022508621 
919 293 18 22 0.022503812 
382 317 8 12 0.022447823 
88 343 11 10 0.02244188 
1017 375 9 16 0.022417206 
782 249 4 6 0.022412974 
169 275 3 6 0.02239248 
848 243 3 5 0.02237782 
424 306 17 24 0.02235278 
590 282 5 6 0.022348214 
737 272 4 5 0.022339508 
237 281 4 6 0.02233611 
91 307 5 6 0.022315666 
940 263 5 6 0.022260565 
573 268 4 6 0.022248833 
68 345 9 10 0.022222096 
691 286 7 8 0.022146331 
525 276 5 6 0.022132555 
103 300 5 6 0.022125263 
837 302 11 13 0.022122467 
558 300 7 11 0.022087146 
661 270 4 6 0.022084776 
686 288 5 7 0.022073742 
181 276 3 5 0.022071445 
575 314 10 14 0.022065526 
735 298 10 12 0.021969162 
602 287 6 10 0.021956198 
711 293 5 9 0.021945253 
745 262 5 6 0.021870319 
175 263 3 6 0.021838425 
370 332 18 23 0.021829749 
148 327 17 19 0.021806717 
672 277 5 6 0.021787219 
893 280 8 7 0.02168294 
364 310 8 10 0.021681959 
177 324 6 10 0.02166482 
760 324 18 28 0.021658108 
167 359 8 14 0.02162327 
148 320 5 7 0.021583706 
268 306 7 9 0.02157783 
119 343 9 11 0.021525675 
270 288 5 6 0.02151807 
479 304 7 12 0.021513784 
1020 247 6 11 0.021513054 
771 204 5 9 0.021512764 
310 316 17 28 0.021487612 
247 340 8 13 0.021486836 
457 269 29 42 0.021476889 
572 258 4 5 0.02146447 
992 367 28 45 0.021463448 
14 295 4 7 0.021413296 
393 305 5 7 0.02137186 
198 372 9 15 0.021353748 
744 255 4 7 0.021322217 
899 286 12 11 0.021268552 
850 280 8 8 0.02125482 
20 301 4 6 0.02123837 
238 261 5 7 0.021230718 
530 299 8 12 0.021230685 
1021 249 15 22 0.02120706 
705 285 6 9 0.02113684 
303 295 4 5 0.021111708 
616 257 4 5 0.021111174 
911 278 10 10 0.02111038 
794 243 4 6 0.021106672 
309 288 4 5 0.021089379 
780 297 10 13 0.02107931 
234 332 11 15 0.021039477 
765 363 18 26 0.021036925 
968 264 4 4 0.021013085 
715 327 11 13 0.021011734 
353 350 25 29 0.02100014 
816 265 3 5 0.02099724 
132 287 18 20 0.020978162 
536 344 27 39 0.020937616 
154 269 3 6 0.020931544 
128 307 6 6 0.02091587 
85 280 18 22 0.020882495 
329 283 3 5 0.020849138 
215 268 4 6 0.02083332 
503 295 38 50 0.020828195 
685 255 5 7 0.020824723 
13 347 20 24 0.020791136 
846 271 5 5 0.020786721 
791 251 3 5 0.020777823 
948 330 44 53 0.020775532 
40 296 5 6 0.020769848 
5 343 8 11 0.020765832 
68 301 17 19 0.020713605 
334 284 4 5 0.020703364 
276 275 5 6 0.020703224 
205 332 7 11 0.020672077 
203 285 14 24 0.02066559 
353 295 4 6 0.02066474 
28 302 4 5 0.020659884 
717 286 5 8 0.020633845 
351 318 8 10 0.020627655 
612 315 8 14 0.020605601 
364 342 10 14 0.020591456 
602 275 5 7 0.020581711 
89 314 6 7 0.0205566 
674 270 4 5 0.020547325 
335 288 3 5 0.020487193 
139 349 9 12 0.02046351 
621 293 7 10 0.02042936 
219 256 4 7 0.02042797 
417 292 5 6 0.020405054 
334 307 5 7 0.020390667 
799 287 7 9 0.020379145 
70 350 9 9 0.020369325 
878 271 4 5 0.020366283 
961 263 4 5 0.02036238 
756 256 4 5 0.020360332 
997 303 11 12 0.020351235 
565 269 4 6 0.020327033 
717 192 5 9 0.020300644 
188 265 4 5 0.020268198 
509 300 19 22 0.020216942 
215 256 3 5 0.020215446 
739 249 4 6 0.020200305 
270 282 4 7 0.02018159 
206 319 6 8 0.020175032 
168 410 37 55 0.020160494 
139 360 9 14 0.020126615 
314 299 6 7 0.020116132 
1013 347 31 48 0.02009123 
819 282 6 7 0.020090854 
647 293 5 8 0.020017263 
152 357 19 25 0.020016408 
185 309 14 21 0.020005118 
