3_Riot_Riot_3_393
146
442 130 41 46 0.9986571 
728 179 10 14 0.98892957 
342 151 12 17 0.9418676 
788 155 14 18 0.9110587 
223 133 16 16 0.87224454 
126 143 14 15 0.8255351 
168 158 10 13 0.7865552 
853 174 12 14 0.60624814 
541 121 26 26 0.5600877 
574 138 31 55 0.46737444 
739 203 9 16 0.366587 
795 191 17 24 0.2702864 
767 4 10 15 0.21164298 
815 165 9 13 0.17402697 
183 107 10 13 0.15894163 
776 195 12 18 0.15842807 
226 105 10 12 0.13596274 
329 125 14 25 0.12702067 
120 119 13 15 0.11838769 
92 126 14 15 0.103771105 
631 135 29 44 0.09763656 
192 158 9 13 0.09417025 
261 345 12 15 0.09197622 
634 345 49 51 0.0872799 
91 310 18 25 0.08254103 
576 112 36 50 0.081637695 
325 124 10 19 0.08128719 
853 205 15 20 0.07853638 
788 135 7 9 0.07852552 
192 147 10 11 0.07316133 
34 125 8 15 0.06867689 
883 48 8 13 0.066927776 
621 107 35 46 0.06596242 
731 220 10 16 0.06545997 
307 198 18 28 0.06544075 
822 170 8 14 0.06112552 
44 301 22 25 0.05775613 
757 119 6 10 0.055820677 
837 187 19 21 0.054187845 
791 10 8 16 0.05323105 
143 112 12 15 0.049815323 
854 194 13 18 0.046864845 
589 146 44 61 0.046382982 
151 120 8 13 0.046260964 
322 298 18 26 0.04450583 
656 107 9 11 0.04261254 
766 203 9 12 0.04143749 
861 252 9 16 0.041258276 
675 163 8 12 0.038959965 
183 160 9 12 0.03868095 
651 108 9 11 0.037442483 
666 115 7 10 0.03689766 
131 119 7 13 0.036173113 
825 209 10 12 0.035839133 
354 102 5 8 0.03572165 
489 264 12 22 0.035458833 
310 235 19 28 0.03541985 
234 108 8 11 0.03363081 
870 223 10 13 0.03359212 
177 159 9 13 0.033466227 
386 176 24 23 0.033453092 
150 112 10 14 0.033245835 
202 163 9 15 0.033102974 
643 154 13 20 0.033055954 
78 129 23 20 0.032690573 
793 3 8 14 0.032663055 
716 199 16 23 0.03248594 
97 77 5 8 0.032137677 
121 127 17 20 0.031463906 
610 429 20 26 0.030882867 
845 4 6 10 0.030808922 
197 109 7 10 0.030164119 
105 126 9 13 0.029723532 
909 63 7 11 0.029653436 
771 176 9 13 0.029525893 
893 58 8 10 0.029325055 
659 294 30 34 0.028975919 
885 44 9 12 0.028971212 
138 145 8 13 0.02836445 
859 198 12 21 0.028092789 
167 126 11 12 0.02807702 
46 126 8 13 0.028020686 
638 118 9 14 0.027807582 
0 114 4 13 0.027711386 
93 135 12 15 0.027673334 
85 137 23 25 0.027672559 
527 116 19 25 0.027585292 
668 436 54 44 0.027323803 
670 110 8 11 0.027239382 
868 209 9 14 0.02713788 
519 254 25 28 0.026673852 
318 114 15 25 0.026648395 
0 208 8 23 0.026360601 
617 148 34 53 0.025798311 
99 137 10 12 0.025716502 
680 128 5 10 0.0257121 
341 125 11 17 0.025654605 
319 175 17 32 0.025640547 
513 124 5 7 0.025546463 
661 188 17 25 0.02540247 
760 118 5 8 0.025326692 
644 115 9 11 0.025241304 
20 178 7 13 0.025083547 
197 163 10 14 0.025023114 
621 132 24 37 0.024982432 
1011 115 5 9 0.024694517 
908 59 6 10 0.02423225 
529 119 8 12 0.024156459 
812 1 5 9 0.023531513 
127 87 9 16 0.02347339 
636 110 19 24 0.023460276 
840 14 5 8 0.023382941 
856 24 6 11 0.023368375 
130 127 8 11 0.023349306 
774 209 9 11 0.02333781 
258 353 15 18 0.023330573 
848 181 12 14 0.022767833 
766 210 9 12 0.022713495 
877 56 7 11 0.022668084 
48 102 7 10 0.022562785 
832 6 5 8 0.02250621 
662 108 18 26 0.022265466 
797 4 7 12 0.021927895 
64 119 18 25 0.02191979 
879 51 6 11 0.021856537 
665 173 7 13 0.021827152 
811 172 12 18 0.021788113 
577 79 34 46 0.021735078 
336 120 11 18 0.021636115 
157 120 8 12 0.02142792 
1010 122 4 8 0.021321781 
471 210 23 31 0.021201702 
237 165 16 25 0.02094225 
178 172 8 11 0.02090035 
885 528 45 44 0.02082942 
501 104 5 6 0.020797025 
303 208 13 20 0.020648466 
876 11 6 10 0.020644112 
310 146 18 22 0.020636702 
113 131 9 13 0.020477265 
189 148 16 19 0.02026966 
255 216 10 16 0.020217339 
562 142 25 40 0.020209078 
307 96 5 8 0.020189889 
1018 70 17 29 0.020118702 
338 134 16 26 0.020006463 
