3_Riot_Riot_3_123
133
592 472 75 81 0.983872 
320 394 17 22 0.90762794 
847 665 39 78 0.7930604 
515 371 20 29 0.79238886 
893 351 39 53 0.70700735 
898 229 9 13 0.3987108 
913 243 8 12 0.38577965 
988 279 9 16 0.2982519 
927 259 9 12 0.23119701 
90 -12 302 403 0.20954746 
625 481 30 30 0.20844038 
131 427 16 16 0.20446128 
1001 301 10 16 0.17355725 
360 437 26 24 0.16763918 
954 286 8 15 0.13837951 
999 305 16 25 0.11695614 
944 268 9 14 0.114047445 
944 261 9 14 0.10687812 
660 469 48 59 0.09941858 
301 8 311 437 0.09666714 
946 237 7 10 0.0966127 
1007 411 17 32 0.09628273 
396 427 22 26 0.088108785 
801 601 9 17 0.08741372 
962 262 9 12 0.08608118 
925 501 64 107 0.08314891 
591 482 35 33 0.079892464 
910 415 9 19 0.07981021 
233 399 27 24 0.07653482 
240 207 18 24 0.07175403 
923 239 6 9 0.066743836 
880 507 18 41 0.06469941 
526 371 11 17 0.06310526 
889 354 19 37 0.060287457 
988 271 8 13 0.055620596 
923 226 6 11 0.05488034 
4 -150 260 395 0.051585335 
968 140 25 45 0.05092206 
1018 313 8 14 0.048079003 
325 423 35 42 0.047185753 
278 434 22 42 0.046335164 
921 263 10 11 0.04499221 
203 354 91 85 0.04486485 
1011 409 9 18 0.044310402 
965 273 9 14 0.04377372 
951 240 5 7 0.043760244 
1000 314 18 36 0.04312949 
963 113 10 25 0.04093564 
694 57 89 88 0.04010929 
943 233 7 10 0.039541878 
972 258 7 10 0.03860916 
1009 491 19 34 0.038362395 
731 269 140 214 0.03715757 
596 298 110 107 0.03700164 
922 257 9 12 0.03689018 
962 241 5 7 0.036874402 
926 244 7 10 0.036544353 
923 232 6 11 0.036481243 
356 463 74 127 0.035711616 
660 542 38 79 0.034836665 
921 243 7 10 0.034563553 
998 295 9 16 0.03432319 
935 245 6 10 0.03389286 
734 554 5 8 0.03298477 
73 379 312 331 0.032361146 
831 627 42 88 0.032157917 
905 126 9 15 0.031978246 
1017 11 9 16 0.031768642 
965 244 6 9 0.031628273 
938 243 8 10 0.031229798 
895 335 22 45 0.030993152 
918 297 9 13 0.030880436 
1020 318 18 33 0.030577026 
335 427 14 20 0.029604355 
827 584 8 11 0.02938594 
381 331 43 70 0.028469639 
1014 314 15 29 0.027783152 
1030 57 13 30 0.027642753 
651 84 273 361 0.027505338 
939 352 10 17 0.026486821 
935 241 6 8 0.026221491 
958 270 18 29 0.026143704 
912 279 9 14 0.025913648 
901 366 44 71 0.02578169 
716 89 29 32 0.025630753 
836 50 11 14 0.025622377 
997 250 7 9 0.025527121 
946 252 15 23 0.025326474 
743 629 27 41 0.025311103 
978 356 12 17 0.024916712 
397 412 22 23 0.0249004 
990 264 7 9 0.024814794 
312 397 11 15 0.024644338 
652 507 44 73 0.024505915 
327 390 13 18 0.024353791 
986 259 6 8 0.024348 
839 599 43 49 0.024342366 
965 249 7 10 0.02428967 
865 48 10 15 0.024033967 
950 204 72 86 0.023899123 
891 473 11 20 0.023874905 
976 88 11 24 0.02333587 
899 437 18 34 0.023177072 
536 366 5 11 0.023162229 
521 368 11 17 0.02312216 
1032 394 29 55 0.023110347 
306 397 9 14 0.022461612 
948 242 6 9 0.022451997 
994 282 8 13 0.02241311 
971 262 8 12 0.022389071 
921 251 8 10 0.022090565 
951 270 7 12 0.022012006 
973 220 7 9 0.021976124 
686 481 24 33 0.021908257 
883 15 23 27 0.021887345 
982 56 14 30 0.021663714 
921 348 29 37 0.021608617 
1045 291 20 37 0.021514425 
972 307 17 33 0.021491453 
926 263 17 21 0.021221219 
535 113 45 53 0.021215841 
339 336 21 28 0.021112764 
30 669 13 17 0.021029571 
916 264 8 11 0.02100835 
755 93 14 17 0.020962555 
887 365 10 23 0.020904379 
294 422 35 57 0.02065043 
802 146 18 36 0.020477144 
545 505 7 13 0.020472744 
908 293 18 27 0.020259496 
938 337 18 32 0.020231929 
928 213 5 6 0.020219984 
1001 35 9 18 0.020001708 
