3_Riot_Riot_3_438
351
835 209 40 44 0.99599224 
451 152 18 20 0.9216212 
654 149 16 19 0.91716546 
192 165 24 26 0.56178373 
585 562 46 52 0.4090368 
294 194 6 9 0.39620638 
274 189 8 12 0.38302895 
739 582 67 50 0.24381873 
575 175 8 11 0.22704895 
738 155 20 19 0.19002895 
346 207 8 16 0.18283129 
150 191 9 16 0.166379 
220 165 11 19 0.16528079 
327 218 8 12 0.1643445 
775 154 8 12 0.1640935 
738 183 20 20 0.15596536 
706 166 14 12 0.14744522 
579 173 10 12 0.13183974 
556 237 7 9 0.12771943 
493 220 7 7 0.12665652 
542 231 6 9 0.117297806 
557 234 5 6 0.116669156 
754 148 8 8 0.11123304 
275 178 7 9 0.108577214 
539 227 5 7 0.10758359 
860 213 24 34 0.10463688 
249 175 4 5 0.10162814 
594 169 6 8 0.10075923 
414 175 12 18 0.09883525 
416 158 10 12 0.094479986 
658 216 8 11 0.08809493 
708 172 13 13 0.08744699 
69 451 7 7 0.08567961 
751 157 13 14 0.08450155 
271 188 6 10 0.0816987 
331 214 5 10 0.08025018 
532 226 6 8 0.07519084 
621 259 3 6 0.070919625 
532 221 5 6 0.06693056 
152 200 11 21 0.065543234 
646 173 6 10 0.064448796 
13 567 3 4 0.063231476 
616 258 4 6 0.063087106 
693 174 12 17 0.061606154 
675 236 13 16 0.061270222 
518 234 7 6 0.061025824 
206 164 14 17 0.060644984 
549 221 4 5 0.060106475 
237 177 6 6 0.05914321 
559 465 11 13 0.058677606 
571 178 7 10 0.057875093 
639 175 5 8 0.057433795 
593 174 8 11 0.05741536 
192 163 12 17 0.057332873 
505 233 6 5 0.05709749 
726 159 20 21 0.05639715 
55 437 7 10 0.056248825 
577 155 5 6 0.056159697 
714 68 9 12 0.055082623 
757 145 6 7 0.054815862 
588 177 8 11 0.053670246 
779 204 7 12 0.053408176 
345 198 7 17 0.052703805 
9 562 2 3 0.05189274 
249 181 5 8 0.051131252 
299 195 5 7 0.050895352 
697 168 19 19 0.050834615 
512 233 6 5 0.050766896 
533 231 5 7 0.050540093 
589 168 6 9 0.050422564 
503 309 6 7 0.050387483 
274 238 24 20 0.050240062 
602 163 4 6 0.049532916 
328 215 5 9 0.04891194 
271 176 4 7 0.048483673 
385 385 44 99 0.047293767 
499 227 6 6 0.04697788 
558 229 4 5 0.046928044 
245 176 4 5 0.046328336 
512 229 5 5 0.046166025 
13 562 2 3 0.04609066 
278 187 7 11 0.04385428 
296 181 5 7 0.043456595 
868 219 11 19 0.043128602 
341 204 7 14 0.042951282 
676 247 10 13 0.042642403 
340 198 6 11 0.04206974 
658 214 19 25 0.042003654 
635 176 5 7 0.04194725 
494 215 5 6 0.04151515 
779 150 6 10 0.041397568 
505 229 5 5 0.041011665 
250 215 24 33 0.040698063 
298 199 7 9 0.04054398 
215 162 11 16 0.040233906 
449 304 9 15 0.039443817 
639 179 6 10 0.0394398 
401 170 6 8 0.03904314 
762 153 19 20 0.038931433 
550 227 4 5 0.03874123 
390 208 8 16 0.038492773 
7 575 3 4 0.038461205 
58 562 3 3 0.038335327 
596 163 4 7 0.038195033 
47 555 3 4 0.038088705 
520 311 3 5 0.038064364 
510 272 5 6 0.037343234 
550 420 3 4 0.037251584 
264 170 4 6 0.036899865 
546 222 4 5 0.03639785 
256 175 4 5 0.03595342 
500 310 6 6 0.035733864 
390 144 4 6 0.035686675 
296 178 4 5 0.035527952 
28 454 20 29 0.03549499 
250 172 4 6 0.035470832 
27 567 3 4 0.03543404 
487 306 3 4 0.03541973 
43 495 6 7 0.035295986 
583 169 15 21 0.03498456 
349 198 7 15 0.03488185 
700 160 14 13 0.034664147 
264 174 4 6 0.03447954 
543 238 5 7 0.034297265 
9 567 3 4 0.03415074 
521 238 8 8 0.034137547 
343 194 14 28 0.03402822 
294 190 5 7 0.033935398 
271 180 5 8 0.033785626 
254 222 38 39 0.033753842 
1 567 3 4 0.033656258 
522 234 6 7 0.032961365 
621 263 5 7 0.03286412 
662 217 9 14 0.032823928 
539 238 5 7 0.03253317 
503 316 6 7 0.032055035 
410 200 17 21 0.031705942 
523 258 6 9 0.031677976 
661 234 34 41 0.031581923 
773 166 10 13 0.03156839 
51 555 3 3 0.031466257 
537 222 4 5 0.03138169 
290 197 7 11 0.03135345 
280 180 6 8 0.03133771 
34 556 2 3 0.031251013 
84 543 3 3 0.031216573 
228 174 7 9 0.031109763 
202 125 9 15 0.031069674 
628 259 4 6 0.03097256 
72 543 2 3 0.03092616 
39 561 3 4 0.030923951 
2 574 2 4 0.030817652 
722 166 11 12 0.03071837 
372 179 6 8 0.03069421 
513 130 6 8 0.030661244 
561 375 7 8 0.030540712 
346 195 5 10 0.030517029 
290 195 16 20 0.030500416 
414 164 10 12 0.030492852 
98 542 2 3 0.030479431 
580 184 11 12 0.030219246 
601 168 5 8 0.0302069 
587 559 27 29 0.030047897 
676 190 10 12 0.03001984 
281 177 4 6 0.030016214 
409 153 8 10 0.029711077 
556 427 4 5 0.02968269 
475 218 10 10 0.029668601 
513 306 4 4 0.02966664 
14 581 3 3 0.029603956 
556 431 5 7 0.02958702 
257 172 3 5 0.02938192 
695 166 11 15 0.029368624 
610 258 4 6 0.029321162 
506 347 7 9 0.029278794 
59 549 3 3 0.029273644 
554 238 5 7 0.02925469 
547 420 3 4 0.0292411 
524 311 4 5 0.029181749 
482 306 3 4 0.02885087 
39 556 2 3 0.028848654 
73 548 2 4 0.028612921 
542 346 9 10 0.028598294 
293 244 7 7 0.02859122 
824 214 28 33 0.028362997 
56 441 9 9 0.027982695 
565 176 4 7 0.027925141 
659 184 9 12 0.027910328 
153 161 5 7 0.027839404 
581 156 5 6 0.027788708 
14 575 3 3 0.027700087 
494 324 4 5 0.027604764 
756 165 12 13 0.027565373 
467 305 5 6 0.02742582 
647 272 4 5 0.027342051 
712 162 11 10 0.027309485 
553 234 4 6 0.027275175 
27 556 3 3 0.02695721 
646 157 81 91 0.02693557 
512 267 4 6 0.02693428 
550 245 7 8 0.026926475 
21 562 3 3 0.02685517 
765 186 12 15 0.026807886 
825 219 10 16 0.026800105 
636 273 4 6 0.026736636 
488 225 7 7 0.026673557 
141 223 6 10 0.026569346 
657 205 7 11 0.026532773 
36 427 20 23 0.026517682 
328 193 4 8 0.026416492 
578 153 3 5 0.026318535 
640 273 3 5 0.0261179 
565 181 5 7 0.02608335 
545 246 5 6 0.025979275 
247 521 11 12 0.025944674 
570 169 16 20 0.025932325 
514 311 3 4 0.02587876 
548 523 4 4 0.025786323 
505 307 4 5 0.025540035 
886 211 26 30 0.02525675 
161 182 5 8 0.02522703 
46 561 3 4 0.024908764 
675 163 14 14 0.024819376 
575 184 9 11 0.02479447 
673 191 20 24 0.024613176 
159 185 7 12 0.024546327 
493 306 3 3 0.024536118 
571 156 4 6 0.024491044 
1 555 3 4 0.024447165 
575 169 9 11 0.024423322 
723 176 42 47 0.02436955 
1 562 2 4 0.024309985 
322 226 7 8 0.024271743 
389 194 6 10 0.02424932 
322 208 5 6 0.024240585 
649 205 18 26 0.024141401 
590 163 5 6 0.0241155 
542 353 10 11 0.024004428 
552 239 18 22 0.023993744 
573 177 19 23 0.023953807 
21 568 2 4 0.023937909 
39 443 8 10 0.02393749 
546 523 4 4 0.023918044 
288 177 5 5 0.02388854 
1 586 3 6 0.023886506 
77 549 2 3 0.023885842 
627 264 6 8 0.02386519 
34 562 3 3 0.02384982 
649 260 3 5 0.023825372 
40 550 3 3 0.023749642 
85 548 3 4 0.02370198 
739 173 12 12 0.023660958 
636 277 5 7 0.023641782 
756 154 11 12 0.023618778 
647 278 5 7 0.023614429 
67 348 18 41 0.023609646 
782 144 4 6 0.023495315 
501 307 4 5 0.023401745 
568 551 84 109 0.023387533 
537 246 6 7 0.023305818 
47 550 2 3 0.023303155 
653 179 6 10 0.023276893 
518 227 5 5 0.023242801 
504 607 38 76 0.023238787 
350 193 6 11 0.023235241 
392 182 5 7 0.02318731 
51 550 3 3 0.023181966 
473 214 10 9 0.023169054 
385 196 7 12 0.02313017 
569 203 8 12 0.023091728 
500 323 5 6 0.023050528 
20 575 3 3 0.023003617 
525 226 6 7 0.022912106 
614 215 4 5 0.022904765 
405 147 16 21 0.022861222 
59 555 3 3 0.022766374 
306 195 4 7 0.022692526 
347 148 4 8 0.022669204 
564 357 21 22 0.022619579 
33 568 3 3 0.022616114 
501 232 6 6 0.022581803 
268 170 4 6 0.022513581 
576 241 4 5 0.022480728 
552 426 4 5 0.02246298 
64 549 2 3 0.02242521 
518 316 5 6 0.022416474 
349 224 7 10 0.022369646 
49 430 9 11 0.022353744 
586 192 10 10 0.022332568 
79 543 2 3 0.022225048 
645 178 6 11 0.022175416 
799 219 7 9 0.022046207 
721 153 10 9 0.022025794 
696 154 12 11 0.02194686 
750 190 10 14 0.021930793 
581 221 11 12 0.021926703 
10 441 18 23 0.02192435 
551 414 3 5 0.021867493 
91 536 3 4 0.02180352 
59 543 3 4 0.021795927 
49 465 10 12 0.021776903 
558 373 7 8 0.021776102 
648 266 3 5 0.021775894 
245 172 5 5 0.021715822 
117 530 4 4 0.021710891 
407 195 10 9 0.021685151 
415 150 6 9 0.021641282 
644 201 39 47 0.021617949 
652 186 6 10 0.021589875 
747 150 10 10 0.02157917 
555 241 9 12 0.021567445 
846 396 8 13 0.02155942 
616 256 3 4 0.021537403 
165 181 5 8 0.021478606 
326 207 4 7 0.021442367 
401 216 12 12 0.021427369 
792 324 45 43 0.021345982 
552 432 5 6 0.021326276 
8 557 3 3 0.021323362 
155 204 17 25 0.021271912 
475 306 3 5 0.021186428 
677 153 11 11 0.021141773 
766 215 8 13 0.021120057 
569 185 8 10 0.021040374 
119 449 6 9 0.021019671 
54 561 2 4 0.020983186 
784 154 6 10 0.020982854 
602 187 6 7 0.020976782 
46 568 2 3 0.020960914 
267 227 7 9 0.020898154 
763 174 19 20 0.020820664 
715 154 10 8 0.020724338 
244 181 6 7 0.020700278 
560 239 6 6 0.020611597 
242 174 17 24 0.020587822 
765 167 11 12 0.020577507 
43 434 9 9 0.020542553 
290 189 5 7 0.020457624 
507 221 5 5 0.020453196 
301 189 3 6 0.020428553 
400 169 4 7 0.020427631 
501 327 69 78 0.020313233 
263 192 6 10 0.020312969 
26 562 3 3 0.020311221 
287 236 7 6 0.02030146 
509 350 8 11 0.020261306 
727 176 12 14 0.020250982 
507 239 6 7 0.020232607 
97 537 3 3 0.020220973 
509 234 22 19 0.020209877 
807 459 80 146 0.020092875 
