44_Aerobics_Aerobics_44_337
19
576 356 88 139 0.99963474 
280 312 84 142 0.9994727 
556 524 486 738 0.38809264 
660 265 467 655 0.13777187 
914 210 127 166 0.069768526 
545 592 13 26 0.03991633 
-21 442 389 741 0.039758362 
574 210 16 30 0.037611 
165 558 69 143 0.036170244 
-31 -114 443 795 0.033866942 
702 554 119 143 0.027214412 
788 367 56 82 0.026352258 
911 131 13 27 0.026247744 
456 1099 14 19 0.026229365 
251 -2 14 14 0.020944595 
513 598 9 20 0.020937162 
489 621 43 99 0.020634996 
519 592 23 45 0.02010273 
219 580 10 19 0.02002028 
