44_Aerobics_Aerobics_44_167
76
611 305 26 36 0.9994759 
176 278 24 32 0.999406 
893 480 127 202 0.99933404 
274 307 67 96 0.9992693 
683 267 21 32 0.9992231 
926 244 19 30 0.99875784 
791 274 35 48 0.99819237 
885 320 56 79 0.99762946 
845 234 16 21 0.9841294 
574 246 15 22 0.97979593 
375 279 29 47 0.9790055 
768 271 21 40 0.96265095 
959 262 14 19 0.9279904 
725 262 17 26 0.89453524 
747 246 15 16 0.80387735 
906 280 18 23 0.63164145 
879 261 13 18 0.57560974 
377 265 17 28 0.51000273 
1005 270 10 17 0.49931824 
1012 263 16 24 0.35138956 
994 258 9 18 0.1818641 
984 308 29 51 0.1309576 
825 260 18 25 0.120267704 
717 263 9 18 0.08841381 
905 285 23 44 0.08399217 
657 257 9 20 0.081624895 
618 337 20 35 0.08101025 
158 307 16 35 0.08027164 
871 263 18 30 0.07931568 
985 264 8 15 0.074534275 
914 257 12 16 0.072540335 
997 269 12 19 0.071418196 
221 425 50 62 0.065166235 
650 262 8 18 0.054624327 
997 254 8 14 0.05421599 
161 308 165 272 0.052870963 
529 355 8 12 0.051117767 
415 538 437 372 0.05111488 
1017 270 20 33 0.050888903 
756 275 23 37 0.049858335 
215 419 90 132 0.049482998 
742 266 27 43 0.0467537 
910 264 17 25 0.045053408 
1004 272 19 29 0.04314681 
616 409 26 26 0.04064735 
941 300 16 30 0.039593834 
314 600 37 44 0.03955396 
1009 289 15 33 0.037548676 
572 359 12 13 0.035189904 
991 266 10 20 0.03484222 
715 269 15 30 0.03443394 
708 275 15 27 0.03145025 
868 284 11 22 0.031432938 
993 221 7 10 0.029877266 
632 388 10 18 0.026958752 
980 236 5 9 0.026666595 
208 299 12 21 0.02656419 
670 268 18 29 0.026381267 
924 338 36 52 0.026068661 
1002 308 22 45 0.025700398 
1002 253 7 12 0.025563424 
164 631 27 34 0.024483083 
1018 252 16 26 0.024274535 
979 239 8 14 0.02417157 
949 284 18 28 0.023923106 
553 275 16 29 0.023863545 
899 287 12 18 0.023694849 
860 283 28 47 0.022868117 
1010 488 18 35 0.022554904 
569 250 12 16 0.022023132 
994 218 4 7 0.021814838 
973 231 4 6 0.02169744 
930 299 19 32 0.021468047 
1027 286 32 58 0.02107788 
1043 253 23 39 0.020716567 
917 292 21 40 0.020594036 
