44_Aerobics_Aerobics_44_332
137
428 305 25 35 0.9988397 
124 300 13 19 0.98581856 
21 295 13 17 0.9789546 
180 306 22 25 0.96306896 
768 295 10 14 0.9589881 
75 300 11 13 0.95364904 
298 303 12 17 0.951026 
703 309 22 28 0.9322996 
209 300 13 18 0.9207966 
830 302 19 24 0.918996 
546 306 16 23 0.9176409 
750 305 13 21 0.9020424 
383 304 15 21 0.8733667 
656 296 11 18 0.82112473 
987 303 12 17 0.80925554 
870 303 10 13 0.7823152 
243 287 14 23 0.7445312 
333 292 7 12 0.72524005 
398 298 12 19 0.6347816 
938 321 11 19 0.44324568 
935 301 12 15 0.4218291 
535 286 10 16 0.41011608 
313 298 9 14 0.38485894 
51 307 10 10 0.37091133 
0 298 6 13 0.3269025 
644 326 9 14 0.282763 
528 303 8 15 0.22965752 
262 316 10 14 0.22918198 
807 338 9 22 0.16719961 
671 305 9 13 0.16489662 
295 265 12 14 0.144515 
944 323 9 15 0.13064766 
464 435 11 20 0.13011643 
641 298 6 9 0.12634605 
74 322 9 12 0.124656625 
647 297 7 12 0.12225741 
450 304 13 19 0.117664404 
236 294 11 15 0.08454795 
192 312 13 17 0.078365415 
889 327 9 14 0.06780547 
144 316 13 16 0.066056214 
1011 350 16 34 0.06304422 
271 315 8 13 0.06251693 
61 310 9 11 0.05982234 
48 316 11 14 0.0582103 
905 327 9 15 0.058095314 
538 308 10 15 0.05525793 
79 323 10 12 0.053568345 
719 313 10 18 0.05120295 
336 296 7 11 0.05083511 
1018 2 7 11 0.050647948 
438 392 14 14 0.048293155 
861 357 10 15 0.046845194 
825 308 10 16 0.04637937 
947 386 10 14 0.04630492 
253 323 8 12 0.043470703 
662 301 9 15 0.04292187 
950 326 8 15 0.04220382 
93 316 11 14 0.040468097 
803 289 11 20 0.039905764 
105 314 11 13 0.038997624 
337 285 7 13 0.03827543 
64 323 9 12 0.038216304 
943 303 8 14 0.03795188 
171 308 12 17 0.037120145 
357 434 10 20 0.037049804 
35 336 12 14 0.03612453 
88 321 10 13 0.036107503 
864 292 8 9 0.035984743 
325 327 9 14 0.035312098 
378 309 9 15 0.03349785 
274 345 9 13 0.031786487 
929 297 8 12 0.030290745 
959 355 8 15 0.030217187 
171 312 20 24 0.029970316 
311 306 9 15 0.029873224 
426 384 25 25 0.029434262 
590 290 7 15 0.029124556 
523 298 10 18 0.029068772 
0 375 4 16 0.028994797 
150 310 12 14 0.028736357 
1018 323 8 13 0.028659347 
995 21 14 13 0.02831251 
338 320 9 14 0.027695986 
343 316 8 15 0.027128479 
840 311 11 18 0.026856279 
1015 347 8 17 0.026562082 
528 292 14 25 0.026482388 
932 314 13 20 0.02634615 
772 29 13 8 0.026166284 
716 563 26 35 0.02614668 
779 291 8 15 0.02573238 
983 329 39 52 0.025113285 
879 301 10 16 0.024837662 
234 285 11 17 0.024729146 
944 331 10 17 0.024725914 
843 297 10 17 0.02468271 
325 286 7 10 0.024592537 
697 310 11 18 0.024443213 
405 301 9 17 0.024380643 
581 304 7 15 0.024358356 
929 3 14 9 0.024322245 
701 303 13 20 0.02414878 
692 315 18 26 0.02359901 
932 293 10 14 0.023369884 
355 315 10 15 0.023126254 
928 317 8 14 0.023095632 
683 308 7 14 0.0230844 
-16 314 75 89 0.022906646 
504 376 10 18 0.022879945 
331 300 10 14 0.022773711 
891 332 11 17 0.02276989 
472 127 31 28 0.022719182 
702 113 25 18 0.022629896 
539 294 16 27 0.022380132 
328 292 7 10 0.02213773 
513 400 6 14 0.021758277 
1017 358 20 40 0.021564864 
322 325 18 29 0.021474758 
770 368 9 14 0.02137528 
243 26 185 87 0.021356456 
902 304 15 24 0.021345606 
868 308 14 19 0.021320168 
176 304 14 20 0.021184906 
847 308 9 15 0.02114439 
102 368 8 12 0.020949516 
278 342 9 13 0.020903828 
841 344 16 25 0.020629527 
262 171 19 11 0.020582257 
1023 345 17 33 0.020507457 
332 348 8 13 0.020502262 
559 286 4 9 0.02044504 
605 151 14 9 0.02033159 
1008 5 9 8 0.020317864 
911 0 14 9 0.020186057 
1010 16 18 21 0.02009258 
640 146 15 10 0.020044312 
