44_Aerobics_Aerobics_44_549
34
246 112 39 52 0.99952674 
439 53 68 89 0.9978962 
806 36 40 67 0.997431 
562 319 17 28 0.9702674 
548 348 22 30 0.1567847 
691 295 16 24 0.13930228 
361 169 11 17 0.13195862 
354 172 18 26 0.13038243 
956 275 12 18 0.10517795 
605 343 10 12 0.07981338 
320 152 8 15 0.07020393 
546 333 21 28 0.06594241 
1007 270 16 29 0.05240807 
556 327 11 18 0.046376247 
323 170 12 20 0.04164287 
985 271 36 48 0.033963688 
793 397 37 84 0.033875164 
1 196 6 16 0.0336764 
1012 288 22 40 0.030992739 
717 220 40 79 0.030910293 
772 405 37 80 0.029273452 
1021 272 18 33 0.029075945 
595 359 14 25 0.028920751 
1004 274 11 20 0.027111322 
587 358 9 17 0.02524963 
342 172 15 25 0.024712041 
996 281 10 17 0.024540486 
815 409 34 81 0.024351297 
1014 262 16 32 0.024345329 
698 356 8 18 0.023101315 
357 164 13 15 0.02075844 
593 325 15 24 0.020757467 
422 510 112 126 0.020518752 
1015 254 10 17 0.020159919 
