44_Aerobics_Aerobics_44_216
72
729 64 20 34 0.99348783 
795 80 13 18 0.8887272 
336 251 28 33 0.8240645 
580 138 22 34 0.78273743 
325 341 15 12 0.7417611 
836 22 19 29 0.5019071 
81 472 15 18 0.37705398 
730 309 454 527 0.3544649 
235 393 15 14 0.31441656 
152 384 17 31 0.23275486 
241 403 24 30 0.15820345 
789 44 66 90 0.1363093 
315 365 11 14 0.11808833 
387 194 25 20 0.112888485 
510 243 13 19 0.10216603 
225 411 12 16 0.09949086 
736 82 22 30 0.089874834 
202 379 19 27 0.08666776 
410 185 21 23 0.085359804 
1 370 32 49 0.08302776 
191 448 36 62 0.07642735 
380 204 30 21 0.06356658 
-2 335 19 24 0.061967935 
651 94 14 17 0.056429774 
416 257 374 369 0.056146216 
234 397 20 22 0.054773334 
812 84 9 16 0.053646594 
123 481 12 12 0.0481468 
585 149 28 45 0.04757811 
361 206 42 39 0.046975516 
298 436 87 114 0.045359377 
702 103 64 116 0.04438089 
591 135 27 37 0.043636892 
803 88 10 17 0.042476382 
308 470 37 44 0.037319854 
661 81 20 27 0.035641294 
573 161 22 38 0.034733936 
840 36 26 35 0.03469947 
759 64 18 30 0.03467724 
618 128 20 30 0.0343627 
215 91 354 378 0.033411965 
198 384 10 19 0.033287413 
253 403 37 46 0.03238874 
161 404 32 45 0.03194775 
341 372 16 17 0.031702824 
629 131 21 30 0.030352447 
232 408 20 27 0.028375588 
845 21 13 18 0.025679318 
179 385 20 29 0.025418574 
159 383 32 39 0.025308827 
331 237 20 38 0.02529928 
687 93 12 17 0.0251774 
476 233 36 49 0.024572063 
314 357 22 21 0.024215076 
659 208 362 383 0.023886137 
776 66 38 53 0.023807047 
765 62 9 15 0.02304638 
641 126 23 28 0.022985635 
424 189 13 19 0.022795988 
0 506 129 249 0.022269098 
301 270 42 49 0.021986624 
207 429 369 353 0.021690764 
408 196 23 27 0.021646425 
397 190 17 15 0.021628153 
212 379 22 26 0.021597201 
544 -29 319 390 0.021494633 
99 502 12 15 0.021289984 
220 393 20 27 0.02127032 
189 360 36 47 0.021162461 
676 81 10 17 0.020982845 
269 420 29 37 0.020470064 
613 123 10 16 0.02039553 
