44_Aerobics_Aerobics_44_96
42
969 332 34 51 0.99507856 
515 349 20 21 0.98842317 
609 312 29 30 0.7895629 
877 191 21 33 0.78694856 
454 375 20 35 0.6990735 
179 108 28 65 0.6596427 
191 138 15 33 0.5528177 
446 432 44 62 0.2477917 
916 322 18 28 0.06581078 
189 63 8 16 0.06006083 
811 320 9 17 0.052609496 
428 366 35 45 0.04645069 
508 304 22 20 0.043021757 
416 61 5 10 0.0414477 
617 354 19 33 0.03994498 
62 114 8 21 0.03834869 
195 85 9 20 0.030281913 
554 298 36 56 0.029998478 
567 372 17 29 0.029945407 
180 397 5 5 0.028295249 
184 57 9 22 0.026128557 
794 178 3 5 0.026098829 
1003 344 9 18 0.025678823 
178 401 6 6 0.02566448 
930 336 33 50 0.02555807 
711 264 4 8 0.02543533 
467 388 23 33 0.025144389 
857 331 10 16 0.025045497 
400 356 11 23 0.024767974 
625 317 28 30 0.024185594 
958 506 17 35 0.023507938 
468 264 8 10 0.022955263 
167 390 4 5 0.02208989 
994 337 38 63 0.021678139 
190 72 9 21 0.02110775 
818 303 6 12 0.020995013 
570 283 36 57 0.020977804 
913 330 11 16 0.020598087 
722 261 8 12 0.02047504 
690 272 6 13 0.020460054 
503 305 66 70 0.02029347 
697 177 5 6 0.020189578 
