44_Aerobics_Aerobics_44_379
36
412 383 77 97 0.9989517 
529 385 88 129 0.9866803 
319 515 32 43 0.7853262 
480 775 616 509 0.2799699 
357 621 75 85 0.067933716 
106 389 9 18 0.059276983 
98 441 11 22 0.051062286 
97 408 11 25 0.0498313 
403 1010 617 575 0.045048933 
755 381 29 34 0.039769176 
99 400 8 19 0.037245303 
39 838 425 647 0.037102222 
91 401 7 17 0.035345167 
110 387 5 11 0.034398977 
451 612 88 89 0.03346619 
91 383 5 12 0.0315919 
91 392 5 14 0.029861322 
118 401 8 20 0.029530365 
99 420 11 26 0.029215919 
775 371 35 36 0.028626682 
866 433 10 23 0.028487032 
884 435 10 20 0.028186824 
106 442 10 19 0.027683416 
166 560 10 17 0.026652293 
879 413 8 12 0.02613257 
310 527 29 46 0.025190143 
102 391 8 16 0.02476231 
340 518 19 28 0.024496788 
307 557 24 38 0.024171958 
884 465 12 20 0.023519939 
101 385 5 10 0.022185361 
313 528 15 25 0.02183652 
887 534 12 19 0.021646488 
108 408 10 22 0.020983767 
1007 415 11 24 0.020523468 
343 506 20 21 0.020461997 
