44_Aerobics_Aerobics_44_329
57
683 319 18 26 0.9513596 
324 71 15 21 0.80059135 
946 253 10 19 0.4964558 
874 294 13 21 0.40482616 
509 509 26 29 0.19442949 
804 323 19 31 0.13632756 
678 251 12 14 0.13182439 
547 552 10 17 0.114086084 
812 318 25 30 0.0843263 
500 465 35 37 0.07417283 
506 287 32 59 0.073329054 
88 388 28 43 0.07161177 
800 330 10 22 0.066032134 
950 264 17 27 0.06357731 
85 362 29 40 0.055684093 
318 338 10 17 0.052808266 
738 108 12 12 0.042883616 
671 40 10 13 0.04014654 
343 135 11 17 0.039378904 
515 519 14 16 0.036932144 
1016 67 16 27 0.03614873 
334 75 9 16 0.033980638 
702 43 10 13 0.0339526 
342 113 95 117 0.030903304 
536 520 11 17 0.030222805 
366 103 6 9 0.029932827 
811 338 23 25 0.028594786 
71 38 8 16 0.027572805 
511 288 17 27 0.026844298 
690 327 18 27 0.025469406 
733 122 14 14 0.025120955 
812 121 9 15 0.024810778 
635 270 15 12 0.024760319 
751 344 23 24 0.024683112 
1 287 5 16 0.02425656 
759 262 150 157 0.02424359 
959 263 17 24 0.024051134 
969 261 12 18 0.023968378 
315 336 19 30 0.023884073 
186 51 7 9 0.023227833 
803 337 12 22 0.022829862 
681 245 13 16 0.022610782 
952 278 19 25 0.02258862 
291 151 9 16 0.022386912 
636 297 31 29 0.022281963 
823 345 12 14 0.022079287 
1020 84 23 44 0.02191753 
72 64 5 10 0.021562107 
509 296 10 17 0.02155287 
384 126 21 22 0.021179402 
395 132 10 14 0.020769037 
1029 62 31 60 0.020755818 
809 103 12 14 0.02067875 
401 134 9 12 0.020450726 
99 395 13 21 0.0203445 
542 520 7 13 0.020266632 
782 104 7 10 0.02012283 
