44_Aerobics_Aerobics_44_688
22
268 283 205 300 0.9991954 
555 353 62 132 0.9636447 
721 459 75 172 0.9544015 
800 371 105 216 0.9281417 
759 416 95 203 0.2029912 
880 1047 17 22 0.10668096 
422 940 85 199 0.07829922 
101 33 575 667 0.05886319 
-15 475 573 573 0.05156059 
992 1144 24 41 0.04925091 
770 818 144 192 0.047364455 
748 260 201 402 0.03988182 
134 846 187 157 0.03985429 
900 1217 27 44 0.03365202 
556 598 127 140 0.03277582 
942 694 59 88 0.031138664 
696 1101 73 62 0.028055381 
508 354 61 124 0.027856972 
991 892 24 42 0.027833704 
879 770 31 52 0.026468884 
304 115 163 180 0.023660539 
924 698 23 44 0.020957438 
