44_Aerobics_Aerobics_44_17
46
272 322 59 57 0.9988065 
827 338 52 71 0.99795 
377 65 31 39 0.99558455 
492 127 32 28 0.98628205 
158 153 29 29 0.8554041 
362 260 61 43 0.39488378 
214 194 28 34 0.13942546 
78 480 390 377 0.06779916 
796 339 44 72 0.066060044 
101 31 12 16 0.048476785 
210 143 35 32 0.04805212 
475 235 47 52 0.04466521 
54 88 37 51 0.042602677 
112 81 16 26 0.04244575 
125 138 33 40 0.041345447 
132 127 20 22 0.036580347 
395 114 32 46 0.035122924 
297 6 12 14 0.034702577 
712 247 40 66 0.033459548 
420 42 38 51 0.033273734 
318 134 38 40 0.03267361 
236 148 27 27 0.031610534 
260 68 48 61 0.030873433 
144 148 24 31 0.029778877 
172 36 28 37 0.028365264 
638 12 10 10 0.028302768 
227 189 36 44 0.027933573 
412 55 23 32 0.027185064 
405 94 183 173 0.026459105 
678 13 8 11 0.025791466 
196 176 40 42 0.025692252 
338 4 10 11 0.025353346 
494 101 83 96 0.02494575 
483 124 24 24 0.024788048 
360 61 11 17 0.024715027 
205 158 47 44 0.023354653 
272 13 9 13 0.02326181 
643 6 12 12 0.022896644 
746 290 46 71 0.021892387 
249 197 38 47 0.02094232 
380 251 43 28 0.02088766 
749 92 33 44 0.02068878 
311 304 49 42 0.02067694 
417 293 25 26 0.020494526 
608 288 50 48 0.020406753 
500 129 47 43 0.020368649 
