44_Aerobics_Aerobics_44_370
21
301 144 75 93 0.99969685 
581 3 43 50 0.9996233 
943 32 48 61 0.9995491 
174 59 62 72 0.99877983 
251 12 42 48 0.9984049 
672 65 62 82 0.9953566 
829 1 33 23 0.48836133 
389 138 36 56 0.119282074 
175 23 17 33 0.07903475 
572 163 342 334 0.06328316 
924 54 18 27 0.03363985 
84 233 26 33 0.031037271 
617 16 22 29 0.02885871 
789 -1 43 38 0.027740043 
163 77 12 17 0.027004194 
552 14 39 47 0.026961526 
748 282 114 150 0.026200345 
988 201 20 45 0.024602946 
456 362 48 52 0.023080917 
824 6 12 11 0.022842778 
852 0 28 22 0.022468198 
