2_Demonstration_Demonstration_Or_Protest_2_368
194
736 218 28 38 0.9975707 
609 240 21 27 0.9957306 
644 230 18 25 0.9832903 
374 223 16 25 0.9733035 
881 239 17 34 0.966698 
977 261 20 22 0.93828905 
518 220 18 24 0.9193108 
572 220 18 28 0.8926655 
34 247 16 23 0.8847552 
300 234 16 22 0.741132 
460 239 10 15 0.73895836 
956 278 13 18 0.70075047 
4 217 16 20 0.60960245 
427 229 11 16 0.60371256 
950 263 11 14 0.3285331 
507 248 14 20 0.32247427 
54 210 9 12 0.2773598 
1009 257 11 16 0.2555179 
866 245 18 28 0.24951613 
92 230 13 17 0.2396532 
70 232 10 14 0.23520075 
722 236 18 24 0.21715768 
684 258 24 22 0.21277192 
970 255 18 21 0.20985642 
87 215 8 12 0.20960803 
565 243 13 18 0.17153145 
151 220 12 16 0.17045034 
457 227 11 18 0.1580497 
952 254 17 23 0.1563013 
827 203 11 15 0.14521536 
107 39 22 22 0.13576183 
887 244 22 40 0.12355687 
175 239 12 15 0.12335343 
150 231 13 19 0.114060715 
965 256 12 16 0.1110178 
833 256 19 28 0.10273579 
828 241 10 14 0.094269134 
405 206 10 16 0.07640407 
59 227 10 14 0.07246813 
1013 240 11 15 0.06638182 
113 11 18 22 0.066139385 
72 326 5 10 0.06532851 
860 203 11 19 0.06268887 
847 251 19 30 0.06213524 
476 242 10 14 0.058165725 
127 211 10 12 0.05686876 
48 238 12 18 0.056479286 
10 269 10 22 0.05627808 
461 246 14 21 0.056277614 
69 236 13 22 0.055695187 
950 270 14 21 0.055087373 
1027 250 16 24 0.05212111 
874 234 9 14 0.051658977 
611 449 30 48 0.05125265 
332 357 6 12 0.05099334 
287 402 7 8 0.0506734 
333 301 6 11 0.049295295 
21 173 5 9 0.048540886 
888 201 9 14 0.04760678 
108 194 10 13 0.047458217 
79 228 10 14 0.047194257 
69 214 11 12 0.046844862 
771 405 8 16 0.04491904 
45 249 11 19 0.044736683 
159 228 17 25 0.04462051 
666 261 16 14 0.043825064 
324 252 10 16 0.043256853 
32 183 6 9 0.042594768 
148 239 10 14 0.042546514 
108 169 10 14 0.042510632 
866 283 13 17 0.040387496 
33 199 7 9 0.03984256 
830 255 11 22 0.039603464 
806 220 11 18 0.039509203 
206 245 15 15 0.039345887 
46 183 7 9 0.03868101 
787 406 7 17 0.03817888 
54 230 12 19 0.038047273 
771 244 13 17 0.037724014 
0 197 5 11 0.036555443 
1088 282 10 17 0.036455072 
857 236 18 30 0.035327923 
854 231 11 18 0.034148354 
77 172 5 8 0.033927735 
840 166 13 21 0.033855855 
636 243 11 17 0.033604328 
1000 234 7 10 0.0333757 
1080 302 14 22 0.033063907 
566 253 14 18 0.032748405 
349 349 146 172 0.032712944 
904 285 24 32 0.032005448 
566 230 14 22 0.0319735 
8 166 6 9 0.030887693 
584 249 19 24 0.030509034 
432 251 13 15 0.030442469 
48 226 13 14 0.030177373 
496 234 10 17 0.030048205 
93 233 21 27 0.029983787 
354 350 5 9 0.02968597 
12 166 5 8 0.0296769 
379 341 7 12 0.029659102 
363 226 9 17 0.029286485 
422 347 7 12 0.028869007 
892 198 10 13 0.028841188 
20 199 6 8 0.028837582 
892 200 16 22 0.028669449 
1075 326 18 27 0.02864934 
948 254 10 15 0.028294323 
127 205 9 10 0.027302498 
327 360 8 13 0.027262347 
255 397 10 9 0.027163982 
123 14 13 17 0.026903545 
600 244 10 17 0.026860476 
1090 260 9 15 0.026782092 
972 297 33 56 0.026647968 
104 226 14 17 0.02660472 
889 259 31 46 0.026525032 
64 202 8 10 0.026218345 
81 221 10 13 0.026181025 
344 359 8 13 0.026067108 
50 204 7 10 0.026001718 
483 239 10 16 0.025945157 
826 242 17 27 0.025802089 
554 240 15 22 0.02567403 
852 253 9 16 0.02545511 
439 226 9 14 0.025390482 
66 177 6 9 0.025390444 
393 421 212 182 0.025338681 
554 234 10 16 0.024987418 
484 229 10 15 0.024984587 
938 267 11 16 0.024624493 
1023 268 21 31 0.024617141 
1052 261 14 23 0.024577774 
56 176 6 10 0.024357403 
444 228 16 25 0.024221892 
69 199 7 9 0.024194188 
67 220 12 14 0.024168376 
334 353 5 9 0.02415481 
689 204 7 10 0.023999043 
500 237 16 23 0.023710122 
690 208 7 12 0.023629738 
316 215 9 15 0.02353873 
46 204 6 10 0.023519952 
203 242 11 14 0.023512922 
65 198 7 9 0.023512319 
66 173 5 8 0.02344586 
816 413 8 16 0.02341194 
851 229 7 14 0.023313032 
467 239 16 19 0.023304032 
872 232 17 30 0.023227958 
945 259 31 39 0.0231041 
824 160 10 17 0.023082552 
437 244 11 17 0.022980079 
541 232 11 14 0.022832872 
884 202 9 14 0.022823604 
75 222 9 13 0.022784932 
801 413 7 13 0.022728363 
876 208 9 13 0.022663759 
31 216 7 10 0.022477455 
664 266 21 21 0.022377208 
369 350 8 11 0.02236598 
51 179 6 8 0.02229161 
10 161 4 6 0.022255298 
62 234 13 23 0.022176968 
13 162 5 6 0.022176601 
13 198 6 8 0.022113314 
53 174 5 8 0.022050275 
217 228 9 10 0.022012727 
48 166 4 7 0.021798206 
79 264 17 22 0.021711973 
452 146 11 14 0.021699058 
342 350 5 9 0.02161977 
903 208 14 15 0.021441102 
123 215 9 11 0.02128624 
146 224 12 18 0.021200052 
855 258 19 31 0.021193208 
1057 252 11 19 0.021146448 
528 364 5 12 0.021104928 
267 251 13 14 0.021091603 
822 252 22 36 0.020997804 
608 220 9 15 0.02084249 
61 209 10 12 0.020774096 
148 218 10 12 0.020680418 
293 402 8 9 0.020671034 
876 183 8 12 0.020643337 
2 172 4 9 0.020613657 
438 402 21 33 0.020468488 
1033 232 12 19 0.020454453 
952 249 8 14 0.020314343 
608 209 8 12 0.02020565 
813 240 17 27 0.020175857 
24 178 6 10 0.02012694 
479 232 11 17 0.020079982 
490 244 9 15 0.020045333 
