2_Demonstration_Political_Rally_2_224
71
606 114 83 110 0.99996233 
106 178 71 98 0.9993988 
346 97 69 100 0.9991474 
783 249 60 92 0.9969375 
903 262 46 84 0.98743665 
946 184 8 14 0.2617092 
773 536 45 85 0.2068566 
952 182 9 15 0.16553123 
277 165 14 32 0.14675981 
973 240 12 19 0.11628579 
855 256 33 64 0.09321558 
932 276 39 66 0.08925253 
277 125 10 18 0.085451335 
961 174 6 8 0.08462974 
239 132 17 26 0.07010739 
595 165 7 13 0.06536433 
937 203 10 17 0.0640582 
959 180 7 11 0.06297255 
952 222 9 12 0.05880563 
432 165 17 17 0.058795083 
809 590 70 76 0.057709232 
826 251 39 64 0.047621287 
181 174 11 17 0.047597997 
922 521 67 144 0.047465954 
251 305 54 71 0.040028013 
450 126 14 22 0.039741434 
952 175 7 9 0.037255153 
938 214 12 16 0.037177633 
1008 211 18 31 0.035776783 
423 158 34 47 0.034895565 
983 245 18 28 0.034146897 
246 129 11 16 0.03215885 
984 240 11 16 0.032017644 
966 186 7 11 0.031776097 
226 164 11 20 0.03125904 
209 138 11 15 0.031141274 
216 166 12 20 0.030963121 
944 219 12 17 0.030831883 
967 180 5 7 0.029689431 
956 281 32 54 0.029440563 
205 307 22 30 0.02924583 
909 109 9 12 0.028935404 
257 114 36 52 0.02739873 
1023 216 20 38 0.026749965 
953 182 18 26 0.026744917 
941 189 7 12 0.02661771 
268 157 16 32 0.026543055 
1018 556 37 80 0.026426993 
949 176 6 8 0.025709817 
278 143 29 48 0.025596956 
972 298 18 31 0.025538964 
1017 199 16 28 0.02546789 
44 272 9 14 0.024942236 
499 384 43 38 0.024585366 
958 190 8 12 0.023922766 
1032 214 29 52 0.0239058 
929 103 5 6 0.023808658 
961 170 6 7 0.023457851 
278 124 17 30 0.023191882 
928 116 6 9 0.023092596 
942 180 6 12 0.022577781 
1014 628 21 43 0.021890953 
964 175 6 8 0.021868428 
489 128 9 14 0.021765444 
107 178 11 17 0.021720938 
267 158 9 17 0.021621382 
875 262 32 64 0.021421613 
284 161 11 23 0.020968093 
610 330 23 37 0.020952279 
760 244 40 65 0.02057848 
1031 525 30 62 0.020416953 
