2_Demonstration_Demonstration_Or_Protest_2_1
448
410 244 38 55 0.9993499 
207 242 41 54 0.9991197 
608 248 39 56 0.9984701 
897 112 39 51 0.99844736 
962 276 39 52 0.9984296 
357 254 39 53 0.99838936 
484 282 35 55 0.99735814 
569 235 33 48 0.99514365 
205 124 49 62 0.99428856 
311 508 37 75 0.9934366 
324 475 40 60 0.99316263 
313 404 24 32 0.9912248 
483 33 31 41 0.99055547 
107 298 43 49 0.9872988 
817 525 32 52 0.98724604 
848 88 31 47 0.9858986 
349 10 34 42 0.9837107 
225 0 32 43 0.98160297 
544 156 15 17 0.9719273 
173 164 37 57 0.96549225 
225 550 19 22 0.9615569 
892 254 40 54 0.960639 
301 263 33 44 0.95887405 
532 267 26 47 0.9567448 
517 471 37 44 0.9538963 
929 268 33 50 0.9209278 
300 1 27 22 0.91086316 
973 172 39 47 0.8681387 
117 486 37 57 0.8503276 
482 248 29 41 0.8453928 
756 287 18 32 0.8103671 
151 497 34 47 0.79315674 
1005 117 25 44 0.7710223 
615 526 36 54 0.75162256 
192 595 37 73 0.7226177 
801 297 14 22 0.640315 
711 18 25 28 0.63060063 
807 233 21 48 0.5888699 
156 237 22 50 0.53206 
520 573 40 54 0.44206992 
60 250 10 19 0.4240903 
265 327 16 23 0.3738128 
247 274 20 27 0.36060986 
960 170 31 39 0.35799417 
745 571 37 52 0.35055265 
675 124 14 22 0.3023898 
796 133 9 12 0.3018653 
788 267 22 40 0.29470947 
347 237 24 30 0.29234335 
41 274 30 73 0.27569595 
833 260 44 67 0.2502744 
812 237 40 71 0.24278244 
303 304 18 22 0.23939832 
718 183 8 13 0.19970001 
667 525 31 64 0.19663507 
72 17 21 42 0.19245136 
706 248 21 28 0.18668193 
188 150 36 57 0.17504925 
501 239 28 40 0.16190417 
880 129 22 41 0.14754577 
994 157 25 53 0.1334751 
670 153 15 30 0.13008907 
638 532 30 49 0.12985247 
805 80 7 11 0.12692864 
104 629 34 64 0.12528957 
202 501 23 22 0.12461439 
37 61 10 20 0.12358404 
807 70 5 8 0.122946374 
694 111 8 12 0.11895785 
136 245 30 48 0.118398584 
982 19 21 37 0.11663218 
371 541 27 50 0.113833174 
936 147 22 29 0.11298881 
686 533 32 61 0.1113276 
765 105 7 12 0.10947642 
619 5 7 8 0.10572516 
689 120 6 11 0.10571707 
614 4 6 9 0.10263712 
790 197 10 13 0.10018468 
670 193 10 18 0.09617532 
640 263 23 37 0.09599586 
710 191 7 11 0.08815466 
1007 115 44 75 0.08812293 
666 120 16 25 0.08754472 
387 247 35 50 0.085572645 
768 559 20 32 0.08474567 
145 476 12 17 0.083657004 
298 421 7 9 0.08282704 
807 65 4 6 0.0790965 
768 636 27 28 0.0777148 
735 353 16 30 0.07526152 
885 574 12 19 0.07449579 
762 101 7 11 0.07434287 
586 160 12 14 0.07427407 
721 180 5 9 0.07425497 
45 143 35 69 0.07318425 
759 588 38 44 0.07281372 
290 440 27 48 0.070477456 
687 515 18 44 0.070328906 
982 23 12 20 0.069476746 
213 554 11 15 0.06893949 
705 508 41 80 0.06794735 
730 190 7 12 0.06784478 
136 474 21 34 0.066588044 
131 139 30 59 0.06598504 
820 124 7 13 0.06478534 
55 285 10 20 0.0645495 
774 108 4 8 0.06411591 
609 1 6 8 0.06344338 
798 251 27 56 0.06291976 
305 234 34 53 0.061665103 
56 251 19 42 0.061064318 
159 187 34 55 0.059429318 
799 128 7 11 0.05876066 
385 25 19 27 0.058653783 
167 500 16 19 0.05761072 
773 114 6 11 0.05755553 
304 172 19 39 0.056798063 
973 606 14 16 0.056083858 
56 198 17 32 0.05572706 
791 70 5 9 0.05560907 
123 226 13 23 0.054668885 
61 21 9 21 0.054547254 
459 382 34 42 0.052920662 
657 538 24 43 0.052793358 
274 5 10 9 0.05255254 
780 130 7 10 0.052098803 
821 66 4 5 0.051734343 
713 249 33 61 0.050898165 
741 264 8 14 0.050565515 
341 252 26 41 0.05011696 
362 362 12 14 0.049458947 
515 247 22 39 0.04855097 
118 257 38 59 0.048408944 
812 65 4 5 0.04810606 
618 602 39 59 0.04801521 
486 177 12 19 0.047832597 
728 195 8 14 0.0478291 
747 5 6 10 0.047131684 
784 426 15 16 0.04598022 
162 523 20 32 0.044794947 
389 23 12 13 0.044512838 
722 214 10 14 0.044213247 
147 67 33 72 0.043655194 
724 23 22 26 0.043335065 
156 79 10 18 0.04265205 
479 227 21 39 0.042105496 
77 214 7 14 0.042088073 
257 14 9 15 0.04205793 
235 549 18 22 0.042032912 
831 72 4 5 0.042019032 
598 162 18 21 0.04154211 
682 115 15 23 0.041474532 
768 65 4 6 0.04105818 
781 42 6 8 0.04075717 
518 0 9 12 0.04061865 
745 35 8 10 0.04053397 
756 122 4 7 0.04049699 
761 140 5 7 0.03942056 
735 266 30 52 0.03931048 
693 174 5 7 0.03926285 
844 115 8 14 0.039133325 
551 556 19 30 0.038666893 
848 163 19 31 0.038630527 
828 72 4 6 0.038518474 
714 195 9 13 0.03848634 
652 7 7 11 0.038253427 
747 275 8 16 0.037782528 
755 558 22 42 0.037693307 
676 191 7 12 0.037380323 
947 632 52 48 0.03704438 
36 65 16 32 0.036684696 
661 182 8 13 0.03657418 
57 376 23 41 0.03657366 
81 204 9 14 0.036476325 
755 46 6 9 0.036385942 
402 551 30 50 0.03634462 
767 85 5 6 0.03618635 
420 639 7 13 0.03606074 
707 191 15 23 0.03592574 
58 18 18 36 0.035857182 
745 357 11 20 0.035837315 
558 230 23 34 0.0358208 
843 105 21 33 0.03561626 
308 184 29 62 0.035602655 
721 189 8 12 0.03558325 
996 288 19 32 0.035435587 
500 4 10 13 0.0354305 
777 128 5 8 0.03530191 
677 175 7 10 0.035138354 
152 317 11 14 0.03508514 
837 149 14 26 0.035082154 
604 0 5 7 0.03503074 
451 652 11 12 0.034881383 
710 92 4 6 0.034811255 
694 165 5 7 0.03478897 
416 644 8 13 0.034719247 
521 240 11 17 0.034713224 
786 83 5 8 0.034712605 
866 257 53 72 0.034642402 
788 62 3 5 0.034176134 
770 612 26 32 0.034167796 
998 552 23 32 0.033811588 
940 516 7 8 0.033625178 
606 556 65 95 0.03351005 
886 602 99 75 0.033471078 
1014 626 10 17 0.033294868 
178 476 11 14 0.033269867 
698 93 3 4 0.033003833 
305 420 10 13 0.032800313 
795 129 7 10 0.032751486 
773 565 10 17 0.032714065 
93 293 19 33 0.032644592 
812 151 10 13 0.032631863 
81 19 9 15 0.03254667 
501 563 21 27 0.032495316 
148 487 24 33 0.032247394 
803 69 4 7 0.03214091 
710 96 4 5 0.032066397 
695 528 10 23 0.032035932 
515 277 32 52 0.03199109 
356 526 30 60 0.031863943 
402 525 32 49 0.031852912 
735 28 18 24 0.031730197 
516 570 22 35 0.031704698 
764 65 4 6 0.03161307 
808 2 3 5 0.031596143 
1007 559 12 18 0.031460345 
730 543 33 60 0.031455267 
723 196 8 12 0.031392764 
584 254 27 45 0.03134475 
832 67 4 4 0.03133023 
792 83 5 9 0.031252343 
867 546 34 45 0.031245869 
785 186 18 22 0.031236997 
737 259 17 28 0.031065695 
782 61 4 5 0.030704666 
474 168 18 29 0.030548627 
803 65 4 6 0.030386638 
357 76 19 24 0.030374838 
811 71 4 6 0.03029157 
303 439 17 27 0.030248042 
190 506 24 23 0.030237356 
586 149 11 15 0.030219797 
76 202 16 29 0.030191442 
782 108 4 6 0.030058416 
706 4 26 28 0.030050652 
819 109 5 7 0.03004109 
794 43 5 7 0.029995844 
812 163 9 13 0.029958583 
467 431 29 53 0.029904624 
537 200 10 15 0.029703956 
763 17 7 11 0.029599616 
801 2 3 5 0.029521333 
718 176 5 6 0.029381698 
923 116 20 34 0.029328726 
781 411 23 27 0.029291952 
822 70 4 5 0.029245606 
872 94 23 39 0.029240523 
842 115 5 10 0.02923248 
649 267 9 13 0.029038789 
528 248 22 39 0.029005546 
299 5 13 11 0.028997943 
780 268 17 33 0.028945709 
709 175 4 6 0.028665094 
932 123 9 17 0.028542524 
581 161 11 15 0.028536098 
202 197 32 60 0.028520452 
700 235 20 25 0.028500697 
775 65 3 5 0.02834157 
813 3 3 4 0.028285868 
808 62 3 5 0.028264914 
696 155 4 5 0.028088024 
852 2 2 4 0.028057203 
732 124 4 5 0.027794726 
791 75 5 8 0.027771443 
792 65 4 6 0.027680844 
724 116 3 5 0.027605394 
706 93 4 5 0.027596809 
707 175 4 6 0.027458617 
180 515 19 25 0.027415391 
781 121 5 9 0.02738804 
310 153 18 35 0.027256643 
824 108 5 8 0.027162207 
169 233 20 37 0.027152484 
997 636 11 12 0.027112108 
166 594 39 69 0.027037913 
1009 288 9 15 0.027006432 
760 136 4 7 0.026947834 
777 61 3 5 0.026911864 
820 7 4 6 0.026833557 
768 112 6 10 0.026765479 
361 354 22 26 0.026703691 
744 123 4 6 0.02656842 
754 76 4 7 0.02653731 
296 420 6 7 0.026528627 
528 223 28 45 0.026462683 
144 493 10 18 0.026455242 
322 231 23 39 0.026439715 
733 186 5 8 0.026378386 
863 579 45 49 0.026291678 
833 7 3 5 0.02624918 
807 40 3 6 0.026198369 
1010 310 8 14 0.026162762 
727 209 12 19 0.026129153 
812 128 6 9 0.026030136 
695 516 8 17 0.026018606 
847 0 2 2 0.026001023 
845 8 4 6 0.025914013 
768 70 3 6 0.025821086 
155 22 25 34 0.025821075 
852 0 3 2 0.025807695 
1015 304 17 30 0.025677431 
134 289 34 46 0.025569532 
42 56 9 15 0.025519477 
735 163 5 6 0.025457177 
389 651 8 12 0.025418887 
827 67 3 5 0.025409093 
696 163 4 5 0.025405694 
683 178 6 8 0.025283609 
473 170 8 15 0.025192847 
806 123 4 7 0.025192386 
789 63 4 7 0.025192248 
702 4 9 10 0.02516494 
722 150 4 6 0.025136566 
857 16 4 4 0.025082737 
802 40 3 6 0.025066508 
543 547 39 54 0.024996864 
549 221 20 33 0.024827102 
805 128 5 8 0.024623884 
683 191 6 8 0.024566356 
58 180 20 37 0.02456136 
802 61 3 5 0.024542281 
54 278 19 38 0.024526943 
785 126 6 10 0.024415955 
344 16 11 17 0.024407415 
590 231 24 37 0.024398085 
647 7 7 9 0.02438616 
279 2 9 8 0.024189651 
960 593 36 40 0.024186676 
788 146 6 9 0.024128519 
722 196 16 24 0.024051996 
814 63 3 3 0.024043616 
755 163 3 6 0.02397742 
676 0 7 8 0.023926096 
665 200 10 18 0.023910698 
515 248 12 19 0.023891479 
829 507 25 43 0.02380978 
841 7 3 5 0.023808615 
756 176 4 6 0.023775456 
683 165 6 10 0.023762025 
780 115 6 9 0.023624368 
797 152 7 10 0.023612238 
695 0 22 26 0.023587985 
754 72 4 7 0.023384884 
828 75 5 7 0.023365607 
44 9 17 27 0.023339137 
787 187 9 11 0.023244232 
794 109 6 6 0.023231765 
782 64 4 6 0.023163421 
239 164 30 59 0.02312088 
482 210 24 37 0.023031378 
115 206 32 54 0.023025788 
268 4 9 11 0.022975463 
847 3 2 3 0.022855269 
110 561 35 66 0.022823438 
337 4 9 13 0.022817709 
772 296 9 16 0.02280653 
378 18 18 25 0.022802584 
17 224 10 18 0.022752253 
788 75 5 8 0.02271257 
783 605 11 16 0.022696352 
745 266 8 14 0.022645548 
493 0 18 22 0.022609318 
755 166 4 5 0.022595566 
792 125 16 23 0.022550847 
739 1 16 23 0.022493083 
155 297 18 27 0.022475436 
733 197 7 11 0.02240668 
723 124 3 5 0.022392955 
820 107 4 4 0.02237335 
710 109 4 6 0.022339372 
732 116 4 5 0.022213073 
756 179 5 6 0.022201788 
918 132 25 37 0.022112401 
764 85 4 6 0.02205183 
522 293 11 18 0.021949973 
735 166 4 5 0.021914216 
322 4 13 14 0.021907315 
840 3 2 4 0.021904342 
208 178 22 44 0.021870349 
692 199 6 7 0.021830378 
293 425 9 10 0.02182457 
1002 189 44 67 0.021815082 
339 270 8 15 0.021779982 
1024 327 20 38 0.021729963 
786 140 7 9 0.021712426 
813 41 3 5 0.02168351 
764 88 5 8 0.021640021 
768 60 3 5 0.021604748 
250 386 16 29 0.021587368 
52 581 69 97 0.021587169 
614 151 9 12 0.021567378 
643 575 33 54 0.021500641 
289 424 7 7 0.021497201 
0 237 6 18 0.021391634 
38 10 8 16 0.0213353 
655 10 8 11 0.021315191 
1018 537 17 25 0.021291638 
590 157 18 20 0.021245232 
886 253 25 32 0.021230252 
608 484 35 55 0.021142162 
834 4 3 4 0.021140426 
213 397 21 33 0.021114623 
333 267 21 34 0.021054223 
736 110 4 6 0.021037543 
161 343 19 28 0.021018043 
258 508 29 50 0.020952841 
542 194 10 17 0.020906674 
546 258 33 51 0.020835817 
722 166 4 6 0.020805892 
699 97 3 4 0.020796994 
136 338 23 34 0.02066419 
708 0 8 8 0.020654699 
593 537 38 61 0.020648083 
1025 52 21 40 0.020645956 
752 277 8 15 0.020545967 
562 232 10 17 0.020506298 
629 13 5 8 0.020501448 
763 147 4 7 0.020491384 
743 162 4 6 0.020485999 
639 215 5 8 0.02045065 
822 115 6 10 0.020448118 
67 154 19 41 0.020423416 
1014 628 25 44 0.02039039 
602 -2 5 5 0.02032155 
639 1 5 7 0.020297226 
735 127 4 6 0.020291612 
400 1 15 13 0.020282008 
775 632 15 18 0.020241898 
810 81 6 9 0.020210879 
977 326 20 31 0.020152131 
59 13 42 75 0.020143658 
706 197 7 10 0.020138497 
760 565 9 19 0.020132858 
71 410 24 31 0.020116316 
723 111 4 5 0.020036 
757 128 5 6 0.020019157 
