2_Demonstration_Demonstration_Or_Protest_2_402
871
476 126 45 48 0.99719244 
387 114 52 55 0.96585953 
798 124 54 66 0.95657665 
314 152 57 65 0.9547829 
190 151 50 66 0.92839473 
668 144 59 54 0.9094526 
610 115 47 58 0.8525991 
500 10 7 11 0.7867156 
863 246 12 16 0.76442313 
618 26 17 25 0.71694434 
279 291 10 16 0.67285854 
647 65 15 13 0.6445403 
771 6 22 28 0.6059834 
849 260 9 14 0.59641284 
920 234 11 19 0.4463447 
831 252 10 13 0.43507728 
593 22 18 27 0.43311915 
286 321 9 16 0.42131224 
727 85 8 17 0.39798677 
309 7 9 15 0.3888319 
528 12 7 10 0.37177947 
719 402 12 22 0.33960012 
499 17 8 13 0.3267996 
486 18 9 11 0.31552023 
301 293 7 12 0.29637054 
609 71 13 14 0.28432217 
394 1 10 9 0.28104332 
434 5 6 8 0.27290925 
176 368 11 15 0.26648006 
311 15 9 16 0.26439586 
719 375 9 14 0.25031024 
488 12 8 10 0.24810305 
372 17 8 13 0.24434364 
635 64 12 11 0.23087256 
464 11 10 10 0.21662551 
625 392 11 20 0.21570593 
682 91 13 16 0.21360768 
240 3 13 14 0.2120171 
707 14 8 13 0.20746951 
970 77 8 15 0.20566927 
642 34 9 13 0.20170787 
518 17 6 11 0.20003639 
447 25 9 9 0.19729564 
286 5 10 18 0.19601433 
357 528 8 15 0.19567095 
300 311 8 16 0.19423774 
254 250 10 18 0.18645602 
523 0 5 8 0.1818074 
485 71 15 21 0.18109898 
479 57 9 11 0.17458285 
385 9 8 12 0.17330383 
318 16 10 15 0.16785248 
912 9 21 36 0.16362195 
1016 255 9 15 0.16142462 
410 41 13 13 0.1554158 
319 358 9 14 0.1523187 
393 36 11 16 0.1498332 
706 437 10 19 0.14701065 
692 25 10 11 0.14698815 
330 54 9 17 0.14577207 
208 517 10 19 0.14571106 
914 218 10 17 0.14390507 
312 52 18 29 0.14309877 
477 7 6 8 0.1416592 
401 487 13 21 0.14117663 
714 472 10 15 0.13763566 
447 32 9 11 0.13720815 
382 424 11 15 0.13529605 
231 21 13 18 0.1340527 
421 23 9 9 0.13319747 
918 223 11 19 0.12996809 
186 253 9 12 0.1290636 
443 63 13 12 0.12359327 
237 200 16 25 0.123569556 
822 376 16 20 0.12170086 
866 191 12 16 0.11969997 
389 21 10 11 0.11592403 
383 18 9 12 0.11522108 
291 279 9 14 0.11406884 
320 431 12 16 0.11392493 
513 106 20 25 0.110864505 
445 5 8 9 0.10995561 
285 49 10 18 0.109014414 
756 270 9 15 0.108965114 
1002 207 9 14 0.10868457 
1017 356 6 10 0.10863388 
359 61 8 11 0.10764497 
144 261 8 13 0.10738751 
341 11 11 12 0.10709775 
579 20 7 11 0.1065527 
707 401 8 14 0.10519395 
357 27 11 14 0.10221551 
742 393 14 25 0.10169144 
433 31 7 10 0.10159361 
459 18 9 9 0.0995175 
305 361 10 14 0.09907866 
333 514 15 26 0.09884575 
726 66 8 12 0.09816494 
345 54 9 13 0.09719974 
321 49 16 26 0.096422166 
373 14 6 8 0.09503005 
639 202 8 11 0.094348386 
691 225 8 10 0.09243319 
816 297 11 17 0.0904701 
139 310 8 15 0.08988001 
421 42 8 10 0.089657165 
654 24 6 8 0.08962666 
517 14 5 8 0.08950975 
434 24 6 7 0.08883862 
329 596 11 12 0.08784758 
48 191 7 12 0.0874776 
359 79 20 38 0.086942285 
417 5 8 9 0.086472064 
286 29 10 17 0.08638006 
156 256 16 25 0.08609707 
479 33 7 7 0.08489491 
1015 222 8 13 0.08411574 
766 157 33 49 0.08262528 
428 24 7 7 0.082246676 
1003 283 7 13 0.08113637 
428 62 11 10 0.0809031 
152 155 18 28 0.0808849 
705 3 7 10 0.08085486 
450 57 10 9 0.08026138 
267 285 7 11 0.07945102 
729 30 7 11 0.07898861 
317 34 10 15 0.07898544 
432 6 5 7 0.078874804 
964 315 13 15 0.07867849 
135 331 9 15 0.07810352 
310 40 9 16 0.07807633 
410 13 9 9 0.07692947 
699 438 13 27 0.07564314 
291 232 11 16 0.07544326 
413 30 9 10 0.07540397 
645 23 6 10 0.0753183 
441 69 21 18 0.07525589 
301 455 20 24 0.0746634 
706 24 7 10 0.07450584 
1011 214 9 14 0.07434676 
441 21 6 7 0.07394538 
534 49 10 11 0.07380396 
370 33 10 14 0.07378781 
525 31 7 11 0.073691055 
464 8 8 8 0.07350886 
412 18 10 10 0.07258287 
394 16 9 13 0.07215847 
529 17 7 10 0.071438365 
677 16 7 9 0.07135061 
579 44 9 11 0.070037 
593 78 10 14 0.069846325 
547 171 8 10 0.06932961 
472 73 9 12 0.06717577 
1018 332 7 11 0.0647148 
492 22 7 9 0.06470887 
1007 268 8 14 0.064630575 
442 2 6 6 0.06448542 
446 1 6 6 0.064347535 
672 13 7 7 0.064029224 
480 37 8 9 0.063994475 
514 17 6 9 0.06388483 
362 20 6 9 0.06341739 
95 214 9 12 0.06312904 
759 215 7 10 0.0626243 
455 20 7 7 0.06260519 
158 185 18 31 0.062125906 
976 13 17 29 0.061904296 
457 385 10 15 0.06189741 
520 4 6 8 0.061569076 
657 26 7 8 0.0614868 
756 247 7 12 0.06125837 
518 68 9 12 0.06094471 
375 490 11 20 0.060367253 
773 151 8 15 0.060229797 
378 2 5 6 0.059769742 
894 242 8 13 0.059028294 
414 24 9 11 0.0590279 
519 22 7 12 0.058726903 
988 95 8 13 0.058724664 
153 329 10 17 0.058614716 
404 92 26 24 0.05839307 
861 176 12 16 0.058086887 
844 243 10 15 0.05807092 
300 288 6 11 0.0579018 
428 37 8 10 0.057314217 
305 292 7 13 0.05731293 
910 234 6 11 0.05720346 
452 25 7 8 0.05717374 
450 76 12 14 0.05701756 
593 8 11 12 0.056445368 
568 57 6 9 0.056256294 
647 2 5 6 0.056118343 
498 385 8 12 0.05604969 
627 236 7 10 0.05601598 
1001 311 13 10 0.055824522 
577 61 8 12 0.055324208 
550 11 9 11 0.055162515 
431 2 5 6 0.055161558 
135 313 8 15 0.055118766 
145 370 17 25 0.05484428 
489 83 14 24 0.05451984 
538 6 7 8 0.05442401 
753 419 7 12 0.054152764 
544 130 5 6 0.054081634 
688 4 8 9 0.05406744 
714 237 10 13 0.05395378 
426 452 8 13 0.05389501 
658 31 8 9 0.05343746 
767 233 8 15 0.05333211 
524 5 6 9 0.05332066 
372 113 39 40 0.053270597 
1015 221 16 28 0.052836213 
190 365 8 15 0.05280435 
472 12 7 9 0.052614596 
534 303 9 15 0.052331716 
624 70 9 10 0.052182823 
315 30 9 13 0.052050956 
978 203 15 24 0.051833775 
477 523 8 12 0.05182221 
625 268 8 13 0.051677514 
597 67 10 14 0.051664714 
152 205 17 26 0.05161287 
869 210 15 21 0.05137713 
476 2 5 5 0.05127141 
258 330 6 13 0.05053528 
656 190 11 16 0.050239246 
466 324 10 19 0.050155677 
752 365 10 15 0.050060146 
349 52 9 13 0.05001707 
499 44 7 10 0.04993348 
430 58 21 18 0.049817532 
733 470 6 11 0.049792588 
536 68 7 10 0.04974896 
747 197 6 11 0.04961276 
979 401 9 12 0.049138512 
337 60 7 13 0.04901645 
565 0 5 5 0.048630815 
491 6 7 10 0.048320983 
671 27 8 8 0.048272125 
344 474 8 15 0.048125748 
575 154 6 8 0.048020236 
592 10 18 24 0.047947265 
576 128 4 6 0.047888733 
1012 354 6 7 0.047843616 
469 372 9 18 0.04770265 
651 4 7 8 0.04767394 
641 6 5 7 0.047582403 
319 503 8 14 0.04752924 
688 64 7 8 0.047285292 
552 16 10 12 0.04697267 
430 12 6 7 0.04683311 
730 490 7 9 0.046663955 
252 291 6 12 0.0464526 
621 7 5 6 0.04639541 
480 43 10 11 0.0463066 
567 62 7 10 0.046060115 
595 65 8 11 0.045983642 
422 63 8 9 0.045938447 
641 2 5 6 0.045927484 
377 6 5 8 0.04571726 
191 277 8 12 0.045599222 
969 322 11 14 0.045466162 
308 63 16 29 0.045382723 
389 519 10 17 0.045329567 
518 49 7 12 0.045226283 
661 5 5 7 0.045134306 
90 224 6 8 0.045033593 
447 21 6 8 0.044868536 
419 431 9 15 0.044737957 
350 18 7 10 0.044689275 
979 343 11 10 0.044548657 
324 35 9 15 0.044168063 
478 73 10 15 0.044078443 
390 5 8 9 0.04387806 
919 212 7 10 0.043863337 
432 58 9 10 0.043816473 
479 1 5 5 0.04346088 
481 20 7 9 0.04335781 
528 65 8 9 0.043313984 
978 214 18 27 0.04323453 
143 314 9 16 0.04321348 
301 271 6 11 0.043180056 
414 291 7 13 0.04299505 
551 8 7 8 0.042994395 
557 1 5 5 0.042956162 
237 444 14 27 0.042869814 
324 500 9 15 0.04278095 
565 57 5 8 0.042545166 
345 24 9 11 0.042509884 
383 1 5 6 0.042498205 
408 542 8 13 0.042165034 
409 25 8 11 0.042157345 
978 105 11 16 0.04207315 
390 73 10 12 0.04203037 
337 75 9 11 0.042000078 
894 251 9 17 0.041968126 
15 121 18 40 0.041893367 
709 45 6 8 0.041684978 
1015 247 9 15 0.041656405 
1010 80 14 26 0.041582927 
126 319 6 13 0.041476127 
163 232 9 16 0.041463446 
224 531 9 14 0.0413763 
319 565 9 13 0.041336633 
814 240 6 12 0.04125914 
456 14 6 7 0.04121775 
973 117 10 14 0.04119806 
530 23 7 9 0.040925838 
1004 261 7 13 0.040875893 
170 341 12 20 0.0407718 
462 112 22 25 0.040722538 
435 44 6 8 0.04070932 
631 237 6 9 0.040627334 
694 35 10 11 0.04060277 
461 2 6 5 0.040495466 
552 414 5 9 0.0403339 
157 6 9 11 0.040149756 
329 492 13 17 0.040064406 
832 46 18 29 0.03997988 
417 1 6 6 0.039972275 
708 427 9 13 0.039910775 
333 71 9 15 0.03979964 
300 6 6 11 0.039676514 
978 13 9 14 0.039476015 
773 142 19 36 0.039379273 
605 5 8 8 0.039337143 
664 62 10 10 0.039254077 
419 11 8 8 0.03920625 
409 70 10 8 0.03915556 
529 8 6 8 0.039146084 
350 57 10 14 0.038954336 
971 180 13 13 0.03874305 
708 49 6 10 0.038741823 
364 134 37 42 0.03866674 
698 69 9 9 0.038614523 
787 442 8 16 0.038282957 
250 252 8 15 0.038080625 
232 4 18 21 0.038067237 
623 232 4 7 0.038037885 
701 31 7 10 0.038033497 
632 212 6 9 0.037770513 
718 141 26 40 0.037675623 
994 221 10 16 0.037549652 
538 10 6 9 0.03752893 
1005 264 14 26 0.037512638 
602 0 8 8 0.037391916 
471 37 8 9 0.037382368 
696 79 11 12 0.037337195 
781 399 8 14 0.03720949 
525 17 7 10 0.03709896 
101 176 11 18 0.03695829 
546 168 6 9 0.03695289 
485 33 6 7 0.03690422 
628 214 6 11 0.036867358 
632 94 23 23 0.036832653 
479 49 11 13 0.03682472 
441 253 8 11 0.03680914 
629 34 10 13 0.036705025 
399 4 9 9 0.036702458 
146 331 14 23 0.036627147 
736 309 9 12 0.036592968 
626 232 5 7 0.036430757 
175 91 17 29 0.036331546 
1016 259 16 26 0.036320366 
340 8 8 9 0.036292665 
701 73 9 12 0.036267783 
347 247 7 12 0.03626749 
902 224 7 15 0.03611482 
910 220 8 15 0.036048334 
481 25 7 7 0.036029436 
747 215 6 10 0.036009964 
179 177 292 427 0.03593911 
545 431 7 15 0.035933387 
570 190 9 13 0.035826877 
575 82 7 8 0.03571729 
708 2 5 7 0.03570422 
981 232 11 16 0.03568889 
441 35 7 11 0.035683177 
640 209 7 9 0.035553176 
502 22 7 11 0.03545367 
684 76 5 8 0.035426725 
818 224 8 10 0.03540784 
789 370 12 15 0.035369962 
413 67 10 9 0.035314437 
600 4 10 12 0.03518004 
748 235 7 11 0.03508502 
758 251 9 14 0.03500525 
293 316 8 14 0.03494866 
402 237 6 9 0.034930877 
835 237 15 22 0.03488627 
636 373 9 15 0.034796417 
330 91 10 17 0.034762856 
620 12 8 9 0.0347118 
319 7 7 10 0.03470793 
977 157 12 11 0.034611445 
760 144 7 15 0.03455954 
741 492 9 14 0.034515467 
560 197 8 13 0.034494333 
322 12 8 11 0.034481112 
460 24 8 8 0.03434939 
689 1 6 7 0.034332912 
641 41 8 10 0.03414997 
348 78 18 27 0.034075856 
245 210 10 18 0.034045577 
547 82 6 9 0.033968907 
860 218 9 14 0.03372569 
443 13 7 8 0.03358929 
31 12 4 7 0.033538 
863 267 8 12 0.033472907 
1018 332 15 19 0.03333215 
312 507 10 15 0.03330483 
398 35 10 13 0.03327654 
401 31 8 11 0.033176403 
303 329 8 16 0.03315307 
323 125 44 51 0.0330783 
974 280 18 19 0.033003367 
308 259 6 10 0.03293242 
386 27 17 20 0.032864347 
491 48 8 10 0.03285606 
538 106 5 6 0.03274997 
684 237 7 10 0.03269287 
988 228 15 23 0.03257591 
746 229 8 11 0.03252121 
365 512 10 15 0.03244674 
616 17 6 10 0.032442663 
484 61 8 11 0.032427758 
533 147 5 7 0.03240438 
427 510 6 10 0.032303534 
616 6 5 6 0.032250673 
1006 357 7 8 0.032239456 
413 197 6 10 0.032222226 
995 341 12 11 0.032205693 
651 252 7 11 0.032193746 
1010 259 8 12 0.03215753 
524 64 7 9 0.032146353 
634 66 23 19 0.03206625 
640 255 8 14 0.032038335 
372 2 4 5 0.032037947 
391 228 8 14 0.032003976 
163 22 13 19 0.031842683 
162 411 23 26 0.031841982 
683 36 7 10 0.03180774 
683 80 20 23 0.031654697 
486 1 5 5 0.031416375 
666 14 6 7 0.03140006 
488 8 6 8 0.03135909 
731 185 7 11 0.031348977 
316 530 11 16 0.031332705 
672 8 5 6 0.031324062 
691 74 19 22 0.031304136 
470 16 8 10 0.031247228 
543 0 6 6 0.03118683 
404 241 7 12 0.031149331 
702 80 8 11 0.031120023 
721 454 10 18 0.03101259 
1020 300 16 20 0.030994972 
690 70 6 7 0.030976215 
915 233 7 14 0.030972239 
983 300 9 9 0.030893067 
672 16 8 9 0.030851208 
522 50 8 11 0.030832948 
93 221 9 12 0.03076713 
517 44 6 11 0.030643191 
684 13 6 8 0.030626584 
154 260 9 14 0.030582787 
780 426 10 12 0.03055527 
688 112 29 31 0.030533867 
323 62 10 17 0.030390572 
456 259 9 14 0.030332547 
816 260 7 11 0.030302098 
665 147 32 33 0.030218177 
587 63 7 10 0.030202594 
311 292 6 13 0.030194111 
299 234 8 12 0.030183654 
288 275 7 12 0.03007428 
362 34 8 13 0.030005889 
620 2 6 6 0.029960882 
361 470 7 14 0.029946618 
726 73 9 13 0.029909482 
521 112 10 14 0.02984102 
557 414 5 9 0.029809635 
497 525 6 9 0.029668106 
539 1 6 6 0.029615456 
527 36 9 9 0.029533418 
575 58 15 22 0.029457973 
891 237 6 10 0.029451465 
491 33 6 7 0.02939832 
29 12 4 7 0.029388314 
698 12 7 11 0.029356861 
317 45 11 21 0.029331462 
603 27 10 16 0.029324282 
575 55 10 12 0.029267397 
427 43 7 8 0.029203027 
410 1 5 6 0.029185735 
498 39 6 8 0.029063404 
683 83 10 12 0.02899373 
712 439 13 24 0.028981056 
165 342 10 17 0.028898353 
351 26 8 10 0.028820526 
899 243 7 11 0.028799808 
975 73 9 14 0.028752716 
845 32 10 16 0.028704187 
631 20 7 8 0.028695846 
436 503 7 11 0.028659785 
691 220 7 7 0.02861866 
486 84 8 14 0.028609984 
358 2 5 5 0.028456083 
689 490 18 25 0.028437966 
494 381 14 26 0.028218502 
335 36 9 13 0.028199967 
486 506 6 9 0.028104302 
494 73 9 14 0.028084762 
626 19 9 10 0.0280799 
695 63 17 21 0.02801141 
573 89 9 10 0.027990675 
476 57 16 20 0.027988387 
333 432 8 11 0.027922181 
921 157 8 14 0.02791001 
626 6 6 7 0.027886504 
714 363 7 11 0.027874742 
285 71 10 20 0.027857978 
696 17 8 11 0.027839918 
642 166 44 52 0.02781778 
373 7 4 7 0.027805055 
990 300 9 8 0.0277334 
467 41 10 11 0.027721988 
361 56 9 12 0.027721735 
132 280 6 11 0.027666416 
397 446 13 16 0.027650142 
713 221 6 11 0.027645634 
1016 55 16 31 0.027627517 
587 132 16 30 0.027614756 
589 128 6 11 0.027510438 
385 522 8 15 0.027482972 
676 93 12 18 0.027441088 
332 60 17 26 0.027423657 
1000 214 17 29 0.027416758 
838 234 8 12 0.027391043 
1021 364 15 22 0.027330017 
700 18 14 21 0.027307179 
531 45 9 10 0.027294371 
521 29 6 11 0.027228383 
642 20 6 7 0.027184607 
606 143 42 53 0.02709374 
589 10 9 12 0.027060702 
964 353 12 11 0.027049152 
366 2 5 5 0.026959809 
652 43 7 8 0.026958797 
560 192 6 9 0.026927566 
139 13 6 9 0.026911281 
457 14 17 17 0.02690653 
589 133 7 13 0.026896292 
983 356 11 9 0.02688911 
1012 389 7 7 0.026888015 
978 251 10 12 0.02684443 
760 165 6 11 0.026808403 
100 4 10 11 0.026754802 
685 69 6 8 0.026736908 
778 210 5 8 0.026733935 
404 25 6 11 0.026681965 
420 1 6 7 0.026671637 
628 2 4 5 0.026626518 
318 246 9 14 0.026610155 
401 266 8 13 0.026571775 
159 165 17 32 0.026478149 
434 50 8 8 0.026436083 
1018 327 8 9 0.026427409 
458 56 12 11 0.026393922 
408 26 18 19 0.026379723 
480 -1 5 4 0.026358668 
385 186 16 24 0.02634339 
359 15 14 18 0.026288675 
292 305 9 13 0.02627728 
434 12 5 7 0.026267713 
995 154 12 11 0.026267048 
874 248 9 13 0.026231369 
529 425 5 11 0.026197072 
908 241 8 14 0.026177306 
451 54 22 22 0.026160356 
346 1 7 7 0.026148854 
524 -1 5 5 0.026142262 
410 64 9 9 0.02613811 
727 18 8 13 0.026124118 
408 243 7 11 0.026037034 
228 5 8 10 0.025988748 
247 324 6 13 0.025952632 
740 436 10 17 0.025912125 
1017 352 16 21 0.025846012 
11 181 4 7 0.025795273 
665 57 10 9 0.025762448 
623 235 5 9 0.025762253 
134 375 8 14 0.025742328 
322 559 10 16 0.025677064 
635 7 5 6 0.025667557 
558 174 5 6 0.02566454 
875 264 14 22 0.025660561 
776 75 15 15 0.025651667 
545 17 7 10 0.02561541 
1020 370 6 8 0.025445025 
134 316 16 25 0.02542914 
639 399 7 13 0.0254267 
296 298 7 12 0.02542287 
353 52 14 20 0.025404913 
770 157 6 10 0.025402803 
642 79 13 12 0.025379417 
652 37 8 10 0.025354844 
634 2 4 5 0.025334775 
660 2 6 6 0.025329163 
618 72 11 12 0.025328474 
738 426 9 14 0.025327317 
46 258 7 15 0.02531382 
982 320 12 10 0.025256673 
616 3 5 5 0.025236197 
996 300 8 7 0.025234044 
415 64 21 18 0.025201997 
179 291 6 10 0.025128927 
1007 403 8 8 0.025126526 
298 217 7 11 0.025111526 
648 373 7 14 0.025092166 
614 372 10 19 0.025078913 
573 356 8 12 0.025072899 
184 339 10 17 0.025053022 
269 322 6 10 0.025042145 
1013 334 7 8 0.024979303 
749 478 7 11 0.0249191 
156 218 16 29 0.024918498 
707 450 15 26 0.02480434 
322 21 10 14 0.024775252 
405 557 9 16 0.02475154 
587 58 6 9 0.024741875 
720 469 9 15 0.024699701 
1019 314 16 21 0.02467186 
657 20 6 8 0.024635786 
854 198 11 15 0.024585878 
701 489 9 11 0.02456482 
983 271 10 11 0.024562255 
744 472 6 8 0.024542885 
545 78 6 8 0.024532802 
572 155 5 6 0.024504693 
636 206 5 7 0.024491563 
983 254 9 10 0.024478937 
1008 308 7 8 0.02444049 
698 433 9 16 0.02441391 
341 561 10 18 0.024392739 
1031 353 15 22 0.024382064 
619 16 9 11 0.024363106 
564 175 4 5 0.024349276 
987 423 15 15 0.024297658 
755 221 7 11 0.024253033 
389 496 9 15 0.02422686 
288 390 34 49 0.024207829 
400 1 7 7 0.02417836 
397 476 9 12 0.024172887 
358 62 17 26 0.024077205 
241 11 10 17 0.024037484 
262 298 7 13 0.024013525 
690 12 6 9 0.023985527 
400 12 8 10 0.023982676 
332 6 7 8 0.023962716 
1018 294 7 9 0.02395559 
459 376 16 26 0.023928288 
843 234 9 14 0.023875391 
679 2 5 6 0.023868168 
965 235 9 16 0.023820814 
791 446 9 19 0.023812538 
989 325 13 9 0.023782762 
968 311 12 13 0.023771394 
664 2 6 6 0.0237545 
285 440 9 13 0.023745108 
1007 348 18 20 0.023734776 
640 12 6 7 0.023721438 
397 -1 6 5 0.023709038 
339 48 7 14 0.023706289 
696 451 11 21 0.023690756 
331 118 28 26 0.023688093 
371 456 9 15 0.02367788 
788 474 9 14 0.023662113 
301 2 4 7 0.023628071 
49 185 7 10 0.023587635 
175 455 19 22 0.023584971 
868 237 9 13 0.023556042 
522 59 17 23 0.023544079 
530 66 19 24 0.023536665 
356 81 9 15 0.02352833 
1020 377 6 8 0.023459105 
167 287 6 8 0.023456965 
494 2 4 6 0.023418995 
800 200 6 10 0.023406455 
644 216 6 9 0.023401488 
1014 206 18 23 0.02340148 
419 31 9 9 0.023395281 
665 18 7 7 0.023391781 
688 222 14 22 0.02337624 
554 7 7 8 0.023357421 
454 0 6 6 0.023350911 
691 42 10 11 0.023327008 
305 338 9 15 0.02331687 
665 6 5 6 0.023316778 
468 320 8 13 0.02330494 
637 21 15 23 0.023301814 
539 34 5 7 0.023293015 
448 -2 5 5 0.02326461 
522 57 7 10 0.023209374 
268 253 6 12 0.02320381 
641 236 6 9 0.023202648 
991 311 11 9 0.023111563 
369 440 7 12 0.023078872 
992 67 38 47 0.023058373 
286 283 8 14 0.023044005 
658 473 7 13 0.023019612 
588 16 8 12 0.02296265 
413 56 11 11 0.022939999 
663 32 8 8 0.022904145 
146 306 6 12 0.022886181 
551 22 9 11 0.02288182 
313 310 6 14 0.02285613 
454 7 6 7 0.022827586 
435 517 5 9 0.022817941 
526 155 5 7 0.022810988 
412 2 17 17 0.022803523 
672 180 51 58 0.02278529 
700 65 8 9 0.022775047 
150 6 5 9 0.022773542 
902 314 8 18 0.022733547 
261 259 7 12 0.022680659 
639 203 19 26 0.022652986 
413 433 10 15 0.022651073 
900 170 8 13 0.022627935 
726 25 6 9 0.022603445 
651 202 9 11 0.022601701 
383 30 10 15 0.022574117 
572 101 8 9 0.022559011 
704 428 9 14 0.022554195 
163 362 8 15 0.022539673 
348 592 14 13 0.02251451 
454 349 19 29 0.022444623 
633 83 11 9 0.022364363 
340 71 18 25 0.022337824 
537 19 6 8 0.022333294 
327 403 9 15 0.022292525 
228 1 7 7 0.022266591 
523 171 7 9 0.022209853 
685 59 8 10 0.022198994 
180 0 7 9 0.022198036 
709 87 8 12 0.022174869 
645 238 6 9 0.022162702 
200 123 30 30 0.02210637 
275 271 7 14 0.022067893 
420 488 9 16 0.022054104 
341 520 9 16 0.022017093 
644 211 6 8 0.021987248 
913 160 17 34 0.021973582 
783 131 34 55 0.021970658 
604 16 9 13 0.021908248 
375 522 8 13 0.021875538 
458 439 8 16 0.021862566 
1033 393 14 22 0.021861982 
519 37 6 9 0.021835344 
145 269 8 15 0.021781193 
310 278 6 11 0.021770222 
470 380 14 25 0.02175546 
318 512 8 15 0.021695238 
492 50 15 23 0.021693494 
629 73 36 37 0.021642955 
558 -1 4 4 0.021633295 
743 480 6 8 0.02163282 
621 248 6 9 0.02160202 
854 280 12 14 0.021573603 
753 236 6 10 0.0215684 
551 2 5 5 0.021535791 
417 265 7 13 0.021533797 
485 463 9 19 0.02148211 
1019 342 8 10 0.021478588 
652 13 6 9 0.021458834 
1019 363 6 9 0.021451259 
370 240 10 14 0.021445494 
882 255 6 11 0.021438695 
583 7 6 8 0.021421842 
207 275 10 17 0.021415325 
400 57 9 12 0.02137143 
1032 366 14 21 0.021360457 
227 10 9 12 0.021353045 
1032 275 13 22 0.021325061 
164 395 12 13 0.021313475 
129 294 5 8 0.02130523 
674 97 33 35 0.021302959 
310 460 17 27 0.021276874 
400 287 6 11 0.021229247 
715 445 7 14 0.021227578 
135 276 5 10 0.021212427 
569 19 7 9 0.02120403 
300 17 6 13 0.021196343 
524 6 15 20 0.021188667 
583 62 16 22 0.021182261 
754 204 6 8 0.021159668 
860 232 20 27 0.021082778 
762 432 7 13 0.021078927 
710 222 16 27 0.0210751 
631 24 8 11 0.021068819 
9 182 4 7 0.021060284 
1019 389 6 8 0.021036886 
531 55 9 12 0.02102509 
479 69 32 41 0.021018146 
417 496 8 15 0.021017361 
657 62 20 20 0.021006523 
545 124 4 5 0.020957874 
157 325 9 14 0.020944418 
246 249 4 7 0.020922335 
716 369 9 13 0.02092156 
139 36 6 12 0.020912914 
287 1 8 12 0.020909395 
625 13 7 8 0.020899642 
650 401 6 17 0.020880861 
440 1 18 19 0.020864898 
315 330 7 11 0.020862611 
698 6 6 8 0.020852348 
376 42 9 12 0.020847965 
332 79 9 14 0.020833021 
831 129 39 48 0.02082841 
650 92 38 40 0.02081268 
688 37 18 21 0.020799555 
642 240 7 10 0.020765737 
451 52 10 9 0.020743875 
670 67 9 9 0.020726314 
432 265 7 11 0.020707617 
333 1 6 7 0.020699445 
562 19 7 9 0.02069861 
123 324 7 14 0.020687807 
1018 98 17 25 0.020675112 
254 289 6 10 0.020611333 
689 82 10 11 0.02057704 
580 12 7 10 0.020554218 
344 76 9 13 0.020540886 
224 6 7 9 0.020484395 
753 426 8 15 0.02048344 
631 248 8 12 0.020469215 
553 124 3 4 0.020456579 
455 340 7 11 0.020452155 
258 248 9 15 0.020432228 
568 0 5 5 0.020428225 
315 343 6 10 0.02040467 
760 221 6 11 0.020399237 
141 269 7 15 0.020380259 
990 49 9 17 0.020359725 
394 86 26 22 0.020353744 
723 30 15 25 0.020332105 
300 24 6 12 0.020314656 
973 7 5 7 0.02028251 
745 369 12 15 0.020214174 
752 336 7 12 0.020211462 
545 408 4 9 0.020206045 
615 29 9 16 0.020197289 
611 64 11 13 0.020177873 
543 480 5 10 0.020167254 
659 201 8 11 0.020166477 
313 100 7 11 0.020165255 
678 81 9 11 0.020148197 
1009 230 16 27 0.020123724 
840 76 22 24 0.020115783 
725 410 9 16 0.020104151 
211 267 7 11 0.02009657 
127 305 5 10 0.020096049 
458 345 7 12 0.020093417 
1030 247 15 27 0.020079218 
557 50 7 9 0.020063443 
750 467 5 9 0.02004723 
541 90 8 9 0.020044977 
667 76 20 24 0.020042337 
921 104 12 20 0.020025246 
48 208 7 13 0.020007297 
541 37 7 9 0.020001503 
