2_Demonstration_Protesters_2_618
65
147 72 43 56 0.999926 
242 48 41 55 0.99991834 
599 10 47 61 0.9999145 
480 17 44 54 0.99985397 
705 42 43 59 0.99982375 
519 167 48 67 0.99980265 
367 164 48 70 0.99979955 
963 49 45 52 0.9997733 
320 86 48 64 0.99963367 
934 157 50 63 0.99954814 
445 187 48 66 0.99946517 
606 145 50 72 0.99932206 
252 236 53 62 0.9993192 
0 18 40 49 0.9980223 
459 253 60 79 0.99767953 
-2 161 32 65 0.997526 
821 237 52 59 0.99750996 
812 -1 43 43 0.99538785 
854 256 47 79 0.9933397 
374 -8 31 27 0.85695434 
836 2 35 44 0.78332514 
293 24 31 42 0.43490466 
207 297 30 48 0.22856052 
881 -8 32 25 0.12698796 
893 138 33 63 0.10844211 
591 21 10 19 0.1018354 
128 184 24 37 0.08230983 
174 302 42 54 0.07800264 
893 2 27 31 0.069884725 
573 223 42 55 0.06726319 
821 190 12 14 0.057723362 
127 294 46 55 0.057575732 
326 362 152 197 0.05160417 
531 487 47 53 0.050868884 
182 244 47 47 0.050173372 
459 -4 31 25 0.046884138 
185 213 306 440 0.045304697 
663 195 35 44 0.044435482 
974 273 26 32 0.04259082 
1009 462 56 116 0.040706024 
996 513 41 78 0.039443947 
822 198 20 24 0.033877216 
81 161 31 57 0.033194628 
827 194 11 14 0.031886064 
923 108 40 55 0.030783202 
412 423 173 259 0.030458089 
208 133 42 55 0.029643286 
859 15 25 34 0.029468276 
143 519 109 148 0.028352778 
399 0 15 17 0.02812627 
-2 206 21 41 0.027703855 
667 30 32 53 0.02731497 
863 348 39 53 0.026078384 
235 164 29 40 0.025943624 
16 311 35 45 0.025883356 
760 260 37 43 0.025513366 
996 357 62 89 0.025188029 
586 17 25 36 0.024116633 
475 199 39 55 0.023548095 
868 20 13 19 0.02229178 
427 85 38 75 0.021857955 
401 4 42 45 0.020998484 
999 469 38 71 0.020694844 
1008 74 10 14 0.020103987 
435 148 28 39 0.02007007 
