2_Demonstration_Political_Rally_2_746
305
585 93 65 79 0.9997948 
585 371 64 68 0.9996675 
853 2258 56 76 0.9993562 
361 2327 83 97 0.99357635 
509 357 64 83 0.99076325 
172 2370 79 102 0.98840755 
785 1347 58 105 0.9704028 
965 117 39 60 0.9457158 
210 2252 30 56 0.92752445 
61 2330 38 65 0.8352814 
300 2291 52 75 0.7456772 
597 2298 20 34 0.7373899 
754 2334 29 35 0.69991094 
651 2291 22 32 0.50205916 
483 1314 13 21 0.34556425 
33 229 49 97 0.31321013 
928 1320 19 33 0.2741114 
432 2289 40 55 0.27250707 
134 2306 40 53 0.25756785 
81 256 41 82 0.23037007 
586 2313 35 68 0.21063739 
713 1379 27 40 0.20862328 
224 1254 12 23 0.20396166 
687 1358 15 25 0.17617558 
481 1338 19 25 0.17006576 
114 1285 17 26 0.142464 
440 1311 16 24 0.13601102 
883 117 15 27 0.12864037 
-7 527 94 155 0.12390577 
690 1345 12 20 0.12370605 
398 1327 17 24 0.110503376 
179 2270 22 38 0.10927608 
619 2299 18 36 0.109218165 
474 2296 22 32 0.10174653 
284 1321 40 67 0.101520054 
653 2245 13 23 0.098264724 
715 1358 18 28 0.09799016 
717 1349 12 19 0.09351463 
281 212 15 19 0.09099342 
246 2249 23 34 0.08760636 
282 1333 23 35 0.08752534 
253 1266 15 24 0.08684665 
251 2326 55 69 0.08572824 
158 1319 17 21 0.08000571 
170 1326 22 23 0.078066155 
730 2375 43 60 0.07690273 
157 1273 14 21 0.076453835 
384 1256 17 24 0.076245494 
417 1316 16 23 0.075335994 
176 2253 16 24 0.07444962 
675 1385 23 36 0.07432695 
689 1336 11 19 0.0737846 
665 1409 36 70 0.0732041 
485 1304 10 16 0.07306867 
257 638 56 49 0.07029217 
872 166 16 25 0.06928049 
642 1313 14 23 0.068944834 
466 1348 16 20 0.06881186 
121 1295 16 21 0.06878402 
702 1384 44 74 0.0667957 
460 1358 20 23 0.066303425 
330 198 16 19 0.063975655 
503 1297 10 16 0.063356705 
155 1296 15 21 0.06289357 
250 2363 49 79 0.06259606 
514 1297 10 17 0.060562797 
835 209 15 25 0.060146924 
252 195 14 19 0.059710786 
836 181 16 23 0.05958569 
460 2277 71 101 0.059399575 
384 1334 21 32 0.059043396 
301 2152 15 30 0.058551665 
-4 398 91 109 0.058399152 
299 230 15 21 0.054449756 
294 218 14 17 0.05344403 
493 1318 13 19 0.051351037 
146 1302 13 19 0.05129555 
179 1317 22 25 0.05117865 
147 1269 12 19 0.050990846 
267 198 14 18 0.05083732 
726 2257 13 20 0.05062257 
534 1284 13 20 0.04976668 
321 1258 23 32 0.04964934 
735 2360 27 41 0.047933977 
863 134 15 25 0.047773205 
778 1323 15 27 0.047718316 
841 165 17 27 0.047517985 
336 201 20 21 0.04730027 
571 2308 68 120 0.04694919 
328 190 15 18 0.046944737 
724 2273 17 29 0.046895787 
672 1331 10 18 0.04674221 
491 1331 17 24 0.04625698 
641 1301 12 20 0.046072457 
444 1372 27 34 0.04605242 
622 1294 14 22 0.04596992 
528 1331 15 22 0.045534004 
649 1352 16 32 0.045230713 
107 1237 16 31 0.04460243 
668 1347 11 21 0.04429526 
672 1320 10 19 0.04338509 
441 1380 47 51 0.043110654 
227 1260 16 27 0.04280876 
143 1314 15 20 0.042703677 
789 2305 22 26 0.0425495 
170 2216 17 29 0.042432494 
749 2284 18 25 0.041891206 
470 1335 14 20 0.041750018 
865 117 15 28 0.041723073 
447 1302 14 23 0.041420437 
542 1284 12 21 0.04141846 
174 1283 12 20 0.04090512 
697 1345 11 21 0.040514685 
218 2389 60 81 0.040330615 
447 441 85 98 0.039799772 
251 1283 17 28 0.03946734 
526 2300 17 33 0.03917465 
525 2275 17 31 0.039103236 
856 116 17 30 0.03872638 
633 2300 18 33 0.03869874 
477 1327 39 53 0.03865751 
175 1238 11 18 0.038484566 
287 1191 10 20 0.03803458 
205 1286 11 17 0.0375973 
405 1317 14 25 0.03757529 
533 1297 12 18 0.037511434 
850 1314 79 112 0.037407447 
363 1249 14 22 0.037365753 
349 216 20 21 0.037355732 
325 220 22 28 0.037337817 
317 2231 27 25 0.036730204 
654 1301 10 19 0.03628476 
576 1295 14 23 0.03605182 
90 1234 25 45 0.035957173 
642 1324 16 30 0.035819314 
297 2182 17 30 0.035722233 
137 2385 50 82 0.0356527 
802 180 20 26 0.03554556 
326 201 43 52 0.03537968 
191 642 32 43 0.03518952 
674 2302 27 34 0.03504953 
378 1256 13 20 0.035046134 
604 1297 15 24 0.03488618 
172 1273 12 20 0.03456164 
681 1370 20 33 0.034374893 
395 1348 29 38 0.0342654 
666 1357 14 25 0.034164637 
125 1234 15 24 0.034069795 
175 1252 12 18 0.033657677 
200 2231 64 94 0.033631764 
162 1222 10 17 0.033610135 
337 187 17 19 0.03318344 
331 2292 54 83 0.032600798 
433 1170 15 28 0.03253848 
869 226 16 23 0.032346174 
201 2214 17 25 0.03215476 
176 1299 13 20 0.03214973 
544 2283 15 32 0.03205185 
496 2280 16 24 0.031706605 
172 166 15 23 0.031575754 
77 2319 61 97 0.031559847 
546 1296 12 21 0.031539083 
231 619 42 37 0.031527597 
283 1278 15 22 0.03136268 
691 1771 49 124 0.031351905 
471 1373 28 31 0.03132331 
636 1345 24 47 0.0311824 
186 1285 12 19 0.031168899 
256 1222 10 20 0.031026466 
805 158 23 30 0.030880589 
538 1263 16 27 0.03069084 
670 1300 11 18 0.030596685 
10 262 23 37 0.030442141 
685 387 42 38 0.030370824 
939 1322 21 33 0.030296138 
222 1223 10 21 0.030262683 
373 1323 44 62 0.03021037 
473 1357 24 29 0.03020316 
698 1335 11 19 0.030060261 
665 1396 26 41 0.029990597 
207 2352 61 75 0.029982278 
256 1234 10 18 0.029913178 
160 1211 8 15 0.029445915 
457 1272 9 16 0.029275471 
825 182 16 22 0.029247442 
744 2409 35 47 0.029201739 
867 151 14 22 0.02877403 
247 242 77 108 0.0287555 
764 1050 19 27 0.028741838 
187 1272 11 19 0.028600607 
184 1300 14 19 0.02842293 
511 2286 21 38 0.028190924 
514 2279 38 73 0.02794327 
29 945 66 119 0.02793343 
724 2254 10 15 0.027815582 
557 2284 18 31 0.027748635 
172 715 57 65 0.027696226 
506 2383 68 109 0.027617699 
143 261 12 21 0.027506115 
755 1103 25 39 0.02741435 
440 1126 12 25 0.02736368 
988 101 24 42 0.027339121 
637 1288 13 23 0.027301243 
732 1331 11 19 0.027252614 
556 2301 21 37 0.027247574 
124 1269 15 27 0.027242418 
851 271 17 22 0.02708807 
723 1362 36 64 0.027054656 
384 269 15 25 0.02703178 
272 214 16 22 0.026931798 
255 1209 9 17 0.026880154 
593 1297 16 25 0.026595823 
721 1335 9 17 0.02658672 
125 1252 13 22 0.026420034 
689 1301 11 19 0.026313856 
107 189 16 28 0.026306942 
127 2320 72 106 0.02630246 
219 2211 19 26 0.026159609 
474 1300 9 17 0.026069243 
202 2242 26 40 0.025941206 
651 1330 12 23 0.02588026 
304 2275 31 41 0.025856277 
336 2264 27 37 0.025721109 
174 250 18 20 0.025639063 
795 147 19 34 0.025223242 
531 1248 19 29 0.02521896 
793 1302 58 85 0.025115157 
189 2213 14 23 0.025110392 
784 1314 23 43 0.025107617 
148 1281 14 23 0.02499466 
717 2282 17 28 0.024945451 
525 1076 18 38 0.024787137 
33 241 19 36 0.024781683 
515 1330 14 20 0.024778187 
714 2300 18 29 0.024661822 
226 704 70 61 0.024590168 
514 1316 12 19 0.024552159 
422 1303 12 20 0.024410324 
140 246 12 21 0.024241095 
128 214 13 22 0.024228435 
253 665 38 34 0.024122732 
96 1248 35 65 0.024043357 
76 1236 26 42 0.02401798 
139 1262 37 59 0.023855938 
160 1259 12 18 0.023742875 
374 1098 13 23 0.023456525 
317 189 12 15 0.023103476 
744 1327 13 22 0.023021543 
796 147 44 60 0.022863287 
238 1177 10 17 0.022753527 
716 2258 33 56 0.022702454 
264 190 14 19 0.022657437 
408 245 11 17 0.022555897 
219 2329 54 58 0.022531878 
143 538 66 63 0.022330437 
856 225 17 24 0.022325436 
727 1343 13 22 0.022262324 
169 1335 28 30 0.0222306 
410 2311 79 105 0.022154601 
821 1378 57 82 0.022146104 
223 1241 12 22 0.02213617 
776 1391 24 45 0.022110803 
5 319 33 47 0.022084288 
285 1202 11 20 0.022072928 
851 175 15 24 0.022028401 
293 2147 37 62 0.02181727 
163 1236 11 19 0.021713138 
172 1226 10 17 0.021707382 
144 1259 10 16 0.021697572 
204 1295 17 24 0.02169666 
170 228 24 27 0.021682505 
694 1361 34 56 0.021656368 
41 223 28 50 0.021620708 
263 1284 13 24 0.021578183 
686 1319 12 21 0.021527508 
433 1325 17 22 0.021480758 
775 2445 52 61 0.021468362 
264 1235 11 23 0.021424562 
283 580 63 42 0.021404976 
298 169 11 16 0.021397045 
452 1405 33 47 0.021361269 
646 1428 29 46 0.02136096 
302 1234 12 24 0.021342473 
511 1342 20 27 0.021308573 
261 1266 13 25 0.021216307 
414 1340 22 28 0.021107262 
632 1371 25 45 0.021098537 
492 2285 23 40 0.021056619 
128 232 12 23 0.02087877 
632 1061 17 36 0.020569239 
890 2294 24 42 0.020518634 
289 2305 33 46 0.020488808 
560 1297 12 22 0.020459116 
546 346 33 37 0.0204319 
644 1386 42 75 0.020422176 
227 2239 27 40 0.020375356 
955 141 34 51 0.020253437 
0 383 47 69 0.020201031 
794 1135 18 31 0.020188237 
790 217 20 35 0.020180363 
9 232 41 73 0.020163642 
435 1069 19 46 0.020147761 
89 2352 26 47 0.020116512 
471 1290 9 15 0.020007191 
126 1310 17 22 0.020005045 
