2_Demonstration_Political_Rally_2_391
29
313 101 91 113 0.99994457 
675 271 111 130 0.9998847 
25 103 81 125 0.99983144 
870 674 151 192 0.99625385 
585 365 38 71 0.9844897 
985 226 48 68 0.93808776 
436 641 119 139 0.5016017 
535 391 28 34 0.45813683 
546 423 25 37 0.37050158 
144 211 221 439 0.12862194 
443 7 126 293 0.0826507 
510 307 32 45 0.07246979 
1010 317 17 34 0.06974253 
582 355 22 38 0.05294231 
1003 249 40 73 0.045512162 
543 399 33 40 0.040221903 
443 707 37 60 0.03949432 
749 637 106 88 0.037744973 
1016 317 24 48 0.034420047 
1019 275 36 72 0.03351746 
-2 235 228 488 0.031902753 
379 583 87 100 0.02509791 
984 228 27 37 0.024954649 
618 560 49 41 0.024461402 
565 348 22 31 0.023652356 
544 655 23 26 0.022671435 
428 384 59 116 0.021440597 
518 545 394 333 0.021230323 
289 276 366 399 0.020406151 
