2_Demonstration_Demonstrators_2_12
86
298 554 122 136 0.9997851 
690 343 23 49 0.5013708 
91 642 12 18 0.46762216 
121 625 8 14 0.43465674 
100 611 10 16 0.3846277 
843 509 12 23 0.33724064 
140 638 8 13 0.29631042 
56 660 20 30 0.29139575 
146 607 8 12 0.28017583 
113 657 9 15 0.27286446 
157 648 8 13 0.25728235 
134 564 8 12 0.20053223 
70 495 8 12 0.1710761 
79 596 11 18 0.16695115 
67 629 13 20 0.16141991 
141 536 8 12 0.15885349 
128 595 8 12 0.1522345 
109 581 8 14 0.14973462 
174 657 8 15 0.13232185 
133 665 9 15 0.12925735 
197 640 7 13 0.12271919 
3 485 9 16 0.10822467 
164 619 7 13 0.09104755 
180 631 8 14 0.079939865 
87 563 11 20 0.07117581 
591 348 31 64 0.0643464 
159 549 6 11 0.056091353 
115 549 8 15 0.055628132 
102 504 9 15 0.053928744 
183 537 7 12 0.050189443 
114 452 9 15 0.04929056 
95 532 10 18 0.047524158 
115 645 9 16 0.04749235 
153 576 6 11 0.046643592 
0 64 7 14 0.045446254 
122 522 9 14 0.043276798 
186 600 6 12 0.042928785 
561 226 35 99 0.041119717 
140 628 9 15 0.03985197 
147 507 8 12 0.039027095 
164 652 8 14 0.038531896 
578 54 21 41 0.038227074 
122 614 8 15 0.036821906 
168 589 7 12 0.03674464 
137 568 8 12 0.035190955 
197 549 6 11 0.033763096 
108 476 10 16 0.033675812 
129 492 8 14 0.033528004 
180 533 7 11 0.033317115 
192 665 8 16 0.031338368 
164 521 6 11 0.030949041 
193 639 7 13 0.029841227 
129 581 8 12 0.029797258 
273 640 6 10 0.029473107 
86 414 15 13 0.02942272 
919 283 6 8 0.029014006 
595 418 26 70 0.02823688 
571 40 4 9 0.026842678 
571 45 5 12 0.026790924 
74 499 9 11 0.025748974 
176 270 54 52 0.02552444 
148 594 7 12 0.025490897 
283 575 5 10 0.025453197 
134 464 9 15 0.025321383 
81 670 16 26 0.024781045 
150 511 8 12 0.023870295 
2 609 17 27 0.023762075 
138 143 196 181 0.023261452 
688 315 11 21 0.022939196 
105 618 9 14 0.022741754 
0 490 7 13 0.022218272 
633 198 36 66 0.022147853 
177 563 7 12 0.022083037 
256 650 7 13 0.022015313 
674 273 29 52 0.021895131 
142 604 7 11 0.021780873 
152 478 8 13 0.021539927 
575 46 5 12 0.021477014 
194 546 6 11 0.021270057 
136 634 8 14 0.021201562 
581 51 7 16 0.021166004 
575 41 4 9 0.021158889 
231 633 7 12 0.020966412 
1015 376 9 19 0.020931972 
938 505 9 14 0.020126563 
721 481 32 74 0.020083865 
