2_Demonstration_Demonstration_Or_Protest_2_173
453
109 247 40 58 0.9998074 
869 209 40 57 0.9998017 
847 289 51 72 0.99960166 
168 312 46 59 0.9995339 
364 295 33 58 0.9993581 
671 276 47 70 0.9993061 
51 352 46 55 0.99905974 
507 215 37 58 0.9989625 
176 225 19 26 0.9989109 
743 160 18 29 0.9976981 
583 235 37 53 0.99759823 
651 206 37 55 0.9975001 
775 188 31 46 0.9967949 
206 239 21 30 0.9955786 
354 227 24 42 0.994224 
274 278 35 46 0.99344254 
832 163 21 30 0.99158114 
460 225 30 52 0.9874505 
4 217 12 17 0.98578066 
320 208 16 24 0.98407865 
547 168 14 18 0.9801026 
255 251 24 43 0.9727754 
360 193 15 19 0.9696843 
675 154 15 25 0.96758884 
452 209 21 31 0.96404535 
439 194 13 21 0.9618504 
225 207 13 18 0.94204223 
214 197 10 16 0.929234 
-1 301 24 53 0.9054971 
575 187 15 23 0.8843563 
641 166 20 30 0.8483304 
517 158 10 14 0.8345342 
17 241 13 16 0.8275128 
287 196 13 17 0.8206147 
135 210 12 17 0.77742195 
97 217 19 24 0.7625335 
253 224 18 20 0.754629 
400 181 9 15 0.73049474 
387 198 10 18 0.72506166 
471 191 14 24 0.716087 
49 208 8 13 0.7001304 
174 191 8 10 0.6430304 
996 176 12 18 0.6159088 
881 146 12 17 0.59486073 
432 246 19 34 0.5874044 
440 175 9 13 0.5679363 
492 162 12 16 0.5589189 
894 175 20 29 0.5554342 
943 194 26 30 0.5468927 
190 189 9 13 0.49015114 
4 251 17 20 0.48363128 
184 278 30 33 0.45634916 
250 189 8 11 0.45256326 
157 193 8 11 0.4467935 
428 170 8 12 0.4357436 
242 208 8 15 0.42534032 
516 193 21 29 0.37969595 
326 184 11 14 0.31588128 
40 218 7 9 0.30890822 
418 194 10 18 0.29886702 
416 200 14 28 0.29745555 
166 218 11 18 0.28891125 
114 201 10 13 0.2719192 
666 146 6 9 0.26272982 
116 219 11 17 0.25014406 
264 182 7 11 0.2467222 
128 197 10 12 0.22690189 
50 257 20 29 0.22622944 
377 174 8 12 0.2071206 
433 151 7 11 0.18774149 
441 149 6 11 0.18637943 
409 174 8 15 0.18557219 
167 206 10 15 0.1752412 
514 161 16 23 0.16852976 
336 177 8 13 0.16781503 
375 189 9 15 0.16733353 
190 173 7 8 0.16583386 
710 125 8 13 0.15937297 
646 283 25 39 0.15584344 
395 197 9 17 0.15462236 
235 190 7 10 0.15220736 
222 201 10 16 0.15149507 
909 142 9 16 0.14712314 
425 158 6 9 0.14646387 
253 184 8 13 0.14057332 
480 166 7 12 0.13321607 
1015 136 20 37 0.1330982 
306 174 9 14 0.13149743 
250 178 6 8 0.12897354 
1009 170 12 19 0.12879437 
561 162 8 14 0.12538765 
757 203 19 31 0.12146278 
67 203 8 11 0.11635157 
268 188 8 11 0.10590069 
467 161 7 13 0.10527888 
919 108 7 10 0.09743834 
78 211 6 8 0.09296508 
185 191 9 11 0.09234293 
421 178 10 18 0.091367714 
39 198 8 9 0.08793884 
33 222 7 8 0.08728199 
44 202 7 10 0.08250918 
97 191 6 8 0.08142491 
720 156 9 14 0.08122464 
60 259 11 18 0.077824466 
435 174 8 14 0.07758587 
919 142 12 16 0.07650475 
233 207 11 16 0.07612949 
237 186 6 9 0.075971745 
714 138 6 11 0.07545187 
455 144 7 10 0.07534256 
410 161 5 7 0.07510585 
130 217 19 27 0.07491347 
103 171 5 7 0.07451351 
265 262 32 45 0.07317614 
95 217 12 15 0.07254682 
63 207 9 13 0.07134816 
636 257 21 28 0.071081914 
58 217 9 15 0.07094023 
215 192 8 12 0.067356475 
636 174 32 43 0.06729278 
191 245 18 24 0.06637154 
911 140 15 22 0.0645116 
35 227 9 11 0.06405851 
584 156 11 17 0.061893493 
245 191 6 9 0.06158268 
967 124 12 13 0.0610344 
415 189 9 16 0.060753107 
82 215 6 9 0.060703296 
854 219 23 34 0.05988443 
1003 169 10 17 0.059466586 
432 169 9 14 0.059061147 
178 206 11 15 0.058785103 
230 194 8 12 0.057796594 
402 240 19 36 0.057746552 
113 131 9 14 0.057097405 
459 144 6 10 0.056856062 
914 131 7 10 0.056798395 
1007 37 21 29 0.055903293 
397 186 9 16 0.05571605 
79 215 6 9 0.055549465 
600 145 19 31 0.05529154 
424 163 7 11 0.054864615 
921 131 7 11 0.05420274 
102 196 6 9 0.053777173 
482 167 10 16 0.053052995 
493 105 8 12 0.052307267 
910 109 5 8 0.052108847 
426 175 10 20 0.051927663 
20 469 44 39 0.051635843 
277 222 13 17 0.051438306 
713 129 8 13 0.051261786 
62 224 9 13 0.051064827 
779 87 8 16 0.05085436 
113 177 7 8 0.050562404 
120 199 8 11 0.050497476 
562 150 9 15 0.050380785 
273 181 9 14 0.05031682 
186 177 7 8 0.049254168 
55 209 7 13 0.04925187 
239 172 5 8 0.049177613 
123 218 15 23 0.04867796 
76 254 31 49 0.048199054 
373 180 12 16 0.04808993 
816 111 7 11 0.047783647 
936 156 10 14 0.047584556 
661 147 5 8 0.047089405 
461 142 6 8 0.046219904 
581 129 15 29 0.046181567 
159 173 6 7 0.04614148 
1016 141 11 19 0.046004936 
70 197 7 8 0.045960456 
349 191 11 17 0.045923173 
347 171 5 7 0.04526636 
272 195 9 14 0.04525815 
83 210 6 10 0.044990465 
526 189 12 17 0.04448915 
239 177 6 8 0.04447669 
419 309 26 44 0.044303216 
109 173 6 7 0.04383957 
326 173 7 9 0.043676686 
1000 131 28 49 0.043596223 
794 40 13 18 0.043533422 
488 239 18 30 0.04347099 
381 171 7 11 0.04303815 
551 154 16 23 0.04302926 
237 225 13 20 0.04241506 
331 208 15 25 0.04233857 
307 195 9 13 0.042325713 
67 220 8 12 0.042312313 
41 262 32 51 0.04222653 
384 165 6 8 0.042080913 
109 84 17 34 0.041870434 
414 181 9 15 0.04172358 
102 192 6 7 0.04120822 
1023 153 19 33 0.04076138 
30 216 8 10 0.040648803 
463 196 15 21 0.040558197 
51 220 8 11 0.040305175 
910 132 7 11 0.04024192 
938 253 35 46 0.040098716 
380 166 6 7 0.04003747 
205 316 21 36 0.039926145 
8 138 10 16 0.039916217 
9 246 14 15 0.039621655 
193 202 8 12 0.039539147 
467 141 5 7 0.03948411 
512 175 21 26 0.03936195 
879 109 5 8 0.03928005 
1004 148 8 14 0.039263435 
21 256 18 24 0.039259292 
15 197 5 8 0.039233327 
262 188 7 11 0.03922398 
1084 167 14 24 0.039202567 
911 89 5 8 0.039055094 
568 164 9 13 0.03903983 
197 202 8 13 0.03892734 
851 111 6 10 0.038720604 
30 210 7 9 0.03837801 
712 143 6 11 0.038339794 
90 179 5 8 0.037801087 
172 213 16 21 0.03735613 
76 192 6 7 0.037303805 
661 147 16 23 0.03708352 
253 242 19 30 0.036789082 
174 187 7 8 0.0360288 
567 155 9 14 0.035901785 
639 248 32 50 0.035701048 
231 212 15 24 0.035644047 
406 160 5 7 0.03564091 
250 297 23 36 0.03557605 
67 199 6 7 0.03529433 
405 194 15 25 0.035107825 
996 321 65 102 0.035105918 
203 201 9 14 0.034988195 
101 202 7 10 0.034932517 
97 204 6 8 0.03481189 
48 269 14 21 0.03439455 
999 130 6 10 0.034297325 
110 202 8 11 0.034244716 
0 214 9 16 0.034062296 
0 241 6 14 0.03396835 
118 190 6 8 0.03378854 
426 193 10 17 0.03378345 
244 174 5 6 0.03375366 
612 147 10 17 0.03364152 
296 276 23 33 0.033241805 
371 209 16 24 0.032817878 
31 233 9 11 0.032638572 
253 178 7 9 0.03261435 
99 196 5 7 0.032598946 
282 196 9 14 0.032442823 
688 179 20 30 0.032177273 
309 216 12 21 0.032138363 
310 205 11 19 0.03211324 
719 416 26 26 0.03185904 
83 205 6 9 0.031824898 
1026 171 18 30 0.031623013 
202 188 8 14 0.031499684 
299 175 11 16 0.031302646 
1036 152 23 41 0.031078624 
0 190 5 11 0.030921675 
379 203 17 25 0.030689195 
594 156 16 25 0.030635333 
1014 173 19 32 0.03057818 
709 119 14 22 0.030372072 
708 127 5 9 0.030363102 
27 210 6 8 0.030262457 
605 423 18 27 0.030200843 
214 252 20 30 0.030190956 
467 144 5 9 0.02996055 
15 255 14 16 0.029930258 
24 307 10 20 0.029916419 
143 207 10 17 0.029846702 
364 177 7 9 0.029845303 
244 178 5 7 0.029826459 
181 212 12 16 0.029579813 
415 241 18 34 0.02932892 
423 170 9 14 0.029050097 
929 111 6 10 0.028984912 
223 191 7 11 0.0289471 
875 152 12 18 0.028925236 
303 197 15 22 0.028778175 
92 16 6 11 0.028538372 
83 221 7 11 0.028526716 
449 159 7 11 0.028384961 
322 188 16 20 0.028298125 
612 387 38 56 0.028089782 
736 19 15 29 0.028052172 
390 181 8 12 0.028030148 
487 157 7 12 0.027949657 
116 185 6 8 0.027932283 
1089 216 15 26 0.027846927 
1081 189 16 29 0.027655913 
144 218 10 16 0.027566709 
196 191 9 13 0.02755409 
987 115 6 8 0.027542591 
27 252 11 16 0.027202347 
453 162 8 12 0.027173366 
478 458 456 364 0.026952462 
38 210 8 9 0.026885593 
447 151 6 10 0.026753718 
6 202 6 8 0.026642893 
807 70 6 8 0.026538568 
639 33 8 16 0.026538532 
160 186 7 9 0.0264604 
366 173 5 7 0.026030842 
845 113 5 9 0.02600798 
353 167 5 7 0.025884992 
96 186 6 8 0.025834547 
100 209 9 13 0.025825014 
957 14 14 16 0.025793836 
413 171 9 14 0.025747815 
90 221 10 13 0.02559562 
6 191 6 9 0.02557056 
381 181 8 14 0.02556693 
181 179 6 7 0.02554859 
155 195 16 21 0.02549999 
192 208 8 11 0.025379047 
372 173 6 8 0.025184333 
197 185 8 11 0.025178619 
131 192 8 10 0.02517746 
96 209 8 12 0.025136007 
56 204 6 9 0.025123632 
404 163 6 9 0.025086394 
73 192 6 8 0.025079759 
245 217 16 22 0.02498027 
217 210 11 16 0.024945946 
31 266 19 26 0.024866551 
554 65 10 16 0.024803948 
698 140 5 7 0.024779418 
439 155 8 13 0.024732338 
1072 307 23 41 0.024720281 
76 221 7 10 0.024703162 
409 186 9 14 0.02465201 
200 261 22 28 0.024616009 
731 128 5 8 0.024575146 
380 188 8 15 0.024480866 
297 187 11 15 0.024433834 
228 165 7 10 0.02428823 
458 150 8 12 0.02418058 
272 96 11 20 0.024132643 
128 204 15 21 0.024118517 
991 114 7 11 0.024068704 
680 166 18 25 0.024005612 
268 166 9 14 0.023984443 
941 117 6 11 0.023978423 
82 192 6 7 0.023969682 
343 176 8 12 0.023951879 
273 164 10 17 0.023806123 
994 131 6 9 0.023801567 
109 198 6 9 0.02379841 
203 94 5 10 0.023705691 
249 175 5 6 0.023691323 
416 160 5 7 0.023594527 
107 192 6 7 0.023587277 
78 205 5 9 0.02357634 
460 163 7 12 0.023543773 
1077 260 19 33 0.02352223 
20 248 14 18 0.023427764 
915 4 7 9 0.023405293 
88 4 5 8 0.02337194 
575 133 10 19 0.023354553 
242 185 6 8 0.023186268 
289 217 13 19 0.023117626 
162 224 17 26 0.02310178 
36 194 16 18 0.023096697 
863 109 5 8 0.023095433 
942 102 5 6 0.02301522 
110 158 7 9 0.022972854 
661 144 5 6 0.022904888 
319 183 10 13 0.022783676 
709 294 18 33 0.022752376 
679 190 22 27 0.022710592 
997 156 8 15 0.022639891 
157 173 4 5 0.022621607 
138 223 21 28 0.022599911 
232 520 145 198 0.022574067 
27 215 7 10 0.022570815 
484 196 10 19 0.022543073 
167 185 6 8 0.022463117 
270 241 19 23 0.022342121 
390 165 6 8 0.022333061 
797 591 12 15 0.022332707 
270 450 26 31 0.022320153 
1015 251 19 38 0.0222967 
159 209 15 24 0.022290869 
702 183 11 18 0.022282882 
839 120 6 9 0.02228275 
742 138 6 11 0.022264998 
159 177 6 8 0.022257537 
359 167 5 7 0.022173708 
83 185 5 7 0.022087166 
967 306 24 41 0.022046776 
961 278 54 93 0.022018598 
350 182 9 13 0.02200692 
930 69 5 7 0.02192596 
873 109 4 7 0.021883054 
805 75 8 13 0.021875767 
611 208 13 17 0.021845957 
433 210 10 18 0.021838935 
609 241 33 51 0.021733196 
865 714 29 39 0.02164609 
824 157 19 29 0.021609548 
448 146 6 9 0.021581078 
420 205 17 33 0.021559976 
890 114 5 10 0.021536807 
253 192 9 13 0.021461956 
259 97 10 15 0.021451268 
438 212 17 32 0.021448009 
660 135 32 44 0.021445844 
534 222 19 32 0.021411248 
91 191 6 8 0.021398723 
914 101 14 22 0.021391349 
233 235 19 29 0.021382717 
109 184 6 7 0.021297876 
187 3 6 9 0.021250108 
618 148 10 15 0.021175252 
991 168 10 17 0.021145327 
1019 258 44 75 0.021122834 
615 133 7 11 0.021052357 
110 164 6 7 0.020953702 
421 76 7 10 0.020953333 
29 271 10 16 0.020908354 
0 210 6 12 0.020849038 
569 135 9 17 0.02082449 
634 145 8 12 0.02081958 
305 278 12 19 0.020746818 
1009 147 9 17 0.02072787 
866 156 11 17 0.020692067 
443 255 10 19 0.020677565 
535 168 12 18 0.020655183 
1073 135 16 27 0.020638363 
573 158 16 23 0.020634644 
628 187 29 46 0.020630011 
633 175 12 17 0.020597935 
620 128 7 11 0.020586925 
595 155 8 15 0.02056699 
147 43 5 6 0.020490507 
827 112 5 9 0.020448333 
428 151 15 20 0.020432418 
439 179 15 22 0.020393083 
584 181 12 17 0.020305362 
881 112 6 10 0.020300278 
43 227 8 11 0.020294582 
32 328 37 59 0.020286178 
934 112 6 10 0.020276163 
385 163 5 6 0.020259412 
450 144 16 23 0.020193709 
20 216 6 9 0.020190585 
653 268 40 57 0.020149086 
21 237 12 14 0.020129764 
0 251 9 17 0.020096254 
