2_Demonstration_Demonstration_Or_Protest_2_385
2315
582 455 21 29 0.99985325 
755 471 27 33 0.99975127 
687 463 21 30 0.99953175 
214 471 25 27 0.99951756 
360 455 26 29 0.9992938 
616 497 24 26 0.9988085 
779 462 21 23 0.99841785 
288 538 27 40 0.99840707 
736 422 20 25 0.99801826 
324 427 17 23 0.99538463 
398 529 27 41 0.99455255 
85 455 22 20 0.99386615 
128 500 27 30 0.99180967 
818 392 16 17 0.98893934 
938 462 17 25 0.9885949 
335 471 20 30 0.9790956 
677 557 35 39 0.97641456 
507 540 31 35 0.971923 
785 385 12 17 0.9707192 
884 487 23 30 0.9703193 
740 367 9 13 0.9695031 
100 519 26 29 0.94654185 
805 431 17 23 0.94205165 
972 429 19 19 0.94015247 
872 392 17 16 0.93642235 
863 461 21 27 0.9316262 
22 543 26 44 0.931006 
93 390 19 19 0.926775 
635 416 14 20 0.91565883 
593 387 14 18 0.90777254 
457 411 12 20 0.90564984 
985 368 11 12 0.90538454 
353 407 13 13 0.8986331 
570 417 16 19 0.8875614 
766 399 13 17 0.8862045 
413 403 12 17 0.8821839 
79 387 13 14 0.87913865 
173 382 14 18 0.87552744 
188 522 34 35 0.8703025 
545 387 13 16 0.86339647 
296 402 12 17 0.8579445 
208 357 10 11 0.8493563 
67 454 21 29 0.8408463 
698 380 14 16 0.83025086 
804 370 11 11 0.8033827 
143 436 11 16 0.80095947 
687 407 13 19 0.80029684 
713 376 13 16 0.7977084 
465 357 8 10 0.7944115 
539 415 15 15 0.7718486 
864 423 17 16 0.7697061 
623 407 10 17 0.7679666 
161 405 18 20 0.7566468 
25 361 9 12 0.7500274 
474 375 11 12 0.7465362 
109 455 14 16 0.7279659 
1001 294 5 6 0.7128763 
731 353 12 12 0.6912586 
669 382 11 12 0.68239635 
817 338 9 10 0.6761169 
382 363 10 10 0.6695791 
707 356 10 12 0.6629227 
916 419 16 17 0.65878814 
227 359 11 12 0.647227 
718 332 7 10 0.6373266 
295 367 8 13 0.6338866 
834 595 27 47 0.6305073 
114 330 7 8 0.61389685 
413 344 8 8 0.61057526 
371 351 9 10 0.6054866 
976 355 10 10 0.59629136 
387 411 15 15 0.5936311 
74 349 10 11 0.5906773 
428 370 10 11 0.58492965 
400 357 11 10 0.5650801 
620 342 8 12 0.5629621 
613 319 6 8 0.5490769 
958 357 9 11 0.5456631 
967 320 5 6 0.5410065 
786 348 8 9 0.5395203 
590 366 12 13 0.5365166 
453 373 10 11 0.5322331 
825 460 19 23 0.5321151 
205 393 16 18 0.5266112 
759 305 4 8 0.51882124 
515 362 7 9 0.51154894 
222 360 10 12 0.5101969 
293 350 7 9 0.50499535 
709 348 9 11 0.49750397 
633 350 9 13 0.47654584 
443 363 7 11 0.47568935 
611 393 12 17 0.47465035 
703 312 7 9 0.47319767 
885 306 5 6 0.4683174 
446 342 7 9 0.46723244 
570 320 4 5 0.46152356 
890 343 6 8 0.45181808 
983 342 8 9 0.44821593 
302 326 5 6 0.43625864 
25 380 12 11 0.4356328 
639 306 6 9 0.4306399 
460 320 6 6 0.42952886 
111 426 14 12 0.42679027 
274 338 6 7 0.42573506 
236 343 6 8 0.42550513 
647 382 12 16 0.41690946 
953 345 8 8 0.40644556 
877 354 7 9 0.40076667 
702 331 6 8 0.39904863 
389 338 7 7 0.39494774 
437 352 7 9 0.39338648 
429 331 6 8 0.39157075 
658 325 7 9 0.39130005 
280 38 54 51 0.3861653 
190 350 8 10 0.38333645 
898 301 4 5 0.38244256 
358 356 6 8 0.3805871 
457 319 5 6 0.38006708 
724 481 19 22 0.37968284 
901 345 7 9 0.37578112 
929 325 7 8 0.37465447 
345 421 11 16 0.36978674 
389 368 8 10 0.36609852 
1009 330 6 8 0.36572105 
429 325 6 6 0.36519504 
579 314 4 5 0.36497647 
384 313 5 6 0.36060902 
531 381 11 15 0.35759994 
419 361 9 10 0.35389778 
326 349 6 8 0.3468077 
221 388 10 11 0.34610048 
683 325 7 9 0.34597567 
533 352 7 7 0.34305978 
878 305 5 5 0.34282902 
160 317 6 7 0.33926404 
959 337 7 8 0.33816123 
127 373 8 11 0.33705407 
678 347 10 12 0.33488542 
960 312 5 6 0.33426404 
179 356 9 9 0.3331059 
879 304 4 3 0.33257002 
802 326 5 6 0.3312379 
867 303 4 4 0.33115128 
732 325 6 8 0.33090502 
527 339 6 7 0.32898656 
909 305 5 6 0.3261426 
274 401 9 13 0.32600263 
565 314 4 4 0.32455286 
537 332 6 6 0.32175338 
991 354 9 10 0.31958544 
449 324 5 7 0.31815925 
95 330 7 7 0.3161075 
254 349 8 8 0.31310523 
198 332 5 6 0.31283098 
814 307 4 5 0.31140035 
456 313 4 5 0.31087062 
871 302 4 5 0.3074928 
532 331 7 7 0.29607245 
838 331 7 8 0.29256693 
154 370 9 10 0.28922418 
487 386 9 15 0.28853217 
310 402 10 16 0.2876348 
382 313 4 6 0.28633776 
393 393 11 13 0.28598237 
493 349 6 8 0.2851297 
371 327 6 7 0.28480613 
866 305 5 6 0.28444195 
442 342 7 9 0.28340784 
566 434 18 20 0.2833126 
205 332 6 7 0.2829543 
481 325 5 6 0.28213367 
609 304 4 7 0.2808892 
400 301 4 6 0.27985218 
125 402 15 14 0.27938637 
853 307 4 5 0.27909404 
384 327 5 6 0.27801514 
1013 373 12 14 0.27772114 
429 336 7 8 0.27751544 
850 346 6 8 0.2763734 
552 313 3 5 0.26739335 
921 355 10 10 0.26666293 
296 319 5 5 0.2660978 
264 385 10 14 0.26441148 
910 302 5 6 0.26436064 
685 331 7 8 0.26309142 
249 327 5 5 0.26290947 
458 393 11 13 0.26198032 
921 307 6 6 0.25884157 
0 424 16 25 0.2565022 
686 312 6 8 0.25636467 
289 332 5 6 0.25576636 
819 324 5 6 0.25534594 
671 324 6 8 0.25490505 
563 337 5 6 0.25425255 
945 337 7 8 0.25340506 
553 345 6 7 0.252897 
353 319 4 6 0.25059167 
863 331 5 8 0.2505842 
998 318 7 7 0.24881022 
19 361 9 11 0.24875937 
630 300 4 7 0.24847852 
269 333 6 6 0.2483754 
1004 294 5 7 0.24804926 
509 487 29 25 0.24710755 
270 319 4 6 0.24554472 
104 338 6 7 0.24491385 
625 342 8 12 0.24486744 
265 373 10 11 0.2440983 
361 318 5 6 0.24409428 
748 359 8 11 0.24341743 
988 295 4 5 0.24340723 
551 326 5 6 0.24288376 
805 326 6 7 0.2415769 
173 323 6 7 0.24117596 
26 327 5 6 0.2410459 
761 320 5 7 0.24096683 
160 326 7 8 0.23831703 
571 338 5 7 0.23807858 
566 320 4 5 0.23782021 
554 319 4 6 0.23729338 
517 380 10 12 0.23665588 
288 326 5 6 0.23580155 
262 355 8 10 0.23395124 
566 309 3 4 0.23335347 
905 306 5 5 0.2331027 
24 471 17 26 0.23241785 
655 306 5 6 0.23213711 
853 313 5 6 0.23209828 
237 320 4 6 0.23137939 
361 315 4 5 0.2310416 
398 325 6 7 0.22940448 
107 362 10 11 0.22916497 
896 343 6 9 0.22894254 
151 354 11 12 0.22841337 
65 326 4 6 0.22797816 
680 326 6 8 0.22696294 
780 333 6 7 0.22582303 
511 332 6 7 0.22541003 
365 318 5 6 0.22384691 
417 313 5 6 0.22382587 
504 350 7 9 0.22322014 
614 342 7 10 0.2216258 
889 314 5 6 0.22106728 
704 317 6 9 0.22041911 
614 323 6 8 0.21956678 
493 404 8 14 0.21816903 
336 398 12 16 0.21718183 
212 318 6 7 0.2170368 
353 325 5 7 0.21701723 
885 304 4 4 0.21613517 
69 348 10 13 0.21553889 
579 308 3 4 0.21553351 
864 320 5 5 0.21528828 
170 338 8 9 0.21517532 
429 321 6 6 0.21501336 
566 326 4 5 0.2144747 
502 338 5 6 0.21427907 
503 343 6 9 0.21372923 
711 324 7 9 0.21329936 
942 295 4 5 0.21296276 
393 371 9 10 0.21267423 
719 307 5 6 0.21257459 
871 306 5 5 0.21056972 
664 349 7 11 0.21006359 
984 320 6 7 0.20865388 
50 339 7 7 0.20839584 
238 325 5 6 0.20752051 
827 307 4 5 0.20741856 
956 308 5 6 0.20706809 
185 337 7 8 0.20693807 
687 381 11 12 0.20572634 
184 351 9 9 0.20567083 
14 332 5 6 0.2048136 
95 305 6 8 0.20469071 
298 363 7 10 0.20407096 
396 490 17 18 0.20266591 
552 349 7 9 0.20190504 
481 301 4 6 0.20098357 
400 389 11 16 0.20061405 
461 315 5 4 0.19989559 
941 333 7 7 0.19989112 
561 314 3 5 0.19965811 
715 324 7 9 0.19858004 
58 326 5 6 0.19776517 
592 301 4 5 0.19767387 
587 338 8 9 0.1976181 
22 399 14 17 0.19694954 
863 326 6 6 0.19628681 
36 374 10 16 0.19627295 
1013 313 6 8 0.19624355 
644 367 11 11 0.19593385 
889 307 5 6 0.19392101 
818 321 6 6 0.19389273 
262 392 11 13 0.19384754 
340 319 5 6 0.19379807 
254 357 8 10 0.19359383 
582 313 4 6 0.19226873 
303 321 4 4 0.19185238 
300 343 7 9 0.19122548 
454 355 7 9 0.19103676 
85 344 7 7 0.19097403 
898 475 12 21 0.19050696 
908 320 6 7 0.19041197 
590 319 5 7 0.1902768 
610 343 7 8 0.19005762 
245 328 5 5 0.18969767 
42 344 7 8 0.18928185 
558 320 4 5 0.18816659 
761 324 6 7 0.18806794 
871 314 5 6 0.18769404 
887 349 7 9 0.18745092 
275 360 9 10 0.18702611 
657 361 11 12 0.1863325 
225 320 4 5 0.18576972 
578 319 4 5 0.18567097 
981 349 11 11 0.18553981 
573 302 2 4 0.18516524 
283 345 6 7 0.1832653 
812 344 8 7 0.18235704 
429 313 6 5 0.18206185 
646 344 7 8 0.181737 
243 315 5 5 0.1813056 
611 313 3 6 0.18088315 
539 318 5 5 0.18044256 
325 369 8 11 0.18039148 
845 348 7 8 0.18031019 
828 321 5 6 0.18001835 
107 339 7 7 0.17956105 
831 320 6 6 0.17914419 
570 326 5 5 0.1786651 
39 350 9 9 0.17859212 
559 338 5 6 0.17816381 
467 326 6 6 0.17743562 
383 346 7 7 0.17698984 
391 313 5 5 0.17689797 
921 340 6 7 0.17667006 
673 308 5 8 0.17564893 
365 315 5 6 0.17490697 
483 314 4 5 0.17400606 
290 350 6 8 0.17398347 
358 352 6 7 0.17398325 
520 327 5 6 0.17338112 
840 307 5 6 0.1719427 
499 273 5 7 0.17190054 
595 300 4 6 0.17161442 
860 326 5 6 0.17141388 
659 312 6 8 0.17137434 
889 318 6 6 0.1709401 
95 338 6 8 0.17045729 
846 306 5 6 0.17006278 
728 350 11 10 0.16978051 
70 375 9 12 0.16922414 
997 330 6 8 0.16891183 
994 397 11 18 0.16876242 
63 352 9 13 0.16802059 
504 368 8 11 0.16741827 
296 346 5 7 0.16694444 
475 320 5 5 0.16625017 
678 329 6 9 0.16620456 
814 313 5 5 0.16593009 
474 338 6 6 0.16548362 
78 325 5 7 0.16529371 
28 331 5 6 0.16482322 
225 326 5 5 0.16476823 
654 324 7 10 0.16453747 
468 320 5 5 0.1642247 
957 312 4 6 0.1622996 
847 360 9 10 0.16197897 
295 332 5 6 0.16158335 
283 320 4 5 0.16142772 
372 319 5 6 0.16084494 
980 307 5 6 0.16050443 
690 331 6 8 0.16016544 
847 333 5 7 0.16008233 
827 325 6 6 0.15960346 
456 324 6 6 0.15927407 
839 336 6 8 0.15901785 
563 333 5 7 0.15893885 
534 315 4 5 0.15866335 
564 349 7 11 0.15853027 
448 321 6 5 0.15807317 
571 315 4 5 0.15807003 
920 361 11 10 0.15642679 
436 320 6 6 0.15524295 
824 338 7 9 0.1550405 
82 332 7 6 0.15485458 
692 327 6 7 0.15462135 
1001 297 5 7 0.15457 
31 338 6 7 0.15438586 
461 326 6 5 0.15433298 
306 326 5 6 0.15397279 
407 381 10 11 0.15386595 
666 167 7 12 0.15378793 
699 313 6 8 0.15376863 
423 313 5 5 0.1535313 
857 314 6 5 0.15351865 
411 314 5 5 0.15341498 
189 295 4 6 0.15330149 
499 386 9 12 0.15322281 
697 327 6 7 0.1531871 
624 306 3 7 0.15288715 
997 326 6 8 0.15284549 
760 337 7 9 0.15238859 
533 328 5 5 0.15223661 
229 332 6 6 0.15201642 
866 315 5 5 0.15174136 
648 362 12 11 0.15091927 
469 315 4 4 0.15086068 
556 380 9 12 0.15081723 
632 336 8 9 0.14970402 
49 432 19 25 0.14943549 
591 307 4 4 0.14909774 
592 314 4 5 0.14824407 
661 307 4 7 0.14812016 
111 392 11 12 0.14782861 
14 327 5 6 0.14766529 
872 343 6 8 0.14729482 
918 308 4 5 0.14720832 
886 313 5 6 0.14706375 
656 312 5 7 0.14682534 
463 290 3 4 0.14570147 
46 339 6 7 0.14446227 
809 308 4 4 0.14422591 
737 337 7 9 0.14410292 
456 310 4 4 0.1439452 
886 318 5 6 0.14373001 
304 315 3 5 0.14323738 
83 326 6 6 0.14312007 
571 333 5 7 0.14282325 
34 326 5 6 0.14242278 
805 331 7 7 0.14186423 
904 302 4 5 0.1414011 
108 344 7 7 0.14054628 
810 349 7 8 0.13965711 
181 331 6 8 0.1396323 
385 331 5 6 0.13949151 
192 294 4 7 0.13946289 
112 351 9 10 0.13945886 
147 333 6 7 0.13913873 
794 338 7 7 0.13911815 
838 328 5 5 0.13903008 
794 333 5 6 0.13832688 
674 330 6 8 0.13817707 
706 308 5 7 0.13748236 
397 346 6 6 0.13728978 
1018 337 6 9 0.13703862 
54 326 4 6 0.13686407 
584 307 4 5 0.13686122 
979 313 5 5 0.13644321 
433 338 7 9 0.13631606 
53 314 4 5 0.13582471 
960 309 5 5 0.13568471 
453 404 11 19 0.13493524 
211 333 6 7 0.13414907 
374 388 9 9 0.13382341 
399 320 5 5 0.13363738 
308 367 6 9 0.13361442 
552 309 3 4 0.13335139 
998 314 6 7 0.13333948 
184 332 7 8 0.13318467 
710 308 5 7 0.13171221 
630 318 5 8 0.13170877 
418 309 4 5 0.13150513 
397 351 6 6 0.13094345 
905 320 5 6 0.13090926 
800 320 5 5 0.13069834 
582 326 5 7 0.13046058 
630 342 9 12 0.13022617 
551 332 5 6 0.12984887 
92 300 5 8 0.12972681 
799 339 7 7 0.12959422 
411 339 6 6 0.12956853 
422 345 7 7 0.12920235 
929 320 5 6 0.12873624 
371 369 7 9 0.12854813 
142 408 11 17 0.12853953 
31 332 6 6 0.12847725 
685 318 7 8 0.12813878 
782 307 4 5 0.1279696 
217 332 6 6 0.12703067 
480 320 5 6 0.1269363 
213 315 4 5 0.12692407 
429 308 5 6 0.1267008 
717 319 7 8 0.1265208 
514 366 10 11 0.12646693 
904 369 11 11 0.12611192 
1 345 6 10 0.12599832 
481 294 3 5 0.12558863 
671 320 6 8 0.12544404 
690 313 6 8 0.12542701 
194 332 6 7 0.1252989 
239 314 4 5 0.12491279 
348 320 4 6 0.12466291 
164 326 7 7 0.12460564 
546 535 20 29 0.12447318 
869 364 7 9 0.124153115 
290 319 3 5 0.12401537 
463 294 3 5 0.123756275 
708 311 7 8 0.12344886 
680 308 4 7 0.12336485 
360 346 5 6 0.12316482 
117 314 5 7 0.122898936 
192 326 6 5 0.12209683 
289 338 5 6 0.12203482 
935 429 21 22 0.121760786 
921 312 6 6 0.12172067 
423 338 6 7 0.12158528 
833 326 5 5 0.12130681 
556 441 17 20 0.121176325 
31 501 33 39 0.12114876 
441 321 7 6 0.12084079 
482 344 6 8 0.12029372 
284 315 4 4 0.1201721 
595 313 4 6 0.12002845 
1000 288 4 5 0.11963559 
796 326 5 5 0.119384326 
20 345 7 7 0.11922889 
998 338 7 8 0.11908941 
686 335 7 9 0.11873376 
354 315 4 5 0.11852606 
21 326 5 6 0.11795048 
1002 282 3 5 0.117935 
78 321 4 6 0.11786949 
623 451 19 24 0.11773647 
513 358 7 8 0.11766181 
1014 295 4 5 0.117642745 
392 327 5 5 0.11761514 
60 416 14 15 0.11761307 
26 339 6 7 0.1174002 
915 343 6 7 0.11738614 
917 312 5 6 0.11738483 
364 345 6 7 0.11709785 
450 315 4 4 0.11670801 
242 364 7 8 0.116391376 
394 498 33 44 0.11621554 
463 389 10 12 0.115811706 
180 326 6 6 0.11574107 
777 315 4 5 0.11563942 
102 351 7 9 0.11523188 
39 326 4 5 0.115217686 
551 355 8 10 0.115192965 
291 316 3 5 0.115038335 
146 337 7 7 0.114745595 
165 330 7 7 0.11470911 
191 345 7 8 0.11423775 
102 356 8 9 0.11406899 
924 302 3 5 0.11390485 
518 331 7 7 0.11352395 
296 316 4 5 0.11351631 
79 331 5 7 0.11323998 
994 294 4 5 0.11298112 
189 299 3 5 0.11294466 
341 314 4 6 0.112739496 
474 333 5 6 0.1127123 
250 320 5 5 0.112638116 
593 338 8 9 0.11223103 
477 385 9 14 0.11215196 
377 345 8 7 0.11202949 
739 293 4 7 0.11199386 
209 374 10 12 0.11195938 
306 344 6 8 0.11098994 
545 333 5 6 0.11082629 
904 325 6 7 0.11069491 
804 294 3 5 0.11060118 
653 330 7 9 0.110406175 
777 332 5 7 0.110355206 
398 361 8 8 0.110352844 
954 331 7 7 0.110264026 
357 362 7 9 0.109879605 
719 312 5 7 0.10967262 
283 375 8 10 0.108969875 
987 299 5 5 0.10889682 
84 321 6 6 0.108706884 
422 351 8 8 0.10859475 
544 337 6 6 0.108117536 
766 350 9 10 0.1080414 
19 351 7 7 0.10796644 
690 318 6 7 0.10785115 
399 305 5 5 0.107844196 
735 331 6 7 0.10763099 
739 351 9 10 0.10755738 
703 326 7 7 0.107379645 
959 333 7 7 0.10718856 
891 303 4 4 0.106693074 
984 325 7 6 0.10653928 
226 315 4 4 0.10652374 
250 351 7 9 0.106310844 
101 313 5 7 0.10618902 
339 325 5 6 0.10611691 
858 308 4 4 0.10543317 
218 319 5 6 0.1051185 
846 313 5 6 0.10475028 
1008 458 15 13 0.10471356 
584 338 7 8 0.104642734 
801 314 4 5 0.1045631 
475 315 4 4 0.10455589 
277 320 4 5 0.10413581 
972 273 5 7 0.1040602 
508 333 4 6 0.10376904 
833 307 5 5 0.1037012 
298 327 4 5 0.103185326 
809 313 4 5 0.1030939 
779 336 8 8 0.10306711 
548 307 3 5 0.1029648 
2 347 9 10 0.10293892 
827 332 6 7 0.102769084 
98 312 6 7 0.10270208 
110 367 11 11 0.10266907 
814 332 6 6 0.1024394 
25 344 6 7 0.10220854 
975 314 4 5 0.10215267 
846 589 42 59 0.10202445 
264 314 4 5 0.10187272 
943 300 4 5 0.10181091 
802 330 5 6 0.10180544 
966 323 6 7 0.101692095 
75 404 12 16 0.10156085 
458 289 3 4 0.10123433 
967 315 4 5 0.101201154 
816 321 4 5 0.10073968 
851 332 5 6 0.1005193 
115 335 8 10 0.10048629 
706 343 8 10 0.10043866 
948 300 4 6 0.10029638 
391 320 5 5 0.100097395 
466 352 7 9 0.099975765 
420 367 10 13 0.09986686 
630 314 4 7 0.0996473 
775 318 5 6 0.09960805 
463 301 4 5 0.099550575 
389 357 8 7 0.09950243 
230 326 6 6 0.0994712 
693 287 4 7 0.09939568 
156 314 5 6 0.09923904 
672 342 7 9 0.099187165 
547 313 4 5 0.099083 
745 282 4 6 0.09877029 
326 325 5 8 0.0987011 
766 336 7 8 0.09862277 
948 313 4 6 0.09858928 
492 367 9 12 0.09858076 
572 308 3 5 0.098551184 
512 337 6 6 0.09851029 
199 314 5 5 0.09829639 
1016 316 7 10 0.09819201 
782 313 4 5 0.0981272 
463 396 12 18 0.09786031 
645 318 6 9 0.097765274 
365 331 6 6 0.09754338 
840 312 5 6 0.097429805 
802 288 4 6 0.09716583 
181 320 5 6 0.09712277 
8 554 25 31 0.09685147 
424 320 5 6 0.096747145 
303 340 5 5 0.096726835 
954 327 6 6 0.09664246 
54 299 4 7 0.09648203 
498 367 8 12 0.09646578 
821 596 25 30 0.09640314 
181 337 7 7 0.09632558 
757 281 4 6 0.09615083 
593 296 3 5 0.09615041 
28 365 10 13 0.09592764 
582 356 8 9 0.09587437 
1013 480 17 31 0.095825605 
142 338 6 7 0.09572697 
796 314 4 5 0.09557403 
0 332 4 7 0.09552364 
51 421 19 20 0.09539408 
666 292 4 6 0.095370196 
102 334 6 7 0.09534156 
353 330 5 7 0.095321216 
367 328 4 5 0.09531414 
491 373 9 11 0.09519591 
493 338 5 6 0.09518001 
262 338 6 7 0.09511379 
360 339 5 6 0.095037386 
914 361 9 9 0.09496378 
690 336 7 9 0.09494034 
653 318 6 8 0.09473011 
559 334 5 6 0.09441241 
259 315 3 5 0.0941351 
775 351 7 9 0.09389739 
251 293 5 5 0.09371066 
782 349 7 8 0.093469754 
36 320 3 5 0.093330756 
525 327 4 5 0.09311305 
841 302 4 5 0.09286493 
1006 312 6 7 0.092832804 
39 338 6 6 0.0928324 
749 301 4 6 0.092635855 
861 320 4 5 0.09262478 
104 344 6 8 0.09253617 
582 331 6 6 0.09249674 
234 320 4 5 0.09221826 
583 320 4 5 0.092215076 
628 303 4 8 0.0921676 
796 321 5 5 0.09207551 
236 340 6 6 0.09206352 
808 295 4 5 0.092009865 
622 332 5 7 0.09195797 
595 307 5 6 0.091811396 
402 326 6 6 0.0917822 
171 369 10 10 0.09178158 
1018 294 5 7 0.09119671 
629 287 4 6 0.09103543 
220 395 12 17 0.0908571 
436 314 5 5 0.09049532 
99 320 5 6 0.090471424 
359 331 6 7 0.09043444 
390 332 5 6 0.09037295 
92 331 5 6 0.09014601 
360 327 4 6 0.09004103 
534 318 4 5 0.089894034 
671 368 11 11 0.08926788 
597 326 4 6 0.0891082 
514 295 4 5 0.08902128 
444 308 3 5 0.08848474 
938 360 9 9 0.08846144 
9 327 4 6 0.088457316 
898 296 4 4 0.08837704 
425 309 4 5 0.08793252 
778 307 3 5 0.087843284 
609 338 6 8 0.08774553 
930 301 4 5 0.087664545 
146 326 6 6 0.08748967 
157 318 5 6 0.08747891 
828 352 6 8 0.08745775 
502 382 9 11 0.087411486 
904 296 4 5 0.0872142 
335 339 4 5 0.08716164 
743 294 5 6 0.087089166 
560 309 3 4 0.08708881 
907 324 7 7 0.086934045 
365 374 7 9 0.086785756 
476 282 3 5 0.08672952 
647 348 8 10 0.08669284 
245 319 4 5 0.086479425 
1016 362 11 13 0.08643934 
660 344 7 9 0.08635962 
608 293 4 6 0.086317345 
877 319 5 5 0.08613805 
344 370 7 9 0.08603187 
635 312 5 8 0.08601652 
83 339 6 6 0.085742705 
816 326 5 5 0.085693456 
38 370 7 11 0.0856182 
734 360 10 13 0.08552006 
418 319 5 5 0.085448906 
744 286 5 6 0.085367136 
59 308 4 5 0.08533557 
827 313 4 5 0.08523404 
287 345 6 8 0.08520244 
937 295 4 5 0.085077435 
667 324 6 8 0.084994674 
385 318 4 6 0.084938906 
455 345 6 7 0.08486189 
760 342 7 9 0.08484464 
722 311 6 8 0.08466779 
380 327 5 6 0.084614076 
329 369 8 11 0.08447606 
147 320 6 6 0.084398344 
501 288 4 5 0.08408848 
783 303 3 4 0.08404979 
250 356 7 9 0.083940454 
91 339 6 7 0.08392242 
402 301 5 6 0.08392178 
327 332 4 7 0.08377649 
407 389 11 16 0.08363472 
360 401 13 12 0.083583266 
611 325 5 7 0.08329716 
448 398 9 13 0.08278677 
930 295 4 5 0.08272905 
412 348 9 10 0.082688734 
81 349 8 10 0.0826559 
207 308 3 4 0.082315624 
483 306 3 5 0.082309864 
233 315 4 4 0.08218213 
928 339 7 7 0.08218162 
20 357 7 8 0.08178562 
820 314 5 5 0.08176745 
496 301 3 5 0.08146639 
463 282 3 5 0.08144659 
666 311 5 7 0.08143072 
652 337 7 8 0.08140649 
484 430 12 17 0.08134647 
668 375 13 14 0.08125533 
608 332 6 7 0.081119 
846 320 5 5 0.08107 
508 288 2 5 0.08100257 
379 435 16 23 0.080896564 
219 315 4 5 0.080852404 
381 308 3 4 0.08085187 
852 319 5 6 0.080708824 
613 461 21 23 0.08058551 
904 314 5 5 0.08042247 
198 337 6 8 0.080316156 
788 326 5 5 0.08030536 
815 303 4 4 0.08024826 
861 303 3 4 0.08022364 
110 326 6 7 0.08018903 
478 294 3 4 0.080116205 
688 420 11 16 0.080104716 
640 332 6 8 0.08007218 
328 339 4 5 0.08003777 
895 339 6 8 0.079976976 
627 338 7 9 0.07994515 
667 320 6 7 0.07990483 
42 482 36 39 0.07984114 
434 333 6 7 0.07971447 
519 320 5 5 0.079559796 
963 319 5 6 0.07951267 
432 287 3 6 0.07950844 
821 308 4 4 0.07948486 
372 315 4 5 0.07910894 
665 307 6 8 0.078974366 
796 307 4 5 0.07896381 
871 327 5 5 0.07863938 
379 301 4 5 0.0785885 
244 331 5 6 0.078580886 
923 320 5 6 0.078436136 
265 319 5 6 0.07839179 
937 275 4 5 0.078110315 
538 328 5 6 0.07803669 
808 302 4 5 0.07803443 
1013 298 5 7 0.07779327 
665 288 4 7 0.07761731 
435 344 7 7 0.0775919 
480 338 6 6 0.07750524 
659 318 6 8 0.07737077 
846 337 5 7 0.077330194 
497 274 4 6 0.07729845 
641 324 7 8 0.07724123 
986 314 6 5 0.07719232 
59 313 5 6 0.07716439 
331 395 10 15 0.07698695 
872 319 4 5 0.07698116 
53 331 5 6 0.076945536 
426 301 3 4 0.0767609 
304 401 11 16 0.07665382 
193 321 5 5 0.07654636 
789 313 5 6 0.07653965 
623 421 11 20 0.076537475 
245 351 6 7 0.07653258 
515 313 4 5 0.076490045 
308 314 4 6 0.07643888 
803 301 3 5 0.07642346 
275 326 6 6 0.07634902 
496 269 3 5 0.07634617 
674 395 13 17 0.07632831 
339 344 5 7 0.07617912 
770 278 4 8 0.07612135 
908 357 9 9 0.07609745 
195 351 8 9 0.07600978 
366 351 5 7 0.07595543 
106 357 10 10 0.07593262 
468 332 5 6 0.07588603 
326 363 7 9 0.07587285 
399 295 4 5 0.07572788 
632 359 10 13 0.07567376 
877 339 6 7 0.07566479 
8 338 5 6 0.07564818 
523 287 4 5 0.075436555 
770 275 4 7 0.07541567 
487 314 4 6 0.07530837 
663 355 8 10 0.07524895 
830 355 8 10 0.07519291 
871 349 7 10 0.075154886 
272 368 9 11 0.07505247 
363 356 7 8 0.07499332 
834 313 5 6 0.07494001 
157 349 10 9 0.07476188 
349 544 12 15 0.07472029 
275 333 5 7 0.07465905 
129 351 7 8 0.07443646 
135 437 13 14 0.07442812 
644 373 11 13 0.074353985 
477 288 3 5 0.07431295 
500 269 4 6 0.07431047 
907 350 7 8 0.07425647 
741 332 6 8 0.07416136 
406 314 4 5 0.07412953 
142 319 6 6 0.07408139 
524 355 7 7 0.07402114 
578 303 3 4 0.073804416 
761 333 7 8 0.07378616 
152 345 10 9 0.07375247 
871 340 6 7 0.0736927 
389 343 7 8 0.07361093 
685 308 4 6 0.073284596 
886 345 5 7 0.07321867 
786 353 10 12 0.07321411 
47 326 4 6 0.07317749 
14 337 5 6 0.07310618 
137 315 4 5 0.073094696 
634 300 4 7 0.07296053 
308 319 4 6 0.07294622 
239 310 3 4 0.0726426 
642 317 6 9 0.07254534 
681 413 13 18 0.072433904 
570 342 6 8 0.072294295 
200 327 4 5 0.072270654 
1019 342 7 10 0.072189376 
71 326 5 6 0.07212018 
240 331 4 6 0.07190149 
821 302 3 5 0.07160701 
108 349 9 10 0.071593605 
316 400 9 13 0.07140424 
416 358 9 9 0.07138917 
819 332 6 6 0.071339265 
924 294 4 5 0.07130715 
250 331 5 6 0.071159065 
595 295 4 6 0.07107677 
424 325 5 6 0.07074679 
949 307 4 6 0.0707216 
21 339 5 5 0.07071369 
224 351 8 9 0.07059827 
502 334 4 5 0.07053406 
410 333 5 5 0.070511736 
398 315 4 5 0.07029328 
762 314 4 5 0.070238456 
380 318 5 6 0.070212774 
749 305 5 6 0.070195995 
372 365 6 7 0.070161216 
182 315 4 5 0.0701603 
881 355 7 9 0.070155665 
910 344 6 8 0.07007062 
943 314 5 5 0.06990983 
877 315 5 5 0.06990583 
284 326 4 6 0.06977078 
481 289 3 4 0.0697354 
981 338 8 9 0.069660075 
770 315 4 5 0.06964408 
64 407 18 19 0.06944866 
832 361 9 10 0.06914935 
647 338 7 7 0.06909238 
457 295 3 4 0.069001235 
39 321 4 5 0.06863697 
722 350 10 10 0.06859785 
19 333 5 6 0.06858042 
568 534 11 14 0.06849099 
399 409 12 15 0.068404734 
463 332 5 5 0.068392396 
48 308 4 5 0.068311214 
387 309 3 4 0.06823413 
897 305 5 5 0.06822683 
829 303 3 4 0.068164 
807 321 5 4 0.06806713 
482 332 5 5 0.06805585 
578 327 5 5 0.06799529 
129 294 5 7 0.067873225 
597 331 5 6 0.06762664 
143 325 6 6 0.06759798 
802 308 4 4 0.06755057 
46 334 5 5 0.067550085 
805 338 7 7 0.06745306 
595 287 4 6 0.06743116 
16 321 4 5 0.067047626 
336 319 5 6 0.06694952 
941 327 6 5 0.06690695 
205 327 5 5 0.06689107 
331 360 7 10 0.0668641 
265 333 5 6 0.06685089 
738 280 4 6 0.066704616 
634 333 6 8 0.06665061 
457 546 17 27 0.066633634 
933 330 6 7 0.0665779 
192 299 4 6 0.066507675 
752 358 7 9 0.06650711 
281 368 8 11 0.06641214 
249 339 6 6 0.0662191 
697 335 9 11 0.066200614 
283 333 4 5 0.06619128 
14 362 9 10 0.06592798 
603 333 5 6 0.06580928 
1018 299 6 8 0.06578394 
731 399 15 16 0.06571719 
444 313 4 5 0.06546279 
187 327 5 5 0.06537373 
782 320 5 6 0.06537054 
403 319 5 6 0.06535146 
483 282 3 5 0.06531481 
497 288 3 4 0.06523699 
745 300 4 6 0.06508444 
692 292 4 8 0.06507514 
9 332 5 6 0.06507191 
659 338 7 9 0.06488612 
391 352 7 6 0.06476336 
186 344 8 8 0.06466433 
457 370 9 10 0.06465246 
559 433 15 17 0.06462638 
680 320 5 7 0.06459072 
353 339 5 6 0.06456876 
437 288 4 5 0.06456725 
750 287 5 5 0.06454187 
40 334 5 5 0.06447579 
451 308 3 5 0.06425335 
542 302 3 5 0.06422859 
847 326 4 5 0.06405856 
917 303 4 4 0.064026386 
808 346 7 7 0.06379189 
702 336 8 10 0.06378466 
852 327 5 5 0.06369941 
147 370 7 10 0.06365729 
199 320 4 5 0.063516945 
53 320 4 4 0.06337606 
995 289 4 5 0.063023105 
473 393 10 15 0.06300929 
374 300 4 5 0.06296848 
834 304 4 3 0.06283152 
962 326 5 6 0.06265913 
18 312 5 7 0.06259237 
519 352 6 7 0.06257313 
558 326 5 5 0.0624133 
576 332 6 6 0.062391706 
655 302 4 6 0.062348787 
471 276 2 4 0.06217938 
402 352 7 7 0.062167812 
271 315 4 5 0.06214399 
120 369 9 11 0.062121775 
527 314 4 5 0.062005024 
641 301 4 6 0.061938237 
767 326 6 6 0.061904367 
148 351 7 8 0.06177141 
391 309 4 4 0.061725523 
888 356 8 9 0.06172257 
508 327 4 5 0.06163166 
1006 288 4 5 0.06157548 
526 332 5 6 0.061530665 
457 269 3 4 0.061474416 
419 281 3 5 0.061459854 
501 349 6 9 0.061387185 
481 349 7 9 0.061365698 
168 321 4 6 0.061337296 
420 381 8 10 0.061310496 
735 343 9 9 0.06130262 
114 343 8 9 0.06130162 
236 348 7 9 0.061208073 
730 319 7 9 0.06120794 
935 359 7 7 0.061111286 
605 306 4 6 0.06107415 
413 380 10 11 0.060952973 
207 320 5 5 0.06094804 
20 321 4 5 0.06091918 
722 308 5 6 0.06080428 
348 344 4 7 0.060748238 
174 356 8 8 0.06072497 
778 303 3 4 0.060689528 
955 301 4 5 0.06067136 
342 402 12 15 0.060664702 
259 344 7 7 0.06061558 
332 386 9 13 0.06056906 
419 325 5 6 0.060566604 
516 319 3 5 0.060525995 
258 320 4 5 0.06042481 
668 390 14 15 0.06038059 
681 376 13 13 0.060283724 
520 314 3 5 0.060221303 
98 381 11 11 0.060067803 
437 294 4 6 0.059967656 
515 308 3 5 0.05992162 
54 307 4 6 0.05984128 
985 332 6 7 0.059836395 
586 303 2 4 0.059657212 
552 339 5 6 0.05960975 
348 325 4 6 0.0595982 
975 301 4 5 0.05955799 
428 343 7 8 0.059363477 
857 345 7 7 0.059343673 
302 331 4 6 0.059301212 
436 324 6 7 0.059103336 
661 301 4 7 0.05902025 
1019 332 6 9 0.05884434 
813 294 4 5 0.058781985 
251 315 4 5 0.058670547 
1006 307 6 7 0.058650035 
364 339 6 6 0.05854663 
207 314 4 5 0.058520548 
206 336 6 7 0.05848207 
308 330 4 7 0.0584774 
776 336 7 8 0.05844555 
910 339 6 7 0.058371976 
228 351 8 8 0.058261905 
935 300 5 6 0.058042783 
415 340 7 6 0.057927817 
867 297 3 3 0.057851005 
992 300 5 6 0.057708528 
514 300 4 6 0.057458326 
1017 321 9 11 0.05742167 
451 283 3 4 0.057346176 
853 303 4 4 0.05734616 
517 357 7 8 0.057336602 
372 346 6 6 0.057202283 
271 326 4 6 0.057182554 
526 321 5 5 0.057014585 
984 469 14 25 0.05700552 
903 331 7 7 0.056909796 
60 404 15 13 0.056864083 
470 309 3 4 0.05684471 
487 276 4 5 0.056725126 
789 308 4 4 0.056691516 
101 319 6 7 0.0566816 
213 308 4 4 0.05667221 
494 320 4 5 0.056658655 
723 318 6 8 0.05665011 
949 343 6 8 0.056546126 
382 407 12 14 0.056455985 
102 324 6 7 0.05637472 
60 295 4 6 0.056314778 
545 446 18 20 0.056260593 
593 288 3 6 0.056163188 
461 309 4 4 0.056025375 
69 369 10 11 0.055839583 
214 303 4 4 0.05572571 
719 302 4 5 0.05572316 
833 332 6 7 0.05567775 
790 362 10 11 0.05566325 
642 293 4 6 0.05558262 
722 325 7 9 0.055487495 
712 330 7 8 0.0553739 
87 348 8 10 0.05534238 
623 311 4 7 0.055041283 
187 319 5 6 0.05486978 
850 337 6 6 0.054780815 
488 332 5 6 0.054690138 
258 339 5 6 0.054567814 
998 342 8 9 0.054549895 
694 281 3 6 0.05453876 
450 332 5 7 0.054530717 
340 375 7 8 0.054515753 
328 356 7 10 0.05441934 
302 357 7 9 0.054389667 
59 300 3 5 0.054342043 
120 330 8 8 0.05432937 
472 351 6 8 0.054278348 
490 294 3 6 0.05423478 
127 329 9 8 0.054174073 
457 301 3 4 0.054140583 
472 82 7 10 0.054063354 
197 343 7 8 0.05393755 
551 360 8 11 0.053860463 
527 308 3 5 0.053801417 
340 339 4 6 0.0537654 
710 320 6 8 0.053747915 
859 336 6 8 0.053729847 
699 263 4 6 0.05371664 
929 307 4 5 0.053707864 
285 379 8 11 0.053606894 
787 337 7 7 0.053490102 
817 134 21 25 0.05348937 
249 289 6 6 0.053441163 
156 327 6 6 0.053401187 
591 324 4 6 0.053396698 
63 312 6 7 0.053374484 
649 254 4 8 0.053367257 
398 330 5 7 0.05333424 
162 307 4 5 0.053270333 
440 385 10 14 0.05311691 
946 417 15 14 0.0530369 
484 276 3 5 0.053010732 
471 282 3 4 0.05292374 
864 338 5 8 0.052852795 
698 374 11 12 0.052760802 
353 344 5 7 0.052717227 
504 263 3 5 0.052656308 
1004 282 4 6 0.05260108 
783 326 5 6 0.052580863 
947 319 6 6 0.052513413 
65 321 4 5 0.052420855 
739 289 4 5 0.05240524 
476 309 3 3 0.05236791 
506 268 4 6 0.05231897 
683 385 12 12 0.052303582 
981 301 3 5 0.052208815 
477 269 3 5 0.052197132 
425 294 3 5 0.052047458 
971 319 6 6 0.052003413 
871 332 5 6 0.05195854 
574 339 6 7 0.05188406 
630 282 4 7 0.051769458 
999 306 6 6 0.051712465 
182 301 3 5 0.051692665 
649 281 4 7 0.05165757 
1005 298 5 7 0.051636223 
526 342 7 7 0.051595557 
613 411 12 17 0.051591218 
424 333 6 6 0.051576838 
762 303 4 5 0.05145801 
58 330 5 6 0.051429696 
678 353 10 12 0.051405348 
331 350 7 9 0.05139832 
35 314 3 5 0.05138691 
770 319 4 5 0.051363166 
329 307 3 5 0.0513584 
789 333 5 6 0.051336706 
897 348 6 9 0.05112924 
225 392 11 14 0.05106166 
463 277 3 4 0.051056255 
623 295 3 5 0.051005386 
530 344 6 6 0.050983332 
166 344 8 8 0.05093989 
652 217 5 7 0.05086992 
788 321 5 5 0.0507529 
74 320 4 6 0.05072862 
219 327 5 5 0.050658755 
758 332 5 7 0.050638866 
468 338 6 6 0.050625376 
501 320 4 5 0.050557297 
18 382 12 11 0.050497953 
78 337 6 7 0.050428312 
457 283 3 4 0.050425686 
470 270 3 4 0.050416827 
982 294 4 6 0.050326396 
733 470 18 24 0.05031629 
771 306 4 5 0.050201148 
373 309 3 4 0.050196707 
878 332 5 7 0.05018574 
468 301 4 5 0.0501487 
326 398 8 13 0.05008915 
975 307 4 5 0.04982925 
924 257 3 6 0.049759917 
598 487 12 16 0.049686827 
276 315 4 5 0.049576502 
641 344 7 9 0.04956784 
47 321 4 5 0.04954323 
552 385 11 15 0.04950333 
749 294 5 7 0.049500085 
928 343 7 7 0.049438577 
475 326 4 5 0.04930694 
267 397 11 14 0.049255125 
546 302 3 5 0.049247712 
956 338 6 7 0.049194455 
36 363 8 10 0.0491938 
53 295 4 7 0.049158882 
505 262 4 6 0.0490713 
637 307 5 7 0.049026463 
283 339 4 5 0.048944563 
691 253 6 9 0.04887389 
909 313 5 6 0.04887126 
257 333 5 5 0.048853666 
121 318 6 6 0.048747055 
30 467 33 39 0.04873326 
485 349 7 8 0.04866316 
427 352 7 8 0.048603393 
539 337 5 6 0.048427604 
489 320 4 5 0.04837844 
929 313 4 6 0.0483239 
462 351 6 8 0.048276216 
338 349 7 10 0.0482136 
487 307 4 5 0.048188683 
923 290 3 5 0.04802574 
425 288 3 5 0.047988657 
501 282 3 5 0.04796657 
457 263 3 5 0.04784567 
547 328 4 5 0.04765233 
451 295 3 5 0.047639288 
752 384 13 16 0.047603697 
857 385 10 12 0.047596913 
1029 370 14 21 0.04749242 
925 353 9 8 0.04748713 
502 301 4 5 0.047479518 
701 266 3 7 0.04736359 
451 289 3 4 0.047325138 
245 356 7 8 0.047323223 
195 315 4 5 0.047258098 
130 367 9 13 0.04700745 
335 314 4 5 0.04694745 
967 302 5 5 0.046940647 
663 289 4 6 0.0469317 
987 289 4 5 0.046917822 
134 339 7 7 0.046885096 
245 339 5 6 0.046801582 
676 362 10 10 0.046780657 
865 343 6 8 0.046777606 
896 326 6 7 0.046686523 
924 325 6 7 0.046647813 
201 301 4 5 0.046620227 
378 340 6 6 0.046618957 
225 345 7 6 0.04653861 
802 140 31 45 0.04653166 
750 282 4 6 0.04650813 
404 306 5 5 0.04643714 
163 301 4 6 0.046416014 
510 395 11 12 0.046376362 
412 281 4 5 0.04630695 
1 515 7 14 0.046096276 
937 289 3 5 0.046059642 
472 363 8 9 0.04603699 
940 422 18 16 0.04602521 
896 319 5 6 0.046010423 
847 303 3 4 0.045989946 
693 308 5 6 0.045940004 
692 265 4 7 0.04588318 
955 319 5 5 0.04584688 
49 314 3 4 0.04574239 
489 289 3 4 0.04571389 
655 164 5 8 0.04564039 
771 303 3 4 0.045626987 
149 315 4 5 0.045545988 
943 319 5 6 0.045512244 
396 340 6 6 0.045433756 
542 383 10 13 0.045392897 
378 412 9 11 0.04533712 
438 309 3 4 0.04528423 
202 307 4 5 0.0451947 
86 298 4 7 0.04518069 
819 369 9 8 0.045080043 
586 370 12 15 0.04504437 
921 535 37 59 0.045029845 
151 338 8 7 0.044994064 
111 314 4 6 0.044946127 
182 375 11 16 0.044863787 
379 296 3 5 0.04483475 
934 320 5 6 0.044809707 
123 288 4 6 0.044752933 
91 327 5 6 0.044740044 
137 301 4 6 0.044693258 
116 517 29 30 0.044684555 
14 357 8 8 0.044683773 
482 269 2 4 0.044658057 
502 327 4 5 0.04464926 
955 349 10 11 0.044625632 
782 345 7 8 0.0445446 
425 282 3 5 0.044532526 
445 283 2 4 0.04451942 
234 357 8 9 0.044449747 
446 409 11 18 0.04441942 
115 299 4 7 0.04439444 
324 308 3 5 0.044321425 
974 351 8 10 0.04431451 
756 286 4 6 0.044296794 
30 357 8 10 0.04419439 
808 289 4 5 0.044175863 
468 295 3 4 0.044140223 
908 361 10 11 0.044124227 
289 300 4 6 0.044122458 
1003 318 6 7 0.044117015 
64 330 5 7 0.04406888 
79 458 17 20 0.044065487 
243 345 6 6 0.04402402 
975 295 4 5 0.044015843 
31 418 11 15 0.043959636 
1 327 3 6 0.04395067 
413 308 4 5 0.043900438 
607 415 11 16 0.043895792 
335 344 5 7 0.04387732 
564 344 5 7 0.043740455 
450 301 4 5 0.043730725 
132 380 9 12 0.043710634 
650 260 4 8 0.043688063 
64 294 3 7 0.043687977 
879 297 3 3 0.04361946 
64 299 4 6 0.043439563 
663 292 4 7 0.043372765 
610 274 4 7 0.04336841 
595 319 4 7 0.04335237 
477 264 3 4 0.043271314 
68 359 10 14 0.043241117 
153 331 6 7 0.043223742 
700 404 11 14 0.043131746 
969 280 4 7 0.043122493 
948 296 4 4 0.04311027 
191 338 6 7 0.04294689 
323 346 5 7 0.042931076 
64 343 8 9 0.0429276 
1037 313 7 11 0.04284151 
458 276 3 5 0.0428285 
595 281 4 6 0.04280142 
464 269 2 5 0.042774696 
513 327 5 5 0.04266516 
910 296 4 4 0.04265195 
642 289 4 6 0.042569216 
822 295 3 5 0.042543285 
219 365 8 12 0.042482834 
513 379 9 12 0.042362142 
572 404 17 23 0.04231761 
47 293 5 7 0.042150445 
560 303 3 4 0.04214597 
610 268 4 6 0.042113815 
174 352 7 7 0.042108387 
164 349 7 8 0.04206699 
567 303 3 3 0.04205024 
582 352 8 8 0.042017076 
174 314 4 5 0.042008206 
307 348 7 9 0.041987956 
378 331 6 6 0.041935217 
1 434 21 31 0.04184217 
80 475 19 23 0.041806586 
55 289 3 4 0.04178178 
994 314 5 6 0.041738313 
487 327 4 5 0.04160534 
636 294 4 6 0.04156455 
840 351 6 8 0.041512463 
377 368 7 9 0.041492775 
217 357 8 10 0.041481785 
583 368 9 11 0.04147221 
938 281 3 5 0.0414448 
714 343 9 12 0.041375905 
59 321 4 4 0.041327063 
765 275 3 6 0.041324243 
646 357 10 10 0.041318465 
455 339 6 7 0.041298617 
306 339 5 6 0.04128285 
796 303 3 4 0.04127778 
1019 305 7 9 0.0411324 
821 289 4 5 0.041130375 
74 361 11 13 0.04112031 
649 218 4 6 0.041118056 
1020 300 16 22 0.04111143 
278 403 9 14 0.041093417 
444 288 3 5 0.04104442 
993 306 6 7 0.041038547 
588 350 7 9 0.04101658 
522 282 4 6 0.04099665 
271 342 6 7 0.040979274 
872 297 3 3 0.04085025 
32 345 6 6 0.040839195 
1056 372 8 13 0.040758118 
904 384 12 13 0.040756937 
647 333 5 7 0.040743146 
679 473 12 18 0.040735796 
592 280 4 7 0.04071686 
731 337 7 8 0.040707212 
884 339 5 7 0.040706486 
0 338 5 6 0.040659662 
1051 363 7 11 0.040648356 
275 287 4 6 0.04064011 
412 386 11 14 0.040628295 
250 344 6 8 0.040602162 
487 338 5 6 0.040590495 
234 362 9 10 0.040583603 
833 338 6 7 0.0405625 
72 426 15 18 0.04055791 
509 502 26 21 0.04054606 
508 283 3 4 0.040508673 
986 307 5 6 0.0405086 
111 289 4 6 0.040418807 
366 289 4 5 0.040401056 
507 301 3 5 0.040372144 
490 269 3 4 0.04035928 
487 281 3 5 0.040347394 
104 279 4 6 0.0402 
251 307 5 5 0.04018516 
670 445 12 23 0.04011256 
329 481 27 43 0.040063184 
494 334 4 5 0.04002848 
602 346 6 6 0.03997255 
460 345 6 8 0.03996618 
142 331 6 8 0.039939992 
721 533 22 33 0.03986672 
763 356 8 9 0.03982034 
219 308 4 4 0.039790593 
1013 290 3 5 0.039762076 
494 315 4 5 0.03971491 
612 476 22 26 0.039693624 
633 324 6 9 0.039665967 
693 398 14 17 0.039587893 
335 307 3 5 0.03957821 
776 328 4 5 0.03957601 
130 299 5 7 0.039491978 
1035 323 7 12 0.03947171 
487 376 8 10 0.039443724 
840 296 3 4 0.039390348 
1006 377 17 23 0.03929751 
729 312 8 9 0.03929346 
643 255 4 6 0.03927854 
212 326 5 6 0.0392473 
125 293 4 6 0.03921442 
265 327 4 5 0.03915394 
877 327 6 6 0.039149635 
640 364 8 11 0.03914795 
759 311 5 7 0.039141692 
437 275 3 5 0.039075978 
419 288 3 6 0.03900414 
137 361 9 11 0.038998656 
368 300 3 6 0.038947556 
368 309 3 4 0.03891694 
241 374 7 11 0.038822886 
207 302 3 5 0.038818296 
615 331 6 7 0.038810737 
548 428 14 16 0.038765408 
431 301 3 5 0.038714346 
254 394 11 12 0.038662404 
943 307 4 5 0.038644042 
470 356 8 9 0.03863874 
602 338 5 6 0.038542807 
692 298 5 8 0.038495947 
933 339 6 7 0.038488038 
1033 360 11 17 0.03843439 
515 275 3 6 0.038424704 
371 383 8 10 0.038407415 
8 313 3 5 0.038402244 
890 332 6 7 0.038402144 
188 306 4 5 0.03833608 
539 286 4 6 0.038332872 
988 282 4 6 0.03830609 
665 392 9 12 0.03827784 
965 333 6 7 0.038267385 
495 306 4 5 0.038244814 
981 332 6 7 0.038228482 
206 295 4 6 0.038191423 
445 276 3 4 0.038159534 
631 406 10 18 0.038129978 
431 282 3 5 0.03799842 
478 301 3 5 0.037968796 
1018 317 15 20 0.037939236 
1054 380 11 17 0.037920997 
27 321 4 5 0.037778664 
348 315 3 5 0.037758708 
354 362 6 8 0.03775696 
766 343 7 10 0.03775101 
340 332 5 6 0.037720397 
118 289 3 6 0.037693083 
648 287 4 7 0.037688036 
226 309 4 4 0.03759705 
249 362 7 8 0.037579205 
553 437 12 15 0.03752948 
218 337 6 6 0.037436042 
336 324 5 7 0.0373881 
519 338 6 6 0.037311193 
833 346 5 6 0.03727899 
201 295 3 5 0.03726039 
660 164 5 9 0.03721182 
25 352 6 6 0.037154526 
14 346 6 6 0.03710974 
648 376 13 14 0.03708609 
438 282 3 5 0.03706454 
1039 302 6 11 0.036973443 
366 294 4 6 0.036911964 
89 320 6 6 0.036909446 
676 337 8 9 0.03685402 
534 375 11 14 0.03684792 
997 287 15 20 0.03677095 
32 351 7 7 0.03671391 
276 294 4 5 0.03669984 
1059 347 4 7 0.03660632 
142 315 4 5 0.03659109 
341 409 17 20 0.036543302 
740 395 10 14 0.03651841 
354 352 5 8 0.03650839 
405 361 9 9 0.036495343 
606 294 4 5 0.036494657 
402 369 8 9 0.036492106 
300 350 6 8 0.03648111 
856 430 21 23 0.03642587 
644 312 6 9 0.03642509 
417 332 6 6 0.036400974 
435 384 9 14 0.0363727 
67 423 13 16 0.03636521 
470 403 10 14 0.036339547 
142 351 7 7 0.036324833 
614 315 4 6 0.036187064 
132 329 9 9 0.036087744 
1042 379 13 18 0.036032297 
179 345 8 6 0.035981454 
468 289 4 4 0.03598112 
545 319 4 5 0.03589999 
15 350 7 7 0.03587098 
404 332 5 5 0.035850257 
1055 356 5 9 0.03582256 
514 282 3 5 0.035800107 
337 387 9 12 0.035796896 
504 257 2 5 0.035770293 
338 356 8 11 0.035737853 
721 362 9 10 0.03573207 
411 294 4 6 0.03570137 
1048 373 9 13 0.03562943 
256 295 4 5 0.035571527 
119 355 9 9 0.035561465 
104 391 13 15 0.035526495 
521 308 3 5 0.03550512 
140 369 8 10 0.03548127 
538 346 6 6 0.035442136 
1020 280 6 9 0.035440847 
761 361 8 9 0.035440516 
893 357 8 9 0.035419963 
503 295 3 4 0.03537455 
405 295 3 5 0.035329644 
338 380 9 12 0.035288323 
1051 389 13 20 0.03524494 
1057 361 7 12 0.035235636 
127 354 8 10 0.035227742 
241 501 28 40 0.035220828 
16 308 4 7 0.035207145 
930 274 3 5 0.035191912 
43 447 19 26 0.035176955 
264 308 4 5 0.03514774 
490 424 9 14 0.03513285 
501 315 5 5 0.03510307 
374 296 4 6 0.03509174 
454 332 6 6 0.035076205 
687 266 5 8 0.0350744 
250 381 9 11 0.03504902 
59 289 3 4 0.03504463 
792 343 8 8 0.03501746 
295 338 5 6 0.034996647 
608 289 4 6 0.03498507 
372 339 6 6 0.034859374 
615 348 8 10 0.034803472 
739 206 16 23 0.03477528 
592 274 4 7 0.034758575 
182 295 4 5 0.03467509 
526 293 4 6 0.034575097 
516 269 3 6 0.034500934 
272 380 8 11 0.034449108 
223 371 10 13 0.034444954 
511 351 7 8 0.034398977 
80 281 3 6 0.034386624 
998 460 20 25 0.03433451 
611 421 11 17 0.034275867 
404 339 6 6 0.034268674 
840 319 5 6 0.034221333 
561 377 9 12 0.034143753 
274 342 6 8 0.03405294 
825 343 6 7 0.034020465 
494 327 4 5 0.03399389 
335 334 4 6 0.033981767 
12 523 21 23 0.033949118 
647 306 5 8 0.0339345 
272 308 4 4 0.033883583 
463 585 33 54 0.03387634 
305 388 8 11 0.033871464 
57 339 6 8 0.03385305 
541 306 3 4 0.0338332 
368 393 10 11 0.03377248 
575 343 6 8 0.033757336 
825 363 7 9 0.033748392 
475 275 3 5 0.033741914 
629 273 4 7 0.033711404 
167 300 4 6 0.033695973 
856 461 12 15 0.033681728 
257 327 5 5 0.03368168 
272 301 4 4 0.03366252 
110 319 4 7 0.033637375 
535 407 12 15 0.03362846 
994 282 4 5 0.033584032 
232 339 6 6 0.033580482 
251 301 4 5 0.033549238 
85 315 4 5 0.033542696 
994 276 4 5 0.033470053 
764 281 4 6 0.033413418 
272 294 4 4 0.033387523 
276 301 4 5 0.033360414 
410 318 5 6 0.03328463 
970 250 3 6 0.03327096 
327 319 5 7 0.033249807 
970 271 4 5 0.033113636 
962 301 5 5 0.033093568 
149 406 17 21 0.033073623 
734 319 8 10 0.033049766 
699 280 4 7 0.032976527 
328 313 4 6 0.032936376 
535 287 3 5 0.032874968 
744 373 10 13 0.03284101 
72 332 5 5 0.032838184 
740 343 8 11 0.032829206 
151 375 11 16 0.032822214 
943 290 3 4 0.032798603 
670 348 9 11 0.032769233 
937 368 11 10 0.032768667 
651 255 6 8 0.032737304 
513 289 3 4 0.032717966 
630 323 5 8 0.032674085 
595 274 4 7 0.03262164 
619 354 7 9 0.032548103 
961 361 10 9 0.03253677 
197 398 13 14 0.032506574 
427 378 10 14 0.032460015 
669 400 13 17 0.032411017 
689 163 6 14 0.03239888 
277 308 3 5 0.032310992 
393 295 4 5 0.0323049 
544 418 16 18 0.032255746 
770 287 3 5 0.03223044 
260 359 9 12 0.032211903 
1063 319 5 10 0.03215526 
224 300 5 6 0.03214885 
1063 331 5 10 0.03214427 
849 187 133 187 0.032072064 
803 376 14 14 0.032052223 
933 344 6 7 0.032035686 
508 276 3 5 0.032023426 
814 290 4 5 0.031958178 
1027 388 16 23 0.031919673 
1019 355 16 21 0.031918135 
994 350 8 10 0.03190628 
112 299 5 7 0.031902112 
1035 347 9 14 0.031890687 
346 457 18 30 0.031872343 
720 294 3 6 0.03185618 
635 230 5 8 0.031854305 
424 415 14 16 0.03185293 
433 361 8 11 0.031852055 
698 354 7 10 0.031828392 
194 307 4 6 0.031794325 
438 301 3 4 0.031781416 
673 424 18 25 0.03173525 
56 411 12 15 0.031731676 
432 294 3 5 0.03167509 
304 393 10 14 0.031665288 
512 345 7 7 0.031663097 
1068 458 18 23 0.031654615 
497 282 3 5 0.03162643 
727 319 15 19 0.031609345 
419 294 3 5 0.031562153 
70 345 7 8 0.031547848 
636 260 3 5 0.03152281 
756 262 4 6 0.031507574 
698 308 5 6 0.03147839 
962 282 3 6 0.03147585 
835 356 8 9 0.031430412 
787 367 9 10 0.031354863 
238 301 5 5 0.031349294 
364 362 7 9 0.031339753 
983 256 3 5 0.03131546 
139 356 8 10 0.031295743 
496 264 3 4 0.031283747 
957 282 3 6 0.03125259 
347 350 5 8 0.031222442 
918 294 4 5 0.031216176 
879 281 3 5 0.03120568 
994 319 5 6 0.031157315 
41 443 10 18 0.031155027 
98 350 6 9 0.03114777 
166 386 10 14 0.03109626 
438 270 3 5 0.031019771 
490 264 2 4 0.030993871 
839 345 5 6 0.030966751 
647 293 4 6 0.030962566 
1020 287 5 8 0.030949933 
200 287 4 6 0.030908657 
71 338 6 7 0.0308733 
880 299 19 21 0.030860847 
525 283 4 5 0.03084706 
64 308 4 6 0.030815668 
188 289 4 5 0.030813111 
508 307 3 5 0.030772636 
1034 334 9 13 0.030753432 
667 300 4 7 0.030751122 
554 303 2 4 0.030745907 
605 302 4 5 0.03072281 
393 301 4 5 0.0307027 
118 342 8 9 0.03069177 
140 343 6 7 0.030685918 
562 422 18 22 0.030671177 
279 395 9 13 0.03064439 
233 309 4 4 0.030630289 
493 416 9 15 0.030621402 
484 395 11 16 0.030599996 
919 289 4 6 0.030579386 
35 307 4 7 0.030563988 
789 303 4 4 0.030512724 
628 333 5 7 0.030486753 
170 411 16 22 0.030484589 
630 295 3 5 0.030483952 
963 287 4 5 0.030467665 
607 348 7 9 0.030412031 
507 314 4 5 0.030323707 
431 276 4 5 0.030294694 
653 221 4 8 0.030293414 
286 368 8 11 0.030232785 
347 332 5 7 0.030190319 
72 444 14 19 0.030188866 
11 398 11 13 0.030185435 
240 391 10 12 0.030139562 
179 506 30 43 0.030084305 
323 340 4 5 0.030018583 
272 287 5 6 0.029995814 
662 162 14 23 0.029959628 
732 487 20 26 0.029944241 
572 296 3 4 0.029904766 
501 306 4 5 0.029873352 
323 325 5 8 0.029853074 
802 282 3 4 0.02980878 
566 295 3 5 0.02980132 
770 294 4 6 0.029772514 
897 314 4 6 0.029765388 
912 367 11 10 0.029746272 
560 531 17 21 0.029735431 
545 350 6 7 0.029714394 
289 355 7 10 0.029688787 
899 429 11 15 0.02966274 
923 368 10 10 0.02959318 
891 326 5 7 0.029560031 
287 405 9 14 0.02953778 
763 349 7 10 0.029432027 
804 384 12 13 0.029418487 
712 388 12 16 0.029410372 
1012 337 7 7 0.029406628 
605 289 4 5 0.029392099 
636 289 3 6 0.029376818 
451 277 3 4 0.02937036 
413 412 11 17 0.02934726 
311 368 7 9 0.02932952 
324 331 4 8 0.029281896 
797 362 11 11 0.029237857 
599 361 9 11 0.029233467 
617 235 4 7 0.02922497 
451 385 13 16 0.029180238 
889 404 11 13 0.029175365 
344 364 7 8 0.029170007 
518 268 4 6 0.029101446 
134 357 8 9 0.029061079 
52 450 22 27 0.029054604 
1008 422 21 24 0.029051706 
995 464 12 19 0.02902911 
225 338 6 6 0.029028136 
237 367 8 10 0.028933475 
590 333 5 6 0.028917601 
624 288 3 6 0.02886306 
986 429 13 15 0.028852915 
752 262 3 5 0.028831027 
775 280 4 6 0.028830051 
205 352 7 8 0.028829783 
186 316 5 5 0.02882951 
602 350 7 8 0.028799066 
176 307 3 5 0.028798213 
606 361 7 10 0.02867852 
948 326 6 6 0.028640967 
78 395 15 18 0.028637994 
413 289 3 4 0.028608328 
1009 466 23 29 0.028591657 
501 551 26 37 0.028569248 
533 450 21 21 0.028552815 
973 270 4 6 0.028538248 
639 337 7 8 0.028533164 
797 356 9 10 0.028508743 
1028 400 24 30 0.028491551 
1002 388 12 18 0.02846081 
175 288 4 5 0.028451739 
956 256 3 6 0.028438944 
101 365 10 13 0.028398866 
991 343 7 8 0.028351363 
146 378 9 13 0.028326118 
383 400 12 12 0.028318629 
1020 334 15 20 0.028298898 
1019 347 8 11 0.028279474 
982 289 4 5 0.028276958 
864 357 7 7 0.028261734 
111 279 4 6 0.028250176 
224 295 5 5 0.028246269 
1010 363 11 12 0.02822937 
348 401 14 15 0.028227927 
520 301 4 5 0.028200243 
943 361 9 9 0.028194059 
917 382 11 12 0.028187336 
30 412 9 13 0.028150937 
624 301 3 6 0.028132863 
720 281 3 6 0.028132018 
624 432 13 20 0.028097743 
578 400 12 16 0.028082663 
861 486 29 28 0.02804688 
181 360 10 10 0.02799061 
989 275 3 5 0.027989969 
515 413 12 17 0.027981909 
266 351 7 8 0.027974619 
386 302 3 4 0.02797287 
629 268 4 7 0.027971053 
419 277 3 4 0.027952941 
92 311 5 7 0.027932825 
157 361 9 11 0.027918 
112 293 4 8 0.027901594 
553 295 3 5 0.027893772 
987 256 4 6 0.027789282 
924 274 3 6 0.027778456 
303 308 3 5 0.0277666 
341 309 3 4 0.027754297 
905 298 19 22 0.02774317 
1074 416 13 20 0.027740268 
1090 403 8 13 0.027703736 
633 366 9 10 0.027636083 
1039 290 6 11 0.027636057 
859 447 14 18 0.027632277 
218 301 4 6 0.027624315 
57 360 9 13 0.027591178 
482 264 2 4 0.02754977 
246 302 4 5 0.027519694 
828 295 3 4 0.027483905 
623 267 4 7 0.027469717 
545 345 6 7 0.027456667 
507 294 3 5 0.027453318 
930 289 4 5 0.027385151 
180 307 4 5 0.027356891 
514 390 11 14 0.027338043 
1062 341 5 11 0.027308034 
853 296 3 3 0.027277576 
217 351 7 8 0.027248442 
808 282 3 5 0.02723105 
517 345 7 7 0.027113985 
433 347 15 17 0.027069233 
567 354 8 11 0.027064605 
167 314 4 5 0.02701423 
465 264 2 4 0.026991209 
28 485 23 30 0.026921414 
80 299 4 7 0.026910493 
99 279 4 7 0.026888914 
955 297 4 4 0.026858483 
648 301 4 6 0.026842374 
444 302 4 4 0.026835563 
402 345 7 7 0.026835402 
1070 480 17 24 0.026824314 
448 348 7 9 0.026813287 
601 357 8 9 0.026803566 
462 338 6 6 0.026795493 
252 386 11 13 0.026775569 
587 380 13 17 0.02676689 
298 308 3 4 0.026757296 
709 337 8 10 0.02673852 
820 152 18 31 0.026694225 
733 276 4 7 0.026686095 
882 332 6 8 0.026683459 
443 654 17 24 0.026630424 
384 359 8 7 0.026558217 
470 264 2 4 0.02648703 
535 283 3 5 0.026481327 
1004 324 16 19 0.026405498 
1012 345 6 7 0.026405375 
579 288 3 6 0.02639168 
411 512 14 19 0.026386224 
733 280 4 6 0.026374495 
521 375 10 14 0.026324859 
649 412 12 17 0.026312182 
346 339 5 6 0.026310788 
467 345 6 7 0.026279338 
284 295 4 4 0.02627664 
309 308 4 5 0.026269956 
430 443 11 18 0.02620242 
746 492 12 17 0.026157994 
533 308 4 4 0.026151186 
1021 287 16 22 0.026107276 
1010 350 6 7 0.026104363 
40 315 3 5 0.02609975 
756 294 4 6 0.026068341 
635 303 15 22 0.02606278 
896 372 10 13 0.026043693 
664 370 9 10 0.02602668 
914 325 6 7 0.025995772 
907 423 15 15 0.025979862 
992 337 7 9 0.025953135 
79 287 3 6 0.025937026 
290 307 3 5 0.02593485 
494 295 4 5 0.025931949 
769 270 4 5 0.025902692 
358 368 7 8 0.025899345 
245 282 5 5 0.025889976 
1001 255 4 6 0.025827954 
267 361 10 11 0.025801638 
630 443 12 18 0.025755398 
964 337 7 8 0.025745891 
738 298 6 7 0.02573548 
983 398 9 13 0.025734387 
139 422 12 15 0.025726724 
584 281 3 6 0.025713809 
970 255 3 5 0.025711693 
608 387 9 13 0.025710918 
729 277 28 39 0.025690405 
976 262 4 5 0.025670437 
798 350 8 8 0.025656698 
57 493 20 18 0.025650533 
1060 338 4 7 0.025649212 
1059 352 7 11 0.025637366 
725 288 3 5 0.025616437 
141 300 4 6 0.02561361 
918 274 4 6 0.025568973 
211 345 6 7 0.025544219 
721 343 9 10 0.025533704 
60 350 7 11 0.025507286 
500 356 6 8 0.025498478 
694 275 3 6 0.025478996 
148 344 7 8 0.025471415 
926 421 21 20 0.025418451 
765 270 3 5 0.025402168 
506 256 3 6 0.025367878 
856 350 6 7 0.025340248 
680 393 13 14 0.025332348 
47 300 4 6 0.025322987 
426 277 2 4 0.025310786 
648 251 4 7 0.02528887 
12 380 10 12 0.02527585 
318 430 15 15 0.025271725 
345 356 6 9 0.025266265 
695 549 37 46 0.025241438 
156 308 4 5 0.025228066 
382 416 18 23 0.025226204 
648 268 4 5 0.02521347 
1001 276 3 5 0.02521339 
390 390 9 11 0.025212519 
155 313 17 21 0.025207298 
522 294 3 5 0.025192983 
175 301 4 6 0.025191672 
349 308 3 5 0.025189541 
972 345 7 8 0.025182802 
1101 384 5 10 0.025159694 
815 282 3 4 0.025130222 
122 325 8 9 0.02512176 
474 343 6 8 0.02511692 
455 312 20 20 0.025104942 
580 296 2 4 0.025102487 
519 275 4 5 0.02509537 
19 309 4 6 0.025094412 
324 473 21 33 0.02508718 
107 429 20 19 0.025076939 
915 320 6 6 0.025070477 
624 263 3 6 0.025069186 
879 467 27 27 0.02505575 
245 309 3 4 0.025045713 
304 293 3 5 0.02503697 
898 289 3 5 0.024974141 
673 451 18 26 0.024963614 
901 338 7 8 0.024959963 
926 320 16 19 0.024958165 
347 299 5 7 0.024947746 
772 367 9 10 0.024947293 
330 302 3 5 0.02490781 
957 366 12 12 0.024900123 
234 318 19 22 0.024874467 
25 419 18 27 0.02487116 
729 359 10 12 0.024869835 
73 301 3 6 0.024861721 
766 362 9 10 0.024840986 
18 376 11 11 0.02481245 
116 293 4 7 0.024760924 
408 339 17 17 0.024753429 
747 392 11 13 0.02469746 
488 301 4 5 0.024683798 
520 263 3 5 0.02467108 
181 289 4 5 0.024665773 
1068 437 16 22 0.024658324 
874 358 10 13 0.024648966 
303 275 4 5 0.024604732 
836 296 3 4 0.024600383 
72 417 13 16 0.02459402 
247 424 10 18 0.024562504 
129 336 8 9 0.024545738 
1091 302 6 11 0.024523465 
745 305 5 6 0.02449772 
147 361 8 11 0.024482831 
452 263 2 5 0.024480913 
567 310 19 23 0.024453942 
313 396 8 13 0.02445329 
977 561 41 69 0.024421915 
0 319 4 7 0.024370246 
706 301 4 5 0.024370134 
13 367 9 9 0.024366608 
406 281 4 5 0.024346443 
1048 478 21 33 0.024325153 
487 436 14 22 0.024323512 
643 269 4 6 0.024323251 
183 367 10 12 0.024303129 
357 430 11 13 0.024298051 
99 433 12 12 0.024209535 
827 289 3 5 0.024209222 
514 474 29 25 0.02419165 
173 363 9 9 0.024191296 
880 276 3 5 0.024154514 
127 363 8 11 0.024150552 
634 453 12 18 0.024134213 
0 508 17 25 0.024124894 
879 289 3 4 0.024076678 
892 289 3 5 0.024071202 
177 352 16 17 0.0240591 
74 289 4 4 0.02405831 
952 340 15 17 0.023996986 
1006 350 7 8 0.023983901 
177 430 10 15 0.02397985 
97 275 5 7 0.023979684 
362 309 3 4 0.023950571 
974 250 3 6 0.02393262 
258 309 4 4 0.023893598 
381 288 3 5 0.023883024 
166 369 9 9 0.023880102 
92 267 5 9 0.023871643 
720 288 3 5 0.023864899 
741 325 6 7 0.023839755 
45 422 11 16 0.023807095 
643 166 4 5 0.023805147 
15 392 14 15 0.023787113 
82 280 4 8 0.023760559 
649 221 5 7 0.023758672 
884 325 5 6 0.023757411 
201 399 20 26 0.023738632 
442 374 8 10 0.023727397 
321 372 7 11 0.023678852 
818 374 10 10 0.023669465 
439 405 10 15 0.023658268 
157 389 18 24 0.023658115 
191 360 9 10 0.02363519 
444 294 3 5 0.023633437 
418 302 4 5 0.02362979 
402 375 9 10 0.023624517 
145 439 19 25 0.02362212 
531 248 4 7 0.023605667 
634 234 4 7 0.023593578 
975 256 3 5 0.02357915 
281 386 9 12 0.02357668 
816 381 12 13 0.023548113 
314 319 5 6 0.02351785 
460 442 9 14 0.023494756 
787 133 31 45 0.023482243 
408 398 12 18 0.02347411 
136 295 4 5 0.023456218 
167 307 4 5 0.023443568 
1006 367 9 12 0.02344134 
610 280 3 6 0.023429193 
412 277 3 4 0.023419073 
923 331 6 7 0.023416098 
30 510 15 19 0.023379138 
488 368 8 11 0.023359345 
728 366 9 13 0.023325609 
639 371 10 13 0.02330389 
758 276 3 6 0.023279717 
600 440 11 18 0.02327813 
301 301 4 5 0.023276865 
720 369 9 12 0.023261396 
665 331 6 7 0.023260908 
584 296 3 4 0.02325714 
622 231 5 8 0.023233943 
935 306 5 6 0.023223799 
347 295 5 6 0.023208357 
406 430 11 16 0.023189371 
362 293 3 6 0.023187472 
81 355 8 10 0.023176946 
135 307 4 5 0.023164812 
757 392 14 15 0.023160625 
529 320 18 20 0.023150712 
636 224 4 5 0.023141118 
1107 360 4 7 0.023126354 
642 273 4 7 0.023112094 
1011 406 19 23 0.0230674 
559 295 4 5 0.023015114 
756 377 18 21 0.022882601 
453 361 8 10 0.022874646 
341 300 4 5 0.022874104 
979 313 16 19 0.022866895 
1003 338 7 8 0.02286592 
672 281 4 6 0.022861427 
1007 404 13 15 0.022848187 
687 287 5 8 0.02284312 
777 296 3 4 0.02282983 
810 355 9 10 0.022757892 
778 263 4 6 0.022722824 
286 362 8 10 0.022721877 
713 281 4 6 0.022702698 
355 395 13 13 0.022684293 
606 402 11 18 0.022607183 
93 272 4 8 0.022580042 
80 294 3 6 0.022556147 
577 356 7 10 0.022539645 
249 376 8 10 0.02253057 
527 262 4 6 0.022516388 
118 361 10 12 0.022488846 
733 262 3 6 0.022483226 
452 375 15 18 0.02248247 
195 325 18 21 0.022479648 
264 295 4 4 0.022402871 
865 351 6 8 0.022387557 
537 363 7 9 0.022322072 
820 365 7 7 0.022319645 
692 342 7 9 0.022315772 
124 326 18 19 0.0222994 
1021 483 20 35 0.022292536 
856 368 9 9 0.022277122 
522 383 10 16 0.02227567 
662 268 3 5 0.022264253 
399 282 3 5 0.022229051 
648 275 4 6 0.022227312 
516 263 3 5 0.02215216 
241 379 9 14 0.022125604 
354 308 3 5 0.02211867 
111 325 16 18 0.022111468 
247 288 4 5 0.022089906 
323 364 6 8 0.022087628 
571 289 4 5 0.022084847 
89 296 5 7 0.022081608 
8 308 4 6 0.022076404 
277 352 6 6 0.022050226 
456 257 3 6 0.022026336 
264 301 4 5 0.02201505 
425 271 3 4 0.02201011 
893 297 3 3 0.022005323 
746 351 8 9 0.02199139 
39 281 4 6 0.021985248 
469 85 6 10 0.021971138 
640 379 8 13 0.021950515 
789 296 4 4 0.021940533 
283 308 4 5 0.021912986 
83 443 22 22 0.021862833 
993 325 17 20 0.021820001 
231 287 5 6 0.021756493 
669 356 10 11 0.021747699 
323 313 4 5 0.021731423 
492 356 7 8 0.021711059 
661 167 6 12 0.021703383 
578 303 18 25 0.021699456 
479 354 7 9 0.021685215 
80 515 17 24 0.021683838 
630 262 3 5 0.021683475 
185 469 21 23 0.021659793 
79 450 14 17 0.02165131 
642 261 4 5 0.021647627 
688 393 10 14 0.021646857 
349 392 11 13 0.021646788 
129 344 8 9 0.021599393 
956 304 18 22 0.02158975 
214 408 12 15 0.021575045 
145 365 14 18 0.021542417 
293 387 8 13 0.021525664 
39 287 4 6 0.021491168 
856 364 7 8 0.021490673 
968 288 4 6 0.021488365 
967 308 4 5 0.021479836 
238 294 5 6 0.02146681 
624 221 4 8 0.021464568 
59 282 4 5 0.021459864 
1046 406 18 25 0.021457465 
1011 307 5 6 0.021446295 
97 363 7 9 0.021426197 
89 434 20 19 0.021419588 
643 250 4 7 0.021406313 
352 293 5 7 0.021392317 
220 295 3 5 0.021355286 
335 302 3 5 0.021340657 
150 452 20 25 0.021329027 
7 362 7 8 0.021321082 
566 289 3 5 0.021298192 
323 320 4 6 0.021289427 
142 295 4 5 0.021250686 
308 293 4 5 0.021242464 
830 298 18 22 0.02123486 
617 287 4 6 0.021233123 
130 408 13 15 0.021221546 
439 414 11 17 0.021206267 
387 283 3 4 0.02120436 
510 402 12 15 0.021170992 
341 295 4 6 0.021140669 
539 282 4 6 0.021139199 
532 294 4 5 0.021131258 
913 349 9 9 0.021130765 
283 289 4 4 0.02108298 
904 356 6 8 0.021063695 
936 314 4 6 0.021059766 
632 380 8 12 0.02105248 
4 575 23 30 0.021042462 
798 319 17 19 0.021042276 
451 270 3 4 0.021041391 
714 354 9 12 0.021025242 
248 392 11 12 0.021015113 
752 399 14 14 0.020998806 
640 444 18 27 0.02098479 
973 280 4 6 0.020978965 
517 546 18 18 0.020945976 
776 344 7 8 0.020934852 
312 461 18 32 0.020917987 
364 380 7 9 0.02091618 
210 525 36 48 0.020913431 
80 367 9 12 0.020896133 
579 535 23 25 0.020895716 
323 302 3 5 0.02087978 
784 297 3 4 0.020867962 
441 397 10 17 0.020857604 
48 290 3 4 0.020831162 
383 382 9 9 0.02082426 
412 301 4 5 0.02078674 
634 171 4 8 0.020782227 
73 314 3 5 0.020750307 
369 106 7 9 0.02074738 
95 368 8 11 0.020732544 
861 296 3 4 0.020688068 
949 282 4 6 0.020687008 
529 249 3 7 0.020668408 
931 282 3 5 0.020668177 
623 282 4 7 0.020647148 
426 326 17 18 0.020631595 
32 293 4 6 0.020608544 
725 407 15 17 0.020575425 
942 275 3 6 0.02055889 
899 282 3 5 0.020538932 
620 326 5 7 0.020526992 
172 332 6 7 0.020515596 
271 407 12 16 0.020515442 
559 383 11 15 0.020488268 
257 289 5 5 0.020475278 
855 421 15 15 0.020464133 
779 368 8 10 0.020449804 
868 344 16 20 0.020442633 
506 398 9 13 0.02042719 
353 299 4 7 0.020418612 
461 416 13 21 0.020416876 
604 312 4 6 0.020370506 
631 257 3 5 0.020365085 
220 288 4 6 0.020349741 
221 311 20 23 0.020337654 
1022 273 13 23 0.0203174 
286 385 9 13 0.020279186 
830 442 11 15 0.020278178 
326 387 9 12 0.020271702 
729 344 8 9 0.020269904 
527 302 4 5 0.020255087 
865 298 20 23 0.020252373 
446 319 18 19 0.020243376 
848 296 3 4 0.020243013 
158 385 11 15 0.020242156 
194 289 3 5 0.020234914 
755 297 15 23 0.020227266 
232 301 4 5 0.020174341 
602 327 4 6 0.020142054 
615 268 4 6 0.020127272 
537 368 9 12 0.020126661 
828 374 161 138 0.020082548 
399 289 3 4 0.020070352 
64 339 7 8 0.020034622 
1004 381 10 14 0.020032408 
300 423 9 15 0.020028982 
892 400 11 11 0.020027718 
284 301 4 5 0.020025097 
