2_Demonstration_Demonstration_Or_Protest_2_471
44
174 164 91 131 0.99990106 
751 224 71 90 0.99907136 
584 282 64 80 0.9934064 
451 509 25 45 0.988408 
472 460 23 36 0.9607082 
431 456 29 38 0.95252514 
398 221 42 54 0.90753585 
90 143 55 102 0.8980596 
652 335 40 46 0.8794509 
415 516 27 37 0.83081335 
375 514 25 42 0.6953005 
390 465 29 36 0.5585855 
819 449 26 30 0.554099 
617 449 26 34 0.36948034 
438 269 34 58 0.34502128 
349 167 26 37 0.31316823 
474 505 21 36 0.17727916 
472 412 18 31 0.14998658 
223 418 29 39 0.14971346 
1006 283 23 49 0.14496075 
137 16 36 60 0.111866586 
513 143 22 34 0.079939894 
483 502 27 48 0.076654024 
493 187 38 47 0.07241324 
485 271 31 45 0.06447104 
617 302 60 75 0.06406409 
592 497 21 28 0.05253252 
12 630 22 26 0.048101805 
266 438 24 40 0.043325067 
574 352 33 48 0.041614585 
704 170 28 40 0.038327485 
34 70 151 216 0.03654063 
243 488 27 45 0.03373074 
524 44 158 211 0.03292194 
501 188 19 20 0.028928597 
650 361 34 36 0.027491067 
514 458 28 49 0.025680022 
513 294 56 99 0.023233756 
640 359 25 33 0.023128882 
484 459 27 47 0.02292883 
460 240 12 13 0.022801988 
845 158 180 188 0.022705426 
503 156 33 60 0.022683075 
413 471 36 59 0.021497833 
