2_Demonstration_Demonstrators_2_181
333
80 526 54 86 0.99900085 
883 593 43 60 0.9981598 
847 500 23 32 0.99774396 
410 532 27 31 0.99743915 
941 542 34 45 0.9959552 
661 521 36 48 0.9936528 
718 513 21 28 0.98728675 
530 561 19 33 0.94766647 
229 544 20 27 0.9244803 
259 529 15 21 0.9240105 
279 527 19 27 0.87716347 
545 515 11 15 0.87532645 
337 533 14 19 0.8549285 
761 565 25 34 0.8102874 
784 502 16 20 0.6694691 
188 553 17 26 0.618071 
465 536 12 15 0.48396397 
507 522 10 18 0.43813273 
309 534 11 21 0.3359393 
267 525 18 27 0.3019303 
313 512 11 18 0.28503844 
762 527 15 23 0.26860866 
348 634 45 50 0.2681033 
206 582 18 32 0.22348388 
566 582 13 22 0.19118245 
457 517 9 12 0.18974227 
379 517 10 14 0.18419625 
733 562 21 35 0.15419835 
541 537 10 14 0.15191978 
560 545 12 18 0.14952493 
510 516 10 15 0.14389037 
377 537 11 17 0.13428126 
164 554 18 33 0.13023394 
175 559 12 22 0.12893511 
801 522 11 17 0.12676851 
422 515 10 13 0.12300102 
546 471 6 8 0.11549816 
439 511 8 11 0.11474264 
158 558 13 27 0.113038816 
399 516 10 15 0.106261134 
483 502 10 12 0.10077094 
369 514 6 10 0.09326847 
504 496 5 8 0.09281012 
470 515 10 12 0.09110665 
450 517 7 10 0.09080217 
309 519 12 21 0.088681266 
160 527 10 19 0.08860113 
556 517 8 12 0.08484963 
528 531 9 13 0.08408455 
440 553 11 20 0.08319729 
779 510 14 19 0.08191136 
479 517 8 13 0.081371464 
489 456 5 6 0.081232674 
316 506 10 16 0.079316676 
498 496 7 7 0.070770904 
550 472 5 7 0.069243565 
365 540 12 15 0.06914615 
190 515 14 21 0.068117864 
773 522 11 15 0.06767326 
496 538 10 18 0.06733071 
429 516 11 12 0.06583126 
798 500 10 13 0.063277975 
327 505 9 16 0.06325795 
505 500 6 8 0.063078836 
395 473 4 6 0.062120322 
454 496 7 8 0.06195651 
283 545 17 23 0.061798055 
527 514 9 12 0.06104557 
545 465 5 6 0.060796767 
511 496 6 7 0.06046662 
503 517 9 16 0.058735814 
395 477 5 7 0.058026154 
247 546 21 31 0.057726167 
497 500 7 9 0.05730201 
458 512 7 9 0.056940027 
571 526 7 9 0.055560697 
407 517 9 14 0.054733194 
359 541 11 15 0.05448158 
464 480 7 9 0.053137142 
53 558 14 24 0.052803166 
624 361 8 13 0.052703515 
588 595 15 21 0.052625466 
394 518 8 13 0.051976044 
224 525 12 18 0.05155467 
603 438 6 9 0.050702836 
795 505 11 17 0.04993994 
585 469 8 11 0.048812576 
362 517 6 8 0.048780702 
513 488 5 6 0.047262166 
463 462 5 7 0.04715053 
327 486 8 10 0.047119733 
401 513 6 8 0.046473715 
346 492 7 13 0.045766924 
370 478 6 9 0.04430064 
419 512 8 10 0.043731205 
352 538 10 17 0.042966627 
877 567 29 38 0.042663142 
663 490 10 14 0.04254064 
551 477 5 8 0.04253792 
545 476 6 8 0.042464063 
797 514 11 18 0.042371154 
502 561 11 18 0.04223896 
401 473 4 5 0.042183187 
511 501 7 9 0.042088494 
439 538 9 16 0.0420829 
401 479 5 7 0.04186217 
661 483 8 11 0.041079756 
326 491 8 14 0.040897343 
226 526 20 29 0.040675096 
782 495 11 14 0.04048047 
490 473 5 6 0.040454153 
377 486 5 8 0.03957548 
558 582 14 21 0.039489847 
386 487 5 7 0.03939323 
584 493 8 10 0.03913921 
450 495 6 8 0.039064754 
779 519 11 17 0.0389347 
408 480 5 6 0.038483866 
462 513 7 7 0.038345687 
867 954 36 50 0.03817463 
567 486 5 8 0.037897434 
545 487 5 8 0.037880234 
561 495 5 8 0.037609316 
616 460 6 9 0.037430946 
521 455 5 7 0.036950003 
497 515 10 14 0.036919203 
558 501 6 9 0.03654739 
454 500 7 9 0.036459193 
183 536 13 20 0.036185518 
463 523 9 13 0.03614349 
567 495 5 6 0.03592757 
602 443 7 12 0.035882313 
453 559 10 16 0.035841 
909 316 10 14 0.03573968 
483 448 4 6 0.035680763 
487 495 7 8 0.03545761 
482 481 5 6 0.035431486 
377 495 5 7 0.035344135 
446 557 10 15 0.035325043 
512 510 8 12 0.035092887 
906 477 21 25 0.035053473 
177 370 6 10 0.034930915 
409 485 6 8 0.03451027 
564 540 20 30 0.034405664 
41 589 21 38 0.034067474 
407 510 8 9 0.03406557 
288 500 8 12 0.03395783 
459 462 5 7 0.033660315 
473 472 5 6 0.03345672 
488 462 6 6 0.033299733 
338 483 7 10 0.033288483 
174 539 23 38 0.033045914 
498 530 9 16 0.032953776 
545 656 20 34 0.03292071 
318 537 9 18 0.032914717 
182 559 13 28 0.032896787 
559 470 6 7 0.03281295 
576 485 6 8 0.032099545 
432 471 4 6 0.031826895 
366 286 31 35 0.031728674 
537 494 6 8 0.031358875 
827 626 21 41 0.031051103 
327 536 12 19 0.030977216 
239 539 20 27 0.03087982 
585 476 7 10 0.030861167 
495 473 5 6 0.030737752 
574 518 8 12 0.030695952 
910 311 7 10 0.03029038 
518 515 9 13 0.030146897 
148 398 13 21 0.03009279 
512 456 5 6 0.030048342 
506 455 5 6 0.02982015 
154 560 10 23 0.029702416 
376 513 6 8 0.02954032 
459 457 4 5 0.029377522 
384 512 7 9 0.029373225 
344 486 5 9 0.02934819 
352 511 6 10 0.029344523 
581 450 33 49 0.029307565 
341 524 12 17 0.029256385 
442 493 6 8 0.029118728 
403 485 5 8 0.02900357 
409 504 7 9 0.028927833 
488 480 6 6 0.028522395 
375 480 5 7 0.028343994 
749 525 20 30 0.028333275 
553 495 6 8 0.028248815 
145 569 10 22 0.028235544 
395 537 14 22 0.028208189 
552 465 5 6 0.028098727 
409 472 4 6 0.0280836 
371 496 4 8 0.028073007 
336 524 10 16 0.02781355 
455 510 18 23 0.027757257 
636 547 11 18 0.027633833 
316 520 10 18 0.027621536 
1018 374 5 9 0.027550703 
473 464 5 6 0.027441533 
520 531 8 12 0.027400928 
464 457 4 6 0.027314331 
601 451 6 13 0.027179126 
561 479 6 8 0.02709529 
496 480 5 6 0.027030887 
982 324 9 13 0.027014904 
607 562 31 33 0.026954394 
160 529 20 33 0.026829187 
477 500 21 24 0.026805019 
577 506 7 10 0.02668916 
504 448 6 7 0.026645234 
535 500 6 9 0.026643319 
551 487 6 8 0.026590899 
528 501 8 9 0.026450323 
498 487 5 7 0.026431851 
442 471 4 6 0.026312131 
457 536 10 14 0.02629389 
563 486 6 9 0.026271502 
888 466 5 6 0.025976954 
42 587 11 16 0.02578031 
474 449 3 6 0.025715541 
-29 705 306 537 0.025698237 
519 524 7 12 0.025591347 
633 508 6 10 0.025581283 
304 482 9 15 0.025443342 
559 464 5 7 0.025412275 
498 449 5 6 0.025254412 
747 536 11 18 0.025208356 
448 513 5 7 0.025112884 
547 510 18 24 0.025102528 
524 527 20 28 0.025001133 
271 325 39 61 0.024909867 
777 502 10 13 0.024880221 
386 480 5 6 0.02484997 
578 495 6 8 0.02476797 
544 493 6 8 0.0247507 
194 360 5 7 0.024673741 
536 546 11 17 0.024591984 
472 455 5 6 0.024574783 
329 521 9 17 0.024569932 
539 488 5 7 0.024562092 
204 384 6 7 0.024440752 
537 516 9 12 0.02437346 
442 486 6 9 0.024344666 
432 512 10 9 0.024317661 
465 471 4 7 0.024291074 
421 519 15 19 0.024282489 
912 303 6 8 0.024205884 
775 722 277 490 0.02414972 
434 465 4 5 0.02414786 
534 532 10 14 0.024107683 
769 531 15 22 0.024041286 
610 426 3 6 0.023998464 
363 512 5 9 0.023997763 
427 472 5 6 0.023872592 
459 479 6 8 0.023799274 
582 499 9 13 0.023775268 
551 545 12 17 0.023713818 
458 470 6 7 0.023639482 
487 486 7 7 0.023485906 
393 512 6 8 0.023442311 
234 376 6 6 0.023393517 
377 501 6 8 0.023381792 
576 431 5 6 0.023325946 
579 571 38 47 0.023235688 
371 484 4 8 0.023228226 
545 456 4 6 0.02321945 
569 519 7 10 0.023215411 
561 430 5 7 0.02318068 
513 481 5 5 0.023062063 
780 560 13 19 0.02289354 
756 224 9 18 0.022865845 
173 570 12 24 0.022863181 
495 456 5 6 0.022821948 
568 532 9 12 0.022756398 
803 499 10 15 0.02274407 
346 510 7 11 0.022594944 
191 414 12 13 0.022582138 
472 486 7 8 0.022575496 
608 430 4 7 0.022481808 
322 485 7 11 0.02247299 
880 448 5 5 0.022452196 
486 514 8 14 0.0224449 
511 426 3 5 0.022310464 
648 506 9 14 0.022300964 
442 479 6 9 0.022253428 
369 472 5 8 0.022051588 
1019 326 4 8 0.021959487 
912 471 9 9 0.021945387 
458 486 6 8 0.021943307 
507 426 4 5 0.02181831 
55 569 14 25 0.021772847 
1014 356 6 10 0.021655494 
617 488 4 7 0.02157288 
586 485 7 8 0.02155571 
481 464 6 6 0.021486279 
370 500 5 9 0.021451933 
412 521 16 20 0.02142627 
827 484 9 13 0.02125887 
251 562 21 28 0.021258336 
369 251 33 38 0.021219159 
441 464 3 5 0.02121009 
505 488 5 6 0.02118758 
255 398 10 10 0.020998027 
563 445 6 9 0.020957362 
424 503 7 8 0.020942304 
758 501 7 10 0.020928318 
458 449 4 5 0.020921284 
540 480 4 6 0.020872915 
659 492 21 30 0.020829236 
568 501 7 9 0.020779004 
781 528 10 17 0.020776182 
879 466 5 5 0.020541703 
578 470 6 8 0.020503426 
480 486 7 7 0.020498404 
506 439 5 7 0.02048886 
519 511 7 10 0.020460306 
547 531 11 13 0.02043412 
539 465 4 6 0.020433115 
306 682 141 228 0.020377837 
211 329 4 5 0.020355247 
824 530 10 14 0.02033335 
565 556 13 19 0.02032501 
494 511 18 26 0.020319203 
311 568 12 17 0.020298747 
239 353 54 64 0.020292897 
447 487 6 7 0.020284632 
502 509 8 12 0.020245817 
283 421 8 11 0.020218726 
873 464 6 8 0.020218492 
576 480 6 8 0.02018926 
477 539 9 13 0.020161659 
536 510 7 11 0.020124556 
528 473 4 5 0.020060124 
261 609 15 24 0.020024715 
