2_Demonstration_Political_Rally_2_365
223
461 294 70 103 0.999589 
734 127 245 336 0.97844225 
283 591 59 59 0.95869225 
385 399 15 23 0.9175105 
224 339 66 85 0.9062675 
323 417 12 14 0.89209306 
3 369 117 263 0.8424938 
403 394 14 17 0.82684356 
362 394 11 17 0.7597822 
351 340 9 15 0.65900505 
378 359 8 12 0.65340626 
374 378 8 14 0.5224361 
306 368 9 14 0.382679 
349 401 12 17 0.33916187 
333 350 8 13 0.32989967 
356 151 21 40 0.32640854 
371 426 10 18 0.31783107 
394 359 8 12 0.24723779 
427 366 9 13 0.23325373 
354 406 10 17 0.20093566 
344 398 11 16 0.19601539 
438 177 32 57 0.19054513 
434 354 8 12 0.18816519 
665 229 60 58 0.17192833 
416 373 8 12 0.16458867 
102 148 56 54 0.15625335 
450 348 10 16 0.15135105 
344 417 10 16 0.14792643 
386 333 6 10 0.14476776 
302 165 34 45 0.14214124 
353 371 8 10 0.1362371 
884 205 147 225 0.13472943 
545 253 17 29 0.13388145 
405 330 5 9 0.121839434 
356 368 7 10 0.118626036 
373 329 6 10 0.10384107 
342 366 9 13 0.103333905 
363 330 6 10 0.10319559 
370 352 7 11 0.10199289 
356 379 9 14 0.10100492 
558 224 16 27 0.09750681 
54 298 34 54 0.09622593 
396 342 6 9 0.09412334 
382 364 7 12 0.09257956 
31 -12 311 402 0.088779695 
389 334 6 9 0.08728108 
337 342 7 10 0.084143214 
445 223 9 16 0.08235893 
359 332 7 11 0.07901085 
390 364 8 12 0.07760892 
329 414 10 14 0.07429385 
407 334 7 9 0.07415663 
376 347 6 9 0.07135421 
405 348 6 9 0.07048002 
318 437 19 23 0.06970739 
357 435 11 18 0.06965875 
374 334 6 10 0.06920748 
299 360 8 11 0.06549127 
385 341 6 10 0.06346029 
311 383 10 12 0.06332215 
394 390 11 16 0.06297161 
364 368 6 10 0.06289305 
343 360 8 12 0.0624668 
366 347 6 11 0.060524534 
442 191 7 13 0.060084738 
393 356 6 10 0.05924119 
540 209 11 25 0.058903623 
409 361 7 10 0.058723964 
442 246 16 29 0.055915225 
205 168 17 25 0.055908047 
310 441 12 14 0.05484932 
423 352 6 10 0.05367698 
354 323 5 8 0.05338627 
410 355 6 8 0.052911453 
380 151 18 36 0.05269945 
473 193 6 13 0.051709063 
416 370 15 22 0.050082445 
582 276 45 59 0.049952026 
408 329 6 8 0.049782023 
301 396 8 12 0.04841358 
446 212 8 16 0.04841079 
177 354 41 63 0.047204375 
403 362 6 9 0.046695955 
326 393 7 9 0.04653542 
261 336 25 32 0.046344116 
393 128 29 48 0.04628208 
405 353 7 9 0.045990396 
333 366 6 10 0.0456915 
340 243 7 14 0.04543891 
352 330 6 8 0.044379964 
336 428 9 14 0.04411547 
391 347 6 9 0.04380786 
373 341 6 9 0.043654498 
419 317 4 6 0.04304839 
348 258 11 17 0.042961944 
287 351 11 15 0.041662104 
358 323 5 8 0.04131729 
293 397 8 12 0.04053535 
349 421 10 14 0.040233422 
441 212 17 29 0.03983106 
405 342 6 8 0.03955938 
144 156 52 51 0.03928086 
364 372 7 11 0.03831012 
361 385 10 16 0.03770363 
441 167 56 103 0.037521493 
55 60 43 42 0.03738203 
334 372 7 10 0.037379734 
345 355 7 10 0.036807366 
420 196 11 22 0.036670376 
347 345 8 12 0.036501694 
305 364 9 10 0.036415394 
388 385 10 13 0.03629892 
364 341 6 10 0.03622764 
410 341 6 9 0.036156017 
431 370 9 13 0.035961553 
381 355 7 12 0.035674646 
419 391 11 19 0.035482936 
492 199 8 14 0.035382807 
352 448 9 14 0.0348318 
382 384 8 13 0.034798168 
84 262 33 47 0.034642607 
1009 14 31 58 0.03443398 
384 372 6 11 0.034044635 
302 365 8 13 0.03352859 
446 189 6 11 0.033524573 
373 318 5 7 0.03343827 
9 320 70 128 0.033042096 
342 239 23 40 0.032984048 
447 204 7 14 0.032874156 
337 370 9 13 0.032712027 
327 387 8 9 0.032705475 
303 423 8 11 0.032323014 
453 204 8 14 0.03230312 
408 349 7 9 0.031992324 
363 429 10 17 0.031568993 
398 330 5 8 0.030796748 
414 391 11 15 0.03071537 
415 342 6 8 0.030298645 
396 336 5 8 0.030183228 
449 326 6 11 0.029566025 
-15 279 276 377 0.029368887 
438 317 5 8 0.029114375 
415 355 6 9 0.029045356 
496 208 9 18 0.028978871 
328 382 8 9 0.02885015 
362 378 9 13 0.028617105 
302 184 16 22 0.028282655 
227 475 20 42 0.028057586 
351 360 7 12 0.02778842 
361 434 19 33 0.027693797 
332 379 7 10 0.027457139 
412 168 31 66 0.027340757 
411 258 11 20 0.027211007 
305 370 16 23 0.027050681 
422 361 8 12 0.026768027 
392 315 5 8 0.026582273 
301 419 8 9 0.026423587 
321 236 9 15 0.026334826 
438 359 7 12 0.026207274 
316 404 9 11 0.026003389 
434 328 7 12 0.025961805 
467 190 8 18 0.025767274 
348 392 11 16 0.025587695 
331 398 7 9 0.025448 
349 363 14 20 0.025386967 
347 409 15 22 0.02537416 
1030 17 35 61 0.025072634 
429 182 6 12 0.025007466 
163 348 35 51 0.024998061 
415 328 6 8 0.024767756 
409 378 8 12 0.02456728 
415 360 6 9 0.024507545 
357 362 7 11 0.024314953 
371 367 7 12 0.02426207 
553 250 11 20 0.024195874 
389 268 10 16 0.023944946 
160 468 77 135 0.02378098 
548 232 27 47 0.023740774 
292 356 10 15 0.023326747 
430 354 7 11 0.023314575 
439 373 9 13 0.02321504 
334 418 16 20 0.02305987 
422 171 7 15 0.023039369 
455 192 7 14 0.023034822 
539 351 9 14 0.02296524 
272 342 12 19 0.022947898 
357 409 16 23 0.022928083 
338 235 16 29 0.022854894 
331 405 9 14 0.02270839 
527 259 32 49 0.02270175 
440 321 6 10 0.022686034 
435 188 6 12 0.022547683 
381 160 33 61 0.022474006 
421 331 6 8 0.022406172 
203 298 77 87 0.022404129 
396 348 37 54 0.022351518 
399 161 18 38 0.022115355 
473 222 7 17 0.021682393 
439 354 6 10 0.021524552 
338 409 9 14 0.021459548 
478 159 72 125 0.021424389 
276 341 20 28 0.021381734 
402 322 6 9 0.021323847 
300 413 7 9 0.021305002 
411 372 8 10 0.021189013 
392 325 5 8 0.021073004 
400 323 5 8 0.021012947 
349 329 5 7 0.02096973 
409 186 8 17 0.02092334 
306 412 8 8 0.020885756 
476 174 12 22 0.02076676 
411 325 6 8 0.020682147 
423 325 32 50 0.020663159 
415 383 11 15 0.020656541 
105 135 32 28 0.020580798 
311 413 20 20 0.0205626 
304 393 10 13 0.020559194 
371 354 45 64 0.020502303 
317 386 8 10 0.020288918 
316 428 12 15 0.02022019 
329 347 7 11 0.020168431 
349 348 11 15 0.020093573 
444 346 6 11 0.020076122 
