2_Demonstration_Protesters_2_12
106
376 316 46 71 0.99876034 
921 327 52 68 0.9979856 
827 321 44 74 0.99739057 
293 279 54 66 0.9957129 
684 274 40 64 0.9950028 
487 309 49 61 0.9927254 
19 348 55 71 0.99180603 
642 314 48 67 0.98344076 
55 302 50 75 0.98315626 
419 332 42 62 0.9819249 
639 348 47 68 0.9782038 
767 285 43 56 0.9470316 
400 267 32 43 0.911791 
592 307 49 64 0.8882074 
666 586 35 52 0.8618104 
1009 323 19 37 0.664953 
337 306 35 55 0.38924906 
626 602 8 12 0.32650685 
168 310 39 66 0.24094574 
267 514 32 29 0.23483612 
635 534 12 13 0.2209113 
762 316 45 70 0.1666076 
496 361 25 40 0.13558012 
221 291 20 27 0.11058133 
546 573 12 20 0.089535065 
1000 292 17 29 0.08620674 
477 264 14 22 0.08458486 
974 328 19 38 0.07943368 
726 305 19 39 0.07858588 
964 298 20 29 0.07676175 
670 519 13 15 0.07644304 
504 294 10 14 0.07085391 
624 334 40 67 0.06960078 
553 264 10 20 0.06616812 
73 344 25 45 0.065178744 
0 349 20 39 0.06482868 
910 310 38 60 0.06434013 
663 298 42 62 0.06285836 
242 149 4 7 0.054951973 
-1 218 22 47 0.054914616 
160 411 87 107 0.0540203 
441 160 15 25 0.049833357 
719 317 29 56 0.049809795 
477 276 11 22 0.049279362 
465 579 28 24 0.04724851 
595 574 22 26 0.04647956 
976 305 9 16 0.045675002 
984 329 17 34 0.04534381 
127 302 173 190 0.04516671 
358 298 38 56 0.042001184 
855 147 5 10 0.041192126 
688 589 40 56 0.038753245 
489 302 13 18 0.03791472 
482 261 10 15 0.03695737 
598 570 11 10 0.036834802 
630 573 9 12 0.03665264 
309 245 14 17 0.036510468 
39 298 40 62 0.03569018 
813 186 3 8 0.03565095 
1019 291 9 15 0.03514631 
612 596 37 51 0.034885142 
519 297 8 12 0.03477812 
724 570 31 52 0.03446216 
931 380 32 57 0.03322315 
822 186 3 6 0.032900907 
213 316 32 60 0.032590985 
807 181 4 8 0.032243952 
803 181 3 8 0.03172677 
810 302 40 76 0.03147048 
189 304 37 71 0.030377116 
813 182 3 7 0.030247664 
952 324 35 54 0.03000645 
598 576 12 13 0.029038804 
617 595 6 9 0.028963143 
604 570 13 12 0.02805845 
149 322 32 50 0.027739838 
623 597 15 22 0.027738513 
470 284 17 28 0.027734226 
507 283 6 9 0.02680681 
400 484 41 46 0.026683256 
373 293 32 30 0.026475519 
265 155 5 9 0.025166344 
733 272 10 21 0.024961326 
455 341 21 32 0.024947414 
640 580 48 72 0.024676265 
166 317 20 34 0.024644723 
404 81 25 21 0.024309078 
698 303 31 65 0.024066808 
181 196 12 14 0.023630783 
897 339 23 38 0.023492863 
609 335 30 49 0.023489133 
889 360 31 53 0.02275362 
1011 75 17 37 0.022371167 
1023 384 19 39 0.022243336 
212 276 24 34 0.02205542 
541 219 10 17 0.021967579 
459 347 9 15 0.02160404 
471 323 35 51 0.021502942 
510 284 7 10 0.021342667 
970 294 11 14 0.021047289 
1003 5 15 30 0.020998135 
506 278 4 7 0.020976527 
501 277 5 7 0.020852145 
495 294 17 20 0.020699652 
586 336 29 41 0.020384878 
750 627 5 10 0.020084597 
