2_Demonstration_Protesters_2_486
57
812 114 114 123 0.99991536 
446 113 147 178 0.9982242 
51 381 121 178 0.99777156 
234 428 56 56 0.9940432 
30 539 33 41 0.9587176 
621 238 52 72 0.7908243 
898 573 46 54 0.32424936 
811 314 23 31 0.22452737 
335 473 14 16 0.13455981 
424 505 29 35 0.12671173 
1 618 11 21 0.117320545 
689 162 11 15 0.0636837 
323 474 19 27 0.06188003 
717 361 42 63 0.059500694 
817 315 12 16 0.05639828 
0 507 20 28 0.051152166 
426 524 29 34 0.049709953 
11 525 36 52 0.042664092 
948 530 61 59 0.0418866 
775 585 6 6 0.03721086 
27 580 12 14 0.032458015 
517 18 11 19 0.03220364 
752 582 12 9 0.031956982 
514 16 27 63 0.030531164 
0 430 8 16 0.030082094 
391 548 34 52 0.02997675 
0 444 18 34 0.028663298 
782 174 18 28 0.028427748 
795 321 35 43 0.028234184 
188 689 21 29 0.028200382 
736 283 7 9 0.02788955 
775 589 6 7 0.027587457 
704 550 8 7 0.026819756 
371 306 9 10 0.026568582 
704 540 9 8 0.026283879 
716 532 7 6 0.02592538 
1 657 6 17 0.024561685 
826 308 23 30 0.024022242 
282 466 21 36 0.02397758 
61 224 18 26 0.023946181 
1 586 10 15 0.023079703 
696 280 8 9 0.02288927 
838 318 8 11 0.022423904 
897 65 6 8 0.022092527 
366 479 14 17 0.021982634 
766 661 7 7 0.021954814 
731 529 5 5 0.02186862 
444 258 10 13 0.021804389 
658 675 6 8 0.021673815 
663 332 87 99 0.021401249 
425 466 12 15 0.021073032 
821 328 14 24 0.020877501 
436 286 4 6 0.020759923 
393 314 8 9 0.020357901 
1 513 9 17 0.020318585 
-2 590 17 33 0.020213382 
811 320 12 16 0.020211367 
