2_Demonstration_Protesters_2_258
28
176 218 112 116 0.99991274 
70 163 100 105 0.9998821 
803 250 119 122 0.9996531 
600 193 86 117 0.99235654 
386 373 26 43 0.2627683 
660 284 69 98 0.119041055 
550 151 10 17 0.11728469 
555 167 8 15 0.06146539 
782 175 20 26 0.053445406 
327 247 43 50 0.051268987 
622 310 81 138 0.048920304 
394 438 13 17 0.046761893 
303 247 11 16 0.046618838 
365 355 38 64 0.045833625 
136 134 16 10 0.041799825 
356 241 22 30 0.038034618 
645 247 56 60 0.036325365 
600 241 161 300 0.034242142 
1015 327 12 22 0.03136572 
748 323 10 15 0.027629316 
395 351 22 37 0.027490579 
815 169 11 12 0.026791202 
401 366 37 70 0.0251729 
349 256 40 48 0.025085501 
111 129 32 22 0.024234498 
551 167 7 15 0.023983572 
329 276 37 59 0.022573119 
542 197 10 20 0.021448757 
