2_Demonstration_Demonstration_Or_Protest_2_644
177
146 181 24 35 0.9973622 
232 64 25 36 0.9960582 
821 279 23 31 0.9939645 
931 277 22 26 0.9908971 
877 310 28 37 0.9887627 
103 237 27 41 0.97709835 
769 291 21 31 0.97571224 
836 143 17 23 0.96012235 
852 270 20 27 0.9572989 
174 174 19 30 0.9565714 
404 244 20 24 0.9528033 
333 87 19 35 0.9484229 
643 238 21 22 0.9135856 
22 33 18 22 0.88416785 
368 243 20 31 0.77799946 
431 233 17 28 0.7504147 
295 238 13 19 0.6540245 
236 219 11 21 0.548532 
564 275 22 38 0.4862825 
715 245 22 37 0.47086248 
526 149 16 25 0.40901482 
518 275 18 24 0.3643443 
213 48 12 18 0.33673832 
944 229 12 17 0.32722732 
657 274 24 32 0.3182168 
527 269 13 18 0.30240193 
207 55 17 35 0.2821276 
568 122 21 22 0.27643186 
513 253 15 17 0.27640346 
378 242 18 27 0.26267987 
965 271 31 28 0.23009217 
490 317 18 22 0.22712654 
550 246 20 24 0.22231905 
471 210 12 17 0.20574854 
503 268 10 15 0.19885162 
505 200 9 19 0.1802901 
355 254 18 27 0.17536332 
388 243 18 26 0.16461626 
444 287 20 25 0.1564082 
777 300 23 30 0.14917433 
475 162 14 18 0.1384835 
474 296 14 17 0.12606591 
272 283 11 24 0.12354522 
481 279 15 14 0.11256315 
296 641 14 14 0.10526724 
161 303 26 24 0.10313733 
895 320 25 35 0.102779545 
541 195 13 20 0.09894463 
658 305 26 37 0.09888993 
462 237 13 21 0.08577163 
296 311 40 66 0.08484316 
271 297 15 27 0.075653784 
334 653 13 15 0.07376645 
297 721 13 12 0.07196296 
287 746 12 9 0.07099218 
317 97 22 31 0.07088991 
436 279 18 28 0.06669824 
515 259 17 23 0.06626538 
511 168 10 16 0.06260579 
28 188 24 42 0.060463745 
275 756 14 12 0.06030788 
592 271 15 27 0.05945147 
316 152 19 28 0.05881228 
862 275 18 29 0.05618148 
221 703 19 22 0.055866964 
425 288 17 26 0.05171831 
89 249 20 30 0.0515359 
639 109 23 18 0.05071801 
34 37 11 18 0.05058598 
1005 252 9 16 0.048115145 
475 288 21 20 0.044741735 
429 166 18 22 0.044281553 
217 62 20 34 0.043936327 
540 154 11 18 0.043442994 
497 249 11 17 0.043043125 
420 237 16 26 0.042657252 
872 281 19 30 0.041942455 
546 275 12 19 0.041744772 
412 299 19 28 0.040441006 
1011 299 19 34 0.040421903 
237 721 11 13 0.040202986 
502 172 10 17 0.039366785 
360 644 26 34 0.039071262 
728 254 21 37 0.03903677 
1025 292 17 30 0.03897544 
442 236 11 18 0.038768616 
851 159 10 16 0.038543943 
257 620 21 19 0.036917236 
508 193 10 20 0.036804695 
215 748 10 15 0.036088403 
551 276 17 28 0.035676327 
714 243 11 24 0.03372446 
830 270 27 36 0.033426255 
352 263 29 50 0.03327369 
346 241 17 29 0.033259712 
652 301 20 30 0.03299979 
229 199 17 32 0.032875724 
229 192 11 22 0.032709688 
482 301 13 16 0.032564785 
433 317 14 17 0.03247492 
304 244 9 15 0.032457422 
341 241 11 19 0.031627543 
949 235 11 15 0.031579524 
540 204 19 24 0.031237893 
473 278 11 13 0.031032762 
89 425 47 43 0.030857494 
862 430 45 39 0.030675964 
854 154 11 18 0.030639242 
202 63 12 26 0.03004068 
283 750 14 12 0.029934809 
386 162 14 13 0.029507933 
509 273 17 22 0.029365148 
219 51 10 16 0.029150723 
259 748 26 21 0.028997716 
464 297 19 25 0.028752545 
1030 267 14 27 0.028741738 
859 151 13 17 0.028495457 
36 101 34 53 0.027795805 
144 248 36 44 0.02769574 
295 689 27 22 0.027683955 
738 263 29 50 0.02768049 
784 261 14 17 0.027624756 
432 277 12 21 0.027318623 
514 159 16 24 0.027077354 
193 721 25 28 0.026756698 
579 253 18 27 0.026483323 
768 289 11 23 0.026293967 
491 265 10 14 0.02614273 
490 188 10 17 0.026076484 
371 643 10 15 0.026076294 
496 167 12 18 0.026071565 
281 258 10 14 0.025959827 
568 155 35 55 0.025913808 
587 273 11 23 0.025442302 
352 262 9 17 0.025252258 
221 225 8 17 0.025180705 
465 288 11 18 0.024995906 
1023 310 18 34 0.024906665 
602 263 19 24 0.02463636 
362 251 14 18 0.024595605 
533 264 11 15 0.024563167 
246 694 10 14 0.02452506 
254 725 12 11 0.024327382 
906 307 19 35 0.024217738 
207 49 8 15 0.02401905 
341 210 11 19 0.02395724 
530 273 16 23 0.02389114 
489 309 13 17 0.02384961 
275 216 6 12 0.023839435 
437 262 17 27 0.023829514 
37 476 31 29 0.023756342 
217 701 10 10 0.023648798 
438 224 17 25 0.023559432 
500 273 15 22 0.02350575 
648 405 36 26 0.023479199 
931 248 7 10 0.023020873 
230 219 9 18 0.022939228 
752 276 27 46 0.022891274 
-46 214 398 408 0.022873275 
340 307 19 31 0.022733824 
502 236 10 16 0.02254034 
862 354 34 48 0.02200486 
575 266 19 37 0.02196407 
458 293 10 17 0.02195802 
843 281 9 17 0.021910697 
302 86 19 32 0.02184525 
248 703 12 17 0.02168117 
591 151 12 18 0.021456368 
444 279 14 19 0.021311978 
844 148 16 24 0.021232177 
1015 248 15 26 0.020917911 
421 294 11 19 0.02048284 
268 756 13 12 0.020467151 
268 216 9 17 0.020361418 
201 733 22 28 0.020121312 
213 733 10 12 0.020086596 
484 257 11 13 0.020033835 
