2_Demonstration_Political_Rally_2_286
40
811 664 82 105 0.99905664 
432 726 81 101 0.9985629 
150 364 180 258 0.81516874 
12 212 10 18 0.10720169 
8 281 8 15 0.05910961 
405 426 11 17 0.054714568 
775 164 17 24 0.04945274 
388 427 9 14 0.049131926 
3 275 9 18 0.044670794 
423 437 9 13 0.03918533 
390 419 9 14 0.03427771 
97 519 15 21 0.033024795 
367 415 11 16 0.032786082 
616 117 16 23 0.032274313 
550 1084 36 73 0.03189132 
643 990 52 89 0.030262478 
996 179 15 18 0.029790943 
65 223 7 11 0.029226743 
388 411 8 12 0.029099042 
651 127 16 26 0.026812453 
410 419 10 15 0.02586047 
741 160 13 16 0.025610464 
9 242 10 20 0.025341602 
414 435 7 12 0.025032934 
805 220 14 26 0.023819122 
806 174 11 20 0.022738293 
395 437 8 13 0.022656996 
136 107 11 19 0.022489192 
374 410 9 16 0.022319177 
546 1001 15 27 0.02207626 
30 232 7 13 0.021965457 
608 967 23 38 0.021786436 
13 188 7 12 0.02145963 
388 515 12 17 0.021434821 
20 250 11 23 0.02107696 
46 223 7 10 0.020782752 
900 189 14 20 0.020782713 
88 279 14 22 0.020566355 
727 246 12 27 0.020268727 
18 187 8 13 0.020084556 
