2_Demonstration_Demonstrators_2_654
80
452 146 37 60 0.9945912 
585 164 32 47 0.98907286 
296 146 34 46 0.89436024 
712 134 22 23 0.8378851 
597 112 20 31 0.8086218 
135 138 41 59 0.6353203 
826 128 27 29 0.5857607 
716 190 33 38 0.44765323 
348 146 27 39 0.432127 
242 118 21 31 0.27047622 
401 271 18 22 0.23372357 
955 186 21 36 0.14838098 
139 158 12 18 0.10506593 
488 292 124 268 0.09725915 
609 118 18 32 0.08180356 
620 164 19 35 0.074833825 
687 190 21 33 0.07258729 
261 24 12 19 0.06749328 
156 129 42 73 0.06303689 
868 108 39 61 0.06273472 
707 145 24 28 0.058330826 
364 130 26 45 0.058084868 
931 100 12 16 0.055771742 
0 59 15 29 0.05386748 
488 123 22 39 0.0514516 
63 530 98 140 0.050727632 
285 410 81 152 0.04750549 
32 552 14 23 0.04680167 
580 59 8 17 0.04677611 
4 546 18 33 0.0452067 
16 523 10 20 0.044360023 
72 590 10 12 0.042921558 
97 614 13 15 0.042389408 
48 222 31 66 0.040128496 
146 77 7 9 0.039513294 
420 312 11 13 0.03770485 
410 278 12 17 0.036769 
424 298 25 23 0.035757482 
151 106 33 55 0.03564418 
856 75 10 13 0.034985986 
932 51 11 12 0.03495393 
560 462 9 15 0.03464202 
464 116 33 62 0.03406937 
768 333 10 18 0.03386847 
1001 115 8 10 0.03384756 
245 118 33 53 0.03354951 
993 45 11 13 0.033327952 
697 238 20 40 0.03219965 
828 105 61 79 0.031709146 
1017 91 6 10 0.029990278 
397 275 11 14 0.028175581 
164 107 11 16 0.027199974 
134 157 11 18 0.026928881 
316 153 26 35 0.02664908 
939 168 55 83 0.02650991 
137 103 12 17 0.026226168 
448 287 65 120 0.026005698 
374 109 7 9 0.025452074 
81 601 9 11 0.025281414 
829 90 10 13 0.02501677 
497 155 9 16 0.02484927 
273 117 9 15 0.024527188 
9 68 16 26 0.02376951 
918 47 10 15 0.023490347 
491 151 17 32 0.0232638 
19 288 25 29 0.02313546 
898 53 11 12 0.022681653 
52 185 14 17 0.02243876 
525 296 65 144 0.022286918 
74 596 10 11 0.022242306 
383 120 7 8 0.022168836 
369 154 11 21 0.022095274 
1009 294 13 13 0.022086589 
893 89 8 12 0.021908851 
710 89 10 16 0.021300891 
389 273 10 15 0.02121287 
732 138 10 18 0.021081515 
144 103 11 17 0.021066738 
71 114 25 29 0.020388672 
151 78 7 8 0.020173028 
