2_Demonstration_Demonstrators_2_781
101
393 196 23 32 0.99965763 
464 202 38 51 0.99955994 
694 220 48 59 0.998973 
256 166 51 74 0.998408 
545 141 54 82 0.9942046 
931 228 28 31 0.9873043 
536 214 32 41 0.97062856 
533 192 18 28 0.9415183 
239 131 28 48 0.9294816 
815 232 21 19 0.9138879 
859 247 16 18 0.7556748 
757 253 21 28 0.71547043 
928 267 41 46 0.68283165 
979 254 15 19 0.5388988 
763 229 22 32 0.5087864 
111 232 13 14 0.24534321 
665 158 18 33 0.21040913 
1014 249 13 21 0.1856381 
132 223 10 14 0.18093058 
211 127 20 31 0.17814252 
992 240 20 23 0.1539397 
51 195 10 12 0.11934059 
968 430 72 140 0.11228553 
849 284 35 46 0.106534585 
73 225 13 10 0.10470655 
501 214 24 31 0.10070873 
507 175 9 14 0.099511884 
438 227 10 13 0.090370186 
227 137 25 34 0.08904874 
654 188 6 9 0.08481042 
411 192 18 29 0.084643856 
43 202 7 9 0.08019911 
793 239 9 11 0.077238224 
954 274 29 33 0.06971428 
891 244 13 16 0.069349386 
706 24 51 57 0.06879252 
361 206 9 18 0.067462906 
128 219 11 14 0.06601454 
768 251 14 21 0.06554204 
153 171 9 14 0.06289324 
769 224 15 19 0.061067693 
82 214 10 9 0.057139553 
113 244 11 13 0.05476963 
115 226 19 20 0.053835943 
916 232 19 25 0.0501945 
214 139 23 35 0.049703322 
86 210 10 9 0.0484841 
64 243 13 12 0.047292482 
835 309 17 22 0.04532854 
119 267 14 16 0.045271058 
77 220 12 12 0.045059875 
787 240 8 12 0.043176774 
137 280 10 15 0.039789587 
74 215 11 10 0.03958809 
340 464 153 255 0.037575137 
104 226 15 16 0.035292286 
974 242 31 38 0.034486398 
664 150 12 19 0.033135332 
694 54 70 111 0.031696197 
783 234 17 24 0.03152297 
1020 251 20 30 0.031352885 
68 207 12 13 0.031101193 
1018 224 19 30 0.029537236 
144 294 13 22 0.029113883 
1004 241 18 23 0.029074255 
501 166 19 27 0.028922236 
850 248 20 25 0.027180301 
993 223 24 29 0.02701004 
960 345 80 140 0.026863962 
841 299 25 29 0.026576841 
752 262 37 59 0.0259468 
749 224 23 31 0.025945675 
776 231 9 17 0.025945382 
990 480 71 131 0.024656974 
985 690 25 42 0.024400016 
602 157 29 56 0.024068044 
648 196 18 32 0.024066193 
719 74 24 31 0.023634512 
629 637 43 47 0.023598311 
1013 540 18 33 0.023491189 
755 189 10 16 0.023267996 
928 553 66 109 0.023031484 
130 219 18 29 0.022954792 
253 392 39 56 0.02287565 
0 23 9 20 0.022752166 
503 206 10 17 0.02247317 
659 170 16 28 0.02228682 
-4 14 27 28 0.022277176 
666 146 6 10 0.02226039 
318 315 168 184 0.022044845 
980 203 32 45 0.021846166 
79 214 20 21 0.021713756 
662 227 7 12 0.021419099 
688 107 8 18 0.020982854 
63 228 11 8 0.020908821 
417 189 8 11 0.02062084 
947 230 14 19 0.02061514 
977 246 12 19 0.020603878 
386 329 86 72 0.020570995 
267 504 18 33 0.020281032 
80 231 11 12 0.020214416 
