2_Demonstration_Demonstration_Or_Protest_2_364
24
471 289 132 177 0.9984902 
219 306 111 219 0.99589455 
678 336 107 199 0.9929985 
405 298 12 16 0.66427237 
355 300 18 26 0.123118795 
383 300 8 11 0.056110844 
954 679 12 13 0.04283044 
437 478 12 17 0.03742993 
979 621 19 23 0.036372524 
388 299 8 10 0.032253418 
344 304 7 12 0.029762888 
1003 618 20 25 0.02877499 
365 667 140 113 0.028468246 
233 559 12 19 0.028042408 
439 384 11 21 0.027354483 
970 628 12 16 0.026527291 
369 308 11 15 0.026042826 
989 617 19 25 0.025372645 
8 5 123 252 0.023264125 
460 529 9 17 0.023249779 
466 502 8 14 0.02280671 
377 689 57 54 0.0225125 
402 307 11 15 0.020447847 
461 501 8 13 0.020240879 
