2_Demonstration_Protesters_2_362
129
804 403 92 74 0.9951095 
238 356 61 99 0.9887326 
419 495 10 17 0.9620502 
871 533 19 33 0.72202194 
458 507 11 18 0.61624646 
881 517 34 43 0.39700982 
345 14 9 10 0.33151767 
385 519 11 18 0.31818163 
365 493 8 13 0.29146886 
321 518 35 92 0.28952608 
681 509 12 21 0.2571169 
466 549 8 17 0.21086648 
691 551 32 53 0.19316216 
453 505 10 17 0.18779746 
446 507 11 16 0.15082285 
696 504 8 13 0.13927175 
313 332 18 23 0.12436817 
607 46 7 9 0.11528051 
822 34 10 16 0.10487882 
766 4 8 10 0.09119425 
856 543 34 45 0.07928064 
464 513 8 16 0.07847132 
402 496 9 15 0.06928964 
408 231 323 534 0.067591295 
775 6 9 10 0.063876994 
460 555 10 20 0.063764535 
695 526 18 29 0.06003641 
575 28 8 8 0.0584774 
465 521 8 15 0.05822517 
393 547 10 17 0.057870626 
790 2 7 8 0.056824252 
702 531 9 14 0.05664213 
145 466 24 38 0.055564925 
984 478 7 9 0.05109288 
221 25 43 45 0.050376337 
1018 530 8 13 0.04738749 
339 520 30 67 0.046130892 
328 438 11 18 0.044717643 
358 491 10 14 0.04453437 
445 545 10 19 0.04308132 
707 547 22 38 0.042786386 
300 20 8 10 0.0422855 
703 503 8 13 0.042141605 
995 499 8 11 0.040983394 
979 501 8 11 0.039828733 
684 13 8 11 0.038053643 
626 20 7 9 0.037732016 
1083 570 11 19 0.037038695 
459 493 7 10 0.03698246 
441 504 9 15 0.03669823 
606 14 7 10 0.036587995 
319 44 8 12 0.03559386 
362 423 19 34 0.035081927 
960 481 6 9 0.034466464 
417 549 15 27 0.03395045 
707 503 9 14 0.03310073 
529 44 11 15 0.03236556 
985 501 7 10 0.03200476 
551 71 7 9 0.031401988 
527 0 22 34 0.030168053 
653 517 7 11 0.030085113 
441 513 10 15 0.029891973 
675 156 455 371 0.029421074 
341 16 7 7 0.029113378 
902 624 48 41 0.029027665 
897 517 38 51 0.028952839 
603 28 5 8 0.028412357 
725 509 11 15 0.028398365 
351 8 139 200 0.028168855 
332 16 7 7 0.028051179 
1015 474 7 11 0.027932316 
1012 478 8 10 0.027244007 
465 535 7 14 0.027201643 
337 424 10 17 0.02699182 
406 373 24 35 0.026821323 
1085 541 13 21 0.026433213 
340 20 7 8 0.026361715 
403 555 8 14 0.025999095 
323 437 21 34 0.02594174 
678 505 9 17 0.025707208 
439 499 8 14 0.025677614 
268 15 10 10 0.0256405 
302 531 66 145 0.025622472 
799 25 7 11 0.02553856 
1090 518 11 19 0.025374917 
983 491 8 10 0.02500605 
714 503 18 25 0.024901545 
424 496 9 16 0.024808729 
689 548 10 17 0.024722395 
503 554 7 11 0.024451863 
407 488 16 23 0.024400571 
777 3 8 9 0.024135225 
266 19 13 17 0.024128001 
547 279 18 26 0.023652477 
964 487 7 9 0.02349682 
1020 520 14 24 0.023445264 
1071 583 14 23 0.023321817 
359 522 32 59 0.023208661 
383 525 18 26 0.023162149 
690 538 20 31 0.022958782 
229 18 28 27 0.02286747 
964 482 6 9 0.022781372 
942 467 19 24 0.022596413 
812 18 10 15 0.022168582 
376 514 11 19 0.021701062 
449 473 9 15 0.0216795 
486 550 6 12 0.021647131 
166 243 24 48 0.021604422 
354 352 28 52 0.021507163 
571 58 6 7 0.021498105 
981 488 7 10 0.021483133 
312 25 8 8 0.021449763 
459 586 9 15 0.021380318 
639 447 7 14 0.021351065 
600 58 6 9 0.021144468 
1004 506 7 9 0.021114033 
690 504 15 24 0.02108423 
138 211 33 64 0.021001728 
613 46 5 8 0.020728864 
710 533 20 28 0.020663714 
1006 500 7 9 0.020620469 
812 43 9 14 0.020620193 
812 32 8 13 0.02054064 
990 504 8 10 0.020407476 
922 512 20 34 0.020278715 
307 433 39 64 0.020197041 
349 -46 271 626 0.020184139 
474 510 7 13 0.020089071 
535 16 12 19 0.020064315 
