2_Demonstration_Political_Rally_2_752
94
14 390 50 71 0.9993992 
807 176 177 333 0.99819666 
354 135 76 129 0.37379372 
649 302 96 74 0.35250643 
93 393 20 41 0.21264823 
64 382 10 14 0.1152676 
102 460 9 22 0.10714027 
227 52 11 24 0.10696354 
404 585 30 59 0.09953277 
1004 346 20 44 0.098113045 
385 578 8 17 0.0890429 
945 85 11 17 0.08110103 
1 423 14 30 0.07907879 
452 265 11 19 0.06694629 
339 467 6 8 0.064822264 
857 58 5 9 0.060872853 
950 82 9 15 0.05684214 
100 420 11 18 0.053250715 
191 463 5 7 0.051145434 
386 570 5 10 0.050987225 
179 386 8 12 0.049271967 
1004 318 44 101 0.048162676 
741 406 18 15 0.045705307 
243 466 5 7 0.045166086 
602 641 53 52 0.04452737 
99 389 10 17 0.044208955 
838 58 5 8 0.043544132 
177 149 14 16 0.043178786 
200 462 5 8 0.04233961 
830 5 9 8 0.04159171 
427 486 6 11 0.041152436 
906 30 7 14 0.038373534 
130 504 11 18 0.0383559 
336 371 12 17 0.038059454 
835 58 4 8 0.03708139 
477 432 17 27 0.033958007 
876 57 7 12 0.033725612 
609 583 5 8 0.033551432 
338 611 18 29 0.0324514 
234 57 9 21 0.0316032 
278 190 21 25 0.031559493 
1014 621 12 16 0.03137094 
237 46 28 61 0.030631214 
354 590 10 15 0.029904313 
78 377 8 10 0.029161526 
132 495 11 19 0.028051965 
560 622 10 19 0.02798576 
483 424 20 26 0.027594762 
582 446 16 28 0.027499152 
198 604 8 20 0.027324587 
134 450 5 8 0.02720838 
173 482 5 9 0.026874574 
199 465 5 9 0.026458466 
329 469 5 7 0.026230358 
476 534 279 391 0.025994502 
142 449 5 8 0.025805857 
959 58 6 8 0.025551604 
954 56 6 9 0.025127627 
141 453 5 9 0.024787754 
710 161 102 73 0.024648346 
915 9 6 11 0.02459232 
1019 12 6 10 0.024552317 
921 7 5 9 0.02442481 
953 76 8 11 0.023974847 
963 100 10 13 0.023648994 
326 362 31 35 0.023570338 
68 449 9 14 0.023546355 
1001 88 8 10 0.023320364 
189 462 4 7 0.023260532 
454 611 70 175 0.02323083 
641 355 23 22 0.023193112 
1029 663 16 28 0.023166098 
166 283 5 9 0.023102948 
974 25 6 10 0.02293084 
613 581 4 9 0.022860404 
854 57 5 9 0.022708073 
934 7 5 8 0.022684619 
112 562 9 13 0.022622507 
187 593 6 13 0.02229944 
106 451 8 20 0.022105046 
953 71 7 9 0.021815732 
112 408 119 187 0.021520684 
67 382 16 21 0.02117128 
908 27 6 10 0.021168523 
960 96 8 10 0.020995302 
863 57 5 9 0.020908507 
78 373 6 7 0.0208394 
1019 33 6 9 0.020704217 
941 84 7 12 0.020512046 
332 468 6 8 0.020425308 
871 57 6 9 0.020361817 
234 50 8 15 0.020361243 
13 393 25 35 0.02026652 
1012 44 6 9 0.020148363 
