2_Demonstration_Political_Rally_2_83
319
883 560 114 118 0.9999404 
403 299 89 125 0.9999181 
0 390 90 104 0.99987864 
291 568 102 131 0.9997067 
628 391 84 99 0.99969816 
601 484 90 140 0.99969494 
123 529 109 110 0.9996861 
181 154 45 61 0.99922395 
888 154 50 60 0.99889296 
70 218 56 58 0.9987704 
95 614 116 131 0.99862564 
500 211 56 64 0.99801433 
809 135 38 53 0.9967733 
209 224 48 75 0.9961039 
231 271 62 85 0.9957963 
673 603 109 151 0.9952825 
168 0 31 35 0.99522686 
233 122 35 51 0.994494 
175 391 68 87 0.994276 
323 164 56 65 0.9928752 
474 17 25 32 0.99185973 
411 196 46 63 0.98896503 
562 293 67 65 0.9851334 
265 19 21 31 0.9841962 
448 116 36 51 0.98276454 
557 82 34 35 0.9827225 
892 332 68 77 0.9824143 
44 178 37 59 0.9782526 
109 74 35 59 0.97104186 
96 294 55 70 0.96643597 
463 183 40 64 0.95647806 
387 154 29 42 0.9545567 
290 33 30 39 0.94597954 
218 63 34 49 0.9436821 
982 444 58 97 0.93883586 
625 65 31 35 0.93514895 
426 32 30 37 0.9252442 
479 80 32 46 0.9158389 
1 70 31 46 0.9055147 
202 110 31 42 0.89780647 
308 69 26 43 0.8970362 
549 393 34 58 0.8814502 
871 30 23 34 0.8699296 
931 199 39 52 0.8682293 
43 290 34 53 0.86028755 
752 21 18 23 0.84205693 
596 109 45 52 0.81171405 
556 190 27 34 0.8035758 
234 12 22 30 0.7870899 
0 138 35 69 0.7722275 
966 83 38 54 0.7540975 
400 107 31 45 0.740674 
783 43 19 27 0.7064624 
944 78 37 50 0.7003436 
257 65 20 36 0.6226902 
389 64 25 27 0.6070545 
916 0 24 23 0.59610224 
963 154 41 47 0.5954091 
117 41 21 38 0.5923861 
792 120 29 43 0.56700546 
493 44 25 35 0.54877245 
602 65 23 25 0.51171124 
202 53 20 28 0.4951741 
693 11 16 17 0.48794928 
668 51 20 22 0.4773235 
826 64 18 28 0.46258214 
815 40 24 24 0.44882134 
568 44 16 24 0.43370938 
250 186 33 46 0.42891622 
474 45 21 28 0.42706224 
947 163 33 33 0.41876513 
619 118 39 50 0.41741937 
999 128 21 31 0.39477324 
34 62 26 43 0.38900557 
301 6 18 23 0.38749537 
889 81 29 39 0.382771 
670 94 28 34 0.35610208 
591 57 16 18 0.32328388 
389 193 39 48 0.3114249 
412 2 22 20 0.28886113 
976 221 52 84 0.26980528 
827 328 19 36 0.2551625 
218 113 33 48 0.25413468 
947 15 24 22 0.23957497 
445 78 30 36 0.23912671 
543 60 23 36 0.2364521 
750 180 36 52 0.21622148 
267 4 22 21 0.21200041 
642 112 33 53 0.20618375 
505 98 22 38 0.2025564 
564 418 36 53 0.20225053 
635 252 39 23 0.19918261 
18 64 29 45 0.19441628 
380 237 43 57 0.18940027 
630 238 34 28 0.18911825 
131 453 24 29 0.18488924 
609 25 19 22 0.17928128 
294 285 32 55 0.17620869 
336 87 18 31 0.17505103 
74 49 32 52 0.16296586 
8 110 47 75 0.15456901 
592 182 40 49 0.15334563 
742 152 43 49 0.1509806 
801 26 14 19 0.150027 
5 248 19 30 0.14994022 
60 127 31 56 0.14334244 
598 79 29 30 0.13379124 
661 113 26 45 0.13205075 
338 18 30 43 0.13119262 
376 57 21 33 0.12847757 
491 338 28 34 0.12632507 
830 332 37 59 0.12438771 
382 80 31 50 0.12280753 
834 19 16 16 0.115427166 
939 90 21 33 0.113894634 
722 368 64 106 0.11150109 
268 70 29 48 0.11137151 
502 21 31 49 0.11033671 
27 3 24 28 0.11008472 
0 111 19 39 0.10293219 
303 2 15 14 0.094589494 
832 259 21 42 0.09298072 
323 81 20 34 0.09137956 
436 18 24 28 0.09088642 
186 221 34 55 0.08949539 
59 195 46 60 0.08851995 
611 7 15 13 0.086114086 
14 165 21 34 0.08519064 
156 326 23 24 0.08388911 
989 20 23 25 0.08094968 
159 341 44 37 0.07871805 
586 22 18 19 0.078454874 
582 125 35 40 0.07797722 
909 9 25 26 0.07576668 
881 100 25 33 0.07531247 
825 24 22 25 0.07328196 
854 113 30 49 0.07290775 
582 95 37 44 0.07209815 
952 102 25 43 0.07199293 
882 128 24 44 0.07080633 
295 15 26 31 0.06959194 
89 37 19 28 0.06953763 
51 227 23 44 0.06910649 
72 75 30 48 0.067987025 
537 50 23 28 0.06683949 
403 78 24 32 0.06273319 
796 12 16 14 0.06263577 
-1 43 8 22 0.060874578 
684 391 71 88 0.0603447 
130 61 32 57 0.059664037 
342 97 18 30 0.05939945 
738 23 8 15 0.059287455 
617 35 20 26 0.0592648 
789 17 14 15 0.058953255 
140 173 32 49 0.058059078 
606 206 44 46 0.058008593 
125 30 33 52 0.05795585 
513 0 23 26 0.057584327 
794 47 13 19 0.055244025 
476 168 44 56 0.054659292 
223 181 26 37 0.054473307 
783 165 39 53 0.05286122 
310 248 38 65 0.05248367 
121 4 36 48 0.052281674 
942 430 40 54 0.051262558 
451 62 23 34 0.05120962 
293 167 38 52 0.050796207 
975 26 41 42 0.05069742 
1014 93 12 17 0.050569657 
937 171 40 55 0.04970706 
60 302 29 38 0.049569875 
826 324 9 20 0.047765274 
121 217 40 50 0.04708779 
680 331 37 53 0.046984836 
563 185 44 57 0.04625457 
618 47 24 30 0.04575215 
662 54 34 47 0.04548273 
238 69 29 41 0.04428989 
80 -1 13 10 0.044270255 
445 146 31 46 0.043782398 
796 74 15 26 0.043574437 
578 62 35 39 0.04280693 
68 105 34 55 0.042719867 
999 102 26 38 0.042048555 
466 64 32 47 0.04197759 
269 273 39 63 0.04123023 
545 367 24 54 0.040887274 
205 67 26 44 0.04078928 
178 216 24 40 0.0399517 
247 228 41 72 0.039675977 
42 21 19 27 0.038923435 
959 436 44 65 0.038384918 
149 357 49 45 0.037921958 
351 131 25 35 0.037476957 
972 86 60 83 0.03728232 
692 82 18 29 0.0370724 
371 0 25 21 0.03687122 
808 35 18 23 0.03679285 
349 189 42 55 0.03628668 
215 366 62 101 0.036041062 
614 62 15 17 0.035851162 
762 94 22 27 0.035681274 
398 39 33 44 0.035309304 
1003 126 42 66 0.0353059 
943 21 40 44 0.035000958 
280 42 28 46 0.034992836 
600 285 44 56 0.034971345 
486 12 30 43 0.03495726 
188 4 20 28 0.03455558 
73 0 12 10 0.034127086 
61 91 30 48 0.03403521 
299 52 26 36 0.033899803 
407 92 26 36 0.033583798 
249 2 21 20 0.033563912 
109 529 46 66 0.033414353 
700 330 35 49 0.033228047 
-2 158 18 46 0.03307561 
89 111 35 59 0.032963984 
745 195 22 36 0.03293912 
57 56 30 46 0.032093547 
943 82 15 19 0.031951733 
322 112 33 42 0.031816114 
17 278 31 62 0.03121011 
387 1 28 23 0.031102736 
789 141 39 50 0.031091591 
255 0 12 11 0.030900806 
646 258 21 12 0.030690493 
984 163 32 35 0.030429723 
387 15 22 24 0.030242443 
192 75 21 31 0.029536672 
853 78 20 29 0.029427333 
259 200 38 58 0.029244274 
592 325 47 76 0.029025087 
770 132 38 43 0.02882768 
-2 346 31 63 0.028798128 
120 108 35 57 0.028453546 
275 93 34 52 0.028391775 
936 293 39 51 0.028301915 
231 607 9 17 0.028279658 
290 77 27 32 0.02821426 
898 51 20 25 0.028154701 
573 375 34 64 0.028048282 
305 182 65 91 0.028029831 
159 392 45 44 0.027986452 
1010 95 21 29 0.027976051 
967 35 27 36 0.027697243 
106 122 32 53 0.02729639 
536 39 18 24 0.027217459 
100 441 34 46 0.027163303 
653 33 20 28 0.027138395 
245 19 21 31 0.027084464 
423 10 26 29 0.026696702 
122 38 13 19 0.026624454 
700 542 25 35 0.026604703 
959 12 14 13 0.026602421 
892 63 26 36 0.02614962 
891 126 33 58 0.025764193 
862 29 19 27 0.025663458 
484 118 26 32 0.025639549 
897 82 17 19 0.025589462 
424 109 31 46 0.02553682 
715 298 37 45 0.025494376 
935 156 25 38 0.02511784 
94 329 35 43 0.024660502 
899 11 21 27 0.024615562 
773 45 17 26 0.0244223 
640 53 33 40 0.024356391 
493 22 12 19 0.024274964 
776 0 21 17 0.024134722 
1 9 17 28 0.024096224 
863 10 10 16 0.02405934 
678 49 13 16 0.024023717 
890 98 32 49 0.023966998 
267 0 14 12 0.023767687 
229 46 25 40 0.023612568 
375 99 21 28 0.023608338 
766 57 11 19 0.023509026 
754 57 17 26 0.023441996 
741 159 23 27 0.023410741 
78 12 13 15 0.023373386 
109 552 20 34 0.023371391 
343 10 25 21 0.023328543 
315 -1 11 10 0.023119107 
440 51 26 33 0.023100419 
578 443 14 16 0.02306772 
590 86 23 27 0.022956379 
172 185 34 55 0.022874977 
642 212 12 12 0.022672778 
147 452 21 34 0.022426514 
501 43 13 20 0.022349752 
520 112 9 17 0.021868993 
953 50 23 30 0.02185215 
274 29 23 35 0.02180764 
125 316 58 53 0.021784008 
150 458 11 18 0.021774054 
520 20 34 50 0.021612933 
362 315 11 17 0.02156377 
604 59 14 17 0.021520764 
257 126 31 38 0.021515349 
606 146 42 59 0.02146889 
632 200 39 43 0.021441408 
7 246 32 54 0.021139411 
286 233 37 64 0.021097088 
132 409 82 84 0.02095446 
116 457 20 27 0.020900004 
812 224 34 57 0.020872151 
955 143 33 41 0.020859351 
641 244 16 13 0.02077494 
560 187 12 15 0.0206719 
36 548 23 38 0.020630443 
393 132 34 48 0.020546803 
362 108 30 42 0.02038598 
84 26 37 50 0.02027638 
607 42 22 30 0.0201681 
162 333 35 23 0.020164728 
572 211 42 55 0.020138962 
614 251 50 46 0.020086346 
274 176 31 47 0.020051071 
317 132 33 46 0.02000439 
