2_Demonstration_Demonstration_Or_Protest_2_687
3214
880 374 11 19 0.9934511 
188 507 14 18 0.99146515 
670 387 10 17 0.9908689 
399 449 13 18 0.9906786 
503 342 11 16 0.9894785 
278 532 15 26 0.98922217 
651 350 11 17 0.98682225 
258 399 12 18 0.9860372 
200 471 14 17 0.9851952 
387 358 10 14 0.98420125 
261 444 12 19 0.97898066 
669 306 10 15 0.9770553 
687 532 16 24 0.9756579 
702 313 10 15 0.9755206 
911 321 12 16 0.97538674 
228 498 13 18 0.9752206 
279 369 9 15 0.9744272 
489 351 10 17 0.97333205 
338 416 10 17 0.97329414 
739 413 14 20 0.97188765 
195 440 13 18 0.970932 
163 442 10 17 0.96968657 
670 361 11 18 0.96919435 
962 631 20 23 0.9676281 
790 419 12 18 0.96692073 
843 328 13 16 0.9668177 
529 357 10 17 0.9659005 
334 312 10 15 0.9656303 
176 403 11 16 0.96480846 
502 407 11 18 0.963015 
576 420 11 16 0.9613993 
211 411 11 19 0.96116346 
489 459 14 20 0.961059 
369 433 11 19 0.95865947 
420 300 10 16 0.95860887 
772 271 8 12 0.9571993 
737 295 11 15 0.9561256 
440 454 11 19 0.95589006 
234 357 11 18 0.9557201 
407 366 11 15 0.9550165 
581 250 8 13 0.95361 
149 205 8 14 0.95061177 
148 274 9 15 0.9502379 
816 356 11 16 0.9490576 
100 360 10 17 0.94855 
445 528 15 22 0.9466347 
711 524 15 24 0.9448944 
427 401 13 21 0.94444704 
153 359 12 15 0.9436739 
35 491 14 21 0.943176 
584 506 16 19 0.94267434 
529 231 8 13 0.94231915 
84 453 12 18 0.9417645 
277 287 8 14 0.9372405 
208 347 10 15 0.93695605 
310 502 15 22 0.9354805 
827 449 12 18 0.9343166 
936 350 12 17 0.93151796 
249 314 8 15 0.9313265 
116 338 11 18 0.9312253 
92 600 17 24 0.93083596 
93 506 12 22 0.9302016 
473 264 8 14 0.92657584 
28 327 11 14 0.9249053 
600 185 8 14 0.9233035 
305 414 10 15 0.9232267 
222 371 10 16 0.9226992 
536 435 12 16 0.9224269 
828 293 10 14 0.9204474 
574 294 8 13 0.91849726 
99 293 11 15 0.91819245 
378 565 15 21 0.9179294 
813 474 14 21 0.9178548 
593 212 8 13 0.9169064 
598 457 13 19 0.9157932 
519 374 9 18 0.91317636 
109 309 10 16 0.9117874 
646 520 14 18 0.91043216 
870 245 8 13 0.9102647 
22 420 11 17 0.9094042 
765 540 15 24 0.9093031 
955 608 18 24 0.9091974 
75 398 12 17 0.90888196 
766 347 9 16 0.90725946 
924 403 13 20 0.90694666 
251 546 14 24 0.9055565 
379 332 10 16 0.8999698 
135 547 12 19 0.89844954 
810 411 12 18 0.8973955 
437 289 10 14 0.89627874 
559 310 10 12 0.8961532 
261 419 10 17 0.8961314 
916 270 13 21 0.89543587 
743 269 8 13 0.8939679 
779 436 11 16 0.8918918 
447 311 11 15 0.8918521 
161 482 15 23 0.89073056 
873 309 11 15 0.884278 
450 276 9 14 0.8839403 
273 326 9 15 0.88364387 
799 304 10 15 0.88357455 
463 302 11 17 0.88194543 
417 509 14 19 0.8808867 
869 215 10 16 0.88040924 
945 294 9 15 0.8802838 
463 396 10 16 0.87945706 
421 483 14 18 0.8776094 
408 308 8 13 0.87708926 
825 373 11 17 0.8682764 
534 513 13 18 0.8652816 
900 415 11 16 0.864783 
766 575 15 21 0.8607364 
583 368 13 16 0.8586888 
755 510 15 21 0.8539536 
144 475 11 20 0.85272723 
189 368 10 14 0.84415984 
480 489 14 19 0.84301704 
881 436 11 19 0.84034276 
691 151 8 13 0.8401024 
712 370 12 18 0.83990175 
698 421 12 18 0.8398145 
861 264 9 14 0.8380614 
947 324 10 16 0.83743715 
769 412 10 17 0.8338388 
928 234 9 14 0.83376616 
591 292 9 15 0.8326821 
537 340 10 16 0.8295451 
293 312 9 14 0.8246704 
314 355 10 16 0.82330203 
142 187 7 12 0.8215413 
798 328 9 14 0.81947505 
419 317 8 14 0.81537014 
556 383 13 16 0.8145089 
205 333 8 13 0.81337667 
217 319 9 15 0.8126677 
235 414 11 17 0.80992806 
154 453 9 15 0.8092209 
740 342 9 15 0.8087503 
608 490 11 17 0.8045098 
412 398 11 18 0.80365705 
811 105 9 17 0.8010488 
789 353 9 15 0.79886013 
479 294 11 16 0.79848814 
334 349 10 15 0.79771715 
519 467 13 19 0.79700935 
894 264 10 14 0.7925088 
436 426 11 17 0.79145217 
522 288 9 15 0.7910395 
674 328 10 15 0.7887262 
499 278 10 15 0.78788066 
63 292 10 13 0.7876552 
523 398 10 16 0.7870733 
128 238 9 15 0.7851302 
361 297 11 16 0.7843444 
691 392 14 24 0.7826046 
349 307 8 14 0.78097844 
479 206 8 13 0.77968377 
432 320 10 16 0.7794343 
473 346 11 15 0.77683717 
384 291 9 16 0.7764087 
636 398 12 20 0.77395487 
740 451 15 21 0.77373034 
340 294 9 14 0.77200484 
792 190 9 12 0.7711855 
722 284 10 15 0.76922876 
702 482 15 20 0.76891637 
902 334 10 16 0.76751864 
629 285 10 15 0.76666516 
358 464 13 19 0.76188344 
233 332 10 15 0.76073414 
652 317 12 15 0.7590599 
756 269 9 13 0.7587965 
77 325 10 18 0.75698054 
214 468 12 16 0.75662297 
457 358 10 17 0.75621367 
883 272 9 14 0.753751 
550 226 8 12 0.7528288 
869 456 10 17 0.7478296 
743 111 6 12 0.74702126 
466 233 7 11 0.74634916 
747 193 7 12 0.7453955 
939 269 9 14 0.7453452 
328 333 9 14 0.74389666 
624 353 11 17 0.7400629 
363 530 16 21 0.73816895 
659 490 10 17 0.7368286 
415 268 9 15 0.7367678 
860 350 10 17 0.7352475 
821 402 12 17 0.73234475 
242 156 7 12 0.7293218 
304 318 9 13 0.7234668 
689 124 6 11 0.72095126 
793 455 14 20 0.71999115 
312 437 10 16 0.7190158 
932 335 13 16 0.71505785 
956 232 8 13 0.71388775 
722 459 12 19 0.71059614 
929 291 11 16 0.7098922 
183 289 8 14 0.70630705 
321 274 8 13 0.70443225 
419 538 13 19 0.7040828 
760 155 6 13 0.7028053 
533 280 8 13 0.7007026 
613 403 13 15 0.69761646 
234 395 11 18 0.6957981 
791 384 11 16 0.6950018 
535 383 13 17 0.6930596 
785 266 8 13 0.6915157 
512 148 7 11 0.69145525 
510 186 6 12 0.6857419 
353 520 13 20 0.68403214 
607 269 9 13 0.67809165 
638 159 7 13 0.67772603 
835 170 8 14 0.67501515 
9 259 10 16 0.673336 
386 236 9 14 0.67188793 
639 187 8 14 0.6718118 
498 314 13 16 0.67052644 
691 339 11 16 0.6679326 
445 390 9 12 0.6638311 
403 184 8 15 0.66195697 
404 282 10 14 0.6592324 
258 383 10 14 0.6589664 
234 432 11 16 0.65851045 
556 290 9 12 0.6566386 
842 208 7 14 0.65397406 
486 511 14 20 0.6538766 
765 379 14 16 0.65225506 
682 408 12 21 0.65070605 
896 159 10 18 0.6503526 
619 256 8 12 0.6485612 
779 365 9 14 0.63753253 
89 273 9 13 0.62962526 
410 248 9 12 0.62765443 
10 333 7 13 0.62581617 
688 283 7 12 0.6256228 
156 334 9 13 0.62362605 
812 177 7 13 0.62258977 
710 232 7 12 0.62140197 
453 216 9 14 0.61975664 
970 245 8 13 0.6166271 
770 161 7 13 0.61300355 
473 102 7 12 0.60916835 
953 270 8 13 0.60822815 
556 274 10 12 0.6059767 
751 326 9 14 0.60451376 
383 405 10 17 0.6032336 
224 308 8 12 0.5987528 
728 254 7 13 0.5962124 
393 423 10 18 0.595705 
729 326 10 14 0.59499 
665 173 7 12 0.59010375 
297 380 10 15 0.5876641 
161 233 8 13 0.58282053 
835 251 8 11 0.58138555 
598 271 8 12 0.57860357 
319 418 9 13 0.5746865 
473 149 7 11 0.5735386 
359 359 9 13 0.57079345 
428 270 9 13 0.5674794 
374 286 8 15 0.5672286 
790 315 8 13 0.56720054 
579 314 9 13 0.5639282 
681 474 12 20 0.5631818 
286 268 8 11 0.56128615 
560 484 12 17 0.5588566 
997 406 9 18 0.5588374 
385 394 12 16 0.55444527 
229 279 8 13 0.5537647 
423 160 7 13 0.54704505 
234 522 11 17 0.5458368 
947 367 10 17 0.542095 
369 265 8 12 0.5409899 
617 527 14 20 0.5346425 
312 335 9 14 0.53397125 
306 141 7 12 0.53248477 
566 263 7 12 0.5274355 
619 233 7 13 0.5271257 
820 219 8 15 0.5257758 
459 256 8 13 0.51754886 
390 120 8 14 0.51687646 
442 197 8 14 0.5158575 
670 274 9 11 0.51034933 
620 117 6 11 0.5095281 
578 230 7 13 0.50925905 
75 268 7 12 0.5088277 
44 126 6 12 0.5076911 
762 212 8 13 0.50520563 
251 265 7 12 0.50267804 
729 223 8 13 0.49801812 
693 245 8 11 0.49468777 
574 312 9 14 0.49362805 
659 219 8 13 0.4884232 
577 146 7 13 0.4868211 
304 300 7 12 0.48506036 
722 218 8 11 0.48312035 
414 80 7 11 0.4829726 
764 301 11 18 0.4818053 
671 469 16 23 0.4813872 
183 166 8 11 0.47692347 
525 262 10 14 0.47201157 
765 498 14 19 0.47091988 
441 159 9 13 0.4706028 
618 301 9 12 0.4697052 
742 315 8 13 0.46794212 
634 252 8 12 0.4676506 
506 301 9 13 0.46614596 
608 314 10 12 0.4631606 
487 149 7 10 0.46269983 
54 246 9 15 0.46252626 
255 283 7 11 0.46248108 
948 88 8 14 0.46186104 
460 72 7 11 0.45719638 
182 324 10 17 0.4458937 
921 180 9 14 0.43516994 
582 175 7 11 0.43277425 
1007 296 10 16 0.42813352 
441 403 10 16 0.42404395 
772 136 7 11 0.41848686 
638 286 10 11 0.41750062 
687 258 8 11 0.41725525 
868 180 7 12 0.41459262 
599 407 10 15 0.41316816 
396 140 7 12 0.4124362 
227 160 8 13 0.40772837 
378 255 9 14 0.40715387 
948 246 8 12 0.40646333 
979 75 6 12 0.40512258 
158 261 8 14 0.40377232 
928 426 9 18 0.40200496 
31 227 7 11 0.39973515 
501 376 10 17 0.39862096 
663 253 10 14 0.39536646 
38 182 6 9 0.394688 
184 80 7 11 0.39437327 
207 467 13 20 0.3939667 
858 238 7 12 0.39327914 
967 320 9 16 0.39281118 
568 313 9 12 0.39210477 
940 144 7 12 0.3917048 
90 216 8 12 0.3904423 
361 318 9 15 0.39020813 
376 224 7 12 0.3891931 
152 325 10 13 0.3881826 
1003 275 8 13 0.38674355 
652 126 7 12 0.38673198 
157 186 8 11 0.38523796 
594 166 8 13 0.38506052 
114 169 8 11 0.3839664 
700 360 11 18 0.38123322 
972 107 9 15 0.38104606 
438 142 7 10 0.37090343 
1011 458 17 29 0.36981213 
714 331 9 15 0.3680489 
678 145 7 12 0.36480394 
601 420 12 17 0.36382398 
660 130 7 11 0.36268243 
548 350 9 13 0.36231488 
795 175 7 12 0.36109373 
376 230 9 15 0.35939577 
722 102 6 10 0.3576347 
285 327 7 13 0.35695228 
682 90 7 12 0.35404924 
617 262 8 13 0.35340714 
1002 409 9 16 0.35284418 
676 181 8 13 0.35278943 
253 364 9 16 0.35212368 
345 380 9 14 0.35170516 
570 84 8 12 0.35018602 
614 114 6 12 0.34990802 
392 198 10 15 0.3469797 
467 290 8 12 0.34604257 
877 122 8 14 0.3449778 
505 264 8 14 0.34307447 
210 135 6 10 0.3399099 
273 148 5 10 0.33710694 
587 270 6 11 0.3369538 
651 295 8 13 0.3358506 
694 223 8 12 0.33397767 
149 161 6 10 0.33077362 
799 577 8 18 0.33027774 
243 79 6 8 0.3271347 
394 279 8 13 0.32634595 
48 326 9 15 0.325447 
44 451 12 21 0.32317004 
869 73 5 9 0.3229502 
589 55 4 8 0.32290652 
641 131 7 12 0.3226361 
652 112 7 11 0.32164723 
991 409 10 15 0.3211705 
288 166 6 12 0.3208036 
346 329 9 15 0.32069433 
351 184 9 12 0.32034412 
118 300 9 16 0.3197013 
957 465 14 16 0.31892473 
852 217 6 12 0.31754252 
569 406 10 15 0.31725943 
402 161 8 13 0.3134876 
444 202 10 15 0.31326002 
584 155 7 12 0.31102544 
907 225 7 13 0.308984 
837 150 7 12 0.3079349 
669 255 8 12 0.3077742 
314 289 8 13 0.30755678 
1016 546 10 17 0.30570948 
807 155 7 12 0.3050331 
51 185 8 12 0.30435583 
102 60 5 7 0.30418274 
231 389 10 17 0.30363008 
677 369 9 16 0.30314934 
154 71 6 10 0.30255288 
979 227 6 11 0.30080202 
855 114 9 13 0.3005872 
247 57 6 11 0.29915524 
606 439 8 15 0.29366156 
491 238 10 13 0.29176703 
69 231 9 16 0.2897948 
177 270 6 11 0.28948477 
220 187 8 13 0.28805578 
451 172 8 11 0.28801382 
657 149 7 11 0.2856847 
490 407 9 16 0.28086135 
706 283 7 12 0.28074434 
806 276 7 11 0.27974808 
657 251 11 14 0.27947378 
269 96 6 11 0.27908874 
773 112 6 10 0.27847582 
248 84 5 9 0.27825835 
615 283 8 12 0.27705023 
116 464 11 15 0.27582097 
543 187 5 10 0.27571455 
946 424 9 17 0.2741832 
276 178 6 10 0.27316174 
550 149 7 12 0.27186966 
393 312 8 15 0.27072108 
439 78 6 9 0.26825693 
222 478 11 22 0.26624674 
478 229 10 14 0.26160818 
280 326 9 13 0.2592048 
524 148 6 10 0.25834742 
562 153 6 12 0.25827876 
91 180 7 10 0.25822532 
308 91 7 10 0.2544907 
379 79 5 9 0.25440678 
172 216 7 12 0.25275412 
746 109 6 12 0.2526035 
713 90 5 10 0.2525035 
615 148 7 11 0.25194576 
359 275 8 14 0.25136396 
175 426 10 20 0.25077423 
916 71 5 10 0.24967292 
1 205 6 11 0.2479744 
31 270 7 12 0.24780057 
965 72 6 12 0.24705385 
262 148 6 8 0.24700433 
650 277 7 10 0.24592665 
876 85 5 8 0.2444507 
535 262 8 13 0.24409288 
687 77 5 9 0.24254799 
719 261 8 13 0.2413054 
914 296 10 17 0.24039426 
830 218 6 10 0.23987171 
870 207 10 14 0.23865652 
864 110 7 12 0.23571695 
409 128 5 9 0.23556274 
654 78 6 10 0.23002489 
496 242 9 12 0.22651745 
112 192 8 14 0.22548932 
711 103 5 11 0.22393598 
36 115 6 11 0.22385162 
517 149 5 10 0.22362392 
618 269 8 12 0.22309345 
766 310 9 17 0.22248824 
688 134 7 12 0.22225451 
833 153 6 14 0.22054756 
662 135 7 10 0.22044255 
382 417 11 19 0.21899998 
551 140 7 12 0.21790946 
679 220 7 12 0.21599428 
644 391 11 17 0.21579842 
785 401 11 15 0.21571302 
973 176 9 14 0.21570404 
832 89 5 10 0.21566 
450 79 6 8 0.2156344 
732 455 14 22 0.21504216 
400 410 9 17 0.21490541 
200 80 7 11 0.2147901 
542 478 12 17 0.21413171 
789 295 9 14 0.21366724 
947 59 7 12 0.21192881 
518 132 5 8 0.21183147 
480 397 10 13 0.21152736 
932 633 18 26 0.21060832 
601 493 10 16 0.2092881 
185 275 7 11 0.2059329 
537 195 6 9 0.20571525 
681 371 9 17 0.20516884 
537 303 7 12 0.20366967 
894 78 6 10 0.20352013 
110 153 7 10 0.20318495 
275 83 5 9 0.20178615 
573 133 7 13 0.20175458 
344 226 8 11 0.20118502 
754 252 6 11 0.20065805 
500 143 6 10 0.19789311 
239 116 6 10 0.19691323 
915 86 6 10 0.19633582 
344 79 6 9 0.19353637 
852 389 9 15 0.19285128 
727 204 7 10 0.19270094 
636 379 9 14 0.19110528 
654 161 8 12 0.19060579 
534 416 9 14 0.18972595 
313 253 4 7 0.1881106 
1008 411 11 16 0.18770991 
607 134 5 10 0.1876882 
131 232 7 13 0.18734908 
938 252 8 12 0.18707138 
702 168 6 12 0.18702666 
618 276 8 12 0.18563549 
887 87 7 14 0.18479554 
520 430 10 13 0.18467045 
388 103 6 10 0.18453358 
1010 119 5 9 0.18435362 
171 228 8 14 0.18389471 
295 78 6 7 0.1836899 
633 71 6 11 0.18240257 
722 257 7 11 0.18186098 
188 272 6 9 0.18166141 
134 23 8 12 0.1807959 
473 84 6 9 0.18029678 
780 178 8 11 0.1799618 
501 160 6 10 0.17976977 
382 273 8 13 0.17975494 
344 264 8 11 0.17897616 
120 118 5 8 0.17886525 
347 96 6 11 0.17836228 
586 130 5 10 0.17620327 
112 178 9 14 0.17585614 
927 79 6 11 0.17564118 
545 150 5 9 0.17535043 
888 159 7 13 0.17520238 
269 83 5 9 0.1750858 
887 109 6 10 0.17270388 
734 322 9 13 0.17224179 
389 76 6 10 0.17158249 
259 175 7 12 0.17085399 
436 74 6 8 0.17042623 
569 160 5 9 0.17038785 
648 236 7 13 0.16956937 
348 289 8 14 0.16896108 
542 193 6 9 0.16875157 
384 77 5 10 0.16850102 
767 247 8 10 0.1684658 
646 204 8 12 0.16842173 
300 426 8 16 0.16834943 
717 103 6 10 0.16617356 
914 7 6 8 0.16591375 
607 60 6 9 0.1648165 
914 388 11 15 0.16466074 
281 387 8 14 0.16455019 
467 31 7 12 0.16440915 
790 116 8 13 0.16413818 
557 153 7 11 0.16367406 
951 47 6 10 0.16362196 
531 320 10 14 0.16342895 
223 199 9 13 0.16322476 
576 356 10 13 0.16264682 
680 136 6 9 0.16250636 
18 423 10 16 0.16243185 
115 266 10 15 0.16186729 
93 334 8 12 0.1618563 
781 187 7 11 0.1614495 
663 225 7 12 0.16086066 
640 265 8 11 0.16032283 
677 272 8 11 0.15988588 
442 103 7 9 0.15919717 
346 172 6 10 0.15885875 
803 210 7 12 0.1587388 
325 423 8 14 0.15856376 
298 314 9 13 0.1578472 
801 277 6 10 0.15776008 
300 80 5 7 0.15743288 
971 361 11 17 0.15669504 
305 176 4 7 0.15636499 
692 101 6 10 0.15481588 
589 104 5 9 0.15466996 
377 273 8 13 0.15373757 
632 145 8 13 0.15329741 
945 269 8 13 0.15242346 
118 250 8 12 0.15203936 
733 129 8 12 0.15172389 
710 226 7 12 0.15140744 
564 69 7 11 0.15078588 
312 282 8 12 0.15045108 
612 123 6 11 0.14959952 
542 60 4 8 0.14866737 
308 254 5 6 0.14831115 
145 461 10 18 0.14786682 
956 168 11 13 0.1478371 
163 321 11 13 0.14778887 
295 283 5 10 0.14749023 
938 95 11 20 0.14729397 
161 212 8 12 0.14531457 
203 377 11 16 0.14520724 
896 237 7 11 0.14460358 
853 239 6 11 0.14456278 
797 192 7 11 0.14310908 
696 407 18 26 0.14296256 
750 244 7 12 0.14276744 
894 420 15 23 0.1412717 
491 273 9 14 0.14126217 
474 317 10 15 0.13966689 
0 192 6 14 0.13918777 
172 383 8 15 0.13918431 
556 40 4 8 0.13913964 
530 131 6 10 0.13836259 
79 483 12 26 0.13834733 
524 155 7 11 0.13811302 
603 54 5 7 0.1378746 
633 407 10 18 0.1377463 
57 180 7 11 0.13768907 
907 47 6 10 0.13763085 
380 166 10 15 0.13760078 
935 271 9 15 0.13700071 
548 409 10 15 0.13679005 
827 408 9 14 0.1366295 
242 297 6 10 0.13628128 
374 377 11 17 0.13611582 
809 294 7 13 0.13573469 
852 111 7 12 0.13544388 
772 245 7 11 0.13429873 
406 189 10 17 0.1330873 
237 77 5 9 0.1321534 
514 131 5 8 0.132054 
722 315 9 13 0.13156301 
606 382 11 16 0.13150488 
339 211 7 10 0.13148464 
492 318 10 13 0.13142736 
228 449 9 14 0.13132083 
1010 195 5 9 0.13098465 
903 184 10 20 0.13069879 
617 346 11 17 0.1304029 
548 313 8 13 0.1300248 
884 3 5 7 0.12988478 
287 99 5 8 0.129674 
134 180 5 10 0.12957199 
685 134 6 12 0.12925409 
955 332 10 14 0.12878771 
786 95 5 10 0.1287364 
736 670 17 22 0.12814158 
882 235 8 14 0.12706126 
250 302 8 12 0.1266501 
190 276 7 10 0.1265163 
536 324 9 14 0.12627843 
766 27 6 12 0.12616406 
303 176 4 7 0.12580912 
338 386 10 13 0.12541401 
636 311 9 14 0.12527576 
566 179 8 14 0.12496669 
219 375 8 14 0.12476099 
942 80 6 10 0.12432301 
645 284 8 12 0.12399833 
232 78 5 9 0.12351919 
899 267 9 15 0.12348203 
121 62 4 8 0.123329766 
377 322 11 17 0.12307304 
831 111 5 10 0.12284714 
680 131 5 9 0.12249215 
980 42 5 8 0.122297205 
196 308 9 15 0.12214383 
319 71 5 9 0.12197641 
525 91 6 8 0.121570006 
164 159 7 13 0.12145284 
62 180 6 9 0.1213247 
264 80 5 8 0.12086413 
533 286 9 14 0.120757595 
235 88 5 11 0.12053429 
227 204 8 11 0.12041265 
632 114 6 11 0.120299295 
60 177 6 8 0.11984558 
196 137 5 9 0.119835734 
780 132 5 9 0.119740695 
212 302 7 11 0.11970658 
835 261 8 13 0.119572535 
833 528 8 17 0.11937527 
715 270 8 12 0.11913491 
238 113 5 8 0.11875076 
526 131 5 8 0.1182016 
900 140 7 12 0.11810953 
625 384 9 15 0.11796141 
966 145 9 12 0.11738346 
660 89 7 13 0.117323264 
549 270 9 12 0.11728289 
675 296 10 13 0.117187366 
76 573 8 14 0.11708914 
164 334 8 12 0.11695428 
269 276 7 9 0.116702855 
985 409 9 16 0.11664656 
699 262 7 11 0.116254576 
165 357 9 15 0.116218664 
500 148 7 10 0.11616431 
785 427 11 17 0.116033375 
580 287 8 13 0.11541456 
529 61 4 7 0.115369156 
618 404 14 22 0.11507517 
419 273 9 13 0.11496786 
761 250 7 10 0.114799805 
421 44 4 7 0.11476656 
139 332 11 15 0.114714496 
289 276 6 10 0.11457177 
231 524 8 15 0.11422675 
632 386 11 17 0.114223465 
497 226 7 10 0.11390906 
527 86 6 9 0.11369919 
870 156 8 16 0.113413475 
577 47 5 9 0.113289475 
809 159 7 13 0.112473875 
314 194 8 11 0.11242216 
330 154 9 13 0.1123201 
257 278 7 10 0.11177765 
412 82 6 11 0.11156807 
523 313 8 12 0.11070523 
158 295 9 13 0.11061152 
948 201 8 12 0.11039341 
775 71 5 9 0.11016887 
934 43 4 8 0.11014815 
350 205 6 9 0.110146 
333 172 7 11 0.1099183 
6 337 7 12 0.10967191 
543 294 8 12 0.10907955 
371 80 5 8 0.10872996 
129 156 5 8 0.10870497 
560 239 7 11 0.10864342 
184 253 9 14 0.108110785 
506 66 6 9 0.10781647 
922 80 5 9 0.10744359 
615 85 6 11 0.10744205 
512 321 7 11 0.107270874 
550 307 8 13 0.10720441 
877 270 9 13 0.10701175 
38 224 6 10 0.10698751 
656 295 8 11 0.106545724 
803 330 8 14 0.106380045 
589 266 6 10 0.106379 
196 163 6 9 0.106187314 
582 65 7 13 0.106061935 
316 459 9 17 0.10605379 
270 180 6 9 0.10603398 
262 85 5 9 0.10589252 
524 29 6 9 0.10555631 
644 269 8 11 0.10543817 
804 419 10 16 0.105310455 
315 81 4 7 0.10519563 
364 269 8 12 0.105119064 
405 128 6 10 0.104961336 
422 455 10 19 0.10488113 
525 271 10 16 0.1036421 
544 409 8 14 0.10361963 
1010 264 8 11 0.10353656 
480 126 5 7 0.103455156 
172 104 7 11 0.10336647 
0 338 6 11 0.10326908 
413 256 10 14 0.10292807 
531 21 5 8 0.10263831 
603 48 5 8 0.10261963 
123 79 5 9 0.10259747 
363 436 11 17 0.10252916 
555 73 5 9 0.10238575 
837 532 10 18 0.102274366 
650 283 7 12 0.10227021 
890 3 5 7 0.10223194 
689 306 9 13 0.10213597 
183 314 8 14 0.10180051 
806 135 6 12 0.1017971 
819 238 6 11 0.101793565 
235 130 7 9 0.10162387 
212 78 5 9 0.10137826 
683 182 7 12 0.10128838 
898 148 9 15 0.101027265 
889 130 6 11 0.10095018 
568 268 7 11 0.10022359 
647 298 9 13 0.100171596 
709 327 8 14 0.10013432 
87 232 8 11 0.09994969 
627 131 7 10 0.09947238 
309 592 14 18 0.099314325 
485 164 7 15 0.09839258 
508 72 6 9 0.09813358 
955 4 4 6 0.09787176 
390 277 8 13 0.09766512 
460 40 5 8 0.097563274 
710 98 5 11 0.097279534 
480 130 5 8 0.09724929 
792 111 6 11 0.09666057 
141 139 5 7 0.09640958 
507 84 7 9 0.09640896 
771 388 12 14 0.09616648 
706 231 6 11 0.09611862 
59 117 6 10 0.096117295 
323 246 5 9 0.09585734 
87 396 9 14 0.09578915 
461 85 5 9 0.09559628 
481 74 5 7 0.09558067 
349 441 8 15 0.09551622 
463 237 7 11 0.094954066 
584 82 6 11 0.09486977 
299 459 16 26 0.094543435 
656 115 7 10 0.09425463 
459 149 6 10 0.09417763 
50 233 5 9 0.09414865 
638 147 6 11 0.09392674 
307 279 5 10 0.093822956 
632 136 6 10 0.093736835 
931 434 16 22 0.0936487 
86 193 7 13 0.09350864 
871 146 7 15 0.09319714 
519 26 7 10 0.09308075 
1005 122 5 8 0.092927694 
288 282 6 11 0.092835136 
956 147 9 11 0.09256418 
684 167 8 13 0.092316486 
415 612 9 17 0.092158094 
333 281 6 12 0.092082106 
140 142 4 8 0.091958866 
288 232 4 7 0.091940016 
722 175 7 13 0.09173168 
868 268 8 13 0.091519736 
147 397 8 14 0.09151102 
131 427 13 22 0.09148229 
530 108 8 13 0.091139376 
633 319 9 12 0.090538524 
801 129 6 13 0.09030692 
531 29 5 8 0.09025852 
116 409 8 16 0.08977808 
593 58 6 9 0.089703366 
951 103 7 13 0.08936115 
537 188 6 9 0.0893153 
792 304 13 19 0.08929756 
735 4 5 8 0.089207515 
790 269 6 12 0.08919686 
224 283 7 10 0.089194216 
307 86 7 9 0.08916961 
942 31 6 12 0.08905878 
501 60 5 8 0.08869202 
319 180 5 10 0.08862741 
530 156 5 9 0.08834445 
601 104 5 9 0.08824251 
151 398 9 14 0.08822072 
689 167 7 13 0.08819779 
962 38 5 11 0.08811525 
525 595 8 13 0.08783142 
891 438 10 18 0.08782277 
660 174 8 13 0.087384775 
922 134 9 15 0.087315306 
488 136 5 8 0.087310694 
281 195 7 11 0.086981334 
344 274 9 13 0.08698033 
822 434 11 16 0.08694027 
504 242 8 12 0.08685615 
47 231 6 10 0.08672863 
853 99 4 8 0.08665499 
446 99 7 10 0.08662584 
106 276 7 14 0.08635568 
326 153 8 12 0.08623018 
914 409 8 15 0.08595614 
605 401 14 19 0.08587283 
279 179 6 9 0.085761905 
962 78 6 11 0.085578196 
584 134 6 11 0.08551093 
278 207 7 11 0.08549534 
102 64 6 10 0.08537123 
921 83 5 9 0.08521825 
575 271 7 11 0.084947616 
332 79 5 8 0.08477479 
145 320 11 13 0.08475275 
353 414 8 14 0.08471998 
559 58 6 9 0.084536634 
774 131 8 13 0.08439189 
148 116 7 11 0.0841698 
372 73 4 7 0.08413637 
816 407 11 17 0.08410091 
934 2 4 7 0.08404727 
341 264 6 10 0.08392618 
449 75 5 7 0.083839424 
546 227 6 11 0.08359003 
72 604 7 18 0.08345657 
288 256 5 9 0.08336674 
875 461 11 18 0.083075434 
179 346 9 16 0.082915485 
955 7 5 9 0.08264379 
709 302 8 12 0.08263747 
488 132 4 7 0.082576424 
296 288 6 11 0.0824805 
152 83 6 11 0.082452014 
320 177 4 7 0.08220069 
1012 648 16 30 0.08205457 
25 304 11 17 0.081848934 
534 313 9 14 0.081809774 
416 285 9 14 0.08179273 
268 201 7 11 0.08178241 
97 119 6 8 0.081689216 
125 267 8 14 0.08145601 
646 319 10 13 0.08137554 
524 73 5 8 0.08137401 
1020 111 6 10 0.081108555 
301 282 5 10 0.08096539 
591 143 5 10 0.08089898 
612 427 11 18 0.08088707 
85 292 11 18 0.08078382 
587 135 6 10 0.080441795 
44 225 6 10 0.08033849 
793 325 9 14 0.08025896 
867 353 10 18 0.080247365 
792 81 4 7 0.080118775 
173 274 7 11 0.080036856 
360 162 5 8 0.08000319 
277 263 5 9 0.07989618 
332 402 8 15 0.0797803 
34 184 6 7 0.07976374 
630 352 8 15 0.0796962 
439 147 8 12 0.079418205 
255 72 5 8 0.07929849 
553 229 9 12 0.07904945 
512 519 6 12 0.079041675 
193 140 6 10 0.07898508 
612 271 7 11 0.07883642 
320 98 6 9 0.07867151 
423 65 6 10 0.078595094 
827 269 7 12 0.07838788 
928 116 6 10 0.07834355 
282 255 5 6 0.0782312 
584 178 8 14 0.07799936 
237 124 7 9 0.077998154 
876 81 4 8 0.077511124 
338 173 6 9 0.07748121 
231 420 11 14 0.077361144 
217 309 7 12 0.07718733 
567 384 9 14 0.07707286 
923 3 5 7 0.07705093 
250 289 6 8 0.07690398 
687 130 6 10 0.07682633 
967 4 4 7 0.07652865 
287 288 6 12 0.0763619 
201 191 7 12 0.076233305 
375 418 14 23 0.07618531 
41 292 9 19 0.076158285 
503 155 7 11 0.07586676 
106 502 15 27 0.0756128 
480 79 5 8 0.07522612 
314 329 8 13 0.07505919 
861 509 14 18 0.0749171 
815 590 10 12 0.074819155 
144 59 7 12 0.07455978 
89 237 8 11 0.0743681 
663 96 7 11 0.074350044 
939 406 6 11 0.074319296 
605 55 5 8 0.07431297 
428 74 5 7 0.074218914 
888 72 7 12 0.0740155 
896 4 6 7 0.07395743 
446 427 9 16 0.07389736 
210 167 6 10 0.07381013 
160 208 7 10 0.073722966 
147 456 9 14 0.07362735 
963 52 6 10 0.073529206 
303 278 5 10 0.073478065 
694 1 7 10 0.07334615 
654 88 6 13 0.07318581 
746 319 10 13 0.073162176 
178 320 9 17 0.072440796 
673 414 9 14 0.07230186 
334 271 6 10 0.07229591 
659 85 6 10 0.07227325 
621 91 4 8 0.07217323 
300 409 9 15 0.07216496 
317 197 7 11 0.07212643 
475 132 5 7 0.0721189 
937 425 14 21 0.072099596 
585 53 4 8 0.07199278 
481 137 5 7 0.071795985 
647 63 6 10 0.071752004 
437 338 11 17 0.07162732 
499 66 6 9 0.071581595 
58 59 6 6 0.07140353 
386 90 6 11 0.07132812 
504 62 5 7 0.07126225 
653 254 9 12 0.07113812 
951 51 7 11 0.07110172 
871 78 4 8 0.070921704 
844 269 8 12 0.07088096 
307 257 5 7 0.07060013 
228 528 8 16 0.07053161 
368 80 5 8 0.07029112 
802 124 5 10 0.07023625 
314 306 7 12 0.07011807 
336 200 8 10 0.07001988 
497 72 6 9 0.07000219 
698 275 7 11 0.0697451 
556 488 10 15 0.06966109 
885 73 6 9 0.06944172 
1010 86 5 9 0.06937022 
317 181 4 8 0.06931616 
481 87 5 7 0.06924742 
812 239 6 11 0.06923548 
346 401 8 15 0.06911572 
862 466 9 16 0.06909023 
394 401 10 16 0.06908716 
799 281 7 11 0.06899871 
514 136 5 9 0.06897253 
871 19 7 10 0.06887768 
262 200 6 11 0.0688106 
312 85 6 9 0.06857728 
652 245 9 13 0.06854728 
709 79 4 8 0.06854155 
238 270 6 10 0.06852532 
780 9 6 10 0.06833476 
888 426 15 22 0.06823913 
294 92 5 8 0.06822234 
649 112 6 9 0.06818166 
257 85 5 8 0.06804994 
346 206 7 11 0.068017036 
468 86 4 8 0.067995824 
50 237 7 12 0.067980945 
920 73 5 9 0.06795417 
926 58 5 8 0.06785681 
603 58 7 10 0.067793086 
324 545 10 15 0.067620516 
282 105 5 8 0.067600675 
314 258 4 7 0.067465484 
136 187 5 9 0.06735858 
605 130 5 10 0.06724102 
908 163 8 15 0.06700479 
974 78 5 10 0.066938855 
399 637 19 39 0.066929035 
863 242 7 13 0.06691686 
759 257 8 11 0.0668573 
460 47 6 10 0.06678798 
491 95 8 11 0.06665839 
846 130 6 10 0.06665753 
490 154 7 11 0.06644736 
902 272 9 15 0.06644529 
607 302 8 11 0.066358864 
626 493 12 16 0.06632642 
56 79 7 8 0.06630998 
854 517 10 15 0.06622316 
941 20 5 9 0.06615666 
241 121 6 10 0.06590109 
377 74 5 9 0.065863475 
1020 116 5 11 0.065829165 
779 492 10 16 0.065807015 
414 224 8 15 0.06572825 
562 59 5 9 0.06542518 
1005 48 7 14 0.0652009 
320 80 5 8 0.0651716 
121 122 5 7 0.064999685 
204 236 7 11 0.064969115 
100 77 7 11 0.06490285 
727 104 5 9 0.06489422 
650 201 8 12 0.06485942 
788 188 7 11 0.06481883 
165 634 9 12 0.06471748 
800 237 6 11 0.06468184 
189 289 7 12 0.06460419 
929 3 4 6 0.064502895 
791 290 9 12 0.06449358 
934 69 6 12 0.06447787 
560 338 10 15 0.064475566 
831 105 5 10 0.06444193 
775 28 6 10 0.06442292 
883 10 5 6 0.064403236 
72 265 7 11 0.064190894 
14 424 8 13 0.06415266 
974 4 3 6 0.06403559 
484 402 9 16 0.06381027 
734 219 8 13 0.0637367 
487 273 8 13 0.063704126 
243 306 7 13 0.06368986 
691 91 6 9 0.06368245 
327 81 5 7 0.063574664 
275 194 7 11 0.06354684 
134 95 5 9 0.063490614 
223 425 9 15 0.063256316 
461 36 6 9 0.06318309 
830 237 6 10 0.06318066 
341 84 5 9 0.06306063 
481 225 9 12 0.06306056 
923 16 6 9 0.063008495 
589 109 6 11 0.06298824 
919 114 8 11 0.06289318 
860 232 7 12 0.06284488 
295 407 8 16 0.062824264 
427 27 7 11 0.0627648 
668 169 7 11 0.06275535 
626 124 5 10 0.06267291 
957 604 13 14 0.06261598 
644 173 7 13 0.06251914 
480 67 5 7 0.062469173 
911 3 5 9 0.06246329 
290 75 5 7 0.062458858 
506 181 8 13 0.06238227 
610 115 6 11 0.062093575 
872 85 4 8 0.06192411 
534 188 6 9 0.061826434 
748 451 15 23 0.06182072 
378 131 6 10 0.061772615 
927 72 5 10 0.061647203 
100 45 6 9 0.06158636 
108 270 6 12 0.06153877 
842 224 8 14 0.06148203 
500 138 5 8 0.06124719 
203 205 6 11 0.06099738 
26 263 8 12 0.06098493 
585 160 7 11 0.060665417 
727 115 6 12 0.06060905 
785 175 6 12 0.060604855 
104 658 12 15 0.060585506 
292 253 5 8 0.060567606 
1001 150 5 10 0.06056736 
796 421 10 15 0.06055917 
262 91 5 10 0.06049881 
848 135 7 13 0.060431316 
388 99 6 9 0.060397632 
838 113 6 10 0.06030367 
344 75 5 8 0.060199965 
492 82 6 7 0.060152717 
447 111 5 9 0.060141258 
257 92 6 9 0.059902176 
341 232 6 9 0.05981754 
180 282 7 12 0.059618834 
789 371 11 16 0.05957474 
878 3 5 7 0.05954133 
1019 86 6 12 0.05939566 
276 259 5 8 0.059158187 
581 49 5 8 0.05914561 
682 87 5 9 0.05910595 
178 314 8 13 0.058962557 
535 481 14 23 0.05885508 
643 476 10 17 0.058766536 
120 181 6 10 0.058759198 
4 415 7 17 0.058727127 
978 252 6 10 0.058725007 
133 72 7 13 0.05867338 
853 4 4 7 0.058490317 
708 165 7 13 0.058432866 
368 293 9 16 0.058402378 
399 111 5 9 0.05809988 
673 135 5 9 0.058014765 
561 55 5 7 0.05798762 
737 8 4 8 0.057968594 
947 101 8 15 0.057851996 
575 365 10 14 0.057654977 
121 216 7 14 0.057632238 
560 270 8 12 0.05763023 
479 7 6 9 0.05747558 
306 181 5 7 0.057287507 
349 265 6 10 0.05716176 
1001 365 10 16 0.057150837 
634 156 8 14 0.057144772 
428 79 5 8 0.057102274 
950 265 9 14 0.057087824 
257 198 5 10 0.057056293 
628 141 8 14 0.057050228 
612 339 9 16 0.05702169 
831 263 7 11 0.056993116 
350 173 7 11 0.0568936 
713 231 8 12 0.056890734 
1010 414 19 27 0.05677408 
291 144 6 10 0.056668732 
330 432 10 17 0.056621116 
393 413 13 21 0.056583732 
285 100 3 8 0.056516994 
301 189 5 9 0.056505956 
545 96 7 11 0.056485586 
371 236 7 12 0.05622621 
556 208 4 8 0.056124408 
833 115 5 9 0.05605072 
440 84 7 11 0.055961672 
469 98 6 10 0.05591647 
478 430 10 15 0.05589174 
454 84 5 9 0.055890277 
42 219 6 11 0.055840883 
188 248 8 13 0.055803843 
101 120 4 7 0.05578277 
626 412 10 16 0.055744223 
330 421 10 15 0.055725582 
228 456 12 17 0.055704616 
858 259 8 13 0.055680368 
585 60 4 9 0.055668026 
972 85 5 9 0.055600755 
344 311 9 15 0.055537958 
719 100 4 8 0.05550748 
645 337 10 16 0.055412743 
866 77 4 8 0.055388078 
874 159 8 14 0.055340633 
692 86 5 9 0.05528894 
774 256 6 10 0.05528176 
170 320 9 12 0.05506849 
82 211 6 13 0.055013068 
780 30 5 8 0.054759484 
103 161 9 13 0.054734267 
477 302 10 16 0.054728787 
838 185 6 10 0.05460749 
481 480 12 17 0.054574396 
757 459 9 16 0.054520488 
486 86 6 7 0.0545187 
289 303 6 10 0.054446653 
901 34 5 9 0.05444594 
475 2 6 9 0.05439983 
173 316 8 10 0.054357436 
560 292 9 13 0.054346874 
142 64 6 12 0.054173384 
524 325 7 13 0.05395201 
122 244 7 11 0.05388401 
600 99 5 9 0.05379895 
228 437 14 22 0.053782046 
228 238 7 9 0.05377487 
205 168 6 11 0.053747453 
92 223 8 13 0.053686082 
933 79 6 11 0.05367861 
283 233 4 6 0.0536604 
807 238 6 11 0.05355469 
586 486 11 17 0.053536233 
889 68 6 9 0.05348515 
838 2 5 7 0.053458232 
373 69 4 7 0.053418033 
374 260 10 14 0.05338324 
826 237 6 11 0.053301133 
155 252 8 12 0.05320097 
429 378 8 12 0.05305946 
403 327 10 19 0.052790176 
487 435 10 14 0.052785013 
479 145 6 8 0.052751943 
1011 148 8 13 0.052737944 
828 109 5 11 0.052669607 
626 232 6 11 0.052639987 
505 149 6 10 0.052600488 
789 84 6 8 0.052360766 
557 213 5 9 0.052340686 
594 149 5 9 0.052191544 
585 249 8 13 0.051982794 
615 276 7 10 0.05195854 
276 254 5 6 0.051909685 
542 319 8 13 0.05190953 
166 270 7 10 0.051886734 
741 8 6 8 0.05182495 
1008 199 5 9 0.051731594 
620 3 7 9 0.05167461 
180 138 4 7 0.05166976 
845 294 7 14 0.05165824 
323 250 7 10 0.051622666 
627 252 7 11 0.051581487 
219 284 6 10 0.051550996 
24 111 5 10 0.051512018 
845 112 5 9 0.051491242 
89 328 7 13 0.051460203 
852 223 6 12 0.051121786 
260 283 7 10 0.051038466 
472 411 7 12 0.051010586 
526 136 5 8 0.050992966 
129 73 5 10 0.05098814 
459 245 8 14 0.05098678 
798 289 7 11 0.05093248 
307 81 5 6 0.050926503 
602 308 9 12 0.050910756 
201 156 5 9 0.05080812 
267 308 5 12 0.050622273 
619 87 4 9 0.050543975 
142 163 5 8 0.050488204 
535 467 10 13 0.050349917 
262 265 5 8 0.050343752 
520 98 6 8 0.05032521 
339 270 6 10 0.05026541 
955 311 10 16 0.050221823 
810 276 5 10 0.05019093 
423 72 7 9 0.050163243 
740 333 11 17 0.049999095 
475 60 5 7 0.04999677 
629 155 6 12 0.049993794 
134 151 4 7 0.049925037 
877 89 6 10 0.049878974 
904 53 5 8 0.049750898 
596 99 6 9 0.049747564 
240 337 7 14 0.049697522 
631 67 5 9 0.049563948 
117 64 6 10 0.049530532 
335 403 11 18 0.049526226 
0 422 6 14 0.04947054 
467 79 5 8 0.049427804 
168 339 9 14 0.049421906 
109 115 6 9 0.04941315 
273 278 6 8 0.049410917 
51 85 5 7 0.049359616 
44 329 9 15 0.049337637 
531 17 4 8 0.049293753 
115 164 7 10 0.049170893 
552 206 5 8 0.049148902 
262 357 9 16 0.04911955 
539 92 6 8 0.049070727 
713 400 16 23 0.049062937 
589 496 15 22 0.049022235 
864 85 6 10 0.048964486 
856 225 7 11 0.04895795 
710 275 7 11 0.04894345 
917 290 13 21 0.04893446 
133 68 5 8 0.048912138 
101 201 7 12 0.048911683 
205 295 5 10 0.0488844 
503 167 7 12 0.048878476 
740 28 6 10 0.04885614 
248 92 5 9 0.048784066 
730 3 6 9 0.048754442 
809 326 9 14 0.048722178 
148 80 6 11 0.048674833 
257 81 4 7 0.04866542 
317 302 7 13 0.04860891 
322 252 5 7 0.04858643 
121 192 8 14 0.04840877 
344 235 8 11 0.048367206 
477 99 6 10 0.048356503 
506 259 8 12 0.04826683 
263 154 6 10 0.04826431 
310 342 11 18 0.04811172 
93 176 7 10 0.04810183 
217 97 6 10 0.048083376 
749 331 10 16 0.048019174 
404 78 5 9 0.047986414 
262 289 6 10 0.047959123 
270 75 4 6 0.047912143 
141 150 5 8 0.047899105 
1022 456 18 33 0.047848538 
62 219 6 12 0.04784641 
122 187 7 11 0.04779967 
923 0 4 5 0.047797468 
818 83 5 10 0.047773384 
652 289 8 12 0.04770656 
743 3 5 9 0.047701396 
92 349 10 16 0.04768379 
573 88 7 11 0.047661792 
813 224 6 11 0.047651775 
25 117 4 9 0.04757592 
166 623 10 16 0.047574863 
589 123 5 10 0.047549482 
314 189 5 8 0.047537565 
594 121 7 12 0.047520667 
160 135 6 10 0.04749026 
269 153 7 10 0.04734036 
16 267 8 13 0.04733589 
556 78 5 9 0.047280375 
904 115 6 12 0.047275405 
263 97 5 9 0.047240816 
196 278 6 10 0.047230378 
526 169 5 9 0.047225222 
719 219 6 10 0.047219314 
296 427 7 14 0.047218468 
805 149 7 14 0.047193106 
664 474 14 23 0.047129188 
218 181 8 12 0.047119536 
851 103 6 12 0.04705837 
755 199 6 8 0.04703675 
609 148 6 11 0.04696043 
706 408 11 18 0.04693927 
367 349 10 17 0.04690916 
321 155 6 9 0.046806157 
913 346 11 15 0.04679033 
400 141 7 12 0.046741657 
549 290 9 11 0.04672584 
711 222 5 9 0.04665778 
998 245 6 11 0.046635643 
127 225 9 16 0.0465754 
473 294 9 14 0.04651034 
82 524 8 15 0.04648628 
908 140 6 11 0.046441957 
237 301 6 10 0.046390183 
751 314 9 15 0.04638307 
678 104 7 10 0.0463526 
223 440 10 18 0.04631167 
486 30 4 7 0.0463055 
342 75 4 8 0.04626452 
258 96 5 10 0.0462552 
707 98 5 10 0.046242982 
974 9 5 7 0.04618669 
703 278 7 10 0.04618308 
160 68 4 8 0.046164934 
519 154 5 9 0.046160653 
975 231 6 10 0.046076726 
510 267 7 15 0.04606918 
735 192 7 12 0.045932654 
745 338 9 15 0.045926724 
429 21 7 11 0.04588802 
151 317 10 12 0.045881856 
1018 12 7 14 0.045844734 
293 279 5 8 0.045834407 
109 168 8 11 0.04576983 
636 350 9 17 0.045730535 
521 227 4 8 0.04563748 
262 272 5 9 0.045637466 
303 253 4 6 0.04554394 
1019 78 6 11 0.04554107 
226 137 5 8 0.045529258 
888 297 9 16 0.045505468 
874 314 13 19 0.04545248 
362 353 9 16 0.04537632 
846 140 7 14 0.04536167 
1011 291 13 22 0.045346778 
924 55 5 8 0.045336314 
58 170 4 7 0.045327876 
39 122 8 15 0.045279592 
229 303 7 12 0.04527778 
682 271 7 10 0.045253232 
884 155 8 12 0.04518563 
466 92 6 8 0.04516866 
326 402 8 14 0.04515379 
455 74 5 8 0.04511072 
473 237 8 11 0.045083 
539 184 5 8 0.04506305 
367 237 6 11 0.045031916 
117 509 10 19 0.045006596 
837 267 8 13 0.04499643 
465 73 5 9 0.044946745 
123 238 8 13 0.0449255 
101 84 8 11 0.04488464 
716 238 6 9 0.04487286 
125 216 8 14 0.044812568 
302 85 5 7 0.04479813 
264 259 5 7 0.044797376 
788 305 9 16 0.044766355 
467 130 5 8 0.044736467 
856 98 5 10 0.044708945 
467 210 7 11 0.04470445 
556 221 6 11 0.04465814 
891 407 16 25 0.044622913 
525 219 6 9 0.044594955 
479 408 8 13 0.04456108 
967 7 4 8 0.044543765 
193 167 7 10 0.044523418 
230 352 11 17 0.04451135 
424 9 5 9 0.044499725 
929 0 4 5 0.04446704 
223 326 7 13 0.044407185 
548 434 8 14 0.04438914 
530 390 10 15 0.044324964 
377 68 4 7 0.04430164 
887 114 8 14 0.044274688 
546 154 5 9 0.044230692 
664 182 8 16 0.04420737 
609 287 7 11 0.044180986 
944 356 10 18 0.044174343 
962 47 6 10 0.04413747 
942 17 3 7 0.04408237 
343 219 9 12 0.04397091 
738 114 7 12 0.043932833 
314 249 4 6 0.043930218 
242 76 5 8 0.043915838 
467 126 4 6 0.043871503 
948 74 6 10 0.04384633 
900 2 6 9 0.043756645 
783 94 6 9 0.04374968 
609 297 7 10 0.043704312 
743 178 6 12 0.04368331 
732 432 12 18 0.04358358 
157 71 6 10 0.043517955 
1006 589 19 37 0.043480005 
724 3 6 10 0.043477386 
625 370 8 15 0.04344777 
957 372 8 13 0.04342298 
1008 274 8 12 0.043403674 
1018 271 15 23 0.04339305 
265 396 11 18 0.043391407 
217 277 6 10 0.043345854 
948 54 7 11 0.043313824 
439 353 9 18 0.04330269 
403 549 13 17 0.043282613 
519 313 8 13 0.043249376 
968 84 5 9 0.043237645 
593 265 7 10 0.04321226 
122 20 6 10 0.04317432 
141 176 6 9 0.043129176 
269 258 4 7 0.043092996 
660 229 7 12 0.043047093 
291 167 6 10 0.04304501 
4 200 6 13 0.043031793 
826 281 8 14 0.042996816 
311 314 7 12 0.042974476 
530 214 6 9 0.042938482 
119 271 11 15 0.04284808 
26 183 6 8 0.042798456 
504 144 5 8 0.042794704 
143 157 4 8 0.04277941 
271 146 5 7 0.04272959 
316 74 5 7 0.04271229 
408 141 7 12 0.042708024 
770 140 6 11 0.0426784 
32 202 7 8 0.042651303 
617 491 10 16 0.042614322 
169 235 10 14 0.042572755 
627 116 5 10 0.042471815 
794 105 5 10 0.04244408 
256 160 6 10 0.042383 
488 81 5 7 0.042346437 
17 333 7 13 0.042279176 
951 286 9 17 0.042261682 
310 142 6 10 0.042260736 
437 98 6 9 0.04223794 
445 332 10 15 0.042207725 
935 53 4 9 0.042172745 
487 35 4 7 0.042154238 
844 162 6 12 0.041992266 
180 22 6 10 0.041985728 
403 14 7 11 0.04193209 
304 455 10 17 0.04192987 
138 145 4 6 0.041924372 
317 178 4 6 0.041922163 
939 166 8 13 0.041920435 
543 79 6 8 0.041572783 
153 408 9 17 0.041545875 
127 77 5 11 0.04135097 
659 237 7 11 0.04130647 
37 202 6 8 0.04126444 
583 201 6 10 0.04123845 
132 453 10 17 0.041223936 
933 166 10 17 0.0411814 
935 519 7 13 0.04117178 
723 169 4 9 0.041136596 
350 93 6 10 0.04109369 
936 16 4 7 0.04104656 
614 297 8 11 0.041042946 
542 301 8 11 0.041030344 
229 343 10 15 0.041017555 
548 93 6 9 0.04100182 
645 426 11 18 0.040989563 
243 291 6 9 0.04095816 
303 171 4 7 0.040920995 
436 92 5 9 0.040910363 
481 91 5 9 0.040845264 
516 326 7 13 0.0407523 
108 205 8 14 0.0407517 
910 21 6 9 0.040743742 
680 95 7 12 0.040627964 
156 321 12 14 0.040606618 
727 618 8 10 0.04057202 
550 201 6 10 0.040568605 
345 260 5 9 0.04053929 
756 211 7 12 0.04053018 
723 657 9 18 0.04047114 
222 288 7 10 0.040456764 
236 67 5 8 0.040440146 
180 142 5 8 0.040423825 
152 168 6 8 0.040422976 
564 159 6 11 0.04035855 
564 125 4 8 0.040354986 
1020 86 13 22 0.040326685 
385 13 7 10 0.040321097 
1007 85 4 9 0.04029907 
532 99 6 9 0.040278826 
92 232 9 13 0.040273484 
436 9 7 8 0.04022209 
683 486 12 20 0.040216155 
546 468 11 18 0.040208247 
553 548 12 14 0.040196713 
818 243 6 10 0.04019322 
339 92 6 10 0.040150985 
469 154 6 10 0.040148117 
222 266 4 8 0.040134266 
396 302 9 17 0.04007079 
316 130 4 7 0.0400411 
268 284 6 10 0.039940093 
102 282 9 14 0.03992897 
596 56 4 7 0.039885964 
1004 264 14 24 0.0398756 
916 181 8 14 0.039848424 
413 307 9 15 0.03983384 
490 167 7 11 0.03982747 
632 130 6 10 0.03982421 
1031 57 13 26 0.039812002 
388 85 6 10 0.039786387 
648 125 5 9 0.039749622 
1020 200 5 8 0.03974713 
916 264 11 14 0.039707493 
204 163 6 9 0.03965378 
795 93 4 8 0.03962914 
282 267 6 8 0.039585613 
119 174 5 9 0.03954123 
189 84 8 10 0.039513834 
306 189 5 8 0.039503504 
347 134 8 13 0.039501514 
94 185 7 11 0.039459236 
1020 118 14 23 0.039445348 
883 149 7 12 0.039441813 
472 305 9 15 0.039389748 
589 148 7 11 0.039388698 
434 282 8 15 0.039359894 
129 182 5 8 0.039335933 
570 370 9 12 0.03933423 
639 247 6 10 0.039333817 
463 249 9 15 0.039293587 
348 225 7 11 0.039271705 
785 369 10 16 0.039165497 
468 16 6 10 0.038978104 
222 298 7 10 0.0389058 
130 68 4 6 0.038894847 
481 13 7 11 0.038890626 
889 185 9 17 0.038882647 
779 72 4 8 0.03887007 
396 73 5 9 0.038835254 
436 161 9 13 0.03883516 
779 332 10 15 0.03877249 
94 198 9 14 0.03875797 
817 124 7 11 0.03871686 
937 20 4 9 0.038680978 
629 15 7 9 0.038665768 
474 136 5 8 0.038631715 
468 414 9 15 0.038614172 
69 176 9 10 0.03861116 
239 439 10 16 0.03860916 
1019 193 5 10 0.03859534 
900 361 12 18 0.038566843 
277 234 4 5 0.038546536 
1010 428 20 29 0.038531695 
199 338 8 14 0.038500868 
473 118 5 7 0.038484257 
580 390 9 13 0.038482353 
235 277 6 11 0.038462367 
1013 7 6 12 0.038443323 
683 277 8 11 0.038426775 
321 84 5 8 0.03837745 
902 285 9 15 0.038368806 
126 187 6 10 0.038357176 
833 146 5 8 0.038338743 
371 220 8 11 0.038256288 
563 78 6 11 0.038250014 
513 127 4 6 0.038246524 
934 60 5 9 0.03818589 
921 424 10 19 0.038160294 
133 156 4 7 0.038134217 
326 85 5 7 0.038091574 
726 212 8 11 0.03805731 
491 47 6 7 0.038004026 
294 296 6 11 0.037987314 
303 180 4 7 0.037971366 
197 282 7 11 0.037927937 
128 161 6 9 0.037892435 
600 343 8 15 0.037882008 
910 17 5 7 0.03782545 
338 282 7 13 0.03768903 
602 150 5 10 0.037648488 
974 57 7 13 0.03760748 
199 172 6 12 0.0376013 
1012 4 5 7 0.03758905 
486 237 8 12 0.03756313 
493 58 6 8 0.037552845 
310 233 5 7 0.037431706 
800 244 6 12 0.03742225 
52 137 5 8 0.03738319 
499 57 5 7 0.037377793 
19 302 8 11 0.037365764 
405 9 6 9 0.03734694 
536 473 11 16 0.037323195 
552 213 5 9 0.03724481 
979 407 9 16 0.03722247 
27 265 13 22 0.037215345 
449 84 6 9 0.037210926 
861 446 10 18 0.037195638 
437 318 10 16 0.037195023 
191 311 9 15 0.037188806 
589 245 6 11 0.037166275 
684 211 8 13 0.0371658 
456 68 5 7 0.03716573 
121 479 12 27 0.037163947 
76 310 13 26 0.037160303 
549 9 5 7 0.037148405 
294 249 4 6 0.03712277 
562 130 5 10 0.037104554 
516 320 8 12 0.037028413 
960 3 4 7 0.03699982 
925 273 9 15 0.03699704 
57 84 5 8 0.036991626 
83 204 7 14 0.036960542 
912 162 9 15 0.03692428 
120 164 5 8 0.0369029 
909 43 4 8 0.036883157 
542 626 12 16 0.036754083 
1013 90 5 10 0.03673837 
294 87 6 7 0.036722057 
727 101 5 7 0.036709677 
794 98 4 8 0.03669989 
643 154 9 14 0.03669146 
458 414 8 14 0.036658775 
470 150 6 10 0.03665825 
140 71 7 11 0.036657877 
772 504 11 20 0.03665402 
967 239 6 11 0.03663396 
629 111 5 10 0.036585804 
549 622 9 15 0.036576465 
934 10 4 7 0.036562756 
316 126 4 7 0.036528587 
706 356 13 21 0.036490824 
35 268 7 14 0.036459018 
930 397 10 16 0.036444474 
282 308 6 11 0.03636687 
1019 94 7 12 0.036338635 
88 186 8 12 0.036332186 
978 220 6 12 0.036275323 
699 172 7 10 0.0362455 
870 69 4 8 0.036232024 
319 565 10 14 0.036203697 
479 62 4 6 0.03616671 
915 48 5 9 0.036156673 
801 141 7 13 0.036149297 
700 402 12 17 0.036123935 
407 316 9 15 0.036104 
374 534 10 18 0.036054064 
520 232 5 8 0.03604734 
861 475 11 17 0.036021043 
394 2 7 9 0.035998296 
164 150 6 10 0.03598372 
715 226 7 12 0.035970885 
336 394 10 17 0.035958733 
499 248 7 10 0.035903547 
428 15 7 9 0.035889205 
539 149 5 10 0.035881355 
10 239 8 11 0.035856552 
928 10 5 7 0.035844773 
252 72 5 9 0.035732202 
617 278 13 20 0.035710376 
388 332 8 14 0.035671283 
295 97 5 8 0.035640426 
77 212 6 11 0.03561264 
162 154 7 12 0.035607696 
653 489 10 17 0.035558566 
85 236 6 10 0.03555579 
584 124 5 10 0.035522465 
554 136 6 11 0.03551996 
3 242 17 30 0.035496976 
555 344 10 15 0.035464454 
268 303 6 10 0.03546191 
443 69 4 6 0.03542604 
524 126 5 7 0.03534806 
196 351 8 15 0.035342924 
270 234 4 6 0.03533308 
833 96 5 11 0.03532784 
726 531 7 13 0.03530434 
355 191 9 13 0.035276588 
543 65 5 9 0.03525533 
327 220 4 9 0.035250243 
984 40 4 9 0.035234988 
955 0 3 5 0.03523181 
845 4 4 6 0.03521939 
577 169 7 11 0.03519447 
696 87 4 8 0.03517378 
805 322 7 13 0.035144925 
805 438 10 16 0.035132762 
248 179 8 11 0.035127908 
430 427 8 15 0.03512768 
628 90 5 9 0.035114523 
622 129 5 9 0.0351053 
491 133 4 7 0.035087924 
749 211 6 11 0.035074078 
732 134 6 11 0.035069864 
427 67 5 8 0.03506327 
1006 266 8 12 0.035036065 
425 165 7 13 0.035029903 
485 9 4 8 0.035026792 
10 472 16 28 0.03502634 
115 8 7 9 0.034990933 
626 278 7 12 0.03498922 
505 138 4 7 0.034974046 
164 209 13 19 0.034938645 
949 3 4 7 0.03493389 
504 7 6 9 0.03492856 
455 250 8 13 0.03490486 
250 298 6 9 0.034898862 
961 249 7 12 0.034869783 
199 256 7 12 0.034867458 
493 42 4 6 0.03484745 
346 184 9 13 0.034784526 
313 452 10 17 0.034778472 
273 195 14 20 0.034758504 
844 426 9 17 0.03475249 
925 169 13 23 0.034749657 
205 277 7 12 0.034748092 
1009 59 7 13 0.03471151 
193 214 6 9 0.03470912 
890 9 5 6 0.034691516 
1004 150 6 10 0.03468161 
241 135 6 10 0.034679227 
718 205 6 10 0.03467201 
459 521 10 19 0.034649555 
259 145 4 7 0.034624305 
516 206 6 10 0.034566477 
254 219 5 9 0.034527928 
510 440 10 16 0.034486167 
422 141 6 11 0.03445775 
334 390 8 14 0.034455564 
90 97 7 12 0.03445111 
925 262 8 13 0.034445334 
131 176 4 7 0.034442328 
543 93 7 9 0.03444113 
317 333 7 14 0.034413885 
921 161 7 12 0.03437285 
880 127 8 13 0.0343694 
939 325 14 19 0.034360886 
470 459 10 15 0.03434605 
588 389 9 12 0.03432428 
985 36 4 8 0.03431905 
241 270 6 11 0.034309868 
534 231 8 12 0.034270834 
233 86 5 10 0.034265906 
983 72 6 12 0.034263775 
641 203 7 13 0.034215957 
290 247 4 7 0.034207653 
64 266 8 14 0.03420187 
424 216 7 14 0.03420178 
171 159 7 12 0.034197588 
489 394 10 17 0.034114752 
296 176 4 7 0.034078382 
532 307 7 12 0.034040555 
920 260 9 13 0.03403986 
340 96 6 10 0.034035236 
906 409 10 19 0.034025572 
559 131 4 9 0.034021657 
89 23 7 13 0.03401899 
680 125 5 8 0.03401475 
572 517 8 15 0.034004297 
210 93 8 12 0.03399858 
588 336 9 16 0.03397566 
906 112 6 10 0.033953365 
230 274 7 11 0.033929177 
237 134 6 10 0.033927318 
878 10 5 6 0.033885237 
173 265 14 21 0.033884864 
777 422 11 17 0.033872936 
0 109 54 69 0.033868093 
394 126 9 13 0.03384762 
226 277 6 11 0.033845406 
728 123 6 11 0.033834558 
530 91 5 8 0.033784542 
1018 276 8 12 0.033764884 
530 411 8 13 0.033759896 
977 99 6 13 0.033755414 
471 403 8 13 0.033734594 
793 275 6 11 0.03372305 
780 141 5 10 0.033679508 
211 279 5 9 0.033656437 
284 370 8 14 0.033647183 
974 636 12 18 0.03363205 
368 453 11 19 0.03362823 
110 237 5 9 0.033625003 
849 442 8 15 0.033601534 
327 159 7 11 0.033579707 
865 217 8 13 0.03356982 
576 18 3 5 0.033549838 
339 276 6 11 0.033547428 
581 168 8 13 0.033525236 
301 609 8 12 0.033482626 
371 274 9 14 0.033473965 
440 91 6 8 0.0334739 
614 210 6 12 0.033472806 
608 230 7 12 0.033470456 
46 188 4 9 0.033469874 
801 216 7 12 0.033450972 
510 79 6 11 0.033431906 
110 185 7 14 0.033408076 
260 194 6 10 0.033407383 
438 416 13 20 0.03339104 
619 196 6 10 0.033372235 
55 239 7 13 0.033366196 
1024 414 17 32 0.033354554 
4 238 11 16 0.033350125 
518 248 9 13 0.033314556 
665 142 6 10 0.033313237 
807 225 5 9 0.033232458 
1017 264 5 11 0.033221945 
781 162 5 11 0.033201545 
216 79 4 8 0.033201527 
333 267 6 9 0.03317804 
97 74 7 10 0.033172425 
1020 5 13 23 0.033168357 
834 294 8 13 0.03314811 
410 262 9 14 0.03314058 
44 118 6 13 0.033129472 
507 100 5 7 0.03312006 
1020 251 7 10 0.03311915 
595 155 5 9 0.033077843 
52 74 6 8 0.03307644 
1020 245 6 10 0.033066265 
497 302 9 13 0.03306577 
664 244 8 12 0.03306285 
524 97 6 10 0.033009008 
535 111 6 10 0.032990612 
573 79 7 11 0.03297942 
613 65 5 9 0.032948516 
892 58 5 8 0.032947715 
917 77 6 11 0.032936867 
600 174 8 16 0.032881994 
690 207 6 11 0.032877915 
475 68 5 7 0.032869134 
131 153 4 7 0.032866593 
240 131 6 9 0.032865472 
68 131 6 9 0.03286484 
524 22 5 8 0.032811444 
964 34 5 10 0.0327968 
636 3 8 10 0.03277898 
664 237 7 11 0.032769077 
691 7 7 10 0.032735977 
249 65 6 11 0.032728218 
752 194 7 11 0.032713782 
962 16 4 8 0.032706466 
304 382 10 15 0.03270163 
802 225 5 9 0.03263301 
398 106 5 7 0.032611474 
530 429 10 14 0.032601833 
815 102 8 16 0.032596767 
695 287 8 12 0.032517493 
873 356 10 17 0.032509223 
507 191 6 10 0.032504298 
895 56 4 7 0.032468848 
289 92 4 8 0.03246533 
809 179 6 11 0.03246201 
319 259 5 7 0.032458268 
658 480 10 18 0.032439698 
945 219 8 15 0.03238993 
394 205 11 19 0.032378703 
156 401 10 15 0.032340087 
609 3 4 7 0.03230102 
249 359 9 15 0.032246694 
545 277 5 9 0.03220727 
430 41 5 8 0.032204337 
289 87 5 8 0.03219154 
530 168 5 8 0.03216673 
391 134 9 14 0.032128345 
128 207 6 11 0.032115113 
1018 31 8 15 0.032088444 
867 69 4 7 0.032063052 
155 22 6 9 0.032053996 
212 313 8 14 0.03205212 
107 492 7 16 0.032038763 
116 217 8 16 0.031974662 
148 352 8 13 0.031934362 
165 138 5 8 0.031921137 
866 158 7 16 0.031915944 
64 200 5 8 0.03190679 
52 81 6 7 0.03188782 
557 67 5 9 0.031876232 
428 86 5 9 0.03180887 
135 40 5 8 0.031803086 
491 137 5 8 0.0317977 
945 28 6 11 0.03178147 
389 109 7 11 0.03171564 
341 260 6 9 0.031658757 
735 13 7 10 0.03165406 
843 146 7 14 0.03165132 
274 188 7 10 0.031629074 
717 120 7 12 0.03159543 
525 103 9 14 0.031559043 
1002 426 16 31 0.031549092 
392 69 4 6 0.03154389 
922 68 5 9 0.031541217 
283 230 4 6 0.031536512 
881 218 9 13 0.031509392 
445 163 12 20 0.0314863 
326 308 7 13 0.031461827 
373 21 6 10 0.031447906 
66 132 5 8 0.031447288 
911 67 4 9 0.031436324 
300 98 6 8 0.03142604 
359 524 14 19 0.031410497 
632 123 6 11 0.031404432 
456 117 6 10 0.031399 
1016 147 6 14 0.03139423 
546 163 5 9 0.031363044 
435 113 6 8 0.031353697 
766 258 7 10 0.031308386 
133 71 14 23 0.03130107 
923 9 4 7 0.03129831 
940 86 14 22 0.031280827 
292 271 6 9 0.031257622 
683 294 9 14 0.031193867 
885 78 6 9 0.031190122 
838 192 7 14 0.031176504 
646 671 7 10 0.031165289 
156 15 5 8 0.031148413 
54 326 7 13 0.031092923 
440 169 9 14 0.031080786 
381 135 7 12 0.03107319 
244 285 5 8 0.031066919 
504 526 7 11 0.031063523 
269 254 5 7 0.031056125 
91 392 8 11 0.031034203 
428 2 5 8 0.031031165 
62 496 8 16 0.031023208 
799 200 7 10 0.031020746 
396 79 5 8 0.031016598 
950 63 7 11 0.0309892 
169 351 9 17 0.030982155 
959 8 4 8 0.03095261 
956 472 19 27 0.03095089 
269 187 6 10 0.030934362 
595 104 5 8 0.030919524 
424 13 7 10 0.030911215 
105 413 9 16 0.030869562 
888 236 8 13 0.030851023 
317 427 10 17 0.03084837 
486 92 7 9 0.030840054 
458 168 7 11 0.030821238 
779 109 6 12 0.030815976 
912 86 5 9 0.030786438 
988 428 17 31 0.03077427 
615 104 6 11 0.030751541 
225 20 5 8 0.030737037 
59 165 4 7 0.030733077 
975 47 4 7 0.030730734 
824 244 8 11 0.030720199 
782 86 5 8 0.030691996 
947 169 10 11 0.030683553 
42 182 5 8 0.030674381 
747 362 10 15 0.030638747 
931 280 10 18 0.030635629 
695 347 11 19 0.030607479 
165 477 9 16 0.030547153 
651 65 4 9 0.03052425 
507 132 4 7 0.030509442 
610 386 11 16 0.030501222 
600 109 5 11 0.030500472 
723 120 7 13 0.030492878 
545 74 5 9 0.030464932 
481 118 4 8 0.03043966 
104 156 6 9 0.030411605 
921 391 17 23 0.030409561 
539 34 5 7 0.030406129 
598 621 6 11 0.030400997 
85 490 10 18 0.030370805 
543 284 7 11 0.030339608 
394 116 7 12 0.030328952 
740 324 9 15 0.030319585 
527 16 4 8 0.030316977 
146 69 7 12 0.030316455 
325 175 5 8 0.030265605 
685 430 10 20 0.030241746 
635 270 7 10 0.030234853 
826 215 5 11 0.030226557 
908 235 9 14 0.030224811 
1033 440 28 54 0.030188428 
309 356 9 15 0.03017945 
110 98 4 10 0.030169168 
132 204 8 13 0.030158747 
581 212 8 12 0.03015069 
587 285 9 12 0.030134168 
430 92 5 9 0.030126998 
229 324 8 14 0.030113371 
11 261 14 24 0.030104375 
792 283 8 11 0.030096758 
168 105 5 10 0.03009118 
620 382 9 15 0.030070024 
272 97 6 11 0.030062357 
292 373 10 16 0.030049073 
580 221 7 11 0.03000393 
857 103 7 12 0.029993802 
320 131 4 7 0.029976796 
137 409 7 15 0.029969435 
1002 2 4 8 0.029952798 
516 629 8 16 0.029952642 
269 168 6 10 0.029951977 
818 283 7 12 0.029949857 
741 33 6 8 0.029932626 
519 144 5 8 0.0299223 
404 3 6 8 0.029899118 
723 326 9 15 0.029886665 
774 240 6 10 0.029857922 
120 553 10 18 0.029824598 
664 161 7 12 0.029814271 
525 78 6 10 0.02979565 
670 237 6 12 0.029788792 
602 435 9 16 0.029785782 
852 9 4 7 0.029754579 
966 16 4 9 0.029750168 
269 194 7 10 0.029725814 
417 89 6 10 0.029693594 
654 143 7 10 0.029693587 
280 86 5 8 0.029693542 
1019 258 6 9 0.029689709 
169 362 9 15 0.02968896 
584 22 6 7 0.029687813 
494 10 5 7 0.029648183 
554 410 9 15 0.029618295 
154 295 8 13 0.02960153 
550 4 4 6 0.029580023 
966 307 10 15 0.029567441 
683 223 6 11 0.02956378 
60 290 7 12 0.029560538 
688 293 8 13 0.029544415 
0 399 3 10 0.029515347 
704 227 6 10 0.029481018 
236 308 6 12 0.029433811 
475 125 5 7 0.029427502 
113 21 8 11 0.029383454 
1040 398 25 44 0.029383386 
231 125 7 10 0.029353298 
721 184 8 15 0.029347131 
976 42 4 8 0.029282492 
871 122 6 12 0.029276459 
609 142 6 10 0.029245337 
487 314 7 12 0.029240232 
902 30 4 8 0.029234832 
838 99 4 8 0.0292168 
549 166 6 10 0.029188309 
697 91 4 8 0.029186567 
164 208 6 9 0.029165572 
582 275 7 9 0.029160077 
761 201 5 8 0.029142182 
558 92 5 8 0.02913815 
292 304 8 12 0.029117327 
196 142 6 9 0.029113414 
419 46 5 8 0.02907079 
416 102 8 13 0.029061442 
536 225 7 12 0.029052269 
469 136 5 9 0.029044596 
492 301 8 14 0.029035589 
91 522 16 25 0.029032804 
388 537 9 16 0.029029606 
652 10 6 9 0.029022671 
255 215 6 9 0.029006127 
530 488 10 18 0.028946392 
474 434 10 13 0.028931195 
875 129 10 16 0.028925825 
311 419 10 15 0.02891998 
834 1 4 8 0.028917996 
735 199 5 10 0.028908752 
1003 287 10 17 0.028867349 
609 334 8 13 0.02885493 
530 150 4 9 0.02885102 
421 91 5 9 0.028835872 
873 179 8 14 0.028828066 
273 154 6 9 0.028788654 
237 61 4 7 0.028783726 
864 223 6 12 0.028782558 
18 226 7 12 0.02876483 
121 3 6 7 0.028751232 
455 155 6 9 0.02875025 
593 390 9 11 0.028699087 
483 422 8 14 0.028698225 
164 180 7 13 0.028697474 
683 388 10 19 0.028653944 
286 103 5 9 0.028647613 
754 27 6 12 0.02861642 
1004 2 4 8 0.028615525 
144 53 5 11 0.028599394 
733 330 10 15 0.028598307 
262 622 20 28 0.028587129 
589 116 6 12 0.028582783 
497 79 7 9 0.028567182 
655 179 75 83 0.028566008 
341 410 9 16 0.028558 
627 225 6 12 0.028550755 
525 67 4 7 0.028530132 
494 68 6 8 0.028517053 
805 265 6 11 0.028513286 
717 21 7 12 0.028494094 
310 389 9 14 0.028492756 
349 129 8 12 0.02848839 
959 244 7 11 0.028479336 
409 2 7 9 0.028475462 
457 150 5 8 0.028455872 
24 106 5 8 0.028448865 
787 33 6 8 0.028434958 
441 313 10 14 0.028414536 
251 262 5 8 0.028396849 
569 231 7 11 0.028386062 
590 166 7 12 0.028358424 
150 461 11 20 0.028330687 
991 360 38 51 0.028318567 
715 465 15 23 0.028295694 
312 137 6 9 0.028228963 
462 130 5 8 0.028226858 
225 105 4 7 0.02821802 
482 35 5 8 0.02819666 
530 220 7 10 0.028170893 
139 382 8 15 0.028160118 
850 22 4 8 0.028150106 
949 0 3 5 0.02814263 
205 289 7 12 0.028141106 
368 303 9 16 0.028140234 
458 337 9 14 0.02812542 
28 231 7 10 0.028124416 
322 171 4 7 0.028094882 
941 65 6 11 0.028079085 
1018 143 6 12 0.028050013 
786 200 6 9 0.028041134 
448 93 5 7 0.028035033 
327 226 5 8 0.02802158 
8 129 6 9 0.02802102 
1016 284 15 24 0.028004628 
806 164 8 14 0.027989741 
403 147 7 11 0.027987149 
274 163 5 9 0.027976977 
62 55 4 8 0.027962724 
655 219 7 12 0.027945258 
280 453 8 14 0.027934942 
395 575 10 16 0.027930154 
542 35 5 8 0.027897064 
828 276 7 12 0.027891742 
300 344 7 12 0.027881635 
776 8 6 10 0.027879909 
49 130 6 9 0.02780151 
64 196 5 8 0.027776731 
877 58 6 10 0.0277759 
607 343 8 16 0.027775759 
422 242 9 14 0.02777258 
315 264 6 8 0.027754871 
71 211 5 11 0.027721396 
363 199 7 13 0.027712414 
182 432 9 18 0.027712198 
219 457 15 21 0.027697712 
19 211 5 9 0.027691953 
102 187 6 10 0.027684385 
666 409 9 17 0.027677743 
594 192 7 10 0.027660746 
557 85 6 9 0.027649252 
442 111 5 8 0.027649192 
313 207 7 10 0.027648423 
208 132 5 8 0.027640117 
174 264 8 13 0.027628854 
942 245 8 12 0.027625512 
684 9 8 11 0.027608583 
658 144 7 10 0.027608028 
651 450 10 19 0.02758016 
262 214 5 8 0.027565515 
1020 217 7 13 0.02754414 
526 173 5 10 0.02752533 
378 157 7 12 0.027506305 
159 84 5 11 0.027493974 
741 218 8 13 0.027490074 
283 117 5 11 0.027457686 
889 243 7 12 0.02745495 
224 157 7 11 0.027437296 
540 311 14 19 0.027434697 
754 406 10 16 0.027367832 
322 358 7 14 0.027367467 
531 339 9 15 0.027360063 
851 16 4 7 0.027348239 
466 47 6 9 0.02734697 
852 0 4 5 0.027297942 
1026 597 18 33 0.02728806 
89 161 5 12 0.027275743 
543 200 6 8 0.027266571 
146 152 5 8 0.027258353 
212 156 5 9 0.02725825 
876 16 6 8 0.02723675 
339 130 5 9 0.027232785 
704 162 6 12 0.027200012 
737 269 8 12 0.027192531 
174 185 75 88 0.027162066 
588 257 7 12 0.027152158 
217 129 5 10 0.027127836 
1021 194 14 22 0.027119689 
367 83 5 10 0.027078796 
355 532 12 17 0.027076887 
690 193 7 12 0.027034314 
776 187 6 11 0.027012423 
63 104 4 8 0.027012 
721 278 9 12 0.027009679 
140 2 7 11 0.026993342 
117 121 5 8 0.02698992 
1020 72 14 24 0.026982544 
452 206 9 15 0.026979942 
99 42 5 9 0.026977304 
846 283 6 11 0.026944526 
658 285 7 9 0.026923258 
270 161 5 9 0.026919935 
559 48 4 7 0.02690772 
1010 129 5 9 0.026890947 
998 367 15 30 0.026869783 
203 225 8 13 0.026859868 
107 66 6 9 0.026849378 
785 387 13 15 0.026832212 
352 65 4 8 0.026825603 
158 274 9 14 0.026816092 
571 219 6 10 0.026793106 
684 149 6 11 0.026791621 
603 64 7 10 0.026778352 
652 4 5 7 0.026777469 
492 385 9 14 0.026767904 
231 22 6 8 0.02676588 
350 231 5 10 0.026763368 
526 235 7 12 0.026756773 
980 192 7 13 0.026733998 
588 50 5 7 0.02672864 
436 104 6 8 0.02672764 
531 4 4 6 0.026702143 
0 143 3 8 0.02669955 
894 242 9 13 0.02669161 
909 79 6 11 0.026680155 
946 21 5 9 0.026650816 
169 629 10 15 0.026646854 
941 4 4 6 0.02663829 
786 260 7 12 0.026636876 
520 94 5 7 0.026628552 
427 10 6 8 0.026626095 
538 31 4 6 0.026611822 
496 517 8 14 0.026608573 
191 223 8 15 0.026604788 
288 241 4 6 0.026598787 
492 37 5 6 0.026589263 
45 249 7 12 0.02658727 
146 175 6 9 0.026578046 
1013 190 3 7 0.026554316 
601 53 14 22 0.026548363 
641 673 4 9 0.026516993 
794 245 7 11 0.026505271 
500 201 6 10 0.026502116 
602 123 5 10 0.026501156 
769 0 6 10 0.026497817 
453 236 8 14 0.026492326 
408 67 5 8 0.026491335 
576 22 4 7 0.026485555 
472 199 6 11 0.026482647 
889 218 5 10 0.02647344 
570 3 5 8 0.026472539 
225 141 6 11 0.026469136 
962 66 5 10 0.026466131 
275 229 5 6 0.026465688 
750 27 6 11 0.026459575 
787 102 5 11 0.026455218 
828 91 5 9 0.026442122 
561 232 8 12 0.026404735 
575 214 6 10 0.026365848 
543 87 5 7 0.026336173 
914 16 5 7 0.02632182 
84 227 6 11 0.026318254 
356 405 8 13 0.02630136 
530 9 4 7 0.026289407 
271 420 10 17 0.026286991 
358 200 7 12 0.026258316 
691 108 7 12 0.026252203 
192 284 6 11 0.026251698 
581 184 8 13 0.026250158 
888 120 8 15 0.02624447 
367 319 8 15 0.026241614 
320 161 5 10 0.026237868 
539 87 6 8 0.026227117 
823 509 11 24 0.026219562 
712 135 4 10 0.026217803 
334 84 4 8 0.026214201 
424 125 4 7 0.026203237 
776 580 11 16 0.02618566 
943 147 8 12 0.02617368 
786 167 6 12 0.026169322 
827 158 7 13 0.026153639 
193 217 7 14 0.026130991 
305 544 11 14 0.026117539 
536 117 5 8 0.026114106 
154 136 6 8 0.02610515 
758 445 11 20 0.026096882 
219 241 5 7 0.026086694 
220 161 5 10 0.026084477 
304 138 5 8 0.0260814 
657 465 9 16 0.026075903 
254 297 5 9 0.02607497 
978 9 4 8 0.026074002 
1026 655 16 32 0.026050787 
710 75 4 8 0.026037922 
870 128 7 13 0.026034374 
1020 27 14 24 0.02601153 
1019 352 15 24 0.025977122 
961 0 3 5 0.025916504 
807 174 7 12 0.025912309 
275 68 4 7 0.025868291 
552 77 5 9 0.025861682 
-1 195 12 24 0.02586148 
585 428 11 13 0.025855068 
35 231 7 10 0.025829328 
294 334 6 11 0.025815705 
1000 136 5 10 0.025812924 
400 194 10 17 0.02581209 
933 91 8 13 0.0258101 
192 146 8 13 0.025809683 
974 13 5 9 0.025799336 
477 241 9 12 0.02579325 
612 62 4 7 0.025786418 
513 16 5 7 0.025778253 
543 309 8 12 0.025774738 
780 79 5 9 0.025763258 
687 153 6 11 0.025754731 
200 75 6 9 0.025753858 
684 102 6 11 0.025749814 
735 207 6 9 0.025740886 
998 28 4 8 0.025733573 
461 112 4 9 0.02571416 
841 493 12 15 0.025713043 
528 376 9 14 0.025676778 
48 497 9 17 0.025662359 
573 399 11 14 0.025642013 
343 282 10 16 0.025637278 
325 241 7 10 0.02563079 
144 383 9 15 0.025627108 
599 389 11 14 0.02561666 
847 513 16 28 0.025613885 
619 152 6 11 0.025605224 
619 102 6 12 0.025578806 
607 69 7 12 0.025523955 
467 466 11 15 0.025522852 
135 17 7 10 0.025521155 
883 165 8 14 0.02550482 
542 56 5 8 0.025473988 
749 630 7 7 0.025471155 
453 333 8 13 0.025450703 
842 153 6 13 0.025445351 
102 181 6 9 0.025439577 
501 133 4 7 0.025434617 
744 198 6 10 0.02543447 
335 207 8 10 0.025383318 
309 239 4 7 0.025374653 
510 91 5 8 0.025373353 
352 612 24 23 0.025372919 
619 144 6 10 0.025355933 
324 181 6 9 0.025353825 
117 255 9 15 0.025353227 
981 335 74 100 0.025349835 
573 384 10 13 0.025334895 
976 112 9 15 0.025327561 
1029 637 16 30 0.025319183 
843 171 7 13 0.025295801 
791 134 7 14 0.025278693 
311 546 11 13 0.025271138 
615 198 7 11 0.025269905 
943 59 6 10 0.025236525 
179 190 8 14 0.025233934 
435 69 5 6 0.025222292 
321 221 5 8 0.02520956 
977 184 8 14 0.025209371 
579 409 11 15 0.025207046 
967 0 4 5 0.025171727 
958 342 10 15 0.025171326 
92 94 16 25 0.025156643 
855 4 6 7 0.025154293 
815 127 6 12 0.025152907 
780 115 6 11 0.025146956 
775 174 6 10 0.02512674 
29 258 8 12 0.02510028 
670 65 6 10 0.025092732 
525 227 6 10 0.025087165 
781 246 4 8 0.02508654 
424 54 5 8 0.025065925 
664 102 6 10 0.025057262 
966 102 8 15 0.025050621 
264 254 5 7 0.025012543 
701 270 7 11 0.024979565 
931 42 4 7 0.024973184 
107 61 5 7 0.02496192 
556 174 6 12 0.024955379 
208 328 7 13 0.024942387 
562 214 5 9 0.024941403 
166 370 8 14 0.024941325 
274 74 4 7 0.024939176 
996 612 12 18 0.024937794 
489 294 8 13 0.024917541 
839 16 7 10 0.024907041 
358 166 7 12 0.024896672 
18 458 9 15 0.024893206 
904 128 6 13 0.024890335 
262 314 6 11 0.02488764 
781 102 6 11 0.024880135 
296 308 9 13 0.024878636 
730 244 6 12 0.024864078 
225 79 6 8 0.024860354 
1031 36 12 27 0.024854524 
478 220 9 12 0.024842337 
63 186 6 10 0.024840504 
724 109 7 12 0.024840035 
585 410 11 15 0.024836842 
770 115 5 9 0.024823138 
537 136 4 8 0.024791652 
0 449 4 11 0.024790585 
818 8 7 11 0.024777226 
488 41 6 7 0.024760472 
691 15 6 9 0.024760252 
89 497 10 19 0.024751168 
689 510 12 16 0.024744956 
627 166 8 15 0.024737215 
474 74 5 6 0.024732921 
360 513 13 17 0.024729503 
485 126 4 7 0.024711931 
696 240 7 10 0.02470284 
14 207 5 8 0.02467735 
373 523 11 19 0.024667406 
427 295 7 12 0.024667006 
209 460 12 16 0.024659349 
771 318 8 14 0.02465923 
280 315 7 14 0.024635075 
357 173 8 13 0.024615457 
82 266 6 9 0.024588173 
768 266 8 10 0.0245837 
179 91 6 9 0.024582095 
381 188 9 16 0.024572263 
127 553 8 17 0.024572022 
426 157 6 10 0.024569878 
57 4 5 7 0.024561917 
280 188 6 9 0.024560982 
810 167 8 15 0.024558768 
552 37 5 7 0.024552505 
527 9 4 7 0.024550512 
409 134 6 11 0.024547717 
237 320 82 78 0.024547264 
287 116 5 11 0.024530565 
818 229 9 14 0.02452101 
470 118 4 8 0.02451564 
84 156 6 9 0.024504215 
835 448 10 16 0.024488913 
1 210 4 10 0.024474565 
222 98 5 9 0.024467861 
96 85 8 11 0.024462057 
263 76 5 7 0.024451016 
544 206 6 10 0.02442746 
423 3 5 7 0.024414185 
49 234 14 24 0.02438578 
44 108 6 13 0.02438472 
243 266 5 9 0.024383271 
479 416 8 14 0.024373004 
595 66 5 9 0.024365319 
288 296 7 11 0.024362624 
690 20 6 9 0.024352401 
401 305 14 19 0.024345139 
198 149 7 11 0.02434427 
428 -1 5 5 0.024333168 
628 358 14 23 0.024330625 
336 433 8 16 0.02432736 
454 104 6 9 0.024316141 
539 17 3 7 0.024313357 
514 21 6 10 0.024305267 
546 380 15 21 0.024303548 
872 4 5 7 0.024296954 
492 144 6 9 0.024285508 
70 318 10 18 0.024284106 
740 380 12 19 0.02427142 
728 308 8 13 0.02426629 
614 226 7 11 0.024260288 
781 251 5 9 0.02425884 
560 226 6 9 0.024215445 
962 29 4 9 0.024202697 
243 221 6 9 0.02419734 
548 250 8 13 0.024194395 
407 475 10 19 0.024192454 
1004 98 6 9 0.024177121 
679 85 13 22 0.02417599 
721 229 9 12 0.0241732 
546 4 4 6 0.02416945 
532 208 6 9 0.02416571 
469 2 5 9 0.024153378 
340 447 8 15 0.0241496 
719 191 5 12 0.024148738 
880 205 8 12 0.02414853 
177 250 75 85 0.024147449 
305 306 9 15 0.024126122 
141 169 5 7 0.024121093 
926 20 5 9 0.024111092 
739 591 8 12 0.024105929 
734 244 6 11 0.02410174 
971 417 7 12 0.024097228 
749 152 7 14 0.024072966 
510 373 13 22 0.024055783 
324 409 10 17 0.024046758 
804 446 10 18 0.024038404 
657 125 6 10 0.024037445 
590 192 7 10 0.024032444 
49 228 6 9 0.02403133 
790 99 13 25 0.02402451 
649 8 5 9 0.024009712 
284 167 5 10 0.023998601 
845 17 5 6 0.023993257 
143 42 3 6 0.023975095 
171 16 5 7 0.023969647 
610 444 10 17 0.023967097 
402 117 5 10 0.023966238 
515 580 8 16 0.023955896 
543 31 4 6 0.023951916 
476 7 6 9 0.023939896 
412 197 8 13 0.023938581 
185 156 5 10 0.023930447 
985 541 9 14 0.023928162 
185 263 7 12 0.023923334 
1005 81 5 8 0.023918774 
380 226 8 11 0.023909535 
432 214 10 20 0.023887739 
276 118 5 9 0.023886573 
324 278 8 13 0.02388468 
461 288 7 13 0.023857083 
139 97 5 8 0.023852857 
256 424 9 15 0.023850242 
18 327 9 13 0.023845071 
987 391 35 46 0.023843221 
125 257 7 13 0.023840154 
575 265 6 9 0.023839775 
158 25 7 11 0.02382144 
337 173 15 23 0.023816274 
162 396 10 15 0.023812858 
125 337 8 15 0.023800818 
588 17 4 5 0.023790086 
256 130 5 9 0.02377568 
1009 280 8 13 0.023769718 
910 416 14 25 0.023767166 
571 126 5 8 0.023758894 
519 78 6 9 0.023756724 
170 79 8 11 0.023749018 
242 276 6 9 0.023746915 
105 151 5 9 0.023745509 
761 240 9 10 0.023719294 
294 266 5 8 0.023715146 
159 78 5 10 0.023715066 
809 29 6 9 0.023707481 
974 217 7 11 0.023697967 
180 255 8 14 0.023693254 
770 306 8 14 0.023689752 
843 199 8 17 0.023686415 
43 441 10 17 0.023666164 
113 485 12 28 0.023665953 
135 333 8 14 0.023663392 
140 82 6 12 0.02365409 
787 458 11 17 0.023634247 
401 150 14 26 0.023633765 
485 68 5 8 0.023631645 
973 401 13 28 0.023619883 
774 2 6 9 0.023612455 
132 585 10 20 0.023611158 
768 402 15 21 0.023610823 
883 193 7 12 0.023607856 
204 75 6 9 0.023599304 
885 69 5 8 0.023597302 
951 77 7 11 0.02358485 
143 47 5 9 0.02358451 
908 155 8 14 0.023578769 
585 103 5 10 0.02357011 
749 231 6 10 0.023563776 
474 92 6 8 0.023562677 
430 105 5 9 0.023558838 
907 286 8 16 0.023548076 
838 8 6 8 0.023546573 
480 0 5 6 0.023529457 
1000 256 5 10 0.023529198 
846 238 6 11 0.023528425 
275 218 7 9 0.023516154 
557 333 8 13 0.023511618 
761 174 7 9 0.023507109 
407 639 8 19 0.023501886 
930 48 4 6 0.023500906 
810 315 8 13 0.023494968 
88 12 6 8 0.023483675 
882 116 8 13 0.023481082 
595 109 7 11 0.023475355 
543 212 6 9 0.023473432 
658 554 11 20 0.023462122 
159 226 9 12 0.023455132 
884 185 7 15 0.023448927 
165 109 6 10 0.023445752 
562 219 4 9 0.023442978 
243 207 6 10 0.023413053 
587 78 6 12 0.023409449 
326 169 6 9 0.023406124 
641 126 5 8 0.023401488 
202 385 12 18 0.023396224 
1032 292 13 25 0.023374569 
539 56 5 8 0.023374313 
1003 419 10 18 0.023365367 
104 287 11 17 0.023363918 
1016 260 13 22 0.023363365 
229 426 10 16 0.02335846 
703 221 6 9 0.023356143 
522 244 8 12 0.023354314 
159 200 7 10 0.02334792 
114 671 11 16 0.023335876 
979 4 4 7 0.023335442 
560 413 9 16 0.023330517 
337 332 7 14 0.023325417 
564 85 7 9 0.023314388 
38 178 6 8 0.023304066 
189 326 8 14 0.023293182 
596 393 15 23 0.023289818 
630 85 7 12 0.023287345 
1020 239 6 11 0.023276651 
941 239 6 10 0.023275819 
657 422 8 16 0.023271475 
118 309 9 15 0.023269251 
591 218 6 10 0.023262339 
907 128 7 13 0.023254959 
146 47 5 9 0.023250906 
1042 351 23 41 0.023242332 
1016 367 17 27 0.023239305 
256 53 5 9 0.023238212 
543 39 6 9 0.02322042 
300 272 6 9 0.023218425 
846 22 5 8 0.023210246 
320 94 5 8 0.023209672 
792 127 7 14 0.023197616 
101 237 6 11 0.023183899 
80 78 58 79 0.02317758 
822 364 10 17 0.023175573 
531 161 78 84 0.023170581 
955 14 5 10 0.023166897 
144 182 7 10 0.023164103 
287 383 7 14 0.023149226 
301 101 63 83 0.023143843 
239 292 15 22 0.023141032 
837 91 4 8 0.023123754 
800 110 5 11 0.023118427 
349 621 19 35 0.023095384 
538 21 4 7 0.023091303 
971 331 8 14 0.023084493 
461 61 5 7 0.023080146 
87 204 9 14 0.023063485 
192 484 9 15 0.023057384 
416 75 6 9 0.023057245 
457 212 7 12 0.02305547 
169 442 9 15 0.023037221 
203 307 7 13 0.023032451 
255 352 8 16 0.023032248 
357 346 8 16 0.023032013 
679 204 7 13 0.023025516 
211 140 5 9 0.023012828 
143 337 10 14 0.023011426 
942 10 3 6 0.023010807 
205 91 6 11 0.023005038 
705 26 62 86 0.022990553 
848 144 8 15 0.02299041 
782 219 6 10 0.022974608 
109 515 8 16 0.022953512 
627 246 8 10 0.022949917 
549 124 5 9 0.02293177 
462 125 5 8 0.022922026 
1043 326 22 40 0.0228961 
838 104 5 9 0.022868875 
498 97 6 9 0.022859303 
447 178 9 13 0.022858739 
593 359 10 14 0.022858504 
545 145 4 8 0.022855472 
973 0 4 6 0.022845553 
238 160 6 10 0.02283018 
126 192 6 11 0.022830166 
484 74 5 7 0.022818536 
134 32 6 10 0.022815417 
1046 252 19 36 0.022812998 
296 182 5 7 0.022799332 
116 5 6 7 0.022795161 
333 232 5 8 0.022793222 
346 194 6 10 0.022792244 
153 178 14 20 0.022792077 
521 68 4 7 0.022786502 
982 225 7 12 0.022785334 
774 106 6 11 0.022783814 
769 130 7 14 0.022777362 
296 188 6 9 0.022773989 
552 55 4 8 0.022773916 
682 142 6 10 0.02277154 
571 -1 3 4 0.022762327 
1020 207 5 9 0.022762146 
711 24 7 12 0.022754088 
616 111 13 22 0.022751203 
716 284 8 11 0.022742389 
1034 75 12 24 0.022723649 
328 191 71 77 0.022718016 
477 438 12 15 0.022705734 
512 117 6 8 0.022703169 
227 312 8 12 0.022691417 
190 648 5 10 0.022686854 
201 437 11 17 0.022683095 
33 106 4 7 0.0226763 
472 420 10 16 0.022667116 
650 107 13 20 0.022666384 
494 4 5 6 0.022654347 
651 415 8 16 0.022649372 
1018 44 15 28 0.022645462 
933 263 9 16 0.022643957 
551 69 5 7 0.022642847 
907 269 16 23 0.02264219 
702 345 10 17 0.0226392 
815 80 5 9 0.022611547 
708 295 9 13 0.022583 
372 130 5 10 0.02256989 
398 425 12 17 0.022552371 
905 391 16 26 0.022516211 
594 138 5 8 0.022501234 
689 1 16 25 0.022492232 
226 87 77 85 0.022490764 
546 0 3 4 0.022488017 
869 273 9 14 0.022470871 
152 106 6 9 0.02246607 
109 3 5 7 0.022465087 
34 176 5 7 0.022465078 
931 370 10 17 0.022463132 
307 193 6 8 0.022457318 
455 35 6 9 0.022454608 
545 15 4 7 0.022448445 
519 263 8 13 0.022441108 
139 454 9 15 0.022433719 
781 168 6 12 0.022429174 
674 148 5 9 0.022423372 
891 345 11 15 0.02241041 
429 485 10 15 0.022400612 
523 316 15 21 0.022393541 
1020 306 15 24 0.0223919 
109 104 4 10 0.022391722 
48 123 7 12 0.022391643 
58 9 5 7 0.022382945 
306 434 11 16 0.022382615 
222 526 11 17 0.022381105 
246 156 6 10 0.02237755 
0 501 4 11 0.022376403 
235 246 6 8 0.02236206 
653 20 6 11 0.02235629 
787 280 8 14 0.02235602 
623 393 15 22 0.022354515 
632 346 9 16 0.022342853 
537 154 6 9 0.022339422 
702 303 11 13 0.022320576 
461 90 6 9 0.022316545 
696 206 6 10 0.022311263 
131 93 5 8 0.022292556 
442 21 9 12 0.022289356 
689 186 6 11 0.022284169 
518 84 6 10 0.022277517 
716 108 6 10 0.022274973 
1005 90 5 10 0.022266982 
884 587 3 5 0.022260735 
900 9 6 7 0.022241598 
45 195 4 7 0.022239525 
648 64 59 79 0.022228522 
417 295 9 14 0.022226607 
185 68 5 7 0.022221982 
964 59 6 11 0.022214446 
978 14 4 9 0.02220154 
55 461 7 13 0.02219 
191 351 9 16 0.022188991 
589 207 7 12 0.022181237 
677 2 6 8 0.022174228 
1020 252 14 22 0.022166697 
563 175 7 13 0.022165285 
520 103 5 10 0.02216241 
424 -1 4 5 0.022146504 
868 105 7 11 0.022132317 
1002 123 5 9 0.022130627 
204 268 8 12 0.022129951 
229 136 6 9 0.022123108 
697 162 6 11 0.02211908 
545 271 7 10 0.022114765 
671 155 6 11 0.022111312 
256 60 4 8 0.022104815 
205 144 5 8 0.022101544 
571 213 5 10 0.02209724 
166 79 8 12 0.022090878 
624 647 7 13 0.022090172 
294 155 6 10 0.022084298 
851 198 7 15 0.022054665 
408 90 7 11 0.022049554 
747 180 5 12 0.022042653 
645 447 8 15 0.02204113 
408 73 6 8 0.02203571 
473 56 5 7 0.022022275 
532 421 15 20 0.022004146 
705 154 6 11 0.022003632 
109 21 7 10 0.021990957 
166 377 10 17 0.021981701 
1021 106 13 22 0.021979973 
875 74 5 8 0.021968363 
122 640 14 28 0.021961855 
775 179 6 11 0.02195753 
839 229 8 13 0.021951899 
587 23 5 7 0.021951174 
218 156 5 9 0.021949159 
225 235 8 10 0.021937776 
201 67 4 7 0.021936541 
220 176 65 81 0.021905264 
682 330 9 15 0.021903588 
851 231 7 12 0.02190215 
328 232 5 8 0.021884823 
142 111 5 10 0.021876916 
966 232 6 11 0.021876419 
328 145 5 8 0.021872079 
504 233 6 11 0.021868177 
780 260 8 11 0.021862987 
846 106 5 8 0.021858217 
628 11 5 7 0.021853648 
412 541 15 23 0.02183244 
218 297 6 10 0.021832002 
524 692 44 61 0.021830622 
14 526 5 10 0.021828853 
886 278 10 14 0.021828057 
806 282 6 10 0.02182085 
390 41 4 7 0.021818409 
133 247 7 13 0.021802228 
593 259 5 10 0.021799289 
655 206 8 11 0.021795526 
427 218 9 18 0.021787181 
907 59 6 10 0.021768304 
553 59 5 8 0.021754676 
252 214 5 9 0.021750268 
1032 278 12 23 0.021725787 
663 87 6 9 0.02171053 
96 21 5 10 0.02170463 
20 196 5 7 0.021700976 
346 633 8 16 0.021698553 
237 54 5 8 0.021686077 
691 120 4 9 0.021682145 
500 5 6 6 0.021680644 
744 294 10 15 0.021678215 
230 243 7 9 0.021649648 
570 117 4 9 0.021637497 
564 91 5 9 0.021637121 
15 360 7 11 0.02162221 
388 8 7 10 0.021615684 
454 98 5 8 0.021609157 
521 150 14 21 0.021599934 
903 41 5 7 0.021595035 
182 267 14 20 0.021595014 
1021 129 14 27 0.021593189 
417 159 8 13 0.021575306 
77 15 4 8 0.021572465 
595 128 5 10 0.02157159 
916 61 6 10 0.021566192 
209 289 6 12 0.021557625 
244 53 13 21 0.021554086 
441 15 6 9 0.021551449 
177 302 8 12 0.021533726 
717 319 9 16 0.02151974 
363 422 10 15 0.02151893 
477 354 11 16 0.021515643 
1003 128 7 11 0.02151478 
731 238 6 12 0.02151168 
546 117 5 8 0.021499641 
197 217 6 13 0.021497797 
52 142 5 9 0.02149073 
658 75 5 7 0.021484781 
672 111 5 10 0.021481615 
107 148 14 21 0.021479165 
433 67 15 23 0.021477576 
146 2 6 11 0.02147326 
483 453 13 18 0.021466035 
421 222 8 15 0.021465106 
325 132 5 7 0.02146415 
506 104 5 8 0.021456676 
761 193 6 11 0.02145518 
984 46 4 9 0.021451274 
707 103 5 9 0.021451185 
704 238 6 9 0.021442678 
391 537 15 24 0.021435698 
1000 13 5 12 0.02143401 
112 278 10 15 0.02143163 
1005 51 16 26 0.021421373 
781 157 5 9 0.021414906 
1033 150 12 24 0.021412132 
638 302 9 12 0.02141181 
173 168 5 9 0.021411408 
101 192 7 12 0.021393737 
128 144 3 5 0.021390941 
32 196 6 6 0.021390216 
935 34 5 9 0.021384748 
24 298 8 11 0.02137473 
982 144 5 10 0.021369556 
80 288 12 15 0.02136917 
289 138 5 8 0.021365141 
851 269 6 11 0.02135814 
58 131 6 8 0.021343842 
542 422 9 15 0.021341667 
127 34 6 10 0.02134086 
671 262 8 11 0.021332419 
1001 273 13 25 0.021321319 
52 171 4 6 0.021320723 
830 223 6 12 0.021315584 
128 138 4 6 0.021312485 
718 244 7 12 0.021309383 
952 241 72 84 0.02130643 
772 157 6 10 0.021303847 
918 117 16 24 0.02128931 
202 251 8 14 0.021274341 
531 57 5 7 0.021273505 
17 257 8 13 0.021269947 
914 134 8 14 0.021267327 
69 79 6 8 0.021263545 
390 52 5 10 0.021263193 
877 48 4 7 0.021260561 
37 246 8 12 0.021259042 
274 168 6 9 0.021258144 
283 276 6 9 0.021245651 
396 68 4 6 0.021242397 
288 68 4 7 0.021232808 
61 59 6 8 0.021226846 
246 91 5 9 0.021225335 
196 398 9 17 0.02122517 
711 185 6 13 0.021224769 
889 140 6 13 0.02122447 
760 76 6 12 0.02122372 
595 492 10 17 0.021221574 
853 345 14 24 0.02121335 
455 92 5 8 0.021211488 
301 93 5 8 0.02120573 
595 314 7 10 0.021202944 
59 224 6 10 0.021202706 
498 523 8 13 0.021200493 
626 264 7 10 0.021197129 
599 446 10 21 0.021193217 
653 172 8 14 0.02118951 
966 90 6 10 0.021185098 
743 244 6 10 0.021181975 
645 250 7 11 0.021173459 
114 180 15 25 0.021171965 
237 173 6 11 0.021166725 
727 334 10 16 0.02116471 
719 362 11 20 0.02114627 
537 294 8 13 0.021140698 
427 278 10 15 0.021134244 
688 413 14 25 0.021131646 
241 506 8 15 0.021130443 
737 316 8 13 0.021119595 
218 176 6 10 0.021116827 
427 60 5 9 0.02110878 
244 260 5 7 0.021099787 
562 403 10 14 0.02109279 
293 258 4 7 0.021090485 
901 79 5 9 0.021072246 
586 360 11 15 0.021069622 
686 120 5 8 0.021060849 
913 285 11 19 0.021060068 
122 55 4 8 0.021043459 
884 29 5 7 0.021042934 
622 135 6 10 0.021027477 
908 146 7 13 0.021024702 
1021 240 14 23 0.021016506 
705 201 6 10 0.021011554 
856 478 9 15 0.02100923 
451 390 9 14 0.020980531 
199 199 7 13 0.020977119 
319 471 9 16 0.020976175 
961 58 6 11 0.020969765 
0 394 3 10 0.020968629 
532 125 5 8 0.020966765 
138 140 3 6 0.02096548 
203 149 5 10 0.020955654 
85 12 5 7 0.02093336 
525 116 7 10 0.020927953 
733 281 9 14 0.020918263 
1044 301 21 39 0.020904412 
883 34 5 7 0.020902192 
460 145 6 9 0.020895664 
131 174 15 22 0.020894533 
770 350 9 15 0.0208871 
746 309 10 14 0.020870859 
866 403 13 24 0.020868212 
784 485 9 16 0.020864803 
447 68 4 6 0.020863818 
1013 181 5 8 0.020863116 
1010 571 21 38 0.020852394 
447 150 5 9 0.020850034 
977 641 16 25 0.020846609 
34 326 9 15 0.020839665 
713 301 8 13 0.020836597 
551 238 6 10 0.020831263 
480 611 8 14 0.02082866 
649 3 4 8 0.020820884 
238 517 10 17 0.020820707 
645 467 15 27 0.02081732 
186 16 4 7 0.020809973 
427 173 8 13 0.020793783 
369 325 8 16 0.020788983 
531 41 5 8 0.020763326 
748 239 12 22 0.020759549 
965 370 7 13 0.020756852 
724 127 6 12 0.020751478 
856 8 5 7 0.020749027 
568 96 6 11 0.020741275 
193 207 6 9 0.020736786 
709 155 5 11 0.020731464 
341 125 3 7 0.020723611 
698 484 10 18 0.020716866 
577 59 5 9 0.020712957 
63 257 7 14 0.020711528 
384 282 8 16 0.020706996 
1032 538 30 54 0.020692436 
513 200 6 9 0.020678371 
286 194 6 11 0.020667292 
425 21 5 10 0.020650169 
63 111 4 9 0.020641208 
325 375 8 13 0.020636182 
321 136 5 9 0.020635916 
956 427 9 16 0.020632789 
173 143 4 8 0.02063242 
198 377 9 14 0.020630127 
771 69 4 7 0.02062686 
88 529 10 17 0.020616978 
1017 139 14 27 0.020610865 
454 261 9 14 0.020598602 
1001 129 5 10 0.020597778 
162 141 5 9 0.020590322 
205 300 6 13 0.020587923 
185 149 5 10 0.020581294 
903 0 5 6 0.020580336 
101 100 7 14 0.0205798 
509 68 5 8 0.02057516 
823 420 11 16 0.020572592 
696 111 6 10 0.020568565 
283 691 38 53 0.020563917 
315 155 5 8 0.020559423 
1032 357 15 28 0.02054979 
944 347 11 16 0.020538226 
76 12 4 6 0.020533046 
65 86 5 9 0.020530729 
535 132 5 8 0.020528914 
1034 88 12 23 0.020528445 
407 38 7 11 0.020524284 
151 412 14 26 0.02052247 
531 144 4 8 0.0205204 
136 673 8 14 0.020515429 
1012 32 6 12 0.020512942 
733 257 7 12 0.020509848 
530 67 5 7 0.02050913 
653 224 7 13 0.020508086 
364 382 7 17 0.020507107 
927 127 16 27 0.020504624 
124 206 5 11 0.020503948 
52 79 16 24 0.020503886 
78 523 8 15 0.020502932 
536 206 7 10 0.020498825 
-14 329 73 84 0.02049063 
31 342 8 15 0.020485148 
639 196 9 15 0.020482823 
499 8 7 8 0.020472543 
14 145 5 6 0.020472502 
758 3 57 80 0.020463588 
967 178 8 14 0.020462368 
559 282 9 15 0.020456435 
185 89 7 11 0.020405998 
850 397 10 20 0.020405093 
1006 57 6 13 0.02040081 
760 241 15 19 0.02039745 
52 2 6 8 0.020393042 
224 129 6 10 0.020392003 
332 609 6 10 0.020387914 
311 463 10 18 0.020378023 
335 212 7 10 0.020374581 
780 148 5 9 0.020374399 
942 75 14 23 0.02036902 
97 61 15 22 0.020366998 
599 362 9 14 0.02036627 
88 175 14 20 0.0203651 
800 80 3 7 0.020356402 
769 148 5 10 0.02035118 
883 15 5 7 0.020349786 
633 7 7 9 0.020330573 
579 66 5 10 0.020327963 
794 9 5 8 0.020319743 
1003 117 17 26 0.020319145 
218 272 6 9 0.020306654 
223 210 9 12 0.020298472 
487 96 7 10 0.020298433 
194 162 13 21 0.020296717 
481 111 6 9 0.020288296 
301 249 4 6 0.020282779 
110 159 14 21 0.020270413 
565 634 8 11 0.020261874 
1003 603 14 26 0.020260852 
69 488 8 19 0.020256525 
288 111 5 10 0.02025488 
867 339 10 15 0.020251952 
233 67 5 8 0.020250458 
216 135 5 10 0.02025041 
866 21 5 8 0.020238686 
856 247 9 14 0.020235576 
1003 662 8 18 0.0202296 
14 453 8 15 0.020226086 
339 179 6 11 0.020225717 
371 214 6 9 0.020225387 
969 303 8 11 0.020224702 
80 302 10 20 0.020219343 
571 207 4 9 0.020215318 
872 54 4 8 0.02021287 
466 192 8 14 0.020201983 
789 121 14 26 0.020186853 
801 117 5 10 0.020173445 
146 143 5 8 0.020164413 
811 142 6 11 0.02014865 
760 406 11 17 0.020135293 
210 297 6 11 0.020127613 
1032 342 15 27 0.020125479 
55 233 7 10 0.020123275 
602 643 9 20 0.02012141 
486 104 6 9 0.020113794 
518 284 8 12 0.020109814 
441 275 7 14 0.02010692 
931 116 7 13 0.020106116 
736 213 6 11 0.020094119 
107 53 6 10 0.02008087 
366 224 7 12 0.020065028 
568 298 10 15 0.020064015 
123 156 5 8 0.020061975 
1021 104 5 11 0.020060742 
686 119 12 20 0.02005794 
314 150 5 8 0.020054417 
155 35 6 8 0.020051312 
19 145 6 8 0.02005058 
539 80 5 6 0.020049056 
961 21 4 8 0.020045493 
634 264 7 10 0.020043464 
977 22 28 45 0.020043317 
26 201 7 7 0.02003858 
346 124 6 9 0.02003779 
848 316 9 13 0.02003189 
876 239 7 12 0.020031435 
843 186 6 12 0.020021476 
44 213 6 12 0.020019764 
715 479 16 25 0.020019352 
1028 681 15 31 0.020012805 
793 232 7 10 0.020012558 
968 613 11 14 0.02000878 
230 117 6 8 0.020006662 
811 343 10 17 0.020006537 
798 124 12 25 0.02000422 
1018 378 8 14 0.020003166 
414 383 10 16 0.020001303 
