2_Demonstration_Political_Rally_2_117
462
790 214 24 27 0.9994466 
381 213 26 34 0.997106 
286 194 22 31 0.99582326 
633 202 23 28 0.99557304 
66 197 17 25 0.99432325 
23 202 21 31 0.9911377 
585 195 35 41 0.990333 
837 199 29 40 0.9878369 
731 216 24 38 0.93870133 
414 207 16 24 0.9065542 
807 188 11 16 0.89573437 
956 187 21 36 0.8882877 
878 191 27 45 0.8538279 
454 197 9 13 0.83579135 
144 207 12 22 0.83091575 
123 215 15 27 0.6638099 
780 202 11 19 0.6538832 
478 192 10 14 0.5938647 
260 205 19 32 0.484232 
533 193 10 12 0.39561075 
472 171 7 9 0.38792413 
696 207 15 29 0.38733047 
361 197 9 12 0.36639854 
176 196 7 14 0.3334254 
543 185 7 8 0.3211412 
728 184 6 8 0.28690588 
794 194 10 14 0.2820363 
408 151 8 11 0.26395553 
906 686 54 41 0.24448064 
736 182 6 8 0.2377604 
527 192 6 9 0.2376418 
530 192 8 11 0.22667658 
120 315 24 43 0.22612451 
524 183 5 8 0.21647316 
243 335 10 20 0.2013456 
487 171 6 8 0.1992058 
768 183 5 7 0.17874476 
934 34 20 28 0.17072357 
371 184 8 9 0.16325796 
416 171 9 13 0.16124955 
398 191 6 8 0.15873392 
724 179 5 6 0.13479201 
556 183 4 9 0.13042152 
763 183 6 7 0.12905449 
642 138 10 13 0.12862578 
401 191 7 8 0.12718982 
617 97 8 12 0.12131226 
505 352 14 26 0.109316655 
724 175 3 6 0.103649706 
513 193 5 8 0.09376285 
486 178 7 9 0.090896875 
551 184 5 8 0.090592615 
869 173 4 5 0.082955 
400 403 11 19 0.08140636 
492 172 5 6 0.08085797 
182 103 10 12 0.07845742 
162 100 10 14 0.077244595 
250 184 14 30 0.07613822 
199 195 7 10 0.07579454 
448 153 7 10 0.07562035 
244 278 9 16 0.07480424 
478 172 6 7 0.07477812 
431 144 6 8 0.07398788 
718 174 4 5 0.07390949 
744 195 7 12 0.073280305 
711 172 4 6 0.07273512 
140 183 6 11 0.07256966 
518 193 5 7 0.072302364 
881 181 9 16 0.07163886 
800 178 5 7 0.0702038 
894 193 28 47 0.06887254 
434 145 4 7 0.06832155 
22 154 9 17 0.06790455 
716 189 8 9 0.0667836 
12 195 18 32 0.06522007 
11 176 6 11 0.06353807 
716 186 7 7 0.06246615 
773 183 5 7 0.06190317 
729 181 4 6 0.061777525 
948 168 4 7 0.061635338 
255 191 17 34 0.06075234 
915 134 6 9 0.06030788 
829 176 10 13 0.060039 
468 208 7 11 0.05942348 
699 201 12 18 0.059039026 
819 178 6 8 0.058284096 
744 192 6 9 0.058167186 
404 157 8 12 0.05787175 
204 196 7 11 0.057769757 
10 190 11 24 0.056260437 
710 179 5 6 0.056130774 
393 191 6 7 0.05498452 
953 166 5 7 0.054448716 
107 216 10 16 0.053907156 
423 208 13 20 0.053472295 
485 181 8 13 0.0531115 
798 191 15 19 0.05288923 
603 2 3 5 0.052687224 
449 196 9 12 0.052126113 
869 200 17 31 0.05121149 
941 167 4 7 0.05098203 
691 190 7 9 0.050555475 
340 215 20 28 0.05047153 
473 183 6 8 0.050039086 
898 155 3 5 0.04840675 
537 350 10 22 0.04781998 
740 184 5 7 0.047594834 
940 170 7 11 0.047474343 
490 178 6 8 0.047103178 
595 290 12 17 0.0470932 
466 196 6 9 0.045728892 
195 226 12 17 0.045239292 
532 180 4 7 0.04435695 
622 207 8 12 0.04417114 
10 181 9 18 0.04394072 
280 285 8 14 0.04387632 
269 213 11 17 0.043571934 
625 100 6 10 0.04333938 
334 111 6 13 0.0433206 
967 194 12 16 0.043220125 
544 182 4 6 0.04282339 
700 181 4 6 0.042271435 
498 172 5 6 0.042126406 
138 195 9 13 0.042090453 
480 178 6 8 0.041841555 
1 407 7 18 0.041669805 
773 181 4 5 0.04144325 
406 190 7 9 0.041406326 
9 175 5 9 0.04140152 
623 191 20 27 0.041251387 
529 184 7 9 0.040904235 
506 191 6 10 0.040854234 
817 53 8 13 0.040609054 
453 157 6 9 0.04042664 
719 179 4 5 0.040244848 
898 159 4 6 0.03996244 
521 179 5 9 0.03994543 
448 192 8 9 0.039919198 
178 209 8 18 0.039713293 
704 181 5 6 0.039527297 
764 207 11 16 0.03941178 
208 201 7 12 0.039406184 
308 126 5 7 0.038945995 
371 217 18 28 0.038910333 
795 174 3 6 0.03888009 
795 178 4 6 0.038833268 
960 167 6 8 0.038796578 
557 182 3 5 0.03813528 
916 127 6 8 0.03787774 
788 174 3 6 0.037703563 
120 640 6 7 0.037558306 
602 5 3 7 0.03745917 
880 178 20 30 0.03745082 
543 227 11 13 0.037419256 
824 174 19 22 0.037392396 
422 189 9 10 0.037384905 
408 185 6 7 0.03693667 
488 130 4 5 0.03683434 
809 392 8 13 0.03660812 
539 181 5 6 0.036521625 
692 187 5 6 0.036451563 
518 172 5 7 0.03639414 
729 174 4 5 0.036344904 
488 133 4 6 0.036239136 
538 226 20 26 0.03604332 
964 171 5 9 0.0358211 
1016 42 13 30 0.035351884 
384 191 5 6 0.035322957 
368 219 9 14 0.035281595 
150 203 8 15 0.035273723 
819 406 4 8 0.0352211 
506 173 5 7 0.035181317 
471 202 8 11 0.03499631 
820 174 4 5 0.034838937 
613 93 16 23 0.034569297 
351 195 9 12 0.034540612 
607 1 3 6 0.034388788 
724 531 3 6 0.034084745 
788 179 4 6 0.03385468 
263 199 13 22 0.033774238 
511 177 5 9 0.033731766 
867 173 4 5 0.033716477 
949 684 47 46 0.033712186 
705 524 3 7 0.033661738 
876 156 4 4 0.03352105 
0 41 7 17 0.03325698 
58 204 20 34 0.033176485 
826 153 3 5 0.033001132 
707 200 11 18 0.032848362 
932 171 18 31 0.032691013 
996 399 10 17 0.03231965 
129 683 5 6 0.032102145 
328 414 6 9 0.031792637 
94 106 9 16 0.03179164 
1024 146 17 32 0.031591836 
986 390 38 47 0.031568386 
801 175 4 6 0.031472873 
241 181 7 13 0.03143606 
548 188 6 8 0.031421877 
723 179 17 21 0.03141087 
458 492 12 15 0.031402264 
808 180 32 42 0.031369247 
346 189 7 8 0.03134986 
870 213 7 13 0.031197477 
685 189 8 11 0.031104933 
712 184 5 6 0.0310942 
736 531 6 9 0.031082988 
564 133 4 8 0.030892868 
609 5 3 6 0.030866582 
750 227 22 31 0.03084687 
875 210 9 18 0.030256279 
941 195 6 16 0.030245239 
792 70 6 8 0.030204572 
337 340 8 21 0.03012071 
698 184 5 6 0.030115556 
1013 164 6 10 0.030113326 
8 156 8 14 0.029996328 
403 188 5 6 0.029923273 
402 76 4 7 0.029881468 
776 83 3 6 0.02983092 
1013 158 5 9 0.029739486 
757 83 3 7 0.029722618 
588 6 3 6 0.029632399 
55 205 12 18 0.029618777 
112 218 11 15 0.029504072 
372 422 5 9 0.029372716 
231 32 3 5 0.029363306 
512 294 8 9 0.0293616 
783 173 3 6 0.029265946 
202 196 14 23 0.029171959 
536 183 17 20 0.029079843 
100 335 16 33 0.028980978 
411 63 5 8 0.028969305 
442 148 5 6 0.028752679 
694 191 8 9 0.028724486 
770 97 4 6 0.028609518 
90 660 5 6 0.028415184 
807 175 3 4 0.028301043 
429 178 6 7 0.028254863 
684 231 23 25 0.02809732 
814 179 5 7 0.028082062 
163 113 7 10 0.028047414 
598 6 3 6 0.028042834 
598 2 3 5 0.028037028 
815 188 10 16 0.027962526 
948 187 17 34 0.027953636 
114 639 9 8 0.027923824 
630 127 5 8 0.027716935 
481 170 4 5 0.027695438 
686 197 22 28 0.027655233 
588 140 5 7 0.027626626 
201 229 12 17 0.02748008 
193 198 5 8 0.027463863 
810 68 5 9 0.027404035 
463 62 3 8 0.027403321 
782 96 5 7 0.027400501 
771 174 3 5 0.027358674 
904 142 4 7 0.027205577 
146 181 7 12 0.027171865 
786 100 5 6 0.027086914 
398 120 6 8 0.026924824 
827 391 5 8 0.026901124 
478 491 6 10 0.026668318 
395 95 5 8 0.02659204 
930 153 4 7 0.026586827 
874 156 3 4 0.026466388 
361 288 9 17 0.026412835 
135 201 9 11 0.026293388 
776 97 3 6 0.026292438 
469 168 6 9 0.026282258 
145 190 6 10 0.026281122 
764 203 27 46 0.026260551 
140 202 11 15 0.026246002 
497 196 9 12 0.026235633 
935 171 8 12 0.026212323 
480 185 7 11 0.02616964 
409 401 8 15 0.026149862 
244 32 3 5 0.026105234 
151 180 7 12 0.026082007 
741 181 4 6 0.025997113 
469 196 15 21 0.025993044 
383 64 5 10 0.025953854 
794 185 5 7 0.025934597 
344 195 11 13 0.025901055 
589 137 4 4 0.025831722 
386 99 5 10 0.025795886 
498 177 6 8 0.025786601 
390 119 5 9 0.025735188 
404 116 5 6 0.025682034 
758 180 3 5 0.025639025 
992 380 22 35 0.025635011 
393 208 21 28 0.025603611 
585 187 11 15 0.025585895 
405 179 4 5 0.02550573 
1017 100 8 15 0.025379013 
242 182 15 28 0.025322944 
944 424 23 25 0.02526589 
706 519 3 5 0.02524487 
1012 398 22 34 0.025243236 
624 201 11 15 0.025227355 
461 166 4 8 0.025164679 
399 74 6 10 0.025064811 
508 178 4 7 0.025031386 
408 213 10 14 0.025008913 
731 169 3 5 0.024919556 
455 76 3 7 0.02491446 
852 161 4 5 0.024820037 
890 160 4 5 0.024748284 
865 154 3 4 0.024679305 
752 231 11 18 0.024600152 
410 178 6 8 0.024583478 
378 393 7 14 0.024574641 
775 174 3 5 0.02445665 
908 141 4 8 0.02443757 
497 203 8 10 0.024433771 
466 212 9 16 0.024416035 
735 187 7 10 0.024386987 
396 46 6 11 0.024380159 
600 109 9 12 0.02437992 
772 205 10 17 0.024221491 
878 185 6 10 0.024192734 
1030 185 16 29 0.02417126 
397 115 5 7 0.024156086 
379 189 5 7 0.02409396 
397 189 18 18 0.024027798 
826 395 5 10 0.024003701 
552 182 4 5 0.02398363 
477 472 7 10 0.023962881 
919 125 6 9 0.023914356 
417 191 18 23 0.023876667 
1019 164 15 27 0.023874467 
720 193 12 15 0.023863545 
227 114 8 13 0.023858627 
519 168 4 6 0.023778733 
322 124 6 12 0.023745615 
404 81 4 8 0.023693716 
224 117 7 13 0.023611685 
427 185 6 8 0.023604183 
851 509 7 12 0.023564389 
964 167 5 8 0.02354341 
516 185 14 21 0.0234177 
402 156 15 23 0.023355719 
781 188 19 25 0.023316637 
879 172 3 6 0.023297336 
371 224 9 16 0.023265503 
858 161 3 5 0.023251211 
589 1 2 6 0.023164758 
347 196 17 21 0.02314352 
411 171 6 10 0.0231424 
184 219 28 36 0.023137275 
463 77 3 6 0.023117924 
898 338 22 33 0.023077559 
933 153 4 7 0.023063287 
1019 131 15 27 0.023028668 
402 211 9 12 0.023014683 
503 203 8 9 0.022987837 
631 196 11 13 0.022959702 
819 181 8 13 0.022904055 
415 421 6 10 0.02287561 
739 191 15 22 0.02286612 
144 195 10 16 0.022827629 
695 195 9 11 0.022763088 
616 200 20 27 0.022736354 
499 169 3 5 0.022719009 
588 104 6 8 0.022696275 
431 211 9 16 0.022674251 
515 306 9 11 0.022658147 
830 741 20 17 0.022607574 
862 212 10 16 0.022588855 
463 91 3 5 0.022561371 
970 360 9 14 0.022519236 
390 195 9 8 0.022503553 
89 664 6 6 0.022490116 
5 205 8 15 0.022441227 
248 113 8 15 0.022335945 
760 97 5 6 0.022327768 
929 159 5 8 0.022303667 
636 197 13 15 0.022297278 
806 179 5 6 0.022294084 
311 126 5 9 0.022285795 
555 187 6 10 0.0222843 
241 147 5 9 0.022266285 
644 136 8 8 0.022262255 
717 169 4 6 0.022261556 
512 172 5 8 0.022250907 
461 161 4 6 0.022232318 
208 112 8 13 0.022226226 
901 160 5 6 0.022181 
762 83 4 7 0.022101656 
530 198 11 13 0.022097612 
1018 170 7 13 0.02209263 
344 421 8 8 0.022063596 
470 184 5 7 0.022024816 
891 157 2 3 0.022007108 
183 200 7 12 0.02199574 
493 169 4 6 0.021906212 
506 185 5 8 0.021882083 
814 407 5 8 0.021852741 
412 68 4 8 0.021824455 
947 165 17 25 0.021755025 
988 370 17 30 0.021615831 
456 72 3 5 0.02161023 
238 32 3 5 0.021609813 
521 178 16 22 0.021567203 
540 193 10 13 0.021532707 
785 191 8 11 0.02151556 
369 395 7 12 0.02150521 
813 401 6 10 0.02149832 
684 185 6 7 0.021470796 
410 84 3 6 0.021470515 
443 76 4 6 0.021461142 
585 5 4 7 0.021392917 
953 169 6 10 0.021390874 
910 197 18 37 0.021364031 
385 57 4 8 0.021362923 
668 50 4 8 0.021268846 
402 121 6 6 0.021265388 
913 162 19 30 0.021198688 
475 192 7 9 0.021123363 
1019 163 6 13 0.02112218 
384 188 3 5 0.021038575 
350 344 10 21 0.02098305 
1019 150 7 12 0.020922111 
366 199 12 15 0.020894643 
901 164 7 8 0.020893391 
239 38 4 8 0.02088711 
834 380 4 9 0.020811724 
963 366 9 14 0.020760583 
1013 153 5 9 0.020749263 
512 185 5 7 0.02072224 
1031 201 16 28 0.020677965 
935 160 4 7 0.02063843 
597 12 4 6 0.020576358 
449 77 3 5 0.020567548 
289 44 3 5 0.020489931 
937 165 6 9 0.020472264 
813 448 7 12 0.020449862 
391 95 5 9 0.020443516 
416 71 3 6 0.020435529 
813 175 3 4 0.020398494 
762 77 4 6 0.020389985 
1019 411 20 32 0.020383716 
121 644 6 7 0.020326484 
769 70 5 8 0.020326298 
83 660 6 6 0.020319168 
118 277 8 15 0.020317717 
417 76 3 6 0.020312948 
491 189 9 13 0.020310884 
1030 39 12 27 0.02030902 
349 189 8 9 0.020288536 
24 0 5 7 0.020278184 
478 486 5 8 0.020275082 
137 244 16 17 0.020259116 
778 90 3 5 0.020244315 
307 452 8 11 0.020199075 
822 183 12 19 0.020198535 
496 207 11 13 0.020162709 
865 178 4 6 0.02015576 
772 489 7 15 0.02010661 
762 174 4 6 0.020099191 
710 184 21 21 0.020071793 
971 147 32 47 0.020024901 
