2_Demonstration_Protesters_2_174
36
663 59 113 161 0.99793077 
443 274 31 40 0.9592689 
44 362 40 50 0.75124496 
991 198 30 33 0.7345181 
505 180 41 66 0.6947572 
5 468 15 27 0.20238161 
287 236 33 45 0.18968487 
21 444 18 25 0.14865905 
589 263 37 61 0.11163216 
49 182 336 529 0.10937178 
706 470 83 205 0.105614915 
449 462 29 50 0.055056036 
8 455 20 29 0.04521776 
689 517 17 39 0.044857845 
687 529 10 21 0.04069849 
685 499 7 13 0.0374505 
691 501 7 12 0.03722578 
459 292 22 28 0.036081243 
428 372 28 51 0.031428613 
258 237 48 49 0.031154092 
1014 209 36 50 0.031070074 
625 238 304 471 0.026785586 
1075 266 21 33 0.026549762 
680 504 18 40 0.02618592 
689 516 9 19 0.025268579 
1077 289 19 31 0.025112098 
1017 167 7 11 0.025088435 
10 445 33 49 0.02481738 
1028 229 32 47 0.023791289 
691 498 19 38 0.02300298 
11 453 10 14 0.021204893 
24 435 32 47 0.021190973 
669 504 67 138 0.020631049 
677 234 176 216 0.020462336 
684 515 9 21 0.02029303 
653 26 37 58 0.02013438 
