2_Demonstration_Political_Rally_2_264
1070
678 589 17 29 0.93858373 
388 549 16 24 0.9187592 
442 500 13 25 0.89753646 
335 457 14 21 0.87292975 
738 606 19 33 0.8514189 
56 347 9 11 0.78620744 
653 468 12 19 0.75657797 
274 319 21 21 0.754436 
708 504 14 21 0.7208584 
625 567 14 24 0.7047001 
731 436 11 17 0.66662914 
342 359 11 17 0.65974015 
988 521 13 21 0.609771 
475 475 15 32 0.5691624 
280 347 11 15 0.55054927 
957 385 12 17 0.53673273 
336 416 12 19 0.5244541 
447 349 9 16 0.5208325 
600 364 9 16 0.49835047 
311 325 9 18 0.4914799 
335 398 12 20 0.49045736 
581 457 14 23 0.4887009 
467 347 9 14 0.48536748 
620 364 8 15 0.4773146 
456 457 11 17 0.46353382 
237 575 18 28 0.4489942 
555 317 10 20 0.44199568 
862 411 12 21 0.4374077 
495 328 10 17 0.3906458 
533 284 6 11 0.3795488 
614 471 11 17 0.37144253 
686 460 17 27 0.3688292 
453 428 9 15 0.35672247 
95 358 10 13 0.35328642 
94 498 18 23 0.33462012 
531 510 14 23 0.3204182 
420 399 9 16 0.31909004 
217 549 16 25 0.30872422 
1005 397 10 14 0.30867925 
620 420 11 19 0.29804155 
542 329 9 17 0.29232043 
108 346 10 13 0.28174204 
842 418 9 16 0.24632491 
42 364 11 13 0.2421532 
104 500 13 19 0.23853171 
1 366 7 18 0.22909653 
364 404 9 16 0.21657091 
304 221 19 38 0.21575484 
644 469 11 20 0.21407242 
422 336 8 13 0.20249347 
48 377 12 16 0.19540007 
372 429 10 16 0.19267419 
767 503 8 15 0.1849033 
490 404 9 17 0.17996165 
620 304 11 18 0.17755283 
311 514 11 20 0.16379504 
791 365 12 19 0.16146861 
901 404 17 25 0.15850464 
25 300 7 7 0.15685877 
812 421 9 20 0.15682332 
85 487 18 28 0.15663598 
507 304 8 12 0.15271285 
797 408 12 19 0.15067427 
863 344 8 13 0.14795937 
920 395 11 21 0.14601713 
514 413 10 16 0.14319894 
178 513 16 25 0.13753727 
928 364 9 14 0.13578878 
79 317 6 7 0.13154906 
584 595 19 26 0.12969223 
127 325 8 9 0.12951806 
82 318 6 7 0.12753463 
363 536 9 16 0.12666772 
491 272 6 11 0.1263101 
228 587 16 30 0.124491245 
273 460 8 18 0.1220858 
530 306 8 15 0.11880962 
878 376 9 14 0.11610804 
533 493 17 26 0.115784906 
941 355 7 11 0.11457407 
560 323 10 20 0.11439516 
472 245 6 10 0.113115035 
59 294 5 6 0.112177216 
393 437 11 19 0.11124769 
58 298 6 7 0.11106026 
445 436 8 15 0.11095032 
280 555 18 38 0.11008587 
741 339 8 13 0.10787678 
692 373 8 14 0.10716836 
787 458 10 16 0.10556677 
575 300 8 15 0.104904875 
524 331 8 15 0.10450424 
832 197 7 7 0.101205066 
389 322 6 11 0.10086167 
957 574 33 55 0.1007392 
603 515 12 20 0.10023213 
920 384 9 19 0.09865887 
112 344 9 10 0.09865677 
229 548 17 26 0.09715472 
395 383 9 13 0.09685635 
399 427 9 14 0.096717805 
53 300 5 5 0.09619051 
564 297 8 12 0.095497765 
879 385 11 17 0.09535983 
484 517 11 19 0.09492604 
243 390 10 15 0.09417556 
324 527 19 36 0.09269131 
403 300 7 13 0.09224749 
310 448 10 21 0.091444395 
1014 182 8 12 0.09132207 
757 439 11 17 0.089801334 
615 366 9 15 0.08905489 
724 423 8 13 0.08894725 
862 391 11 17 0.0879622 
861 378 8 14 0.0869625 
957 417 9 14 0.086744756 
441 439 9 15 0.08604465 
499 361 7 11 0.08550082 
223 376 9 15 0.08547692 
925 389 9 20 0.08531253 
96 416 13 18 0.08524793 
1011 397 17 24 0.08460273 
562 420 10 18 0.08395001 
359 532 9 13 0.083097436 
78 328 7 9 0.08216831 
143 486 12 15 0.082131304 
66 465 20 26 0.08212736 
84 348 7 9 0.08189905 
38 354 10 11 0.08144063 
621 295 9 14 0.081032574 
332 314 7 11 0.08101884 
81 473 19 28 0.08044038 
317 511 12 20 0.0800122 
463 417 7 12 0.07843503 
715 322 6 10 0.07786809 
703 388 10 17 0.07777545 
81 323 7 9 0.07751783 
743 377 9 15 0.076530576 
196 363 10 20 0.0763733 
478 304 6 10 0.07630366 
156 363 16 25 0.07606182 
118 376 11 18 0.07575355 
739 416 12 16 0.07570565 
646 370 9 15 0.075373106 
425 362 9 16 0.07471349 
69 346 8 10 0.074076734 
715 462 10 20 0.07399585 
413 347 10 14 0.07324584 
383 265 9 16 0.07314746 
811 431 9 21 0.07313848 
63 294 6 6 0.07251723 
345 327 8 14 0.07244489 
64 361 8 10 0.072431356 
684 328 8 15 0.07211801 
730 322 7 14 0.07175834 
531 296 8 13 0.07162103 
568 299 8 14 0.07134455 
478 309 7 13 0.06972637 
698 314 7 12 0.06937709 
722 336 7 12 0.069253415 
510 329 6 10 0.068920635 
811 408 10 20 0.06847516 
804 298 6 10 0.06840461 
940 468 15 32 0.06738577 
78 314 5 6 0.066746965 
167 510 17 27 0.06663624 
514 449 12 20 0.06653714 
108 303 7 9 0.06527195 
491 576 12 18 0.06493599 
802 404 9 16 0.06491206 
648 581 12 20 0.06455976 
455 303 6 11 0.0636067 
836 445 9 18 0.06315647 
279 352 14 23 0.06288246 
635 366 6 10 0.06222582 
664 403 11 17 0.062215585 
409 320 8 12 0.061808158 
459 423 9 15 0.061681204 
917 322 6 9 0.06095434 
690 328 8 14 0.060683273 
640 353 7 11 0.060065176 
385 346 7 12 0.059546567 
913 399 14 25 0.05876611 
936 323 7 10 0.05858586 
22 299 6 7 0.058127936 
268 465 9 17 0.057478454 
862 508 10 21 0.05747145 
99 352 10 14 0.057184584 
550 324 9 19 0.057122443 
723 311 7 10 0.057117604 
813 398 8 15 0.057111733 
535 341 7 12 0.057009738 
761 323 10 15 0.056639634 
239 547 11 21 0.05640978 
544 301 8 13 0.056081764 
815 402 10 18 0.05550394 
514 245 5 9 0.055443358 
646 307 8 13 0.05527508 
500 233 6 11 0.055263445 
63 297 6 7 0.055244662 
33 329 7 9 0.055215366 
509 314 9 14 0.054940645 
361 561 16 32 0.05461624 
966 424 9 15 0.054544266 
104 291 5 7 0.054296438 
86 389 11 14 0.053600475 
579 298 10 16 0.05351995 
752 358 8 15 0.053477015 
595 343 8 15 0.053313054 
463 421 10 16 0.053102396 
519 302 6 11 0.05298304 
326 468 8 14 0.052900955 
324 513 10 19 0.052808724 
837 366 6 10 0.05270195 
964 454 12 19 0.052265607 
102 346 11 13 0.05209096 
898 317 5 9 0.05208332 
466 383 8 13 0.051933955 
486 345 8 14 0.05183797 
815 415 9 18 0.051544596 
170 531 11 15 0.051068556 
983 391 10 16 0.05080923 
896 297 6 8 0.05061198 
208 360 18 25 0.05054998 
10 375 12 19 0.05052484 
123 329 7 9 0.05003716 
299 446 9 16 0.049942695 
901 337 7 9 0.049835704 
538 331 8 15 0.049832083 
875 359 8 13 0.04976858 
415 442 8 15 0.049702253 
514 241 4 8 0.049432144 
727 398 10 19 0.049247913 
960 229 26 40 0.049196992 
850 400 8 17 0.049168874 
677 319 8 14 0.049030263 
487 238 5 10 0.0489928 
133 396 8 14 0.04862139 
463 347 8 14 0.048522238 
816 329 8 13 0.048447423 
410 441 8 15 0.04842621 
37 350 8 9 0.048023645 
355 434 11 18 0.04794431 
77 356 8 10 0.04778307 
431 403 9 15 0.04741608 
410 545 8 15 0.047030687 
511 334 6 11 0.046950597 
501 509 12 19 0.046798468 
456 367 6 11 0.046520837 
703 340 8 12 0.04644804 
944 358 9 13 0.046148557 
663 314 7 13 0.046053067 
3 329 8 10 0.045753323 
812 348 7 11 0.04571825 
5 315 9 10 0.045442726 
162 551 13 20 0.045404043 
581 290 9 13 0.04521065 
248 293 11 18 0.045187484 
684 303 8 13 0.04510463 
507 298 7 10 0.044724528 
803 416 13 28 0.04466229 
921 323 6 8 0.044593196 
913 359 9 11 0.044467703 
586 300 8 14 0.044307813 
720 584 15 30 0.04415788 
812 538 11 15 0.044059586 
746 346 9 16 0.043949187 
684 379 9 16 0.0438401 
154 335 7 12 0.043761086 
878 316 6 9 0.043680433 
583 466 17 29 0.043614965 
678 333 9 15 0.043560527 
524 298 6 11 0.04351607 
844 445 9 19 0.043455143 
498 309 6 13 0.043218996 
921 360 7 11 0.043177474 
955 321 7 12 0.043154262 
139 391 8 15 0.042973846 
550 337 8 14 0.04290565 
37 330 7 8 0.042889792 
695 333 7 13 0.042884592 
107 376 8 14 0.042834982 
101 379 9 15 0.042829208 
747 395 10 17 0.042741824 
524 322 7 14 0.04265785 
1055 404 12 19 0.042556304 
486 313 8 14 0.042264756 
80 360 8 11 0.042244103 
721 504 9 20 0.042145737 
699 304 6 10 0.04204184 
710 370 9 14 0.041932937 
460 301 7 12 0.04185018 
420 437 7 12 0.041849148 
93 397 10 12 0.04176779 
71 312 5 7 0.04163796 
440 366 8 14 0.041631766 
428 438 6 11 0.041572403 
472 378 7 13 0.04155014 
920 337 7 10 0.041491188 
420 343 9 16 0.04144812 
995 391 14 24 0.04142006 
152 366 10 15 0.041157044 
535 361 9 18 0.041151684 
910 360 7 12 0.04113826 
702 429 10 20 0.041135952 
772 497 9 17 0.041129805 
960 209 18 27 0.040973328 
718 347 7 13 0.040777564 
677 339 8 15 0.040719416 
1018 348 14 24 0.040711626 
714 470 28 47 0.040702697 
702 380 9 16 0.040679105 
589 486 18 31 0.04045108 
930 390 9 18 0.040429782 
825 286 5 7 0.04025465 
844 378 9 15 0.040035974 
331 324 11 18 0.040034622 
575 447 15 27 0.039999247 
475 282 6 12 0.03995113 
530 321 7 13 0.03983324 
722 435 9 16 0.03977654 
290 198 4 7 0.03950555 
157 506 20 27 0.03940209 
934 355 7 11 0.03930489 
1028 402 14 23 0.03915733 
33 439 16 23 0.03913097 
416 340 8 14 0.039112415 
753 467 10 19 0.038874693 
81 352 8 12 0.038864117 
810 360 11 16 0.038854934 
480 297 6 10 0.038788654 
119 365 9 15 0.038650136 
350 416 10 18 0.038547296 
470 351 9 14 0.03854679 
765 434 10 17 0.038445596 
280 451 9 21 0.038365718 
286 407 11 18 0.03826013 
271 413 10 21 0.03823609 
29 460 13 17 0.038183324 
870 359 8 13 0.03805638 
90 310 6 7 0.03797415 
595 361 9 16 0.037914876 
793 339 8 14 0.037911694 
921 331 6 7 0.037869155 
43 417 13 13 0.03784571 
271 568 18 37 0.037805453 
252 283 10 15 0.037770268 
708 537 17 34 0.03775235 
821 286 6 7 0.037635498 
506 344 7 14 0.037631303 
350 327 8 14 0.037597366 
1056 394 10 17 0.037557997 
11 317 7 8 0.037499133 
927 324 6 9 0.037497856 
330 462 11 19 0.03723398 
611 422 15 24 0.037228413 
299 447 16 28 0.03719976 
131 178 4 5 0.03714236 
76 348 7 9 0.03711369 
30 324 8 10 0.037074097 
262 576 20 37 0.03707314 
83 313 5 6 0.037065033 
312 485 10 17 0.036959067 
52 304 6 7 0.03681761 
696 425 11 21 0.036732752 
234 554 18 33 0.036704704 
58 304 5 7 0.036698997 
989 392 11 16 0.03669277 
640 376 9 14 0.036680825 
518 346 8 14 0.03643975 
668 282 7 12 0.036338307 
614 306 8 16 0.036326494 
19 319 6 6 0.036286503 
820 292 6 9 0.03623777 
661 308 7 12 0.03611192 
992 505 18 33 0.03608707 
98 408 13 17 0.036076967 
395 316 7 12 0.036054313 
920 356 7 10 0.035967246 
45 361 12 11 0.035967033 
356 541 11 17 0.035930734 
177 442 31 49 0.035913948 
890 329 5 8 0.035832003 
307 315 9 17 0.03579721 
904 274 5 7 0.035776727 
684 320 8 14 0.03577521 
15 414 16 24 0.035743 
1018 341 8 14 0.035692424 
466 358 8 13 0.03562463 
951 376 10 17 0.035588928 
34 335 8 8 0.035534453 
947 371 10 16 0.03552423 
535 302 8 13 0.035451893 
115 373 9 16 0.035388667 
493 247 5 9 0.035341542 
87 396 10 13 0.035332225 
518 246 4 8 0.035235893 
829 198 6 6 0.034976676 
857 410 10 18 0.03488271 
824 322 8 11 0.03481074 
485 365 8 14 0.03480059 
295 447 8 15 0.034747466 
41 369 16 19 0.034738574 
481 334 7 13 0.03471065 
428 239 7 13 0.034676086 
41 350 10 11 0.034674015 
389 394 7 11 0.03466963 
1057 381 9 17 0.034656826 
387 342 8 13 0.034452166 
568 410 9 15 0.03444979 
111 211 3 5 0.034367777 
649 303 8 13 0.034295037 
145 396 9 13 0.034215372 
457 434 9 15 0.034183852 
896 352 8 14 0.03416974 
342 332 11 16 0.034055505 
155 198 5 6 0.033903226 
670 366 7 12 0.03379293 
600 287 7 12 0.033775464 
98 292 5 7 0.03375753 
475 313 7 14 0.033707354 
103 288 5 6 0.033650722 
286 449 8 18 0.033606358 
415 407 8 18 0.03352084 
1018 439 16 23 0.03350431 
500 253 6 12 0.033433642 
599 321 8 14 0.033373453 
111 350 10 14 0.03321837 
340 449 12 19 0.03317403 
737 336 6 11 0.033158086 
532 345 7 13 0.033146653 
389 402 9 15 0.03313417 
98 204 4 5 0.033122074 
949 312 5 7 0.03308183 
43 329 7 8 0.033065863 
800 479 8 14 0.033058986 
909 337 6 9 0.03303691 
248 272 7 9 0.03302374 
900 342 7 9 0.03299003 
189 360 11 20 0.032955997 
804 350 11 14 0.03289763 
942 350 6 10 0.03288587 
413 500 9 14 0.032770094 
308 512 8 18 0.032670815 
493 233 6 11 0.03260483 
643 287 8 13 0.032590594 
570 315 7 14 0.032541312 
1004 372 8 11 0.032534286 
917 341 6 9 0.03252102 
127 396 10 14 0.03249848 
639 365 8 13 0.032433014 
140 366 6 11 0.03236562 
935 317 6 8 0.032289013 
482 252 6 10 0.032222353 
92 185 4 5 0.032209594 
565 451 12 23 0.032178313 
164 351 10 17 0.032123882 
689 316 7 12 0.032060824 
417 391 7 13 0.032058463 
79 185 4 5 0.03202052 
63 355 8 11 0.032013975 
1 324 6 10 0.03193905 
103 322 7 9 0.031937607 
60 379 8 11 0.031890564 
633 330 9 17 0.03174609 
896 396 9 15 0.031745285 
119 566 8 12 0.031720713 
277 310 13 15 0.031628754 
909 283 6 8 0.031580362 
715 326 8 13 0.03142565 
432 220 4 7 0.031420857 
260 126 7 13 0.03137333 
389 508 8 17 0.031333167 
53 295 5 5 0.031284403 
232 182 6 9 0.031182146 
60 494 13 24 0.031175284 
120 341 8 11 0.031173717 
158 333 8 14 0.031075194 
566 484 10 19 0.03104697 
351 539 9 13 0.031026235 
1050 424 15 23 0.030991975 
550 357 9 18 0.030966986 
374 322 11 18 0.030954968 
492 339 8 13 0.030880047 
669 372 10 18 0.030829601 
804 476 9 16 0.030789768 
385 319 7 11 0.03067037 
132 328 7 11 0.030669648 
442 347 9 14 0.030662589 
833 361 8 12 0.030643802 
250 576 16 30 0.030626245 
482 240 5 9 0.030623864 
58 468 17 27 0.030607656 
902 323 6 8 0.030580806 
426 331 7 10 0.030542072 
523 338 8 14 0.030483859 
639 358 8 13 0.030472865 
109 293 5 6 0.030371208 
271 441 16 33 0.030365529 
152 411 9 13 0.030362748 
884 342 7 10 0.030352721 
903 318 5 8 0.030315375 
126 333 9 12 0.030312939 
455 520 6 13 0.030309564 
650 314 8 15 0.030299157 
738 434 10 17 0.03028244 
864 298 5 8 0.030280655 
929 586 25 33 0.030270113 
697 382 8 17 0.03019642 
460 246 6 11 0.030183863 
206 322 29 48 0.030172069 
119 346 9 12 0.030153755 
143 448 10 13 0.030087901 
824 367 7 12 0.030085811 
493 353 6 11 0.029971447 
448 322 5 10 0.029956333 
244 300 8 14 0.029941296 
1021 485 25 41 0.029917592 
918 317 8 10 0.029881017 
349 403 9 15 0.029798655 
542 314 9 15 0.029777832 
910 341 6 8 0.029760057 
435 438 8 13 0.029721485 
812 479 7 15 0.029690368 
939 326 7 11 0.02965374 
793 434 10 18 0.029632164 
720 446 11 18 0.02961324 
499 263 6 11 0.029610919 
585 364 8 15 0.029566046 
1006 180 10 12 0.02945486 
66 211 5 4 0.029441565 
162 203 4 5 0.029428106 
848 441 10 20 0.02940872 
940 304 6 7 0.029405616 
819 296 6 9 0.02932139 
764 345 10 19 0.02931987 
549 307 7 13 0.029299915 
898 323 5 8 0.029288342 
761 499 8 15 0.02924812 
1053 413 14 22 0.02923354 
436 366 7 13 0.029202776 
514 488 11 20 0.029196791 
872 304 6 9 0.02911408 
32 348 9 9 0.029111875 
88 318 6 7 0.0290667 
660 321 7 13 0.029046392 
789 272 6 8 0.029022671 
1019 375 16 23 0.028967943 
1033 383 12 20 0.028942829 
1082 455 13 20 0.02888377 
1079 478 14 21 0.028852355 
68 367 8 11 0.028821856 
254 338 8 15 0.028796 
902 330 6 9 0.028699778 
979 372 10 14 0.028665518 
859 293 5 8 0.028651716 
605 423 11 18 0.028634015 
920 347 7 10 0.028601924 
215 373 11 18 0.028560644 
186 397 7 13 0.028475715 
631 305 9 16 0.028461535 
469 241 6 10 0.028411342 
376 572 7 12 0.028377881 
384 283 6 10 0.028240006 
479 346 7 13 0.028228378 
758 491 9 17 0.028191943 
423 222 4 7 0.028169679 
121 335 8 10 0.02815546 
307 521 9 18 0.02814618 
94 384 9 14 0.028127538 
526 308 7 12 0.028120704 
591 466 10 17 0.028087933 
1018 409 16 23 0.028072283 
805 357 11 15 0.028069943 
545 291 6 12 0.027980857 
102 318 7 8 0.027903864 
372 348 7 11 0.027900947 
169 553 12 19 0.027890377 
130 210 3 4 0.027834576 
1018 335 8 12 0.027833827 
30 305 7 6 0.027831623 
485 295 7 12 0.027742531 
801 271 6 9 0.027737716 
331 410 11 22 0.02773636 
616 296 7 11 0.027693376 
66 311 6 7 0.02768077 
552 277 6 9 0.02766535 
77 466 15 18 0.027626492 
871 323 5 9 0.027607702 
634 352 8 13 0.027605308 
146 422 9 14 0.027599914 
389 284 6 10 0.02746371 
847 421 10 18 0.02742268 
244 271 7 8 0.027361026 
392 386 7 11 0.027312994 
448 430 9 15 0.027310783 
1089 432 11 18 0.02730949 
729 444 10 17 0.027232256 
529 331 8 16 0.02722848 
890 325 5 7 0.02720669 
109 160 136 155 0.027194293 
394 398 9 13 0.027169583 
929 357 6 10 0.027080784 
357 557 8 15 0.027073208 
54 375 10 13 0.027024494 
214 327 10 16 0.026980605 
92 204 4 5 0.026969306 
371 435 14 23 0.026963813 
12 342 9 9 0.02693699 
816 347 8 12 0.026929785 
915 379 9 15 0.026921859 
0 310 5 9 0.026890373 
842 303 8 14 0.026785994 
10 420 11 17 0.026753731 
604 359 9 16 0.026753632 
936 304 6 8 0.026714971 
91 242 5 5 0.026691027 
555 358 9 17 0.026688509 
106 211 3 4 0.02667518 
33 343 9 9 0.026643502 
887 347 7 12 0.026586382 
781 461 8 16 0.026558384 
526 241 5 7 0.026536005 
419 442 8 15 0.026528709 
361 522 15 26 0.02648342 
27 324 7 8 0.026474673 
367 541 10 19 0.026445257 
280 414 10 19 0.02644422 
1017 391 10 14 0.02638972 
951 411 12 17 0.026378794 
346 545 6 12 0.0263566 
159 413 8 13 0.02633297 
21 304 7 7 0.026315548 
963 417 10 17 0.02629352 
725 431 13 23 0.026256606 
323 390 8 15 0.026125925 
107 384 8 14 0.026120838 
594 350 9 17 0.02606503 
587 320 8 13 0.02603377 
513 259 6 9 0.02601192 
456 246 6 9 0.02600161 
709 360 8 13 0.025992934 
510 406 11 18 0.025976148 
353 421 11 18 0.025968907 
104 299 7 8 0.025927726 
1053 448 13 23 0.025896164 
299 464 8 17 0.025882928 
652 572 16 28 0.025869649 
247 337 8 16 0.025865635 
982 377 11 15 0.02583855 
703 354 8 13 0.025837649 
525 278 6 10 0.02581471 
518 315 6 13 0.025807848 
209 558 18 30 0.025803795 
347 361 11 17 0.02579064 
18 323 8 8 0.025744807 
355 410 10 17 0.025735572 
566 326 9 17 0.025680881 
441 424 7 15 0.025678664 
107 323 6 9 0.025634129 
955 420 17 26 0.025624495 
406 222 4 6 0.025622055 
497 336 9 15 0.02560305 
111 215 4 6 0.025574634 
659 526 16 33 0.025561728 
889 305 5 7 0.025530254 
672 320 7 14 0.025489116 
158 345 11 15 0.025485704 
71 298 6 7 0.02547258 
763 484 28 45 0.025456747 
359 388 9 16 0.025436832 
106 363 16 26 0.02540542 
410 332 6 13 0.025389345 
924 403 11 19 0.025354125 
848 382 9 16 0.02534549 
289 433 7 16 0.02533577 
747 364 9 15 0.025322812 
305 530 9 18 0.025319388 
595 320 7 13 0.025275208 
151 398 8 11 0.025254345 
478 354 8 14 0.025251986 
519 326 7 13 0.025232183 
874 433 10 19 0.02522895 
188 177 4 6 0.025225915 
92 191 4 4 0.025191296 
165 341 8 14 0.025175966 
89 324 6 7 0.025166053 
71 329 6 8 0.025102971 
845 298 6 9 0.025054874 
491 347 7 13 0.02504299 
879 292 4 7 0.025011107 
907 318 6 8 0.025004894 
486 252 6 10 0.024998076 
25 310 8 8 0.024992544 
742 349 8 15 0.024936069 
989 371 11 13 0.024921868 
112 510 9 16 0.024900354 
826 346 7 12 0.024875479 
363 429 8 15 0.02487255 
724 394 9 18 0.024806198 
196 289 9 14 0.024799773 
562 270 6 11 0.024795614 
754 471 17 33 0.024789905 
98 210 4 4 0.024761783 
175 203 3 5 0.024759918 
813 280 6 8 0.024755012 
479 402 10 15 0.024753038 
381 534 9 19 0.024736332 
940 299 6 8 0.024715941 
948 316 6 10 0.024662258 
454 440 9 16 0.024655601 
340 340 9 13 0.02464948 
670 580 17 28 0.024615599 
968 246 13 20 0.024590287 
71 317 5 7 0.024566453 
1082 503 15 22 0.024564175 
547 296 9 14 0.02456157 
753 391 9 18 0.02452232 
130 294 5 5 0.024514738 
140 444 9 13 0.024508812 
87 377 10 15 0.024494208 
410 391 6 12 0.024483744 
677 359 8 13 0.024471764 
930 369 12 17 0.024458356 
398 302 6 12 0.024455661 
417 432 7 12 0.02443551 
98 198 4 5 0.024409221 
883 -111 115 111 0.024401475 
481 232 6 10 0.024400296 
71 487 20 31 0.024380531 
722 320 8 13 0.02430335 
465 404 10 16 0.024302578 
805 398 9 15 0.02430011 
238 189 5 8 0.024299324 
585 450 11 18 0.02425108 
62 344 8 10 0.02423628 
455 327 8 13 0.024234261 
721 329 8 13 0.024170756 
449 455 8 17 0.024159292 
480 290 7 11 0.024152063 
672 340 7 13 0.02415095 
820 315 7 12 0.024083614 
927 378 8 17 0.024073154 
696 409 9 14 0.024070796 
862 336 8 12 0.024059273 
499 272 5 10 0.024054011 
308 311 7 11 0.024036935 
837 382 10 17 0.024035687 
88 367 8 11 0.024026005 
1056 367 10 18 0.024018586 
394 390 9 14 0.023995971 
19 312 7 7 0.023978524 
807 433 8 19 0.0239785 
99 287 4 6 0.023971952 
229 161 6 11 0.02395783 
268 446 8 17 0.023957368 
72 205 4 5 0.02392551 
261 577 10 19 0.02392183 
129 192 4 5 0.023849078 
526 513 13 24 0.023846691 
1035 370 10 18 0.023804491 
867 341 9 13 0.023802476 
945 350 7 10 0.02378481 
786 441 10 16 0.02377653 
506 241 5 8 0.023756957 
1053 463 13 22 0.023749374 
115 360 9 14 0.02372894 
689 353 7 12 0.023715232 
837 354 7 10 0.023704419 
82 367 8 11 0.023700228 
919 370 9 15 0.023683881 
767 263 6 11 0.02368 
905 280 4 7 0.023679668 
-1 480 17 32 0.023667093 
335 387 12 17 0.02366694 
356 549 9 15 0.023656992 
729 378 9 15 0.02365174 
31 317 7 8 0.023645392 
837 371 7 13 0.023630934 
472 251 7 11 0.023614584 
471 366 8 12 0.023593677 
95 323 7 9 0.023557074 
84 223 4 5 0.023536274 
326 332 10 16 0.02352293 
787 363 10 17 0.023518398 
733 300 8 13 0.023511738 
381 284 5 10 0.023500238 
438 454 8 18 0.023494573 
702 310 7 10 0.023482708 
229 569 16 28 0.023476493 
401 382 7 12 0.023473771 
123 383 11 16 0.023471018 
587 429 9 18 0.023470169 
645 360 9 16 0.023465892 
181 191 4 5 0.023462346 
877 311 6 9 0.0234405 
312 200 7 14 0.023414504 
85 191 3 5 0.02337975 
660 405 8 14 0.023343524 
376 541 8 18 0.023328379 
852 297 5 8 0.023325706 
0 266 4 8 0.023293909 
291 201 4 7 0.02326415 
85 204 4 5 0.02324866 
450 239 5 9 0.023246666 
991 484 9 15 0.023236156 
865 403 12 20 0.023220673 
111 199 3 4 0.023199778 
102 509 21 32 0.023197837 
50 321 9 11 0.02317062 
735 421 12 17 0.023137731 
137 198 4 5 0.023125507 
202 384 10 16 0.023112819 
746 440 14 25 0.023098564 
965 539 34 49 0.023076113 
105 205 3 5 0.023071595 
511 351 8 15 0.023056129 
786 326 8 13 0.023038294 
133 386 9 16 0.023029817 
148 359 9 12 0.023022106 
162 497 15 21 0.023013217 
871 352 8 14 0.022987196 
270 606 17 29 0.022981333 
265 190 4 7 0.022941109 
156 179 3 5 0.022927383 
293 537 16 29 0.022914115 
38 370 10 14 0.022893365 
583 314 8 14 0.022890361 
449 234 5 9 0.022886863 
429 234 6 11 0.02288365 
155 184 4 5 0.02288083 
498 277 6 11 0.022880595 
635 575 17 29 0.022839567 
250 268 5 7 0.022835182 
61 372 9 12 0.022790255 
85 360 16 23 0.022777066 
73 455 14 14 0.022765387 
519 241 5 8 0.022748485 
143 414 18 26 0.022738952 
481 399 16 24 0.022721658 
126 362 7 11 0.022712816 
883 312 6 9 0.022707088 
587 343 9 16 0.02268181 
236 308 10 16 0.02267808 
730 346 7 13 0.022677625 
586 335 9 14 0.022666246 
492 309 7 13 0.022649294 
151 373 11 18 0.022638218 
785 357 9 16 0.022636166 
983 368 10 12 0.022598635 
666 340 7 13 0.022591043 
131 324 7 9 0.022534309 
546 433 11 18 0.022529993 
12 323 7 8 0.022529764 
177 352 9 17 0.022522474 
503 359 7 13 0.022521604 
567 291 7 11 0.022519073 
1032 417 20 27 0.022518234 
860 345 7 12 0.022511583 
153 429 8 12 0.022503212 
309 200 6 11 0.022442037 
170 351 9 16 0.022433631 
799 285 6 8 0.02243276 
246 128 8 14 0.022427361 
76 365 8 12 0.022425335 
533 246 5 7 0.022422578 
80 448 11 15 0.022402542 
979 319 9 12 0.022393957 
226 559 11 20 0.022374392 
784 202 5 8 0.02236881 
1020 329 15 24 0.022364073 
545 285 6 10 0.022355873 
753 265 6 10 0.022343194 
363 346 7 12 0.022329265 
79 217 4 5 0.022307694 
467 365 7 11 0.022306984 
13 337 8 8 0.022305803 
365 320 17 24 0.022281012 
557 272 6 10 0.022236004 
898 337 6 8 0.022227407 
439 446 9 17 0.022215297 
26 318 7 7 0.022207942 
813 304 6 9 0.022143254 
85 468 12 19 0.022136562 
917 329 6 8 0.022126049 
143 476 12 16 0.022117058 
494 303 6 10 0.022116505 
418 221 5 7 0.022083808 
442 246 5 8 0.022065083 
88 335 8 10 0.022063417 
971 382 9 16 0.022059258 
156 171 4 5 0.022047741 
351 495 9 17 0.022038544 
144 177 4 5 0.02199964 
376 347 8 14 0.021992901 
486 302 6 11 0.021988723 
384 325 8 15 0.021975668 
716 585 11 22 0.021971626 
908 331 6 8 0.021940455 
1031 187 13 22 0.02192035 
753 347 9 16 0.021912415 
310 313 15 25 0.021872686 
630 422 9 15 0.021866627 
736 345 8 14 0.021865636 
71 307 5 5 0.021863487 
272 326 13 21 0.021860799 
899 398 11 17 0.021844978 
698 354 7 13 0.021841088 
939 365 9 14 0.021834036 
885 299 4 7 0.021833556 
874 349 7 11 0.021833394 
471 397 10 16 0.02182934 
285 418 10 19 0.02181449 
905 285 5 7 0.021807576 
117 323 6 8 0.021806922 
61 385 11 14 0.021784315 
564 292 7 10 0.021783277 
773 442 8 15 0.021777911 
428 416 7 13 0.021776529 
617 290 6 11 0.0217547 
141 437 7 11 0.021747336 
488 247 5 10 0.021740468 
696 417 10 17 0.021740241 
608 333 7 13 0.021737635 
560 306 9 17 0.021736685 
748 289 7 10 0.02172298 
389 290 5 10 0.021712014 
560 363 9 18 0.021703864 
386 394 6 10 0.021699749 
639 307 8 15 0.021697702 
65 306 6 6 0.021691838 
1029 453 15 25 0.021673009 
795 185 4 5 0.021669794 
117 293 5 6 0.02166189 
505 252 5 10 0.021635827 
18 361 8 12 0.021633672 
834 293 4 6 0.021616649 
934 312 7 8 0.021609403 
717 434 8 17 0.021608384 
290 559 18 35 0.021582028 
367 286 4 8 0.021554558 
677 384 8 14 0.0215495 
137 209 4 5 0.02152567 
998 384 8 13 0.021512266 
622 325 7 14 0.021506542 
662 432 13 19 0.021468192 
494 360 6 11 0.021460226 
91 217 4 5 0.021459488 
114 383 9 16 0.021425586 
98 248 4 6 0.021425141 
140 109 36 54 0.021423472 
10 312 8 8 0.021416258 
367 400 9 14 0.021406732 
265 196 4 7 0.021387521 
534 242 4 6 0.021363104 
144 454 11 14 0.02135827 
379 264 8 14 0.021355629 
964 409 11 15 0.021335877 
669 402 15 27 0.021331575 
462 383 7 14 0.021324288 
504 524 10 17 0.02132397 
1085 526 14 23 0.021321233 
32 312 7 7 0.021313364 
241 534 16 28 0.021302324 
558 259 5 9 0.021290898 
218 266 5 7 0.021277154 
71 325 5 7 0.021273954 
248 303 11 16 0.021268751 
149 178 3 5 0.0212609 
1048 496 17 29 0.021246854 
-1 357 7 15 0.021244803 
190 397 8 14 0.021244386 
464 383 15 26 0.021241859 
619 282 8 13 0.021234337 
1041 380 11 17 0.021217654 
33 452 13 18 0.021192307 
500 246 5 9 0.021186987 
537 321 8 15 0.021176474 
684 346 8 16 0.021171903 
696 534 17 32 0.02115798 
443 323 6 10 0.021132011 
877 298 5 7 0.021128368 
460 372 7 11 0.021127734 
636 321 10 16 0.021125795 
115 337 8 11 0.021108938 
653 327 8 14 0.021082036 
277 198 4 6 0.021068819 
66 206 4 4 0.021051187 
689 381 9 16 0.021041786 
1030 464 19 32 0.02104119 
626 331 8 17 0.02103218 
145 340 8 12 0.021017926 
527 246 4 8 0.021010818 
19 286 6 7 0.021005504 
292 455 17 32 0.021004787 
285 198 3 6 0.020997096 
908 410 17 30 0.020986028 
789 278 5 8 0.020964121 
717 333 7 13 0.02093757 
82 397 10 12 0.020907521 
325 397 8 15 0.020834286 
965 431 11 18 0.020832727 
753 417 8 15 0.020828906 
485 328 7 12 0.020826276 
88 353 9 13 0.020794021 
116 299 5 7 0.020765157 
110 494 12 18 0.020762566 
665 326 7 12 0.020756943 
12 436 50 59 0.020756902 
896 279 5 7 0.020729745 
977 383 11 16 0.020714065 
654 512 17 28 0.020695858 
911 273 5 8 0.020675754 
657 333 7 13 0.020673832 
989 379 10 14 0.020647272 
298 327 10 15 0.020643437 
292 436 14 30 0.020627035 
252 260 5 7 0.020616103 
48 354 11 11 0.020609427 
422 416 7 14 0.020589314 
1003 424 8 13 0.020563483 
690 403 8 15 0.020561798 
410 340 7 14 0.020561256 
134 334 7 11 0.020560497 
478 278 6 11 0.020558456 
145 429 8 12 0.020537674 
107 358 9 14 0.02053746 
1090 554 13 23 0.020514801 
720 461 16 27 0.02051097 
964 380 10 15 0.020502334 
449 538 7 13 0.020483758 
592 432 10 19 0.02047411 
424 228 5 7 0.020473761 
642 308 15 24 0.0204598 
142 191 5 6 0.020454355 
389 415 9 15 0.020447865 
207 573 17 29 0.020418948 
107 398 10 13 0.020417897 
76 343 8 9 0.02039474 
157 406 9 13 0.020393677 
898 312 6 8 0.020393258 
144 173 3 5 0.020390345 
256 258 6 7 0.02038549 
225 545 13 21 0.020362768 
536 278 6 11 0.020356864 
550 376 8 16 0.020323947 
573 410 10 17 0.020312 
472 532 6 14 0.020269617 
321 488 41 74 0.020263365 
936 335 6 11 0.020252585 
901 350 6 9 0.020247037 
624 369 8 15 0.02024696 
571 416 15 25 0.02022895 
1020 516 26 41 0.020217622 
875 333 7 11 0.02019798 
664 263 8 11 0.020157803 
642 594 19 32 0.020156465 
793 474 17 29 0.020147342 
39 177 6 6 0.02012387 
599 352 10 19 0.020118576 
763 259 5 8 0.020108774 
941 490 18 32 0.020107081 
831 315 7 11 0.02008619 
731 353 7 13 0.02007011 
630 344 80 92 0.020049958 
1050 473 14 25 0.020033408 
92 198 4 5 0.020026708 
59 289 4 5 0.02002437 
701 328 8 12 0.02000351 
696 339 8 14 0.020002969 
