2_Demonstration_Demonstrators_2_162
165
583 348 38 49 0.9987245 
658 357 38 55 0.99789137 
499 389 33 64 0.9902108 
235 350 84 68 0.93204963 
622 359 24 36 0.8668852 
564 439 34 54 0.61197126 
424 433 35 54 0.5536912 
518 394 34 60 0.29354304 
980 345 8 11 0.2645477 
452 463 46 63 0.23097686 
546 285 17 28 0.19326621 
472 357 12 17 0.15426238 
484 286 16 32 0.15154646 
438 641 58 49 0.14281581 
547 280 10 19 0.12325775 
260 374 43 34 0.11815981 
463 340 13 15 0.11745301 
178 323 30 52 0.07690395 
788 27 24 42 0.06996464 
499 335 15 15 0.06810912 
522 321 21 20 0.06749966 
824 27 33 56 0.064120375 
533 325 12 14 0.061789542 
494 333 35 43 0.059553575 
1019 344 6 12 0.05911073 
980 341 6 8 0.056806635 
393 318 11 16 0.05354623 
972 345 7 10 0.053395662 
465 343 19 24 0.05286645 
385 149 4 6 0.051657822 
962 352 5 6 0.05093101 
968 347 6 8 0.049089212 
966 351 6 7 0.04753164 
993 341 5 7 0.047412656 
580 430 38 59 0.04356222 
164 321 27 52 0.04278096 
538 393 36 62 0.04220311 
479 399 21 46 0.04012341 
1020 312 5 10 0.03901917 
991 344 6 10 0.038458865 
1040 309 14 23 0.037140004 
759 345 10 19 0.036822695 
327 435 51 46 0.036805365 
1059 351 7 14 0.036255453 
1055 332 8 16 0.035603892 
546 224 7 10 0.035594203 
553 333 20 28 0.034834534 
515 328 32 38 0.03480448 
1019 300 7 10 0.034209955 
973 341 6 7 0.032808322 
525 280 10 16 0.032749698 
1051 313 10 19 0.032598652 
982 336 4 5 0.032379124 
1036 293 16 26 0.031840198 
1019 334 5 9 0.03182202 
1102 424 7 13 0.031734314 
1012 348 6 8 0.030991687 
1019 282 6 9 0.030542802 
488 280 12 19 0.030519977 
552 179 5 9 0.030487165 
815 309 4 8 0.030115638 
600 228 130 178 0.03002867 
571 160 4 7 0.030027386 
392 143 4 5 0.029752336 
1060 365 7 13 0.029376134 
391 149 4 6 0.02934614 
1036 309 9 17 0.029183438 
1000 339 5 7 0.029086636 
1031 277 21 30 0.02891078 
424 452 49 70 0.028856497 
406 174 3 6 0.028841894 
1014 315 4 6 0.028763844 
1033 292 11 19 0.028596243 
1092 438 9 17 0.02839355 
600 403 35 61 0.028304197 
391 5 39 42 0.02807994 
1059 403 7 13 0.027628563 
551 299 14 18 0.027584093 
1019 339 6 10 0.02756487 
1020 296 15 23 0.027441686 
986 335 4 7 0.027430674 
405 143 4 5 0.027131591 
1036 363 8 14 0.025826281 
974 366 6 7 0.025645614 
1021 340 13 22 0.025549514 
1087 461 11 22 0.025021706 
441 416 36 56 0.025000121 
1047 284 15 24 0.024944605 
691 538 34 76 0.0249323 
1049 300 13 20 0.02484978 
527 335 13 15 0.024760853 
446 661 55 61 0.024581237 
502 192 4 8 0.024561934 
1059 391 7 13 0.02448362 
619 373 30 58 0.024398595 
1101 397 8 16 0.024285045 
399 175 3 5 0.02414521 
533 188 5 7 0.024127923 
449 282 12 20 0.023968749 
459 170 6 11 0.023840211 
551 143 5 7 0.02379935 
537 174 6 7 0.023766229 
1020 286 6 10 0.02374592 
1012 283 4 7 0.02358687 
379 162 3 5 0.023439026 
426 185 4 9 0.023431621 
543 213 5 8 0.023345932 
942 334 5 6 0.023318533 
391 169 5 5 0.02330486 
567 161 4 6 0.023289517 
524 167 5 8 0.02318326 
584 161 4 6 0.02305949 
397 179 5 7 0.023028465 
417 168 4 6 0.022987101 
1020 281 15 24 0.022973355 
1036 376 9 14 0.02295281 
624 307 8 11 0.022925198 
372 167 4 7 0.022865878 
414 283 41 56 0.022821045 
635 356 22 34 0.022634765 
493 350 22 38 0.022626579 
1060 379 7 12 0.022536146 
468 420 34 57 0.022424009 
936 348 5 5 0.02239829 
189 303 29 50 0.02208118 
533 128 4 8 0.021966342 
231 317 55 72 0.02182163 
1036 351 8 14 0.021817412 
994 334 4 6 0.02178992 
401 356 29 42 0.021651966 
604 161 5 7 0.021609217 
216 241 34 54 0.021601455 
1058 412 9 15 0.021567969 
1037 325 9 15 0.021567242 
813 313 5 9 0.021564174 
537 185 6 8 0.021554137 
386 154 4 6 0.021427779 
379 180 4 6 0.021395521 
361 354 23 29 0.021346284 
1007 284 5 6 0.021310352 
411 174 4 6 0.021122755 
1072 88 19 30 0.02106109 
369 166 3 7 0.02101247 
623 327 31 42 0.020941235 
544 155 5 7 0.020872666 
1020 363 7 11 0.020833904 
984 340 7 9 0.020829225 
444 131 3 4 0.020808162 
634 554 70 124 0.020652011 
1037 338 8 15 0.020600809 
147 315 27 53 0.020587528 
413 138 3 3 0.020566663 
1020 327 6 9 0.020516386 
514 186 4 7 0.020477647 
438 137 3 4 0.020476433 
572 212 5 7 0.020466847 
429 144 4 5 0.020450387 
667 186 6 9 0.020283287 
1020 358 7 9 0.02022896 
530 211 6 8 0.020226644 
531 218 5 8 0.020225381 
1006 347 5 8 0.02019352 
525 181 5 7 0.020174153 
971 340 15 19 0.0201541 
551 174 5 8 0.020148337 
