2_Demonstration_Protesters_2_345
144
436 64 61 83 0.9976896 
680 85 65 77 0.99609596 
251 45 62 70 0.99512994 
436 515 8 14 0.4645043 
172 44 5 7 0.17803301 
545 168 36 57 0.1435067 
151 42 10 11 0.120630875 
717 358 209 413 0.10992432 
416 511 7 11 0.09306332 
603 157 31 52 0.09106349 
359 404 5 8 0.087986305 
493 203 41 76 0.083660714 
447 513 8 13 0.08228923 
420 510 7 12 0.077009596 
1010 130 15 41 0.0716059 
1021 130 15 39 0.07109742 
476 517 9 15 0.070342354 
102 84 9 14 0.06946333 
395 401 6 9 0.06899446 
499 518 8 12 0.068374805 
389 509 7 12 0.06448899 
597 179 31 53 0.05724848 
545 297 32 72 0.056139458 
453 515 6 11 0.056068387 
474 482 8 10 0.053707357 
462 521 7 11 0.05353889 
395 509 7 13 0.051213026 
351 427 4 8 0.049032338 
867 151 38 71 0.04887278 
178 48 9 10 0.048762966 
404 381 5 8 0.047263987 
637 591 21 27 0.04725778 
367 439 5 9 0.04455732 
349 186 10 15 0.04400571 
333 484 18 25 0.043910917 
232 8 47 51 0.042891692 
191 42 9 8 0.042358484 
437 478 6 8 0.042123962 
374 507 8 13 0.041944336 
360 421 5 8 0.041850973 
165 48 8 9 0.041266024 
158 95 30 46 0.040615365 
364 460 6 8 0.039826576 
149 32 5 7 0.03959994 
768 121 37 56 0.03937774 
461 517 6 10 0.03837439 
352 422 4 8 0.037990067 
1003 104 7 14 0.037805103 
378 445 5 8 0.03650861 
347 426 5 8 0.036475547 
149 53 12 18 0.036473 
576 181 34 55 0.036346555 
52 121 35 49 0.03601817 
371 415 6 9 0.035747137 
623 145 14 19 0.034446627 
148 36 8 10 0.0343014 
823 111 40 57 0.034255646 
172 47 7 9 0.033990424 
531 485 7 11 0.033236995 
156 47 10 12 0.032999966 
528 460 6 10 0.032215044 
439 512 10 15 0.032038923 
400 510 7 12 0.03196072 
370 439 5 11 0.031255104 
141 371 43 63 0.0306209 
196 42 9 9 0.03043673 
364 403 5 8 0.030396815 
353 445 6 10 0.02984411 
1035 176 12 27 0.029599385 
363 187 9 16 0.029531144 
372 394 6 7 0.02952758 
1030 154 15 33 0.029450094 
3 160 47 57 0.02918649 
363 421 5 8 0.029117117 
1019 167 7 12 0.028772956 
428 520 8 12 0.028379316 
238 362 19 32 0.027680928 
915 123 9 12 0.027171325 
192 76 20 35 0.027125858 
185 45 7 7 0.026986033 
585 586 16 20 0.025807424 
518 519 7 9 0.02576027 
542 517 6 11 0.02561305 
546 197 19 35 0.025598552 
353 441 4 8 0.025400342 
450 195 297 350 0.025248809 
542 498 5 8 0.02511853 
484 517 7 13 0.025111672 
460 357 6 8 0.024929265 
423 486 6 8 0.024799941 
341 490 9 13 0.024777556 
344 187 10 14 0.024774933 
1012 119 8 15 0.02472888 
243 350 21 28 0.024673628 
1004 172 6 10 0.024658179 
424 515 16 22 0.024655823 
1026 113 16 37 0.024456799 
601 131 11 12 0.024400048 
359 397 5 6 0.02429544 
628 135 17 24 0.024198094 
467 368 6 10 0.02418059 
487 413 5 9 0.024065342 
1017 96 8 18 0.023944847 
428 384 5 8 0.023834052 
951 152 5 9 0.02370634 
447 504 7 11 0.023633037 
372 455 4 8 0.023432458 
1009 21 6 14 0.02341542 
355 187 10 15 0.023129584 
504 369 5 12 0.023058588 
374 467 4 9 0.023013975 
203 35 11 10 0.022840891 
615 149 22 35 0.02280399 
377 416 4 8 0.022747155 
411 360 5 5 0.022508182 
415 511 16 25 0.022330582 
1019 194 6 12 0.022122324 
176 44 18 19 0.022018481 
558 190 41 73 0.021744043 
723 94 55 91 0.021590367 
366 386 4 6 0.021564318 
838 344 32 59 0.021512866 
367 416 4 8 0.021472748 
447 364 6 8 0.021391256 
747 667 85 110 0.02134765 
281 289 20 27 0.021312634 
442 507 15 24 0.021265728 
1029 101 15 30 0.021133121 
509 185 50 84 0.021125652 
384 409 5 7 0.02086262 
1010 103 7 14 0.020763438 
353 416 4 8 0.020733237 
399 366 3 4 0.020630589 
418 478 5 8 0.020595366 
823 120 8 10 0.020553643 
1033 77 13 24 0.020478016 
362 464 7 12 0.020401612 
586 619 28 28 0.02034043 
701 446 16 25 0.020303361 
431 364 4 6 0.020290421 
263 482 86 115 0.020180939 
147 381 8 12 0.020166602 
346 366 80 117 0.020042926 
371 409 4 7 0.02001286 
