2_Demonstration_Demonstration_Or_Protest_2_367
90
122 261 25 31 0.9990903 
386 244 71 90 0.99904424 
504 245 48 54 0.99878925 
307 304 22 29 0.99877256 
782 347 48 58 0.99809796 
262 277 24 38 0.99325776 
42 274 22 34 0.9929472 
51 251 17 27 0.9849465 
201 272 18 25 0.97605205 
181 308 31 36 0.9089393 
91 260 16 23 0.86476076 
99 246 17 26 0.42964968 
235 281 14 24 0.2950951 
976 359 70 105 0.14516094 
197 135 8 16 0.14344272 
242 266 18 24 0.119168535 
344 285 14 14 0.10980121 
253 287 11 20 0.09849097 
295 285 13 16 0.09771742 
63 251 15 25 0.09458839 
297 269 13 14 0.08955637 
0 261 7 21 0.08722592 
73 8 19 26 0.08568307 
4 259 9 22 0.08565254 
243 282 17 27 0.06606604 
271 273 12 15 0.06484652 
24 254 11 17 0.063617386 
692 100 26 31 0.060451206 
104 241 13 16 0.058418553 
169 291 18 25 0.054354765 
336 309 12 18 0.05330957 
234 272 13 19 0.04467597 
73 251 12 21 0.04230664 
554 268 10 15 0.04136836 
560 44 9 13 0.041010685 
542 250 25 38 0.040638383 
200 312 25 32 0.040633485 
373 270 11 22 0.040275052 
303 287 11 15 0.039781444 
536 618 38 46 0.03948798 
757 211 20 26 0.03931772 
295 276 16 17 0.03429558 
664 501 33 64 0.03251604 
339 166 11 13 0.031960804 
193 131 8 16 0.031769276 
683 502 56 93 0.031695288 
271 296 20 31 0.031442076 
632 308 11 20 0.029657211 
193 303 15 20 0.029212391 
246 197 6 9 0.029032873 
558 623 31 38 0.02883338 
355 293 18 23 0.028201915 
215 228 6 11 0.027701302 
102 261 13 21 0.027586523 
848 353 41 53 0.027532758 
174 301 20 30 0.027369915 
38 253 8 13 0.027285725 
291 290 17 25 0.026909446 
216 223 5 8 0.026638996 
277 269 12 15 0.026278326 
366 673 44 47 0.026013393 
60 247 12 18 0.025831552 
563 33 9 13 0.025649961 
221 289 29 44 0.0256398 
328 285 11 13 0.025198312 
110 476 20 24 0.025114585 
188 36 5 7 0.024630321 
92 269 21 28 0.024589574 
660 244 23 40 0.024369748 
261 240 8 12 0.024359178 
855 223 22 31 0.02407809 
82 249 19 27 0.024017839 
188 31 5 8 0.023571642 
247 200 7 13 0.023308698 
868 238 44 54 0.023284648 
-3 551 20 39 0.023115197 
188 284 12 16 0.022870895 
9 260 10 21 0.022864204 
230 273 9 14 0.022504438 
289 321 11 17 0.022452837 
480 233 37 51 0.022320267 
286 297 11 18 0.022166759 
347 292 14 16 0.022036709 
771 154 13 19 0.021456534 
441 636 8 12 0.02143662 
284 269 10 14 0.021272505 
626 296 22 36 0.021053337 
535 267 27 41 0.020703062 
642 282 43 71 0.020530071 
421 664 7 8 0.020274373 
