2_Demonstration_Political_Rally_2_896
23
694 52 81 108 0.999416 
298 281 77 112 0.99932957 
608 409 46 73 0.14807597 
550 552 28 31 0.050188236 
480 371 33 23 0.041372824 
552 534 33 31 0.0378678 
557 537 52 48 0.036616586 
477 414 38 24 0.03404932 
103 754 29 56 0.028153067 
222 277 8 11 0.027354404 
977 180 7 12 0.027030762 
269 821 20 33 0.026687115 
239 534 66 99 0.026345156 
463 649 20 25 0.026267571 
577 804 5 11 0.026156785 
616 450 48 69 0.023601314 
693 399 168 285 0.022898128 
229 281 7 11 0.022269908 
577 799 5 9 0.022228453 
230 274 5 8 0.02184825 
763 43 55 94 0.021678751 
966 236 23 47 0.02142445 
542 800 7 11 0.021130675 
