2_Demonstration_Political_Rally_2_114
1638
648 317 26 37 0.99630404 
951 341 22 51 0.87410736 
129 237 19 30 0.8044867 
578 245 16 30 0.75644463 
948 211 6 10 0.6559831 
785 234 15 26 0.60934377 
880 246 8 13 0.5806516 
863 220 8 13 0.5559151 
599 284 12 18 0.55356884 
464 313 18 34 0.5425919 
559 218 6 8 0.49633837 
422 216 6 12 0.4880168 
792 278 15 27 0.46245268 
686 259 15 24 0.46111962 
824 273 15 24 0.43402663 
839 223 6 9 0.40831724 
89 265 18 24 0.37931257 
774 165 6 11 0.37684572 
626 215 6 10 0.35229233 
68 211 7 10 0.3369499 
289 169 8 13 0.3351514 
807 178 7 12 0.32208723 
509 328 22 33 0.32143682 
88 326 33 42 0.31636828 
793 165 5 11 0.31452462 
513 211 5 9 0.3116638 
623 241 10 14 0.31062758 
27 282 31 36 0.30704197 
961 218 5 8 0.3010114 
113 266 20 28 0.29537508 
410 386 68 83 0.29093876 
831 247 8 13 0.2840097 
341 65 4 8 0.26727992 
469 204 6 9 0.24988045 
548 251 7 14 0.24592748 
944 288 12 19 0.2440543 
10 149 7 13 0.23035383 
727 233 10 17 0.22787769 
910 204 6 10 0.22127536 
795 185 6 10 0.22106221 
309 218 5 7 0.22045955 
651 235 8 13 0.2201998 
383 99 7 11 0.21797778 
420 362 44 50 0.21726087 
427 229 8 12 0.21517435 
218 251 6 11 0.21131551 
313 223 7 12 0.20975006 
14 345 19 38 0.20674121 
261 173 6 8 0.19943602 
79 216 6 8 0.19826771 
508 208 5 10 0.19789855 
568 231 6 9 0.19668329 
37 212 8 14 0.19605863 
523 228 7 11 0.19031511 
1007 174 4 6 0.1880026 
954 245 7 9 0.18652354 
739 145 5 9 0.18295388 
366 167 6 10 0.18168205 
335 78 5 9 0.18114275 
65 214 7 9 0.1775875 
794 189 7 14 0.17699291 
838 235 11 12 0.1766803 
717 164 5 8 0.17641938 
925 204 4 9 0.17421333 
334 103 5 9 0.17414959 
517 211 6 9 0.17092931 
1011 173 5 7 0.16842769 
609 261 8 13 0.16521679 
275 172 8 10 0.16465995 
455 195 7 11 0.16431807 
577 217 6 9 0.16314562 
239 165 6 9 0.16182292 
577 212 5 7 0.1609625 
653 215 7 9 0.16053104 
378 115 8 11 0.1590039 
23 144 5 9 0.15849392 
87 96 7 11 0.15711826 
966 198 4 7 0.15511845 
326 212 5 7 0.1524774 
338 79 6 10 0.1503441 
433 196 10 12 0.14913498 
762 226 7 13 0.1490066 
609 213 6 8 0.14779295 
358 97 6 8 0.1456671 
1004 185 5 8 0.14541364 
703 159 6 10 0.14535654 
345 91 5 9 0.14460589 
755 166 4 9 0.14318934 
418 268 16 26 0.1427591 
356 187 8 16 0.14272247 
149 270 17 26 0.14262527 
455 184 6 7 0.14254707 
803 283 11 17 0.14171286 
292 255 7 10 0.14154114 
976 236 9 11 0.1401923 
438 272 12 23 0.14001977 
387 262 16 26 0.13868141 
773 237 9 16 0.13754585 
825 180 5 8 0.13731219 
83 213 5 7 0.13700028 
308 95 5 8 0.13688245 
503 245 9 15 0.13608001 
985 171 5 7 0.13423267 
954 216 5 10 0.13289998 
678 234 10 11 0.1326871 
933 217 6 10 0.1319596 
450 184 5 7 0.1311547 
589 337 29 51 0.13095087 
876 219 9 15 0.1305004 
1000 173 4 6 0.13039286 
231 168 4 6 0.12856318 
614 195 7 10 0.1267178 
416 235 6 11 0.12609594 
346 359 12 15 0.12609515 
622 221 7 11 0.12572043 
947 466 38 48 0.12537219 
594 230 7 9 0.12434764 
994 172 5 6 0.1230337 
586 241 8 13 0.120797746 
924 208 6 12 0.120593205 
838 183 6 10 0.11766872 
1019 171 5 9 0.1175069 
342 239 8 16 0.11382717 
928 210 5 10 0.11347308 
998 169 5 6 0.113336846 
822 266 10 19 0.11081549 
445 267 9 17 0.10918959 
597 234 6 10 0.10866743 
889 184 6 9 0.10862594 
965 193 5 8 0.10756429 
807 244 10 15 0.106713235 
966 174 5 6 0.10663556 
432 183 6 8 0.106604725 
428 196 9 11 0.10619353 
481 240 8 13 0.10589392 
994 168 5 6 0.105639145 
600 236 8 11 0.10554634 
447 230 6 10 0.105454765 
705 217 8 13 0.105312295 
640 164 7 10 0.104944006 
999 256 8 11 0.10259058 
975 290 11 16 0.102583915 
974 217 6 8 0.102403454 
797 183 7 11 0.102362745 
144 212 5 7 0.10158531 
962 174 5 8 0.10150148 
571 210 5 7 0.10082439 
531 211 7 8 0.10001789 
460 204 6 11 0.09977136 
309 226 8 13 0.0992716 
474 248 7 11 0.09881888 
461 230 6 8 0.098762065 
328 95 5 8 0.09796335 
634 234 8 14 0.09705234 
482 209 6 10 0.09652063 
930 216 6 9 0.09641045 
607 235 9 13 0.09636107 
239 417 45 67 0.096337244 
779 202 6 11 0.095894024 
565 234 6 9 0.09575356 
544 219 6 6 0.095551744 
981 156 3 5 0.095467284 
538 218 6 7 0.09515212 
576 222 7 8 0.09440943 
890 242 8 12 0.09315069 
476 180 6 8 0.093049355 
421 98 9 11 0.092602514 
691 167 5 8 0.092464395 
538 223 7 8 0.09243749 
545 236 7 10 0.0923138 
646 218 6 8 0.09227163 
223 282 17 28 0.092098966 
987 211 5 8 0.09183474 
740 141 6 10 0.09070266 
444 230 5 8 0.090184756 
417 241 5 10 0.089887984 
838 220 5 7 0.08973613 
964 259 8 15 0.089130625 
801 165 6 10 0.08888725 
590 209 5 9 0.088756554 
325 244 8 13 0.088459514 
964 197 4 8 0.08802239 
908 222 7 11 0.087737665 
323 211 5 8 0.08741275 
100 211 4 7 0.08705345 
554 205 4 6 0.08699887 
423 359 23 29 0.08697038 
341 94 5 8 0.08676274 
435 352 21 25 0.08576405 
1005 179 5 6 0.084912896 
700 165 5 10 0.084704444 
822 180 5 9 0.08447136 
647 249 7 9 0.084302865 
314 219 5 7 0.08395142 
975 239 6 12 0.083380945 
820 223 5 9 0.08315109 
509 254 16 26 0.08289566 
568 251 11 16 0.082457066 
423 233 6 12 0.08229581 
302 217 5 7 0.08223462 
312 230 9 16 0.08205915 
471 216 7 11 0.08182321 
800 178 7 11 0.08163834 
521 120 4 10 0.08129824 
1018 211 6 8 0.08064336 
221 179 5 8 0.079643525 
752 161 4 7 0.079559855 
923 227 6 11 0.07887021 
84 222 5 9 0.07881894 
427 222 7 10 0.078506425 
850 233 9 13 0.078494005 
983 168 5 7 0.07831386 
50 171 5 9 0.0781092 
997 270 10 15 0.07810308 
634 255 7 10 0.07721442 
863 190 6 9 0.07715908 
252 173 5 7 0.0769215 
295 219 5 7 0.076689914 
123 212 5 7 0.076543584 
347 213 4 7 0.076343216 
338 103 5 8 0.07633792 
814 195 7 12 0.07631395 
491 294 18 31 0.075978406 
282 102 4 7 0.07564484 
324 236 8 14 0.07515437 
755 210 6 11 0.07514238 
752 166 4 8 0.07508745 
532 215 7 9 0.07495978 
280 200 8 14 0.07382919 
990 212 6 8 0.07377636 
409 234 7 11 0.07356162 
499 218 5 9 0.07330891 
826 194 7 11 0.07320218 
912 202 7 11 0.07297383 
788 196 6 11 0.07297227 
988 160 4 6 0.072635226 
781 194 5 8 0.072141476 
896 185 5 8 0.07209547 
633 248 8 10 0.0718859 
773 147 4 9 0.07186319 
56 256 17 29 0.071609676 
870 210 6 9 0.07155188 
471 209 7 11 0.07126213 
961 213 4 7 0.07089195 
947 247 8 9 0.07077514 
885 185 6 10 0.07058477 
139 252 17 26 0.07031486 
961 178 5 7 0.0701518 
418 313 31 40 0.069942676 
552 213 5 5 0.06979704 
457 208 6 9 0.069645345 
624 213 4 7 0.069563 
70 88 6 10 0.069347456 
97 219 4 6 0.069081046 
793 212 10 19 0.06902607 
977 156 3 5 0.06866019 
915 199 6 8 0.06847132 
750 154 3 6 0.06844248 
52 198 5 8 0.068399526 
595 209 5 9 0.06810497 
333 90 6 8 0.06808605 
868 215 7 13 0.06794436 
279 177 7 9 0.06793772 
467 222 6 9 0.06785461 
102 212 5 7 0.06785411 
690 235 10 11 0.067797475 
767 180 5 8 0.06775016 
520 225 6 9 0.06761126 
51 216 7 10 0.067385875 
1006 204 6 8 0.06727868 
1088 245 8 15 0.066974655 
557 206 4 6 0.06670312 
903 218 6 10 0.06644296 
673 255 9 12 0.06618666 
27 179 6 8 0.066173956 
220 237 4 6 0.06613732 
531 206 6 7 0.06575836 
1087 270 9 14 0.065501176 
1010 199 5 6 0.06530627 
972 273 9 13 0.06522039 
473 221 6 10 0.064938225 
833 241 16 22 0.06485493 
51 95 5 8 0.06474807 
93 219 4 6 0.0647321 
29 192 4 6 0.064696126 
780 198 5 9 0.06457651 
14 134 5 8 0.06437535 
481 216 7 11 0.06426083 
556 245 8 15 0.06375953 
951 294 11 19 0.06369327 
888 216 7 10 0.06368485 
694 155 4 7 0.06353857 
288 160 6 9 0.06335739 
231 171 5 10 0.06323263 
898 223 5 9 0.0631939 
108 217 5 7 0.063046485 
447 234 7 10 0.06275417 
455 235 7 10 0.062720776 
294 101 5 8 0.062618166 
156 264 12 21 0.06250964 
766 185 4 7 0.062492233 
678 186 6 12 0.062433798 
939 222 6 10 0.062364947 
507 201 4 6 0.062149163 
591 229 5 9 0.06206031 
235 286 11 19 0.06170062 
47 172 5 8 0.06160647 
101 229 7 8 0.06155146 
692 159 4 8 0.061304197 
320 235 6 12 0.060799725 
794 162 5 8 0.060691796 
479 183 5 9 0.06037131 
303 211 5 7 0.06008676 
904 205 5 8 0.05970537 
723 238 9 15 0.059566922 
529 294 11 18 0.05918355 
553 200 5 6 0.05904411 
244 289 19 35 0.059026077 
948 261 7 10 0.058965538 
208 261 9 13 0.058793835 
1000 276 12 17 0.05864174 
974 212 5 8 0.058410715 
246 236 5 8 0.058362763 
883 234 9 11 0.058332194 
956 179 5 7 0.057984263 
597 199 4 6 0.057967465 
29 173 5 7 0.057569835 
29 220 9 14 0.05739109 
856 228 9 13 0.057326153 
570 207 4 5 0.05717631 
258 209 6 12 0.057128027 
508 180 4 6 0.057050645 
817 203 6 11 0.056835353 
516 286 12 20 0.05668097 
934 210 5 8 0.05657821 
688 166 5 8 0.056501508 
98 230 6 8 0.056411438 
872 205 6 9 0.055970263 
1011 204 5 7 0.055960722 
449 314 21 39 0.055908814 
811 273 10 15 0.05575798 
798 210 8 15 0.055722695 
987 156 4 6 0.05564963 
333 96 4 7 0.055543046 
876 211 6 10 0.055538896 
40 187 4 6 0.05537402 
896 204 5 9 0.055349395 
27 224 6 10 0.055126004 
225 282 33 48 0.05511206 
507 133 6 9 0.054960266 
127 211 5 7 0.054751538 
484 196 6 10 0.054713238 
713 161 4 8 0.054640617 
455 240 7 12 0.05450463 
573 109 7 10 0.05436402 
724 161 5 7 0.05403033 
509 242 9 15 0.0540253 
505 263 11 22 0.053956863 
333 178 5 9 0.053808443 
402 234 7 13 0.05374104 
244 230 6 9 0.053695794 
70 128 8 11 0.05345453 
866 210 7 10 0.053386323 
447 241 7 11 0.05320082 
777 194 5 7 0.053023707 
955 223 5 8 0.053002376 
957 284 9 14 0.05294147 
51 193 4 7 0.0529367 
15 180 4 7 0.05292834 
597 179 4 7 0.05286889 
705 155 5 8 0.052859258 
103 339 33 50 0.052807942 
544 223 6 8 0.052598257 
465 229 6 9 0.05254381 
877 171 6 7 0.05253933 
293 97 6 8 0.05245705 
97 223 5 7 0.052440725 
810 217 7 12 0.05243608 
239 170 5 10 0.052353587 
501 128 5 9 0.05223161 
783 159 5 8 0.052212067 
555 277 16 29 0.05216992 
67 90 5 8 0.05209903 
410 253 8 14 0.051993504 
300 250 6 10 0.05192938 
911 200 5 8 0.05192414 
118 212 5 6 0.051897693 
73 122 6 9 0.05189637 
425 198 5 8 0.051535364 
591 253 9 16 0.051431224 
588 236 6 10 0.05131594 
284 96 4 7 0.051285062 
269 172 7 10 0.051247608 
478 246 7 11 0.051224392 
288 197 6 11 0.051080287 
672 242 8 12 0.051073425 
540 199 5 7 0.05103186 
542 205 6 7 0.05100849 
353 215 5 9 0.05085025 
104 216 5 8 0.050734792 
332 241 8 14 0.05071435 
646 283 9 14 0.050700244 
956 193 4 7 0.05058639 
313 96 5 7 0.050538085 
257 177 7 8 0.05050299 
563 212 5 7 0.050492756 
835 223 5 7 0.05048846 
774 152 5 9 0.05020472 
518 231 8 13 0.0499932 
628 267 6 10 0.04987623 
465 252 8 16 0.049853794 
968 205 5 6 0.04976986 
765 192 5 8 0.04975018 
32 172 6 8 0.04966886 
289 96 5 9 0.049545642 
460 181 5 7 0.04944456 
103 226 5 7 0.049293526 
459 234 7 11 0.049278285 
981 186 4 7 0.049129464 
566 207 3 5 0.049113896 
1089 230 6 12 0.049005944 
721 140 3 8 0.048999723 
256 215 6 9 0.04894055 
70 391 38 39 0.048910055 
0 154 4 9 0.04886348 
458 240 9 14 0.04880758 
27 199 6 7 0.04869168 
722 166 5 7 0.048601415 
923 200 4 7 0.04855335 
585 102 12 16 0.04854951 
413 393 28 38 0.04850989 
434 248 8 13 0.048465293 
765 222 7 13 0.048446674 
964 217 6 9 0.048409756 
275 168 7 9 0.048343286 
986 185 5 8 0.048310116 
47 115 5 7 0.04824904 
367 31 12 20 0.048230447 
891 182 5 7 0.048186127 
423 179 5 7 0.048118312 
482 191 5 9 0.048049618 
535 253 9 17 0.048037685 
692 170 5 10 0.048035733 
499 204 5 10 0.047950547 
297 148 5 7 0.04788352 
547 319 33 45 0.047880437 
928 221 7 11 0.04785562 
839 228 9 12 0.047844898 
1 166 4 9 0.04783232 
360 90 5 9 0.04775516 
391 247 7 13 0.047686525 
774 161 5 9 0.04768157 
700 154 4 7 0.04757461 
75 86 7 12 0.047546282 
937 272 9 13 0.047401898 
379 140 5 7 0.047390964 
647 254 7 8 0.04738201 
640 279 6 11 0.047320075 
76 237 6 8 0.047211517 
807 187 8 15 0.047160465 
495 203 6 10 0.0471304 
1021 167 14 21 0.047033273 
973 246 6 12 0.047025975 
275 98 4 7 0.046982072 
851 240 8 12 0.046945043 
552 219 5 6 0.046910055 
309 149 4 6 0.04690335 
300 236 6 9 0.046881024 
458 253 11 18 0.04687684 
68 259 10 15 0.046864808 
956 187 3 5 0.046753448 
1087 293 9 14 0.04674941 
130 207 4 6 0.046665177 
652 255 7 8 0.04665374 
698 170 6 10 0.046605077 
974 160 4 7 0.04659106 
636 160 6 8 0.04651529 
520 207 4 6 0.04640435 
578 193 4 6 0.046393942 
738 152 4 9 0.046259474 
993 241 6 9 0.04624311 
519 215 5 9 0.04620241 
78 160 4 6 0.046181567 
789 169 6 10 0.046078376 
945 104 113 134 0.046018023 
649 212 5 7 0.045958452 
1005 209 6 8 0.045565136 
686 197 7 11 0.045488633 
540 191 4 7 0.045487728 
510 127 5 9 0.045408584 
1019 217 6 8 0.045355037 
443 234 6 10 0.045308504 
418 95 6 11 0.045233175 
706 135 4 8 0.045134965 
526 216 6 8 0.04513323 
499 250 9 15 0.045096293 
674 234 19 20 0.04496079 
830 236 10 13 0.044933993 
773 228 8 14 0.04484513 
78 186 4 7 0.04483812 
1002 285 12 17 0.044747144 
650 250 8 9 0.044744723 
1008 199 4 6 0.044686936 
551 231 5 8 0.04453853 
303 204 6 9 0.04449742 
109 213 4 7 0.04444792 
75 245 11 14 0.0444439 
328 102 5 9 0.04433873 
240 161 5 8 0.044293083 
539 187 4 6 0.044280212 
99 207 4 7 0.044271488 
721 221 7 12 0.044253893 
557 230 6 8 0.044202104 
495 185 3 5 0.04406369 
798 195 6 12 0.044004425 
962 187 4 6 0.04380614 
981 160 4 5 0.043757815 
485 227 7 12 0.04359702 
532 191 5 7 0.043549556 
702 226 11 14 0.04353617 
783 155 4 7 0.04335752 
834 183 7 10 0.04330757 
819 190 6 11 0.043122407 
291 218 5 8 0.043083727 
31 198 6 8 0.043050837 
521 257 10 18 0.04304841 
524 361 30 41 0.04295962 
850 211 6 8 0.04295856 
991 180 5 7 0.04284546 
270 177 7 9 0.04276035 
841 199 5 8 0.04274185 
846 211 6 9 0.04272366 
756 170 5 9 0.042666674 
755 162 4 7 0.042652965 
823 252 9 15 0.042535514 
851 217 6 8 0.042511366 
1059 285 9 15 0.04250968 
533 186 4 6 0.042384043 
971 259 8 14 0.042216573 
281 159 6 8 0.042121787 
1019 249 6 10 0.04209509 
922 215 6 10 0.042049125 
72 208 5 7 0.042030416 
273 98 4 6 0.042018037 
33 167 5 7 0.04199825 
1011 153 5 8 0.041895226 
354 101 6 8 0.04189508 
308 213 4 7 0.04188675 
362 182 9 17 0.041869506 
835 219 5 8 0.041866858 
365 89 7 10 0.041804027 
180 186 5 7 0.041751664 
1020 223 6 8 0.04174228 
782 166 4 8 0.04174188 
928 260 6 9 0.041730735 
342 212 4 7 0.041699156 
449 193 5 7 0.04156584 
66 96 5 8 0.041473992 
975 277 9 15 0.041447483 
762 166 5 8 0.041412737 
820 258 8 14 0.04127694 
712 185 5 11 0.041198343 
418 212 6 10 0.041020427 
596 185 5 7 0.04101323 
700 135 4 8 0.04100066 
269 217 7 7 0.040974345 
820 172 5 8 0.04093348 
147 187 5 7 0.04089768 
289 251 6 9 0.04087199 
927 298 10 16 0.040854096 
505 227 6 11 0.040823177 
639 255 6 9 0.040724926 
433 229 6 10 0.04061907 
344 228 7 12 0.040545292 
633 273 7 12 0.040427987 
320 102 5 8 0.04042307 
780 371 29 39 0.04039929 
1019 206 5 7 0.040282365 
90 222 6 8 0.040240966 
1059 275 8 13 0.040132407 
551 223 6 8 0.040115815 
781 239 9 17 0.040082708 
307 192 5 8 0.04003635 
447 225 6 8 0.039993506 
719 147 4 7 0.039971635 
563 130 8 11 0.039871637 
440 260 9 18 0.03984687 
434 55 17 37 0.03971112 
583 212 5 7 0.03960939 
673 223 6 8 0.03959668 
468 186 5 7 0.039541792 
9 76 6 8 0.039521717 
613 212 5 9 0.039514594 
756 185 4 8 0.039480865 
993 162 4 5 0.039471958 
762 154 4 7 0.03944247 
470 154 5 7 0.039424267 
52 212 5 8 0.039418656 
409 105 6 11 0.03936409 
276 198 7 13 0.03931992 
713 123 3 6 0.039287575 
21 200 5 7 0.039262976 
72 230 5 7 0.039202392 
308 111 4 6 0.039150175 
361 135 5 8 0.039105043 
1006 224 5 7 0.038957242 
577 230 6 8 0.03892521 
229 231 8 10 0.038918562 
95 86 6 11 0.038860686 
545 213 5 5 0.038849153 
539 205 6 7 0.03882476 
228 123 3 7 0.03880239 
373 132 5 11 0.03878263 
894 197 7 11 0.038782246 
327 184 6 9 0.038724322 
896 228 6 10 0.038713966 
8 156 6 11 0.038690764 
926 235 7 11 0.038678344 
90 87 7 12 0.03864955 
512 207 4 7 0.03860788 
583 232 5 7 0.03860419 
501 185 3 6 0.03859525 
463 225 5 8 0.03851719 
70 93 5 10 0.038473524 
285 92 4 6 0.038345393 
975 205 4 6 0.038267165 
57 234 7 10 0.03814765 
227 243 5 9 0.038135678 
892 258 15 18 0.038118508 
831 191 6 10 0.038050607 
802 171 6 9 0.03796025 
972 174 5 6 0.037862726 
335 216 4 7 0.037691496 
1086 206 6 12 0.037623703 
297 152 5 8 0.037561923 
1057 293 11 18 0.037537992 
943 210 5 9 0.037382502 
780 126 7 12 0.037378192 
281 166 7 10 0.037364323 
591 226 4 7 0.037356883 
378 188 8 12 0.037331183 
657 237 7 9 0.037314635 
1037 161 7 12 0.03729859 
79 221 6 10 0.037292995 
294 251 6 9 0.037242696 
978 217 5 9 0.037216842 
1083 319 10 16 0.037204295 
914 224 6 10 0.037179146 
329 180 5 7 0.03716799 
60 149 4 7 0.037141047 
635 200 5 7 0.0371211 
432 277 12 22 0.037032813 
252 218 5 8 0.037026096 
751 150 3 6 0.03701979 
1000 225 6 7 0.03693897 
963 168 3 5 0.036897365 
289 210 5 9 0.036682237 
963 345 33 52 0.03660923 
656 216 7 8 0.036583714 
376 123 8 14 0.03657532 
355 97 5 8 0.036560707 
369 187 8 13 0.036524627 
91 213 4 5 0.036424056 
493 210 6 10 0.03635462 
642 222 6 9 0.03634695 
445 181 4 6 0.036315184 
233 116 4 7 0.036314737 
432 235 7 11 0.0362841 
826 235 7 12 0.036267724 
750 179 5 9 0.036250174 
771 161 4 7 0.03624928 
125 169 3 6 0.036234066 
708 211 8 14 0.036196955 
20 179 4 7 0.03618666 
468 191 6 9 0.036180396 
211 254 7 12 0.03615217 
683 272 20 32 0.03607007 
509 173 4 7 0.03600209 
249 240 7 10 0.035993777 
71 173 5 7 0.035984974 
1004 236 6 8 0.03594114 
674 175 4 6 0.03593889 
677 254 18 23 0.035870783 
63 230 6 8 0.03586465 
520 173 4 5 0.035857443 
487 185 5 7 0.03585654 
1013 186 4 6 0.03579246 
267 166 16 22 0.035779025 
1014 169 3 5 0.035760384 
48 193 4 7 0.03575319 
420 240 6 10 0.035752498 
50 114 6 7 0.03573468 
1001 185 5 8 0.035700522 
648 240 8 12 0.03567344 
116 80 9 14 0.03566081 
1012 192 5 6 0.035650603 
537 212 5 7 0.03557144 
976 293 18 28 0.03552663 
647 205 6 8 0.0355081 
52 202 5 9 0.035497114 
574 247 11 21 0.03549482 
1 345 21 38 0.035490092 
223 274 8 14 0.0354683 
673 247 12 13 0.035464298 
73 237 6 8 0.035444476 
988 180 4 8 0.035439532 
981 200 4 6 0.035376232 
981 206 4 6 0.035369873 
28 168 5 7 0.035326537 
251 167 5 8 0.03532295 
772 152 4 8 0.03528661 
409 152 5 9 0.03528403 
325 229 7 12 0.035236366 
507 185 4 6 0.035123203 
147 199 4 7 0.035116464 
596 239 8 12 0.03511245 
79 174 4 6 0.03508998 
921 291 8 12 0.035062272 
975 200 3 6 0.035014465 
480 174 4 7 0.034931157 
83 112 7 12 0.034886714 
745 154 3 7 0.03486901 
1061 264 6 12 0.03483866 
789 161 4 7 0.034821015 
813 209 7 10 0.034812216 
845 199 5 7 0.034795117 
278 102 4 7 0.03475021 
880 289 12 15 0.03465377 
494 217 6 9 0.034615915 
301 231 6 8 0.034551967 
701 139 4 9 0.03450987 
895 190 7 11 0.034410175 
775 110 8 12 0.034407806 
825 224 5 8 0.034402207 
949 207 5 8 0.034383647 
700 147 4 8 0.03436467 
321 217 4 7 0.034346934 
730 178 5 8 0.03429188 
288 236 6 8 0.0342552 
775 127 6 9 0.034228552 
1054 232 6 10 0.034187716 
710 134 4 9 0.034183837 
615 174 5 6 0.03417849 
470 148 4 7 0.03417411 
444 225 5 8 0.03415242 
987 206 4 7 0.03411704 
971 253 7 12 0.034077503 
809 235 9 14 0.034029406 
968 168 4 6 0.03400771 
27 185 5 7 0.033957846 
295 235 6 9 0.033913407 
944 243 5 9 0.03390635 
40 129 5 6 0.033814017 
144 206 4 6 0.033763416 
494 373 29 50 0.03373711 
868 242 8 11 0.033695307 
559 213 4 5 0.033636235 
398 88 6 10 0.033603836 
504 299 20 30 0.03357569 
733 238 9 16 0.03353745 
92 173 4 7 0.033466257 
316 213 4 6 0.03345254 
430 174 5 6 0.033324547 
755 192 5 8 0.033311233 
787 154 4 8 0.033305667 
850 223 8 11 0.033209942 
291 101 5 8 0.033199016 
359 180 7 12 0.033157434 
705 190 5 9 0.03310382 
956 198 4 8 0.03296846 
524 145 7 15 0.032968067 
88 113 7 11 0.03296692 
4 287 19 35 0.03296091 
949 280 17 25 0.032956894 
638 230 7 11 0.032942206 
28 212 15 24 0.032878414 
578 198 5 7 0.03286156 
521 184 5 7 0.03285586 
566 201 3 4 0.03283598 
767 196 6 8 0.032834087 
978 231 8 10 0.032817207 
237 115 4 7 0.03281425 
302 149 4 6 0.03275258 
560 246 9 14 0.03271965 
545 232 6 8 0.032714784 
52 237 8 11 0.032696426 
381 97 6 9 0.03265379 
223 248 6 9 0.03261441 
520 180 5 7 0.032585766 
214 284 12 22 0.03256634 
658 272 7 12 0.032521438 
1019 230 6 9 0.032515883 
295 160 6 10 0.032499693 
444 270 17 26 0.0324971 
446 401 43 59 0.032493345 
981 211 5 8 0.032476462 
765 181 4 7 0.03243862 
805 166 5 9 0.032433007 
584 236 6 10 0.032416955 
1 171 4 8 0.032371134 
485 192 5 9 0.032364216 
585 102 23 28 0.032328427 
886 221 8 12 0.03229131 
235 154 4 6 0.03228278 
975 186 4 6 0.03228268 
882 226 9 14 0.0322479 
270 184 6 8 0.03221933 
705 139 4 9 0.032217335 
799 203 6 13 0.032194514 
891 202 7 11 0.03218238 
230 121 5 8 0.032098353 
125 172 4 6 0.032076508 
52 186 4 7 0.032041032 
423 174 6 7 0.031976577 
827 173 4 8 0.03197436 
982 289 11 17 0.03196591 
0 185 4 10 0.031960692 
756 234 6 13 0.031956818 
10 142 5 8 0.031942062 
476 174 5 6 0.031935092 
481 227 7 12 0.03193351 
646 172 7 9 0.03193348 
214 363 27 45 0.031929985 
573 336 30 48 0.031854052 
787 214 9 18 0.03181405 
882 217 8 11 0.03174252 
825 245 10 16 0.031710822 
70 224 6 8 0.03164801 
372 127 5 11 0.031644683 
285 202 7 12 0.03163407 
1037 173 7 12 0.03157145 
605 268 12 22 0.03156269 
934 268 9 12 0.031552352 
742 277 8 15 0.031523403 
79 180 4 5 0.03150283 
527 206 4 6 0.03150173 
752 211 5 9 0.031498775 
307 197 4 8 0.03143897 
102 207 4 6 0.031417135 
351 269 19 29 0.03138591 
895 181 5 7 0.031336114 
1061 240 6 10 0.031301763 
828 265 13 20 0.031295672 
806 205 7 10 0.031271044 
204 265 9 12 0.031261045 
796 243 10 16 0.031248294 
442 240 7 12 0.031224275 
231 177 5 8 0.031204259 
1002 179 4 6 0.031195091 
359 139 6 8 0.031191861 
70 100 5 9 0.031186296 
508 114 6 10 0.031173922 
676 222 7 9 0.031117741 
100 235 8 9 0.031058006 
762 172 4 7 0.031051189 
883 196 6 11 0.031044958 
981 180 4 7 0.03104467 
473 146 4 8 0.031042365 
942 206 4 7 0.030999541 
960 154 4 6 0.030974573 
133 302 18 27 0.030933766 
578 186 4 6 0.03091098 
621 227 7 11 0.030846858 
38 172 5 7 0.030820725 
597 194 4 7 0.030791406 
936 206 5 8 0.030759653 
287 91 5 7 0.030681128 
321 97 5 7 0.030663451 
301 222 5 8 0.030631723 
1047 274 8 13 0.03062132 
611 197 5 7 0.030598706 
80 261 18 26 0.030557724 
715 181 7 13 0.030539183 
121 247 20 25 0.030538386 
15 184 4 9 0.030533979 
632 173 7 11 0.030528829 
336 167 4 7 0.030527897 
76 231 6 8 0.030421214 
276 191 5 9 0.030365022 
97 173 4 7 0.030323481 
334 153 4 6 0.030320423 
369 88 7 12 0.030295588 
261 214 7 9 0.030282367 
603 212 5 8 0.030268136 
501 248 15 24 0.030218365 
382 263 11 19 0.030186266 
357 281 20 27 0.030156078 
67 261 19 29 0.030151602 
280 262 7 10 0.030116413 
512 173 4 7 0.030114552 
526 212 6 8 0.03011385 
162 185 4 6 0.03010152 
1055 243 5 10 0.030043159 
41 254 21 32 0.030033706 
315 146 4 8 0.03003327 
13 216 9 10 0.030033218 
283 108 5 8 0.029992694 
336 71 5 7 0.029987615 
968 212 4 7 0.029977838 
281 237 8 9 0.029954799 
791 294 17 30 0.029953565 
122 215 6 9 0.029906193 
1020 159 6 8 0.02986056 
382 187 9 13 0.029819451 
257 168 6 8 0.029816838 
303 110 4 6 0.029759912 
780 250 7 14 0.029732928 
0 223 4 8 0.029714644 
607 246 9 13 0.029696716 
647 229 7 10 0.029695135 
124 414 36 48 0.029676402 
844 271 10 16 0.029573563 
872 168 5 7 0.029527552 
364 102 5 7 0.029503318 
1 160 4 9 0.029496534 
334 173 5 7 0.029487895 
845 185 5 10 0.029481038 
398 119 6 12 0.029462494 
952 273 7 10 0.029452147 
602 259 8 14 0.029446328 
470 159 5 8 0.029444829 
291 223 5 7 0.029425165 
819 280 26 31 0.029419605 
1080 344 13 19 0.02938958 
26 202 6 8 0.029388683 
399 301 10 15 0.029280892 
557 236 6 10 0.029261254 
39 168 4 6 0.029258294 
251 160 5 8 0.029255524 
556 200 5 6 0.029251225 
1043 283 10 15 0.02924201 
253 239 43 61 0.029234968 
961 229 6 8 0.029219924 
498 333 16 29 0.029206265 
260 167 7 9 0.029202992 
653 260 7 11 0.029196754 
962 205 4 6 0.029193586 
653 199 5 9 0.029168367 
999 237 6 8 0.02916143 
523 291 11 20 0.029138364 
237 155 4 5 0.029114123 
973 167 4 7 0.0291014 
125 353 24 32 0.029064061 
15 130 4 6 0.0290487 
295 91 4 7 0.029046103 
839 189 5 9 0.029034171 
525 126 5 9 0.029033829 
1038 211 7 12 0.028996687 
688 162 4 6 0.028981455 
569 242 8 13 0.028967965 
252 178 5 8 0.028872082 
240 295 9 18 0.028811567 
763 218 5 9 0.028792713 
820 228 6 10 0.028767679 
533 181 4 6 0.028764317 
596 348 37 71 0.028757343 
450 265 11 17 0.028750319 
902 308 31 51 0.028748017 
842 248 10 16 0.02873617 
1020 185 5 8 0.028730499 
887 229 8 12 0.028712159 
986 199 5 8 0.028710058 
628 176 8 10 0.028658735 
745 168 4 6 0.028646218 
307 240 9 13 0.02864496 
781 206 6 12 0.028635435 
371 23 10 17 0.028634015 
674 219 5 8 0.02862521 
755 206 5 9 0.02860341 
817 246 8 15 0.02859711 
621 235 8 13 0.028587693 
507 109 5 9 0.028563967 
474 138 5 10 0.028562177 
25 151 6 10 0.02856175 
510 121 6 10 0.028551038 
1062 252 6 11 0.028537124 
47 96 5 8 0.028536567 
440 247 8 14 0.028520428 
975 221 6 9 0.028491035 
609 192 5 10 0.02841878 
255 165 17 22 0.028409854 
71 242 8 12 0.028383767 
354 296 20 27 0.028369777 
1020 235 6 10 0.028360527 
760 211 6 9 0.028343055 
750 171 5 8 0.028329585 
526 335 35 46 0.028300354 
819 216 6 10 0.028294846 
553 194 4 5 0.028272033 
999 161 4 6 0.028182035 
295 108 5 8 0.028177172 
1007 169 4 5 0.028170405 
612 245 8 14 0.028153248 
620 252 8 12 0.028149633 
851 202 7 11 0.028124794 
705 196 6 10 0.02811634 
994 156 3 6 0.028096251 
805 275 18 26 0.028092718 
450 196 5 9 0.028052207 
57 242 8 13 0.028050877 
872 199 5 8 0.028013278 
713 148 4 7 0.028005034 
419 180 5 6 0.02799935 
806 174 6 10 0.027977297 
422 161 5 7 0.027943207 
770 170 5 9 0.027924145 
532 224 6 7 0.027878286 
130 169 3 5 0.027872123 
1011 178 5 7 0.027866695 
1019 261 8 12 0.027865045 
945 205 14 21 0.02783997 
777 323 11 16 0.027823372 
951 265 8 12 0.027808739 
726 154 4 7 0.027807891 
1060 228 6 10 0.027760506 
279 338 22 35 0.027747337 
1038 148 7 12 0.027696304 
117 136 4 7 0.027661592 
678 193 6 12 0.027656246 
743 185 4 8 0.027599597 
975 180 4 6 0.027589478 
639 250 7 9 0.027541315 
433 264 10 18 0.027530525 
79 108 6 10 0.027507482 
139 237 9 16 0.027501397 
571 201 4 5 0.027484605 
587 276 14 28 0.02745524 
169 186 4 5 0.027451262 
815 168 4 7 0.02742787 
488 181 4 6 0.027412076 
966 178 5 6 0.027409889 
832 280 13 18 0.027392859 
307 114 5 7 0.027388094 
497 268 17 30 0.027379284 
863 240 9 12 0.02734437 
673 238 7 9 0.027312024 
582 222 6 8 0.027311226 
711 173 5 9 0.027275061 
529 229 6 9 0.027264815 
595 226 5 7 0.02726128 
59 136 4 6 0.027241884 
815 172 5 8 0.02723985 
304 95 5 8 0.0272341 
796 146 4 9 0.027199391 
703 95 8 12 0.027185652 
117 207 4 5 0.027163206 
894 209 6 10 0.027159013 
78 207 4 5 0.027148072 
173 244 5 8 0.027141022 
378 108 7 10 0.027136993 
453 245 10 15 0.027136974 
860 187 5 8 0.027122172 
762 222 14 24 0.02711265 
424 264 13 17 0.027111504 
94 94 7 11 0.027094394 
465 240 8 14 0.02707744 
781 140 6 10 0.027057255 
883 296 19 28 0.027023641 
99 134 4 7 0.027004914 
61 245 9 15 0.027001632 
711 127 4 7 0.026965193 
343 68 6 9 0.026950127 
566 323 22 30 0.02694939 
577 206 5 6 0.026918374 
225 127 4 7 0.02691378 
119 259 10 16 0.02683889 
7 167 4 8 0.026834643 
499 198 5 8 0.02680415 
347 224 6 10 0.026803942 
810 182 7 11 0.026803216 
357 208 8 14 0.026778905 
1 64 5 9 0.026747078 
730 154 4 8 0.026745792 
168 245 6 8 0.026723025 
1037 185 7 12 0.02671356 
529 241 8 13 0.026712926 
423 203 6 10 0.026649093 
147 191 5 7 0.026606675 
710 153 5 8 0.026585517 
845 217 6 8 0.026579432 
162 197 5 7 0.026556585 
65 222 7 10 0.026552029 
301 153 4 7 0.026526803 
705 173 5 8 0.026480222 
1038 224 7 12 0.026450403 
965 223 5 7 0.026431138 
313 91 5 7 0.026413985 
523 367 11 21 0.02631465 
1019 255 7 9 0.026310593 
34 163 4 6 0.0262984 
220 233 4 6 0.026297428 
978 222 6 9 0.026260886 
968 249 6 10 0.02625257 
48 275 11 18 0.026249168 
384 88 6 9 0.026241805 
483 122 4 6 0.026236704 
767 237 10 17 0.026198221 
610 168 4 7 0.026192732 
510 369 29 48 0.02618648 
440 193 6 8 0.026156718 
722 141 5 8 0.026133098 
688 172 4 7 0.02612837 
992 184 5 8 0.026127731 
724 147 4 7 0.026119774 
203 259 17 23 0.026104836 
99 199 4 7 0.026087614 
374 138 5 8 0.026061084 
197 294 34 51 0.026054077 
67 244 17 23 0.026053207 
26 123 5 6 0.026047233 
20 175 4 6 0.026034104 
1014 211 4 6 0.026004875 
706 178 5 9 0.025966112 
145 201 3 6 0.02595803 
341 230 7 12 0.025949908 
845 203 5 9 0.025929919 
550 248 15 22 0.025929676 
602 198 5 7 0.025925113 
359 227 6 13 0.025888171 
732 148 4 7 0.025877178 
651 177 8 11 0.025864886 
98 118 6 11 0.025842926 
112 261 13 18 0.025824983 
12 212 8 9 0.025807751 
274 218 6 7 0.02579113 
700 191 4 8 0.025781136 
419 89 9 15 0.025757447 
475 134 6 10 0.025754629 
396 239 9 15 0.025726737 
368 43 10 16 0.025700025 
221 174 4 8 0.025676778 
38 205 7 13 0.025674347 
457 141 5 7 0.025657596 
85 173 4 7 0.025652274 
361 172 5 9 0.02564734 
244 241 6 9 0.025645953 
58 204 5 8 0.025622435 
558 141 7 10 0.025603235 
959 286 17 25 0.025589183 
93 187 3 6 0.025583275 
842 235 16 22 0.025551876 
1000 230 5 7 0.02554879 
60 231 6 9 0.025533646 
355 185 6 11 0.025523089 
226 232 5 8 0.02547429 
729 259 18 30 0.025460934 
675 275 17 28 0.025441498 
144 243 9 14 0.02543605 
940 279 8 11 0.025435522 
41 278 14 19 0.025408054 
378 133 5 10 0.025383847 
27 128 5 7 0.025382869 
59 95 5 8 0.025368836 
60 102 5 8 0.025358604 
1012 250 6 8 0.025340632 
965 264 14 24 0.025330449 
571 226 5 7 0.025309153 
1020 238 15 23 0.025302755 
903 190 5 10 0.025263688 
697 197 6 9 0.025249055 
1008 165 17 23 0.025244022 
36 86 7 12 0.025243804 
382 125 8 14 0.025233004 
788 207 7 16 0.025230508 
668 184 6 9 0.025230296 
64 140 6 7 0.025227113 
495 129 4 7 0.025206588 
805 272 11 17 0.025204737 
796 233 9 18 0.025202142 
468 121 5 8 0.025168182 
98 178 3 6 0.025156742 
136 263 18 28 0.025118403 
205 238 4 7 0.02509299 
948 272 7 11 0.025059942 
131 192 4 8 0.02505969 
565 193 3 5 0.025051642 
846 218 16 22 0.025040312 
974 231 6 9 0.025036996 
167 196 5 8 0.025015563 
32 193 4 6 0.025005633 
84 80 6 11 0.025005445 
146 206 5 6 0.024985215 
340 186 5 7 0.024982113 
967 187 4 6 0.024974937 
455 213 40 54 0.024964953 
601 206 5 7 0.024961384 
448 208 6 11 0.024946526 
393 250 11 18 0.024940614 
206 253 7 13 0.0249272 
335 319 18 32 0.024924753 
792 198 8 18 0.024920223 
337 66 4 6 0.024831427 
262 242 21 24 0.024821404 
478 253 7 10 0.024816846 
39 198 5 9 0.02481195 
680 272 8 12 0.024765419 
501 182 4 6 0.024741275 
984 240 8 10 0.024683269 
300 171 6 11 0.024678113 
270 190 6 10 0.024611691 
0 300 7 20 0.024579443 
202 267 5 9 0.024548948 
446 250 10 19 0.024546357 
834 258 12 15 0.024539541 
156 173 4 7 0.024532042 
933 323 29 60 0.024524553 
340 60 5 7 0.024520995 
1020 242 7 10 0.02451503 
1037 135 8 13 0.024505073 
957 148 4 5 0.024491396 
15 175 5 6 0.024479723 
620 266 7 13 0.02446118 
904 198 5 9 0.024405323 
449 330 33 46 0.024404055 
150 260 13 19 0.024397437 
48 111 5 7 0.024374532 
665 235 7 8 0.024365902 
783 215 7 15 0.024358865 
796 153 5 8 0.024357641 
1021 217 15 22 0.024345623 
540 276 13 19 0.024344876 
20 151 6 9 0.024331719 
956 167 4 5 0.024330325 
426 340 26 29 0.024321305 
967 242 6 10 0.024299812 
895 270 23 25 0.024298538 
840 173 5 7 0.024271144 
475 129 4 7 0.024262806 
264 153 4 7 0.024258213 
1019 114 6 9 0.024256157 
1006 229 6 8 0.024226068 
39 113 5 8 0.02422323 
225 174 4 7 0.024208281 
612 173 4 5 0.024198296 
976 150 3 4 0.024196772 
677 277 8 13 0.024196766 
1037 198 7 12 0.024192747 
116 103 7 13 0.024180485 
1012 225 4 6 0.024171986 
737 192 5 9 0.02417157 
298 259 8 12 0.024136506 
649 200 4 7 0.024136323 
718 122 3 6 0.024118287 
384 134 6 9 0.024080766 
884 189 5 10 0.024070002 
758 149 4 6 0.024057984 
690 247 10 13 0.024053093 
1017 339 18 25 0.024040204 
41 191 4 7 0.024038179 
450 148 4 6 0.024031932 
495 198 5 8 0.02402944 
453 191 14 21 0.024011832 
745 172 4 7 0.023996275 
724 58 6 9 0.023994356 
1012 128 4 7 0.023988362 
494 253 7 11 0.023978388 
51 168 5 7 0.023977268 
956 174 5 8 0.02397183 
276 159 7 8 0.023971092 
435 173 5 7 0.023963522 
77 343 28 25 0.023945274 
540 182 4 5 0.023909174 
346 155 4 6 0.023894567 
500 227 7 13 0.023889065 
175 186 3 6 0.023823295 
1001 142 3 6 0.023819897 
1037 236 8 13 0.023785565 
795 179 13 24 0.02376206 
1020 258 15 20 0.023754163 
220 269 18 29 0.023749795 
296 213 4 8 0.023748877 
58 185 5 8 0.023743669 
47 187 3 6 0.02372966 
52 161 4 6 0.023728136 
19 185 5 8 0.023714142 
894 236 8 12 0.023670211 
690 191 7 13 0.023651365 
691 229 16 23 0.023649175 
627 236 14 20 0.023645628 
652 222 7 10 0.02364447 
18 135 6 7 0.023643356 
375 108 14 22 0.023627426 
612 255 8 12 0.023613885 
59 91 5 8 0.023606766 
863 195 7 11 0.023573173 
20 130 5 5 0.02355843 
556 212 14 20 0.023552733 
511 179 5 7 0.023539687 
26 134 6 7 0.0235358 
688 200 9 11 0.023515472 
1016 382 16 30 0.023515064 
484 203 6 11 0.023513423 
64 101 6 9 0.02351186 
1024 347 19 34 0.023497751 
0 190 3 12 0.023496488 
941 262 8 11 0.023496434 
720 135 4 8 0.023487179 
473 167 5 7 0.023480712 
117 217 5 8 0.023468953 
102 113 6 10 0.023467144 
383 139 5 8 0.02346676 
300 222 18 24 0.023466576 
314 191 6 10 0.023461739 
39 263 31 46 0.023461534 
886 285 13 15 0.023443857 
814 160 4 7 0.023432413 
219 243 5 9 0.023421613 
57 200 4 7 0.023390124 
610 207 4 6 0.023361543 
353 82 6 9 0.023345953 
932 286 16 24 0.023344534 
568 131 7 10 0.023343908 
290 191 7 10 0.023343408 
21 83 5 7 0.023332529 
987 272 19 23 0.023332046 
161 228 5 7 0.023317061 
679 179 5 8 0.023311587 
70 168 5 7 0.02328886 
913 207 7 13 0.023278432 
1012 148 4 7 0.0232713 
328 78 5 8 0.023255242 
1007 147 4 6 0.023217408 
430 169 5 6 0.023212506 
616 178 6 8 0.023196783 
1012 159 4 7 0.023187358 
456 128 4 8 0.023186404 
1081 176 8 13 0.02318258 
1061 190 6 11 0.023182165 
711 139 4 8 0.02316335 
398 58 5 10 0.023161154 
116 173 4 7 0.023149977 
402 246 7 13 0.023138706 
904 209 5 9 0.023127265 
265 149 4 6 0.023124577 
362 268 19 26 0.023123272 
251 136 3 6 0.02310013 
1008 154 5 7 0.023084143 
77 323 26 33 0.02307855 
390 337 8 13 0.023060536 
846 191 5 8 0.023043081 
531 127 6 10 0.023034682 
8 172 4 7 0.023019826 
884 212 5 8 0.023006763 
730 183 6 10 0.023005608 
592 200 3 5 0.023000237 
161 180 4 8 0.022979988 
332 71 14 21 0.022977669 
1054 301 13 21 0.022969672 
419 211 13 21 0.022947399 
341 154 4 6 0.022941723 
410 272 15 25 0.022937484 
1050 264 7 12 0.022930846 
310 219 14 22 0.022911008 
121 252 10 15 0.022910902 
890 211 7 10 0.022885488 
925 290 9 14 0.022839816 
597 176 4 4 0.022833792 
88 236 7 8 0.02282633 
78 157 5 6 0.02279657 
319 81 6 8 0.0227815 
123 278 12 19 0.022777766 
1004 242 7 10 0.022732824 
255 287 7 12 0.022718174 
345 100 6 9 0.02271254 
1061 215 6 11 0.022710867 
781 170 5 9 0.022660116 
976 245 9 13 0.022658467 
217 273 9 14 0.022634063 
398 94 6 10 0.022620816 
1017 37 9 11 0.022619806 
249 285 7 14 0.022610676 
271 165 6 9 0.022606319 
22 256 23 29 0.02260434 
1019 141 5 8 0.022590013 
267 210 8 12 0.022586318 
711 178 6 11 0.02256877 
132 198 4 7 0.022565389 
186 300 17 27 0.022552457 
772 312 18 31 0.022550961 
697 338 34 52 0.02254821 
161 173 4 6 0.022547146 
293 195 7 10 0.022526687 
764 143 3 6 0.022518728 
409 94 7 12 0.022517208 
877 198 6 8 0.02250048 
732 228 10 17 0.022497008 
709 180 15 26 0.022476373 
409 140 6 10 0.022469917 
488 133 5 8 0.022465965 
378 88 6 10 0.022455463 
135 205 4 7 0.022432655 
781 270 8 14 0.022430338 
111 174 4 6 0.022386873 
499 240 9 18 0.02238514 
273 236 10 12 0.022382695 
637 259 7 10 0.022367643 
470 141 5 8 0.022360763 
762 148 4 6 0.022334917 
1017 283 10 16 0.022314712 
336 241 16 28 0.022309238 
807 226 9 14 0.022308795 
774 205 8 13 0.022306548 
443 160 5 7 0.022262312 
178 314 23 35 0.022261132 
997 240 7 10 0.022250112 
162 205 5 6 0.022230575 
548 240 8 16 0.022220502 
744 160 4 7 0.02220216 
641 205 5 6 0.022168782 
95 264 26 36 0.022168612 
908 191 6 9 0.022167796 
13 166 6 9 0.022153411 
858 218 15 24 0.022145344 
543 193 5 6 0.022139123 
358 83 5 9 0.022132967 
993 258 16 21 0.022112092 
798 273 11 19 0.02207457 
352 223 5 10 0.022051696 
247 267 20 36 0.022049095 
409 191 5 8 0.022048354 
702 81 7 9 0.02204626 
742 192 5 9 0.022042956 
578 173 4 5 0.022026762 
147 177 5 8 0.022010112 
102 241 8 10 0.022003196 
439 365 12 17 0.021992588 
1052 253 7 12 0.02198492 
896 217 5 10 0.021982834 
468 204 13 22 0.02197729 
552 188 4 5 0.021954224 
65 206 14 20 0.021952963 
499 193 4 7 0.02194521 
443 173 5 6 0.021943403 
104 141 4 6 0.02191723 
84 180 4 5 0.021892294 
602 255 15 25 0.021881912 
130 187 3 5 0.021872342 
1061 202 6 11 0.021863798 
534 271 13 20 0.021854334 
231 184 6 8 0.021842396 
935 278 8 10 0.021834869 
790 185 5 10 0.02183098 
780 260 17 28 0.021826753 
747 271 9 17 0.021782618 
376 271 8 16 0.021780094 
987 294 18 29 0.021719985 
262 159 6 9 0.021718558 
718 153 5 8 0.021716153 
697 230 8 12 0.021714827 
276 166 15 21 0.021708405 
614 168 5 7 0.021703634 
344 80 6 10 0.021698046 
403 41 7 12 0.021680512 
738 160 5 7 0.021679172 
81 241 8 13 0.02167903 
309 153 4 6 0.021677881 
729 214 10 15 0.02165698 
328 189 5 10 0.021645384 
417 95 16 22 0.021640355 
633 268 15 25 0.02162572 
271 102 4 7 0.021615563 
642 129 5 8 0.0216139 
202 238 4 7 0.02159317 
902 185 6 10 0.021592997 
112 242 19 24 0.021590458 
38 224 9 13 0.021571489 
50 177 5 9 0.021571154 
228 167 4 6 0.021566931 
364 165 12 21 0.021561202 
978 276 18 24 0.021560876 
951 254 10 12 0.021560432 
687 223 7 8 0.021557827 
716 170 6 10 0.021554759 
758 223 5 9 0.021553542 
851 191 5 9 0.021534916 
511 269 17 32 0.02152578 
259 239 13 14 0.02152358 
10 179 4 8 0.021519309 
433 206 9 11 0.021519141 
558 193 4 5 0.021516498 
32 201 7 12 0.02151422 
341 216 5 8 0.021512257 
363 138 5 8 0.02151221 
554 345 33 44 0.021508086 
787 132 5 10 0.021505618 
398 100 6 10 0.021496173 
60 212 4 8 0.021474045 
961 257 7 10 0.021447696 
9 278 31 48 0.02144077 
583 199 4 6 0.021435421 
466 235 7 10 0.021423353 
688 325 30 48 0.021419792 
56 128 5 6 0.021359386 
683 184 7 12 0.02135246 
289 230 6 8 0.021335907 
57 238 18 27 0.021327624 
366 109 5 7 0.021326698 
523 121 5 10 0.021312295 
632 212 6 8 0.021306856 
47 178 5 8 0.021301612 
383 252 10 18 0.021298988 
565 187 4 6 0.021297596 
958 154 3 6 0.021296192 
857 208 7 12 0.0212919 
84 90 13 21 0.021261832 
859 218 6 10 0.021257414 
840 210 6 9 0.021237455 
501 123 5 9 0.021219995 
315 101 6 9 0.021219702 
1008 161 4 6 0.021219267 
529 298 22 27 0.021206088 
800 152 5 9 0.021181775 
241 280 10 18 0.02117384 
961 149 3 6 0.021166043 
1044 372 22 41 0.02114467 
935 262 16 22 0.021135816 
699 389 36 50 0.021133909 
875 232 9 13 0.021121917 
308 100 6 9 0.02111831 
810 236 14 25 0.021113042 
527 200 4 6 0.021112492 
57 321 22 32 0.021112368 
0 201 3 12 0.021104157 
265 365 41 41 0.021081673 
254 203 14 24 0.021065235 
232 163 4 5 0.021042341 
239 135 4 6 0.021040289 
610 181 4 6 0.021016784 
711 90 6 8 0.020988598 
433 239 8 14 0.020981817 
112 207 3 5 0.020972824 
304 91 4 7 0.020970866 
155 213 5 7 0.020955922 
249 270 9 15 0.020949285 
103 108 6 10 0.020946508 
40 95 5 9 0.020940887 
734 211 9 14 0.020928597 
725 51 5 7 0.020923672 
1019 268 16 24 0.020920025 
200 263 6 9 0.020915812 
913 243 7 10 0.02090152 
126 234 11 17 0.020888738 
247 230 7 10 0.020885075 
981 151 3 4 0.02085164 
307 178 6 8 0.020846019 
64 153 5 7 0.020827604 
107 268 13 19 0.020812081 
1006 217 5 8 0.020810679 
495 193 5 6 0.020802839 
42 234 11 15 0.020801567 
60 141 4 5 0.020796463 
225 237 5 7 0.020778287 
114 240 9 11 0.02077517 
604 216 5 8 0.020711025 
689 183 8 12 0.020707935 
14 363 22 43 0.02069225 
1056 222 5 8 0.020691218 
771 134 3 6 0.02068546 
289 110 5 7 0.020679694 
565 181 4 5 0.02067838 
946 255 9 11 0.02066529 
334 212 4 7 0.02066396 
36 148 28 40 0.020649267 
66 207 5 7 0.020639617 
782 145 5 9 0.020635555 
704 202 7 10 0.020634795 
752 193 4 8 0.02062084 
235 231 7 9 0.020616496 
470 165 5 8 0.02061358 
527 253 14 24 0.02057189 
752 270 10 17 0.020551676 
83 236 6 9 0.02053847 
977 252 9 13 0.020535873 
745 179 5 9 0.02052755 
378 118 36 59 0.020511976 
109 89 15 25 0.020485396 
808 161 4 7 0.020478861 
560 143 9 11 0.020453328 
214 243 4 8 0.020453282 
205 249 6 10 0.020452479 
999 155 4 7 0.020446189 
1037 121 8 14 0.020436531 
1057 196 5 8 0.020432437 
474 188 7 12 0.020431 
456 134 5 7 0.02042842 
444 235 15 25 0.02042447 
97 192 4 8 0.020412229 
157 179 4 7 0.02040414 
191 313 22 38 0.020401366 
125 187 3 6 0.020400288 
385 281 19 29 0.020393847 
752 183 4 8 0.020391887 
789 159 13 22 0.020380393 
955 206 4 6 0.020380115 
1014 218 4 6 0.02036575 
136 212 5 7 0.020351518 
775 196 14 25 0.020333521 
654 266 7 12 0.020298293 
683 194 16 24 0.020297538 
604 193 5 8 0.020271102 
265 106 3 5 0.02026317 
539 126 5 9 0.020248413 
1020 177 6 10 0.020243732 
401 334 7 15 0.020237312 
780 222 31 47 0.020236153 
315 83 5 7 0.020227285 
304 233 17 24 0.020226985 
759 154 3 6 0.020196827 
1020 191 5 8 0.020184768 
134 337 36 55 0.020183504 
73 192 4 7 0.02018349 
409 173 5 8 0.020174965 
705 147 4 7 0.020170325 
770 143 4 8 0.02015157 
146 216 5 7 0.020143345 
407 148 5 9 0.02013508 
932 261 8 11 0.020131677 
776 132 5 9 0.020129925 
665 243 8 10 0.020127358 
421 252 7 14 0.020125596 
832 167 4 7 0.020121679 
809 189 14 24 0.020121163 
763 205 5 7 0.02011492 
355 141 4 6 0.020114783 
506 215 5 9 0.020105684 
945 282 9 14 0.02010526 
473 197 6 10 0.020096112 
903 228 6 9 0.020085525 
222 128 4 6 0.020082712 
231 127 4 7 0.020072384 
25 215 8 12 0.020070039 
513 228 7 11 0.020069668 
527 133 4 10 0.020055346 
709 193 7 12 0.02005498 
527 194 4 5 0.020027457 
292 184 9 12 0.020024227 
516 239 8 14 0.020017754 
475 116 4 8 0.020011477 
