2_Demonstration_Protesters_2_163
611
219 118 34 47 0.99056715 
962 15 22 24 0.979573 
50 177 18 21 0.97680855 
366 154 16 19 0.9761889 
544 527 55 45 0.8316495 
159 187 12 21 0.826534 
427 134 12 12 0.7958357 
599 105 11 14 0.7685518 
81 211 25 23 0.7617038 
689 150 12 13 0.74353975 
526 119 10 12 0.724565 
642 114 9 13 0.71976304 
539 123 11 13 0.7131011 
864 71 11 11 0.6863446 
590 125 11 12 0.67386323 
516 145 11 14 0.6608915 
305 162 15 15 0.61641294 
773 94 9 10 0.57080317 
750 159 13 11 0.55884576 
124 198 18 21 0.47712022 
679 164 10 13 0.43750694 
574 116 10 13 0.4244497 
402 449 21 22 0.41239068 
784 153 12 15 0.4106764 
497 125 13 12 0.4054927 
99 195 19 18 0.39471394 
559 121 10 13 0.37616226 
387 134 9 13 0.34713948 
486 139 9 13 0.3356345 
808 118 10 10 0.32700482 
616 109 10 12 0.3149975 
540 319 51 53 0.31471226 
739 169 8 11 0.2971407 
628 328 49 35 0.29689953 
848 75 9 10 0.28757513 
902 128 11 12 0.2870021 
401 141 8 11 0.27597964 
755 114 10 10 0.26399848 
413 138 14 13 0.25666058 
518 108 8 12 0.253365 
1 205 8 13 0.23940788 
282 161 15 13 0.23938975 
456 132 13 14 0.23728195 
511 148 9 12 0.22015297 
747 126 9 11 0.21778728 
418 172 10 12 0.21694916 
529 187 13 17 0.20110296 
417 704 42 45 0.19476548 
15 209 11 14 0.19445045 
602 206 28 28 0.18437737 
507 268 20 20 0.1789495 
523 107 9 12 0.16422068 
838 102 6 8 0.14460191 
654 133 10 12 0.14132708 
707 383 84 87 0.1405312 
995 23 23 24 0.13861193 
823 139 9 11 0.1337733 
892 113 10 11 0.13028048 
60 236 14 13 0.119663216 
47 257 11 15 0.11962846 
813 72 5 7 0.1130079 
808 73 5 6 0.1094537 
921 59 8 10 0.10758274 
470 134 10 12 0.10169599 
763 128 10 10 0.10143384 
504 103 6 10 0.099224344 
494 140 11 13 0.09881784 
613 120 10 12 0.0978255 
272 167 19 21 0.09768545 
322 167 11 11 0.09561956 
669 341 31 28 0.09386685 
445 118 8 9 0.092189886 
804 93 7 8 0.0894684 
850 149 9 11 0.08817007 
766 122 9 10 0.088067494 
330 160 8 11 0.087478235 
129 191 16 17 0.087449625 
855 61 10 9 0.087393045 
596 41 7 9 0.08685664 
369 178 11 13 0.08571974 
712 343 11 13 0.08556816 
771 117 8 10 0.0850108 
890 141 7 9 0.08418623 
830 186 11 11 0.08181909 
588 136 9 11 0.08172403 
470 762 13 19 0.08063721 
561 202 22 20 0.08032842 
540 117 11 13 0.079682015 
575 112 7 10 0.07944194 
761 140 10 11 0.079146385 
609 474 61 67 0.077566214 
664 180 21 21 0.07649607 
476 194 13 16 0.07561384 
568 144 12 15 0.07559742 
621 10 4 5 0.07187283 
285 218 18 29 0.07096856 
408 142 10 11 0.07066956 
536 10 8 8 0.06985144 
512 2 6 7 0.06960255 
458 144 11 13 0.06866378 
789 117 9 9 0.06757541 
846 78 6 8 0.06740921 
578 120 11 12 0.06693956 
365 135 7 9 0.06607355 
558 21 6 7 0.06606349 
471 98 8 8 0.06474829 
594 9 6 7 0.06391826 
138 168 14 18 0.06362701 
799 132 9 8 0.06323642 
164 164 11 17 0.06316068 
821 186 12 12 0.06297683 
894 88 9 11 0.06291608 
384 139 9 13 0.06275908 
412 728 35 47 0.06257508 
19 168 13 13 0.062018745 
851 133 9 10 0.061438333 
819 155 7 9 0.0605611 
646 346 33 26 0.06054402 
878 140 9 11 0.060045972 
819 127 9 11 0.05988094 
805 135 9 8 0.0591881 
836 473 15 11 0.058991667 
804 145 11 11 0.058870856 
808 68 5 6 0.05858921 
538 140 9 11 0.058542926 
575 127 10 11 0.058107346 
529 135 8 10 0.057311077 
553 71 8 8 0.05709375 
787 94 7 7 0.057033353 
858 93 6 7 0.056633797 
537 105 7 9 0.056532517 
80 223 14 17 0.05643012 
576 104 6 8 0.056191213 
633 109 8 11 0.05618695 
507 3 6 7 0.05432694 
809 135 10 9 0.054169133 
1010 22 18 24 0.054139096 
339 722 40 49 0.053919498 
635 2 4 6 0.05346581 
487 116 7 9 0.05311741 
801 99 7 6 0.052916687 
463 129 11 13 0.05240356 
877 70 8 9 0.05232047 
396 135 8 12 0.05158142 
478 133 9 13 0.051571462 
543 110 8 10 0.051354773 
698 135 6 8 0.051333968 
819 104 7 7 0.05090183 
562 105 7 8 0.050466623 
818 73 5 6 0.04982768 
995 35 15 17 0.049306646 
483 191 11 15 0.049219303 
557 105 6 8 0.048908748 
767 105 7 7 0.04884309 
721 106 7 7 0.048734695 
36 184 10 14 0.048630483 
528 105 7 9 0.048315104 
628 10 4 6 0.048023935 
601 4 6 6 0.047978446 
0 179 7 15 0.04782518 
589 4 6 6 0.047795426 
609 15 5 6 0.04662181 
548 111 8 9 0.04655302 
827 75 4 5 0.046162434 
823 115 9 10 0.046150155 
779 87 7 7 0.046114083 
562 16 7 8 0.04610886 
839 87 5 6 0.045955896 
77 204 10 12 0.045580123 
154 162 28 45 0.045517728 
798 74 5 6 0.045029413 
485 151 10 14 0.044931747 
785 98 8 8 0.044854823 
832 100 6 7 0.044488642 
537 147 9 11 0.044334862 
602 142 8 10 0.04405661 
122 194 11 14 0.043981984 
839 91 6 7 0.043934032 
401 152 11 16 0.043923136 
612 129 8 10 0.043053485 
880 135 8 11 0.042911764 
736 149 7 9 0.042814553 
1008 21 12 15 0.042771026 
393 457 24 23 0.04241353 
569 119 10 13 0.04235337 
3 215 9 14 0.042344734 
703 370 21 31 0.042165134 
326 162 34 39 0.04215578 
445 134 9 14 0.041833203 
557 109 7 9 0.041634783 
469 763 25 32 0.04139157 
345 142 7 11 0.04136473 
352 140 9 13 0.041248504 
566 170 12 13 0.041047852 
552 68 6 7 0.04085971 
497 375 16 13 0.040766448 
509 170 12 20 0.04044369 
840 81 5 6 0.040384654 
812 69 6 6 0.0402933 
1 166 6 12 0.040280476 
901 60 11 10 0.04021331 
615 4 4 5 0.040055312 
350 142 17 21 0.039552364 
791 112 7 7 0.039548997 
615 10 4 5 0.03953298 
751 149 13 12 0.039531104 
629 4 4 5 0.039529674 
441 135 8 14 0.03950593 
574 134 9 11 0.039494812 
780 111 8 9 0.039444722 
614 16 5 6 0.03926607 
810 127 10 10 0.039062142 
563 197 14 14 0.03897965 
36 191 13 16 0.038850933 
605 319 44 53 0.038824655 
585 148 9 11 0.038562905 
647 532 20 35 0.03850884 
609 11 5 5 0.03849062 
711 124 6 8 0.038302656 
532 154 7 11 0.038099594 
778 331 24 27 0.037847426 
110 196 12 14 0.037760783 
523 236 11 14 0.037397444 
758 146 11 11 0.037195917 
498 237 8 12 0.0371907 
819 134 11 12 0.037142396 
647 88 5 6 0.036987897 
561 191 14 11 0.036901396 
836 162 6 10 0.036840074 
684 157 18 23 0.03676111 
532 92 6 9 0.036744297 
446 126 9 13 0.036456052 
600 313 24 37 0.036247663 
132 309 364 396 0.03617099 
345 137 6 8 0.036015283 
314 179 35 49 0.0356027 
536 2 8 7 0.03559411 
1015 137 9 14 0.03549457 
412 159 17 21 0.03549101 
852 92 6 7 0.03541384 
97 222 13 15 0.035072174 
391 123 8 10 0.034999885 
632 10 5 7 0.034683134 
571 53 5 7 0.034640167 
782 104 8 8 0.03454513 
132 170 13 13 0.034522913 
544 55 5 6 0.034446284 
455 123 14 15 0.03438277 
800 68 5 6 0.034349643 
416 131 9 9 0.03411123 
581 101 7 11 0.034070957 
631 135 7 10 0.033976085 
257 179 19 23 0.033964664 
997 114 16 24 0.03396359 
549 23 6 6 0.033884708 
804 130 9 8 0.033809096 
778 97 9 10 0.03378401 
720 139 10 12 0.03371511 
609 40 7 8 0.033674486 
672 128 7 9 0.033663638 
862 94 6 6 0.03355336 
330 173 12 13 0.03347084 
643 378 32 29 0.03345087 
150 400 16 13 0.033436343 
628 23 5 7 0.03332659 
570 110 7 8 0.033260323 
601 10 5 5 0.03322393 
863 136 8 8 0.033189535 
557 345 50 56 0.03290238 
801 85 6 7 0.032876957 
533 14 6 7 0.03286718 
703 137 4 7 0.03275658 
369 135 7 8 0.032734167 
639 3 5 6 0.032665446 
794 135 9 10 0.032646265 
893 83 17 20 0.032574557 
757 166 10 11 0.032519117 
106 173 12 13 0.032353055 
590 9 6 6 0.032311924 
569 3 5 5 0.03230503 
608 4 5 5 0.03226137 
803 106 7 7 0.03209501 
744 124 7 9 0.032061588 
331 182 13 14 0.032042753 
799 153 9 11 0.0319508 
588 59 6 8 0.031866442 
868 138 8 9 0.031845663 
550 105 6 8 0.031764783 
837 123 8 10 0.0317624 
501 103 6 9 0.031737115 
547 121 8 12 0.031714648 
564 62 5 6 0.031672407 
652 140 10 11 0.031672057 
471 102 10 9 0.03165731 
820 91 8 8 0.031602226 
899 90 9 10 0.03131517 
97 209 14 15 0.031046312 
694 159 8 11 0.030967802 
872 93 5 6 0.030895034 
506 151 9 12 0.030855624 
824 99 7 8 0.030722803 
554 131 10 14 0.030697148 
928 54 7 9 0.030589812 
19 246 9 16 0.03050591 
644 125 10 12 0.030447867 
721 185 7 11 0.030400151 
285 171 9 11 0.030343324 
743 154 8 11 0.030292314 
818 149 8 10 0.03002956 
554 142 8 11 0.029955855 
820 99 7 8 0.02993365 
786 111 7 9 0.029906053 
609 121 8 11 0.02970023 
490 297 7 8 0.029677844 
535 98 7 8 0.029669136 
570 62 4 6 0.029633706 
795 74 6 6 0.029577201 
605 222 23 26 0.029547244 
584 60 5 7 0.029525582 
376 132 6 7 0.029423475 
765 374 93 74 0.029381828 
191 108 31 41 0.029318865 
212 394 16 15 0.029106554 
541 8 8 8 0.029101072 
875 96 6 8 0.02906085 
832 148 8 11 0.028975312 
324 182 13 16 0.028943658 
381 170 12 13 0.028881788 
859 172 11 14 0.028881643 
666 144 5 7 0.028847707 
858 97 7 8 0.02881206 
622 5 3 5 0.02865813 
500 111 6 8 0.028629731 
831 93 5 5 0.028576123 
824 104 7 7 0.02856742 
645 104 6 8 0.028520597 
587 118 10 11 0.02849626 
811 153 9 10 0.028484633 
497 8 6 7 0.028480805 
359 130 6 6 0.028422968 
825 79 6 6 0.02838869 
830 75 5 5 0.028379073 
805 86 6 7 0.028233962 
9 179 10 12 0.028181208 
855 132 9 9 0.028074775 
563 10 6 6 0.028068667 
415 140 20 19 0.028016776 
813 104 7 7 0.028016012 
526 83 5 10 0.027930774 
594 97 8 9 0.027926954 
3 162 9 12 0.027925052 
793 98 6 7 0.027876465 
494 122 9 12 0.02786261 
645 135 8 10 0.027786808 
804 111 8 7 0.027774125 
477 103 9 8 0.0277423 
863 104 8 6 0.02772822 
550 42 6 7 0.02764527 
969 17 32 41 0.027615298 
789 148 9 11 0.02755156 
507 8 6 7 0.027515797 
479 9 8 9 0.027497161 
275 162 11 10 0.027460882 
593 15 6 7 0.027427558 
22 389 11 14 0.027417716 
516 135 10 13 0.02740458 
712 119 6 6 0.0273727 
516 122 8 11 0.027355837 
527 126 10 13 0.02734845 
583 92 6 7 0.027317876 
490 16 8 9 0.027278297 
857 102 8 8 0.027273782 
849 125 8 8 0.027183961 
513 105 5 9 0.027169118 
184 298 13 15 0.027110482 
558 54 5 6 0.027064094 
463 139 12 12 0.02703364 
536 153 8 11 0.027031578 
361 138 11 14 0.027027968 
558 499 77 101 0.026999226 
523 4 7 6 0.026976045 
767 166 9 10 0.026898019 
1001 31 23 27 0.02688195 
756 104 7 8 0.026751136 
327 158 7 9 0.026706519 
917 59 6 7 0.026616545 
742 111 6 7 0.026595887 
522 309 42 44 0.026590714 
820 79 5 6 0.026579274 
573 199 11 11 0.02653821 
494 4 6 6 0.026536891 
903 97 8 8 0.026415046 
512 159 7 11 0.026367886 
1012 132 9 14 0.026320564 
528 181 12 13 0.026314283 
644 333 20 15 0.026283182 
606 115 8 12 0.02623999 
354 153 11 13 0.026221298 
554 197 38 40 0.02613718 
626 115 7 10 0.026105208 
453 163 8 10 0.026096862 
517 3 6 6 0.026082134 
518 236 9 12 0.026026517 
753 122 9 11 0.026002849 
748 123 17 18 0.025999691 
1 541 37 55 0.025943343 
550 54 5 6 0.025856197 
362 176 12 13 0.025841964 
575 11 7 6 0.02576861 
418 461 29 31 0.025766848 
561 85 7 8 0.02575777 
821 123 9 10 0.02559333 
638 105 8 8 0.025587957 
752 134 10 12 0.02549367 
680 338 15 16 0.025419852 
756 100 6 7 0.025388885 
791 94 6 7 0.025362639 
498 5 6 6 0.025327098 
780 1 151 152 0.02532233 
300 167 10 11 0.025009496 
733 180 9 12 0.025004359 
614 36 5 7 0.02495662 
620 15 5 6 0.024926038 
197 301 8 11 0.024887463 
311 180 10 15 0.024886198 
279 157 11 11 0.024865834 
864 113 8 7 0.024862494 
932 48 5 7 0.024841558 
562 146 8 13 0.02484101 
254 166 12 10 0.024816304 
1018 38 16 22 0.02467098 
895 94 8 11 0.024579775 
496 130 12 16 0.024498085 
818 117 8 9 0.02449545 
695 165 8 13 0.024446506 
876 129 7 8 0.024421742 
831 115 8 10 0.02440469 
514 109 7 11 0.024321506 
640 91 6 7 0.024277758 
74 163 13 13 0.024259098 
798 142 10 11 0.024256583 
471 230 11 15 0.024215473 
628 14 5 7 0.024199149 
562 50 5 6 0.024182135 
737 191 12 12 0.024154063 
569 106 7 8 0.024134101 
822 468 26 19 0.024105338 
785 161 12 16 0.024094898 
319 180 10 13 0.024094775 
511 123 7 12 0.02395661 
773 146 10 12 0.023917943 
752 171 11 12 0.023907227 
537 35 6 8 0.02390043 
715 119 6 7 0.0238836 
171 189 8 17 0.0238429 
599 35 6 8 0.023753665 
832 88 5 5 0.023713911 
137 185 12 17 0.023674047 
531 149 7 10 0.023645135 
844 103 5 8 0.023581117 
896 105 8 9 0.023576006 
437 691 41 55 0.02355056 
90 205 16 16 0.023538675 
839 59 7 8 0.023512635 
600 47 7 7 0.023486355 
593 20 6 7 0.023484163 
490 143 10 14 0.023480166 
670 159 35 39 0.02345676 
800 81 6 6 0.023456212 
350 157 10 14 0.023404697 
709 128 6 8 0.023371877 
450 508 6 10 0.023362951 
899 78 10 9 0.023352813 
864 63 14 14 0.023280807 
519 101 5 6 0.023267811 
459 112 9 8 0.023244372 
557 9 6 7 0.023229089 
823 180 11 13 0.023142207 
425 164 11 14 0.023095142 
902 103 7 9 0.02308482 
1008 34 12 14 0.023048397 
484 128 8 12 0.0230471 
576 62 4 6 0.02301151 
435 104 6 7 0.02298499 
27 251 13 16 0.022955708 
143 158 11 18 0.022953285 
704 131 5 7 0.022938486 
808 141 11 11 0.022936128 
607 136 8 9 0.022913741 
836 117 8 8 0.022903422 
560 178 14 14 0.02289803 
836 128 7 9 0.022895584 
761 99 6 8 0.022887103 
1016 20 10 15 0.022883346 
444 122 8 10 0.022875344 
497 335 44 46 0.022865698 
258 158 34 43 0.02282275 
608 29 6 7 0.022783395 
118 206 13 17 0.022746917 
563 66 6 6 0.022724628 
105 152 11 13 0.02271655 
557 61 5 5 0.02268656 
717 100 5 5 0.022594076 
11 192 10 11 0.022591515 
317 185 9 14 0.022556188 
518 268 12 15 0.022543177 
687 5 4 5 0.022525446 
549 28 6 7 0.022491748 
881 131 7 9 0.022482473 
691 135 7 8 0.022450384 
676 148 8 11 0.02244972 
671 144 5 6 0.022440186 
134 201 13 16 0.022322094 
930 96 8 12 0.022289133 
593 141 8 10 0.02227185 
149 224 14 15 0.022248507 
991 1 8 8 0.02222506 
532 191 20 26 0.022187408 
780 129 9 8 0.022172213 
556 187 11 11 0.022050915 
738 178 12 14 0.021992851 
673 377 15 14 0.021987779 
595 5 5 6 0.02190452 
586 436 50 50 0.021828515 
768 98 8 8 0.021814851 
500 99 5 8 0.021785267 
525 100 5 6 0.021765003 
773 112 7 8 0.021755736 
550 47 5 7 0.021727206 
858 113 7 7 0.021711932 
844 100 5 7 0.021697324 
486 121 8 12 0.021685839 
401 118 6 8 0.021681016 
665 220 7 9 0.021679118 
11 235 18 22 0.021678505 
766 186 8 12 0.021656938 
484 9 6 9 0.021626184 
779 147 10 12 0.021617662 
40 297 20 20 0.02161735 
775 87 7 8 0.021607973 
145 153 18 29 0.021575294 
589 228 22 30 0.021508714 
639 154 6 10 0.021453943 
578 96 73 80 0.021443475 
749 179 10 13 0.021394607 
708 66 5 8 0.021390343 
806 80 6 6 0.021367991 
640 150 6 8 0.021347295 
718 110 6 6 0.021299731 
153 188 11 18 0.021299653 
564 4 5 5 0.021276563 
653 148 7 9 0.021271551 
411 136 8 11 0.021234076 
901 163 37 36 0.021217197 
525 228 28 34 0.021185137 
364 178 22 26 0.021180397 
679 12 141 170 0.021164758 
691 5 5 5 0.021154577 
603 22 5 7 0.02108926 
590 15 6 7 0.021039605 
893 111 20 20 0.021023402 
409 172 17 21 0.020983139 
407 158 12 15 0.02096047 
671 136 6 8 0.020943355 
888 103 6 7 0.020939043 
844 123 6 8 0.02085625 
246 138 11 15 0.020844257 
378 450 24 21 0.020748667 
761 191 9 12 0.020747652 
23 230 31 37 0.020742293 
99 186 14 15 0.02073572 
303 145 73 80 0.020715376 
510 8 7 7 0.020688614 
442 294 11 11 0.020675417 
445 409 11 13 0.020632375 
374 172 11 13 0.020629007 
621 36 5 6 0.020606706 
790 172 10 13 0.020581389 
511 90 6 8 0.020557733 
576 66 5 6 0.020533882 
583 15 5 6 0.020531217 
626 67 6 7 0.02051485 
539 132 11 13 0.020512626 
10 186 10 11 0.02050979 
271 154 23 22 0.020476406 
667 154 16 21 0.020436127 
861 132 8 7 0.020435486 
486 2 5 7 0.020367874 
687 130 5 7 0.020340614 
330 165 10 11 0.020323273 
729 184 9 11 0.020283438 
800 125 8 8 0.020277333 
497 119 10 10 0.020263596 
825 87 6 7 0.020253258 
303 179 20 29 0.020252448 
546 158 11 15 0.020224463 
507 0 4 5 0.0202186 
851 98 6 8 0.020209217 
562 53 5 6 0.020208072 
582 11 6 6 0.020191398 
558 49 4 6 0.020177167 
663 372 30 29 0.020157041 
246 167 11 9 0.020146195 
439 164 9 13 0.020126224 
771 192 12 14 0.020089183 
66 239 21 22 0.020082353 
609 36 6 7 0.020077422 
589 48 5 6 0.020051746 
900 115 10 9 0.020040885 
856 78 8 8 0.020008968 
568 10 7 7 0.020002166 
