2_Demonstration_Protesters_2_542
48
602 169 67 88 0.9984383 
919 96 20 27 0.988889 
15 102 65 76 0.98615116 
855 87 17 24 0.97512543 
314 214 40 88 0.19843349 
306 167 35 80 0.12088732 
213 358 45 31 0.08785904 
855 117 11 17 0.08226272 
509 127 11 11 0.08050736 
610 440 65 53 0.070072636 
266 286 10 11 0.052429028 
225 181 7 11 0.04523198 
20 8 22 26 0.0400758 
200 155 5 5 0.039377652 
767 70 11 14 0.038932405 
260 289 21 26 0.036137518 
281 143 9 12 0.035374198 
150 324 41 45 0.03529351 
773 78 11 14 0.033890992 
846 99 8 14 0.03368452 
255 136 6 7 0.032635387 
0 0 5 8 0.032380305 
978 104 9 15 0.03208896 
850 95 10 19 0.029125124 
243 138 6 8 0.029115034 
213 153 7 8 0.028799731 
765 96 12 15 0.027252728 
214 108 5 8 0.026409766 
201 161 4 4 0.024523124 
217 157 7 8 0.024496362 
0 16 6 10 0.023954654 
205 162 5 5 0.023871249 
911 254 10 14 0.023727616 
293 160 119 194 0.023329942 
252 139 6 8 0.023295296 
773 63 8 10 0.02311389 
197 349 83 60 0.022785066 
388 250 41 59 0.0226502 
205 126 6 8 0.022462256 
137 199 5 6 0.0223976 
35 40 13 12 0.021959066 
353 408 33 32 0.021683944 
29 5 10 10 0.02168226 
272 154 5 7 0.021617327 
466 144 250 430 0.02133471 
966 256 10 8 0.021234494 
265 135 5 6 0.020680882 
205 167 5 5 0.020062344 
