2_Demonstration_Protesters_2_563
75
98 240 88 102 0.99991584 
818 307 110 123 0.9998927 
301 233 25 31 0.99950063 
565 220 28 38 0.998857 
633 183 26 38 0.9986966 
392 190 65 98 0.9986358 
720 232 71 98 0.9984548 
237 213 25 32 0.99823195 
227 254 37 48 0.9979625 
817 185 34 42 0.994959 
667 245 49 75 0.9947247 
670 164 29 42 0.9916646 
872 211 65 75 0.9914465 
771 198 31 28 0.8496155 
981 209 41 33 0.7576325 
-4 168 55 171 0.3649434 
613 30 8 14 0.29066965 
653 253 35 61 0.18100661 
530 294 21 36 0.16049987 
534 454 12 19 0.109296784 
179 208 24 31 0.09494955 
503 180 20 35 0.078428 
638 256 30 52 0.06059217 
183 270 24 32 0.058320224 
847 238 84 95 0.053399764 
972 216 23 28 0.051976632 
649 634 5 10 0.05116339 
604 65 31 36 0.049772255 
625 55 13 15 0.049572013 
1006 221 41 52 0.04144144 
750 214 47 67 0.039264455 
925 206 39 56 0.03836192 
196 347 34 53 0.0381273 
639 464 13 18 0.03781813 
686 504 12 18 0.0372812 
975 325 32 56 0.03614412 
834 228 34 54 0.03411847 
509 398 28 63 0.03367961 
959 186 80 68 0.032050945 
621 372 24 25 0.03137576 
615 24 6 8 0.031308237 
504 462 11 15 0.030956939 
608 307 26 38 0.029654741 
414 605 52 58 0.029448515 
884 560 44 65 0.029198214 
77 342 25 39 0.027891755 
528 0 10 12 0.027760377 
487 195 35 59 0.027305128 
151 395 38 56 0.026947053 
730 282 30 40 0.026577534 
1027 288 19 30 0.026480068 
0 -37 320 414 0.025115322 
1018 237 18 25 0.0249347 
853 232 43 55 0.024928045 
582 410 20 23 0.024900667 
66 294 26 38 0.02461593 
504 224 31 47 0.024356073 
640 449 40 39 0.023948532 
426 240 28 41 0.023934504 
525 440 22 36 0.023593148 
609 68 13 12 0.023578787 
699 439 23 23 0.023511726 
620 57 10 12 0.023145711 
668 392 18 33 0.02306996 
546 508 14 15 0.023014203 
604 59 23 20 0.022968868 
617 26 7 10 0.022354553 
639 636 4 9 0.021787005 
709 427 27 29 0.021632573 
289 339 20 33 0.020946234 
158 178 10 16 0.020572416 
80 247 12 21 0.020510528 
837 618 35 47 0.020403212 
631 306 19 32 0.020183986 
1025 255 19 32 0.020095196 
