2_Demonstration_Demonstration_Or_Protest_2_176
67
540 293 33 35 0.9987804 
573 294 25 34 0.9824263 
754 277 25 45 0.97855663 
67 300 32 42 0.967383 
359 303 24 34 0.8854444 
630 312 24 27 0.6829149 
479 320 20 26 0.6035849 
815 322 19 27 0.5604321 
136 323 18 30 0.3579415 
937 325 19 25 0.34665716 
870 507 15 24 0.17426768 
611 495 11 19 0.13036643 
912 314 14 15 0.11617461 
143 318 12 18 0.10948051 
-3 359 26 43 0.072107926 
618 287 20 28 0.064280085 
599 287 20 32 0.064196244 
708 289 32 50 0.06252828 
50 333 18 29 0.04859231 
262 324 8 14 0.045354128 
884 298 14 16 0.04295447 
394 309 18 34 0.042392306 
195 308 10 18 0.0421791 
177 210 9 14 0.040998615 
596 490 7 10 0.039002374 
885 360 10 17 0.038764793 
256 328 9 13 0.038097784 
933 320 13 15 0.037481748 
547 127 10 19 0.037104316 
559 295 25 30 0.03629557 
195 337 10 18 0.035596184 
768 288 24 36 0.032575827 
893 384 23 34 0.03234478 
344 477 84 152 0.03136207 
580 237 8 11 0.030145627 
270 282 8 14 0.030134473 
258 196 11 19 0.029386265 
949 323 9 14 0.028649861 
816 317 14 16 0.028241657 
487 315 13 17 0.027935771 
278 380 9 11 0.027925527 
874 328 14 15 0.02710913 
985 355 7 11 0.026623465 
10 318 11 20 0.02651751 
196 219 72 155 0.026423194 
834 306 20 25 0.025628861 
625 297 21 27 0.025261391 
637 575 18 38 0.024896633 
590 489 6 11 0.024735667 
434 196 9 15 0.024520589 
251 142 10 13 0.023746202 
260 317 15 26 0.023625117 
403 309 9 19 0.023485092 
922 313 17 18 0.023472453 
336 276 61 88 0.02342529 
316 334 18 26 0.023012126 
306 396 18 39 0.022702781 
349 306 21 34 0.022497324 
354 526 35 67 0.022473902 
919 359 12 16 0.022398602 
132 184 8 16 0.02225431 
906 311 14 15 0.021560092 
441 385 5 7 0.021291077 
1081 378 14 26 0.02099542 
234 308 8 13 0.020811941 
478 315 12 18 0.020735554 
599 488 17 25 0.020185266 
