2_Demonstration_Demonstrators_2_700
315
251 144 95 116 0.99987817 
510 71 9 15 0.6907704 
569 71 11 14 0.67357343 
537 55 9 13 0.6708774 
536 5 11 16 0.544956 
533 169 10 14 0.49860823 
486 60 10 12 0.35943645 
524 101 9 12 0.3472037 
569 94 11 12 0.3457084 
491 157 9 12 0.3369648 
550 105 9 12 0.3249891 
553 28 10 12 0.3219906 
524 69 10 13 0.3041889 
625 47 9 12 0.28345242 
504 4 9 13 0.25838193 
534 86 9 13 0.25612023 
560 139 10 13 0.23010615 
80 39 10 15 0.20125489 
531 39 9 13 0.19960183 
559 62 11 12 0.18593176 
427 138 411 557 0.18533494 
517 27 10 13 0.17486641 
496 47 8 13 0.17272954 
587 68 9 10 0.17105488 
466 16 8 15 0.16955543 
1004 331 16 27 0.16620535 
531 146 10 13 0.16485384 
121 48 15 19 0.16475268 
458 54 11 19 0.15290233 
500 131 9 14 0.1483806 
583 28 9 11 0.14705221 
512 43 9 12 0.14641014 
639 53 11 12 0.14213027 
561 55 10 10 0.14018722 
525 127 9 12 0.13789986 
516 87 9 12 0.13299595 
547 72 11 12 0.12989075 
592 60 10 11 0.1252943 
607 63 9 11 0.12438564 
185 7 10 15 0.120505475 
510 143 9 14 0.11933126 
104 7 13 16 0.111135624 
506 53 9 13 0.106815904 
549 92 9 11 0.10456896 
509 48 10 13 0.10292658 
572 42 10 11 0.10275715 
520 163 10 12 0.10092508 
555 67 10 12 0.100300245 
481 93 9 13 0.09881447 
575 3 9 11 0.09572516 
627 22 9 10 0.09511005 
106 67 11 13 0.092018105 
606 6 8 10 0.08927335 
157 3 14 16 0.086671785 
179 40 13 17 0.08486284 
560 10 10 11 0.08477343 
100 41 11 15 0.08325447 
600 87 10 10 0.08233148 
145 30 11 17 0.0820551 
621 6 9 11 0.08076963 
522 56 9 11 0.08056922 
484 7 10 13 0.08056184 
545 105 8 11 0.07984067 
494 23 10 14 0.07675507 
519 179 10 9 0.07344357 
634 89 11 12 0.07174872 
108 29 10 12 0.070760466 
607 16 9 12 0.07036171 
355 25 10 14 0.07005587 
538 130 9 13 0.069837414 
521 2 9 13 0.06850477 
504 100 8 14 0.068481214 
593 85 11 12 0.068383776 
91 76 11 13 0.0678642 
579 55 10 10 0.06744637 
520 183 10 11 0.0664888 
504 150 9 12 0.06631852 
556 3 10 12 0.066301145 
592 16 9 11 0.06587501 
55 24 11 14 0.06373602 
554 88 8 11 0.06258886 
606 81 9 11 0.061448127 
586 37 10 12 0.06120857 
587 88 10 12 0.05911351 
582 92 9 10 0.05873104 
105 88 14 16 0.05811204 
451 7 10 15 0.0574492 
366 41 10 15 0.057443377 
298 9 9 14 0.056964323 
430 182 11 16 0.055897027 
127 11 11 14 0.05572671 
456 99 11 17 0.05537825 
620 67 10 11 0.054836567 
496 157 9 13 0.054715984 
150 73 14 15 0.054343283 
893 -26 113 95 0.05382503 
622 301 423 362 0.05339439 
573 99 10 11 0.053287443 
589 11 9 11 0.053035844 
541 144 8 12 0.05222807 
489 65 10 13 0.051917717 
477 149 9 16 0.051838435 
549 155 9 11 0.05095251 
572 16 10 12 0.05038139 
568 22 10 12 0.049943976 
521 24 10 13 0.04906776 
132 22 10 15 0.04861134 
254 531 37 72 0.04846474 
489 5 9 12 0.048265968 
511 117 9 14 0.047836784 
472 84 10 14 0.047826458 
555 54 10 11 0.04759135 
522 61 10 14 0.046956666 
33 70 11 12 0.046861712 
200 0 17 20 0.045870043 
509 6 9 13 0.04560466 
595 152 11 14 0.045410875 
651 79 11 13 0.045165308 
536 100 8 10 0.045015186 
430 518 68 52 0.044961486 
495 264 12 20 0.044719048 
523 137 10 13 0.044320736 
493 43 9 11 0.044224124 
544 93 8 11 0.04403586 
523 292 11 14 0.043902382 
486 177 10 13 0.043841273 
550 54 9 11 0.043809775 
503 92 9 12 0.043726947 
454 58 8 16 0.043652702 
488 125 9 13 0.043592528 
574 9 10 12 0.04347106 
492 87 9 12 0.04298973 
600 67 9 11 0.04284894 
483 21 8 14 0.042639457 
477 75 8 13 0.042248853 
179 48 16 23 0.041871425 
419 56 11 16 0.04161441 
532 82 8 12 0.04145653 
143 24 11 14 0.04105057 
478 87 9 14 0.04096567 
470 177 10 15 0.03989847 
548 80 9 10 0.03974653 
110 2 12 14 0.039731644 
588 4 8 9 0.039700493 
471 67 10 15 0.039669845 
414 103 9 15 0.039621275 
621 37 8 9 0.039533023 
611 11 8 10 0.03937179 
703 47 10 13 0.039313667 
472 104 9 15 0.039035037 
378 100 8 15 0.039007317 
574 48 11 13 0.038486473 
119 24 8 10 0.038281962 
620 107 10 12 0.038043153 
30 55 11 13 0.037462294 
59 29 12 14 0.03695685 
612 23 9 12 0.03642131 
562 88 9 11 0.036375742 
543 37 8 11 0.036322214 
484 89 8 12 0.03632119 
612 4 8 11 0.03622851 
510 100 9 14 0.035678815 
638 71 10 13 0.03557768 
542 80 9 12 0.035196997 
484 40 9 12 0.034931976 
257 21 17 28 0.034785144 
577 106 10 12 0.034783054 
106 34 10 14 0.034708045 
530 59 9 13 0.034551967 
434 157 11 15 0.03453314 
512 23 8 13 0.034271535 
110 62 10 14 0.03411947 
569 38 8 9 0.034105342 
492 111 9 14 0.03392059 
507 233 10 11 0.03383498 
500 8 8 11 0.03376376 
536 138 10 14 0.033533223 
631 73 9 13 0.033286996 
430 214 11 17 0.03312596 
536 119 9 11 0.033010814 
562 36 8 11 0.032811638 
504 117 8 15 0.032726202 
568 50 9 10 0.03255707 
342 51 10 15 0.032428443 
612 79 9 12 0.032399643 
586 73 10 12 0.032241262 
580 63 11 11 0.032154966 
575 187 9 13 0.032135602 
35 19 11 16 0.03203323 
531 4 10 14 0.031896856 
381 143 9 16 0.03186995 
502 157 10 12 0.031607375 
622 87 10 12 0.031573307 
630 107 11 13 0.031559847 
511 169 9 10 0.03132361 
611 114 8 10 0.03126036 
514 203 11 13 0.031258933 
352 5 9 11 0.031153738 
515 33 10 15 0.031150406 
565 64 11 12 0.031137444 
662 37 10 11 0.030697104 
429 101 9 12 0.030542549 
548 2 10 13 0.030411124 
498 177 7 10 0.030339532 
445 188 10 17 0.030263092 
21 37 11 13 0.030187303 
619 83 9 11 0.030184826 
498 144 9 13 0.030129604 
1025 329 17 25 0.0300568 
605 43 10 11 0.029822333 
541 118 8 11 0.029562049 
516 113 10 13 0.02952836 
350 126 8 11 0.029483097 
592 21 9 12 0.029110366 
557 120 10 13 0.02904028 
93 22 8 11 0.028891731 
777 -149 218 144 0.028878106 
561 29 8 12 0.028728092 
555 17 9 10 0.0285777 
698 67 12 14 0.02847565 
599 74 9 10 0.02843702 
529 139 9 13 0.028272228 
497 112 7 14 0.027905954 
633 35 9 11 0.027530381 
579 9 10 13 0.027329383 
535 158 9 11 0.02694129 
421 193 9 12 0.026892524 
524 33 8 14 0.026790507 
592 93 10 11 0.026702497 
516 140 9 12 0.026562002 
498 105 8 13 0.02644235 
658 92 9 15 0.026259799 
567 9 10 12 0.026241165 
294 4 10 15 0.026114883 
574 153 9 11 0.025861239 
516 47 9 13 0.025795424 
117 2 11 13 0.02558077 
523 77 9 14 0.025570974 
515 73 9 14 0.025565557 
542 112 9 13 0.025474295 
550 35 10 11 0.025443442 
602 9 9 11 0.02541232 
516 170 11 10 0.02538085 
99 72 12 13 0.025362737 
36 54 10 13 0.025259051 
11 50 8 12 0.025098711 
565 94 8 11 0.025095012 
91 57 11 13 0.025031116 
516 187 11 11 0.025029546 
112 24 11 13 0.025019491 
55 49 12 13 0.025012491 
600 93 10 10 0.024732135 
614 107 8 11 0.024638627 
41 36 9 12 0.024486784 
406 90 9 16 0.024423344 
521 110 10 14 0.024360657 
95 9 10 15 0.024326455 
0 131 16 33 0.024299715 
3 9 12 18 0.024228116 
579 0 11 11 0.024223454 
485 73 9 14 0.024052579 
555 154 8 10 0.023950513 
563 115 8 9 0.023837904 
569 107 8 10 0.023811506 
529 156 11 13 0.02380795 
464 62 12 18 0.023772225 
461 151 9 15 0.023673259 
364 12 9 11 0.023657445 
606 57 10 11 0.023487952 
433 68 9 16 0.023474192 
505 36 7 11 0.023414241 
497 87 9 13 0.023324054 
260 471 14 19 0.023251465 
594 114 9 11 0.023224311 
480 199 9 13 0.023204803 
625 72 11 13 0.0231703 
41 43 9 12 0.023132734 
559 106 9 10 0.023111437 
467 287 26 23 0.023095632 
592 41 9 12 0.022928063 
478 8 11 14 0.022912761 
621 42 10 13 0.022822203 
509 16 10 14 0.022660876 
544 158 8 10 0.02264981 
102 21 10 12 0.022643743 
686 4 12 13 0.022429982 
563 74 10 13 0.022428278 
677 30 9 11 0.022407686 
619 17 10 13 0.02223165 
566 145 10 11 0.021971347 
524 42 8 11 0.02194999 
387 87 9 13 0.021750825 
587 81 11 12 0.021689562 
647 100 8 11 0.021661233 
517 98 10 14 0.02158214 
580 73 10 12 0.021569427 
72 61 11 13 0.021517854 
611 49 9 11 0.02145942 
36 2 11 14 0.021395959 
490 136 9 15 0.021335348 
602 16 8 12 0.021324817 
634 54 9 11 0.021287221 
408 69 10 15 0.02127518 
632 99 11 13 0.02121662 
470 54 9 15 0.02115305 
267 7 10 16 0.021150488 
542 152 9 12 0.021008406 
140 48 10 16 0.020921074 
540 50 10 12 0.020894725 
489 183 10 11 0.020748692 
612 67 10 11 0.020591497 
549 42 9 11 0.02055006 
498 61 8 12 0.02049645 
541 59 9 12 0.020462586 
530 32 8 11 0.020383619 
