2_Demonstration_Political_Rally_2_57
148
78 138 34 46 0.999456 
758 146 28 34 0.99911696 
262 130 17 30 0.99649626 
781 148 31 40 0.9964941 
591 131 31 51 0.99520504 
896 255 34 43 0.99410194 
526 153 30 40 0.99400264 
824 122 33 45 0.9926233 
280 144 24 36 0.99183524 
945 169 27 37 0.9905105 
492 166 33 42 0.98589283 
213 145 31 46 0.98387873 
384 121 29 42 0.9818138 
481 303 56 79 0.97969496 
931 215 20 31 0.9789767 
663 181 29 38 0.9769201 
-2 125 20 40 0.97278666 
146 133 32 35 0.9638089 
357 139 33 44 0.9592271 
9 127 19 34 0.9497052 
444 74 19 31 0.9459498 
920 167 23 40 0.9328994 
275 202 34 43 0.93238693 
465 152 18 32 0.882493 
488 135 19 32 0.87925094 
103 107 34 41 0.6206918 
645 151 18 30 0.50078964 
934 157 23 39 0.3428299 
277 140 12 21 0.28385854 
670 118 11 18 0.2636884 
60 68 15 18 0.13894016 
284 121 19 26 0.13179873 
643 127 20 30 0.10910144 
18 100 16 28 0.09898096 
473 108 21 26 0.08926766 
550 175 21 33 0.086174004 
313 194 29 46 0.08561161 
103 151 22 26 0.08435483 
570 97 7 11 0.074226595 
938 152 15 18 0.071698725 
564 106 7 12 0.07075173 
108 277 5 8 0.06811856 
105 277 5 7 0.0680079 
473 144 28 42 0.056881573 
141 147 24 29 0.056257103 
57 67 10 13 0.05583209 
542 166 23 31 0.055544052 
556 116 8 14 0.05534933 
989 239 14 18 0.055158813 
473 102 11 20 0.054758213 
134 157 20 28 0.052863233 
581 123 8 16 0.051600806 
297 111 18 28 0.048900507 
66 311 5 7 0.048309572 
451 205 8 14 0.047876548 
719 169 19 28 0.047001738 
560 103 16 27 0.046962585 
475 122 19 25 0.046114605 
852 282 21 40 0.046108466 
14 113 18 33 0.04431421 
158 148 21 30 0.044290815 
813 124 28 32 0.042605948 
29 107 8 14 0.042545862 
578 141 23 39 0.042252887 
459 43 9 14 0.0418911 
920 258 22 28 0.04117727 
584 99 6 10 0.040474407 
293 143 29 42 0.040095802 
850 229 27 44 0.039741598 
295 65 8 16 0.038489662 
464 326 20 39 0.038198516 
568 102 8 14 0.03658186 
154 50 25 44 0.036531746 
941 226 21 30 0.036224168 
876 207 19 36 0.036015026 
172 399 9 19 0.035966944 
924 193 25 38 0.035577193 
70 312 5 6 0.034991268 
113 113 11 15 0.034926377 
28 146 11 20 0.034628227 
288 116 13 17 0.03391483 
245 128 20 32 0.0334342 
926 228 24 38 0.033360545 
423 142 19 29 0.032588743 
434 151 10 18 0.032544732 
886 218 10 18 0.032225866 
53 65 7 10 0.031953268 
67 152 12 22 0.031937033 
145 162 17 28 0.030866636 
176 219 14 15 0.030734953 
1014 187 17 24 0.029856352 
510 146 8 16 0.029850326 
581 116 7 14 0.029659033 
91 288 5 6 0.029595062 
307 53 6 10 0.029101688 
663 161 18 23 0.028541919 
568 96 16 29 0.02844733 
584 51 22 37 0.02827334 
57 61 8 10 0.028078483 
0 123 8 24 0.027801197 
668 128 16 24 0.027401522 
587 111 8 16 0.027261198 
78 312 4 7 0.027260812 
719 186 18 27 0.026937352 
130 218 13 16 0.026586886 
179 164 13 20 0.026561402 
279 150 13 19 0.026327498 
170 6 8 16 0.026263 
42 334 13 14 0.02620118 
580 124 21 34 0.026164727 
346 150 22 30 0.025832476 
405 139 28 42 0.02582763 
98 311 5 8 0.025377607 
490 115 10 14 0.025175132 
24 92 7 10 0.024929252 
479 132 19 27 0.024787024 
649 215 31 59 0.024620874 
819 280 9 14 0.02456286 
266 210 21 30 0.024544775 
573 102 8 14 0.02454348 
104 124 18 21 0.024541195 
304 155 31 45 0.024038764 
581 107 17 29 0.02391514 
1081 181 17 29 0.023562245 
46 66 5 8 0.023265654 
431 191 28 43 0.022872197 
1023 254 20 33 0.02263151 
299 96 12 15 0.02256387 
60 316 5 8 0.022277059 
1014 173 19 24 0.022206971 
1076 158 18 32 0.022167427 
85 287 5 6 0.022140617 
300 175 22 29 0.022119664 
177 15 18 37 0.022003358 
583 109 8 14 0.021842888 
89 310 5 8 0.021628495 
636 134 19 33 0.021273585 
778 371 15 25 0.02118505 
1017 148 9 16 0.02118179 
87 290 4 7 0.021115482 
58 322 6 10 0.02105197 
25 87 6 9 0.020909915 
120 286 6 8 0.020841861 
1046 260 21 33 0.020479599 
302 54 5 10 0.020337624 
64 314 7 9 0.02022252 
30 99 9 15 0.020170521 
60 62 12 12 0.020079147 
