2_Demonstration_Political_Rally_2_637
115
738 97 43 77 0.9970605 
161 385 34 67 0.9881479 
2 387 33 49 0.9866889 
725 404 32 44 0.97176623 
279 355 40 50 0.96027875 
906 400 22 29 0.95314336 
622 349 25 36 0.8836838 
456 360 31 58 0.8242567 
664 401 24 36 0.58796936 
902 786 39 46 0.56858104 
258 423 49 57 0.5669227 
366 408 28 34 0.5616811 
53 364 67 114 0.45081472 
326 405 40 60 0.3560367 
309 667 14 23 0.26368535 
616 283 19 29 0.2456721 
842 438 44 49 0.21602316 
787 379 21 28 0.20591806 
248 361 39 55 0.19668765 
883 554 22 22 0.19258521 
348 403 35 54 0.19130477 
262 515 74 90 0.16271336 
805 414 47 44 0.16177034 
754 512 46 46 0.14086843 
918 688 26 37 0.13976167 
841 371 28 43 0.13119419 
200 390 33 62 0.12301344 
683 361 19 33 0.11144614 
752 319 12 14 0.10576726 
949 686 20 31 0.09603205 
859 583 24 33 0.09327023 
888 401 25 24 0.09221994 
436 378 38 57 0.08520863 
128 106 18 31 0.07897394 
821 387 42 45 0.077313714 
699 298 18 30 0.07266475 
48 393 38 65 0.063167326 
895 572 23 37 0.06287101 
772 321 10 15 0.06101675 
779 321 10 15 0.058137167 
794 470 60 51 0.054768626 
747 352 36 39 0.05417054 
773 326 16 24 0.053964384 
737 355 21 26 0.053119596 
35 381 23 43 0.05232353 
553 367 19 23 0.051662773 
871 425 22 31 0.0494626 
610 259 34 55 0.048670344 
239 442 47 64 0.044550728 
826 579 34 39 0.044514082 
589 336 35 41 0.04391837 
677 405 22 32 0.04356337 
418 487 105 192 0.042932134 
784 503 44 50 0.041599054 
881 659 36 43 0.040218867 
769 403 11 19 0.039229065 
264 390 48 64 0.03917592 
745 403 20 32 0.036631368 
900 671 35 43 0.03619874 
553 402 12 23 0.035560828 
0 323 31 64 0.034737613 
825 620 24 34 0.03417578 
889 432 12 19 0.03411039 
222 657 29 52 0.03302684 
11 248 20 35 0.032939732 
81 666 18 30 0.03176545 
947 656 9 14 0.031751048 
873 590 20 26 0.031525854 
748 388 25 24 0.030854529 
292 383 61 86 0.030143354 
755 399 18 28 0.029573604 
872 619 24 32 0.029350324 
929 673 21 28 0.027323658 
954 732 23 20 0.027022148 
963 685 9 16 0.02699693 
944 679 13 19 0.026727086 
630 351 37 47 0.026688885 
550 377 22 30 0.026022902 
259 -155 497 413 0.025979266 
411 377 39 62 0.025843838 
371 405 19 19 0.025759827 
636 365 13 20 0.025662776 
749 449 13 16 0.025132196 
860 397 13 17 0.025082754 
951 718 25 25 0.025059981 
954 747 25 22 0.02501107 
886 562 25 28 0.024755968 
762 375 32 39 0.024054784 
870 674 29 31 0.023820234 
702 389 15 18 0.023701781 
737 308 9 14 0.022973323 
941 692 34 47 0.022781532 
756 604 17 34 0.022703808 
-3 328 18 43 0.022462266 
814 449 57 51 0.022407185 
733 626 25 38 0.022238607 
1 554 72 168 0.021992745 
831 430 31 28 0.021958893 
609 354 24 32 0.02188981 
926 656 9 14 0.021730142 
279 405 257 450 0.021612903 
923 416 10 15 0.02152038 
869 482 12 19 0.021490688 
850 592 20 30 0.02124631 
715 406 21 30 0.021237293 
716 416 11 16 0.021148538 
526 497 7 9 0.020980826 
938 653 10 14 0.020893365 
835 429 16 15 0.020751989 
443 461 47 80 0.020702947 
877 405 24 25 0.020518208 
796 345 19 24 0.020511629 
748 324 17 23 0.020445578 
880 603 15 19 0.020101124 
685 294 25 38 0.020018023 
