2_Demonstration_Demonstration_Or_Protest_2_162
87
442 141 50 57 0.9995796 
526 181 27 40 0.99707496 
689 113 143 194 0.994194 
94 222 26 32 0.98926663 
609 153 27 41 0.97662985 
3 217 26 38 0.97407305 
254 116 131 180 0.95882255 
571 264 18 34 0.6011785 
555 184 18 30 0.56421214 
483 197 23 35 0.490502 
73 245 11 18 0.32421163 
932 198 11 18 0.2749182 
921 202 9 17 0.25237954 
957 215 9 14 0.24021664 
552 248 36 45 0.18563284 
587 219 33 52 0.16347927 
628 259 26 39 0.11585978 
425 230 40 47 0.11377233 
940 219 9 10 0.06379394 
1003 155 10 15 0.06060785 
611 252 74 107 0.059975196 
580 203 10 19 0.053968497 
605 193 17 28 0.04951554 
574 238 33 48 0.046735223 
656 144 30 46 0.04327389 
643 141 20 31 0.04076009 
945 224 9 12 0.03903559 
959 176 9 14 0.03847939 
932 224 9 12 0.03845995 
160 217 17 17 0.033014845 
375 210 40 57 0.03166439 
150 224 21 26 0.03156152 
154 272 16 18 0.031127991 
925 198 10 16 0.029703682 
425 16 45 56 0.028514696 
1092 232 10 19 0.028146686 
145 -16 272 341 0.026989756 
152 201 10 13 0.02691675 
925 235 12 16 0.02675307 
1061 184 8 15 0.026503261 
597 248 22 36 0.026173914 
-27 302 141 284 0.026166672 
446 194 37 48 0.026134603 
1000 158 15 27 0.025789341 
531 326 36 56 0.025696788 
543 267 44 57 0.024893241 
977 151 10 15 0.024560861 
941 229 9 12 0.024416694 
107 229 17 21 0.0243706 
0 11 22 49 0.024329182 
917 202 17 29 0.024270004 
395 215 42 60 0.023998233 
590 184 38 57 0.023951247 
1058 170 8 15 0.023859767 
1018 184 8 14 0.023771761 
1094 280 11 19 0.02363908 
1042 202 12 21 0.023413565 
1020 173 14 25 0.023408834 
1053 238 14 24 0.022899168 
595 156 19 30 0.02284721 
1033 179 10 19 0.022729635 
915 253 9 14 0.022704562 
1035 169 9 17 0.022543574 
951 222 10 13 0.02252769 
649 153 20 30 0.022488989 
940 227 19 26 0.022317627 
1027 258 26 42 0.022267407 
955 196 8 12 0.022187082 
937 218 18 22 0.022156745 
570 146 28 39 0.021918999 
-2 129 14 53 0.021871865 
1033 191 12 21 0.021808682 
1090 255 11 21 0.021656 
927 219 18 23 0.021385448 
899 216 11 16 0.021323185 
568 189 19 29 0.021315169 
963 196 13 17 0.021001136 
1055 226 12 21 0.020661905 
601 214 24 36 0.020631963 
868 196 12 19 0.020631464 
439 0 29 29 0.02055714 
1019 170 8 16 0.020480325 
539 296 37 57 0.02044545 
1045 152 10 19 0.020443724 
1101 212 8 16 0.020334747 
1036 246 19 33 0.020138673 
1050 387 15 27 0.0201197 
