2_Demonstration_Political_Rally_2_22
152
72 382 106 124 0.999908 
578 475 49 69 0.9969164 
867 406 48 77 0.97077966 
455 383 22 24 0.9500598 
430 442 17 26 0.9079887 
576 411 25 31 0.7643899 
385 331 53 85 0.69786245 
765 369 31 37 0.42481324 
554 362 25 52 0.32366136 
527 371 21 37 0.16413271 
544 223 18 26 0.14788248 
358 174 20 40 0.1368184 
1013 402 9 13 0.13570449 
102 221 19 22 0.112162545 
398 426 13 18 0.11204204 
297 410 21 38 0.10949812 
500 174 9 16 0.10474221 
744 315 72 96 0.10297171 
418 274 16 24 0.079935126 
755 476 39 82 0.075602 
458 349 77 100 0.07248926 
680 210 6 11 0.07178519 
798 224 21 32 0.062046 
1002 215 15 28 0.057533056 
431 395 10 15 0.05586933 
565 416 24 31 0.047923367 
448 324 9 14 0.04764628 
973 331 28 52 0.047611766 
580 178 8 16 0.047132295 
535 480 43 67 0.046897657 
382 173 11 18 0.046770196 
835 161 4 6 0.045734324 
913 315 8 12 0.045420054 
580 395 39 58 0.042140704 
907 205 13 18 0.04206676 
589 217 8 15 0.041594014 
662 204 16 25 0.040748972 
608 160 6 13 0.039995275 
499 232 4 6 0.039370354 
634 251 9 16 0.038748957 
494 232 5 6 0.037757766 
60 445 10 15 0.037292738 
437 172 6 10 0.037164416 
278 153 11 13 0.036794353 
389 272 133 178 0.035872765 
929 316 7 12 0.035641775 
932 311 7 12 0.034827657 
422 453 11 14 0.034480017 
70 292 7 11 0.034376826 
487 228 5 6 0.03415827 
503 280 9 19 0.032787953 
724 228 126 213 0.03266761 
613 163 7 12 0.03191287 
297 423 34 50 0.03187541 
575 439 46 70 0.03181339 
634 165 6 11 0.031659905 
0 238 6 11 0.031588275 
792 391 35 57 0.031554997 
451 426 10 16 0.03141545 
602 404 36 55 0.031015925 
219 125 24 37 0.030921416 
391 186 41 58 0.03075108 
835 159 3 5 0.03065667 
529 223 5 9 0.030617276 
601 160 7 12 0.029645095 
588 182 8 14 0.029481838 
274 150 19 24 0.028970093 
592 291 17 25 0.028645407 
950 324 29 45 0.028599923 
547 414 32 54 0.028400542 
576 182 10 18 0.02832049 
434 427 20 30 0.028260244 
471 488 53 102 0.027978325 
581 287 9 16 0.027960898 
817 208 12 14 0.02791976 
420 169 10 12 0.027837783 
434 224 7 7 0.027780432 
804 232 10 17 0.02770102 
53 383 21 37 0.027423752 
944 319 8 11 0.027294893 
362 235 37 59 0.026657807 
442 225 6 8 0.026620291 
916 299 6 9 0.026593033 
533 368 39 60 0.026503094 
1007 212 9 15 0.026272465 
420 223 10 10 0.02567024 
432 388 16 26 0.025522249 
0 243 7 15 0.025409777 
948 173 5 8 0.025406092 
66 190 3 4 0.024953865 
436 237 9 9 0.024914958 
530 376 10 22 0.024818808 
451 375 42 50 0.02479092 
492 228 5 6 0.024781803 
432 437 30 43 0.024384758 
106 233 13 15 0.023735182 
1016 386 16 26 0.023658987 
503 427 32 60 0.02360824 
377 176 10 18 0.023540292 
900 334 18 28 0.023528518 
510 180 9 12 0.023487957 
837 160 5 7 0.023346301 
259 114 36 47 0.023337662 
572 222 12 19 0.023249028 
446 443 9 18 0.023159573 
426 170 8 12 0.023098445 
292 414 10 17 0.02307534 
451 418 20 29 0.02301678 
612 274 12 14 0.023015639 
897 316 5 7 0.022678794 
803 225 12 16 0.022502797 
344 236 8 12 0.022478743 
504 231 5 6 0.022440352 
418 230 22 22 0.02241649 
601 142 4 9 0.022411376 
557 486 45 64 0.022375781 
183 208 10 18 0.022371205 
166 290 71 123 0.022326613 
646 246 7 12 0.022218809 
913 313 15 23 0.02221471 
413 172 10 12 0.022176202 
1025 400 19 39 0.022054799 
806 209 20 27 0.021901822 
540 214 33 51 0.021876395 
20 420 5 6 0.021762993 
74 256 6 9 0.02169958 
628 166 6 10 0.02167708 
426 223 10 9 0.021644747 
439 321 146 185 0.021546496 
451 443 9 16 0.021514561 
999 179 4 7 0.021322759 
519 248 19 31 0.021318685 
619 391 40 77 0.021297308 
481 227 4 7 0.021232288 
602 147 5 10 0.02111007 
34 187 5 6 0.021105407 
647 238 4 7 0.02088936 
2 394 3 5 0.020771716 
190 343 17 29 0.020738449 
1 416 5 9 0.020662414 
454 469 9 17 0.020589998 
854 211 10 12 0.020378783 
461 429 19 31 0.020335458 
369 176 19 35 0.020330025 
492 237 6 7 0.020308336 
593 303 18 30 0.020278677 
414 219 23 23 0.020275844 
478 239 6 7 0.02021951 
37 187 5 6 0.020214098 
20 448 7 8 0.020207629 
432 213 7 8 0.0201286 
402 306 47 73 0.020122021 
