2_Demonstration_Demonstration_Or_Protest_2_30
24
598 79 18 26 0.99427867 
773 75 40 64 0.84413743 
437 61 18 25 0.39952445 
167 423 51 40 0.17351992 
159 411 25 26 0.088755526 
300 400 18 29 0.080857575 
116 -122 329 388 0.06398597 
476 49 18 23 0.057661664 
444 211 40 50 0.05480815 
231 509 31 49 0.044539563 
151 166 55 64 0.03735183 
139 414 38 47 0.029792478 
154 401 47 46 0.028527217 
534 338 101 76 0.025547162 
184 558 10 15 0.024465777 
442 75 13 16 0.02427997 
187 100 347 578 0.023999484 
355 373 75 95 0.022321913 
638 260 54 44 0.021502841 
657 430 35 58 0.021227488 
345 368 19 37 0.020995473 
683 108 38 53 0.020499974 
178 387 83 82 0.020267274 
362 281 77 130 0.02019185 
