2_Demonstration_Demonstrators_2_244
421
426 107 50 71 0.9977685 
721 150 66 91 0.99211276 
841 139 26 32 0.98105925 
711 187 23 34 0.979166 
250 174 30 36 0.9706542 
203 171 17 17 0.87658066 
935 492 42 65 0.607194 
941 122 19 23 0.4026267 
615 137 21 24 0.3924234 
29 190 6 10 0.37382603 
336 175 11 15 0.32419327 
115 209 35 32 0.31394836 
450 157 50 53 0.2774484 
544 135 25 38 0.21177022 
168 180 14 15 0.20064406 
390 141 24 32 0.18336166 
1014 120 11 16 0.17763165 
619 148 20 25 0.17029482 
73 162 13 18 0.15437336 
682 140 18 28 0.1445772 
945 200 30 45 0.1374128 
48 187 8 13 0.12227595 
659 170 9 13 0.1092121 
717 44 5 9 0.10595036 
942 6 8 15 0.10211673 
816 88 7 11 0.09578731 
995 148 19 25 0.09495652 
901 175 27 31 0.090274245 
1008 309 12 18 0.08865798 
903 42 7 13 0.08659442 
411 6 5 6 0.085695155 
712 38 5 8 0.08529793 
149 216 26 33 0.08327098 
391 192 12 17 0.08165672 
611 137 14 16 0.08030297 
952 149 12 16 0.07944916 
713 43 4 8 0.07756628 
907 29 7 13 0.07507416 
743 33 4 7 0.07378495 
28 194 8 13 0.07265681 
654 162 18 26 0.0705389 
314 176 7 11 0.06751781 
380 167 20 23 0.06539329 
156 178 23 22 0.06413615 
666 155 9 13 0.061269376 
155 171 14 13 0.060746137 
1015 100 12 18 0.060127575 
79 214 12 17 0.05944896 
331 178 11 18 0.059360992 
713 32 4 7 0.058836546 
663 156 17 29 0.057957206 
737 7 4 5 0.057420466 
610 198 14 15 0.056751918 
763 20 4 5 0.05653931 
329 186 12 19 0.054427847 
705 44 4 7 0.052604288 
175 182 12 15 0.052217096 
114 44 6 9 0.052105565 
706 40 4 6 0.052042343 
759 152 69 99 0.051530983 
724 45 4 7 0.051229626 
767 20 3 5 0.05114969 
715 38 5 8 0.050275594 
729 45 5 7 0.049028073 
146 148 7 8 0.04892095 
115 248 11 16 0.048875343 
362 171 11 14 0.048323225 
730 13 4 6 0.048249304 
124 430 49 90 0.0478723 
750 20 3 5 0.047444835 
166 121 7 6 0.047104213 
764 15 4 5 0.04666132 
197 198 21 27 0.046641715 
342 170 10 16 0.046452686 
637 166 20 26 0.045069553 
732 7 3 5 0.044904906 
143 147 6 7 0.044715807 
657 204 11 20 0.044426348 
643 170 10 14 0.04441995 
203 135 16 22 0.04428672 
183 185 10 15 0.043956388 
161 195 23 24 0.043813232 
305 168 9 11 0.04327426 
350 174 9 12 0.04250749 
643 164 9 11 0.042201385 
749 33 4 7 0.042155977 
157 164 11 10 0.042061005 
342 179 11 16 0.04198941 
751 7 3 5 0.041631415 
45 183 15 24 0.041489255 
531 141 20 32 0.041358963 
905 30 5 9 0.041121498 
140 123 6 5 0.041013535 
736 27 4 5 0.040868808 
658 25 7 8 0.04062666 
945 23 6 9 0.04024693 
305 176 10 13 0.040050935 
920 170 21 28 0.039499573 
140 128 5 5 0.039029855 
711 21 4 5 0.03897855 
135 129 5 5 0.03891327 
972 125 16 25 0.038896326 
953 33 6 13 0.038870897 
673 146 17 27 0.03852868 
552 168 32 57 0.03847752 
573 180 15 29 0.038211204 
5 179 5 9 0.03793739 
407 21 7 7 0.037669376 
165 153 6 7 0.037538234 
712 26 4 6 0.037474047 
956 121 11 15 0.03746448 
126 31 6 8 0.037439466 
822 490 26 38 0.037348468 
416 7 4 5 0.03719929 
609 7 5 5 0.03709018 
400 126 34 49 0.03705389 
762 26 3 5 0.036707636 
680 187 22 22 0.036326557 
89 176 7 10 0.036021344 
24 215 6 10 0.035718773 
735 45 4 7 0.035659444 
663 172 9 15 0.035525516 
96 169 24 28 0.035305604 
949 131 20 27 0.03523246 
328 152 6 9 0.034983657 
982 16 8 15 0.034502134 
947 31 6 9 0.03439266 
326 226 8 14 0.034209564 
111 7 5 6 0.034202944 
1 180 5 10 0.03417701 
327 158 7 10 0.0341519 
603 7 4 5 0.0341054 
946 150 10 14 0.034067582 
311 173 17 26 0.034052823 
964 307 11 16 0.033958822 
647 156 19 22 0.03395069 
630 158 11 15 0.03393684 
666 51 4 6 0.03390734 
302 151 7 8 0.0336762 
736 32 4 6 0.03345463 
71 140 5 6 0.033383157 
123 32 6 7 0.03324768 
750 46 4 6 0.033208586 
905 137 13 20 0.033067662 
774 226 48 51 0.03305558 
328 146 6 8 0.03295368 
113 11 5 8 0.032773428 
767 15 3 5 0.032642707 
368 169 10 14 0.032472007 
706 26 4 6 0.032397944 
348 188 9 15 0.032340486 
264 182 13 17 0.0322981 
167 148 5 5 0.032281723 
981 11 6 12 0.03225422 
724 39 4 6 0.032246143 
410 4 5 5 0.032114103 
130 129 4 6 0.03204784 
693 39 4 6 0.03201613 
115 32 5 5 0.03198569 
954 25 5 10 0.031957105 
697 39 4 6 0.031946458 
757 26 3 5 0.031925756 
666 179 9 15 0.031862788 
6 184 5 8 0.03183866 
136 124 4 4 0.031796142 
81 172 31 39 0.03174634 
287 182 18 24 0.031687547 
5 47 10 14 0.03164376 
17 201 6 11 0.031619024 
985 188 19 28 0.03157813 
902 55 7 10 0.031400684 
968 3 9 12 0.03137614 
135 46 6 7 0.03133223 
362 175 19 24 0.031331774 
26 209 6 11 0.031178972 
750 26 4 5 0.031108335 
742 7 3 5 0.031058436 
12 200 7 12 0.03098994 
114 39 5 6 0.030912915 
160 116 6 6 0.030838594 
738 12 4 6 0.030836198 
111 51 5 6 0.030814871 
597 163 27 40 0.030678317 
375 172 12 15 0.030471196 
776 21 3 4 0.030273326 
992 139 16 24 0.030192811 
300 163 10 13 0.030184472 
605 182 22 30 0.030031351 
706 31 4 7 0.029792413 
756 8 3 5 0.0297156 
970 94 11 17 0.029677471 
756 21 3 5 0.029648678 
660 7 5 5 0.029624974 
161 155 6 7 0.029352613 
8 190 6 10 0.029286938 
328 142 5 5 0.02928439 
10 75 9 10 0.02900614 
729 50 5 6 0.028991494 
671 51 5 7 0.028923709 
96 53 5 5 0.028880907 
737 3 3 4 0.028781693 
725 50 4 7 0.028772498 
991 22 8 14 0.028764838 
-12 17 59 79 0.028691627 
679 45 5 7 0.028669542 
1009 300 9 14 0.02866617 
751 14 3 5 0.0286648 
732 3 3 4 0.028629506 
307 148 5 7 0.028607385 
116 27 4 6 0.028575506 
901 35 13 23 0.028571913 
461 105 38 63 0.028570516 
186 18 24 20 0.028369881 
317 189 11 21 0.028333876 
142 97 4 4 0.028153414 
106 222 38 46 0.028001392 
163 159 8 8 0.027820501 
552 8 5 5 0.027811693 
358 175 10 11 0.027657645 
4 41 10 13 0.02764181 
680 50 5 8 0.027561538 
309 183 15 28 0.02742415 
152 9 11 10 0.027280223 
151 181 14 13 0.027249776 
236 158 9 9 0.02723122 
297 186 13 17 0.027196757 
633 33 7 8 0.027185777 
704 14 4 5 0.027016645 
248 148 5 7 0.026846224 
652 157 10 11 0.026647523 
900 139 11 20 0.026627088 
301 172 19 26 0.026597781 
666 45 4 6 0.02659111 
158 207 37 41 0.026558638 
306 151 6 8 0.026526986 
101 44 5 6 0.026492042 
163 121 6 6 0.026488516 
183 115 7 7 0.026414849 
140 135 5 5 0.026157493 
739 378 11 14 0.026021704 
277 538 4 6 0.025942283 
212 0 138 176 0.0258603 
679 39 5 6 0.025785191 
135 104 4 4 0.025662381 
175 192 11 15 0.025656378 
184 62 10 10 0.025578605 
658 20 6 7 0.02557835 
741 14 4 5 0.025491606 
685 8 6 6 0.025439505 
750 38 3 5 0.025391834 
589 7 7 5 0.025256308 
96 71 5 5 0.025183244 
163 171 11 11 0.025181988 
423 6 5 5 0.025181174 
661 64 5 6 0.025161427 
781 95 6 7 0.025141604 
774 31 4 6 0.025120778 
142 152 6 6 0.025082465 
8 196 7 11 0.025069408 
738 20 4 5 0.025043618 
705 48 6 9 0.024992527 
906 26 4 8 0.024987126 
272 181 9 16 0.024914678 
905 45 7 13 0.024893574 
629 33 6 7 0.02482148 
742 20 4 6 0.024718415 
287 140 6 9 0.02471468 
331 142 4 6 0.024697583 
405 23 5 6 0.024652408 
148 135 5 5 0.024602743 
142 104 4 5 0.024432482 
57 84 5 5 0.024364918 
416 13 4 6 0.024340028 
979 23 9 17 0.024339303 
90 52 5 5 0.024274742 
744 3 3 4 0.024224456 
756 13 3 6 0.024217501 
272 179 19 29 0.024212398 
760 97 5 8 0.02418856 
129 98 4 4 0.024145715 
991 133 37 45 0.024139559 
304 185 12 20 0.02408669 
22 215 5 10 0.02399769 
594 8 5 4 0.023966763 
170 121 6 6 0.023909714 
1010 298 17 24 0.0238966 
732 27 4 5 0.023894666 
166 117 6 6 0.023868812 
345 170 19 22 0.023842685 
584 175 26 45 0.023831578 
651 174 10 15 0.023679249 
133 141 6 8 0.023670247 
361 189 19 23 0.023667736 
936 161 30 43 0.023658358 
31 213 7 11 0.023647115 
138 166 11 16 0.023598082 
197 233 12 12 0.02358725 
135 70 8 7 0.02352029 
660 50 5 8 0.023459133 
782 7 4 6 0.023452083 
998 0 7 9 0.023451578 
0 140 6 21 0.023442887 
27 188 6 8 0.023337934 
202 194 12 15 0.023289299 
733 32 4 6 0.02324532 
774 14 4 4 0.02321789 
609 4 4 4 0.023208147 
6 32 5 6 0.023198517 
724 57 4 6 0.023196967 
370 159 8 12 0.023176827 
1014 139 19 26 0.023168448 
142 92 3 4 0.023158215 
692 44 4 7 0.023121422 
10 68 8 10 0.023115784 
319 146 5 8 0.023084706 
638 19 6 7 0.02306614 
311 163 8 11 0.023050437 
134 50 6 6 0.023019593 
100 173 13 16 0.023016818 
89 183 7 10 0.022981908 
356 242 25 26 0.022879358 
152 129 5 5 0.022785785 
322 173 28 39 0.022781909 
7 63 7 9 0.022770569 
238 155 5 6 0.02274937 
147 123 5 5 0.022736896 
711 49 5 8 0.022734653 
660 45 5 7 0.022648154 
667 170 34 47 0.022645172 
971 16 7 11 0.022610003 
405 521 26 34 0.022578003 
962 149 12 16 0.022562396 
257 544 5 7 0.022511248 
699 45 4 6 0.022508034 
684 39 4 6 0.022479866 
671 45 5 7 0.022471288 
1038 133 26 45 0.022452688 
898 50 5 9 0.022363337 
664 63 5 7 0.022357656 
141 117 4 4 0.022337923 
594 12 6 6 0.022307713 
111 46 5 6 0.022220854 
991 153 10 17 0.022211885 
85 63 6 6 0.022150243 
724 7 4 5 0.022149287 
944 16 7 12 0.022104826 
75 200 10 15 0.022098497 
129 167 18 26 0.021955714 
391 7 7 6 0.021937335 
660 58 6 7 0.021919804 
130 141 5 7 0.021907471 
992 137 10 14 0.02186275 
653 7 5 5 0.021844912 
771 32 4 6 0.021840401 
769 27 4 5 0.02183853 
136 110 4 4 0.021805648 
169 172 11 11 0.02175546 
750 3 3 4 0.021750478 
172 228 21 20 0.021721154 
769 44 4 7 0.02171177 
314 145 7 8 0.021671845 
129 11 7 8 0.021667559 
10 206 8 14 0.021655744 
706 20 3 5 0.021586789 
963 0 18 21 0.021547353 
130 104 4 4 0.021525126 
991 103 11 17 0.021516295 
222 189 18 25 0.021500036 
896 17 6 9 0.021498423 
696 111 12 13 0.021468291 
148 128 5 5 0.021419933 
631 36 10 10 0.02132232 
102 52 4 5 0.02131179 
111 38 4 6 0.021250218 
94 182 9 13 0.02112256 
782 12 4 6 0.021094207 
958 34 7 13 0.021024069 
736 37 4 7 0.021019358 
76 195 19 28 0.021010794 
898 49 15 27 0.020984504 
23 201 15 25 0.0209636 
313 152 6 8 0.020950848 
651 349 9 10 0.02087944 
638 181 18 29 0.020835226 
744 45 4 7 0.020817403 
827 33 4 5 0.020792495 
199 50 37 37 0.020785617 
807 40 4 4 0.020779673 
610 155 22 27 0.020758495 
1024 155 20 32 0.020737305 
685 45 4 7 0.02072781 
718 83 5 7 0.020669831 
999 5 7 10 0.02064975 
837 70 4 7 0.020608313 
960 124 18 27 0.02057877 
958 154 23 24 0.020574177 
743 51 4 7 0.020563843 
770 40 4 5 0.020545788 
98 32 5 5 0.020543594 
71 217 6 8 0.020534532 
991 31 9 15 0.020493148 
188 188 18 25 0.02048391 
1011 311 19 25 0.020483064 
112 244 21 30 0.020468527 
761 33 4 5 0.020433892 
730 38 5 7 0.020409355 
1032 163 31 46 0.020406457 
248 25 6 9 0.020392302 
1029 128 16 29 0.02025869 
946 28 14 27 0.020255707 
102 202 28 31 0.020250646 
112 171 24 31 0.02023454 
524 158 10 17 0.020188157 
11 214 6 11 0.020157577 
930 167 13 18 0.020150118 
814 39 3 5 0.02013641 
21 215 30 43 0.02013621 
139 225 45 43 0.020098634 
757 33 3 5 0.020088436 
130 45 5 6 0.0200218 
877 65 5 6 0.020018965 
