2_Demonstration_Political_Rally_2_867
329
915 370 30 36 0.99669015 
796 425 37 45 0.994605 
927 513 41 53 0.9910942 
68 520 47 50 0.9826398 
616 505 20 26 0.97876054 
649 496 31 42 0.9777575 
337 540 29 67 0.9479674 
177 547 47 66 0.9296429 
130 490 17 17 0.89422077 
948 374 24 24 0.8903176 
71 454 19 20 0.7976358 
169 386 10 15 0.78549623 
818 361 11 14 0.73634624 
824 404 22 35 0.6999167 
798 371 7 11 0.68591845 
908 587 54 61 0.6155548 
866 363 10 11 0.5518572 
190 385 11 15 0.51672995 
855 382 11 14 0.45408216 
77 399 8 13 0.31974044 
785 369 7 12 0.30671844 
44 427 10 12 0.29191816 
157 437 22 37 0.26257765 
172 510 41 68 0.2483156 
64 509 25 32 0.23490544 
983 355 10 14 0.19496907 
25 502 12 15 0.17969377 
880 365 13 13 0.15972522 
152 401 9 15 0.15857612 
372 497 26 26 0.15855195 
869 382 9 12 0.15777521 
110 490 19 25 0.14326589 
836 369 9 11 0.14164853 
973 369 11 15 0.13930592 
875 395 19 22 0.13366951 
772 360 7 9 0.12735575 
768 359 7 11 0.12253503 
1 523 19 29 0.12047145 
5 400 9 13 0.11564409 
772 377 7 10 0.11331405 
419 605 48 56 0.11313652 
109 517 22 30 0.11081074 
806 370 8 12 0.103558704 
784 417 12 18 0.101852395 
817 386 13 15 0.09937551 
735 406 8 17 0.09928005 
10 400 10 12 0.096999615 
57 404 5 7 0.09415979 
135 403 5 9 0.08929125 
810 369 9 12 0.0869455 
780 377 7 10 0.085388176 
802 354 6 7 0.084224194 
733 397 8 11 0.08345374 
176 385 9 16 0.08211691 
152 432 16 34 0.08201911 
742 376 7 9 0.08151501 
45 395 6 8 0.081334114 
993 371 20 25 0.0804732 
967 357 9 10 0.08046959 
195 358 8 13 0.07894199 
747 372 6 9 0.07688024 
121 404 7 10 0.07542576 
860 622 97 82 0.07508677 
413 514 14 15 0.07473761 
816 396 21 31 0.0741344 
185 385 9 15 0.073104985 
762 371 5 9 0.07028334 
96 394 7 12 0.07005907 
792 385 9 14 0.06958331 
277 554 30 51 0.06917752 
129 524 23 23 0.069127135 
983 347 7 8 0.06878851 
559 472 16 22 0.068725266 
325 567 19 49 0.068713516 
893 365 9 12 0.06838712 
111 504 17 26 0.06737298 
983 605 22 24 0.06645542 
875 364 9 12 0.065179326 
0 420 7 13 0.0635997 
486 504 28 44 0.063581385 
906 393 10 14 0.062078018 
734 356 7 9 0.061074995 
756 377 5 9 0.06036263 
947 352 6 7 0.05965306 
606 479 11 16 0.05904707 
780 419 25 35 0.05845661 
978 347 7 7 0.057646256 
17 485 12 15 0.0552133 
155 380 9 14 0.054936312 
88 403 6 10 0.054872114 
127 402 6 10 0.054659378 
763 359 5 9 0.05393243 
769 381 8 12 0.05384945 
830 432 24 34 0.053507693 
789 353 5 7 0.053106755 
845 350 7 9 0.052680053 
589 543 31 45 0.052655168 
734 425 11 16 0.051677 
535 469 35 57 0.051022165 
144 380 12 13 0.050845154 
198 368 8 12 0.050771143 
54 402 5 8 0.050077826 
848 350 8 10 0.04944809 
163 438 11 20 0.04875014 
53 399 4 7 0.048650526 
32 398 8 8 0.048448745 
154 410 7 15 0.047678027 
971 353 7 7 0.04691053 
762 364 6 11 0.046558395 
768 355 5 7 0.046196043 
117 408 6 12 0.04606327 
56 421 9 13 0.0456046 
801 358 6 8 0.045554772 
813 363 8 13 0.04541065 
840 368 10 12 0.04532096 
37 397 6 9 0.04514929 
643 485 24 30 0.04470911 
169 438 12 20 0.044490047 
819 345 8 9 0.044459827 
850 346 8 10 0.04371402 
57 400 5 6 0.043234643 
981 353 6 8 0.043128114 
754 372 6 8 0.043074608 
954 349 4 5 0.042800695 
202 389 6 11 0.042567894 
4 397 18 25 0.042288143 
64 398 4 6 0.041817285 
978 352 19 26 0.041812137 
388 558 86 104 0.041354157 
138 401 7 12 0.04124836 
767 370 8 10 0.041222956 
1013 383 17 27 0.041111793 
883 360 9 9 0.04055239 
991 360 18 24 0.040470418 
606 486 18 25 0.040450327 
171 512 21 39 0.04025567 
538 477 9 13 0.03994993 
1002 524 21 40 0.03970055 
974 348 5 6 0.03943137 
73 480 14 18 0.039396424 
761 376 7 10 0.038869064 
473 524 23 31 0.038599886 
144 489 11 17 0.03858471 
462 534 21 27 0.038397256 
19 487 19 21 0.03823686 
196 377 7 12 0.037284657 
167 392 8 13 0.037265424 
128 324 23 21 0.03700906 
1 402 5 10 0.036713216 
780 383 7 12 0.03645638 
380 501 13 14 0.036330227 
114 26 374 453 0.036067426 
953 352 6 6 0.036046643 
739 412 9 17 0.0357682 
80 408 9 12 0.035674088 
792 354 5 7 0.03567333 
787 359 5 7 0.035635035 
56 408 7 10 0.03535416 
894 361 7 9 0.035052415 
831 365 8 10 0.03502173 
198 393 6 12 0.034892753 
863 353 6 7 0.034809284 
1007 306 20 21 0.034666013 
1 527 9 17 0.03453725 
736 377 6 9 0.034367364 
148 375 18 24 0.03336836 
116 509 31 42 0.033251908 
942 353 6 7 0.033130415 
748 368 6 8 0.032860104 
326 49 336 369 0.032774642 
860 378 11 14 0.032716643 
828 403 13 18 0.03270061 
857 347 5 7 0.03250361 
140 416 8 12 0.032342408 
778 401 11 23 0.032195915 
714 594 12 24 0.032171037 
125 408 8 11 0.031926196 
885 393 20 23 0.031308096 
984 351 38 44 0.03127083 
875 359 8 9 0.03113534 
16 400 8 11 0.031007307 
428 631 25 30 0.030971568 
757 361 5 6 0.030563708 
774 356 5 6 0.030100664 
876 354 7 7 0.030080032 
62 519 13 18 0.03002033 
794 359 5 7 0.029973645 
495 521 13 23 0.029764788 
126 527 12 14 0.029761111 
733 389 8 11 0.029717242 
1013 462 19 27 0.029706158 
996 358 10 13 0.02963976 
69 496 26 30 0.029569376 
145 414 6 13 0.029441614 
65 393 5 7 0.029296929 
72 398 5 7 0.029173281 
329 545 20 50 0.028852113 
756 366 5 8 0.028600972 
117 486 13 17 0.02831214 
982 616 24 35 0.028040042 
8 532 20 30 0.028030753 
1002 380 20 32 0.02779671 
751 598 33 52 0.027763069 
877 348 5 6 0.027761212 
691 527 333 327 0.027483035 
118 398 16 21 0.027276197 
114 397 6 7 0.027188316 
848 432 29 45 0.02718118 
759 365 15 22 0.027097886 
782 355 4 6 0.027076637 
730 407 8 14 0.027019354 
556 215 10 19 0.026975738 
34 440 9 12 0.02693023 
115 392 5 7 0.026907647 
1027 353 18 28 0.02685072 
960 347 5 5 0.026834149 
886 565 51 49 0.026815042 
743 367 5 8 0.026536703 
110 397 5 8 0.026228597 
839 361 6 7 0.026153019 
895 389 19 24 0.026118308 
724 408 7 14 0.025983335 
1017 346 5 9 0.02591361 
741 397 6 10 0.025902383 
782 360 4 6 0.025832629 
716 530 18 33 0.025810076 
723 432 7 12 0.025792878 
52 408 7 10 0.025700515 
541 482 10 14 0.025626944 
1022 385 21 35 0.02558057 
122 397 7 9 0.025555355 
64 405 4 6 0.025229976 
15 521 10 16 0.0252243 
785 383 9 13 0.02511095 
1018 342 6 8 0.025095062 
162 463 32 49 0.024936838 
55 520 10 18 0.02490981 
21 476 12 16 0.02483787 
0 538 16 33 0.024638988 
120 411 8 15 0.024572184 
904 348 5 6 0.024552569 
730 596 34 57 0.024549844 
1018 323 8 11 0.024530841 
171 377 10 15 0.024509402 
1019 323 17 25 0.02447382 
745 414 8 15 0.024458421 
347 572 24 44 0.024419669 
47 497 31 38 0.024195358 
19 528 19 29 0.024167141 
366 544 24 54 0.024126066 
960 343 5 6 0.024028968 
472 473 57 79 0.023982173 
844 341 7 8 0.023958722 
175 437 11 18 0.023933623 
859 352 6 8 0.023886506 
935 358 8 9 0.023806276 
120 407 16 25 0.023780124 
167 483 36 59 0.02342687 
1011 347 8 8 0.023385424 
1022 304 17 26 0.023374684 
21 507 17 25 0.02335625 
915 348 5 6 0.02329539 
196 354 7 10 0.023272581 
782 366 6 9 0.023019359 
941 382 23 28 0.023018055 
1026 642 16 30 0.023003247 
43 463 11 18 0.022849953 
870 395 12 20 0.022799022 
980 343 5 6 0.022714011 
996 276 8 10 0.022453923 
72 404 5 7 0.022386853 
739 387 9 12 0.022379067 
20 471 9 13 0.022363674 
141 514 18 27 0.022264818 
122 379 6 8 0.022253929 
955 344 4 5 0.022227002 
764 355 5 7 0.022208262 
864 349 5 6 0.022071298 
135 407 7 11 0.022066893 
120 447 7 13 0.021947423 
1015 400 16 27 0.021938037 
851 341 7 9 0.021935217 
816 378 10 12 0.021915523 
158 411 8 16 0.021757238 
367 533 68 97 0.021708112 
371 504 12 13 0.021636242 
556 477 10 15 0.021608558 
36 402 6 8 0.021579452 
842 359 7 8 0.021484502 
939 341 5 6 0.021435432 
803 397 40 53 0.021408245 
196 415 8 14 0.021388132 
107 489 13 16 0.021348316 
191 369 8 10 0.021343773 
326 528 8 14 0.021325484 
1016 345 16 23 0.021309294 
364 164 22 28 0.021296868 
882 365 20 23 0.02122722 
729 430 17 29 0.02122433 
47 404 17 22 0.021203838 
24 534 10 16 0.02118984 
148 407 7 14 0.021138677 
730 379 16 22 0.02112993 
476 502 22 39 0.021128869 
289 533 19 36 0.02109419 
330 620 12 14 0.021035643 
158 395 7 12 0.020980023 
741 381 8 12 0.020954128 
555 538 9 14 0.02090318 
969 327 40 44 0.020841038 
1006 347 7 8 0.020826839 
884 345 6 7 0.020815138 
582 511 9 16 0.020811247 
171 362 10 12 0.020781586 
203 385 5 9 0.02064502 
26 402 7 9 0.020548554 
127 480 28 38 0.02052506 
538 489 8 13 0.020520097 
471 192 9 12 0.020427234 
188 426 17 25 0.020415338 
407 516 13 13 0.020386754 
775 409 18 32 0.020341212 
629 509 12 17 0.020294614 
978 341 18 22 0.020284494 
993 606 20 35 0.020207176 
668 542 32 49 0.020101033 
943 349 4 4 0.0200947 
107 432 9 19 0.020040574 
23 422 9 15 0.02002243 
