2_Demonstration_Demonstration_Or_Protest_2_895
385
491 345 50 75 0.99811614 
276 306 23 31 0.9959448 
24 285 18 25 0.99515826 
673 332 33 42 0.98992175 
801 305 30 26 0.9895013 
376 318 19 28 0.98927873 
628 337 30 40 0.97833145 
137 273 19 17 0.97563803 
199 273 12 16 0.95114034 
297 309 18 26 0.9419576 
68 283 16 20 0.9295084 
523 293 12 15 0.9002359 
425 311 15 29 0.8908291 
453 299 17 25 0.87152845 
965 307 16 15 0.8489233 
341 278 14 15 0.84281063 
415 280 13 14 0.82582337 
48 298 19 25 0.7992982 
609 281 13 15 0.77795863 
114 284 20 23 0.7195463 
620 334 22 31 0.65687907 
461 306 23 27 0.63430625 
749 300 14 16 0.57367086 
295 294 18 22 0.47373414 
926 308 12 15 0.46492764 
407 281 13 14 0.4275515 
30 416 19 33 0.4052042 
807 337 21 27 0.3838376 
866 329 20 25 0.38108358 
203 371 23 43 0.35331455 
760 302 10 12 0.33535603 
213 375 29 37 0.33105576 
195 255 8 12 0.32026052 
52 411 65 88 0.31541303 
991 325 21 25 0.29832253 
386 274 11 13 0.28693464 
413 317 16 29 0.28496972 
549 302 17 22 0.28308287 
745 394 40 70 0.26159626 
368 267 9 12 0.24631602 
550 250 8 9 0.24323292 
257 291 11 16 0.2348882 
681 452 79 82 0.2339611 
785 408 33 67 0.22682112 
207 310 22 25 0.22046271 
136 315 23 24 0.21390344 
562 362 32 54 0.2093195 
531 276 11 12 0.20563965 
709 283 11 13 0.20155127 
684 250 10 12 0.1999522 
256 267 9 11 0.19049968 
0 281 9 20 0.18365534 
119 258 10 14 0.18299894 
174 297 13 15 0.18233821 
330 293 13 15 0.17943175 
364 121 8 15 0.1741288 
813 256 8 10 0.16253951 
523 243 7 9 0.15875615 
196 400 33 52 0.1553517 
834 295 14 11 0.15338291 
471 259 11 13 0.15275176 
207 303 14 15 0.15002976 
603 488 41 66 0.1470601 
30 407 36 60 0.14647195 
136 350 38 67 0.14269164 
246 339 24 32 0.13807565 
335 286 12 14 0.13447098 
729 279 9 11 0.13234562 
411 453 78 100 0.1259353 
854 289 11 12 0.12530795 
666 259 11 9 0.120690785 
833 337 26 24 0.119148426 
619 263 12 14 0.118102305 
827 256 8 9 0.11584905 
861 255 10 13 0.11515995 
54 271 14 16 0.113264956 
303 276 11 13 0.11262321 
1015 302 17 22 0.11016827 
407 266 11 13 0.10940929 
311 280 9 11 0.10881166 
406 173 8 16 0.108260795 
301 288 13 15 0.10736803 
464 299 13 18 0.10721664 
465 363 43 60 0.10500576 
517 142 27 27 0.104949676 
923 290 12 16 0.10039283 
492 259 10 11 0.09790715 
573 347 23 36 0.097482234 
67 312 13 18 0.095559195 
872 286 9 13 0.0945356 
154 285 11 14 0.09336561 
977 271 8 9 0.09292111 
194 261 11 16 0.088914774 
699 325 18 25 0.088612385 
300 328 18 23 0.08812582 
536 251 7 9 0.087758675 
277 423 53 65 0.08690924 
687 305 15 16 0.085829556 
486 307 24 25 0.08271614 
436 336 24 30 0.08193974 
487 138 17 28 0.08001432 
454 287 11 13 0.07961546 
876 368 37 52 0.079330005 
780 263 6 7 0.0784312 
293 266 8 9 0.07754357 
728 349 34 49 0.075056106 
227 318 19 24 0.07460918 
971 270 9 12 0.07450555 
677 277 11 10 0.07187228 
414 338 19 33 0.071267314 
470 293 13 17 0.07063828 
610 258 10 11 0.06998927 
557 259 8 10 0.069306016 
371 246 6 9 0.06916635 
625 470 35 58 0.068881616 
304 254 8 12 0.068617254 
857 261 9 10 0.068360485 
582 347 35 45 0.06793388 
687 259 12 13 0.067409776 
60 278 16 22 0.06685113 
566 281 11 11 0.066695906 
323 290 11 11 0.066511944 
818 311 15 15 0.06577771 
154 266 14 13 0.0644951 
451 188 9 14 0.06337508 
213 284 14 15 0.062302697 
785 361 11 16 0.062269505 
363 381 13 17 0.060012057 
854 377 39 48 0.059598587 
2 256 9 16 0.058803827 
462 321 21 28 0.05880096 
525 255 8 11 0.057672784 
249 258 9 10 0.057233036 
888 269 9 13 0.057163846 
1003 323 23 32 0.056237433 
780 250 7 8 0.055604033 
816 253 8 9 0.055087708 
442 265 12 16 0.05474285 
482 280 11 13 0.052949615 
50 286 19 22 0.052679747 
780 340 33 36 0.051692594 
277 289 12 12 0.051652707 
-1 294 14 24 0.049340896 
450 350 34 50 0.049008567 
780 398 23 43 0.048586316 
126 271 14 17 0.048090972 
613 344 32 43 0.0480026 
822 374 36 46 0.04767944 
671 301 10 13 0.047415886 
303 336 21 26 0.047302503 
208 290 18 21 0.046807744 
1019 316 20 28 0.046746265 
688 246 11 13 0.04615175 
663 380 32 58 0.045746144 
565 117 10 11 0.04490615 
942 295 12 14 0.04468121 
808 258 6 7 0.04435408 
711 424 68 83 0.044309773 
789 257 6 7 0.043421954 
748 263 7 9 0.043099426 
541 288 10 13 0.043051425 
474 287 13 16 0.04286635 
788 253 6 7 0.042062707 
128 285 15 16 0.041702244 
945 269 8 12 0.041648455 
203 279 19 18 0.041136615 
449 305 9 16 0.04074091 
881 268 10 14 0.04055263 
534 293 11 13 0.040270735 
800 260 6 7 0.039968424 
792 257 7 7 0.039307646 
412 383 42 60 0.039290234 
1008 431 32 62 0.03916232 
451 389 46 63 0.03881737 
520 241 7 8 0.03860962 
562 278 10 11 0.0386034 
51 307 21 29 0.038409423 
706 318 13 15 0.03840292 
395 299 13 15 0.038328517 
744 362 37 55 0.03812517 
527 294 20 22 0.03799625 
803 375 33 53 0.037867263 
519 346 52 81 0.037863877 
441 229 9 13 0.037777342 
483 307 13 15 0.037623327 
999 320 15 16 0.03740104 
537 296 18 23 0.036911454 
608 615 21 46 0.03666904 
316 298 11 16 0.036562353 
162 342 30 57 0.036319993 
369 253 10 14 0.03609741 
922 311 19 24 0.035887703 
273 292 20 24 0.035825677 
772 364 10 13 0.035696182 
842 338 32 41 0.03563456 
378 277 17 20 0.0354374 
426 348 9 18 0.03537303 
953 268 8 12 0.035254575 
801 278 8 9 0.035155445 
573 264 12 11 0.03508304 
429 262 8 13 0.034739405 
713 339 33 48 0.034640107 
745 309 14 14 0.034475416 
678 253 10 10 0.034361847 
130 266 32 32 0.034269117 
475 303 14 18 0.034100723 
312 299 9 14 0.034022488 
314 262 8 11 0.033774823 
775 359 17 23 0.03375487 
0 402 9 21 0.033372506 
469 301 32 39 0.033288714 
537 247 6 7 0.033198826 
266 291 11 17 0.03304974 
638 268 11 15 0.03290864 
555 268 9 12 0.03271224 
41 303 12 16 0.03267464 
1078 367 15 25 0.03247549 
995 321 44 63 0.0324737 
693 250 9 11 0.032275885 
903 347 40 55 0.032270078 
566 301 21 24 0.032112207 
184 345 32 56 0.032108992 
762 257 6 9 0.031952232 
8 422 30 60 0.031909183 
245 263 8 8 0.031635683 
612 339 11 18 0.031281162 
304 290 17 21 0.031264048 
666 252 8 8 0.031232338 
713 314 12 11 0.031196011 
0 261 14 26 0.031153543 
65 268 13 15 0.031054039 
964 368 41 69 0.030954696 
766 360 31 47 0.030778535 
631 459 11 18 0.030628625 
1091 343 10 18 0.030555548 
211 395 26 34 0.030522056 
550 271 8 10 0.030496936 
112 353 41 63 0.03040005 
510 268 7 10 0.030255048 
252 343 12 16 0.030236142 
432 323 22 30 0.029929247 
428 357 33 50 0.029552208 
837 386 43 60 0.029515991 
242 257 8 9 0.02927299 
989 318 14 17 0.028983798 
458 274 9 11 0.028970776 
767 276 9 11 0.028866803 
823 293 24 20 0.02881015 
324 297 13 16 0.028681919 
588 267 10 11 0.028502095 
888 279 10 14 0.02833758 
228 423 40 48 0.028286407 
810 251 17 19 0.0282354 
271 203 22 35 0.028150065 
247 297 18 24 0.02813781 
742 313 22 25 0.027988788 
248 283 17 23 0.027842382 
802 319 29 34 0.027743183 
978 541 67 139 0.027598858 
293 274 9 12 0.027424293 
524 278 17 19 0.027279397 
539 274 12 14 0.027174141 
531 253 7 9 0.027148305 
80 288 16 27 0.0270248 
309 388 40 57 0.026890075 
131 262 13 13 0.026698004 
426 340 20 30 0.026653266 
317 282 9 10 0.026567044 
877 269 8 12 0.026544036 
57 291 31 41 0.026387688 
550 254 9 11 0.026263393 
880 270 17 27 0.026054462 
906 313 9 13 0.026033154 
90 414 66 95 0.02592197 
589 257 7 7 0.025878156 
1027 305 17 26 0.025869168 
125 262 10 13 0.02579562 
824 270 7 8 0.025745999 
369 293 13 17 0.025661789 
778 264 5 7 0.025623923 
436 232 7 9 0.02551513 
141 430 39 74 0.025492484 
261 338 21 28 0.025361307 
445 324 31 43 0.025341285 
598 287 13 14 0.025089752 
817 262 8 9 0.025026403 
414 250 8 11 0.025024926 
852 258 7 8 0.024953244 
343 257 7 10 0.024925532 
374 262 9 13 0.024848845 
768 394 23 45 0.024807531 
985 264 6 7 0.024756104 
91 266 12 16 0.02471083 
723 284 18 22 0.024675151 
764 338 10 14 0.024665875 
202 298 14 16 0.024541099 
594 482 10 19 0.024530126 
628 252 8 7 0.024477001 
403 121 7 12 0.02446958 
987 260 6 8 0.024467694 
1031 207 12 21 0.024464082 
412 263 9 12 0.024418341 
633 506 38 59 0.02440515 
896 312 8 13 0.024377517 
972 308 33 37 0.024345394 
408 322 12 20 0.0243158 
340 263 8 10 0.024244681 
2 347 25 51 0.024226975 
657 258 9 9 0.024161538 
862 317 18 21 0.024156347 
546 122 12 13 0.02412303 
512 97 7 10 0.02411468 
667 362 12 17 0.024034569 
772 300 12 13 0.023960851 
246 259 17 18 0.023954863 
612 265 12 15 0.023929402 
944 324 14 18 0.023759283 
1045 322 18 27 0.023668455 
613 253 7 7 0.023619404 
1003 370 8 13 0.02358647 
798 263 7 8 0.023569917 
335 314 18 23 0.023552962 
33 281 13 17 0.02349263 
361 324 19 30 0.023436878 
134 253 8 8 0.023433972 
635 289 11 14 0.023416864 
695 307 20 24 0.023324994 
664 264 19 19 0.023321675 
399 273 18 20 0.023312468 
371 299 19 32 0.023276113 
1031 194 12 21 0.023221422 
757 341 34 44 0.023148756 
472 284 10 11 0.023042763 
735 233 6 9 0.02301703 
456 281 11 13 0.022931099 
1023 428 40 73 0.022818875 
791 352 11 14 0.022739757 
289 265 18 21 0.022697812 
311 267 10 12 0.022657437 
973 300 14 16 0.022636816 
249 253 8 10 0.02243177 
631 250 9 10 0.022372605 
128 563 61 47 0.022289079 
251 266 17 23 0.02228192 
853 252 6 7 0.022139437 
607 269 11 11 0.022066679 
646 238 6 8 0.02205218 
832 262 6 9 0.021978062 
545 252 7 8 0.021962518 
563 283 16 20 0.02192277 
766 361 11 16 0.02187441 
635 244 7 10 0.021846505 
603 351 24 35 0.021815004 
663 344 11 17 0.021765115 
854 320 11 14 0.021649439 
481 290 13 17 0.021614026 
238 253 7 9 0.021458117 
209 349 29 45 0.021455666 
446 314 22 29 0.021422941 
852 263 7 8 0.021369848 
416 287 14 18 0.021330312 
648 476 84 94 0.021234108 
0 363 5 20 0.021096174 
845 306 20 22 0.021066424 
553 383 25 43 0.021008547 
799 287 11 11 0.020955322 
352 330 19 34 0.020939268 
298 270 10 11 0.02079933 
804 -22 252 312 0.020731447 
173 285 19 21 0.020675194 
665 246 8 9 0.02066062 
992 259 6 7 0.020652927 
533 307 21 29 0.020652363 
407 237 7 12 0.020648321 
527 260 11 13 0.02064315 
839 243 7 9 0.020594584 
194 278 18 21 0.020533876 
408 370 23 39 0.020295702 
310 278 18 21 0.020276684 
670 287 20 22 0.020271005 
941 264 16 23 0.020081816 
402 263 11 13 0.020056028 
946 257 7 10 0.020023692 
329 300 21 23 0.020013412 
373 363 13 23 0.02001015 
