2_Demonstration_Protesters_2_260
43
581 108 81 112 0.99970156 
116 178 103 114 0.999701 
709 55 113 150 0.99818474 
947 196 20 27 0.9187075 
13 308 20 26 0.21219005 
12 319 27 33 0.08612847 
39 308 15 17 0.07321511 
986 471 21 31 0.06513468 
650 37 343 412 0.06391195 
981 179 33 47 0.05073691 
814 206 76 100 0.04853804 
975 536 16 30 0.0441142 
1003 543 17 27 0.042725105 
991 232 28 31 0.04239136 
1066 490 26 47 0.04166849 
286 618 163 285 0.03731072 
520 281 94 79 0.034318764 
238 128 287 415 0.03396427 
991 166 21 28 0.0328774 
656 567 279 459 0.03163505 
996 353 45 80 0.030518174 
981 157 20 33 0.03011453 
171 848 8 11 0.030094324 
997 203 46 62 0.028833743 
862 143 21 26 0.028181829 
820 103 42 63 0.02669383 
1076 535 19 32 0.026312815 
979 206 37 50 0.025360027 
32 300 34 41 0.024855314 
211 414 11 13 0.02413255 
272 201 155 200 0.023927392 
323 203 77 93 0.02316078 
1005 182 27 43 0.022837384 
1052 444 37 64 0.022576831 
513 489 90 131 0.022523755 
494 326 27 35 0.022079801 
272 409 25 43 0.021857826 
-4 842 174 147 0.02127443 
58 351 42 64 0.021258866 
986 551 29 65 0.020954592 
925 174 35 47 0.020645363 
1081 566 15 28 0.020489587 
316 392 40 52 0.020292139 
