2_Demonstration_Demonstrators_2_231
90
922 420 50 63 0.9995578 
39 459 56 72 0.99934405 
225 456 51 68 0.9989248 
498 413 110 172 0.9979049 
268 478 34 50 0.99275935 
979 420 19 18 0.95325696 
135 465 17 25 0.9275743 
97 471 12 15 0.5649024 
666 434 9 14 0.53318036 
1014 432 11 20 0.38460866 
274 298 263 481 0.26744476 
358 465 10 17 0.24025598 
893 448 11 19 0.17336348 
160 472 10 15 0.15673044 
409 272 54 71 0.13566409 
747 256 12 12 0.09467484 
780 16 14 28 0.094062336 
974 201 49 55 0.091793045 
671 498 19 42 0.08130166 
744 229 9 14 0.07928955 
818 182 17 21 0.078557774 
873 321 12 14 0.062022157 
131 466 34 44 0.058498003 
720 672 27 36 0.052013647 
734 545 145 180 0.050214015 
115 466 10 16 0.048720043 
94 472 19 30 0.04691785 
105 472 10 13 0.045544405 
871 361 8 14 0.044064786 
151 542 88 145 0.04404575 
387 356 18 37 0.043327596 
905 442 12 17 0.042734373 
1009 420 10 13 0.042132035 
899 445 12 16 0.041243233 
783 87 15 34 0.040078476 
137 747 35 44 0.03829024 
873 288 11 17 0.03754964 
0 213 5 19 0.037372164 
0 165 5 17 0.036257055 
5 832 7 12 0.035652597 
573 159 13 11 0.035019916 
705 284 7 14 0.03378818 
716 402 7 14 0.03264335 
1000 459 12 19 0.032638073 
-2 660 23 54 0.031666853 
715 372 7 15 0.03063267 
699 221 6 16 0.030402686 
282 577 19 26 0.030094936 
285 10 8 14 0.02973737 
781 470 10 13 0.029614495 
716 180 8 13 0.0294369 
1011 370 16 21 0.028771488 
782 236 17 26 0.028731318 
346 421 12 14 0.028599037 
1014 419 16 23 0.028007353 
356 471 10 22 0.027914273 
2 834 4 10 0.026853656 
146 470 14 17 0.026706988 
663 515 310 365 0.02656908 
185 5 20 21 0.026513882 
702 218 9 18 0.026231613 
627 416 8 11 0.026041048 
1024 431 19 32 0.025886536 
1009 376 11 10 0.02581803 
881 363 8 11 0.025700117 
590 88 89 94 0.024356827 
728 227 8 14 0.023740554 
132 476 14 23 0.023645755 
630 435 10 13 0.023620795 
817 723 22 29 0.02327131 
16 826 29 43 0.02315892 
1019 383 16 24 0.023041641 
983 403 8 10 0.022974072 
692 163 7 12 0.022799604 
912 442 9 13 0.022746004 
712 400 7 15 0.022556692 
875 551 7 9 0.022361618 
181 182 10 16 0.022225562 
830 307 11 18 0.022073073 
666 410 4 7 0.021881012 
6 763 6 8 0.021757802 
0 252 7 19 0.021204418 
555 167 11 11 0.021196956 
152 475 21 25 0.021069502 
908 425 36 47 0.02080986 
117 467 18 26 0.020465164 
666 422 8 15 0.020349247 
1032 414 15 26 0.02026135 
972 446 10 14 0.02005093 
171 177 9 15 0.020041522 
