2_Demonstration_Political_Rally_2_791
214
204 407 77 91 0.9996487 
591 32 71 90 0.9992848 
544 293 71 93 0.99875414 
652 268 67 95 0.9981463 
923 493 23 28 0.99720323 
778 364 68 84 0.99592113 
41 469 22 27 0.99399334 
396 346 63 84 0.9938905 
955 510 31 32 0.9920522 
590 480 17 29 0.99167234 
18 545 38 43 0.9875003 
330 542 41 39 0.9866831 
321 469 30 33 0.98603916 
992 517 28 37 0.9814741 
861 521 25 35 0.9805548 
403 136 58 83 0.97618663 
485 539 40 39 0.9399961 
682 518 27 41 0.8849061 
50 9 64 141 0.84891945 
653 490 25 34 0.8101161 
962 428 19 30 0.79042983 
825 543 34 40 0.68933266 
130 525 20 29 0.6804752 
394 526 33 45 0.64483243 
59 441 18 23 0.64151657 
1004 408 17 27 0.63330936 
701 516 19 38 0.60446405 
81 517 27 28 0.57795525 
1002 490 25 39 0.52422947 
956 364 17 32 0.52226675 
17 47 69 177 0.51353776 
622 494 23 31 0.45727444 
612 470 16 24 0.4417884 
961 335 16 31 0.38319826 
104 449 15 27 0.37006998 
31 459 24 32 0.34668076 
859 496 16 20 0.3325959 
16 510 21 29 0.33098277 
971 387 19 29 0.33030438 
1013 466 17 31 0.32380542 
724 516 56 56 0.31125128 
1000 340 18 30 0.30416268 
941 546 32 36 0.29677224 
946 327 11 18 0.27517712 
664 537 42 46 0.22647701 
364 541 36 41 0.18437375 
690 478 16 28 0.18404011 
947 470 11 23 0.18345101 
84 476 19 28 0.18306933 
97 483 18 32 0.17926836 
1012 340 15 28 0.16842985 
636 487 33 46 0.15682454 
305 208 42 52 0.15304802 
671 431 10 15 0.14614144 
884 513 20 35 0.14158085 
83 390 18 30 0.12506439 
304 422 36 54 0.12453395 
1017 365 14 27 0.11966715 
40 427 17 28 0.10819912 
62 428 30 42 0.091453195 
949 526 37 43 0.09054522 
987 197 20 40 0.09044493 
0 497 16 25 0.08862046 
307 384 33 60 0.087025106 
966 348 20 34 0.08127029 
474 525 27 30 0.07743942 
598 214 17 26 0.07675152 
344 365 17 26 0.07652769 
102 386 16 29 0.0759285 
982 389 17 28 0.07559029 
702 513 43 52 0.073453836 
75 367 11 18 0.073214434 
1014 486 13 20 0.065785155 
637 481 20 28 0.06531887 
603 476 17 30 0.05766206 
622 474 11 18 0.05668843 
317 439 37 51 0.056492105 
506 49 34 61 0.05644484 
961 378 19 34 0.05444626 
996 347 13 20 0.053554803 
54 517 34 36 0.053474292 
944 257 27 51 0.052820366 
641 474 12 19 0.0511326 
879 308 19 30 0.050875746 
899 503 29 40 0.049214903 
429 555 36 47 0.04873213 
646 509 29 35 0.048641365 
487 297 30 72 0.0469879 
76 485 34 40 0.045640353 
984 304 9 14 0.045263123 
502 94 18 33 0.04426965 
645 527 34 45 0.04327928 
1025 342 13 24 0.042080484 
938 348 16 25 0.041650727 
894 496 11 20 0.041635804 
618 479 18 30 0.04108498 
331 400 19 27 0.040686715 
354 512 25 31 0.040208735 
415 541 33 53 0.039685097 
1024 404 18 30 0.03893012 
687 515 15 21 0.0375141 
71 542 37 41 0.0373193 
708 466 11 20 0.03708071 
610 498 10 18 0.03624178 
638 457 36 51 0.036200687 
27 455 16 23 0.036005758 
682 450 10 17 0.035714976 
992 341 10 18 0.035677504 
986 445 17 29 0.035634756 
1013 414 17 27 0.03541879 
41 518 23 26 0.03440769 
993 394 16 29 0.034085505 
1030 330 14 25 0.03400984 
9 556 33 59 0.033862177 
906 527 36 42 0.03383147 
955 428 15 30 0.033619836 
135 535 23 40 0.033602394 
335 369 14 17 0.033489227 
377 531 26 32 0.03328103 
283 504 35 43 0.03315474 
1016 328 15 29 0.032532845 
87 526 31 41 0.031746723 
1010 335 11 19 0.031735785 
121 417 58 106 0.031486124 
1002 328 10 19 0.03122315 
339 399 31 56 0.030937696 
96 468 17 27 0.030724024 
455 14 25 45 0.030582603 
37 397 16 25 0.030559314 
1029 376 16 27 0.03042318 
43 9 10 21 0.029900098 
1022 422 21 34 0.029326536 
981 486 19 26 0.029202143 
1045 392 17 28 0.029016705 
120 419 11 20 0.028810397 
1004 477 18 29 0.028482778 
974 360 18 29 0.02802948 
80 461 20 29 0.027984047 
85 435 18 28 0.027910586 
1019 313 15 27 0.027878134 
703 447 8 13 0.027658103 
105 415 11 20 0.027571855 
327 60 19 30 0.027536724 
864 375 35 60 0.02705858 
938 479 22 28 0.02687243 
321 121 13 17 0.026819339 
73 526 28 30 0.026763612 
1007 349 17 32 0.026429795 
1031 317 13 24 0.02626592 
634 504 13 19 0.026183724 
1087 428 14 25 0.026143339 
695 458 30 45 0.026102291 
708 447 8 14 0.025922513 
1086 403 15 26 0.025820985 
329 363 37 73 0.02581187 
1005 308 8 18 0.025741044 
1001 494 50 68 0.02564576 
1016 530 42 59 0.025422627 
908 290 15 26 0.025238195 
449 543 36 47 0.025236713 
29 434 25 36 0.025213262 
881 519 12 21 0.025019703 
842 272 19 30 0.024968445 
1086 374 14 25 0.02471231 
979 338 28 44 0.024446562 
123 518 19 30 0.024427837 
1050 336 15 26 0.023904076 
1026 362 16 25 0.023561932 
976 439 12 21 0.023409499 
161 558 31 50 0.02324973 
952 265 11 17 0.023227338 
1089 455 14 24 0.023205018 
30 410 23 35 0.022911675 
139 451 8 13 0.022892615 
1017 291 16 29 0.022874163 
1015 476 26 46 0.022816198 
1052 349 14 26 0.02275817 
85 21 83 144 0.022469252 
494 374 14 22 0.022327738 
447 45 32 65 0.022280553 
796 519 66 77 0.022262191 
73 401 30 46 0.022173246 
502 528 27 25 0.022108275 
948 336 14 29 0.02204253 
105 472 11 19 0.02203625 
892 503 19 35 0.022007393 
971 299 33 47 0.021929337 
71 533 15 17 0.021711346 
113 489 17 26 0.02167175 
966 308 8 16 0.021603035 
639 519 22 30 0.021577578 
1091 481 13 25 0.021556068 
1008 528 24 33 0.021477189 
317 545 30 32 0.02134575 
935 258 8 17 0.021283155 
1011 397 18 31 0.021266678 
107 523 20 32 0.021214642 
814 358 67 88 0.021192979 
59 492 21 22 0.02079403 
879 210 46 49 0.020779554 
294 206 32 35 0.020754201 
998 411 29 47 0.020742029 
92 451 19 27 0.020687802 
713 520 21 31 0.020664036 
1030 394 16 27 0.020638915 
997 303 16 30 0.020549832 
1014 440 18 33 0.02053292 
1013 444 35 51 0.02048807 
639 541 21 40 0.020341322 
654 427 13 14 0.020302122 
37 33 22 47 0.020206744 
628 473 18 30 0.02017406 
797 531 24 36 0.020168321 
691 191 25 40 0.020054359 
