2_Demonstration_Demonstration_Or_Protest_2_395
98
800 487 114 122 0.9948697 
875 336 49 81 0.993008 
357 613 93 87 0.60603195 
975 280 57 99 0.5115706 
552 312 86 177 0.43872154 
944 249 14 14 0.29982564 
1007 255 12 15 0.27264675 
708 524 28 44 0.18284932 
22 27 18 37 0.16307883 
85 12 40 67 0.15548718 
36 20 28 53 0.13514139 
1011 276 16 24 0.12620729 
413 117 20 43 0.1251481 
757 340 44 77 0.118545614 
860 233 10 19 0.10196674 
122 15 38 65 0.10083972 
477 128 28 40 0.094960384 
973 273 23 29 0.08684473 
565 226 20 24 0.08625978 
895 229 19 26 0.08057043 
535 232 21 28 0.079770915 
968 246 22 21 0.07330171 
822 263 35 56 0.07216487 
1015 270 11 17 0.06668114 
330 576 40 50 0.066505335 
996 264 11 17 0.06498439 
339 90 10 14 0.064862706 
336 118 31 47 0.06433575 
747 619 18 31 0.06045798 
968 257 23 25 0.059632614 
412 117 11 20 0.054821514 
687 484 41 78 0.05378756 
430 208 279 372 0.053396914 
4 3 56 89 0.05003649 
833 327 12 18 0.04614241 
180 71 16 16 0.046100244 
894 263 19 27 0.04587731 
367 131 11 18 0.04531934 
829 333 62 105 0.0449965 
206 89 22 28 0.044987157 
952 272 12 18 0.04193687 
545 99 39 50 0.041910533 
985 266 19 22 0.041270185 
511 348 82 160 0.03889371 
887 234 35 47 0.03804996 
604 -114 408 400 0.037853353 
699 178 31 33 0.037615802 
728 127 272 429 0.036871467 
1001 261 11 16 0.03643451 
957 262 21 27 0.0351921 
54 210 290 426 0.03435587 
392 654 31 29 0.033390295 
925 284 19 25 0.033361945 
78 3 23 34 0.033160023 
922 304 23 28 0.032801025 
774 302 10 15 0.032103136 
545 77 14 15 0.03202772 
282 400 65 114 0.029142154 
-1 29 21 40 0.029025871 
543 127 39 51 0.028627379 
226 104 14 17 0.02815202 
719 507 24 45 0.027957378 
965 253 12 19 0.02760222 
470 109 62 79 0.027353946 
714 495 10 18 0.027346596 
-1 7 7 24 0.02715744 
1023 256 19 30 0.02700826 
735 545 22 36 0.026471635 
833 325 21 32 0.026438054 
908 311 41 52 0.025547147 
361 3 16 12 0.02520657 
914 197 10 18 0.025156662 
313 611 75 91 0.024737738 
887 265 33 48 0.024579592 
746 614 10 24 0.02428797 
384 128 17 26 0.024282351 
215 78 11 14 0.023506835 
290 435 23 46 0.023068188 
536 230 12 18 0.02294225 
918 254 13 18 0.022134086 
258 -38 337 387 0.02206166 
978 233 43 48 0.021979721 
463 104 9 14 0.021871507 
982 264 12 13 0.021807292 
490 212 13 14 0.02171849 
327 95 12 15 0.021640567 
905 387 40 58 0.021128194 
894 240 13 20 0.021007515 
387 36 10 13 0.020801166 
596 182 12 15 0.020723866 
486 124 10 15 0.02069004 
258 1 22 20 0.020658834 
860 218 34 48 0.020652715 
1017 269 24 38 0.020608319 
213 81 35 41 0.020508813 
595 83 64 114 0.020440385 
218 0 25 19 0.020316223 
39 9 52 86 0.020111756 
