2_Demonstration_Political_Rally_2_301
636
126 233 9 17 0.58078694 
46 230 14 16 0.5025781 
677 320 15 23 0.42896745 
522 261 12 14 0.37813333 
195 264 9 18 0.36580876 
607 266 9 13 0.3641046 
254 239 14 17 0.33957055 
344 255 10 17 0.31863543 
655 299 9 13 0.31615758 
336 280 10 15 0.28061047 
394 282 7 13 0.27358443 
312 260 8 13 0.20058972 
460 260 9 17 0.19385709 
644 272 10 16 0.18936329 
337 239 12 16 0.18434884 
431 259 9 14 0.18411396 
627 272 9 13 0.18123114 
552 322 11 17 0.18072763 
332 280 9 14 0.17197722 
632 273 8 12 0.16660523 
467 287 8 12 0.1633368 
412 291 9 15 0.15711929 
548 274 7 10 0.15276967 
554 263 8 10 0.14524378 
687 260 11 16 0.13057418 
547 282 8 12 0.12924647 
396 254 7 11 0.12874396 
0 240 6 16 0.11570703 
66 268 10 14 0.11380668 
395 300 5 11 0.11328796 
146 221 8 13 0.11295515 
487 243 10 11 0.112334594 
402 249 8 12 0.10942089 
650 274 7 13 0.10745492 
361 275 11 19 0.10648935 
484 316 7 11 0.10592055 
326 259 9 14 0.1057232 
300 252 9 13 0.10527776 
503 268 9 14 0.102787554 
356 234 8 12 0.10188602 
494 268 7 11 0.101871155 
572 273 9 14 0.09939416 
470 258 9 15 0.09893812 
465 258 9 15 0.09640892 
106 266 10 16 0.09613852 
484 275 7 11 0.09307655 
411 262 9 13 0.0908856 
618 267 8 14 0.08702984 
318 256 9 12 0.08403169 
407 244 6 9 0.080755785 
850 144 4 6 0.08069877 
361 266 10 16 0.080433935 
847 143 4 7 0.07809533 
498 269 6 12 0.07768029 
959 513 5 6 0.073868945 
389 243 7 9 0.07265919 
664 286 7 10 0.072322235 
588 272 8 14 0.07165031 
736 337 8 13 0.07009949 
387 249 9 14 0.0683534 
383 253 10 14 0.067354985 
240 264 9 16 0.06701405 
716 263 11 19 0.06533448 
598 279 8 14 0.065132305 
377 254 7 12 0.064494625 
182 253 8 16 0.06353355 
332 267 7 12 0.063330434 
470 250 8 12 0.06282974 
631 287 8 15 0.06270562 
212 274 8 14 0.062272858 
844 131 3 5 0.062096708 
419 282 8 13 0.061451484 
602 265 8 10 0.06128133 
659 288 8 11 0.06072316 
325 248 10 13 0.06022743 
657 316 11 16 0.059813395 
389 260 8 13 0.058814313 
407 248 7 11 0.058767483 
179 258 10 20 0.058280535 
878 490 3 3 0.056564037 
99 256 8 11 0.056320548 
847 138 3 5 0.056159824 
959 510 4 5 0.055812486 
90 244 8 10 0.05571211 
398 275 7 12 0.05536858 
639 272 8 15 0.05531374 
203 256 8 14 0.05477162 
486 270 5 10 0.054616608 
761 83 5 9 0.0543837 
476 381 11 12 0.053831156 
440 307 6 10 0.05374472 
432 394 11 15 0.05300179 
694 280 10 15 0.052365743 
410 281 16 23 0.052141584 
544 271 8 10 0.052007563 
865 491 3 3 0.05199693 
841 131 3 5 0.051576227 
794 48 4 8 0.051097162 
743 20 4 7 0.050773855 
210 261 6 12 0.05074171 
941 489 4 5 0.05050541 
150 219 7 10 0.050254047 
691 286 8 14 0.050225146 
421 311 7 13 0.05020305 
645 285 10 16 0.04982331 
858 490 3 4 0.04980445 
159 253 8 15 0.049684644 
377 278 7 13 0.04955256 
664 261 9 12 0.048776407 
473 307 7 11 0.048560057 
141 272 7 12 0.047851764 
775 60 4 6 0.04763382 
592 274 9 14 0.04749071 
224 258 4 7 0.047390338 
183 265 8 16 0.047210578 
731 2 4 6 0.047090143 
480 274 9 14 0.04691481 
500 381 8 12 0.04637861 
480 320 7 10 0.04618165 
955 509 5 6 0.046149157 
219 263 5 9 0.04600364 
612 269 9 16 0.04592737 
166 278 8 12 0.04590053 
305 255 8 11 0.045654032 
413 273 9 13 0.04543821 
351 236 9 12 0.04539896 
841 126 3 5 0.045085587 
788 2 4 7 0.045026314 
719 45 5 7 0.044763498 
779 54 4 8 0.044135902 
651 286 8 14 0.043831475 
427 308 7 10 0.04378218 
852 138 2 4 0.043507636 
47 236 17 23 0.043357126 
884 491 3 3 0.04323807 
735 8 4 7 0.043038882 
263 260 11 14 0.042782456 
628 462 9 9 0.042593166 
732 7 4 7 0.041950144 
871 490 4 4 0.041949473 
564 603 8 11 0.041917592 
594 268 7 12 0.041915398 
723 2 4 7 0.041891485 
582 273 8 13 0.041718423 
154 236 7 11 0.04169758 
500 254 8 11 0.04135137 
356 254 8 15 0.041132588 
749 43 6 10 0.041075252 
731 22 4 7 0.040807698 
470 244 8 9 0.04049566 
948 491 3 4 0.040438112 
795 8 4 7 0.040354766 
357 260 9 19 0.040176164 
845 80 3 5 0.039765444 
343 372 12 19 0.039741546 
395 268 7 11 0.03969309 
212 269 6 12 0.039519675 
230 256 6 9 0.03931991 
485 254 9 11 0.03892206 
232 250 5 10 0.038796753 
700 53 5 8 0.038563527 
748 84 4 8 0.038494524 
203 241 7 11 0.038444873 
4 249 9 12 0.03831996 
579 601 8 10 0.03819312 
948 495 3 4 0.037970714 
543 302 6 10 0.03791265 
553 271 10 13 0.037714817 
800 34 4 7 0.03767201 
368 276 9 18 0.037556358 
380 365 13 12 0.037403096 
570 285 8 13 0.037344385 
684 288 10 14 0.036764357 
789 16 3 7 0.036751542 
819 491 5 4 0.036655594 
934 497 4 4 0.03658589 
480 325 6 11 0.036527224 
788 20 3 7 0.036477543 
974 496 4 5 0.036455743 
555 596 6 8 0.03633256 
777 54 4 7 0.03631055 
789 59 4 7 0.036234558 
429 276 8 12 0.036160138 
382 281 6 11 0.036020327 
633 313 17 31 0.035903152 
866 132 3 5 0.035900507 
428 326 6 12 0.03582521 
476 306 8 12 0.035775557 
864 497 4 4 0.03569138 
839 98 4 6 0.03557407 
518 264 10 14 0.03556949 
793 52 4 6 0.035553325 
775 32 4 8 0.035536032 
795 27 4 8 0.035378642 
544 270 15 20 0.035363566 
222 263 5 9 0.035306122 
401 281 7 12 0.035164174 
758 252 11 16 0.03462405 
723 44 4 8 0.03460903 
974 509 4 4 0.03445685 
755 22 5 7 0.03442006 
348 241 9 14 0.034411777 
689 272 11 13 0.034355223 
171 281 7 11 0.03434856 
496 267 15 23 0.034346912 
781 27 4 7 0.03429996 
34 269 6 9 0.034288213 
459 285 10 14 0.034232266 
872 116 4 6 0.03392846 
844 126 3 5 0.033861388 
173 241 7 11 0.033830583 
124 220 17 25 0.033819817 
667 60 4 6 0.033682477 
699 274 10 14 0.03353208 
383 287 6 11 0.03347736 
539 299 6 11 0.03306667 
852 149 4 6 0.033020478 
890 497 4 4 0.032976065 
318 249 10 13 0.032885678 
940 485 4 4 0.03282342 
342 274 9 16 0.032632798 
763 3 4 6 0.03255104 
838 111 4 7 0.032498434 
737 39 5 8 0.03247139 
210 249 9 12 0.03243829 
689 316 8 17 0.03242296 
155 255 6 12 0.03236656 
491 256 7 9 0.03230625 
719 2 4 7 0.032172266 
762 60 4 6 0.03210733 
183 237 8 11 0.032104146 
858 137 3 5 0.032051213 
528 257 8 12 0.032003865 
885 486 3 3 0.03198607 
51 260 10 16 0.031932767 
843 73 4 6 0.031883426 
846 104 3 5 0.03180822 
736 247 9 16 0.031701628 
768 72 4 7 0.031699676 
184 244 7 10 0.031650092 
948 515 4 4 0.03161735 
37 266 7 14 0.03155929 
328 279 8 14 0.031494275 
973 515 6 6 0.03148925 
780 46 4 7 0.031297732 
834 98 3 6 0.031296734 
686 282 16 27 0.031269334 
929 504 4 4 0.031137198 
272 241 11 17 0.031021198 
328 241 15 23 0.030913701 
678 53 4 7 0.030895391 
831 137 4 5 0.03086016 
891 121 5 8 0.03075923 
354 233 6 8 0.030678432 
859 549 4 4 0.030658534 
789 35 4 7 0.03063925 
956 514 5 5 0.030530568 
179 237 7 11 0.03050051 
841 79 3 6 0.030492663 
55 245 11 18 0.030468876 
355 397 13 12 0.030457905 
494 41 3 5 0.03043858 
775 2 5 7 0.030433092 
702 384 9 11 0.03031497 
363 348 9 14 0.030262802 
878 146 6 9 0.030169616 
409 274 8 12 0.030103536 
948 510 4 4 0.030039852 
96 259 8 11 0.029995898 
769 28 4 8 0.029959248 
889 515 4 5 0.029959125 
472 265 8 14 0.02995604 
853 484 4 5 0.02988104 
847 93 3 5 0.02985299 
847 149 3 5 0.02980657 
897 503 4 4 0.029736524 
838 150 4 5 0.029734084 
929 508 5 5 0.029729543 
795 3 4 7 0.029711751 
258 242 18 21 0.02966558 
866 549 3 4 0.029618442 
730 -1 4 4 0.029604055 
554 280 9 13 0.029418575 
501 37 3 4 0.029382184 
877 486 3 3 0.029363493 
845 99 4 5 0.02935436 
191 221 8 13 0.029150251 
518 287 7 12 0.029142939 
872 542 5 5 0.029109929 
507 321 6 8 0.029107029 
839 94 4 5 0.02908731 
840 137 3 5 0.028980233 
493 305 8 13 0.028863795 
509 273 7 13 0.028826553 
710 46 4 8 0.02879148 
497 262 8 13 0.028401647 
550 315 9 15 0.028359344 
756 26 4 8 0.028355021 
480 370 9 11 0.028338991 
430 292 8 12 0.028327879 
919 268 10 11 0.028325938 
348 256 14 27 0.02827725 
347 248 10 16 0.028267553 
735 3 4 6 0.028232614 
790 53 4 6 0.028215272 
454 261 11 18 0.027959062 
866 534 4 5 0.027925855 
367 266 9 17 0.02783952 
671 317 10 20 0.02780316 
969 497 3 3 0.027798394 
908 503 4 4 0.027765319 
871 131 4 5 0.027723256 
953 466 4 4 0.027703302 
210 235 8 12 0.027701976 
392 304 6 13 0.027589604 
854 489 4 4 0.027586505 
948 503 3 4 0.027580092 
3 242 8 12 0.02752258 
954 478 4 4 0.027458234 
539 274 8 12 0.027443688 
430 251 6 9 0.027392821 
272 252 11 17 0.027366322 
822 85 4 7 0.02732627 
86 264 9 10 0.027307693 
670 286 8 11 0.027262708 
550 290 8 13 0.027245672 
851 466 4 4 0.027215568 
834 94 3 5 0.0271476 
960 503 4 4 0.027146623 
395 244 6 10 0.027140787 
415 250 6 9 0.027020266 
295 248 8 14 0.026977813 
0 233 4 11 0.026976688 
839 145 3 5 0.0268709 
218 258 6 9 0.026866598 
934 503 4 4 0.026859464 
942 503 4 5 0.026716722 
352 278 7 13 0.026663754 
22 235 10 12 0.026632633 
312 248 10 14 0.026629185 
834 150 4 6 0.026627554 
403 301 6 10 0.026623756 
902 127 5 9 0.026612692 
554 286 8 12 0.026594393 
852 86 3 5 0.026581688 
795 33 4 7 0.026544617 
897 497 4 4 0.026496157 
619 287 6 13 0.02647032 
139 234 8 15 0.026389832 
794 15 4 7 0.02635373 
677 288 8 11 0.02633937 
846 497 4 5 0.026330354 
850 92 4 6 0.026217481 
788 40 4 6 0.026168076 
776 28 3 8 0.026149103 
369 259 8 15 0.026129657 
955 503 3 5 0.026095692 
392 295 7 13 0.026090251 
884 510 4 4 0.026053436 
567 607 7 9 0.026043493 
897 514 6 5 0.02593688 
486 261 7 10 0.025875801 
718 54 4 7 0.025860757 
776 -2 3 5 0.02585477 
936 491 3 4 0.025826123 
196 254 10 18 0.025806122 
731 53 4 7 0.025713116 
589 264 5 8 0.02570123 
882 113 6 11 0.025692038 
44 241 9 13 0.025679497 
534 386 9 12 0.025578765 
413 257 8 12 0.025504466 
768 3 4 6 0.025502503 
132 216 11 13 0.025494806 
590 260 4 6 0.025494477 
432 255 16 24 0.025446681 
770 61 3 6 0.025365192 
737 15 3 6 0.025331404 
935 509 4 4 0.025321083 
852 470 4 4 0.025298497 
158 274 9 12 0.025274463 
436 314 7 10 0.025271798 
659 74 4 7 0.02526266 
980 528 5 5 0.025197675 
872 486 3 3 0.025021588 
596 265 5 8 0.025006521 
498 294 6 10 0.024922857 
853 112 3 5 0.02488167 
840 241 12 13 0.024797605 
790 48 3 7 0.024731517 
862 414 33 45 0.024721557 
543 293 7 11 0.024702491 
481 46 4 7 0.024701165 
737 33 5 8 0.024694737 
677 60 6 8 0.024691818 
903 497 4 4 0.024687067 
839 116 4 7 0.024644174 
866 136 3 5 0.024635145 
491 280 8 12 0.024627931 
865 164 4 5 0.024589526 
839 105 3 5 0.024570648 
878 131 3 5 0.024554685 
903 503 5 4 0.024540396 
898 509 5 5 0.024540178 
783 22 3 6 0.024539096 
675 54 4 6 0.024472907 
68 257 7 9 0.024459762 
128 283 17 27 0.024413003 
154 261 6 12 0.024374465 
770 66 3 7 0.024360849 
663 298 8 14 0.024352375 
443 254 19 28 0.024295045 
936 515 5 4 0.02426318 
166 226 4 7 0.024255944 
728 349 9 13 0.02423547 
667 54 4 6 0.024219198 
852 125 4 5 0.024193166 
561 268 7 11 0.024136506 
789 7 3 6 0.024126116 
88 250 15 22 0.024120176 
221 293 6 12 0.024107061 
292 261 9 15 0.024081845 
569 591 5 6 0.024040112 
699 58 5 8 0.024034387 
729 247 10 15 0.024025764 
890 485 4 3 0.024022778 
204 250 7 12 0.024014989 
732 15 3 6 0.023992183 
217 268 5 9 0.023984382 
813 104 4 6 0.023958065 
712 73 3 6 0.023871105 
686 342 9 15 0.023837246 
510 395 11 15 0.023834927 
827 132 4 5 0.02382825 
853 106 3 5 0.023809774 
596 547 4 5 0.02379596 
230 244 7 11 0.023785 
859 497 3 4 0.023762014 
738 47 4 7 0.02372082 
758 83 4 8 0.023720343 
656 293 15 24 0.023692152 
401 269 7 11 0.023654323 
891 478 3 3 0.023634078 
507 36 3 5 0.023600105 
865 486 3 3 0.023584157 
834 80 3 6 0.023574509 
834 144 4 5 0.02356119 
536 366 8 13 0.023501156 
122 275 8 12 0.023496332 
835 104 3 6 0.023481555 
232 233 5 8 0.023447094 
800 536 5 4 0.023441331 
667 65 5 7 0.02342703 
954 496 4 4 0.023345713 
863 503 4 3 0.023328977 
703 58 5 8 0.02326637 
608 567 4 6 0.023253718 
428 266 10 14 0.023249384 
510 319 6 10 0.023185425 
782 41 4 7 0.023166606 
858 478 4 4 0.023153907 
724 15 4 7 0.023141207 
378 268 6 12 0.023106754 
807 52 4 8 0.023093749 
792 291 17 25 0.023087736 
749 34 4 6 0.023075705 
632 601 7 13 0.02307279 
841 68 4 5 0.023064228 
711 7 4 7 0.023059443 
853 55 3 5 0.023059117 
555 591 6 8 0.023031443 
941 472 4 3 0.022941872 
435 306 8 11 0.022906119 
658 273 7 12 0.022905849 
241 255 9 14 0.022853494 
73 274 9 11 0.022849869 
877 516 3 4 0.022830458 
737 21 3 6 0.02281459 
420 276 8 13 0.022814246 
498 301 7 13 0.02280405 
674 59 4 7 0.02275267 
859 503 4 4 0.022747802 
686 26 4 6 0.022725338 
974 491 4 4 0.022724183 
653 59 4 8 0.02271144 
883 496 4 5 0.022696346 
770 53 4 7 0.022696037 
878 496 3 5 0.022677986 
780 58 4 7 0.022656025 
974 503 3 4 0.022644967 
470 307 5 10 0.022633454 
865 541 4 5 0.022613648 
706 92 4 6 0.022599341 
847 466 4 4 0.022592107 
383 269 6 10 0.022577196 
400 254 7 10 0.022511818 
80 595 12 15 0.022508672 
468 260 17 27 0.02249998 
738 110 4 7 0.022490911 
942 497 3 3 0.022490116 
890 510 4 4 0.022489233 
59 258 15 25 0.022483546 
127 217 9 12 0.022478761 
776 79 4 6 0.022400992 
38 228 9 15 0.022378396 
562 305 7 11 0.022348372 
737 53 5 7 0.022347366 
873 503 3 4 0.022266261 
770 91 4 8 0.022260832 
645 73 5 8 0.022247523 
755 258 10 16 0.022240542 
339 260 7 13 0.022226132 
813 491 5 4 0.022185018 
679 245 5 7 0.0221643 
530 396 21 24 0.022145608 
841 86 3 5 0.022111494 
674 239 5 7 0.022071132 
498 252 16 22 0.022064338 
917 503 4 3 0.022038652 
769 -1 3 4 0.022021936 
400 282 14 23 0.02200703 
403 292 6 13 0.02197839 
1017 593 17 27 0.021963987 
979 496 3 5 0.021936031 
342 284 7 13 0.021918973 
891 491 3 3 0.021915697 
846 86 3 4 0.021898143 
189 253 14 27 0.021882221 
857 485 4 4 0.0218684 
828 136 4 6 0.021847527 
885 541 4 5 0.021832325 
164 249 7 12 0.021799797 
370 290 9 19 0.021787599 
347 300 5 10 0.021787243 
390 289 12 24 0.021761095 
942 465 4 4 0.021741154 
750 15 3 7 0.021735804 
978 515 5 5 0.021728523 
788 27 3 7 0.021724379 
859 106 3 5 0.021676436 
852 80 4 5 0.021675203 
603 258 5 8 0.021662021 
681 47 4 7 0.021643734 
812 79 5 8 0.021633381 
718 7 4 7 0.021618338 
853 133 2 4 0.021612449 
130 235 10 18 0.021608299 
710 27 3 7 0.021598553 
697 98 4 7 0.02157961 
652 49 5 6 0.021537649 
199 289 5 10 0.021536663 
176 281 7 11 0.021534037 
981 542 4 4 0.021514254 
762 548 4 3 0.021512574 
775 65 3 7 0.02148809 
835 111 4 7 0.021484872 
308 218 5 8 0.02145999 
391 247 14 20 0.021450229 
63 255 8 13 0.021428268 
179 271 8 13 0.021425866 
763 -1 3 3 0.02142279 
90 256 7 10 0.021394132 
777 7 3 7 0.021350356 
763 21 4 8 0.021338265 
776 46 4 7 0.021336377 
680 250 5 7 0.021326797 
884 549 4 4 0.021325264 
723 110 5 8 0.021306641 
200 244 5 9 0.02130658 
61 244 7 11 0.021302994 
94 269 6 9 0.021287099 
500 41 3 5 0.021210128 
416 313 7 11 0.021207813 
859 117 3 6 0.021185175 
620 281 5 11 0.021182442 
799 28 4 7 0.021167684 
878 502 4 5 0.021159038 
853 478 4 4 0.021159017 
866 529 4 5 0.021112481 
512 380 8 10 0.021040533 
751 9 5 7 0.020991547 
954 490 4 4 0.020985518 
213 220 441 313 0.020970726 
878 116 6 8 0.020933468 
864 478 4 3 0.020930372 
309 212 5 7 0.020929163 
871 137 4 5 0.020927845 
474 66 3 5 0.020919692 
930 497 4 4 0.020827271 
468 275 14 24 0.020811465 
191 214 7 10 0.020798555 
564 590 5 7 0.020793732 
770 46 4 8 0.020764496 
754 8 4 7 0.020746045 
972 457 5 7 0.020740816 
872 516 4 4 0.020734789 
558 324 9 15 0.020726314 
484 346 8 11 0.020667093 
473 321 7 9 0.020662408 
935 478 4 3 0.0206433 
885 515 4 5 0.020606356 
968 504 3 3 0.020605942 
309 209 4 5 0.020526921 
287 214 5 6 0.020516247 
559 268 17 23 0.020477671 
686 97 5 7 0.020461861 
781 33 4 7 0.02045365 
858 144 4 6 0.020424664 
852 66 3 5 0.020420969 
967 521 5 4 0.020407772 
718 0 4 4 0.02037183 
967 509 4 4 0.020364055 
745 226 5 7 0.020339062 
512 35 3 5 0.02030605 
627 290 8 15 0.020305878 
492 293 7 11 0.02030002 
314 265 90 101 0.020207167 
870 144 5 7 0.02020127 
638 294 7 12 0.020187853 
505 294 6 11 0.020187201 
425 276 16 22 0.020181539 
222 239 7 10 0.020174848 
495 37 2 4 0.020138124 
839 54 3 6 0.020125234 
610 535 4 5 0.020122413 
711 4 4 5 0.020113708 
700 71 4 8 0.020105477 
901 509 5 5 0.02010082 
798 7 6 9 0.020091906 
851 498 4 4 0.020075584 
742 46 5 8 0.020073535 
215 249 8 11 0.020060303 
725 -1 4 5 0.020051995 
859 542 4 4 0.020036684 
404 241 6 8 0.02002306 
935 522 7 6 0.020014418 
