2_Demonstration_Demonstrators_2_195
48
690 68 111 120 0.9997172 
391 178 64 112 0.99827003 
325 189 57 84 0.9854537 
285 220 26 47 0.73999625 
46 220 24 24 0.43130243 
994 43 18 28 0.14398775 
75 266 10 13 0.111360766 
541 255 46 39 0.055384796 
317 42 19 25 0.050801415 
916 521 9 15 0.04873021 
536 48 11 16 0.046921503 
514 0 33 39 0.045200918 
790 35 12 14 0.041653365 
4 334 10 19 0.041628648 
849 22 37 40 0.03896024 
423 10 9 11 0.037641373 
61 358 11 17 0.036759663 
39 229 31 43 0.034946192 
73 261 19 26 0.034557503 
962 482 93 133 0.033160213 
291 248 24 32 0.031779848 
157 240 82 125 0.029278122 
963 546 11 18 0.029237892 
912 560 14 17 0.028599685 
7 266 7 16 0.02798573 
799 702 10 19 0.027525598 
466 167 32 43 0.026772197 
925 184 76 137 0.026281238 
552 111 92 101 0.025730405 
427 16 7 10 0.025425393 
355 40 9 11 0.02463966 
634 117 6 7 0.023862787 
290 221 14 22 0.023824822 
346 278 41 44 0.023651227 
23 289 29 59 0.023497913 
258 258 13 19 0.02328392 
1028 70 18 34 0.022380553 
980 38 16 31 0.022047158 
263 390 26 29 0.021941576 
394 18 8 11 0.020944696 
393 23 9 12 0.020895652 
4 302 9 18 0.020829543 
1023 57 18 31 0.020664833 
986 392 76 113 0.02055861 
415 27 74 110 0.020375915 
402 15 10 12 0.020316623 
5 262 15 30 0.02030174 
386 24 11 12 0.020071695 
