2_Demonstration_Demonstrators_2_689
51
128 309 35 61 0.99783045 
354 320 64 86 0.99164635 
187 260 30 52 0.9822583 
257 227 19 26 0.9653377 
298 253 27 37 0.7792225 
214 207 21 28 0.77626836 
175 231 17 27 0.71789753 
150 234 15 25 0.6955729 
51 261 16 22 0.5802526 
88 234 15 24 0.5241945 
350 196 18 27 0.43647817 
314 209 21 26 0.3876381 
2 247 18 25 0.3794903 
935 231 29 69 0.28911555 
39 238 14 17 0.20257792 
38 207 16 16 0.126276 
97 273 24 38 0.122706555 
425 424 20 40 0.11162466 
447 410 23 47 0.111047976 
873 207 32 68 0.09209019 
312 237 40 53 0.08712838 
457 365 22 47 0.08505642 
976 591 38 46 0.07913228 
294 228 20 33 0.07000834 
318 219 27 36 0.06952977 
392 336 41 73 0.06789164 
946 216 20 52 0.059675068 
513 569 51 52 0.0487008 
425 359 32 62 0.045472547 
45 215 12 15 0.040659573 
84 274 21 39 0.036231965 
81 231 11 21 0.036086228 
72 229 12 21 0.036072988 
386 175 19 30 0.035174638 
303 215 26 38 0.032169703 
582 145 41 52 0.031547092 
911 224 39 72 0.03130077 
99 237 10 19 0.031260043 
335 253 24 33 0.027603103 
86 224 14 22 0.026846124 
319 192 32 46 0.026542246 
44 231 14 20 0.026321573 
230 210 11 20 0.025549453 
345 195 12 17 0.024597762 
326 217 14 21 0.023166431 
13 376 71 86 0.02237634 
160 237 19 33 0.022214733 
461 330 10 11 0.021612054 
863 638 9 16 0.021412797 
910 576 24 29 0.021364849 
25 734 379 373 0.020183612 
