2_Demonstration_Political_Rally_2_641
55
430 178 48 67 0.9997875 
9 145 43 59 0.99976856 
115 125 50 71 0.9992391 
202 135 44 52 0.99904066 
570 158 56 72 0.99834025 
648 154 35 64 0.9980393 
517 158 41 65 0.997104 
294 138 46 68 0.9925755 
720 161 39 72 0.9911357 
815 155 34 56 0.9760879 
906 142 30 61 0.791173 
839 141 30 55 0.66540205 
999 198 39 78 0.38089183 
533 88 35 51 0.30552518 
945 171 27 55 0.28897908 
536 119 19 29 0.21951565 
341 225 41 54 0.1959866 
46 436 30 46 0.17981896 
175 130 35 52 0.15022267 
607 140 36 59 0.13572347 
412 160 20 32 0.12781146 
961 186 23 36 0.118996985 
-1 188 21 44 0.11030328 
656 446 23 44 0.0970819 
487 204 33 49 0.09437262 
167 145 22 33 0.09036062 
920 154 32 62 0.08390248 
480 206 23 34 0.06525174 
0 414 12 36 0.063758045 
440 51 32 50 0.06258552 
208 427 19 39 0.05196186 
743 169 34 60 0.047669444 
415 127 38 54 0.046517994 
256 434 22 32 0.044573657 
278 170 47 58 0.04280324 
865 137 37 65 0.042057503 
335 188 41 61 0.04149392 
312 202 75 100 0.037674773 
312 170 42 61 0.036887765 
705 163 32 63 0.03447984 
313 124 23 42 0.03261419 
449 55 12 17 0.030125322 
494 224 34 51 0.029334923 
627 136 36 64 0.028539708 
992 219 27 52 0.027331995 
401 155 38 57 0.02610994 
361 229 12 14 0.02379046 
793 160 33 54 0.023749398 
437 38 12 17 0.023729917 
366 198 33 49 0.023522066 
534 125 37 60 0.023461096 
0 411 6 18 0.021432038 
429 25 23 31 0.020416744 
435 42 21 30 0.020272307 
974 196 12 21 0.02008375 
