2_Demonstration_Protesters_2_117
18
239 299 120 129 0.9992042 
725 314 83 79 0.9860093 
64 279 302 455 0.82321495 
742 347 50 72 0.05138783 
572 191 40 74 0.045318384 
467 120 23 23 0.03899424 
608 89 29 25 0.038639553 
637 91 27 22 0.038052704 
983 436 14 12 0.031654775 
461 453 86 100 0.025442826 
226 -22 170 164 0.024545088 
50 525 16 16 0.023983233 
734 711 12 16 0.02252505 
342 -3 172 179 0.022487886 
993 479 12 10 0.02224569 
3 559 11 12 0.022156853 
113 241 22 27 0.02182226 
429 299 376 348 0.021129651 
