2_Demonstration_Political_Rally_2_609
546
158 145 27 37 0.9988273 
808 545 22 27 0.998135 
769 564 20 32 0.9916385 
635 393 16 17 0.98418486 
942 375 14 19 0.97130257 
677 402 12 17 0.96411216 
129 260 77 113 0.96278995 
911 432 13 18 0.95307493 
383 401 14 16 0.94309825 
759 322 11 16 0.9323482 
750 372 11 16 0.9278444 
511 340 12 15 0.91295207 
642 349 12 18 0.90807855 
713 407 10 15 0.9011749 
757 451 15 17 0.9010147 
967 348 17 18 0.87561995 
965 451 14 17 0.8728574 
691 413 14 16 0.86069196 
996 351 18 17 0.8583554 
791 437 13 19 0.85462123 
321 372 13 17 0.846212 
889 458 14 22 0.84186727 
772 411 11 15 0.828477 
665 321 11 14 0.824981 
741 402 10 16 0.82424885 
555 363 13 16 0.8159366 
889 550 18 25 0.81265056 
903 476 14 18 0.7906764 
649 330 10 15 0.7859001 
994 467 11 19 0.7812132 
671 350 9 15 0.7691169 
409 419 13 13 0.7594775 
709 387 11 15 0.7495327 
420 391 13 15 0.74725837 
722 426 12 17 0.7419355 
461 366 12 14 0.7415664 
923 492 17 21 0.72372127 
390 363 12 14 0.72321886 
983 491 17 19 0.71471345 
848 557 19 26 0.70365727 
744 475 14 19 0.70269704 
428 544 43 44 0.69951284 
821 406 12 17 0.69921184 
753 506 12 16 0.6923161 
728 515 20 23 0.68625164 
440 407 14 15 0.6803938 
854 521 13 18 0.67193884 
701 286 11 18 0.6583361 
477 410 13 16 0.6528488 
412 440 15 12 0.64389414 
489 390 15 16 0.64321536 
783 465 15 17 0.636925 
449 344 10 13 0.6268216 
471 342 12 16 0.6266719 
995 377 16 22 0.6121062 
609 327 11 13 0.58208543 
773 495 16 16 0.5767004 
536 342 10 13 0.56282043 
879 362 12 17 0.5607865 
613 367 9 15 0.560347 
345 360 9 15 0.5350419 
886 391 12 16 0.53468126 
744 539 19 24 0.5299881 
454 388 12 13 0.51227957 
588 387 13 22 0.49186355 
801 297 10 14 0.4871194 
772 297 10 14 0.4837082 
304 362 11 13 0.47637513 
821 458 12 18 0.46575323 
812 450 10 15 0.44498542 
393 335 10 13 0.44361562 
852 486 13 19 0.43036216 
860 621 13 15 0.41326755 
911 509 19 19 0.41160867 
358 385 9 15 0.40201902 
493 342 10 14 0.40046024 
719 461 14 18 0.38518894 
869 418 13 17 0.38163677 
555 323 12 17 0.3769631 
939 466 14 15 0.36996245 
644 431 14 14 0.35846394 
714 327 8 16 0.35028705 
938 573 16 24 0.3469979 
750 616 20 31 0.34097055 
719 298 9 15 0.33022082 
853 394 11 18 0.33013666 
899 599 12 20 0.31167844 
805 281 10 13 0.30791044 
964 411 18 20 0.30511707 
553 346 11 15 0.3019011 
599 322 11 14 0.29625228 
618 430 13 14 0.29291147 
433 392 11 14 0.28858367 
941 525 16 18 0.27994865 
840 388 11 17 0.2798842 
814 328 13 18 0.27876878 
414 358 11 13 0.27295312 
790 386 11 17 0.26254678 
354 325 8 12 0.2529426 
543 320 13 16 0.24450359 
826 433 9 15 0.23539224 
716 476 11 18 0.23473112 
383 348 10 14 0.23365696 
866 476 14 18 0.23054408 
965 620 15 22 0.22686785 
901 359 11 16 0.21554981 
837 478 9 14 0.21511799 
483 408 12 15 0.21184927 
727 316 10 19 0.20840485 
843 424 11 17 0.20663983 
904 514 13 16 0.20187062 
598 343 11 13 0.20007041 
429 291 9 14 0.1893905 
771 526 12 17 0.18776806 
1015 477 11 20 0.17873757 
498 365 12 16 0.16116773 
440 335 10 12 0.1602259 
437 433 14 12 0.15908124 
713 429 16 19 0.15354867 
686 498 13 16 0.15067258 
351 428 11 17 0.14985251 
755 301 10 16 0.14799547 
329 336 8 12 0.14623912 
387 446 14 15 0.14556122 
754 281 10 16 0.14531766 
695 358 11 18 0.14237843 
533 403 12 15 0.1413812 
770 598 22 30 0.13920303 
947 508 13 15 0.13211453 
477 324 10 13 0.1300206 
223 392 54 51 0.12768477 
742 290 10 15 0.12573339 
830 475 11 16 0.12504162 
493 299 9 14 0.12389792 
390 292 8 13 0.12222474 
533 350 14 18 0.12091041 
496 303 10 16 0.11778306 
797 405 11 17 0.1170084 
675 371 12 17 0.11501134 
244 331 29 24 0.114180356 
381 458 11 15 0.11359654 
957 480 12 16 0.1124132 
350 341 9 14 0.11141099 
334 355 8 14 0.11066431 
710 426 11 15 0.10848417 
614 448 22 22 0.10821275 
914 333 14 17 0.10734728 
823 353 11 20 0.10619884 
848 443 11 18 0.09960865 
808 358 11 15 0.099046834 
382 317 10 12 0.097786814 
667 298 11 13 0.09731421 
419 305 9 14 0.096833974 
860 479 14 22 0.09470174 
847 610 13 17 0.09128418 
377 374 9 14 0.09062209 
365 312 9 11 0.089687645 
511 516 33 46 0.087023444 
879 340 12 16 0.08660189 
475 526 14 19 0.08503362 
614 470 15 14 0.084730856 
594 418 11 17 0.08365943 
757 416 10 16 0.082990505 
309 441 11 16 0.08211502 
289 356 10 12 0.0813186 
445 338 10 12 0.07783051 
866 521 16 21 0.07728944 
619 297 12 16 0.07653528 
772 316 10 16 0.07626795 
790 526 16 15 0.073572196 
361 344 8 12 0.07267245 
397 279 9 12 0.0726675 
703 316 9 14 0.072019875 
250 170 6 8 0.07028766 
847 645 15 15 0.06994311 
767 494 13 15 0.069844104 
950 538 20 26 0.069762304 
859 367 11 16 0.067959934 
576 439 20 21 0.066195294 
453 447 13 14 0.06587711 
765 318 10 16 0.064329535 
780 313 9 14 0.063819304 
574 392 11 15 0.063798405 
860 347 11 15 0.06372913 
389 545 43 39 0.063212715 
816 294 9 13 0.063101985 
788 502 12 15 0.06298524 
407 310 8 14 0.06296451 
304 324 10 13 0.061413348 
396 284 8 13 0.061055608 
702 327 8 16 0.060417607 
457 304 12 16 0.06024742 
739 302 10 16 0.060239714 
905 657 11 15 0.059977677 
614 434 20 22 0.059642237 
535 317 10 14 0.05800531 
920 404 13 17 0.05749359 
355 376 11 16 0.057050023 
456 424 12 15 0.056653354 
993 333 15 15 0.056334004 
618 343 11 16 0.05632233 
809 426 10 15 0.056005683 
77 197 138 222 0.05535519 
747 284 9 17 0.05526954 
976 310 15 15 0.055155635 
450 351 12 16 0.05478828 
407 293 9 14 0.054606546 
614 388 11 14 0.05340263 
906 501 12 14 0.05323288 
401 347 9 15 0.053082913 
626 336 11 16 0.052966423 
931 539 11 17 0.05295396 
440 279 8 11 0.051645327 
751 274 11 15 0.050732065 
739 432 10 13 0.050614867 
650 409 13 17 0.04833315 
355 402 10 14 0.048332725 
415 380 11 12 0.047870707 
130 236 31 33 0.047493607 
539 360 11 17 0.04710427 
669 517 30 52 0.047098547 
1055 494 12 20 0.04670883 
701 514 10 19 0.046394393 
695 428 12 17 0.046387427 
385 438 14 15 0.045862336 
581 355 12 16 0.04584734 
480 387 12 15 0.045524843 
388 342 11 14 0.044973336 
702 432 10 15 0.04493029 
515 316 10 15 0.04488875 
433 411 12 13 0.044742826 
391 370 13 17 0.04379852 
727 549 34 44 0.043681454 
993 488 11 17 0.04348749 
325 538 34 36 0.043336466 
1066 450 15 26 0.043036073 
564 450 15 13 0.04246521 
426 328 9 13 0.04233037 
955 526 14 17 0.042219833 
492 306 9 17 0.04199708 
897 467 15 22 0.04192535 
646 436 17 17 0.041819524 
759 569 20 31 0.041727092 
624 401 10 15 0.041645516 
345 341 9 14 0.041601956 
787 320 9 17 0.04075302 
1016 182 9 14 0.040346384 
941 513 18 22 0.040219713 
1071 474 14 25 0.040175967 
366 317 10 14 0.039861873 
1072 374 18 30 0.0397575 
617 177 8 11 0.039723445 
1054 470 11 19 0.03956541 
341 393 10 14 0.03945052 
432 287 9 13 0.0390786 
548 428 9 13 0.039038505 
299 377 11 12 0.039011754 
1015 410 11 18 0.03892054 
501 309 10 14 0.038886383 
839 633 35 40 0.038836177 
539 403 13 17 0.038776368 
393 295 9 14 0.038710475 
603 408 12 18 0.038656767 
773 470 11 14 0.038262744 
471 379 10 14 0.037795063 
844 519 20 26 0.03755537 
996 143 8 13 0.03752929 
791 314 15 24 0.03747224 
897 540 15 19 0.03741253 
844 483 14 23 0.037312936 
875 393 11 15 0.03722636 
362 390 9 16 0.036964394 
1055 484 11 18 0.036780294 
721 325 9 19 0.03662199 
932 635 11 14 0.036491234 
670 457 13 17 0.036197443 
1061 423 18 30 0.036173437 
745 513 15 21 0.03607671 
987 568 14 18 0.03601193 
1066 398 18 29 0.035986397 
791 412 12 16 0.035762604 
854 443 10 17 0.035761937 
1077 503 13 24 0.03569489 
590 436 12 20 0.0356259 
422 342 10 13 0.035527512 
957 348 12 15 0.03531469 
381 432 14 14 0.034983803 
355 336 9 14 0.034981735 
463 308 11 15 0.034652576 
484 322 10 14 0.0344725 
629 233 10 17 0.03442147 
757 366 11 19 0.034308903 
211 370 46 54 0.034040786 
572 366 11 15 0.033992123 
570 444 15 14 0.033946976 
856 551 20 24 0.033844747 
888 600 19 24 0.033686996 
687 385 12 17 0.033550274 
651 305 10 14 0.03327431 
816 307 12 18 0.033043843 
815 317 13 19 0.032775197 
433 438 13 11 0.03275443 
860 377 12 18 0.032591186 
867 551 14 18 0.032584455 
516 298 9 12 0.032434687 
458 -175 421 547 0.032433007 
383 450 12 17 0.03237251 
766 559 13 22 0.03231496 
310 397 11 15 0.032309726 
558 343 12 14 0.032176226 
747 580 18 28 0.0321085 
308 367 11 14 0.03186313 
633 348 9 14 0.031794198 
490 316 10 16 0.031683605 
787 273 9 13 0.031614155 
792 530 17 26 0.03158821 
933 360 13 18 0.03150878 
711 440 14 17 0.031484038 
556 439 33 37 0.031467438 
473 272 11 14 0.031386547 
844 435 10 18 0.03132652 
124 246 51 73 0.031270433 
554 445 14 14 0.031164873 
427 375 11 12 0.031115312 
671 378 12 15 0.030964382 
448 482 18 13 0.030828355 
568 489 9 12 0.0307626 
648 339 11 17 0.030641826 
977 137 8 14 0.03054759 
282 384 13 13 0.03048522 
1053 442 13 21 0.030471323 
830 321 10 18 0.030319225 
1049 349 14 22 0.030227344 
732 319 11 20 0.03021572 
350 405 11 14 0.03015943 
1084 220 11 20 0.03010404 
338 359 9 15 0.030048363 
1034 474 12 20 0.03000853 
981 432 12 21 0.029971512 
1000 473 10 17 0.029797457 
758 608 21 29 0.029664237 
1008 414 12 18 0.029569212 
496 356 13 16 0.029416097 
1051 364 14 21 0.02939412 
370 357 10 13 0.029351018 
574 405 11 15 0.02934238 
732 333 10 18 0.029326428 
1050 198 13 21 0.029321825 
-17 358 306 378 0.029291058 
876 369 11 18 0.029164907 
916 500 16 17 0.029043388 
547 419 10 12 0.029027127 
995 568 12 18 0.028906569 
992 342 18 19 0.0288037 
930 651 12 19 0.028784974 
591 303 11 14 0.02871563 
719 263 11 17 0.02866679 
571 343 11 14 0.028654031 
1046 151 10 17 0.028639376 
1056 139 9 17 0.028605321 
1049 375 15 23 0.028602745 
1039 103 14 24 0.028411258 
1052 187 11 19 0.028407883 
994 478 11 19 0.0282707 
1054 456 12 20 0.028202496 
842 362 10 16 0.028187012 
842 297 11 16 0.028163845 
515 399 12 13 0.028065993 
1019 107 6 10 0.027964823 
1054 122 10 19 0.027825212 
1019 113 6 11 0.027758235 
799 348 8 13 0.027722063 
1032 483 13 22 0.027622465 
430 446 15 11 0.027614204 
586 335 10 13 0.027608046 
1054 177 9 16 0.027499152 
496 293 9 14 0.027284227 
1017 272 17 23 0.027229711 
662 310 17 20 0.02711307 
444 519 37 54 0.027088568 
255 185 6 8 0.027025081 
1019 120 6 10 0.026899157 
452 284 10 12 0.026766898 
467 406 10 15 0.026635887 
656 346 11 17 0.026393889 
550 439 8 13 0.026308909 
555 597 48 51 0.026265299 
531 447 10 14 0.026246719 
297 291 9 13 0.026201732 
483 373 11 14 0.026152434 
804 364 11 18 0.026108442 
546 313 12 14 0.025932001 
402 290 9 15 0.025760284 
870 648 17 16 0.025728635 
670 444 11 16 0.02567364 
827 460 11 18 0.025658002 
603 461 24 26 0.02563963 
890 388 13 15 0.025627913 
214 372 12 23 0.025598174 
874 346 12 16 0.025497437 
847 428 15 24 0.025326068 
349 364 10 16 0.025262026 
566 361 13 16 0.025250563 
1051 425 13 23 0.025216086 
446 272 10 12 0.025164517 
931 387 11 15 0.025161384 
1053 151 10 17 0.025150646 
-3 474 84 160 0.025109215 
1050 104 13 23 0.02509643 
263 370 12 12 0.02505064 
477 375 11 14 0.025035504 
697 294 9 16 0.025030598 
569 409 9 12 0.024963595 
355 477 13 14 0.024912193 
261 334 15 16 0.024899276 
804 477 11 15 0.024895491 
790 422 13 20 0.024879746 
520 366 11 18 0.024826001 
849 546 11 18 0.02479575 
32 350 13 24 0.024608515 
1012 121 6 9 0.024546057 
456 441 11 12 0.024526073 
471 400 12 17 0.024461536 
491 366 11 16 0.0243439 
276 396 13 12 0.024310818 
458 505 33 48 0.024305975 
645 363 10 16 0.024266228 
934 533 18 23 0.024181236 
1011 116 6 8 0.02413279 
879 416 137 150 0.02411324 
1031 330 14 21 0.024015287 
1012 184 8 11 0.024004899 
605 355 10 15 0.023990499 
1035 157 10 16 0.023947524 
597 380 10 18 0.023909986 
689 299 9 13 0.023908246 
886 366 11 16 0.023898784 
1077 523 17 27 0.023876011 
414 299 8 11 0.023814604 
677 376 16 22 0.023812933 
478 423 13 16 0.023797557 
799 317 16 24 0.023694718 
625 418 13 17 0.023683831 
514 413 13 14 0.023668084 
448 486 23 20 0.023628764 
810 458 11 18 0.023590835 
262 173 6 7 0.023548095 
823 371 12 20 0.023521386 
676 342 10 18 0.023496209 
585 376 14 18 0.023446636 
579 411 11 16 0.023324402 
255 171 7 9 0.023324208 
683 302 10 14 0.023300609 
483 394 18 21 0.023282895 
1097 210 7 13 0.023238167 
503 321 10 16 0.023168886 
651 444 15 15 0.023154117 
1050 511 17 27 0.023152066 
301 477 23 21 0.023149958 
440 434 20 19 0.023129757 
403 305 9 14 0.02306601 
848 475 12 18 0.023052895 
464 145 8 10 0.023022264 
848 637 14 14 0.022873385 
866 564 13 15 0.022825003 
795 297 8 13 0.022781285 
1041 200 12 20 0.022737408 
1053 164 9 16 0.022701835 
1030 64 13 23 0.022691732 
713 499 13 16 0.022637775 
734 310 10 17 0.02263418 
848 616 19 22 0.022631072 
530 319 10 17 0.022627886 
914 516 18 27 0.022623552 
831 133 8 12 0.02261949 
433 356 10 13 0.022560349 
708 312 9 16 0.022419978 
951 511 18 21 0.02235204 
1036 463 10 18 0.022271274 
1032 654 17 27 0.022254167 
1032 181 13 21 0.022253968 
363 398 9 15 0.022187775 
900 386 12 16 0.02216935 
819 358 9 16 0.02211034 
1083 353 15 28 0.022089925 
330 411 11 13 0.02208012 
651 276 12 18 0.02202089 
70 474 163 190 0.02197486 
529 358 13 19 0.021950906 
540 410 18 24 0.021948585 
702 380 13 16 0.021910597 
342 414 11 13 0.021884829 
989 382 14 18 0.02188047 
557 370 14 16 0.021835502 
630 333 8 12 0.021794885 
180 317 27 53 0.021717831 
822 315 10 18 0.021709964 
734 574 38 47 0.021691812 
496 437 12 16 0.02168874 
879 550 18 24 0.021533549 
1034 435 11 19 0.021473018 
1016 170 10 15 0.02145047 
1047 166 9 14 0.021430312 
1079 239 14 25 0.021393662 
915 405 10 16 0.02138879 
381 336 11 13 0.021350192 
1051 82 13 23 0.021342019 
490 433 12 14 0.021323169 
1047 411 15 23 0.021312151 
1007 360 13 15 0.021245714 
628 95 7 11 0.021217247 
1008 297 13 13 0.02121049 
782 569 13 21 0.021182481 
768 514 19 23 0.021162877 
1032 345 13 20 0.021137482 
1100 184 7 14 0.0210664 
666 513 21 33 0.021034636 
665 348 9 15 0.02101328 
615 286 8 12 0.021010747 
658 323 11 14 0.021005414 
989 358 13 17 0.02098154 
599 355 11 15 0.020814829 
913 577 11 17 0.020793535 
523 316 9 14 0.020786295 
530 313 9 13 0.020718593 
872 637 12 13 0.02069432 
291 332 9 9 0.020686738 
1019 167 15 23 0.020636417 
1035 449 11 18 0.02062146 
604 347 12 13 0.020503499 
961 508 15 17 0.020447388 
605 448 15 16 0.020418668 
227 319 38 45 0.02041484 
791 268 7 11 0.020352818 
973 355 14 19 0.020328462 
959 131 8 13 0.020305164 
798 372 11 19 0.020277757 
794 649 20 25 0.020170024 
894 360 12 17 0.020158745 
417 441 22 18 0.02013097 
1033 408 13 22 0.02013081 
453 331 9 11 0.020084303 
789 573 11 16 0.020051146 
870 594 19 24 0.020048361 
824 440 10 18 0.020021925 
737 290 9 15 0.020016985 
