2_Demonstration_Protesters_2_817
44
290 558 33 45 0.9926288 
380 545 41 38 0.96722645 
523 93 33 33 0.6119698 
342 573 40 38 0.15476966 
301 612 33 57 0.12138125 
422 75 330 390 0.10654537 
585 149 24 32 0.09293039 
465 588 99 97 0.07553869 
374 554 13 11 0.05858625 
700 543 80 125 0.05704892 
476 186 10 15 0.056401145 
539 633 35 27 0.055496577 
523 224 108 112 0.04764322 
508 176 36 45 0.04542028 
372 550 28 23 0.041872673 
315 578 19 28 0.04170253 
486 193 10 14 0.04149068 
499 172 7 11 0.035646338 
359 567 14 13 0.032946598 
337 581 22 25 0.031451616 
666 567 7 7 0.031067064 
528 97 16 14 0.030895406 
520 107 44 52 0.030855797 
568 129 63 84 0.029429542 
474 186 19 26 0.029038649 
538 89 15 10 0.027727665 
523 136 42 58 0.026035462 
495 243 11 18 0.02384374 
782 483 12 22 0.023395615 
459 191 10 13 0.023291402 
177 627 19 33 0.02319774 
465 202 10 12 0.023175053 
355 551 37 41 0.023115188 
327 580 19 26 0.023065366 
206 459 11 16 0.022402517 
630 248 41 50 0.02202753 
702 538 14 13 0.021696053 
466 178 7 9 0.021534732 
486 546 174 136 0.02125584 
1 558 4 8 0.020988438 
505 612 65 50 0.020982742 
729 267 322 493 0.020423835 
462 181 16 23 0.020353692 
489 195 20 26 0.02006951 
