2_Demonstration_Political_Rally_2_335
502
577 63 30 28 0.9995394 
380 333 53 60 0.9995035 
894 338 50 65 0.9994456 
340 56 20 31 0.99936455 
704 315 48 63 0.9993598 
403 257 52 68 0.99932826 
616 81 29 33 0.9993279 
488 243 46 57 0.9992725 
280 427 47 63 0.99902034 
672 412 54 71 0.99900204 
109 264 45 55 0.99894863 
234 231 40 50 0.99891555 
270 267 47 54 0.9987399 
859 117 23 30 0.9986785 
787 564 68 87 0.9983045 
662 63 30 31 0.998231 
7 331 38 57 0.99821246 
170 188 42 45 0.99799937 
211 280 45 69 0.9975 
308 325 55 66 0.9974704 
445 370 44 64 0.9973774 
569 327 45 57 0.9972813 
273 195 26 33 0.99698776 
84 235 34 51 0.9967507 
730 79 29 36 0.9965844 
247 93 22 35 0.996378 
476 296 36 52 0.9958032 
476 171 31 51 0.9955995 
880 151 29 36 0.99541664 
142 476 35 82 0.9947849 
158 254 37 53 0.9947411 
863 63 24 32 0.9947312 
654 233 46 47 0.99449664 
443 149 28 45 0.9942965 
823 478 72 82 0.99404895 
353 498 56 80 0.99386966 
344 274 45 67 0.99347234 
106 148 31 32 0.9927038 
742 140 27 37 0.9924092 
845 216 47 43 0.9909786 
68 86 27 36 0.9908091 
609 160 32 41 0.9906302 
942 114 28 37 0.99029845 
478 436 41 74 0.99021727 
248 543 60 96 0.9900366 
923 196 31 37 0.9898218 
31 143 26 39 0.98917156 
1 400 54 73 0.98887116 
325 103 32 39 0.9886615 
333 426 59 70 0.9873061 
657 127 33 38 0.9866247 
541 216 47 54 0.9866051 
240 177 31 34 0.9855334 
141 100 25 29 0.9854643 
-2 225 31 56 0.98212343 
278 325 41 54 0.9792188 
753 176 33 40 0.9759292 
81 400 49 57 0.9743937 
566 116 22 28 0.9740874 
574 476 41 60 0.97143257 
35 215 32 48 0.97089696 
579 134 30 39 0.96564597 
447 653 60 46 0.95785993 
719 10 10 18 0.9564992 
181 25 17 24 0.955048 
356 221 45 53 0.9545604 
146 145 31 43 0.95448434 
909 7 17 22 0.95304936 
67 205 34 49 0.9494194 
780 199 33 50 0.94895786 
697 213 34 42 0.9484849 
62 137 35 39 0.94717854 
850 169 31 37 0.94350344 
360 157 40 46 0.9371905 
479 119 35 55 0.93653935 
776 157 24 28 0.9294802 
210 7 15 25 0.9241263 
876 306 32 55 0.92120934 
39 79 23 32 0.9194509 
337 153 24 38 0.9193662 
800 126 26 26 0.9031959 
754 247 28 51 0.87897485 
548 556 61 102 0.8627084 
333 34 15 28 0.8589147 
312 560 30 54 0.85871464 
987 8 16 16 0.847308 
537 260 30 37 0.84198636 
169 76 20 22 0.8406159 
662 180 34 38 0.82997966 
713 76 17 21 0.82396305 
141 228 33 35 0.82231224 
777 52 16 33 0.8107745 
411 91 17 32 0.8101078 
192 115 20 32 0.80961156 
647 83 25 30 0.8029894 
690 117 22 34 0.7924167 
931 31 15 20 0.7919968 
608 413 46 58 0.7846703 
519 197 32 42 0.78408456 
17 52 18 23 0.77527356 
641 236 29 36 0.7751232 
20 76 17 29 0.7686821 
306 102 23 39 0.7668873 
831 58 22 25 0.76331943 
77 185 35 30 0.76028526 
0 489 40 61 0.75539345 
14 34 21 19 0.72616947 
319 191 18 37 0.68259346 
812 180 22 33 0.6672468 
737 443 45 81 0.64319533 
266 146 21 29 0.6128911 
411 437 37 56 0.60147864 
818 74 28 31 0.5863321 
646 100 22 31 0.58307403 
903 60 20 29 0.5590067 
194 262 27 47 0.5510596 
65 64 24 32 0.54243094 
779 248 27 49 0.535568 
660 38 18 25 0.53236353 
917 95 20 32 0.5228747 
878 79 19 30 0.52089834 
896 220 28 35 0.49870625 
0 74 11 21 0.48857293 
457 111 21 30 0.47939658 
290 96 24 39 0.4766158 
235 6 10 19 0.46952397 
542 301 23 49 0.46513283 
201 58 10 21 0.45657718 
0 141 22 35 0.42175296 
938 404 35 54 0.4023952 
596 45 13 16 0.4018657 
28 -1 16 14 0.39518037 
694 66 14 18 0.36527845 
208 635 35 43 0.3601735 
757 12 11 16 0.34914276 
751 60 16 30 0.34845343 
359 115 18 28 0.34466085 
622 574 29 42 0.34364444 
125 119 18 31 0.34099576 
311 51 11 22 0.33149025 
825 423 45 56 0.33058816 
971 16 10 18 0.32771164 
785 15 11 17 0.32450068 
738 29 15 20 0.3187991 
120 16 8 16 0.30603397 
752 0 11 14 0.2949486 
544 99 15 30 0.28048807 
34 40 14 15 0.27567145 
595 269 25 32 0.27499333 
459 265 28 35 0.27316782 
838 184 25 38 0.26052317 
784 1 9 14 0.2507328 
219 508 28 54 0.2416977 
964 6 9 15 0.23343869 
108 540 24 29 0.2328617 
196 482 23 48 0.22354525 
167 402 57 98 0.21512446 
691 302 25 38 0.21413748 
561 388 20 38 0.21114397 
471 31 22 26 0.2080854 
74 13 11 13 0.20789337 
636 135 21 30 0.20293677 
567 224 33 37 0.20275618 
809 505 74 114 0.19716188 
207 99 21 33 0.19204505 
2 117 24 37 0.18979545 
171 132 32 43 0.18641934 
937 0 10 14 0.18076904 
824 2 11 19 0.17755465 
591 198 26 36 0.17166568 
720 166 20 28 0.17008154 
767 168 31 35 0.16724363 
968 0 11 12 0.16568002 
3 565 51 114 0.16395803 
0 25 8 16 0.1614534 
51 82 15 21 0.15997922 
790 0 10 16 0.15982391 
636 304 39 51 0.15638146 
500 372 36 71 0.15396845 
815 178 14 18 0.15365115 
654 74 26 26 0.14931415 
282 168 26 27 0.14621547 
290 109 11 23 0.14056723 
857 49 20 25 0.13972326 
277 236 41 56 0.13963057 
622 294 22 32 0.13644268 
824 186 22 35 0.13067529 
119 0 6 9 0.13044813 
103 68 9 18 0.13040467 
372 202 42 56 0.12862204 
818 94 27 28 0.12845777 
299 188 34 49 0.1245748 
741 4 10 20 0.11987945 
914 21 11 18 0.11962614 
24 59 20 28 0.11675794 
31 405 45 60 0.11610165 
121 71 14 30 0.11522391 
811 39 16 26 0.113998935 
818 109 27 32 0.113077305 
748 209 23 37 0.10849593 
890 302 36 50 0.10812779 
105 574 21 29 0.10264479 
916 66 21 32 0.09778829 
280 503 23 34 0.09749767 
600 568 39 63 0.09519675 
772 454 34 65 0.093475536 
152 0 9 16 0.092528865 
638 109 20 32 0.09210865 
453 122 30 51 0.09052349 
234 269 41 60 0.09030692 
1010 288 24 60 0.08706017 
832 332 22 42 0.08389621 
464 149 31 49 0.08157729 
938 3 15 21 0.0808949 
248 246 47 55 0.07915223 
220 16 9 18 0.07734376 
753 25 10 15 0.076311365 
890 7 8 13 0.07591717 
72 48 21 25 0.07575325 
691 14 10 13 0.074223995 
324 261 38 57 0.07419995 
317 250 27 41 0.073114276 
472 58 11 20 0.07211542 
433 635 40 52 0.07092044 
514 140 18 38 0.070147924 
679 180 32 31 0.06756381 
787 28 10 17 0.06702971 
316 55 15 24 0.066921145 
341 165 32 49 0.06661869 
43 2 9 10 0.06608526 
787 137 30 41 0.06607873 
810 16 9 18 0.06568974 
691 275 33 45 0.064879395 
447 231 35 58 0.06461543 
547 163 34 39 0.06455092 
256 181 34 41 0.0637441 
81 158 37 40 0.06361683 
701 120 25 43 0.0632066 
42 314 32 54 0.06258779 
670 250 39 51 0.061987475 
822 349 21 44 0.06190377 
102 5 8 17 0.06161615 
627 395 41 59 0.060779333 
856 311 26 54 0.059639476 
193 510 30 62 0.058975656 
973 3 18 21 0.058722038 
783 33 14 27 0.058487155 
901 12 8 13 0.056668494 
133 368 36 50 0.055727925 
133 3 10 18 0.055720586 
790 471 22 43 0.05498224 
80 9 10 14 0.054960303 
285 40 9 19 0.054800197 
554 313 36 52 0.05387892 
64 9 8 10 0.053860433 
758 206 31 52 0.052765146 
512 223 37 49 0.051980063 
93 150 28 28 0.05161945 
912 208 30 41 0.051029418 
47 598 20 34 0.050710272 
55 228 33 54 0.049453277 
839 166 26 32 0.049417607 
103 43 9 17 0.049104262 
743 50 21 27 0.04907987 
910 289 28 43 0.048959333 
651 404 23 34 0.048007984 
682 211 30 33 0.047792662 
372 436 44 56 0.04777384 
553 108 20 32 0.047683034 
334 198 30 44 0.047450144 
3 75 18 32 0.04708282 
747 4 10 16 0.046812244 
415 152 30 47 0.046723314 
605 279 29 37 0.046583306 
111 63 16 30 0.04655251 
538 608 43 86 0.04646089 
13 6 7 11 0.046243623 
197 289 33 57 0.045738664 
893 10 11 15 0.04548719 
820 448 47 76 0.045272976 
322 62 19 26 0.04513869 
65 24 17 20 0.044292238 
442 126 25 34 0.04423127 
466 238 33 54 0.044120025 
939 16 11 17 0.04379578 
477 219 25 37 0.043385614 
28 574 38 72 0.043346718 
594 151 34 42 0.043340188 
856 37 18 23 0.043146417 
122 44 10 18 0.04313433 
1020 314 22 51 0.043004625 
590 104 24 30 0.04281292 
97 5 7 14 0.042581655 
0 34 7 18 0.04240083 
829 192 11 19 0.042351533 
122 6 12 27 0.042323045 
976 13 10 14 0.042227905 
64 3 6 8 0.041928433 
824 351 8 16 0.041854795 
458 25 6 15 0.04168685 
773 25 9 17 0.040627312 
888 23 9 17 0.04046683 
512 301 24 36 0.040274773 
969 39 8 14 0.040135875 
928 19 9 15 0.039612833 
20 143 20 35 0.039567433 
8 310 24 44 0.039103653 
409 68 10 18 0.039095942 
574 202 34 43 0.038888294 
51 5 8 11 0.038634814 
62 67 14 19 0.038536694 
177 18 12 19 0.038362265 
1002 53 6 13 0.03789962 
723 126 27 44 0.03708179 
36 -3 18 19 0.036921427 
663 35 10 17 0.036868613 
695 25 9 12 0.03682956 
460 626 50 53 0.036587857 
274 153 25 27 0.036467787 
37 84 13 20 0.036439657 
751 95 19 32 0.035415005 
922 267 20 33 0.035220176 
404 244 23 35 0.035168435 
420 541 15 30 0.034854393 
265 368 35 55 0.03472524 
176 12 11 15 0.034722235 
751 326 19 39 0.034716006 
171 456 20 43 0.03455391 
337 664 40 63 0.034494776 
323 173 30 49 0.03445408 
517 144 10 19 0.033983205 
467 31 11 19 0.033752248 
484 609 66 91 0.033692878 
613 105 21 29 0.03367078 
153 18 8 16 0.033600293 
276 176 24 35 0.033333387 
734 266 31 51 0.03268735 
694 312 13 20 0.032423824 
764 11 9 16 0.032330584 
11 40 12 16 0.032242987 
758 101 10 17 0.032116577 
87 8 7 13 0.032051746 
-1 336 6 18 0.031910095 
145 20 16 31 0.03182967 
460 422 34 60 0.03169605 
471 28 9 14 0.031609885 
153 408 42 68 0.03160469 
25 299 33 57 0.031490874 
843 167 14 16 0.031434413 
-1 183 15 31 0.031393975 
129 113 12 21 0.031375542 
1019 2 6 11 0.031332936 
803 170 23 33 0.03131851 
929 57 16 29 0.031294726 
822 15 16 25 0.031214155 
360 390 42 54 0.031094898 
402 206 30 47 0.030978844 
221 224 23 31 0.030909043 
872 226 32 36 0.030748377 
558 153 25 31 0.030740494 
284 365 35 53 0.030637458 
1005 24 7 15 0.030520296 
665 154 37 44 0.030506598 
700 438 46 65 0.030114247 
349 205 30 33 0.02977122 
162 472 31 72 0.02967886 
34 345 39 55 0.029487472 
8 3 6 7 0.029366836 
761 56 17 33 0.0292686 
810 82 19 28 0.029239494 
521 236 54 74 0.029161654 
622 511 11 15 0.029099891 
675 522 46 45 0.028903967 
551 254 39 54 0.028685378 
626 103 24 32 0.028638074 
534 154 26 36 0.028569099 
5 33 13 22 0.028425349 
1010 2 6 10 0.028370962 
287 156 28 29 0.028311236 
709 262 31 44 0.028134607 
153 234 34 43 0.028038014 
713 125 11 21 0.027644182 
-1 675 6 23 0.027640823 
816 24 8 15 0.027558599 
695 37 16 27 0.027503513 
192 129 30 44 0.027296498 
380 162 28 31 0.026997734 
47 379 42 61 0.02694613 
50 145 29 34 0.026939128 
961 3 8 13 0.02688567 
256 11 15 33 0.02659144 
310 97 11 19 0.02651383 
583 233 15 22 0.02636073 
772 48 11 22 0.026298955 
700 172 26 32 0.026289845 
235 -2 10 14 0.02619625 
101 368 48 60 0.026136348 
617 58 12 14 0.026136054 
528 210 41 38 0.02597695 
886 34 10 17 0.02586238 
696 74 21 23 0.02584337 
212 91 14 20 0.025757652 
644 281 36 44 0.025756225 
791 179 27 36 0.025696402 
819 170 24 30 0.02562589 
497 5 10 16 0.025410369 
209 218 23 31 0.025352858 
563 179 30 34 0.025147457 
813 135 33 44 0.024937548 
421 198 32 49 0.02492484 
211 138 19 33 0.024834566 
31 86 23 40 0.024830647 
535 83 18 36 0.024676869 
329 508 36 64 0.02457949 
398 173 31 46 0.02451974 
125 515 21 35 0.024507118 
9 3 16 19 0.02450611 
816 238 28 51 0.02437751 
66 257 23 39 0.024356669 
374 363 44 52 0.024284327 
878 73 13 19 0.024248023 
759 150 23 29 0.024186466 
835 196 12 19 0.023924265 
985 28 9 17 0.023866761 
247 299 25 39 0.02385205 
743 -1 8 11 0.023769993 
463 272 16 20 0.023734171 
293 222 36 51 0.023569094 
150 108 31 42 0.023395028 
392 171 13 15 0.023387859 
900 46 19 29 0.023195432 
833 223 34 44 0.023005009 
1008 269 7 14 0.022917556 
430 163 34 48 0.022903329 
604 206 13 20 0.022729171 
786 163 25 34 0.022671435 
589 48 23 28 0.022593481 
656 69 15 16 0.022576302 
0 3 4 8 0.022555118 
135 15 9 20 0.022543596 
55 6 8 11 0.022521572 
544 68 10 19 0.022496022 
118 50 19 39 0.022479266 
522 133 19 39 0.022433981 
735 40 22 29 0.022429785 
1033 280 27 57 0.022426277 
716 83 22 29 0.02234533 
40 130 24 36 0.022304218 
937 60 9 16 0.022294909 
242 382 41 65 0.022247173 
465 57 10 20 0.022182189 
972 53 6 14 0.022169372 
83 94 14 19 0.022166535 
456 669 50 84 0.022126846 
46 1 17 21 0.022023637 
344 146 11 19 0.021905612 
1024 276 18 41 0.021803338 
483 61 11 20 0.021797612 
133 112 20 33 0.02178107 
408 141 22 27 0.021713158 
207 199 22 32 0.02167204 
102 234 29 39 0.021664256 
809 64 18 31 0.021578042 
147 4 9 15 0.021518728 
669 1 7 13 0.021518294 
115 13 10 18 0.021517199 
439 454 36 59 0.02146685 
668 108 36 47 0.021445936 
81 2 10 12 0.021359874 
441 202 30 48 0.021342685 
612 499 24 34 0.021339426 
901 3 18 23 0.021315185 
901 38 10 13 0.021291524 
796 0 9 15 0.021285705 
37 272 32 51 0.021277562 
630 151 22 35 0.021262921 
244 437 7 13 0.0211122 
658 34 9 16 0.021039616 
681 69 25 28 0.02087461 
320 43 18 28 0.020851392 
1018 280 9 16 0.020775974 
102 51 16 34 0.02072733 
559 132 28 37 0.020725247 
464 49 8 17 0.02068694 
115 -2 16 22 0.02068574 
820 4 8 16 0.020678153 
1028 96 14 29 0.020627096 
925 55 9 17 0.020612061 
299 48 18 30 0.020578545 
865 177 16 21 0.020524746 
777 136 25 29 0.020520775 
829 203 13 22 0.020461794 
49 369 33 36 0.02030531 
843 55 19 24 0.020270182 
645 83 14 19 0.020207478 
806 7 9 17 0.020122522 
62 5 17 21 0.02010521 
14 542 38 70 0.02008259 
1022 506 20 39 0.020082524 
1019 250 7 13 0.020058287 
749 621 32 70 0.020051965 
17 11 9 13 0.02005105 
