2_Demonstration_Political_Rally_2_187
24
61 875 35 51 0.99953735 
401 -75 380 747 0.99858093 
669 672 46 55 0.9983973 
589 738 38 54 0.99271 
231 1378 50 100 0.98170036 
210 1239 104 106 0.9794882 
637 1164 33 69 0.8912058 
627 1308 36 66 0.16118632 
657 694 338 625 0.07826811 
248 1235 140 155 0.06001404 
136 1044 9 14 0.04851151 
651 738 17 31 0.046906505 
149 1396 29 60 0.046473794 
30 159 11 24 0.03478762 
635 746 27 37 0.03440398 
136 1064 8 15 0.029930847 
161 1280 58 86 0.029293079 
655 1174 33 53 0.02692775 
565 1227 76 83 0.024316395 
156 1402 52 82 0.023481963 
156 1136 8 14 0.022733832 
195 1488 69 82 0.022512108 
250 1341 59 103 0.021922478 
130 1042 9 14 0.020216268 
