2_Demonstration_Political_Rally_2_410
381
634 442 92 122 0.9998815 
856 421 38 46 0.9994962 
561 515 38 69 0.99916625 
731 472 45 64 0.99876887 
250 500 70 85 0.9985026 
3 526 63 75 0.99783176 
180 487 52 67 0.99760723 
506 489 37 52 0.9975484 
508 428 19 25 0.9968104 
466 456 37 39 0.9947037 
355 430 38 45 0.99461406 
935 451 28 31 0.980512 
806 447 21 26 0.97143483 
832 427 16 23 0.95980406 
116 423 20 24 0.94421977 
955 428 21 20 0.90963644 
150 414 15 18 0.7945878 
100 401 10 14 0.7799858 
437 404 9 17 0.7562733 
532 419 9 14 0.65176755 
328 421 9 10 0.569634 
317 434 17 27 0.5524089 
565 422 12 22 0.520584 
177 409 11 13 0.5063954 
607 434 18 25 0.48060265 
7 415 33 38 0.41017962 
287 416 9 11 0.41011316 
147 394 11 11 0.40160632 
207 415 14 17 0.36131927 
459 418 8 14 0.34774128 
138 530 30 42 0.34282318 
545 420 7 10 0.3339592 
-2 384 30 33 0.3034803 
66 412 11 16 0.3028265 
33 409 25 34 0.30058047 
54 409 10 15 0.2981041 
1010 559 21 39 0.2780184 
407 421 9 14 0.26660642 
121 401 13 11 0.22751416 
258 420 12 13 0.21899694 
252 413 10 12 0.21110484 
951 442 22 27 0.21099235 
996 429 12 17 0.2060969 
177 419 15 20 0.201066 
517 153 28 27 0.18962553 
254 400 7 9 0.18054588 
1002 425 12 16 0.17822951 
403 415 7 11 0.17452493 
215 414 13 15 0.16774827 
593 449 40 62 0.16517451 
540 447 17 24 0.15915705 
149 398 12 16 0.1582967 
81 415 11 17 0.15332925 
264 403 7 8 0.14336674 
270 414 12 12 0.14225578 
607 417 17 24 0.1314663 
301 419 8 11 0.13022898 
205 400 10 11 0.12213834 
468 423 13 16 0.11784774 
117 453 21 25 0.11445028 
286 423 11 14 0.11287537 
282 390 7 9 0.112374544 
969 289 10 16 0.10853387 
91 387 9 12 0.10319485 
306 399 9 14 0.099249735 
286 437 16 24 0.099026985 
92 435 12 16 0.09891249 
353 389 7 9 0.09859495 
548 427 7 11 0.09784097 
414 445 17 26 0.09743073 
72 410 15 22 0.09422708 
265 408 12 13 0.0940455 
559 415 13 25 0.09048006 
253 422 12 15 0.08891765 
170 375 8 11 0.088015616 
412 424 9 13 0.087002255 
265 417 13 14 0.08644508 
429 406 6 11 0.08528439 
390 413 8 13 0.081853986 
220 409 12 15 0.07984631 
463 100 19 20 0.0798453 
630 100 13 13 0.079238735 
621 359 31 55 0.077860996 
293 432 10 15 0.07779191 
974 609 20 25 0.07758107 
396 414 6 10 0.07742286 
984 418 10 12 0.07711452 
269 438 13 16 0.076128475 
574 426 16 24 0.074925356 
207 409 12 14 0.073823586 
1008 414 8 12 0.07366139 
461 417 15 21 0.07356736 
47 382 14 17 0.07305195 
383 396 6 11 0.072947755 
282 403 6 8 0.07075729 
176 402 11 13 0.07047498 
177 395 9 10 0.06988032 
560 387 10 18 0.069487624 
911 313 12 18 0.069257446 
260 432 11 14 0.0668797 
210 388 6 9 0.06574833 
-1 402 29 35 0.064523384 
558 421 6 12 0.063906156 
545 432 7 10 0.06375415 
391 403 6 10 0.06247641 
268 399 6 7 0.061672837 
254 431 11 14 0.06140728 
976 413 11 12 0.060897585 
961 438 16 20 0.060452946 
314 415 7 9 0.06035268 
978 425 9 14 0.05781861 
389 468 11 18 0.0574457 
326 410 8 9 0.057340324 
430 427 8 11 0.05452952 
319 428 9 11 0.05411579 
605 397 17 26 0.05393788 
604 443 21 38 0.053919908 
551 416 5 8 0.053628128 
64 402 8 10 0.053496923 
340 413 7 11 0.052086078 
399 425 15 25 0.050529495 
861 586 8 14 0.04997216 
464 429 12 17 0.049897563 
283 395 6 9 0.049895715 
157 400 12 14 0.049839865 
147 385 7 7 0.049580034 
404 411 6 8 0.049469173 
82 394 11 12 0.04907105 
228 433 13 16 0.04889593 
160 389 8 7 0.048453186 
407 439 16 26 0.04823401 
231 390 7 8 0.047957912 
287 390 5 9 0.04750054 
283 427 18 22 0.04741445 
116 401 10 11 0.047315247 
918 312 15 25 0.04709296 
1055 431 10 17 0.046650637 
163 397 9 9 0.04623452 
157 360 9 8 0.046120472 
562 427 20 32 0.04583695 
315 363 6 11 0.045390215 
556 414 5 11 0.044617623 
280 409 9 10 0.044390544 
172 421 11 16 0.044148132 
158 385 7 8 0.044107668 
849 575 7 11 0.04382262 
1059 448 10 17 0.04305713 
400 480 33 51 0.04279444 
426 453 12 19 0.042739715 
341 383 6 9 0.0423222 
281 425 10 14 0.042261582 
88 406 8 14 0.0420044 
130 451 12 15 0.04200008 
302 395 8 12 0.041285124 
46 404 19 28 0.040873706 
598 419 38 56 0.040452324 
281 414 9 11 0.040355355 
409 406 7 10 0.04011431 
415 436 11 18 0.039981857 
318 415 7 10 0.03937519 
969 428 11 14 0.039128456 
388 435 16 27 0.039097846 
543 420 15 24 0.038668428 
522 437 9 16 0.038347665 
531 219 5 6 0.038243655 
538 219 7 7 0.037915405 
563 435 9 15 0.03783437 
197 419 11 16 0.037685204 
288 402 7 9 0.03766996 
173 387 9 9 0.037601605 
271 382 6 10 0.03758927 
177 390 8 9 0.03750078 
353 386 6 7 0.037442803 
153 384 7 8 0.03743328 
148 346 10 10 0.037312113 
379 399 7 12 0.037267048 
395 420 7 10 0.0370962 
403 470 23 31 0.03677123 
1020 355 22 40 0.036740076 
241 401 8 10 0.036633484 
341 442 12 18 0.03638585 
1001 433 11 18 0.03635459 
852 558 5 6 0.035699565 
352 377 4 6 0.03557174 
1017 449 10 15 0.035465464 
352 372 5 8 0.03496751 
438 397 5 9 0.0349236 
93 391 14 20 0.03479093 
493 405 5 7 0.03477952 
142 385 6 7 0.03454144 
1073 498 17 25 0.03446843 
477 99 13 15 0.03443054 
586 431 11 17 0.034244563 
341 372 4 6 0.03410692 
1018 398 10 15 0.0340607 
599 448 11 18 0.03398105 
389 407 14 24 0.033878192 
255 423 32 42 0.033794418 
167 382 9 11 0.03358547 
293 397 7 10 0.033519953 
243 413 8 10 0.033225637 
791 453 32 46 0.03322062 
858 372 31 43 0.033210024 
84 396 16 22 0.033174377 
542 502 36 59 0.032837156 
352 394 8 11 0.032734897 
249 425 10 15 0.032631744 
180 413 12 14 0.0326222 
282 420 9 12 0.032610845 
287 410 8 9 0.03247549 
315 452 20 28 0.032357004 
231 386 6 6 0.03228064 
288 396 6 10 0.032117866 
920 451 21 27 0.032107595 
207 386 5 7 0.031878863 
590 438 19 26 0.03184956 
1048 408 13 22 0.031629827 
70 386 9 13 0.031447664 
1080 480 12 19 0.031353414 
939 434 21 26 0.030998375 
67 400 10 14 0.030864947 
123 511 33 49 0.030803466 
428 397 5 9 0.03071828 
350 400 8 11 0.030666983 
731 76 5 6 0.030567966 
118 438 21 26 0.030538883 
425 408 5 9 0.030433118 
772 479 24 39 0.0302959 
275 433 19 23 0.03013512 
305 414 7 11 0.030119603 
266 371 4 8 0.029968362 
329 432 10 17 0.029873071 
266 433 11 14 0.029872105 
254 107 8 11 0.029604806 
299 424 9 14 0.029449288 
992 471 21 36 0.029317643 
982 421 17 22 0.029098658 
488 403 5 7 0.028779803 
975 415 17 20 0.0285886 
231 520 8 15 0.028516859 
335 378 5 7 0.028443886 
335 392 5 6 0.028360395 
1011 424 16 25 0.028193275 
1007 433 11 18 0.02817705 
1087 460 9 15 0.02812865 
271 425 11 16 0.028110895 
542 442 9 13 0.027833924 
164 390 8 7 0.027684895 
744 75 5 7 0.027646668 
284 386 5 7 0.027529847 
158 429 11 15 0.02752089 
440 428 7 11 0.027369678 
1005 609 28 44 0.027340008 
492 408 6 8 0.027290385 
989 416 10 11 0.027247319 
255 443 11 15 0.027147429 
340 378 5 7 0.027130907 
136 538 16 24 0.02710655 
218 391 7 8 0.026971081 
313 408 6 10 0.02690267 
223 313 6 11 0.026901828 
517 413 8 10 0.026890764 
995 437 12 20 0.026879953 
497 340 24 43 0.026865812 
142 344 19 19 0.026818307 
990 434 12 17 0.02677522 
426 402 5 9 0.02675563 
428 466 11 18 0.026623806 
1035 424 11 17 0.026467813 
524 410 6 9 0.026354276 
937 431 13 17 0.026221273 
461 409 6 10 0.026142903 
748 75 6 7 0.026133442 
1045 447 11 17 0.026125398 
904 85 11 13 0.026083775 
528 442 9 17 0.026083479 
1059 458 11 19 0.026077433 
346 365 4 6 0.026030734 
407 435 9 16 0.026020449 
110 496 19 25 0.025969079 
268 370 5 9 0.02594781 
335 397 5 6 0.025935473 
1009 364 22 34 0.025854127 
322 422 16 22 0.025684187 
763 76 4 6 0.0256813 
395 403 7 10 0.025638744 
276 389 6 9 0.025613617 
1020 553 45 72 0.02557233 
1030 388 13 21 0.02555532 
61 407 11 17 0.02545174 
557 433 7 12 0.02545042 
246 364 4 7 0.025396354 
25 460 38 54 0.025317876 
1080 185 18 32 0.025283888 
1052 474 16 27 0.025258914 
685 258 70 121 0.025210727 
711 102 6 9 0.024998184 
1032 432 11 19 0.024788903 
1034 346 30 56 0.024770243 
435 419 7 13 0.024709087 
399 412 16 24 0.024666626 
973 420 10 11 0.024628708 
161 404 14 18 0.024613181 
175 353 5 6 0.02455653 
147 408 13 14 0.024553293 
969 490 30 44 0.024413105 
903 303 20 23 0.024398958 
147 380 6 5 0.024351243 
539 446 8 13 0.023998369 
425 397 5 8 0.023961298 
469 398 4 8 0.023959955 
840 441 13 17 0.023936229 
142 379 6 6 0.023822999 
335 413 15 23 0.023822539 
327 440 12 20 0.023768773 
234 408 10 11 0.023747595 
450 402 5 10 0.023661288 
299 410 14 22 0.023453504 
363 396 7 9 0.02345091 
398 443 17 29 0.023427073 
358 395 8 10 0.023422344 
538 432 7 10 0.023304619 
86 422 10 19 0.023259642 
849 580 8 14 0.023242582 
167 376 17 19 0.0232318 
154 363 9 10 0.023099778 
340 387 6 9 0.023091523 
235 396 8 10 0.022966545 
1017 433 15 25 0.022946507 
1017 459 17 25 0.022893185 
385 407 7 11 0.02287624 
982 408 10 12 0.022865186 
173 411 10 14 0.022802848 
310 394 11 16 0.022561254 
548 476 26 40 0.022531737 
453 408 7 13 0.02252758 
184 125 7 11 0.022435538 
117 413 15 16 0.022414487 
851 560 7 10 0.022286374 
226 383 5 6 0.022159455 
1086 214 16 27 0.02198459 
441 399 5 9 0.021953598 
127 370 6 7 0.021940527 
384 392 6 10 0.021918487 
498 360 10 17 0.021896109 
294 389 6 9 0.021888101 
454 414 8 14 0.021843804 
1025 466 17 31 0.021546796 
856 578 17 26 0.021534454 
570 383 6 11 0.021441733 
196 407 11 13 0.02143708 
458 432 12 18 0.021435358 
103 406 11 13 0.021391919 
315 426 8 11 0.021387232 
1038 411 14 21 0.021355787 
235 396 18 20 0.021269854 
923 431 15 16 0.021265833 
194 379 5 6 0.02111706 
473 401 7 10 0.02103442 
897 684 160 159 0.021006707 
482 494 37 50 0.020987654 
594 403 9 17 0.020923946 
158 86 10 14 0.020793043 
304 399 17 27 0.020773979 
168 389 19 20 0.020745404 
943 47 127 188 0.020682378 
332 403 7 9 0.020671122 
398 426 7 12 0.020657344 
252 371 5 8 0.020627372 
1091 435 9 15 0.020539384 
37 379 23 33 0.02053705 
899 456 13 16 0.020535918 
183 406 18 22 0.020397002 
953 410 7 8 0.020380115 
856 558 6 6 0.020336267 
981 468 20 30 0.02033164 
140 389 9 10 0.02020482 
113 507 21 33 0.02016663 
1020 401 14 22 0.020158302 
481 402 5 8 0.020111753 
424 426 15 24 0.020103645 
