2_Demonstration_Protesters_2_901
121
680 337 46 51 0.9957983 
523 650 75 98 0.9874671 
584 172 30 46 0.9772224 
896 676 74 122 0.9728439 
278 349 52 79 0.9375396 
790 344 54 65 0.83114344 
839 92 36 59 0.8025893 
450 351 51 53 0.7810318 
416 358 29 49 0.7182067 
19 751 44 85 0.62042326 
363 351 44 67 0.43846563 
583 371 28 36 0.4003809 
484 335 38 54 0.30989558 
543 193 22 38 0.30744144 
300 671 50 73 0.30623555 
359 665 16 39 0.28904104 
-1 560 29 67 0.28642073 
595 376 37 43 0.27459145 
6 314 68 106 0.25779516 
932 509 25 35 0.22616723 
642 386 25 32 0.21019192 
618 371 26 38 0.17251873 
666 352 34 36 0.1520074 
967 522 46 68 0.11413201 
262 667 51 68 0.10889983 
894 -3 34 24 0.1053849 
960 646 24 34 0.103125244 
-57 173 282 437 0.09955477 
463 676 35 52 0.09367585 
243 726 39 63 0.07507312 
820 122 25 33 0.07446127 
527 460 37 47 0.07179904 
510 328 28 53 0.0706571 
883 88 37 63 0.066099055 
316 340 61 92 0.062035747 
113 25 140 98 0.060719367 
93 434 77 124 0.058877897 
270 683 25 33 0.057134062 
789 509 87 130 0.055527445 
248 468 22 47 0.053803075 
-41 -33 396 441 0.049925443 
632 402 39 50 0.04848073 
224 576 61 90 0.04624168 
935 324 66 127 0.044672687 
303 685 79 122 0.044179615 
1013 728 36 56 0.041080028 
744 352 44 65 0.041057635 
715 621 72 138 0.040859245 
955 705 40 67 0.040854886 
537 475 82 84 0.03980036 
956 509 36 56 0.038935404 
334 666 32 62 0.038626812 
101 705 87 123 0.03792916 
994 760 30 57 0.03673285 
52 287 95 148 0.03596437 
829 110 30 39 0.035929874 
361 645 57 93 0.03366436 
538 339 22 39 0.03252132 
119 345 45 63 0.032195903 
796 213 43 45 0.03207673 
286 607 26 36 0.03140474 
781 217 31 37 0.031143771 
757 544 45 52 0.031085007 
654 437 41 54 0.030556459 
126 322 70 113 0.03038293 
667 756 49 50 0.030271603 
531 725 46 54 0.030065889 
-2 358 26 47 0.030062892 
900 68 47 89 0.029581917 
893 532 43 66 0.029395241 
301 378 46 74 0.02905335 
486 664 46 61 0.028149933 
353 662 32 61 0.02771786 
113 406 41 62 0.027594902 
698 203 21 28 0.027324455 
525 339 22 39 0.02723671 
17 696 70 115 0.027194967 
807 102 58 80 0.026507327 
749 124 40 65 0.026127141 
295 362 28 41 0.025889844 
260 363 27 40 0.02580452 
421 762 37 49 0.025782278 
441 679 38 47 0.025699768 
452 504 39 54 0.025663108 
403 358 25 42 0.025465572 
146 353 9 16 0.025433447 
166 313 73 97 0.025024021 
377 328 38 61 0.024844801 
750 308 67 101 0.02467186 
884 181 140 282 0.02448553 
209 538 18 33 0.024310766 
351 286 309 364 0.024196753 
238 685 16 28 0.024145558 
771 113 39 66 0.023375839 
124 353 20 36 0.023314884 
322 390 48 78 0.023093058 
543 563 52 45 0.023036266 
983 705 23 35 0.02295889 
547 308 31 64 0.022794427 
256 697 43 65 0.022739531 
465 592 136 202 0.022391923 
995 599 27 46 0.022383753 
387 357 52 69 0.022288997 
726 292 137 211 0.022229653 
786 376 149 201 0.022207586 
844 694 95 108 0.022164175 
637 371 22 34 0.021775534 
604 775 95 92 0.02160645 
194 460 20 36 0.02143414 
138 349 20 31 0.021345535 
550 458 20 35 0.021288423 
810 124 20 28 0.021138497 
130 768 11 20 0.021136178 
692 303 64 89 0.021059169 
870 103 25 43 0.02100686 
942 663 45 72 0.020810805 
283 808 11 20 0.020583702 
60 623 20 32 0.020521818 
47 652 86 129 0.020459266 
508 451 71 83 0.02020041 
566 339 34 59 0.020045085 
