2_Demonstration_Protesters_2_822
88
718 381 86 117 0.99963117 
208 383 47 57 0.99893206 
676 361 40 49 0.99804425 
31 365 35 52 0.99584854 
302 332 46 86 0.98690623 
1002 368 16 23 0.97836465 
595 431 49 80 0.9757992 
939 382 35 39 0.9548645 
100 423 52 72 0.91942215 
720 332 11 18 0.5005976 
81 393 23 27 0.42284095 
-2 360 33 57 0.3465458 
142 371 17 22 0.33846828 
1001 401 20 28 0.289785 
977 362 16 24 0.27703568 
192 369 18 23 0.1928074 
273 399 28 50 0.1224833 
515 397 16 37 0.1130735 
970 202 15 35 0.11038951 
676 317 11 18 0.1044771 
853 478 41 55 0.09824076 
969 223 18 44 0.09145981 
196 371 39 51 0.08281188 
1004 461 22 26 0.079647616 
285 557 11 13 0.07759366 
485 335 33 56 0.07447613 
973 348 17 26 0.06541556 
434 337 10 21 0.06495068 
454 585 19 27 0.06372049 
0 388 32 63 0.059086926 
1012 406 13 19 0.05406645 
257 712 22 45 0.052311692 
316 413 23 31 0.049203884 
972 364 11 17 0.047340702 
85 391 35 46 0.043975607 
431 404 35 58 0.040747415 
984 3 14 29 0.040399272 
274 365 33 59 0.039025128 
836 363 7 13 0.038152926 
415 413 16 32 0.03721632 
358 630 10 11 0.0355023 
956 369 11 12 0.035049446 
1029 361 16 24 0.034819666 
595 647 45 65 0.03429156 
569 279 9 20 0.03421316 
1024 370 17 26 0.033830695 
560 287 8 19 0.033617456 
1014 455 24 35 0.032963376 
15 387 29 43 0.031945836 
131 365 33 40 0.03189361 
155 455 32 57 0.03174608 
987 366 18 24 0.031384517 
669 221 8 14 0.030991532 
835 369 8 17 0.03068099 
687 342 12 13 0.03039854 
99 400 14 18 0.030029714 
962 358 19 27 0.029690497 
1015 360 11 15 0.028871896 
817 471 43 71 0.028773952 
79 284 29 50 0.02866143 
1014 378 11 17 0.028607745 
329 499 10 13 0.027536757 
1015 402 20 30 0.027523402 
920 308 9 16 0.027274383 
154 373 12 17 0.027098252 
94 430 28 40 0.026995486 
637 375 34 52 0.02697688 
328 726 37 47 0.026739506 
967 339 34 43 0.02662359 
996 374 14 19 0.025906961 
447 415 23 33 0.025238618 
1002 429 13 16 0.023761528 
835 317 5 11 0.023625908 
1096 403 10 16 0.02344397 
185 377 22 34 0.0234117 
128 449 40 57 0.022490576 
287 605 9 12 0.022463381 
949 363 22 25 0.02237636 
798 258 26 52 0.022020394 
1085 420 14 22 0.0217006 
430 322 31 46 0.021457747 
257 409 25 43 0.020838292 
149 379 13 20 0.020684266 
972 197 9 19 0.020621017 
1011 438 20 27 0.020603938 
358 656 9 11 0.020554658 
1006 364 15 16 0.020514274 
1049 365 15 23 0.020010028 
