2_Demonstration_Political_Rally_2_823
22
568 356 60 69 0.9993808 
261 142 73 87 0.9984049 
362 249 28 50 0.24808212 
673 487 15 26 0.14225726 
396 442 185 178 0.0931941 
693 535 13 16 0.06540992 
616 182 138 230 0.054223876 
680 527 13 18 0.05023205 
378 252 18 36 0.047732946 
747 327 9 19 0.03810164 
910 284 11 18 0.037556946 
706 246 17 29 0.036796566 
347 242 23 38 0.028088506 
144 19 7 10 0.028079694 
769 410 7 12 0.027625421 
688 528 14 17 0.025637347 
687 247 17 30 0.02449428 
781 216 7 13 0.022969695 
393 530 20 36 0.022480365 
454 474 116 82 0.020795107 
177 489 95 158 0.020684555 
278 197 47 58 0.020061517 
