2_Demonstration_Protesters_2_589
92
589 327 63 48 0.44906858 
587 336 32 29 0.18390816 
934 320 9 15 0.14113648 
900 321 7 12 0.13123557 
604 19 27 61 0.11540939 
94 161 40 78 0.08677802 
806 534 6 11 0.08362694 
566 30 35 71 0.07035566 
791 475 8 16 0.067102164 
581 63 9 17 0.064509474 
626 84 7 11 0.06432327 
752 509 6 14 0.056498572 
723 502 8 16 0.055533357 
615 364 49 48 0.04831765 
639 88 4 7 0.0470169 
900 311 7 14 0.042137444 
936 310 6 13 0.041141517 
553 290 10 16 0.040854234 
549 285 32 55 0.038697414 
926 306 7 15 0.034976713 
787 481 8 17 0.034002405 
780 148 9 19 0.033571493 
788 517 4 9 0.033257753 
961 314 7 18 0.03314102 
793 516 5 10 0.03164315 
761 507 5 11 0.031368177 
248 386 9 15 0.031074695 
811 535 6 11 0.030996598 
639 84 4 6 0.030520426 
789 522 5 10 0.03002663 
792 521 6 13 0.029874453 
717 482 6 11 0.028661162 
767 539 6 15 0.02836281 
750 506 5 11 0.027633607 
836 528 5 11 0.027544305 
901 328 7 13 0.027284423 
801 532 6 13 0.027169533 
793 512 4 9 0.026771883 
635 84 4 7 0.02672632 
755 526 6 14 0.026587812 
583 48 7 14 0.026559714 
126 27 11 15 0.026307316 
647 82 5 8 0.02605413 
16 501 22 31 0.025941122 
422 418 43 53 0.02580802 
545 431 24 37 0.025660537 
801 512 5 8 0.02530032 
399 486 12 19 0.025237521 
934 347 8 13 0.025198828 
582 54 8 18 0.025032042 
544 287 8 14 0.024779651 
140 528 10 16 0.02476573 
575 59 16 36 0.024514193 
728 29 16 28 0.024449661 
130 553 18 34 0.024284111 
754 474 9 18 0.024203686 
799 540 6 13 0.024020161 
977 347 9 18 0.023953995 
755 505 5 10 0.023912128 
800 515 5 12 0.02342136 
492 553 21 39 0.02320559 
569 274 17 34 0.023174066 
530 79 9 18 0.02313478 
723 486 4 8 0.023026248 
748 508 13 29 0.022984998 
800 549 4 9 0.022493102 
716 502 6 12 0.022052752 
927 278 7 14 0.022037407 
813 540 5 11 0.021659741 
763 29 18 34 0.021639446 
830 516 5 10 0.021634556 
577 79 17 32 0.021456685 
718 497 5 11 0.021442572 
647 77 6 9 0.021425236 
36 530 17 41 0.02142431 
52 161 115 283 0.021277726 
762 454 7 14 0.021239033 
938 349 8 12 0.021218346 
760 496 6 11 0.02103762 
792 528 6 14 0.021019455 
790 485 8 16 0.02094081 
586 235 16 29 0.020894302 
762 540 7 15 0.020855647 
635 87 4 8 0.020712407 
783 518 3 8 0.020689445 
789 527 6 13 0.020614104 
600 418 27 38 0.020474995 
591 411 13 16 0.020303374 
799 521 6 14 0.02020989 
189 532 10 18 0.020162316 
933 269 7 14 0.02015297 
804 488 9 17 0.02006243 
