2_Demonstration_Demonstration_Or_Protest_2_314
21
140 341 194 262 0.99962556 
563 273 140 209 0.99953604 
840 550 33 44 0.9651446 
337 482 128 108 0.16704573 
463 261 33 34 0.08332917 
438 229 177 269 0.07666825 
205 842 106 251 0.048764396 
507 36 244 325 0.048638996 
252 53 458 666 0.042712744 
761 339 26 41 0.037761465 
692 31 108 194 0.035347793 
880 543 18 27 0.03400072 
661 690 47 80 0.028369462 
662 212 66 94 0.028356768 
818 560 34 53 0.02822769 
448 847 66 108 0.025933567 
811 281 90 130 0.02432945 
432 351 106 151 0.021661991 
1 479 52 82 0.021390593 
791 513 98 135 0.020864034 
365 788 191 279 0.020474156 
