2_Demonstration_Political_Rally_2_90
129
538 269 54 79 0.99852777 
788 380 20 29 0.9951566 
922 379 12 16 0.69615895 
197 333 9 16 0.60955936 
153 356 17 26 0.58433557 
878 381 7 12 0.45291078 
203 356 9 15 0.40174583 
323 365 16 23 0.33372384 
189 49 423 429 0.32774204 
238 380 11 16 0.29365608 
1004 384 24 34 0.24370524 
24 314 10 16 0.21367277 
301 363 9 11 0.1946091 
2 325 14 31 0.17019473 
343 382 8 12 0.15336435 
120 310 15 23 0.13737817 
63 320 11 16 0.13285929 
738 435 19 36 0.12763569 
114 360 12 17 0.12223238 
151 307 12 19 0.0935156 
220 387 8 14 0.091621295 
73 298 12 15 0.089050576 
267 356 8 13 0.077730864 
318 371 12 15 0.074168056 
196 342 10 19 0.07153598 
275 394 7 11 0.06951659 
989 444 43 64 0.068884306 
407 420 8 13 0.06537544 
170 360 11 19 0.057744477 
294 383 6 8 0.056565046 
259 355 9 13 0.056215744 
201 357 16 26 0.055891488 
874 386 16 26 0.054656427 
23 317 15 27 0.054510932 
758 351 15 28 0.05382361 
9 326 10 21 0.04914594 
300 375 7 11 0.048432186 
164 312 11 18 0.047711413 
280 395 6 10 0.047097124 
292 389 7 13 0.046503495 
956 328 9 13 0.046465192 
289 383 7 8 0.04592419 
313 374 9 12 0.04389331 
328 333 5 8 0.042899992 
296 376 6 9 0.042791363 
163 342 9 15 0.041824255 
953 419 32 43 0.0417157 
670 440 33 45 0.041688967 
152 388 8 13 0.040484894 
380 434 5 8 0.039036967 
235 352 11 14 0.038833704 
170 311 10 18 0.038060978 
304 359 8 10 0.03771376 
745 449 21 29 0.03745516 
307 375 7 10 0.037437603 
104 394 19 33 0.037187476 
115 378 9 16 0.035962444 
1019 370 43 65 0.03444884 
152 399 10 16 0.033740032 
84 450 17 41 0.032949127 
1012 358 21 37 0.032677114 
41 371 9 16 0.031685933 
296 368 7 10 0.030915566 
296 364 7 9 0.030779842 
158 239 8 18 0.030520614 
156 316 11 18 0.03000475 
372 371 8 11 0.029677091 
268 351 7 9 0.028583003 
329 401 11 12 0.028152017 
763 319 6 11 0.028028408 
889 344 7 12 0.02785517 
193 339 8 16 0.027651105 
244 379 10 15 0.026663158 
230 343 8 10 0.02633478 
38 345 16 31 0.026250565 
729 428 19 32 0.025836514 
917 368 12 13 0.025824325 
759 378 18 31 0.025186906 
374 374 9 13 0.024944251 
351 140 188 218 0.024836015 
152 300 8 13 0.024817897 
45 329 8 13 0.02471735 
271 355 10 13 0.024552297 
-2 386 14 42 0.024510426 
456 418 7 11 0.024341628 
234 385 12 18 0.024320439 
49 325 8 12 0.024050137 
349 381 8 11 0.024015747 
1073 388 20 32 0.024000265 
57 292 9 12 0.023930049 
379 428 5 9 0.023242952 
372 379 8 13 0.023069408 
106 386 10 19 0.022916997 
395 359 9 16 0.022897616 
866 308 3 5 0.022744227 
323 332 4 7 0.02273237 
280 390 7 9 0.022644607 
808 300 5 7 0.022506556 
1080 363 16 27 0.022371294 
178 287 9 14 0.022215119 
159 347 11 19 0.022178063 
767 311 7 10 0.022149345 
847 312 5 8 0.022087876 
358 383 8 10 0.022057071 
159 297 8 14 0.021982223 
223 344 7 8 0.021900263 
66 325 13 19 0.02184571 
0 386 5 19 0.02181357 
257 352 8 10 0.02150359 
941 489 25 28 0.021498965 
181 336 16 28 0.02142741 
25 403 15 30 0.021408195 
709 303 10 10 0.021304673 
308 381 7 9 0.021162456 
159 436 10 20 0.02115496 
790 302 5 6 0.021095324 
175 312 11 17 0.021043789 
251 304 7 11 0.02099322 
1008 378 14 22 0.020966941 
746 478 20 35 0.020559968 
871 376 15 24 0.020519948 
301 388 6 10 0.020509925 
859 307 4 6 0.02037036 
219 343 7 9 0.020322315 
13 315 28 54 0.020139355 
779 379 17 28 0.020049974 
183 328 8 13 0.020037003 
995 377 21 37 0.020036986 
322 337 6 9 0.020003842 
