2_Demonstration_Protesters_2_131
1947
126 616 18 25 0.9788592 
410 541 11 15 0.96999353 
265 582 16 21 0.95830697 
189 562 13 15 0.9487843 
479 561 15 19 0.9478126 
212 617 18 25 0.9320097 
184 588 15 21 0.9299819 
553 550 12 18 0.929377 
306 555 13 18 0.92832434 
461 615 17 26 0.91537017 
377 609 16 31 0.9089357 
824 515 10 14 0.90559393 
264 661 31 36 0.8872973 
218 554 12 14 0.8856055 
864 568 19 24 0.8745673 
88 587 18 18 0.8618585 
42 570 21 20 0.8567668 
464 536 10 11 0.83802277 
182 522 10 12 0.81794864 
316 591 16 26 0.8050488 
954 558 18 17 0.79779524 
35 596 19 27 0.7954869 
975 574 19 20 0.78620976 
405 520 9 12 0.7772022 
391 518 6 11 0.7704624 
937 524 9 13 0.75938296 
130 583 13 20 0.74992156 
361 560 10 14 0.7402103 
886 612 11 18 0.7165588 
297 626 18 26 0.68964595 
171 541 10 14 0.66924655 
319 541 9 13 0.6629543 
220 516 10 12 0.61478007 
256 524 10 11 0.6035729 
413 583 15 22 0.59603584 
135 524 9 12 0.59158915 
777 513 10 12 0.5625807 
319 524 8 11 0.5539773 
502 523 7 13 0.5433433 
426 515 8 12 0.5353793 
690 545 12 20 0.5083019 
664 579 11 18 0.49875003 
148 537 10 15 0.49569827 
235 550 9 12 0.49497196 
711 542 8 14 0.4922007 
516 514 7 10 0.4837227 
752 525 8 11 0.45906365 
608 493 5 9 0.4340414 
211 528 8 12 0.4328642 
285 523 8 11 0.43088266 
419 563 10 14 0.42107287 
665 516 8 11 0.42096275 
567 521 8 14 0.40174899 
119 523 8 12 0.3987306 
469 511 6 10 0.39786476 
786 486 6 9 0.39773524 
183 508 7 9 0.38170865 
445 534 9 13 0.38076404 
867 515 9 13 0.37729064 
896 560 12 15 0.36469004 
623 522 8 12 0.3643862 
657 549 11 15 0.36309108 
901 494 9 9 0.35418117 
998 536 10 12 0.35376412 
974 500 8 9 0.34734234 
340 474 5 8 0.34671053 
724 507 7 11 0.3383335 
605 554 11 14 0.33475578 
170 513 7 9 0.33057663 
365 494 5 9 0.3207232 
442 489 6 8 0.31885517 
172 479 6 8 0.31200927 
748 523 8 12 0.3111206 
430 464 4 5 0.31038287 
344 511 6 9 0.30253232 
456 547 11 15 0.2966851 
462 494 6 7 0.2928663 
256 495 7 9 0.29162526 
626 477 4 7 0.2869949 
846 492 7 9 0.28311288 
244 525 8 10 0.2789884 
703 462 4 7 0.2708615 
267 513 7 10 0.2696451 
442 29 9 20 0.26867107 
568 588 10 21 0.26750737 
398 474 6 8 0.2635611 
472 463 5 7 0.26319873 
940 498 7 10 0.26110825 
398 573 8 16 0.25984785 
634 510 7 12 0.25712746 
424 464 4 5 0.25528616 
518 540 7 13 0.2544431 
672 538 7 11 0.25200793 
582 567 9 17 0.25103647 
399 465 3 4 0.2488164 
741 506 9 10 0.24733077 
870 469 4 7 0.24704504 
716 565 16 26 0.24669874 
375 531 8 13 0.24518146 
377 476 4 7 0.23695578 
610 525 10 14 0.233897 
320 500 7 9 0.23343417 
528 546 12 20 0.23221336 
399 469 4 6 0.23133281 
455 463 4 5 0.23085055 
332 500 7 10 0.22901538 
174 497 7 11 0.22847526 
429 494 5 7 0.22827448 
510 643 13 34 0.22547545 
591 493 5 8 0.22513913 
499 529 8 13 0.22470735 
654 482 4 7 0.22466587 
868 500 6 8 0.22443156 
739 545 12 15 0.22425094 
326 501 6 9 0.21836293 
405 500 6 9 0.21807718 
803 501 9 12 0.21771377 
225 498 6 9 0.2157735 
411 463 4 5 0.21377374 
351 487 6 9 0.21048549 
787 534 10 15 0.20863642 
391 468 4 6 0.20790996 
768 502 6 9 0.20755121 
665 493 5 8 0.20730567 
36 536 12 16 0.20553042 
659 517 7 11 0.20459758 
429 459 3 4 0.20396495 
218 486 6 9 0.20221527 
672 488 5 7 0.2019039 
776 497 7 10 0.20161055 
403 469 4 6 0.20081075 
365 525 7 13 0.20045161 
787 505 7 9 0.1989252 
372 475 5 7 0.19793215 
36 500 9 9 0.19764969 
652 554 10 16 0.19716795 
589 472 3 4 0.19661899 
584 470 3 4 0.19394194 
882 519 9 10 0.19346079 
390 481 5 7 0.19299892 
684 512 7 10 0.19169505 
242 530 9 11 0.19165172 
445 548 8 15 0.19127828 
365 488 5 8 0.19088472 
371 511 6 10 0.19083941 
680 496 4 7 0.1897528 
429 489 4 7 0.18923315 
697 517 6 10 0.18855767 
94 490 9 11 0.18749449 
590 458 3 4 0.18586935 
433 512 7 12 0.18422954 
301 519 7 10 0.18401003 
249 481 6 7 0.18219414 
705 531 7 11 0.18152478 
480 475 4 7 0.18057783 
507 469 3 6 0.179807 
268 488 6 7 0.17909189 
803 541 13 21 0.1790801 
995 586 10 17 0.17846017 
211 273 66 119 0.17808402 
275 500 7 8 0.17543481 
974 475 5 5 0.17519698 
410 475 4 6 0.17506328 
392 493 5 8 0.17419246 
377 481 5 7 0.17406528 
435 465 3 4 0.17365178 
917 476 5 6 0.17291942 
345 487 5 8 0.17278992 
454 500 5 7 0.17249711 
603 458 3 4 0.1722056 
596 458 2 4 0.17068693 
584 466 3 4 0.17003486 
27 640 16 32 0.16991524 
609 490 4 7 0.16936885 
551 534 6 13 0.16908759 
790 511 9 12 0.1689868 
889 509 6 7 0.16509648 
385 480 5 8 0.164617 
558 451 3 5 0.16410224 
85 559 11 17 0.1638484 
965 505 7 9 0.16375281 
446 489 5 7 0.1632984 
404 459 3 4 0.16302122 
204 470 5 7 0.16266419 
604 494 5 7 0.16257791 
672 483 5 6 0.16250508 
843 543 9 15 0.16181345 
578 470 3 5 0.16111982 
31 541 10 14 0.16095446 
635 499 5 8 0.16084918 
905 519 8 11 0.16069388 
661 494 4 7 0.15989837 
215 570 10 12 0.15971376 
62 506 7 9 0.15609334 
424 460 4 4 0.15527362 
589 475 4 5 0.1551214 
410 487 6 7 0.15462445 
612 511 7 10 0.15439716 
469 466 5 7 0.15411356 
296 596 10 17 0.153776 
449 458 3 4 0.15374589 
978 475 5 6 0.15297611 
576 452 3 4 0.1500537 
410 483 5 7 0.1497323 
675 564 11 13 0.14943095 
461 468 4 6 0.14874052 
100 519 7 11 0.14796439 
436 495 4 6 0.14666921 
416 488 4 6 0.14662404 
746 510 8 10 0.14632846 
714 575 11 21 0.14568868 
666 477 3 5 0.14497755 
762 477 4 6 0.14438024 
640 496 5 7 0.14401038 
269 482 4 6 0.14389178 
442 470 5 5 0.14378129 
688 557 11 17 0.1433454 
624 476 4 6 0.14228433 
395 494 6 8 0.14191674 
333 488 5 7 0.14185204 
75 501 7 9 0.141725 
870 475 5 7 0.1413237 
831 563 15 24 0.14047356 
545 460 3 4 0.14042945 
709 506 7 9 0.14039312 
666 489 5 7 0.14015384 
209 511 7 10 0.14002442 
436 459 4 4 0.13852084 
678 499 5 8 0.13830104 
139 557 11 13 0.13712828 
3 507 8 11 0.13710979 
461 465 4 5 0.13678463 
340 488 5 7 0.13653067 
376 513 7 10 0.13546786 
646 489 5 6 0.13513182 
596 471 3 5 0.1350006 
411 460 3 4 0.13442579 
855 511 7 12 0.13409765 
199 508 6 9 0.13362727 
722 488 5 7 0.13356623 
416 464 4 4 0.13340516 
455 459 3 5 0.13298918 
658 577 11 17 0.13294092 
952 517 8 10 0.13288441 
915 511 7 10 0.13170362 
454 482 5 6 0.13124816 
747 557 9 18 0.13114227 
422 483 5 7 0.1309821 
687 501 6 8 0.13076648 
686 456 4 6 0.13064604 
731 484 3 5 0.13031466 
971 485 7 8 0.13016544 
205 474 5 7 0.12999512 
610 463 3 5 0.12921189 
448 494 6 7 0.12907754 
500 457 3 5 0.12871009 
960 501 8 9 0.12845448 
564 453 3 4 0.12758173 
341 511 6 9 0.12733847 
946 470 5 6 0.12637284 
443 458 4 4 0.12627985 
590 490 4 6 0.12564045 
366 475 4 7 0.12545596 
902 488 8 9 0.12518016 
596 483 4 6 0.12497933 
385 502 5 8 0.1248813 
730 486 5 7 0.12487576 
660 478 4 6 0.124823734 
540 459 2 5 0.1240911 
596 464 3 4 0.12355217 
871 464 3 5 0.12339023 
351 542 7 11 0.123220764 
67 516 8 10 0.12298462 
658 481 4 6 0.12230721 
392 465 3 5 0.122255035 
532 458 3 4 0.122182444 
736 471 4 6 0.12189292 
867 469 4 7 0.12165175 
288 500 6 8 0.12137921 
363 585 9 17 0.12083256 
526 457 3 4 0.12057596 
212 498 7 9 0.12039478 
590 453 3 4 0.120290466 
623 494 4 7 0.11994741 
532 513 6 9 0.11964041 
609 459 3 5 0.1187769 
596 475 4 6 0.11841796 
756 574 11 15 0.118391275 
296 482 4 6 0.11809531 
688 504 7 11 0.117938526 
443 476 4 6 0.117715105 
326 483 4 7 0.11735961 
304 525 8 10 0.116675906 
614 489 4 7 0.116042666 
296 500 5 8 0.11580797 
630 601 17 23 0.115056634 
865 463 4 6 0.11490656 
710 500 6 7 0.114617445 
417 460 3 4 0.114598475 
836 626 16 25 0.11456906 
472 468 6 7 0.11414051 
762 469 4 5 0.112946026 
974 473 4 4 0.1128444 
768 489 5 8 0.112749405 
732 471 3 6 0.11254156 
745 464 3 5 0.111997254 
615 459 3 4 0.111953035 
138 520 8 10 0.11189791 
334 483 4 6 0.11151323 
921 476 4 6 0.11127992 
461 499 6 9 0.11108952 
353 482 5 7 0.110839434 
389 477 5 7 0.11067514 
761 481 5 6 0.11045944 
344 475 5 6 0.11005813 
249 487 5 7 0.10949019 
596 454 3 3 0.108959846 
971 594 12 22 0.10836107 
462 489 5 8 0.10781842 
501 465 3 4 0.10761858 
724 621 23 29 0.10691876 
731 476 3 5 0.10665751 
704 457 4 7 0.10646933 
917 472 4 5 0.10623782 
353 493 4 8 0.106104374 
392 489 4 7 0.106020615 
150 545 10 14 0.10585113 
395 500 5 8 0.10558447 
885 476 4 6 0.10533562 
260 519 9 10 0.10519703 
794 477 5 6 0.10505563 
365 511 6 9 0.10499687 
359 477 4 6 0.10494873 
967 477 4 4 0.104927726 
959 531 8 10 0.10478597 
114 541 9 14 0.104401186 
913 517 7 11 0.104309045 
275 495 6 7 0.10417879 
755 469 5 5 0.10408982 
291 548 7 13 0.10340691 
552 451 3 4 0.10304637 
462 514 5 8 0.103003584 
624 531 9 18 0.10299752 
326 530 9 11 0.10284346 
340 483 5 6 0.10283792 
602 482 4 6 0.10279422 
534 550 12 19 0.10274892 
639 608 15 17 0.10273366 
186 475 6 8 0.10205635 
925 615 15 19 0.10183603 
521 457 2 5 0.101725616 
877 470 4 5 0.10169285 
756 465 5 6 0.101613864 
291 513 7 9 0.10160681 
608 254 19 32 0.10147993 
333 463 3 5 0.10145 
626 494 4 7 0.10138673 
403 464 3 5 0.10119747 
227 470 4 6 0.10114584 
1009 564 8 13 0.10097584 
602 476 3 5 0.100809224 
850 489 6 9 0.100518934 
327 496 5 7 0.100498185 
410 471 4 5 0.09983982 
648 571 16 22 0.09971052 
361 495 4 7 0.0997079 
768 482 5 7 0.09960774 
888 482 6 6 0.099524975 
506 465 2 4 0.099431686 
670 515 6 9 0.099127434 
639 498 5 8 0.09852268 
170 508 7 9 0.09797439 
430 470 4 5 0.09796566 
762 465 4 5 0.097372875 
276 506 6 8 0.09709567 
423 488 4 7 0.09698435 
884 457 4 6 0.096958295 
384 506 5 7 0.096836105 
106 509 10 13 0.09679784 
449 477 4 6 0.096606344 
386 469 4 6 0.096568875 
129 488 8 10 0.09618722 
926 506 6 9 0.09602621 
417 484 4 6 0.09588355 
448 453 3 4 0.095747106 
454 497 5 6 0.09549536 
320 506 6 8 0.0953757 
554 519 8 11 0.09514708 
635 469 3 5 0.095046945 
481 489 4 6 0.09502981 
571 452 3 4 0.094935976 
128 505 9 12 0.094562955 
890 488 6 7 0.09450598 
135 319 7 12 0.094486974 
446 512 7 10 0.09445677 
603 454 2 3 0.0943611 
404 495 5 8 0.09329628 
472 508 4 8 0.09305493 
424 470 4 5 0.09282662 
689 457 4 7 0.092574835 
1015 545 7 10 0.09257339 
629 466 3 4 0.09234485 
743 520 8 10 0.092296265 
764 494 4 7 0.092043586 
159 529 7 11 0.091723725 
448 482 4 6 0.09167784 
380 529 8 14 0.09147254 
327 488 4 5 0.09142333 
261 499 6 8 0.09121261 
200 469 4 7 0.09071265 
402 475 5 7 0.090645984 
303 514 6 8 0.09030218 
540 464 2 4 0.08998333 
366 482 4 8 0.089895986 
500 476 4 6 0.08967182 
680 471 4 6 0.08954712 
39 496 8 7 0.089431725 
314 488 5 6 0.08936511 
267 556 9 13 0.08932405 
378 463 4 6 0.08861257 
570 470 3 4 0.08856617 
635 483 3 4 0.08853267 
621 444 3 4 0.088190235 
130 498 10 11 0.088187575 
177 495 6 7 0.08807661 
916 494 6 7 0.08805221 
519 463 3 6 0.08798776 
627 469 4 5 0.08797043 
714 518 7 8 0.0879314 
884 471 3 4 0.08791745 
589 464 3 4 0.08786477 
749 465 4 5 0.08782629 
481 507 4 7 0.08770807 
249 508 6 8 0.08765244 
346 471 4 6 0.08750713 
349 557 8 11 0.087453134 
260 496 6 7 0.08742736 
608 498 4 8 0.08704182 
704 468 4 7 0.086831875 
166 535 9 12 0.086341135 
641 477 3 5 0.0860698 
429 476 5 5 0.08602282 
922 471 3 5 0.08599553 
379 470 3 5 0.085960224 
922 481 6 7 0.08590214 
435 470 4 5 0.08584649 
690 461 5 9 0.0856323 
640 482 4 5 0.08549921 
575 483 4 6 0.085338585 
736 488 5 7 0.08525156 
750 469 4 6 0.085083745 
616 483 3 5 0.0850228 
312 513 7 9 0.08481605 
696 575 14 23 0.08469865 
617 445 3 5 0.08465955 
645 495 4 6 0.08440595 
170 517 8 10 0.08431142 
475 475 5 7 0.08426616 
373 463 4 6 0.084159754 
687 489 5 7 0.08408482 
858 490 4 7 0.08405956 
490 608 17 34 0.08395599 
269 477 5 6 0.08360851 
499 452 3 4 0.08355641 
315 484 4 5 0.08355019 
255 557 9 12 0.08353851 
400 460 3 4 0.08351317 
743 470 4 6 0.08350876 
929 471 3 4 0.08349214 
371 471 4 5 0.08331805 
249 477 5 6 0.08310951 
524 528 7 12 0.08298684 
644 577 11 17 0.08295775 
571 482 4 6 0.08278818 
442 464 4 5 0.08257309 
734 530 8 10 0.08232999 
977 496 7 8 0.08225999 
27 496 7 8 0.08210113 
941 477 5 6 0.08205092 
663 553 8 12 0.0819599 
186 496 5 6 0.08187212 
488 519 6 10 0.08186108 
896 464 3 4 0.08179982 
677 488 5 7 0.08169115 
943 471 4 4 0.08147082 
872 482 5 7 0.081467584 
737 456 4 8 0.08144215 
170 560 9 13 0.08129199 
501 470 3 5 0.08109414 
321 484 4 5 0.08102355 
183 554 9 13 0.080882385 
744 487 6 7 0.08078251 
424 475 4 6 0.08077595 
25 513 11 11 0.08062872 
602 579 9 17 0.08061983 
813 473 6 8 0.08060734 
219 483 5 7 0.08050543 
532 464 3 5 0.08040844 
735 506 7 9 0.08016798 
756 477 5 6 0.08016345 
757 481 5 6 0.08014806 
871 459 4 5 0.08014351 
199 464 3 4 0.080131374 
589 511 7 11 0.079968505 
577 500 5 8 0.07994489 
334 476 4 6 0.079768 
353 476 5 6 0.079764076 
654 487 4 7 0.07967647 
655 495 4 6 0.079559386 
332 495 5 7 0.07950554 
685 495 4 6 0.07947534 
710 572 9 17 0.07944459 
228 499 6 8 0.07939157 
520 453 3 4 0.07915365 
454 552 9 16 0.079124294 
993 503 4 6 0.079107225 
72 505 7 10 0.079054 
654 471 3 4 0.07888181 
425 495 4 6 0.07886481 
993 495 6 7 0.078779094 
584 458 4 4 0.078663185 
737 475 4 5 0.078453444 
454 477 4 5 0.078412786 
603 490 4 6 0.07835606 
794 500 5 8 0.07818807 
222 487 5 8 0.07814285 
816 487 7 8 0.07814188 
557 470 4 5 0.07798521 
206 465 3 4 0.0779258 
729 538 9 11 0.07763177 
890 470 4 5 0.07740207 
103 505 7 10 0.07729189 
443 483 4 5 0.077244125 
878 465 3 4 0.076864146 
506 458 2 4 0.07681426 
878 458 3 5 0.07672869 
678 484 4 6 0.076706626 
466 489 4 7 0.076607734 
513 544 6 10 0.07658939 
2 511 6 10 0.076521516 
371 530 9 12 0.07583555 
359 499 5 8 0.0757191 
654 519 6 10 0.075706385 
647 477 4 5 0.07563656 
594 489 4 7 0.07553317 
602 470 3 5 0.0753495 
155 525 6 10 0.075291984 
891 464 3 4 0.07514759 
577 476 3 5 0.0750839 
559 447 2 3 0.075052746 
667 483 4 5 0.07504057 
696 482 5 8 0.07495839 
367 470 3 6 0.07485671 
711 513 7 10 0.07474331 
891 458 3 5 0.07461798 
885 481 6 7 0.07459201 
450 463 3 5 0.07455984 
217 579 15 19 0.07431597 
767 493 5 7 0.074170925 
166 542 9 13 0.07415914 
687 444 3 6 0.073924765 
192 500 5 7 0.07321373 
627 481 4 5 0.07306883 
52 508 6 7 0.07296432 
673 501 5 7 0.07285568 
635 478 3 5 0.072787605 
334 459 3 4 0.072749995 
526 464 3 5 0.07269906 
382 524 7 12 0.07261313 
481 481 4 6 0.072423495 
818 506 7 11 0.07215398 
564 515 5 8 0.07203152 
226 554 10 15 0.07196692 
610 507 5 9 0.0718422 
655 478 3 5 0.071841344 
737 450 4 7 0.071742654 
685 451 4 7 0.07161126 
743 483 6 6 0.07160378 
114 506 6 9 0.07156617 
686 461 4 8 0.07149592 
641 471 3 4 0.07145067 
494 465 3 4 0.0714148 
690 489 5 7 0.07122202 
875 483 5 6 0.07111115 
514 464 3 5 0.071041435 
888 477 4 5 0.07103742 
655 513 6 10 0.071029626 
909 472 4 5 0.070756316 
371 516 7 12 0.07071921 
194 462 4 6 0.07068297 
712 475 3 5 0.07050976 
729 530 7 9 0.07018967 
264 482 5 5 0.07018471 
615 477 4 6 0.07010901 
616 452 3 4 0.07006493 
480 471 3 5 0.070028305 
308 501 5 7 0.06994488 
614 462 4 5 0.06992325 
979 472 4 5 0.06990495 
786 492 7 9 0.069877535 
203 501 5 7 0.06981013 
386 477 4 7 0.06970055 
536 514 5 9 0.06946224 
565 466 3 4 0.06927766 
457 507 4 7 0.06918478 
417 471 4 5 0.06916071 
71 495 6 6 0.068585135 
424 501 5 7 0.068481594 
444 454 3 3 0.06839612 
837 547 12 16 0.06837726 
481 458 3 4 0.068258874 
867 474 5 7 0.06811387 
680 567 11 16 0.06798738 
704 475 4 6 0.06789796 
495 458 3 4 0.06783387 
788 456 5 6 0.067742795 
306 496 5 5 0.067716 
531 498 5 8 0.06769862 
199 500 6 8 0.0676607 
609 483 3 5 0.067577675 
564 456 3 4 0.06752297 
622 482 4 5 0.06749308 
590 483 3 5 0.067488275 
774 476 4 6 0.06743347 
344 519 6 10 0.067422256 
186 480 6 7 0.06741576 
416 475 4 6 0.067374356 
552 448 2 3 0.06726723 
225 620 14 19 0.067227386 
947 514 9 10 0.06718222 
602 464 3 4 0.06704737 
722 493 5 8 0.0670395 
690 524 6 10 0.066887796 
647 471 3 4 0.06686318 
17 487 8 7 0.066860735 
584 453 3 3 0.06685875 
927 482 5 7 0.06679061 
955 495 6 7 0.06675464 
239 542 9 13 0.06664265 
943 487 6 8 0.06656868 
329 464 3 5 0.06635532 
648 483 4 5 0.06631982 
385 464 3 5 0.06625569 
295 463 3 5 0.06622979 
748 494 6 8 0.066152185 
623 489 3 7 0.0661151 
373 481 4 7 0.06602919 
558 559 10 17 0.066020265 
468 452 4 5 0.06597725 
987 502 4 6 0.06591017 
812 504 7 11 0.06581308 
19 498 8 9 0.065777846 
282 469 4 6 0.065607965 
641 532 6 11 0.06560442 
270 464 3 5 0.0655637 
641 490 4 5 0.06552581 
1019 519 6 8 0.06540582 
469 458 4 5 0.06527924 
255 512 6 8 0.06519951 
250 471 4 4 0.06511099 
395 489 5 7 0.0649062 
570 466 3 4 0.06481336 
633 466 3 4 0.06480782 
200 495 5 7 0.06478644 
673 477 3 5 0.06469478 
588 519 7 10 0.06466895 
197 610 13 17 0.064666264 
972 514 7 9 0.06453494 
894 508 6 8 0.06445138 
256 481 4 6 0.0640541 
488 470 4 6 0.06401013 
756 458 4 5 0.06394803 
922 489 5 6 0.06393361 
369 342 24 32 0.06391846 
717 495 6 7 0.06385329 
554 529 7 13 0.06377472 
885 508 6 8 0.06375706 
320 488 5 5 0.06374327 
712 470 3 6 0.06371807 
358 481 5 8 0.063708305 
276 489 4 6 0.06370411 
613 494 5 7 0.06363024 
577 447 3 3 0.06351733 
296 488 4 6 0.06341467 
466 500 5 9 0.06331033 
876 476 5 6 0.06320669 
684 518 6 9 0.063175865 
280 507 5 8 0.06311124 
455 488 5 6 0.063085735 
672 457 3 5 0.06305003 
57 507 7 8 0.06303477 
299 501 5 7 0.063030526 
572 524 8 11 0.062992476 
429 483 4 6 0.06294507 
968 472 4 4 0.06291782 
627 490 4 6 0.062853724 
954 482 6 7 0.062779166 
554 30 10 19 0.06270608 
166 499 6 9 0.06270003 
680 476 4 5 0.062654905 
384 489 5 7 0.06263344 
532 469 4 6 0.062517814 
628 573 8 15 0.062452544 
494 470 3 5 0.062380332 
799 545 10 20 0.062254347 
660 489 5 7 0.062224638 
345 483 4 7 0.062133037 
654 590 12 17 0.062059745 
526 470 4 5 0.06198569 
198 459 4 5 0.061931133 
550 459 3 4 0.061842334 
783 568 12 21 0.061828163 
909 475 4 6 0.061744083 
788 477 5 5 0.06173598 
176 326 19 30 0.06173209 
803 512 10 11 0.061730072 
339 493 6 8 0.061653 
340 521 6 9 0.061652523 
506 476 4 7 0.061550286 
897 471 4 4 0.061507583 
578 466 3 4 0.06149088 
817 473 6 7 0.061456516 
397 480 6 8 0.0614345 
807 446 4 5 0.061337862 
378 507 6 8 0.06127526 
794 495 6 8 0.061238155 
264 478 3 5 0.061215863 
70 481 5 7 0.061176196 
216 498 6 9 0.06104959 
608 477 4 5 0.060970064 
747 488 5 7 0.060916778 
582 495 5 7 0.060555033 
742 476 5 5 0.060489405 
359 513 5 9 0.060456533 
552 471 4 5 0.06043879 
486 477 4 5 0.06030553 
622 464 3 5 0.060297422 
632 537 6 12 0.060249083 
635 489 4 6 0.06023402 
571 447 3 4 0.060159106 
928 476 5 5 0.060152553 
692 519 6 9 0.060085986 
346 560 8 12 0.060044695 
200 659 28 27 0.05999811 
754 586 14 23 0.05998394 
763 500 6 9 0.05993863 
679 518 4 9 0.05992384 
446 508 6 8 0.059793044 
570 486 6 8 0.059739746 
700 467 5 7 0.059607603 
69 540 9 14 0.059605848 
665 500 5 7 0.05959422 
32 501 8 8 0.059547123 
923 465 3 5 0.059540465 
970 569 11 14 0.059492595 
741 531 9 12 0.0593851 
944 500 7 8 0.05927116 
958 489 6 6 0.05924705 
218 464 3 5 0.059034605 
306 247 41 69 0.058919817 
309 489 4 5 0.058875326 
884 464 3 4 0.058720607 
595 500 5 7 0.05857875 
939 503 8 11 0.058545936 
525 453 3 5 0.058366857 
530 530 6 11 0.058363628 
210 547 11 13 0.058298487 
780 538 14 25 0.058286138 
584 447 2 3 0.058213495 
545 452 3 4 0.058094062 
299 483 4 6 0.05785214 
584 489 4 6 0.05778685 
691 513 6 9 0.057771336 
810 322 10 15 0.057716195 
941 482 6 7 0.05770916 
866 495 5 7 0.0576165 
25 482 7 7 0.057586584 
704 506 7 10 0.05715015 
167 508 6 9 0.057086952 
618 -6 319 347 0.057040494 
495 453 3 4 0.056965344 
621 440 2 4 0.056894418 
783 450 4 5 0.056870256 
294 496 5 7 0.056745317 
328 470 4 6 0.056731973 
476 481 4 6 0.056716412 
612 519 9 11 0.056701466 
753 508 7 8 0.05654506 
151 532 9 12 0.0565054 
321 497 5 6 0.05650264 
829 646 9 14 0.056388006 
251 513 6 7 0.056376815 
310 483 4 5 0.056335602 
533 453 2 4 0.056319386 
660 506 6 8 0.05609729 
514 439 3 4 0.05598816 
456 469 4 5 0.055977102 
436 476 4 5 0.055962518 
998 501 4 6 0.05596239 
721 543 9 13 0.055935234 
558 457 4 5 0.05573878 
702 513 7 9 0.055712283 
257 471 3 4 0.055596203 
385 493 5 7 0.055564556 
437 453 3 4 0.055388365 
787 451 4 5 0.05537624 
794 482 5 6 0.055351775 
621 508 5 7 0.055330314 
570 458 3 3 0.055188917 
251 465 4 5 0.055182125 
715 499 6 8 0.055097487 
223 483 4 7 0.05498462 
663 544 7 11 0.054783948 
551 463 3 5 0.05473518 
471 532 7 11 0.05472244 
790 506 7 10 0.054652244 
954 477 4 4 0.05463313 
725 477 3 5 0.054584324 
280 494 5 6 0.054563645 
123 7 182 207 0.054523308 
531 481 5 8 0.05446541 
665 506 5 8 0.054396335 
571 478 3 4 0.054371994 
558 465 3 4 0.05436252 
360 457 3 6 0.054358862 
170 481 4 6 0.054298956 
370 495 4 8 0.054236684 
242 499 6 9 0.05421927 
896 458 3 5 0.05420956 
102 511 8 12 0.054098137 
718 476 3 4 0.054086637 
544 437 2 5 0.05398526 
352 524 6 10 0.05396274 
302 496 4 6 0.05393575 
583 476 4 5 0.053931944 
280 490 5 7 0.05392278 
700 457 4 7 0.05389599 
417 453 3 3 0.05384115 
617 440 3 4 0.053776786 
628 501 4 7 0.05376288 
417 570 13 18 0.053752426 
787 471 4 5 0.053701263 
341 458 3 4 0.05369364 
757 452 4 4 0.05358817 
670 566 12 16 0.053565882 
66 481 6 6 0.05356335 
897 477 4 5 0.053557497 
294 507 6 7 0.053522315 
685 475 3 7 0.053418558 
790 518 9 12 0.053382143 
623 470 3 6 0.053296093 
738 553 15 24 0.0532076 
372 499 5 8 0.053110838 
1019 515 5 7 0.053088043 
725 560 12 20 0.053037222 
539 453 2 3 0.05296168 
291 554 9 16 0.052941453 
922 501 6 8 0.052860104 
329 475 3 6 0.05281997 
178 482 5 7 0.05277849 
467 642 15 28 0.05275989 
506 515 4 6 0.05270947 
736 444 5 6 0.05266685 
473 519 6 10 0.052628603 
290 496 4 7 0.05257763 
856 516 8 12 0.052557178 
737 462 3 5 0.05254509 
513 452 2 4 0.05252773 
330 534 9 12 0.05248175 
922 506 5 9 0.052446444 
933 488 6 7 0.05239596 
218 471 4 5 0.05219994 
783 476 4 7 0.052136704 
487 481 4 6 0.052099157 
575 488 4 7 0.05208748 
295 477 4 6 0.052069508 
959 483 5 6 0.052020464 
41 552 14 16 0.052013144 
673 494 4 6 0.0519471 
961 477 4 4 0.05191976 
772 506 8 8 0.05187549 
437 490 4 6 0.051792193 
335 470 3 6 0.051781796 
148 504 7 11 0.051679704 
265 489 5 6 0.051641867 
132 533 11 14 0.051606525 
379 488 5 7 0.05157443 
926 501 6 8 0.051507756 
270 470 4 5 0.051416524 
450 499 6 7 0.0513525 
302 459 3 5 0.05128316 
494 477 4 5 0.05128054 
205 517 7 9 0.051177617 
564 469 3 5 0.05112467 
739 536 11 13 0.051078346 
869 506 6 10 0.05100259 
756 488 6 8 0.050894316 
985 496 6 6 0.050875414 
897 482 5 7 0.050857592 
968 483 5 6 0.05080861 
269 550 7 10 0.05066588 
652 524 6 8 0.050657984 
750 459 4 4 0.050634924 
935 476 4 5 0.05061959 
34 574 18 23 0.0504731 
814 484 5 6 0.050443564 
725 483 4 6 0.050396908 
173 489 5 7 0.050347805 
416 519 6 10 0.050337493 
868 496 6 7 0.050321653 
800 488 5 6 0.050306406 
524 514 5 8 0.05028691 
474 457 3 5 0.05026749 
247 520 7 9 0.050262537 
251 495 5 7 0.050234266 
686 438 3 5 0.050202034 
43 513 7 8 0.0501823 
60 530 10 11 0.050172124 
906 499 6 7 0.050156604 
710 463 4 6 0.05005151 
666 472 3 4 0.050039265 
794 457 4 5 0.050003827 
359 508 5 8 0.049989108 
563 482 4 6 0.04997492 
126 523 9 13 0.049952503 
186 501 6 7 0.049932834 
81 505 7 9 0.049927074 
270 458 3 5 0.049750835 
168 494 5 9 0.04974364 
480 502 3 6 0.04949046 
474 525 6 9 0.049451012 
396 513 6 10 0.049426146 
412 453 2 3 0.04929527 
179 469 4 7 0.049257047 
361 550 11 15 0.049242444 
248 555 10 15 0.04895236 
323 547 8 14 0.04889124 
890 617 14 16 0.048846006 
204 513 7 9 0.04880529 
301 489 4 5 0.048771564 
743 458 3 5 0.04877138 
405 482 4 7 0.048766 
359 518 5 9 0.048687194 
461 459 4 4 0.048668157 
947 476 4 6 0.048612423 
660 471 3 4 0.048489574 
921 578 11 18 0.04848309 
378 494 5 8 0.048463732 
788 544 15 25 0.048388 
454 519 6 8 0.04835328 
992 507 6 6 0.04834162 
603 500 5 7 0.048296425 
968 487 6 7 0.047794126 
699 501 5 7 0.04764728 
363 544 8 10 0.04762601 
364 519 6 10 0.04756618 
91 558 11 17 0.047545064 
522 537 7 14 0.047480013 
564 447 2 3 0.047456857 
622 451 3 5 0.047435887 
493 482 4 6 0.047344424 
667 456 4 5 0.047269568 
584 483 4 5 0.047182743 
276 464 3 5 0.047130913 
506 452 3 4 0.04711768 
489 464 3 4 0.04710351 
842 571 10 16 0.046809953 
377 524 7 13 0.046786275 
752 565 10 18 0.04677816 
344 493 5 7 0.04672643 
937 499 6 8 0.04669955 
377 501 6 7 0.04661686 
800 451 5 5 0.046527777 
972 529 9 10 0.046520244 
165 554 9 15 0.04649369 
39 482 5 6 0.046448737 
987 482 6 7 0.046396006 
993 489 5 6 0.04631207 
686 483 3 5 0.04630904 
646 500 5 8 0.04623911 
564 478 3 5 0.046206564 
1006 507 6 7 0.046205223 
225 475 5 6 0.04617413 
734 537 9 11 0.04602759 
997 508 6 7 0.04600752 
577 495 6 8 0.045945678 
206 529 7 11 0.045931343 
847 544 11 16 0.045845225 
250 499 6 9 0.04580291 
443 512 6 10 0.04574735 
303 463 3 5 0.045713857 
698 476 4 8 0.04568983 
883 513 7 9 0.045669727 
865 459 3 5 0.0456358 
801 457 4 5 0.045463078 
611 551 8 13 0.045324244 
530 536 8 14 0.045320515 
795 452 3 4 0.045211513 
258 477 3 5 0.045167495 
917 500 5 8 0.0451177 
169 489 4 7 0.04503913 
309 459 3 5 0.04502775 
581 499 5 8 0.044898793 
461 507 4 7 0.044886462 
213 488 6 8 0.044860393 
373 458 4 6 0.044849534 
455 453 3 3 0.044829972 
429 508 5 8 0.04477719 
683 66 30 51 0.0447125 
166 525 7 11 0.044634856 
665 538 8 11 0.04460469 
256 465 3 4 0.044586223 
590 500 5 6 0.044583302 
765 548 8 14 0.044525504 
935 471 4 4 0.044331446 
12 526 7 11 0.044246476 
1006 627 21 48 0.044185013 
191 477 4 6 0.044101007 
1009 508 5 6 0.04401801 
340 464 3 4 0.043921273 
289 508 5 7 0.043914735 
935 508 6 8 0.043838482 
161 512 5 8 0.04376346 
468 516 5 11 0.043749444 
1019 515 16 21 0.043747608 
208 600 10 15 0.04373823 
202 561 11 14 0.043726 
513 458 3 4 0.043700654 
798 494 6 8 0.04369196 
75 495 5 6 0.043653186 
60 542 11 14 0.04363892 
436 483 5 5 0.04362182 
336 501 6 7 0.043601155 
253 536 9 11 0.043561365 
461 518 5 8 0.0435421 
30 578 10 17 0.043538358 
784 482 5 7 0.043521848 
742 494 6 7 0.043488003 
773 520 10 14 0.04343249 
329 458 2 5 0.043411683 
488 459 3 4 0.043381818 
621 512 6 9 0.043377582 
346 457 3 5 0.04337672 
406 488 4 6 0.043364186 
759 524 8 12 0.0433391 
314 463 3 5 0.04333339 
308 507 5 8 0.04325725 
878 573 11 16 0.043210655 
423 566 11 15 0.043166127 
199 489 5 6 0.043139372 
158 543 8 13 0.04308555 
577 458 3 4 0.0430741 
471 541 10 12 0.042902373 
493 516 5 7 0.04287494 
593 507 7 10 0.042868216 
686 432 2 5 0.042826552 
300 507 6 8 0.04281248 
691 493 4 7 0.04277955 
475 502 4 7 0.0427452 
954 499 7 9 0.0427418 
462 452 3 3 0.042733688 
300 541 8 13 0.04271346 
95 498 7 12 0.04267823 
608 453 3 3 0.042664822 
178 476 5 7 0.042640526 
38 478 4 4 0.042600755 
811 518 7 10 0.0425892 
396 506 5 8 0.04258807 
332 584 10 17 0.04254625 
512 470 4 6 0.042501107 
783 464 3 6 0.042500187 
724 501 5 8 0.042499483 
323 538 9 11 0.04248623 
904 471 4 5 0.042473197 
192 481 5 7 0.042462632 
917 480 5 7 0.04242205 
838 499 6 9 0.042416174 
76 477 5 5 0.042404562 
600 563 15 23 0.04237425 
205 481 5 6 0.042293843 
838 513 8 11 0.04228587 
784 470 4 5 0.042239536 
203 507 6 9 0.042209066 
12 462 7 10 0.042183537 
783 446 3 5 0.042163827 
228 575 11 14 0.042153887 
352 471 4 5 0.041999593 
704 500 5 7 0.04197782 
361 462 3 6 0.04197273 
715 507 7 9 0.041962296 
87 522 9 12 0.041910477 
17 528 11 15 0.04185259 
105 515 10 13 0.041804716 
773 483 5 6 0.041796558 
519 510 5 6 0.041749783 
694 482 4 6 0.041739404 
985 471 4 5 0.04171313 
356 549 9 13 0.04166341 
538 470 3 5 0.041646183 
368 523 9 14 0.041582048 
891 538 8 12 0.041462213 
720 489 5 6 0.04143245 
384 259 18 28 0.041423574 
584 518 6 9 0.041408885 
1016 567 8 14 0.04130832 
957 520 7 7 0.041228876 
245 487 5 7 0.04121474 
291 483 3 5 0.041206528 
0 524 5 10 0.041157477 
805 486 6 7 0.04115411 
731 464 3 5 0.041146588 
766 523 9 13 0.041123394 
463 605 14 21 0.041078113 
919 516 7 11 0.04091263 
812 512 6 10 0.04091124 
141 537 9 11 0.040819794 
711 498 5 5 0.040777713 
371 487 4 7 0.04075477 
71 478 5 5 0.040742923 
736 494 6 7 0.040721785 
543 435 3 4 0.04071062 
976 518 7 8 0.040662434 
280 502 5 7 0.040623516 
249 536 8 11 0.040618725 
72 489 5 6 0.040597416 
929 466 3 4 0.04051018 
236 494 6 8 0.040412143 
728 501 6 9 0.040334564 
703 518 6 9 0.040301874 
431 454 2 3 0.040277597 
901 505 6 9 0.040235844 
661 500 5 8 0.040207017 
935 512 6 8 0.0401917 
785 354 9 16 0.04015383 
154 521 5 8 0.040026024 
474 453 3 4 0.039846342 
448 470 4 5 0.039830603 
576 542 8 15 0.039809946 
668 549 8 13 0.039809037 
264 465 4 5 0.039760545 
469 438 4 5 0.039679375 
921 494 5 6 0.039636787 
246 570 9 13 0.039571226 
481 511 5 8 0.039529745 
162 507 5 9 0.039522227 
193 470 4 5 0.039505642 
435 500 5 7 0.039498057 
428 500 5 7 0.039407145 
487 536 7 11 0.039398704 
547 476 3 5 0.039358906 
660 465 3 4 0.03928581 
747 484 5 6 0.03925064 
699 506 5 8 0.03914207 
77 482 5 6 0.039127078 
242 514 6 7 0.03912199 
195 460 3 4 0.03911814 
1017 585 10 16 0.039101053 
912 524 8 10 0.03908076 
794 463 4 5 0.039009582 
75 489 6 7 0.039001748 
598 541 11 16 0.038999267 
684 537 6 12 0.038992327 
763 490 4 7 0.038989767 
82 370 6 9 0.03897896 
727 539 17 20 0.038871035 
653 501 5 7 0.038780253 
405 454 2 3 0.038761977 
203 496 5 7 0.03868788 
680 440 3 4 0.038661566 
952 523 8 11 0.03864957 
671 506 6 8 0.03860516 
314 459 3 4 0.038522437 
275 470 4 5 0.038517468 
881 608 30 35 0.038435537 
455 623 9 16 0.038404092 
540 438 4 5 0.038301982 
287 553 9 15 0.038264126 
519 470 4 6 0.038239237 
34 505 10 9 0.03822592 
901 483 6 7 0.03821911 
38 513 8 10 0.038074803 
800 517 9 10 0.038046733 
76 510 8 11 0.03804235 
681 464 3 5 0.03801638 
82 522 9 13 0.037981585 
211 247 45 87 0.037961535 
582 513 6 9 0.037926495 
875 488 5 6 0.03792208 
175 471 4 5 0.03791032 
360 488 4 7 0.037904978 
119 537 8 12 0.037843697 
504 607 9 16 0.037814848 
607 520 8 11 0.037810918 
385 460 3 4 0.037757196 
532 476 4 6 0.037756287 
853 507 6 10 0.037616506 
294 525 6 9 0.037613492 
795 471 3 4 0.037599664 
314 501 5 6 0.037571047 
684 469 4 8 0.03753169 
186 471 5 6 0.037514172 
245 481 6 8 0.03748092 
920 547 9 16 0.037475366 
290 489 4 6 0.037470903 
277 456 3 6 0.037464272 
423 507 6 8 0.037436716 
836 640 11 17 0.03737801 
802 463 4 5 0.037371617 
252 612 10 14 0.037351087 
269 494 5 7 0.037343502 
301 556 10 15 0.037288364 
876 513 7 8 0.037283596 
736 484 3 5 0.037237108 
0 483 4 7 0.03723313 
464 571 14 20 0.037204567 
666 452 4 5 0.03715607 
1020 525 7 9 0.037086006 
507 446 3 4 0.03706448 
934 483 5 6 0.037038796 
319 576 15 27 0.03697815 
246 476 4 6 0.03690684 
244 495 5 7 0.036905542 
469 625 11 20 0.03688284 
639 506 5 10 0.036842562 
944 524 10 12 0.0368089 
909 457 3 5 0.03679119 
800 483 5 6 0.03676984 
904 475 4 6 0.036744427 
314 495 5 6 0.03658954 
997 496 5 7 0.036556724 
546 470 3 5 0.036532834 
783 456 4 5 0.03648507 
133 483 6 7 0.036478356 
455 514 6 8 0.036463723 
730 494 5 8 0.036423285 
577 507 5 7 0.0363342 
945 495 6 8 0.036328424 
274 530 7 11 0.03626668 
180 489 5 6 0.036190413 
179 465 4 4 0.03612972 
746 545 18 24 0.036084175 
497 606 10 16 0.036074016 
6 535 9 15 0.036064427 
558 114 24 45 0.035937004 
226 465 4 5 0.035910465 
267 507 7 8 0.03586633 
538 500 4 7 0.035798773 
923 457 3 5 0.03579428 
364 664 27 39 0.035772134 
278 453 3 5 0.035717722 
648 466 3 4 0.03571635 
275 483 4 5 0.035669528 
378 459 3 5 0.035669126 
275 525 6 9 0.035662577 
608 469 4 6 0.035613853 
583 508 5 8 0.03552897 
556 515 6 8 0.035464276 
95 513 9 12 0.03545637 
486 507 3 7 0.035452012 
423 454 3 3 0.035439152 
384 518 6 11 0.03543208 
295 469 3 5 0.03539497 
946 505 8 9 0.03539267 
749 477 4 5 0.035369705 
912 546 10 17 0.035355687 
365 464 3 5 0.035343997 
974 583 14 21 0.035274852 
808 439 3 4 0.035270646 
663 589 11 15 0.035233695 
550 542 10 19 0.035223633 
462 476 4 5 0.03519697 
461 483 4 5 0.035168253 
569 499 7 11 0.03516588 
230 475 4 6 0.03515193 
389 562 10 18 0.035144262 
480 463 3 5 0.035027612 
691 467 5 8 0.035015125 
896 502 6 7 0.034994684 
453 580 10 17 0.034975834 
281 464 4 6 0.034971353 
834 551 17 23 0.03495367 
526 475 4 6 0.034949593 
520 445 3 4 0.034928568 
241 573 11 13 0.0348556 
59 526 7 10 0.03485497 
212 465 3 4 0.03476235 
962 472 3 4 0.034569755 
801 470 4 5 0.034550507 
689 538 8 14 0.034524646 
654 466 3 4 0.034518726 
282 482 4 6 0.03449442 
558 482 4 5 0.034485463 
823 507 9 14 0.034441113 
761 544 8 13 0.034424167 
775 537 7 12 0.03438941 
422 106 40 98 0.03426087 
620 459 3 4 0.03424794 
61 535 11 14 0.03423602 
594 546 9 15 0.03412797 
481 452 3 4 0.03402756 
113 510 8 11 0.034025963 
282 476 4 6 0.03400682 
285 529 8 11 0.03395806 
621 500 5 7 0.033922207 
660 567 17 25 0.03383867 
552 476 4 5 0.033816606 
953 532 16 23 0.03380271 
813 492 7 9 0.03377853 
897 494 7 7 0.03373945 
681 457 4 5 0.033675946 
138 564 11 18 0.03361261 
301 477 4 6 0.03359419 
555 571 10 17 0.033561252 
13 483 6 7 0.033504333 
519 531 7 13 0.03342184 
698 487 4 6 0.033357713 
409 565 9 15 0.033351652 
660 451 4 5 0.03325652 
219 476 4 5 0.03325341 
954 578 19 29 0.033240564 
463 447 2 4 0.033218507 
589 447 3 3 0.033211187 
88 506 7 8 0.033149727 
246 471 3 5 0.03313788 
109 471 4 6 0.033090174 
643 69 15 25 0.03307146 
409 495 5 8 0.033067815 
787 522 10 13 0.033064283 
481 493 4 7 0.03306115 
209 552 13 17 0.033055954 
955 488 6 7 0.033052217 
903 465 3 4 0.033051666 
354 499 4 8 0.033005666 
698 496 4 6 0.03299939 
332 513 6 8 0.032937307 
360 471 3 4 0.032921396 
416 513 7 10 0.032886162 
737 440 4 5 0.03279952 
256 490 5 6 0.032774035 
271 555 10 14 0.032768622 
171 525 8 10 0.0327336 
806 463 4 6 0.032701846 
58 502 5 6 0.032696426 
472 635 10 19 0.032629725 
449 519 6 9 0.03256475 
928 488 6 6 0.032541055 
314 508 5 7 0.032527726 
992 514 6 7 0.032519404 
500 447 3 4 0.03247626 
865 505 7 10 0.032394648 
390 506 6 7 0.032345705 
541 551 10 18 0.032340333 
394 522 7 13 0.032325216 
35 545 13 15 0.03226209 
519 439 3 4 0.032227445 
333 544 7 11 0.03214965 
446 558 11 16 0.032064486 
315 235 20 34 0.03205833 
935 506 18 22 0.032035068 
807 471 4 5 0.032030568 
263 470 4 5 0.03199376 
986 475 5 6 0.0319798 
573 593 10 20 0.03196854 
500 480 4 6 0.031952903 
389 555 9 14 0.031946942 
799 477 4 5 0.031829305 
519 475 4 5 0.031742543 
341 452 3 4 0.031727575 
31 567 11 18 0.03171489 
872 487 6 7 0.031709466 
802 446 4 5 0.03170892 
945 483 6 6 0.031694043 
524 550 10 17 0.03168625 
128 483 6 7 0.031664148 
286 537 7 10 0.031662524 
429 531 6 10 0.03163244 
978 488 6 7 0.03151984 
704 497 5 5 0.03150724 
121 505 6 10 0.03150669 
918 451 3 5 0.0314743 
539 447 3 3 0.031451166 
829 597 16 30 0.031441186 
62 503 6 6 0.031401522 
691 109 29 43 0.0313767 
846 483 6 8 0.031372633 
129 12 29 54 0.03131979 
755 494 5 7 0.031253893 
73 531 10 12 0.031222392 
977 483 5 6 0.031219728 
198 482 5 7 0.03117607 
863 490 5 6 0.031172752 
846 497 6 10 0.031169869 
392 460 2 4 0.031153638 
787 464 4 5 0.031104863 
275 512 6 8 0.031094562 
400 616 11 19 0.031057345 
290 477 3 6 0.03103674 
558 477 3 5 0.031027928 
700 548 8 15 0.031027159 
768 477 4 5 0.030931637 
717 472 3 5 0.030928917 
917 465 4 5 0.030920647 
238 499 6 9 0.030902626 
647 504 5 11 0.030895721 
975 466 3 3 0.030850578 
518 433 3 4 0.030761823 
691 450 3 7 0.030711241 
895 488 7 7 0.030696537 
857 499 7 9 0.030625641 
629 438 3 4 0.03058789 
723 531 8 10 0.030573571 
546 531 5 11 0.030549295 
469 475 4 6 0.030545935 
986 487 6 6 0.030544924 
730 451 4 5 0.030513102 
703 483 5 7 0.030479558 
31 482 7 6 0.030477503 
300 530 8 11 0.030476188 
909 544 8 15 0.030460866 
500 654 18 35 0.030412627 
215 526 7 10 0.030374292 
692 475 5 8 0.030309854 
309 463 3 4 0.030272232 
641 466 3 3 0.030266346 
347 464 3 4 0.030258495 
768 470 4 5 0.03024618 
877 518 8 10 0.03020309 
558 442 3 3 0.030197693 
107 502 7 10 0.030149195 
544 536 7 12 0.030103166 
200 475 4 6 0.030082926 
487 501 3 7 0.030037576 
627 508 4 7 0.030023852 
736 513 6 8 0.030022003 
731 457 3 6 0.02995866 
725 472 3 5 0.029936293 
616 427 3 4 0.029884197 
725 451 4 6 0.029877208 
375 550 8 13 0.02986487 
547 448 2 3 0.029763123 
679 507 5 7 0.029761994 
664 523 7 10 0.029758966 
312 519 7 8 0.029754337 
12 456 6 7 0.029690985 
981 465 3 4 0.029677758 
505 544 6 10 0.029649043 
212 482 5 7 0.029640606 
675 542 8 11 0.029600304 
324 559 9 15 0.02952259 
917 490 5 6 0.029507285 
5 517 7 12 0.02948515 
682 52 21 37 0.02947685 
416 495 5 6 0.029395565 
680 399 3 6 0.029385842 
776 457 3 5 0.029359523 
383 514 6 8 0.029295666 
351 547 9 14 0.029284967 
812 445 4 5 0.0292344 
276 476 3 6 0.029228892 
939 511 9 10 0.029209213 
324 520 7 9 0.02919427 
1012 519 6 7 0.029181777 
610 419 3 5 0.029180806 
761 518 8 12 0.029170869 
1020 500 15 21 0.029162249 
755 501 5 7 0.029140456 
768 464 3 5 0.028966602 
34 477 4 5 0.028945379 
236 488 6 8 0.028932385 
769 512 6 9 0.028916186 
12 520 7 10 0.028869461 
627 555 7 12 0.028860841 
255 565 9 16 0.028763134 
802 438 4 5 0.028743634 
877 509 6 7 0.028725605 
773 488 5 7 0.028724814 
358 524 7 12 0.0287064 
709 527 6 8 0.028705018 
408 505 6 8 0.028698597 
268 531 8 11 0.028606351 
615 501 4 6 0.028593857 
126 536 9 13 0.028593209 
292 519 7 10 0.028574023 
169 477 5 7 0.02856849 
434 509 5 7 0.028559746 
296 459 3 5 0.028556213 
234 569 11 14 0.028507864 
661 445 3 5 0.028464343 
258 560 11 15 0.028452875 
1020 500 6 8 0.028349504 
725 457 3 5 0.028343154 
794 488 5 6 0.02834186 
513 446 2 3 0.028334016 
81 511 9 11 0.028326014 
370 551 9 13 0.028214814 
909 513 7 10 0.028198268 
891 493 6 7 0.02815336 
1029 583 16 28 0.028142288 
475 489 3 6 0.028114762 
1017 535 14 21 0.02810585 
748 499 6 8 0.028088674 
622 408 2 4 0.028088171 
953 472 4 4 0.028068984 
212 470 4 5 0.028028168 
687 39 38 49 0.027961235 
341 446 3 4 0.027943233 
192 512 7 9 0.027931033 
680 444 3 5 0.027928768 
42 532 8 12 0.027902095 
6 503 6 9 0.027867641 
187 464 4 4 0.027861146 
407 573 10 17 0.027853433 
666 41 17 31 0.027851481 
562 487 7 8 0.027833512 
618 535 11 20 0.027830165 
185 489 4 6 0.027828416 
352 507 4 8 0.027816795 
1020 506 6 8 0.02780309 
968 513 6 7 0.027773181 
253 543 10 12 0.027768163 
423 556 10 14 0.027751533 
1011 514 5 6 0.027718376 
673 472 3 5 0.02764045 
840 494 6 9 0.027523685 
514 432 4 5 0.027452685 
193 587 11 15 0.027433505 
137 324 10 15 0.027400425 
661 457 3 6 0.027390331 
364 538 7 10 0.027367957 
192 508 5 7 0.027363224 
554 20 3 6 0.027353441 
967 564 35 39 0.027342906 
1019 539 7 12 0.027274692 
37 489 7 6 0.027258271 
541 434 3 4 0.027214171 
1015 618 20 45 0.02720942 
263 506 6 8 0.027204972 
277 605 11 16 0.027202453 
14 495 7 8 0.02718175 
452 531 7 11 0.02717908 
865 482 5 7 0.027112255 
205 460 3 3 0.027105294 
603 447 2 3 0.02707839 
534 471 25 41 0.027066853 
477 543 9 13 0.027061636 
881 514 17 19 0.027044296 
487 514 5 7 0.026945036 
945 560 34 38 0.026933901 
129 472 4 4 0.026838101 
628 435 3 4 0.026837511 
627 512 6 10 0.026818331 
641 527 6 9 0.026782578 
531 508 5 8 0.026755776 
281 455 3 6 0.026718192 
98 359 6 10 0.026703892 
175 539 9 11 0.02664553 
629 458 2 4 0.026641099 
951 478 73 73 0.026617087 
872 579 13 20 0.026570207 
86 550 11 15 0.026496802 
986 610 18 37 0.026490469 
245 508 5 7 0.02649013 
118 687 42 51 0.026410088 
307 476 4 6 0.026403083 
1005 502 4 6 0.026381686 
737 502 5 8 0.026378598 
77 518 7 10 0.026367303 
285 636 10 19 0.026366355 
673 587 11 13 0.026336242 
246 465 3 4 0.026332928 
271 604 11 14 0.026303286 
714 552 11 17 0.02627751 
808 476 4 5 0.02627684 
10 623 32 56 0.026250683 
537 482 4 6 0.026219677 
269 501 6 7 0.026212428 
288 470 4 5 0.026208786 
168 66 74 116 0.02619018 
137 573 10 18 0.026144154 
837 593 9 18 0.026128918 
108 542 10 14 0.02611554 
66 478 5 6 0.026104061 
962 572 13 17 0.026066493 
975 459 3 5 0.026053967 
651 531 7 12 0.026038691 
321 457 4 5 0.026020477 
461 526 6 9 0.026006434 
537 476 4 5 0.025945675 
489 453 2 4 0.025932789 
211 584 17 24 0.025909252 
46 489 5 6 0.02590512 
442 500 5 7 0.025873879 
574 519 7 11 0.025863364 
346 452 3 5 0.02585743 
373 452 3 4 0.02583141 
840 456 5 6 0.02580594 
623 412 2 4 0.025706153 
685 425 3 5 0.025689857 
532 486 5 10 0.025672257 
67 531 11 12 0.025663886 
609 406 3 5 0.025655434 
610 447 2 4 0.025645861 
129 476 4 5 0.025641473 
339 532 6 10 0.025640596 
889 546 18 24 0.025637781 
563 525 8 15 0.025633914 
330 527 8 9 0.025593236 
615 470 4 6 0.025583781 
715 531 9 13 0.025578843 
616 432 2 4 0.025524793 
364 458 4 5 0.025522117 
706 452 4 6 0.025490902 
1020 531 7 10 0.025429145 
863 577 11 15 0.025419237 
458 469 29 39 0.025406195 
562 488 16 24 0.02537946 
508 440 2 3 0.025375996 
644 531 8 12 0.025375443 
80 548 12 15 0.025371987 
480 519 5 10 0.025348982 
775 471 3 6 0.025348859 
120 512 7 11 0.025336869 
835 602 20 33 0.025327774 
32 489 7 7 0.025280625 
987 506 5 6 0.025265252 
998 514 6 6 0.025260828 
954 530 8 11 0.025252575 
825 559 9 16 0.025213702 
666 464 3 5 0.025213273 
533 446 3 4 0.025156742 
645 593 16 22 0.025154648 
684 529 8 13 0.02515023 
74 565 18 20 0.025136754 
761 514 7 8 0.025121441 
467 483 4 5 0.025097895 
853 506 15 21 0.025085902 
817 630 19 25 0.025066374 
604 542 12 17 0.02503913 
691 445 3 5 0.025030965 
57 511 7 9 0.025013952 
762 458 3 4 0.025007714 
627 445 3 4 0.024995515 
976 504 8 9 0.024972945 
879 453 2 4 0.024964336 
124 465 3 3 0.024961216 
903 457 3 5 0.024939692 
673 47 19 34 0.024931066 
479 533 6 9 0.02492979 
991 483 5 7 0.02492458 
567 515 7 9 0.024909673 
457 578 14 21 0.024899099 
387 614 21 26 0.024852064 
188 550 11 13 0.024782602 
678 638 18 28 0.024757769 
716 525 7 9 0.024731446 
102 497 16 22 0.024715569 
929 458 3 5 0.024667775 
467 455 16 22 0.02461568 
416 507 7 8 0.024599152 
746 534 10 14 0.024563832 
127 489 15 18 0.024521347 
884 502 5 5 0.024492782 
762 438 4 5 0.024482025 
315 538 8 12 0.02446131 
116 590 17 21 0.024457578 
665 531 7 10 0.024433965 
647 525 5 8 0.024429828 
473 269 6 13 0.02442814 
1016 568 14 24 0.024415225 
727 630 26 42 0.024398362 
963 526 9 10 0.024367573 
399 453 3 4 0.024360249 
282 531 7 10 0.024357088 
568 492 7 10 0.024337118 
838 482 5 7 0.02433499 
500 432 3 4 0.02428304 
857 523 8 13 0.024268406 
622 433 3 4 0.024260344 
908 483 5 6 0.024237392 
786 586 11 21 0.02418143 
647 569 9 16 0.02417858 
673 463 3 5 0.02417301 
158 562 10 15 0.02415076 
686 459 16 27 0.024129907 
567 558 10 19 0.024106579 
685 543 8 13 0.024103593 
776 464 4 5 0.02406451 
693 564 14 23 0.024051929 
612 560 9 16 0.02405151 
806 458 4 5 0.02404922 
935 466 4 4 0.023988122 
681 36 19 34 0.023977028 
300 549 9 15 0.02397336 
1007 398 19 28 0.02396966 
718 584 11 18 0.023959849 
526 508 4 7 0.023950027 
664 562 8 12 0.023913346 
512 524 5 9 0.023898792 
353 464 3 5 0.023894299 
111 464 4 4 0.023880985 
1018 550 16 23 0.02387879 
487 439 3 4 0.023874825 
701 527 15 20 0.023857815 
66 495 5 6 0.023847941 
922 452 3 4 0.023775082 
200 613 19 22 0.023771247 
0 576 6 13 0.023738338 
999 476 4 6 0.02373073 
608 506 16 23 0.023714827 
481 446 4 4 0.023706514 
812 450 5 5 0.023626454 
378 438 3 5 0.02361545 
86 569 12 19 0.023612067 
380 427 3 4 0.02361131 
638 541 8 16 0.023599315 
485 488 4 7 0.023587497 
619 560 8 14 0.023580097 
812 544 14 24 0.023558011 
159 553 10 14 0.023547992 
761 452 3 4 0.023541942 
623 598 14 28 0.02351815 
153 240 30 29 0.023505703 
96 483 6 6 0.023502165 
1024 608 18 34 0.023492338 
814 463 4 6 0.023479423 
204 488 5 7 0.02347347 
731 445 4 5 0.023430055 
991 591 17 24 0.023418788 
416 102 6 11 0.02340195 
766 565 10 17 0.023386547 
375 586 8 14 0.023384226 
685 553 9 16 0.023381293 
935 495 6 7 0.023369243 
73 470 5 5 0.023352847 
671 45 64 96 0.02334708 
453 609 10 18 0.02333131 
494 432 3 4 0.023285735 
546 103 6 10 0.023269068 
478 470 28 42 0.023223346 
7 524 6 11 0.023212986 
560 573 9 13 0.023207106 
739 584 11 16 0.0231709 
634 438 3 5 0.02316574 
475 495 3 6 0.023139637 
513 509 13 19 0.023110274 
565 95 6 12 0.023084832 
141 514 5 8 0.023068605 
281 537 8 11 0.023067322 
795 535 12 16 0.023032993 
518 525 7 9 0.023028465 
952 505 8 9 0.023016613 
814 439 3 4 0.023016324 
580 574 12 20 0.023016311 
710 457 3 6 0.02300838 
499 548 7 12 0.023002693 
928 524 8 12 0.022965096 
849 500 6 8 0.022964403 
851 528 8 14 0.022958547 
146 526 7 10 0.022954281 
981 459 3 4 0.022944285 
774 530 8 12 0.02291432 
106 523 8 11 0.022909744 
842 516 7 12 0.022886008 
974 561 20 22 0.022854611 
302 594 16 24 0.02285192 
511 549 8 13 0.022849753 
521 420 3 5 0.022824954 
593 519 7 10 0.02279289 
423 273 7 11 0.022755926 
603 522 7 12 0.022715565 
250 317 37 63 0.022711175 
895 524 8 10 0.022706231 
67 524 9 12 0.022702957 
721 502 14 19 0.022702942 
26 542 9 13 0.022700612 
129 465 3 4 0.022677599 
995 630 18 42 0.022676578 
840 489 5 7 0.022627538 
536 507 5 8 0.02261457 
451 537 8 12 0.02261327 
476 549 10 15 0.022596262 
123 476 5 5 0.022590885 
448 527 7 10 0.02258677 
351 513 5 8 0.022572607 
295 531 6 10 0.022562165 
779 505 9 11 0.022531863 
260 250 78 116 0.022490049 
87 494 16 20 0.022420423 
890 503 5 6 0.02233708 
739 574 10 16 0.022308296 
303 470 3 5 0.02230577 
968 509 17 18 0.022299806 
18 513 9 10 0.022297349 
989 579 11 17 0.02226091 
674 425 3 6 0.022256043 
851 484 5 7 0.022255857 
0 506 13 20 0.022227667 
291 463 3 5 0.022226755 
499 515 5 6 0.022219665 
8 483 4 6 0.022202656 
136 466 3 4 0.022201419 
35 561 11 16 0.022201218 
794 446 3 4 0.022171374 
14 500 6 8 0.022147352 
795 488 17 23 0.022117255 
187 458 3 4 0.022104988 
208 627 18 32 0.022090284 
471 553 10 15 0.02208975 
674 543 15 23 0.02208837 
100 557 10 18 0.022062594 
37 526 9 11 0.022001551 
566 151 12 21 0.02198212 
219 460 3 4 0.021961637 
552 482 5 6 0.021930102 
279 687 43 68 0.021893911 
446 578 10 17 0.021847634 
906 551 11 17 0.021842632 
210 476 5 6 0.021825885 
308 -3 4 4 0.021822719 
909 464 3 5 0.021797214 
133 106 38 60 0.021779917 
667 425 3 5 0.021765718 
112 600 10 14 0.021728532 
114 526 11 16 0.021720039 
6 488 5 7 0.021714142 
613 534 9 15 0.021712808 
721 60 17 31 0.021685867 
660 539 7 11 0.021652648 
531 439 3 4 0.021646021 
991 518 7 7 0.021633409 
860 457 4 6 0.02163225 
387 468 15 23 0.021622337 
60 439 3 4 0.021615438 
9 541 11 14 0.021598391 
632 546 7 16 0.021587035 
840 452 3 5 0.021550877 
133 476 5 5 0.021550516 
715 49 104 118 0.021542972 
319 554 8 15 0.021520585 
450 447 2 3 0.021502633 
1003 558 15 23 0.02148792 
999 483 5 6 0.021487864 
672 643 8 17 0.021473583 
929 517 17 24 0.02141032 
506 479 4 7 0.021369724 
456 447 3 4 0.021352112 
410 585 11 16 0.02134941 
115 502 6 9 0.021328187 
993 476 4 5 0.02131637 
160 519 5 9 0.02131447 
829 643 18 26 0.021303218 
105 471 4 5 0.021234684 
674 420 2 5 0.021231387 
565 441 2 3 0.021216623 
258 605 11 14 0.021183936 
552 524 7 12 0.021180984 
677 531 7 12 0.021178648 
104 476 4 5 0.021163465 
948 466 3 4 0.021149205 
485 493 5 9 0.021137403 
504 563 15 26 0.021124132 
668 431 2 5 0.021121582 
25 574 10 19 0.021119026 
740 515 16 19 0.021113353 
377 544 7 11 0.02110834 
597 447 3 4 0.021101119 
653 545 9 14 0.021061568 
336 453 2 4 0.021037651 
467 525 7 10 0.021021897 
1009 569 11 18 0.021005666 
622 419 3 5 0.020991413 
517 547 8 16 0.02097 
61 514 17 20 0.02094293 
178 550 9 13 0.020936113 
681 577 13 17 0.02093053 
884 453 3 4 0.020921104 
654 69 18 29 0.020890797 
438 487 17 21 0.020886166 
511 476 4 6 0.020875653 
787 446 4 4 0.020874167 
524 525 14 24 0.02087045 
398 462 18 23 0.020851986 
775 451 3 5 0.020851359 
16 554 12 16 0.02084235 
24 534 8 14 0.020832606 
681 120 21 33 0.020803828 
757 445 4 5 0.02079366 
512 482 4 6 0.020786583 
473 265 5 9 0.020744974 
494 426 3 4 0.020744106 
826 456 4 6 0.020719027 
770 452 3 4 0.020716185 
958 513 7 8 0.020714762 
788 502 16 21 0.020708015 
670 524 7 10 0.020692993 
769 445 2 4 0.02067806 
910 453 3 4 0.02063861 
468 445 3 5 0.020632777 
613 542 8 15 0.020609345 
254 551 9 12 0.020606896 
1004 483 5 6 0.020588353 
972 599 20 29 0.020580422 
666 419 2 5 0.020550085 
330 598 9 17 0.020535555 
513 426 3 4 0.02052842 
493 438 4 5 0.020524241 
388 514 12 19 0.020474888 
917 456 4 6 0.02043434 
462 548 11 15 0.020433014 
280 555 10 13 0.020426033 
536 537 7 13 0.020404596 
73 500 15 20 0.020391056 
200 452 3 5 0.02038173 
358 590 8 17 0.020372452 
1010 402 11 15 0.020360442 
699 425 3 5 0.020357514 
576 512 7 10 0.020357093 
237 470 4 6 0.020350957 
505 536 6 11 0.020320233 
1032 534 14 23 0.020314073 
725 463 4 5 0.020296164 
139 171 268 374 0.020291537 
159 585 16 25 0.020284573 
447 21 4 10 0.02028268 
1031 559 15 26 0.02027941 
552 441 3 3 0.020265335 
544 518 5 8 0.020230094 
308 470 3 5 0.020205399 
723 527 7 7 0.02020369 
673 453 2 4 0.0201875 
1020 494 6 9 0.020167395 
148 489 4 7 0.020160796 
704 501 18 20 0.02015705 
192 443 69 79 0.020126922 
683 501 14 20 0.020125939 
712 54 20 28 0.02012213 
416 500 6 8 0.020122066 
52 502 5 6 0.020110354 
458 494 15 20 0.020109203 
76 524 8 11 0.02009274 
816 604 18 29 0.020086508 
876 495 5 7 0.020057645 
501 507 4 6 0.020043429 
746 445 33 39 0.020026192 
580 597 12 17 0.020023713 
474 437 3 6 0.02001613 
751 452 3 4 0.020000964 
