2_Demonstration_Political_Rally_2_763
41
531 149 86 132 0.9998853 
740 218 51 58 0.9998599 
291 102 82 124 0.9996505 
670 184 56 72 0.9995146 
439 197 47 64 0.99939954 
803 241 68 97 0.9990212 
251 143 49 74 0.99784267 
642 228 29 39 0.9556487 
486 216 48 84 0.9159587 
508 188 70 109 0.25360116 
2 114 12 29 0.18971123 
-1 297 21 56 0.102590844 
76 86 8 9 0.066629685 
2 53 12 13 0.0623758 
88 73 6 8 0.059025966 
12 -24 359 444 0.05779094 
478 426 25 32 0.053741515 
711 204 57 68 0.048306905 
7 60 13 12 0.047899224 
95 88 9 10 0.04437267 
387 192 40 52 0.038095776 
467 201 42 69 0.03508029 
373 124 36 60 0.033336226 
6 64 21 25 0.030908808 
89 70 6 7 0.030878508 
83 91 24 21 0.029070783 
466 152 12 20 0.028402569 
0 150 22 38 0.028266136 
122 190 61 60 0.026995584 
0 50 7 14 0.026709454 
755 345 22 22 0.024982288 
0 97 32 59 0.024811745 
96 83 7 8 0.023777936 
135 102 8 8 0.022654535 
134 105 11 13 0.022620527 
40 110 41 54 0.021485027 
0 99 6 19 0.020880628 
431 137 20 35 0.020862164 
99 87 8 9 0.020293808 
155 82 5 7 0.020265099 
369 197 38 54 0.020040944 
