2_Demonstration_Demonstrators_2_595
29
664 94 77 89 0.99805766 
283 114 177 255 0.99725336 
442 295 309 409 0.17314921 
20 554 27 35 0.15734851 
676 6 11 19 0.15676099 
640 89 284 376 0.10560249 
77 470 12 12 0.08665084 
224 602 32 52 0.08592376 
788 672 48 51 0.064544395 
447 107 45 59 0.047318343 
235 604 12 17 0.045030862 
449 695 18 23 0.04162332 
-3 502 19 47 0.0370314 
670 9 12 20 0.036249753 
681 11 10 20 0.03438504 
0 514 8 27 0.033323564 
177 438 277 344 0.031347718 
558 28 33 62 0.030129738 
296 585 18 31 0.028885357 
410 459 38 62 0.028048027 
681 20 16 33 0.027480118 
391 170 75 120 0.026559647 
67 459 12 13 0.026452238 
43 448 24 26 0.023742786 
145 45 237 364 0.02251559 
646 93 8 15 0.021446606 
464 134 10 13 0.02110335 
779 337 322 380 0.020428607 
651 106 10 19 0.020016978 
