2_Demonstration_Demonstration_Or_Protest_2_76
26
20 359 111 133 0.99979466 
165 317 109 142 0.99960166 
564 225 107 150 0.99808156 
329 388 77 108 0.995637 
712 213 98 142 0.9916829 
126 51 39 48 0.059587926 
169 81 24 39 0.05416363 
530 208 47 56 0.04390702 
680 277 39 64 0.038360618 
104 314 102 160 0.037661776 
233 316 76 107 0.03749398 
488 263 133 211 0.035599355 
279 194 10 20 0.033075314 
1016 255 16 34 0.03176903 
68 416 10 14 0.03035475 
466 299 72 121 0.029712463 
-6 168 63 128 0.02798625 
550 73 87 125 0.024552718 
530 315 65 105 0.024275001 
132 45 19 32 0.023893254 
706 292 24 46 0.022433482 
-2 77 115 234 0.021662813 
682 209 18 31 0.021657277 
1022 277 20 41 0.021262517 
610 87 273 397 0.020975713 
751 147 19 43 0.020083947 
