2_Demonstration_Demonstrators_2_547
76
822 135 43 60 0.99953043 
216 140 60 68 0.99937695 
685 136 49 80 0.99899167 
878 178 42 55 0.9974107 
641 159 41 59 0.9953477 
484 163 42 56 0.99500024 
457 201 22 38 0.97673064 
-1 214 25 38 0.89931315 
931 202 26 40 0.79693985 
991 209 24 49 0.79421216 
955 215 32 56 0.708351 
417 193 28 35 0.6354177 
927 287 49 71 0.45958775 
175 167 34 45 0.33032277 
59 86 17 34 0.3221454 
312 112 11 19 0.2908053 
766 405 21 30 0.21630669 
479 211 24 43 0.17097218 
75 92 22 44 0.121717304 
762 213 25 39 0.08874307 
401 222 20 33 0.085629515 
69 81 21 39 0.08511106 
409 215 19 28 0.07027503 
172 220 24 36 0.067477204 
976 217 24 50 0.061593402 
355 186 41 41 0.05994592 
500 191 29 57 0.05918518 
994 366 21 29 0.05235856 
554 134 38 42 0.049228866 
382 196 37 43 0.048797764 
818 401 17 26 0.04674123 
190 154 43 54 0.04526062 
2 339 31 67 0.04449478 
771 210 15 17 0.04241841 
205 189 22 31 0.038652726 
-3 507 37 61 0.038538203 
164 170 22 30 0.038388025 
831 393 20 26 0.03707562 
784 406 18 26 0.035374474 
279 538 11 16 0.03438845 
185 190 31 42 0.034367938 
86 115 10 25 0.034050453 
1004 408 18 26 0.03299128 
452 563 20 26 0.032464575 
410 230 22 27 0.032116912 
39 30 18 31 0.03069886 
256 218 69 77 0.030109476 
892 644 44 45 0.029679196 
830 475 131 235 0.02958075 
474 390 44 44 0.029440671 
0 352 6 21 0.029343301 
916 188 20 29 0.028653065 
988 266 30 59 0.028380742 
494 20 11 16 0.027659392 
446 206 18 31 0.025414238 
831 191 33 46 0.025315093 
400 217 12 23 0.024930399 
791 383 9 15 0.024345571 
434 200 21 36 0.024252184 
168 197 29 43 0.023457736 
714 202 34 56 0.023392538 
1002 212 27 55 0.02318366 
430 187 13 15 0.022857461 
139 204 9 17 0.022786645 
502 9 9 13 0.022354411 
210 188 11 17 0.022109998 
978 374 19 27 0.021912487 
511 215 28 54 0.021063058 
955 359 18 25 0.020922095 
0 430 17 30 0.020904668 
430 198 13 20 0.020724447 
567 88 16 23 0.020455856 
463 251 28 45 0.020408245 
953 263 40 71 0.020152336 
905 282 44 62 0.020070616 
889 277 36 59 0.020046748 
