2_Demonstration_Protesters_2_738
78
243 871 124 150 0.9998636 
731 1012 113 160 0.99984574 
919 1026 120 191 0.99971455 
-7 1207 123 215 0.9984137 
777 175 52 99 0.99801934 
471 92 93 133 0.99755585 
305 57 58 71 0.997095 
219 23 79 107 0.99396545 
813 79 42 47 0.9900782 
673 686 38 46 0.4620959 
680 550 26 35 0.17089532 
271 402 23 36 0.16253397 
577 690 29 31 0.14781854 
686 9 21 21 0.14447892 
972 369 56 135 0.14024355 
154 119 14 20 0.13274303 
553 405 20 37 0.12554196 
594 901 18 20 0.12454353 
97 146 13 23 0.118394345 
405 478 23 38 0.1168597 
24 734 32 41 0.09238208 
281 659 119 145 0.0765795 
509 1033 71 77 0.06448193 
127 734 26 58 0.062242415 
1003 739 10 14 0.06088809 
378 412 11 23 0.059788905 
679 739 31 38 0.057792496 
-85 679 464 590 0.05340087 
1009 737 8 14 0.05238779 
726 562 13 25 0.05208826 
701 5 17 25 0.044043068 
712 39 19 27 0.041887175 
862 164 41 80 0.039415248 
445 724 446 527 0.038939666 
381 418 16 26 0.037570044 
685 735 19 22 0.0356568 
803 80 18 23 0.03467953 
814 177 51 89 0.033215124 
769 858 14 20 0.03232148 
681 68 14 16 0.030568859 
542 673 15 16 0.029862823 
386 402 22 35 0.029709453 
973 741 7 10 0.028909061 
599 745 26 35 0.028901236 
836 1383 32 42 0.02755175 
984 10 35 47 0.0272152 
588 736 13 19 0.025609275 
741 4 24 40 0.025506236 
1 727 27 41 0.024999594 
619 528 9 17 0.024989642 
669 704 19 24 0.024686653 
158 110 22 30 0.024536544 
946 729 12 17 0.0240864 
61 897 40 64 0.023982286 
691 411 11 22 0.023876524 
551 841 131 143 0.023624226 
508 569 18 23 0.023623753 
20 735 16 21 0.022778729 
0 732 11 23 0.022403438 
600 737 11 17 0.022304377 
698 690 35 42 0.02201186 
475 347 31 33 0.021961667 
509 878 14 17 0.021791356 
652 710 10 16 0.021646878 
625 754 12 18 0.021597661 
634 741 25 42 0.021517355 
581 728 26 38 0.02098539 
43 736 18 31 0.02094103 
292 580 233 254 0.020899404 
26 742 18 22 0.020888517 
636 710 24 36 0.020767612 
122 700 47 74 0.02075966 
553 879 17 18 0.020504521 
700 697 18 25 0.020348527 
672 746 12 20 0.020282965 
644 553 14 27 0.020165425 
680 744 15 23 0.020052666 
594 693 28 39 0.020036057 
