2_Demonstration_Political_Rally_2_339
813
787 482 64 113 0.99241114 
889 455 27 40 0.9581294 
620 291 33 60 0.9251193 
308 451 32 49 0.7202409 
625 409 18 41 0.6000588 
974 421 29 61 0.40724787 
276 452 21 49 0.31583467 
662 333 5 10 0.30979288 
285 441 16 33 0.28971285 
55 422 20 37 0.26200086 
886 405 17 33 0.20972742 
139 435 6 9 0.20472215 
557 324 5 5 0.20034069 
254 421 7 12 0.19621186 
178 425 5 6 0.19497356 
182 453 18 33 0.19157097 
745 318 5 9 0.18200733 
558 327 5 6 0.17587769 
206 424 5 8 0.16214834 
158 418 6 8 0.1575159 
564 333 5 6 0.15255333 
726 429 15 15 0.14805992 
130 353 4 7 0.14489543 
664 336 6 9 0.14138545 
285 422 5 11 0.13342889 
287 295 5 8 0.13129182 
524 331 5 7 0.13011807 
640 334 10 16 0.12851124 
178 428 7 8 0.1243643 
538 335 5 6 0.120810516 
552 336 4 5 0.11815169 
201 428 5 8 0.11068002 
306 232 6 6 0.10741283 
723 357 6 12 0.10718034 
733 315 5 8 0.10229405 
265 309 4 8 0.09976091 
140 341 4 7 0.09922882 
76 275 5 8 0.098591805 
187 432 5 7 0.09784092 
953 388 5 11 0.09538383 
124 353 4 6 0.09425662 
485 238 7 7 0.094056815 
303 297 4 6 0.090804785 
210 423 6 9 0.09008577 
134 353 5 7 0.08870856 
191 431 5 7 0.088627875 
285 417 4 9 0.08851819 
747 315 7 12 0.08799901 
823 440 27 44 0.087851256 
288 290 4 7 0.08474882 
499 245 5 7 0.08409823 
318 419 12 18 0.083969645 
66 355 4 7 0.08280821 
295 426 8 14 0.08266718 
147 334 5 8 0.08228002 
553 329 4 4 0.08200793 
678 433 7 13 0.081725724 
269 263 5 7 0.0802785 
102 348 5 7 0.079708315 
310 421 21 29 0.078709334 
886 424 10 19 0.078178205 
174 428 7 8 0.07758733 
554 324 4 5 0.07747427 
131 349 4 5 0.077337675 
116 354 3 6 0.076951854 
570 333 4 7 0.07583348 
297 327 4 8 0.075322926 
341 399 22 39 0.07517297 
586 263 8 13 0.07385296 
571 330 4 6 0.07373877 
106 384 4 8 0.0729895 
91 347 4 6 0.07223767 
89 414 7 11 0.07148978 
316 265 5 6 0.0705753 
959 427 29 59 0.070450254 
268 313 5 8 0.07014679 
137 341 5 7 0.06973815 
465 310 3 5 0.06966769 
611 314 7 10 0.06930211 
777 328 5 8 0.065606825 
752 485 65 126 0.06476185 
559 335 4 6 0.06458731 
220 417 5 8 0.06429651 
131 342 3 5 0.06363375 
702 359 7 12 0.0634378 
282 320 4 8 0.063321 
283 314 5 9 0.062439367 
84 355 4 6 0.061790816 
158 421 7 10 0.06172119 
913 263 6 10 0.061421275 
152 434 9 11 0.06119616 
733 320 4 9 0.061154615 
141 432 4 8 0.060767442 
577 347 5 7 0.060681526 
736 314 4 9 0.060539756 
129 444 8 14 0.06042724 
469 310 4 6 0.059508793 
187 418 5 6 0.059469517 
148 434 7 10 0.059151787 
112 354 4 6 0.058980316 
207 420 3 5 0.058957584 
294 250 5 7 0.05860055 
928 307 7 10 0.058562916 
220 313 5 7 0.058477614 
753 410 7 10 0.05721767 
59 268 6 10 0.05707369 
454 379 8 9 0.057000615 
612 318 7 12 0.056983802 
284 308 5 8 0.056650974 
570 469 20 41 0.05645591 
500 438 46 47 0.05594609 
719 346 5 8 0.0557992 
585 342 5 7 0.055622324 
686 238 5 7 0.055537067 
522 332 4 7 0.055471137 
149 346 6 9 0.055286303 
188 455 32 57 0.055269476 
158 428 8 11 0.05514917 
326 445 29 51 0.05461779 
859 417 10 16 0.054470997 
861 365 4 7 0.053998925 
359 419 37 39 0.05399779 
202 424 4 7 0.053542513 
651 247 7 7 0.052871536 
123 349 4 5 0.052831925 
118 348 3 6 0.052370265 
233 315 4 7 0.052205756 
371 251 5 7 0.051913578 
918 461 19 35 0.051736742 
398 264 6 7 0.051433776 
95 426 20 31 0.051040806 
255 314 6 9 0.050574142 
128 428 5 8 0.05054867 
735 320 5 8 0.05052526 
285 283 3 6 0.050167464 
769 294 7 12 0.049929157 
237 316 4 6 0.049866073 
144 446 18 31 0.049761675 
545 335 5 5 0.04962452 
74 349 4 5 0.049379673 
174 412 5 6 0.0492891 
79 354 4 6 0.04915929 
273 443 10 17 0.04860907 
302 292 3 5 0.04857764 
284 301 5 7 0.048572633 
27 354 4 6 0.048283663 
251 315 5 8 0.048267573 
631 271 7 9 0.04797451 
72 355 4 6 0.047560617 
149 339 5 7 0.047542576 
732 326 5 8 0.04751065 
100 348 4 6 0.04750892 
494 244 6 8 0.0471375 
163 302 5 8 0.047079157 
258 310 4 7 0.046986617 
1096 397 7 14 0.04654649 
947 443 20 33 0.046395313 
347 415 22 35 0.0463835 
743 351 5 8 0.04637262 
731 289 5 8 0.046255864 
309 323 4 6 0.04596897 
44 372 5 7 0.0459216 
930 422 7 12 0.04554332 
553 340 4 6 0.04551052 
675 378 5 9 0.04504205 
225 313 4 7 0.044940237 
91 359 4 7 0.0447693 
368 316 4 6 0.044618633 
79 361 4 7 0.044564117 
87 348 3 5 0.044524603 
461 323 4 6 0.044486247 
535 335 4 6 0.044396985 
898 371 5 8 0.044235982 
118 342 3 5 0.04418171 
655 347 6 9 0.044161294 
451 316 4 6 0.044043157 
321 314 5 7 0.043958373 
354 270 5 6 0.043755125 
679 252 7 9 0.043578353 
545 331 5 4 0.043570295 
129 424 4 7 0.043542776 
321 266 5 6 0.043473516 
235 432 8 12 0.04327689 
168 341 5 7 0.043192647 
609 319 6 10 0.043090094 
713 327 5 7 0.043020908 
123 342 4 5 0.0428495 
474 311 4 5 0.04276839 
461 350 6 10 0.042575307 
699 322 5 9 0.042311326 
557 341 5 5 0.042145718 
72 359 4 6 0.042045217 
281 433 8 13 0.041948024 
118 337 3 5 0.041705552 
658 344 6 11 0.041501746 
602 323 7 11 0.04148365 
189 445 10 17 0.041354105 
722 353 5 11 0.04134859 
151 438 10 15 0.041279573 
606 340 6 8 0.041276194 
77 349 4 5 0.04123322 
65 431 11 19 0.041164722 
732 334 4 9 0.041130513 
309 297 4 5 0.0410847 
201 419 4 5 0.040995635 
697 427 8 11 0.040985584 
680 359 5 8 0.040940188 
297 322 4 7 0.04087682 
14 354 4 6 0.04084284 
308 327 5 8 0.040825516 
41 430 32 71 0.040462334 
304 301 4 6 0.04043335 
925 490 24 41 0.040358994 
141 345 4 8 0.040307358 
135 393 3 6 0.04012796 
693 268 5 9 0.039954867 
1091 424 9 18 0.039814375 
590 326 5 8 0.03974209 
677 371 6 10 0.039617874 
326 313 6 8 0.039518416 
778 415 8 10 0.03946728 
92 355 3 6 0.039171886 
756 327 5 9 0.039114475 
146 448 11 15 0.039049506 
912 270 5 7 0.038961176 
737 252 4 7 0.038893297 
161 412 4 6 0.03888394 
942 427 8 14 0.038880497 
57 431 30 57 0.038786937 
281 327 5 8 0.03870453 
139 447 11 15 0.03845852 
136 296 5 8 0.038432017 
218 422 6 9 0.03842509 
932 250 7 12 0.038383756 
252 418 4 7 0.03818438 
305 264 6 7 0.038155895 
167 429 6 8 0.037954986 
546 341 4 6 0.037835006 
627 273 10 11 0.03773284 
722 346 4 10 0.037698917 
257 302 4 7 0.037540987 
682 428 15 25 0.0375307 
769 385 4 8 0.03752285 
22 354 5 5 0.03746658 
584 346 5 7 0.037437845 
294 246 4 6 0.037327312 
135 347 4 7 0.037095837 
40 365 4 6 0.037004936 
255 320 5 8 0.036970235 
993 444 69 140 0.036752526 
474 314 4 6 0.036722038 
266 428 7 11 0.036595993 
104 343 4 4 0.03657682 
104 381 4 5 0.03627926 
938 445 17 27 0.036210667 
540 331 4 5 0.03616973 
168 411 4 6 0.03615729 
729 246 6 7 0.036121264 
752 379 4 7 0.03602536 
168 425 5 6 0.03597452 
240 432 8 14 0.035861418 
255 447 30 59 0.035732497 
768 333 4 7 0.035705213 
53 360 4 6 0.035603847 
308 302 4 5 0.035523407 
595 254 9 13 0.03548545 
173 418 5 6 0.03541037 
676 277 9 11 0.035408597 
174 322 6 10 0.03528299 
193 418 5 6 0.035212703 
769 329 4 7 0.035207305 
155 398 4 6 0.03517615 
588 254 7 13 0.03510897 
711 358 5 10 0.03506644 
269 444 8 14 0.03501822 
905 347 3 5 0.034989983 
244 266 5 6 0.034971327 
111 342 4 5 0.034909155 
322 309 5 7 0.034860123 
176 406 3 4 0.034772918 
297 278 4 5 0.034768093 
128 397 4 8 0.03475727 
525 247 5 5 0.034736667 
130 394 4 6 0.034572024 
690 430 9 12 0.034515675 
663 275 8 11 0.034431983 
263 434 7 11 0.03432099 
347 270 4 6 0.034249883 
712 399 5 8 0.03416275 
737 309 4 10 0.033982355 
455 316 3 6 0.03384923 
773 439 20 26 0.033826772 
585 334 4 6 0.033821005 
731 404 5 7 0.033752643 
22 367 5 6 0.033674438 
169 399 3 5 0.033673953 
533 245 5 6 0.03363514 
87 344 3 4 0.03358394 
486 244 7 8 0.033540193 
752 437 10 10 0.03347214 
58 349 4 5 0.03337611 
775 236 5 8 0.033295833 
937 342 5 8 0.033290815 
454 251 7 9 0.033283982 
981 644 11 19 0.033203952 
302 327 4 8 0.03318097 
911 439 19 30 0.033083294 
135 432 18 25 0.032824617 
321 296 4 5 0.032816213 
159 328 5 8 0.03272754 
103 353 5 6 0.03265325 
652 268 8 9 0.03263812 
297 315 5 8 0.032581884 
287 308 5 8 0.03258138 
349 290 3 5 0.032439716 
742 307 6 11 0.03242861 
253 319 4 8 0.032377746 
287 312 5 10 0.032328412 
887 277 4 6 0.03226691 
916 312 6 9 0.032244015 
8 365 5 7 0.032163896 
269 435 7 11 0.03205976 
66 342 4 5 0.032012105 
982 433 35 75 0.031962704 
143 398 4 6 0.031824194 
758 252 4 7 0.03182349 
56 348 3 5 0.031766713 
238 320 4 7 0.031747915 
283 277 4 5 0.03171017 
677 390 8 13 0.031695522 
34 362 5 6 0.03167968 
91 343 4 5 0.03162295 
706 233 4 6 0.031546693 
166 302 5 9 0.031386063 
442 366 32 42 0.03136742 
546 323 4 5 0.031361412 
139 438 8 12 0.03133973 
148 417 5 7 0.031316716 
355 322 4 7 0.031311702 
875 289 7 9 0.03127507 
899 347 3 6 0.031246193 
286 290 3 6 0.031211784 
647 268 8 9 0.031125579 
704 322 5 8 0.031118503 
719 245 5 7 0.031117814 
143 417 4 7 0.031020353 
585 329 4 5 0.031009857 
539 341 4 5 0.030886836 
931 254 5 9 0.030881433 
660 281 8 10 0.030853162 
561 450 23 50 0.03082366 
476 326 4 7 0.030788396 
279 456 11 22 0.030719088 
904 449 21 37 0.030629478 
178 433 10 10 0.030573767 
130 358 4 7 0.030553011 
686 243 6 7 0.030532638 
630 372 6 10 0.030528206 
123 394 5 7 0.030469455 
750 367 4 7 0.030452874 
735 288 5 8 0.030413134 
720 352 4 9 0.030302538 
67 358 4 6 0.030188045 
348 278 3 5 0.030171102 
34 355 4 5 0.030060701 
122 309 5 7 0.030028552 
716 404 5 7 0.029932367 
732 250 4 7 0.029924557 
717 327 4 7 0.029923705 
245 315 4 6 0.029825067 
706 236 5 7 0.02982243 
671 421 6 11 0.029688392 
1018 337 8 11 0.029686995 
174 429 20 21 0.029653668 
812 530 44 89 0.029620266 
718 251 5 7 0.029597193 
659 286 9 11 0.029586203 
711 340 5 9 0.02952054 
745 295 5 9 0.029448373 
308 436 23 37 0.029445933 
765 385 4 8 0.029441593 
886 423 20 33 0.029382074 
41 354 4 5 0.029370015 
94 434 36 52 0.029368248 
106 360 4 5 0.029347623 
879 351 5 8 0.02928721 
253 302 4 6 0.029286733 
782 251 5 9 0.029274773 
918 479 12 20 0.029268764 
737 327 4 7 0.029255815 
499 305 6 10 0.029252112 
316 297 3 5 0.029245686 
738 334 4 7 0.029227128 
402 262 6 9 0.02907215 
181 405 3 5 0.029055547 
925 475 10 18 0.028967254 
77 272 4 7 0.028881075 
685 392 6 9 0.028717909 
280 443 10 20 0.028677363 
767 412 5 6 0.028630376 
143 334 4 8 0.028528776 
719 356 5 12 0.028444398 
334 289 4 6 0.0284125 
54 355 4 5 0.028409986 
150 397 4 6 0.028367177 
666 270 6 8 0.028357137 
125 397 4 6 0.028276024 
264 328 5 8 0.028227324 
0 231 4 7 0.028220471 
514 334 4 6 0.028215833 
265 304 4 6 0.028196177 
368 253 5 6 0.028088802 
359 327 4 8 0.028000137 
211 326 5 9 0.027987933 
310 293 4 4 0.02798577 
867 427 9 15 0.027966509 
716 277 6 8 0.02795007 
404 259 4 6 0.027918503 
487 292 4 5 0.02788361 
744 326 4 8 0.027845621 
590 322 5 7 0.027841337 
298 291 3 5 0.027815549 
130 443 17 26 0.02780561 
342 270 4 6 0.027792858 
686 411 5 7 0.027792376 
99 353 4 6 0.027755763 
682 254 7 11 0.027753519 
966 283 8 8 0.027612733 
25 258 5 7 0.027567374 
970 285 10 11 0.027549436 
883 419 9 16 0.027543511 
742 269 5 9 0.027540931 
352 290 4 6 0.027540743 
739 347 5 8 0.027467174 
283 264 4 5 0.027406013 
306 436 11 19 0.02739813 
710 237 5 7 0.027359962 
890 271 5 6 0.027331015 
273 434 9 13 0.027301583 
434 405 11 18 0.027277246 
706 341 4 7 0.027149526 
211 322 5 8 0.027140941 
733 398 4 7 0.027119428 
706 251 4 6 0.027093299 
316 303 4 5 0.027054995 
922 307 6 10 0.027052931 
95 419 9 14 0.027048456 
333 264 5 6 0.02704536 
168 417 5 7 0.027005691 
299 449 8 16 0.027003156 
907 470 20 31 0.026992237 
718 341 4 8 0.026976323 
713 323 4 6 0.026916735 
737 256 4 7 0.026901918 
295 416 5 9 0.026856365 
725 326 4 8 0.026856365 
738 340 4 8 0.026836671 
778 360 4 6 0.026807792 
320 291 4 5 0.026792439 
393 269 5 6 0.02664401 
751 371 4 8 0.026630508 
285 412 4 8 0.026628643 
290 286 3 5 0.026601959 
137 433 5 7 0.026581617 
465 352 7 10 0.026559552 
124 337 3 4 0.026482662 
287 429 17 29 0.026473276 
674 432 17 28 0.026459608 
114 475 28 53 0.026448395 
658 331 15 25 0.026427543 
334 315 6 8 0.026411684 
269 259 5 5 0.026138194 
732 352 4 10 0.02612017 
512 321 5 7 0.026117746 
457 321 4 7 0.026109748 
521 246 5 6 0.026009163 
578 342 4 6 0.02588608 
917 348 3 6 0.025882414 
149 424 15 22 0.025856368 
106 433 11 20 0.025841653 
396 267 6 8 0.025825439 
921 312 7 10 0.025763951 
288 302 5 7 0.025732977 
888 308 6 9 0.025708057 
111 348 3 5 0.025704496 
903 279 5 5 0.025634391 
181 419 4 5 0.025598828 
803 447 43 75 0.025552578 
769 237 4 6 0.025489878 
169 406 4 5 0.02546799 
109 382 5 5 0.025386898 
73 343 4 5 0.025366152 
526 341 4 7 0.025355892 
46 355 4 5 0.02534651 
711 345 5 8 0.025315363 
493 241 6 5 0.025297547 
316 270 4 5 0.02523177 
599 412 4 6 0.025214316 
523 463 36 62 0.025176898 
469 323 4 6 0.025173387 
661 330 5 8 0.025169186 
310 309 4 6 0.025150744 
59 354 5 6 0.025145367 
409 264 7 9 0.025098618 
160 334 5 8 0.02508222 
935 343 6 12 0.025072616 
262 423 6 10 0.025068326 
756 321 5 9 0.025058933 
197 434 7 9 0.0250556 
475 353 6 11 0.025050968 
475 390 8 12 0.025033701 
85 236 6 11 0.025000157 
872 358 4 8 0.024989687 
144 329 4 7 0.024903625 
883 352 4 8 0.024847468 
438 410 11 17 0.024846863 
911 347 3 6 0.02479944 
470 314 4 5 0.024797905 
751 393 4 6 0.024780834 
1019 333 16 23 0.024713866 
494 306 6 9 0.024709959 
317 292 3 5 0.02469643 
751 398 5 6 0.02466079 
563 323 5 5 0.024656247 
232 311 4 7 0.024643099 
751 384 5 7 0.024620598 
910 341 4 7 0.024608282 
330 285 4 5 0.024580142 
353 302 4 7 0.024520583 
928 449 20 34 0.024508126 
739 433 10 12 0.024507215 
711 231 5 7 0.024480747 
302 268 6 7 0.024471518 
174 339 6 8 0.024460059 
384 264 6 8 0.024432316 
353 296 4 6 0.024396474 
1079 434 16 29 0.024391344 
527 346 4 6 0.024354773 
501 249 5 7 0.024277898 
133 441 7 12 0.024275338 
725 322 4 7 0.024242314 
333 320 7 10 0.024231562 
187 412 4 6 0.024186978 
671 432 10 15 0.024185972 
155 257 6 9 0.024137642 
313 328 5 7 0.02412754 
124 428 5 8 0.024114037 
445 328 4 8 0.024098182 
812 395 10 13 0.024093352 
633 322 18 31 0.024005221 
296 285 4 4 0.024002913 
702 396 7 9 0.02397771 
729 358 5 10 0.023966322 
902 301 7 8 0.023940036 
200 412 4 5 0.023924323 
120 372 3 6 0.02390943 
278 315 4 7 0.023881929 
725 307 4 9 0.023870056 
686 434 18 32 0.023861337 
734 392 4 7 0.023828872 
323 238 5 7 0.02382446 
314 308 5 6 0.023824152 
692 264 5 9 0.023807406 
774 384 5 8 0.023805693 
28 350 3 5 0.023744266 
329 266 4 5 0.023709325 
940 341 5 9 0.023696918 
892 346 4 7 0.023696449 
25 366 5 7 0.023637967 
231 433 8 12 0.023616618 
968 341 4 7 0.023512753 
0 353 3 8 0.023509068 
288 412 4 7 0.023473717 
877 270 5 7 0.023455 
666 330 5 8 0.023414569 
588 346 4 6 0.023405997 
186 440 9 12 0.023391867 
348 302 4 7 0.02338403 
140 353 5 8 0.02336904 
550 443 20 36 0.023283228 
922 277 5 6 0.023281015 
611 461 62 84 0.023244776 
116 359 4 6 0.0232407 
700 347 4 7 0.02323582 
790 310 11 18 0.023235733 
17 441 37 65 0.023205921 
121 372 4 7 0.023205042 
712 252 4 6 0.023170888 
11 354 3 6 0.023148503 
135 300 4 7 0.023148267 
903 308 7 10 0.023130827 
156 413 4 6 0.023109168 
588 341 5 8 0.023101 
13 360 5 7 0.023092479 
91 335 4 6 0.023090977 
194 413 4 5 0.023030994 
143 360 4 7 0.023023723 
761 322 5 8 0.023013435 
882 403 9 13 0.0230093 
786 312 8 14 0.023007136 
664 284 9 15 0.023002924 
99 343 3 4 0.023001768 
54 342 4 5 0.022991333 
711 331 6 11 0.022990508 
177 338 6 9 0.022951672 
135 358 4 7 0.022951428 
716 333 5 9 0.022922529 
42 349 3 5 0.02292181 
557 346 5 7 0.022916531 
149 320 5 9 0.022912934 
889 276 5 7 0.022910196 
543 268 7 8 0.022899184 
704 275 7 11 0.022809437 
775 312 6 11 0.022769202 
670 439 10 18 0.022766331 
638 279 9 15 0.02276514 
298 428 9 17 0.022720974 
448 372 8 9 0.022710659 
533 324 4 4 0.02269973 
243 328 6 8 0.022691565 
570 353 5 9 0.022682458 
290 329 4 6 0.022670757 
700 239 4 5 0.022633133 
471 430 41 58 0.022627527 
675 366 5 9 0.022627367 
180 412 5 6 0.02262715 
552 365 6 8 0.02257145 
898 353 4 6 0.022526776 
521 342 4 7 0.022525994 
750 415 6 9 0.02251496 
652 320 5 10 0.02243895 
84 359 4 6 0.022383144 
253 297 4 6 0.022380253 
911 252 4 5 0.022372024 
453 374 8 8 0.0223426 
256 296 4 8 0.022330405 
583 455 31 52 0.02232818 
520 323 4 5 0.022326529 
158 461 19 26 0.022326143 
116 435 18 25 0.022321435 
670 284 9 15 0.022319239 
725 339 5 8 0.022289332 
171 434 10 10 0.022281017 
322 269 4 5 0.022276536 
724 287 6 10 0.022267949 
710 364 6 11 0.02224904 
285 422 14 22 0.022248626 
279 327 4 9 0.022243876 
507 245 4 6 0.022219548 
691 379 5 9 0.022209698 
187 423 4 6 0.022194924 
265 321 4 8 0.022186577 
188 335 6 8 0.022185342 
88 415 22 30 0.022179294 
699 245 5 6 0.02217124 
88 418 10 15 0.022162037 
304 283 3 5 0.02214822 
858 441 8 13 0.022128813 
571 323 4 5 0.022106903 
519 325 16 22 0.022078473 
927 431 11 18 0.022068901 
347 335 5 7 0.022038009 
533 329 4 6 0.022024067 
777 321 4 8 0.02200052 
513 245 5 6 0.021973407 
277 309 4 7 0.021927277 
755 332 5 9 0.021912254 
167 335 5 7 0.02186158 
474 366 6 10 0.021853521 
298 297 3 5 0.021849407 
911 320 5 8 0.021838924 
678 244 6 7 0.021838883 
666 244 5 5 0.021838013 
301 316 5 6 0.021837875 
660 245 6 6 0.021818561 
130 301 4 7 0.021791102 
664 447 11 20 0.02177066 
679 346 4 8 0.021767348 
963 348 3 5 0.021755502 
891 353 4 7 0.021737812 
594 269 8 11 0.02172551 
745 360 3 6 0.021715634 
130 419 4 8 0.021712922 
136 397 4 6 0.021708453 
306 234 7 10 0.02170804 
732 410 5 7 0.02170655 
718 470 14 24 0.021666883 
147 422 5 8 0.021654565 
873 354 4 6 0.021654243 
432 434 34 54 0.0216517 
430 426 20 34 0.021637691 
391 265 6 8 0.021618892 
782 384 4 8 0.021612044 
738 352 4 9 0.021608973 
583 254 7 11 0.021596976 
691 422 8 12 0.021590859 
736 358 4 8 0.021582048 
308 260 5 5 0.021568907 
143 299 5 8 0.021548977 
316 334 5 7 0.021541039 
736 398 4 7 0.021515703 
617 416 6 10 0.02150301 
742 252 5 6 0.021501392 
718 323 4 6 0.021488596 
162 399 3 4 0.021467712 
897 271 4 5 0.021457616 
898 278 5 5 0.02144051 
175 442 21 29 0.021419223 
702 428 8 11 0.021414515 
178 457 12 20 0.02139097 
166 466 21 24 0.021385357 
513 328 4 7 0.02138185 
246 418 4 8 0.02135219 
664 421 15 25 0.021338768 
975 329 4 8 0.021301452 
904 352 4 7 0.021300236 
295 412 4 6 0.021253714 
706 345 4 8 0.021234278 
508 242 4 3 0.02122036 
0 364 4 8 0.021218989 
501 290 5 7 0.021210318 
248 432 9 15 0.021201044 
586 249 16 24 0.02119666 
244 310 4 7 0.021179898 
1036 429 47 85 0.021177229 
154 340 5 8 0.021171268 
659 270 6 8 0.021171125 
118 367 4 6 0.021153294 
723 281 7 9 0.021144396 
150 394 4 6 0.021118049 
474 238 6 6 0.02109835 
14 348 4 6 0.02108598 
685 261 6 10 0.02107439 
348 284 4 5 0.021055456 
743 334 4 7 0.021046368 
883 347 4 8 0.021046 
353 265 5 8 0.021035101 
296 303 4 6 0.021014566 
462 314 4 6 0.021001728 
173 300 6 10 0.020981489 
123 447 35 50 0.020979365 
703 352 6 11 0.020965101 
898 321 5 7 0.020947266 
379 264 6 8 0.020937921 
22 362 4 5 0.020918652 
513 316 4 6 0.020898856 
910 314 5 8 0.020894114 
427 331 6 10 0.020883217 
764 328 4 7 0.02086562 
904 271 4 5 0.020860165 
365 255 6 7 0.020855613 
710 276 7 10 0.02082552 
717 363 6 11 0.020800846 
287 431 32 51 0.020769509 
675 359 4 7 0.020759387 
40 238 6 8 0.020756943 
334 412 21 35 0.020745452 
59 385 5 9 0.020735158 
674 244 5 6 0.020724509 
735 411 5 7 0.02070851 
213 419 4 6 0.020682627 
876 405 18 25 0.020650687 
9 362 5 6 0.020627476 
112 437 9 15 0.020623103 
684 399 34 46 0.020602481 
733 309 4 9 0.020599702 
201 406 3 6 0.020590764 
329 271 4 5 0.020589141 
84 415 8 12 0.020558491 
1 244 4 8 0.02052786 
0 239 5 7 0.020508114 
60 289 4 7 0.020506429 
671 270 7 9 0.020468662 
712 227 5 6 0.020462777 
149 358 5 8 0.020431306 
704 270 6 9 0.02042943 
916 353 5 9 0.020400861 
534 342 4 6 0.020399785 
79 263 4 8 0.020388015 
696 268 6 9 0.020382574 
64 306 5 7 0.020342737 
664 426 8 14 0.020299466 
304 455 12 22 0.02028778 
914 258 6 9 0.020255797 
139 279 8 15 0.020255378 
716 409 6 9 0.020233374 
630 374 9 17 0.020229243 
915 276 5 7 0.020226255 
731 346 4 8 0.020210274 
606 324 7 11 0.020208437 
572 347 4 7 0.020199852 
252 412 4 7 0.020195005 
716 231 6 7 0.020191474 
698 357 14 24 0.020185228 
692 383 6 8 0.020179002 
137 337 4 6 0.0201632 
252 311 4 6 0.020153215 
1086 360 11 19 0.020129295 
260 439 17 29 0.020125458 
329 308 20 30 0.020113925 
146 328 5 8 0.020112563 
174 467 22 38 0.020108981 
762 434 9 10 0.020106904 
96 360 4 6 0.02009835 
626 352 9 12 0.02009567 
911 353 4 8 0.02007056 
131 366 4 7 0.020068789 
750 325 5 9 0.020067334 
711 352 5 9 0.020067241 
22 350 4 5 0.020047199 
451 312 3 5 0.020046266 
698 251 5 7 0.02002822 
156 446 20 27 0.02000677 
