2_Demonstration_Political_Rally_2_18
241
316 438 19 24 0.99914277 
165 332 21 27 0.9986274 
222 273 20 28 0.9982169 
444 458 19 29 0.9981871 
273 394 18 28 0.99754983 
27 312 16 23 0.9974605 
13 353 17 26 0.99722725 
241 422 21 25 0.99671113 
864 448 18 24 0.99661785 
172 451 19 25 0.9956722 
380 436 18 25 0.99538237 
502 449 17 24 0.9952958 
238 311 18 22 0.994565 
148 385 18 26 0.99366003 
132 295 20 26 0.9934517 
623 455 18 25 0.99311197 
315 261 17 26 0.99280643 
41 449 19 25 0.99245 
355 344 18 25 0.9901315 
462 488 18 27 0.98866326 
530 395 17 26 0.98739946 
23 459 18 26 0.98563635 
68 338 15 22 0.98447025 
424 427 17 22 0.9836394 
768 419 16 22 0.98318005 
481 403 17 20 0.9801555 
188 229 13 19 0.9782522 
299 331 17 28 0.9771335 
264 205 17 25 0.9766174 
104 238 15 25 0.9757951 
171 260 17 23 0.97439903 
159 408 16 22 0.96605384 
100 447 17 25 0.9623413 
486 360 16 24 0.95880646 
186 306 17 21 0.9576297 
88 265 17 23 0.95276284 
24 259 17 21 0.9285381 
452 294 15 22 0.92826146 
364 429 15 21 0.91610944 
916 435 14 23 0.89309335 
228 363 19 28 0.8886682 
43 426 19 21 0.84827536 
230 253 15 18 0.78175193 
374 371 12 23 0.71400803 
57 260 12 16 0.69011027 
400 391 9 16 0.6568584 
127 432 15 23 0.65639096 
433 364 12 18 0.644159 
368 345 15 23 0.63040787 
547 435 14 19 0.6171622 
79 286 19 28 0.5974944 
43 239 14 22 0.58816606 
342 277 10 17 0.58113694 
372 300 13 24 0.5297577 
154 301 19 24 0.4573314 
108 280 14 25 0.4538716 
331 199 16 23 0.43622038 
277 265 14 21 0.42216825 
299 439 17 26 0.40785846 
328 354 10 18 0.37812778 
74 319 16 24 0.35596648 
436 412 16 22 0.3378863 
247 341 18 26 0.3081102 
898 556 11 17 0.3038045 
229 380 19 29 0.27896577 
99 309 11 19 0.2764848 
305 240 10 19 0.26801082 
445 370 10 13 0.26486894 
0 208 10 22 0.25699326 
56 499 20 37 0.24577779 
426 366 11 16 0.2429391 
382 394 16 21 0.24150412 
342 388 12 19 0.23714365 
0 466 8 19 0.23664476 
24 434 11 18 0.23346965 
150 309 18 28 0.21935327 
182 275 17 21 0.16642088 
124 249 11 18 0.15238681 
394 428 12 18 0.13823354 
336 397 13 20 0.13580744 
3 326 16 24 0.12662421 
297 279 16 25 0.12516657 
37 331 17 26 0.1240396 
235 333 20 27 0.12107977 
315 355 14 23 0.11636871 
439 369 11 15 0.10663704 
389 362 11 18 0.09811698 
355 456 14 19 0.097030446 
0 264 7 21 0.0873877 
232 424 19 26 0.08674276 
1 370 5 11 0.08422758 
362 302 16 25 0.08241735 
62 467 12 18 0.07659559 
371 277 10 17 0.07435928 
413 280 10 21 0.07409827 
400 470 18 24 0.073725045 
66 395 19 24 0.07207625 
768 70 272 457 0.07142515 
0 375 5 13 0.06996278 
416 365 11 16 0.06863634 
146 325 15 27 0.06830616 
301 316 16 28 0.068130456 
29 274 12 19 0.06780438 
381 364 17 27 0.06742995 
29 299 13 18 0.066284195 
136 423 11 20 0.06548302 
102 286 10 19 0.06256353 
548 488 18 32 0.059207544 
2 256 10 18 0.05906734 
374 319 10 18 0.058902565 
395 289 10 16 0.057618815 
87 386 12 16 0.05655455 
343 370 12 21 0.055802923 
425 404 11 17 0.054751515 
194 221 11 15 0.05446768 
41 361 10 19 0.05344587 
112 454 11 17 0.05270445 
327 174 28 52 0.050374866 
-2 495 14 34 0.050248552 
349 364 13 20 0.05010786 
377 375 17 29 0.048132222 
431 351 15 25 0.04753493 
251 329 17 25 0.044803955 
508 566 22 27 0.044045508 
309 362 11 19 0.043548595 
303 432 14 19 0.04237432 
831 479 16 24 0.04164169 
843 484 10 15 0.0412 
119 436 12 17 0.041118313 
441 302 28 48 0.041080885 
87 338 11 20 0.039824676 
162 225 14 15 0.039189856 
394 395 11 18 0.038529437 
467 392 16 25 0.03849504 
389 290 11 16 0.03819351 
89 296 15 24 0.038106453 
268 269 12 18 0.037961885 
10 323 10 16 0.037610378 
377 394 12 19 0.037042547 
179 269 14 16 0.03661815 
460 315 9 14 0.036283262 
284 244 11 20 0.036053512 
544 561 33 47 0.035300523 
591 -35 180 178 0.03483548 
368 324 11 18 0.03463011 
409 275 10 18 0.03405786 
72 299 17 29 0.03402305 
932 31 81 107 0.03264254 
504 419 15 23 0.032304063 
265 364 11 19 0.03212819 
79 428 13 19 0.03107362 
382 291 10 16 0.030614093 
329 167 19 29 0.030563029 
0 497 6 19 0.030510277 
223 255 14 17 0.030318286 
333 279 14 23 0.03016949 
492 461 10 15 0.03015685 
398 274 15 27 0.029702857 
336 475 11 17 0.02969251 
371 430 15 18 0.02947953 
60 492 11 19 0.029083269 
238 370 13 20 0.02886904 
477 565 12 15 0.028825244 
399 294 10 17 0.02860423 
438 427 12 18 0.028603435 
599 491 25 34 0.02857258 
113 437 11 17 0.027917795 
331 214 11 20 0.027913148 
94 443 14 22 0.027858175 
313 576 24 38 0.02772029 
554 584 38 56 0.027647797 
47 281 11 19 0.02759651 
427 376 10 15 0.027531892 
439 520 11 19 0.027323738 
246 182 18 28 0.027268399 
388 423 12 16 0.02713715 
490 374 13 19 0.027125157 
75 473 17 23 0.027024254 
125 259 12 19 0.026948102 
333 404 11 16 0.026463816 
-1 412 7 22 0.026461517 
442 313 10 14 0.026160574 
86 429 12 19 0.026108652 
421 408 10 17 0.026082173 
752 485 18 19 0.025990905 
139 379 17 27 0.025856877 
515 497 12 16 0.025634736 
690 571 9 15 0.02562234 
715 415 10 17 0.025531719 
402 587 10 20 0.025310963 
386 406 14 18 0.025086498 
381 322 10 16 0.024852496 
950 575 19 31 0.024793584 
18 309 11 19 0.024696901 
240 438 14 19 0.024636673 
166 413 16 26 0.02457878 
31 334 11 18 0.024271676 
356 250 9 17 0.024227284 
394 300 10 15 0.024010193 
167 219 13 14 0.02391252 
35 280 11 16 0.023436408 
-1 394 7 21 0.023408268 
51 271 10 14 0.02336113 
126 415 17 27 0.023224602 
272 260 13 19 0.0231846 
171 367 16 25 0.023079345 
574 556 37 48 0.022974534 
349 389 9 18 0.022577338 
294 449 12 17 0.022552298 
885 578 25 46 0.022501752 
434 461 13 22 0.02247672 
367 452 12 19 0.022296079 
416 428 10 16 0.022116413 
201 465 11 15 0.022004269 
429 405 17 23 0.02198093 
0 302 6 17 0.021977559 
466 388 9 17 0.021901505 
299 602 34 56 0.021760143 
965 393 37 48 0.021681855 
92 288 11 19 0.02167487 
910 391 115 169 0.021661257 
174 221 18 25 0.021582926 
117 397 12 17 0.021393549 
419 287 10 19 0.02137102 
709 525 16 28 0.021327944 
210 357 17 24 0.021224791 
29 380 12 21 0.02119572 
409 367 9 15 0.021044143 
68 250 11 16 0.020813482 
24 420 10 18 0.020772472 
135 441 17 27 0.020712242 
251 353 12 20 0.020641824 
681 442 12 16 0.020564444 
425 391 10 18 0.02049265 
308 337 12 19 0.02045958 
117 460 12 17 0.020323722 
426 287 11 18 0.020312222 
306 272 17 29 0.020285651 
454 374 40 52 0.02028474 
776 413 13 19 0.020159237 
881 177 117 178 0.02004001 
