2_Demonstration_Protesters_2_370
32
43 259 44 63 0.9985328 
125 246 40 49 0.9917139 
504 211 61 77 0.98738956 
577 238 72 81 0.9863723 
701 178 60 76 0.98598236 
261 239 58 58 0.9829348 
454 217 25 40 0.88566035 
330 211 41 82 0.66076773 
211 242 26 35 0.35615453 
679 222 13 16 0.14911841 
311 227 37 62 0.14178054 
419 213 29 49 0.09122608 
533 229 69 79 0.088152215 
362 687 13 20 0.06397585 
545 258 280 407 0.05308152 
387 457 38 33 0.04207854 
671 220 37 54 0.041631833 
206 211 42 53 0.041593745 
596 323 76 114 0.03544661 
445 215 20 35 0.02956212 
0 2 6 16 0.026171423 
678 348 99 143 0.026093215 
47 125 317 464 0.025263248 
254 317 60 50 0.024419984 
634 224 43 56 0.023894327 
437 223 19 35 0.023758955 
355 226 51 74 0.021823542 
413 237 28 41 0.021414598 
686 226 10 14 0.021057418 
535 167 138 153 0.020785633 
468 222 20 31 0.02057018 
896 364 68 90 0.020512031 
