2_Demonstration_Demonstration_Or_Protest_2_360
991
513 599 43 58 0.9992212 
856 597 61 72 0.99911016 
680 562 27 30 0.99889237 
952 581 56 63 0.9987947 
618 590 27 42 0.9982703 
651 619 53 58 0.9978515 
780 552 23 28 0.9975841 
502 553 18 28 0.997235 
582 556 21 28 0.99381787 
614 549 19 28 0.98921424 
777 584 27 34 0.9891383 
476 576 25 36 0.9843486 
554 570 23 29 0.9660185 
562 647 46 46 0.96429646 
598 536 12 18 0.8900009 
664 544 17 19 0.8773743 
645 572 18 20 0.8648639 
191 631 45 47 0.8153853 
319 565 16 23 0.7709796 
758 577 18 26 0.76096857 
539 540 18 26 0.7135055 
997 558 24 37 0.6934659 
147 600 26 41 0.6827762 
786 626 32 36 0.6711398 
520 530 10 15 0.65727115 
819 583 25 29 0.6482667 
134 551 10 16 0.63084096 
373 560 12 17 0.6014152 
862 525 11 17 0.49586114 
436 579 13 17 0.42139146 
585 523 8 11 0.419792 
85 652 22 29 0.40892792 
45 629 23 32 0.3642437 
638 544 10 16 0.34480467 
63 643 39 46 0.32910612 
338 524 7 8 0.303126 
626 527 9 13 0.28746137 
816 521 9 12 0.27663246 
923 575 22 35 0.27433646 
334 494 5 7 0.2583125 
401 550 10 13 0.2569875 
192 528 8 12 0.2562946 
135 612 30 48 0.25189647 
816 538 20 25 0.23905836 
360 524 6 8 0.23339906 
121 526 10 15 0.23226635 
181 620 18 28 0.23073941 
343 588 17 19 0.22927305 
719 574 19 29 0.22092329 
609 523 7 10 0.21805023 
539 515 7 12 0.21167363 
769 582 20 29 0.21130826 
368 578 15 24 0.2022676 
760 524 7 8 0.20222081 
848 515 7 12 0.20202124 
488 498 5 7 0.2000715 
154 536 6 9 0.19877325 
42 539 8 12 0.1975705 
173 534 6 8 0.19725937 
684 529 8 10 0.19382177 
347 510 5 9 0.18962198 
613 534 9 14 0.18879251 
328 639 46 47 0.18448457 
70 560 10 16 0.1841647 
398 497 6 9 0.18360184 
311 554 9 12 0.18158913 
858 525 9 15 0.18014874 
383 545 9 11 0.1765472 
127 632 17 30 0.17487186 
799 532 13 16 0.17020023 
349 504 4 7 0.16970636 
6 532 8 12 0.16959098 
526 516 6 9 0.16729276 
539 520 9 14 0.16365379 
9 528 8 12 0.16287953 
577 504 5 9 0.16277604 
67 606 21 21 0.16202451 
444 664 28 32 0.16113344 
757 567 13 17 0.1591894 
551 515 6 10 0.15679322 
578 540 13 18 0.15603773 
394 565 12 14 0.15520854 
481 505 4 7 0.15325265 
192 516 5 8 0.15251343 
850 501 5 10 0.15088762 
422 530 6 8 0.150239 
813 555 20 23 0.15014727 
0 535 5 10 0.15013267 
301 536 7 10 0.14981753 
856 537 10 18 0.14930767 
353 598 24 29 0.14915203 
583 506 5 7 0.1484388 
960 529 19 26 0.14722179 
133 647 17 31 0.14640924 
370 540 8 10 0.1456862 
461 496 5 7 0.1455146 
417 547 9 14 0.14256561 
168 552 8 11 0.14167811 
433 559 9 13 0.14143533 
21 608 12 21 0.14117184 
483 619 22 40 0.14038737 
95 518 6 9 0.14009158 
982 563 27 39 0.1375685 
896 514 6 9 0.13639554 
628 518 7 9 0.13524236 
45 524 6 9 0.13484477 
550 525 8 14 0.13372044 
392 575 13 21 0.133214 
482 493 4 7 0.13295156 
632 516 7 10 0.12971403 
576 521 8 11 0.12952396 
409 521 7 8 0.1289861 
331 542 8 11 0.12830201 
624 550 16 22 0.12762645 
364 525 5 7 0.12384891 
463 516 9 12 0.1233634 
822 536 14 13 0.12301485 
177 576 17 28 0.12213947 
658 533 9 13 0.12142208 
493 523 7 11 0.12093583 
168 534 5 9 0.11998629 
721 633 29 53 0.1198916 
603 601 21 29 0.11903183 
32 531 5 8 0.11856436 
331 534 6 9 0.11841705 
409 511 7 8 0.11798744 
383 535 7 7 0.11796676 
29 583 11 23 0.11786893 
480 519 7 12 0.1178209 
459 548 11 18 0.11560085 
743 557 30 43 0.115429245 
651 529 8 11 0.112026624 
348 538 10 12 0.11189739 
421 535 7 9 0.11168931 
557 504 4 8 0.1116663 
73 571 21 30 0.11113322 
142 572 17 25 0.11048095 
1 542 5 12 0.11035248 
568 529 7 11 0.10949416 
452 573 11 20 0.107023254 
776 518 7 9 0.10640352 
320 523 6 8 0.106317036 
568 615 36 34 0.10594922 
317 494 8 12 0.10587362 
457 497 4 7 0.104003385 
92 518 5 9 0.10330425 
402 540 9 10 0.10119409 
575 535 9 11 0.10114714 
493 540 8 13 0.10097308 
903 518 7 9 0.10031135 
65 635 20 26 0.10024742 
595 514 7 10 0.100236796 
62 549 8 15 0.10011099 
366 536 6 9 0.099955246 
551 511 5 8 0.099757835 
476 498 3 5 0.09940756 
44 591 20 31 0.0993019 
159 535 6 10 0.098733716 
449 503 5 8 0.09809578 
485 539 8 12 0.0980449 
598 569 13 19 0.09740671 
187 516 5 9 0.09711276 
486 515 6 10 0.09705866 
553 505 5 6 0.09700039 
616 571 15 20 0.09689147 
372 522 5 7 0.09688307 
58 523 5 10 0.096691795 
140 577 11 16 0.09558277 
49 547 8 11 0.093753085 
373 518 5 7 0.0922895 
380 560 9 13 0.09220107 
506 534 7 11 0.09175887 
450 500 4 6 0.09149464 
385 517 4 7 0.09039016 
398 503 5 8 0.08987979 
352 515 4 8 0.08982068 
789 516 6 9 0.08964178 
481 497 4 7 0.08870519 
104 588 22 23 0.088198744 
529 514 7 10 0.08807313 
610 504 4 7 0.08806585 
931 352 28 23 0.08740734 
334 531 5 8 0.08648695 
859 505 5 7 0.08621433 
889 524 7 10 0.08590393 
9 553 9 16 0.08480732 
387 507 3 5 0.08467636 
161 546 6 9 0.08435869 
422 517 5 7 0.083911255 
766 559 12 16 0.08337034 
346 524 5 7 0.08334681 
378 537 7 7 0.08328993 
882 511 6 9 0.08323944 
684 590 26 32 0.08300615 
78 522 6 10 0.08234355 
423 497 5 7 0.08218838 
577 548 17 26 0.081739634 
58 536 7 10 0.08161671 
555 521 8 12 0.081352316 
540 502 5 8 0.08122146 
417 541 7 10 0.080951825 
408 540 7 10 0.07973396 
422 524 5 6 0.07788902 
82 522 6 9 0.0760703 
351 505 5 7 0.07596887 
397 539 9 11 0.075772025 
454 545 8 15 0.07571671 
616 510 5 9 0.07539507 
129 545 9 16 0.075289525 
442 548 7 12 0.07516169 
458 494 4 5 0.07513355 
561 515 8 12 0.07452571 
847 510 6 10 0.07422843 
365 529 5 7 0.0740647 
806 498 5 7 0.07385647 
429 561 9 14 0.0737982 
543 503 6 7 0.0736417 
877 521 7 10 0.073337354 
304 536 8 10 0.07329307 
146 546 8 13 0.07313404 
42 560 9 12 0.07181355 
925 354 13 12 0.07180886 
500 509 6 9 0.071690656 
306 559 9 11 0.07166767 
487 492 4 8 0.07162251 
392 507 4 5 0.07158106 
607 516 6 9 0.07151023 
438 501 4 5 0.071024105 
860 509 5 9 0.07099923 
937 497 5 8 0.07073446 
411 505 5 6 0.06998866 
405 531 5 6 0.0699035 
469 497 4 6 0.06984534 
378 518 5 8 0.06980506 
442 512 5 8 0.068867385 
446 548 9 16 0.0687453 
204 521 7 10 0.06842587 
494 535 7 11 0.06818955 
77 517 6 9 0.06770088 
557 514 7 12 0.0676214 
313 478 6 7 0.067539126 
167 522 5 8 0.06741507 
409 530 6 7 0.06723837 
617 514 6 9 0.06661998 
958 386 18 21 0.06654989 
350 510 6 10 0.06647296 
686 511 6 8 0.06642737 
800 584 37 43 0.06612034 
69 523 6 10 0.06571258 
855 517 29 43 0.0655083 
770 510 5 7 0.065333396 
405 523 6 7 0.06510625 
464 486 4 6 0.06503289 
444 503 4 6 0.06492745 
487 503 5 8 0.06482155 
831 528 11 13 0.06478802 
609 511 5 8 0.06475144 
392 511 4 6 0.06473176 
906 520 8 12 0.064527735 
749 535 9 11 0.064475626 
789 511 6 7 0.0643561 
315 523 7 8 0.064354815 
195 534 8 12 0.06411887 
165 542 6 9 0.06402613 
38 536 8 11 0.06368949 
82 503 6 10 0.063569576 
489 473 5 8 0.06347115 
309 549 7 7 0.06344766 
119 606 18 24 0.06330677 
200 518 5 7 0.06324086 
401 578 9 18 0.063219786 
635 510 6 9 0.06296075 
162 531 5 8 0.062937476 
91 530 5 8 0.06278229 
769 516 6 7 0.062471997 
379 505 4 6 0.062208693 
527 511 5 8 0.062178183 
148 523 5 8 0.061917186 
518 516 6 10 0.061764903 
44 543 9 14 0.061636884 
348 500 3 6 0.061603446 
858 516 7 10 0.06146562 
564 565 14 18 0.061421867 
112 583 14 13 0.060911182 
414 589 11 17 0.06086677 
178 531 6 8 0.060866185 
103 518 5 8 0.06064771 
476 504 5 8 0.060439132 
443 535 6 11 0.060392927 
573 547 11 20 0.060100332 
398 492 5 7 0.059856717 
772 509 7 8 0.05971464 
404 517 6 9 0.059215356 
215 633 39 35 0.0590307 
375 542 9 10 0.058831 
191 563 12 16 0.058738872 
780 529 8 9 0.058639623 
29 569 11 20 0.058570594 
42 644 12 22 0.058512237 
535 570 17 26 0.058412734 
596 528 8 11 0.058388427 
1015 515 8 12 0.058344357 
568 516 7 12 0.058281776 
814 567 23 23 0.058250003 
994 528 18 28 0.05824603 
604 576 11 17 0.058123536 
358 537 6 8 0.057999294 
767 530 7 9 0.05797944 
521 504 4 8 0.05747788 
22 523 5 8 0.057322558 
513 511 5 9 0.057138998 
868 560 20 27 0.057102147 
427 548 6 11 0.056945503 
114 595 20 25 0.0567066 
37 557 9 13 0.05663273 
13 539 7 12 0.056495324 
492 498 5 8 0.056471206 
11 523 6 9 0.056113612 
376 546 10 11 0.05604193 
620 510 5 9 0.055974655 
562 509 8 10 0.055626653 
623 505 4 7 0.055418797 
448 511 5 7 0.055055004 
659 513 8 10 0.054965194 
398 511 5 6 0.05479805 
582 518 7 9 0.05474041 
552 500 5 6 0.0547152 
524 520 9 12 0.054440867 
438 523 5 6 0.054363146 
27 546 6 12 0.054336555 
151 574 12 17 0.054062057 
590 511 4 7 0.05383842 
564 498 5 7 0.053759366 
506 510 6 9 0.0536841 
773 505 6 7 0.053634215 
800 504 5 8 0.053503357 
366 547 7 9 0.05343628 
102 552 11 14 0.0534047 
793 510 6 10 0.053329494 
878 516 7 10 0.05329112 
361 519 4 5 0.053013667 
892 511 5 9 0.053007424 
448 516 5 8 0.052927885 
597 507 4 5 0.052578058 
124 597 22 25 0.052369613 
341 497 4 7 0.05195666 
695 513 9 11 0.05194666 
23 652 36 46 0.05180968 
179 542 6 10 0.051787306 
451 485 4 7 0.051645778 
378 522 5 8 0.051597074 
64 542 6 11 0.051529724 
677 523 7 9 0.051525366 
381 531 5 6 0.05132093 
429 613 34 44 0.05127665 
982 504 9 16 0.051155526 
488 583 13 20 0.051017985 
616 505 4 6 0.050820373 
328 493 6 8 0.050741263 
663 529 9 10 0.050618213 
382 553 9 12 0.050571013 
866 496 5 10 0.05047868 
943 503 7 10 0.050469473 
883 530 9 13 0.050128672 
410 493 6 6 0.050008606 
172 550 7 9 0.04988766 
411 498 5 6 0.049800225 
342 512 4 6 0.049781818 
18 540 7 12 0.049629543 
320 509 7 10 0.04956843 
454 503 5 8 0.049514413 
397 548 9 12 0.049487203 
423 566 10 13 0.04944816 
374 504 4 6 0.04942015 
525 504 5 8 0.049318004 
461 510 8 10 0.049272165 
915 505 5 9 0.04922063 
440 523 7 8 0.04910944 
149 517 4 7 0.04876364 
115 512 4 6 0.04872791 
754 529 7 8 0.04861164 
909 509 6 9 0.04847673 
5 545 8 12 0.048426993 
72 518 5 8 0.048424006 
630 534 11 14 0.048325777 
563 492 6 7 0.04830157 
556 608 27 35 0.04822994 
388 544 8 9 0.04813152 
380 512 3 5 0.04807643 
787 542 22 29 0.04798043 
838 478 5 8 0.047515344 
561 531 10 16 0.047505733 
321 518 6 9 0.047407683 
318 529 7 10 0.04731703 
391 517 5 6 0.047155447 
399 556 12 15 0.047074657 
327 623 21 29 0.047041506 
149 534 6 9 0.047029786 
47 570 16 24 0.046997946 
10 546 8 13 0.046918362 
896 530 6 8 0.04662309 
618 501 3 5 0.046487037 
373 512 4 6 0.046406824 
903 512 6 7 0.04625886 
798 509 7 11 0.046089195 
121 518 6 8 0.045926735 
892 504 5 7 0.04576817 
317 553 9 11 0.04567959 
945 506 8 11 0.045648947 
474 479 4 7 0.045572463 
518 511 5 8 0.045571797 
65 523 6 10 0.045455165 
498 549 12 21 0.045206692 
339 563 9 13 0.04519269 
417 524 5 6 0.045060124 
475 484 4 7 0.044991452 
104 574 12 13 0.044959806 
910 580 24 36 0.044904027 
51 524 5 9 0.04487775 
544 643 36 45 0.044872932 
181 517 4 8 0.044814397 
19 660 19 29 0.044811416 
796 504 4 7 0.044726625 
386 512 4 5 0.044667054 
491 516 5 9 0.044619754 
720 538 10 13 0.044597056 
451 493 3 6 0.044458743 
939 496 8 11 0.044448562 
315 475 5 7 0.044366855 
879 510 5 9 0.04415712 
477 557 10 16 0.043803085 
416 518 5 8 0.04376841 
870 376 50 67 0.04374011 
934 569 23 33 0.043710314 
693 506 5 5 0.043645583 
456 487 3 5 0.043436475 
475 475 4 6 0.04330974 
506 515 6 10 0.04322458 
379 500 4 6 0.043217026 
40 524 5 8 0.043144774 
363 564 10 14 0.043114245 
88 548 11 13 0.04310667 
147 530 6 8 0.043008376 
320 503 6 10 0.042951915 
459 529 9 13 0.04253561 
137 606 19 30 0.042405203 
467 485 5 7 0.042250913 
576 528 8 11 0.04212784 
945 498 9 12 0.041487504 
338 494 4 6 0.041459333 
68 553 8 14 0.04143967 
53 588 14 18 0.0414029 
870 501 6 10 0.041326977 
347 529 5 7 0.04128015 
116 517 5 8 0.041150197 
565 505 6 9 0.04112302 
93 552 10 13 0.041093837 
322 549 7 9 0.04102624 
325 518 6 8 0.040924557 
341 519 4 6 0.040919945 
481 510 6 8 0.040902242 
442 502 4 5 0.040871494 
475 570 13 19 0.040858377 
990 561 55 77 0.04082433 
58 518 5 7 0.0407584 
178 552 9 13 0.040698987 
488 486 4 7 0.040678583 
456 652 30 43 0.040589295 
691 511 7 9 0.04054568 
786 542 11 14 0.040542632 
459 510 16 23 0.040499512 
821 520 9 13 0.040498536 
1085 577 14 25 0.04034205 
495 544 11 17 0.04033796 
631 521 8 12 0.040327933 
112 511 4 6 0.040319316 
380 578 15 26 0.040199805 
371 554 10 14 0.040185403 
92 576 21 26 0.039957594 
514 498 5 8 0.039922073 
370 547 8 10 0.039823145 
417 511 5 6 0.03980519 
57 655 24 31 0.039678995 
313 570 9 16 0.03950312 
570 505 6 9 0.039426282 
315 534 7 11 0.039323695 
367 513 4 6 0.03915441 
590 507 3 5 0.03899631 
891 516 5 8 0.038948376 
578 500 4 5 0.038910538 
436 503 5 7 0.0388992 
541 562 11 20 0.03889583 
73 628 22 28 0.038521353 
27 530 6 7 0.038517118 
329 532 5 7 0.03844454 
417 498 5 6 0.038391776 
134 522 7 9 0.038381167 
837 501 6 11 0.0382616 
770 506 6 6 0.038162388 
390 486 5 7 0.03806527 
189 582 17 28 0.03801263 
493 510 5 9 0.03797225 
438 598 14 21 0.03780602 
393 623 38 47 0.037799913 
418 537 6 7 0.037680764 
450 481 4 7 0.03763397 
63 615 20 26 0.037512295 
163 523 5 7 0.037496056 
176 543 5 7 0.037466474 
515 490 4 7 0.037429314 
786 535 8 10 0.037198223 
353 524 5 7 0.03719224 
107 607 13 16 0.03718244 
431 518 5 7 0.037178975 
19 526 7 10 0.037116814 
767 534 9 10 0.03710698 
795 498 4 6 0.03708129 
442 485 5 9 0.037056826 
367 518 4 6 0.03704884 
446 539 7 14 0.03696921 
865 502 6 10 0.036945343 
324 522 6 8 0.03689339 
492 476 5 9 0.036850937 
25 524 5 7 0.03681992 
34 517 5 7 0.03680855 
513 486 5 7 0.0367896 
787 520 8 10 0.03677188 
553 544 10 18 0.036749974 
636 506 4 7 0.03672959 
168 518 4 7 0.036715493 
861 542 20 29 0.036709692 
519 498 4 7 0.036620684 
768 524 6 8 0.036395438 
38 544 10 14 0.03636732 
825 579 18 17 0.03635798 
250 560 15 22 0.036313117 
500 504 6 9 0.036283273 
307 488 6 11 0.03617327 
838 482 6 10 0.036128707 
602 512 5 7 0.036066025 
116 619 21 34 0.036016833 
605 533 11 16 0.035939813 
159 553 7 11 0.035765544 
872 525 19 27 0.035675842 
51 528 6 9 0.035640772 
423 493 5 7 0.035591602 
862 509 7 11 0.03557101 
371 531 5 6 0.03554403 
512 503 4 8 0.035482176 
454 533 9 13 0.035466846 
655 510 5 9 0.0354649 
33 558 8 12 0.035388865 
189 576 11 17 0.0353565 
22 634 16 25 0.035320822 
775 499 5 6 0.03519081 
468 552 14 23 0.035109732 
773 529 8 10 0.035100512 
38 528 6 9 0.03508095 
402 504 5 7 0.035064064 
47 518 5 7 0.034982715 
886 546 9 11 0.034968156 
604 504 4 6 0.03481938 
336 541 8 10 0.034795634 
777 602 26 39 0.034773074 
428 553 7 13 0.034732707 
638 516 8 11 0.034687225 
492 552 10 16 0.034685444 
627 504 5 7 0.034595534 
792 535 11 13 0.034576636 
820 497 4 7 0.034561463 
49 625 13 16 0.034544144 
7 517 5 9 0.034539584 
311 527 16 24 0.03445946 
618 533 9 14 0.03444243 
892 499 5 7 0.034433678 
590 499 4 5 0.034413204 
438 536 5 8 0.03431987 
34 563 16 24 0.034284353 
652 545 9 14 0.034267943 
585 533 9 14 0.034257 
0 508 5 12 0.03425464 
527 499 4 6 0.03423241 
33 584 18 30 0.03409414 
604 500 4 6 0.03407955 
895 522 6 10 0.034069244 
361 513 3 6 0.034043603 
345 546 9 10 0.03400355 
644 630 32 38 0.033996224 
558 510 5 9 0.03397156 
57 547 8 13 0.033913113 
77 609 19 23 0.03375019 
676 528 9 10 0.033740126 
13 519 5 7 0.03369602 
921 357 24 25 0.033670027 
397 530 5 7 0.03360676 
799 522 9 11 0.03352217 
391 530 6 7 0.033512924 
484 520 7 12 0.033393912 
928 491 5 9 0.03334861 
910 504 6 10 0.03329587 
24 572 11 20 0.033207793 
154 531 6 9 0.03318899 
859 498 4 7 0.033175196 
189 514 4 6 0.033150338 
174 517 5 7 0.033103496 
326 546 7 12 0.033078793 
802 494 4 5 0.03306197 
418 530 5 7 0.033024248 
438 558 9 14 0.03301028 
909 527 9 12 0.032979246 
558 499 4 6 0.03295793 
31 539 7 12 0.032840554 
1010 552 19 33 0.032834534 
423 511 5 7 0.032785796 
678 519 5 7 0.03269976 
629 498 4 7 0.03252127 
318 560 10 14 0.032489505 
313 484 7 10 0.03239104 
850 537 10 16 0.03236325 
665 510 7 11 0.032301962 
766 556 28 41 0.032280188 
331 606 39 43 0.032241207 
823 516 8 11 0.03224088 
436 476 6 9 0.03220116 
465 509 8 11 0.032186467 
34 524 5 7 0.032155782 
530 519 8 13 0.032084096 
898 573 24 37 0.032075457 
865 492 5 8 0.031952485 
875 525 8 14 0.031942576 
627 511 5 8 0.031939685 
382 641 35 39 0.03187221 
612 544 14 20 0.031846695 
809 532 10 14 0.031801287 
100 568 10 11 0.031733617 
511 519 8 13 0.031726502 
462 504 6 8 0.03171017 
621 523 7 11 0.031679034 
595 591 17 24 0.031660296 
942 493 5 8 0.03155872 
471 533 9 13 0.031542696 
436 517 6 8 0.031466827 
904 506 5 7 0.03146353 
311 486 15 22 0.031406067 
849 628 10 15 0.031393044 
463 481 4 7 0.03136865 
273 598 17 30 0.03135172 
390 490 5 8 0.031334344 
351 530 7 7 0.031326205 
532 503 5 8 0.031263463 
567 534 16 23 0.031242974 
657 544 11 16 0.031088928 
833 501 6 10 0.031072447 
589 517 6 9 0.031010464 
468 505 5 8 0.030982234 
374 500 4 5 0.030942427 
495 614 32 51 0.030921875 
550 491 6 7 0.030888759 
915 498 4 6 0.0308723 
111 632 29 43 0.030870887 
602 517 6 8 0.03086739 
975 498 5 6 0.030788822 
430 505 5 7 0.030758882 
506 521 6 11 0.030726247 
762 499 5 7 0.030586828 
485 526 7 12 0.030576093 
173 523 6 7 0.030558541 
339 555 9 11 0.030464007 
389 552 7 11 0.030414764 
838 489 6 11 0.030383619 
161 601 37 50 0.030371062 
396 524 6 7 0.030337553 
142 512 4 6 0.030284526 
539 512 5 8 0.030283015 
429 499 4 6 0.030244095 
862 516 8 12 0.030058099 
1006 510 6 8 0.030017423 
870 485 4 7 0.029953942 
47 601 30 39 0.029942706 
791 520 8 11 0.029936183 
949 353 14 18 0.029924078 
387 579 22 35 0.029892236 
68 547 7 12 0.029786471 
52 584 32 38 0.029703764 
641 505 5 8 0.029694062 
930 349 15 14 0.029593106 
763 590 13 23 0.02954425 
383 600 39 49 0.029516373 
103 512 5 6 0.029456029 
546 567 17 27 0.029438384 
751 530 6 8 0.029327402 
199 521 6 9 0.02931088 
41 634 13 19 0.029289624 
931 504 4 8 0.029281557 
397 487 5 5 0.029255547 
419 559 11 13 0.029219693 
686 507 4 5 0.029186424 
762 519 5 6 0.029135799 
79 510 5 8 0.029129649 
853 567 26 34 0.02907459 
154 554 6 11 0.028944688 
446 575 11 18 0.028907375 
509 485 4 7 0.028866092 
405 512 5 6 0.028852096 
877 504 5 8 0.028789332 
398 517 5 7 0.028662516 
935 503 5 8 0.02866054 
109 505 5 7 0.02863215 
1012 519 8 11 0.02857538 
60 607 16 18 0.028533345 
527 494 4 5 0.02845986 
308 529 6 8 0.028428508 
779 547 13 15 0.02838639 
455 510 6 9 0.028355729 
142 530 6 8 0.02832186 
921 504 5 9 0.028272595 
145 567 11 16 0.028216556 
883 505 5 8 0.02816289 
513 560 12 19 0.02811196 
710 518 8 8 0.028068485 
109 517 6 8 0.028052304 
803 498 4 7 0.028038235 
206 512 4 6 0.028029095 
202 564 19 23 0.027994828 
107 521 6 10 0.027934061 
784 530 8 9 0.027818495 
339 536 6 9 0.027765162 
298 617 18 26 0.027739676 
483 519 14 24 0.027738111 
369 569 12 17 0.027710576 
443 490 5 7 0.027659135 
91 511 4 7 0.027572187 
912 359 9 11 0.027555509 
883 491 4 8 0.027477415 
498 523 6 10 0.027465472 
849 375 22 23 0.02742268 
544 605 25 32 0.027411107 
687 632 36 54 0.02740287 
645 523 8 10 0.027345566 
1058 597 26 39 0.027342983 
599 582 11 16 0.02733533 
98 512 4 6 0.027327165 
722 556 17 29 0.027274452 
342 558 11 14 0.027188994 
909 492 5 9 0.027180722 
528 533 8 14 0.02703435 
482 488 4 5 0.027011093 
400 570 9 16 0.026956193 
650 524 8 10 0.026951104 
508 505 4 7 0.02693178 
645 534 11 12 0.026843969 
835 524 9 11 0.026838263 
118 591 12 15 0.026770895 
399 536 16 21 0.026691832 
546 488 5 6 0.026672937 
736 554 19 30 0.02663131 
572 559 17 25 0.026581537 
301 531 6 8 0.02647268 
905 492 5 7 0.026472041 
642 500 4 5 0.026458599 
1016 536 17 28 0.026407158 
821 494 3 6 0.026402336 
543 511 6 9 0.026354397 
601 558 17 25 0.026336307 
584 499 4 5 0.026302643 
789 505 5 6 0.026298448 
665 506 5 7 0.026266543 
796 494 4 6 0.026233712 
336 548 8 10 0.02620901 
812 508 7 11 0.026156466 
935 510 5 8 0.02611046 
392 524 5 7 0.02609817 
1079 592 17 28 0.026082685 
457 554 16 29 0.026063554 
697 506 5 6 0.026028836 
287 595 9 16 0.026001701 
921 513 6 10 0.025986854 
456 465 6 9 0.025954524 
852 471 5 9 0.0259237 
416 505 5 6 0.0259108 
527 568 11 18 0.025900673 
761 535 9 10 0.025820574 
516 578 18 26 0.025804736 
61 646 14 18 0.025777016 
385 523 5 7 0.025753928 
136 510 5 8 0.025739504 
727 564 20 35 0.02572148 
417 493 5 7 0.025720032 
688 533 11 14 0.02568371 
902 534 6 8 0.025682816 
65 519 5 7 0.02566318 
198 555 9 12 0.025628045 
448 522 6 9 0.025592703 
176 548 16 23 0.025530592 
500 498 5 8 0.025474 
470 480 4 7 0.025429502 
278 564 9 14 0.025413156 
53 536 5 8 0.025384843 
430 523 5 6 0.025372978 
644 509 7 10 0.025340166 
373 538 16 18 0.025245488 
734 578 21 32 0.025219614 
127 518 7 8 0.02515375 
7 529 14 22 0.025152953 
307 570 9 14 0.025131205 
474 508 6 8 0.025060827 
179 523 6 7 0.025029812 
210 634 21 17 0.025004018 
185 535 7 10 0.024980405 
512 529 14 22 0.024871018 
95 529 7 9 0.024867374 
436 653 20 27 0.024821475 
815 494 4 5 0.024811044 
942 347 14 16 0.024801902 
1088 558 13 25 0.024741063 
356 540 7 10 0.024662849 
546 492 4 6 0.024643486 
53 518 4 7 0.024633644 
509 539 10 15 0.024585469 
912 522 7 11 0.024582833 
927 577 42 55 0.024576304 
177 628 12 21 0.024502061 
520 493 3 6 0.02447913 
391 535 6 8 0.024477547 
962 495 6 8 0.024455015 
896 505 5 7 0.024395501 
4 576 8 16 0.024373284 
765 530 18 19 0.024338413 
646 505 5 7 0.024334442 
855 435 7 11 0.02431678 
746 537 17 20 0.024267457 
812 516 10 13 0.024237173 
836 536 10 15 0.024203781 
438 530 5 7 0.02419194 
1018 521 16 27 0.024190133 
637 527 10 12 0.024168652 
709 526 11 12 0.024094958 
654 498 4 7 0.024079356 
162 518 5 7 0.023994468 
86 576 12 18 0.023867685 
95 568 9 12 0.02382591 
428 579 16 23 0.023825616 
609 501 3 5 0.023824258 
883 520 6 11 0.02382375 
125 586 11 13 0.023759278 
301 529 15 21 0.0237566 
533 493 4 5 0.023746626 
660 497 4 7 0.02368913 
3 379 43 60 0.02362917 
1003 533 19 31 0.02361246 
135 517 5 8 0.023562804 
603 522 6 9 0.023555078 
199 572 36 46 0.023504449 
326 503 6 9 0.02350027 
839 509 6 9 0.023479005 
107 529 7 9 0.023437325 
42 573 12 19 0.023404252 
173 618 39 51 0.023367826 
1018 484 6 12 0.023363438 
4 509 6 10 0.023319798 
454 514 7 11 0.023276519 
319 487 8 9 0.02327287 
457 567 28 43 0.023269719 
342 506 4 6 0.02323384 
456 481 4 7 0.023201043 
470 630 31 49 0.023193294 
661 506 5 7 0.023122668 
418 377 23 25 0.023063667 
388 491 4 7 0.02305724 
665 554 18 26 0.023052735 
47 560 11 14 0.023036657 
920 548 10 13 0.022944454 
0 626 23 27 0.022886364 
139 591 20 28 0.022881502 
980 580 36 42 0.02287608 
482 541 6 11 0.022870693 
930 497 5 9 0.022868535 
345 502 13 24 0.022848433 
533 499 5 7 0.022791322 
136 504 5 8 0.022774002 
675 534 10 13 0.022769518 
879 491 5 8 0.022733824 
473 519 8 14 0.02268348 
136 557 17 26 0.022664646 
442 530 6 8 0.022657365 
493 492 4 8 0.022643412 
537 532 10 16 0.022582913 
452 555 10 17 0.022515802 
635 499 4 6 0.022511201 
501 515 5 9 0.022506956 
290 621 11 18 0.022475049 
140 542 9 12 0.022458576 
950 502 8 9 0.022427125 
807 494 4 5 0.022417206 
15 594 16 27 0.022320965 
65 563 10 16 0.02223132 
1006 491 8 12 0.022169009 
530 527 7 14 0.0221563 
357 517 15 21 0.022136886 
349 495 4 5 0.022123333 
807 503 5 7 0.022067932 
1023 561 33 49 0.022019345 
571 500 4 5 0.022018274 
60 577 11 15 0.02194325 
828 499 5 8 0.021874309 
686 499 4 5 0.02185141 
587 652 41 47 0.021850696 
835 484 5 8 0.02180666 
297 536 6 10 0.021799779 
26 549 33 47 0.021796683 
879 493 29 42 0.02175054 
811 551 13 16 0.02173417 
905 515 16 23 0.021732848 
46 505 4 6 0.021732831 
790 499 4 6 0.021703282 
133 527 7 10 0.021697026 
852 527 7 13 0.0216966 
361 590 13 15 0.021669835 
813 524 9 14 0.021654565 
826 502 6 9 0.02159884 
354 494 3 4 0.021576624 
334 510 5 8 0.021536224 
1010 501 7 12 0.021479867 
153 523 5 8 0.021401234 
470 545 10 16 0.02137379 
938 539 17 24 0.021359324 
830 516 7 9 0.0213181 
120 534 9 16 0.021311212 
712 538 18 25 0.021305578 
105 503 5 8 0.021258332 
477 514 14 23 0.021252215 
877 498 5 8 0.021247273 
437 512 5 7 0.021241127 
358 506 5 6 0.021231813 
510 527 9 13 0.021208912 
318 538 7 12 0.021183625 
967 509 7 9 0.021134863 
850 456 7 13 0.021088414 
105 614 19 27 0.021062268 
100 559 19 22 0.021051072 
844 535 9 14 0.021048531 
772 539 10 12 0.021028562 
839 474 4 6 0.021002237 
576 518 14 19 0.020945163 
471 473 4 7 0.020928245 
201 559 10 13 0.020833595 
633 534 18 20 0.020820178 
672 516 6 8 0.020765195 
516 541 12 18 0.020748656 
969 506 6 8 0.020731458 
968 532 22 30 0.020711014 
219 427 20 53 0.020705763 
749 523 7 8 0.020630177 
584 607 27 29 0.020607103 
385 500 4 5 0.020589057 
311 598 12 18 0.02056857 
858 479 4 6 0.020545838 
117 521 5 9 0.020545056 
102 528 7 9 0.02053793 
37 638 12 20 0.020530177 
429 493 4 6 0.020509377 
334 504 5 8 0.020492317 
1065 357 22 37 0.020488758 
739 552 11 16 0.020478867 
366 493 4 5 0.020456227 
484 554 9 13 0.020451514 
870 508 6 11 0.02041929 
595 521 7 9 0.020398078 
0 559 7 15 0.020392524 
771 498 4 6 0.020374596 
819 504 6 8 0.020372903 
696 521 8 11 0.020356977 
666 533 17 20 0.020352375 
427 536 6 9 0.020333245 
506 544 16 23 0.02031049 
549 487 7 7 0.020289179 
313 539 8 11 0.020268012 
857 429 7 11 0.020243064 
447 530 6 10 0.020237919 
360 493 4 5 0.02023628 
142 516 5 8 0.020223826 
870 516 7 11 0.02021679 
149 514 3 5 0.020212512 
756 511 5 7 0.020204986 
639 598 23 35 0.020140294 
486 459 5 8 0.02010202 
914 492 5 9 0.020096438 
129 580 17 24 0.020083502 
847 451 6 11 0.02007388 
521 565 12 18 0.020067317 
836 479 4 7 0.020057667 
