2_Demonstration_Political_Rally_2_171
242
125 568 16 22 0.99619627 
847 646 58 101 0.9913986 
103 619 45 63 0.98919886 
148 705 35 60 0.9848155 
46 714 39 54 0.9806418 
408 699 43 77 0.9781596 
616 659 51 95 0.9713756 
555 659 21 41 0.9309619 
947 620 21 21 0.9054209 
1002 623 22 27 0.83604336 
302 653 31 48 0.62271744 
449 647 26 55 0.45438677 
613 180 6 11 0.32429817 
914 692 62 95 0.29139537 
338 714 33 49 0.25342575 
260 707 40 68 0.23473038 
207 -9 349 388 0.22650644 
420 594 21 43 0.21431388 
423 666 30 37 0.20221403 
684 145 4 7 0.18753347 
681 145 4 7 0.18725118 
633 163 5 9 0.18290506 
770 200 8 14 0.18192281 
622 180 5 8 0.17315055 
689 177 5 12 0.17129189 
703 647 41 79 0.16166143 
196 669 42 41 0.15265104 
876 677 59 90 0.14653352 
208 653 31 27 0.14632681 
730 179 4 8 0.1317956 
303 619 35 30 0.12282047 
691 147 4 7 0.12154714 
168 720 39 53 0.121336445 
680 143 3 6 0.11576621 
150 595 13 16 0.113225415 
615 146 5 6 0.10936744 
746 159 7 10 0.107476756 
127 199 4 7 0.10486842 
668 159 5 10 0.09788648 
1016 627 19 29 0.094552815 
714 690 66 94 0.087323405 
179 197 4 8 0.086046286 
626 180 4 8 0.08295159 
341 681 37 57 0.07890432 
611 180 5 8 0.07519052 
674 142 3 5 0.07318916 
49 661 22 33 0.07165458 
735 179 4 8 0.07029272 
223 198 3 7 0.0676967 
747 178 5 9 0.0669608 
43 667 40 71 0.065357044 
692 150 4 8 0.064956896 
837 178 4 8 0.0643081 
355 669 36 45 0.064297475 
441 564 18 25 0.063435465 
735 140 4 6 0.061995193 
1017 179 5 8 0.06134654 
731 143 4 5 0.058604635 
621 142 4 6 0.05731234 
634 184 4 8 0.056797527 
371 499 25 38 0.056753777 
379 717 45 49 0.056154717 
635 139 4 6 0.055421382 
647 134 6 8 0.055279277 
877 177 5 9 0.05462717 
597 358 3 6 0.05434509 
634 180 4 7 0.05284887 
679 178 4 8 0.05207251 
232 197 3 7 0.05205624 
627 140 4 6 0.051415745 
619 145 5 7 0.051092654 
785 203 8 13 0.050650924 
184 677 38 58 0.0501125 
221 198 4 7 0.049936935 
963 159 5 9 0.04836873 
185 196 4 8 0.04787546 
686 151 3 7 0.047575716 
188 165 4 7 0.047263976 
110 597 16 29 0.047018494 
667 141 3 5 0.04674769 
232 703 40 64 0.045454353 
641 202 7 13 0.0444641 
687 175 3 7 0.043913677 
973 701 8 14 0.043910194 
135 171 4 6 0.043467768 
891 175 4 10 0.042784724 
726 179 4 8 0.042340387 
667 172 5 8 0.041891485 
617 145 3 4 0.0411481 
856 159 5 8 0.041014604 
136 169 3 5 0.04090275 
297 348 6 10 0.04089123 
197 197 4 7 0.040745214 
356 714 37 48 0.040580865 
674 145 3 7 0.040471893 
966 707 7 14 0.040065475 
277 673 33 64 0.039333783 
213 680 36 54 0.03922373 
616 359 3 4 0.038877472 
249 218 5 9 0.03857703 
0 689 10 32 0.038207605 
628 183 3 7 0.0380593 
55 648 35 57 0.037737954 
5 740 20 38 0.037335888 
749 135 4 7 0.03701476 
443 595 30 52 0.036057852 
803 178 5 9 0.035072654 
660 204 5 9 0.035067346 
680 175 3 6 0.034707267 
658 161 5 7 0.034399644 
654 657 40 72 0.033835016 
133 545 11 16 0.033512324 
768 178 6 11 0.033444516 
1018 653 7 15 0.03339455 
692 143 3 5 0.033315863 
744 137 3 5 0.033204604 
633 169 4 8 0.032951064 
597 355 2 4 0.03272423 
179 178 5 8 0.03245238 
944 177 4 9 0.032371808 
181 165 3 6 0.03225708 
141 167 3 5 0.032075845 
173 194 3 6 0.031939015 
174 197 4 6 0.031545732 
168 198 3 7 0.03151412 
653 161 4 7 0.031221692 
324 649 22 33 0.031123912 
890 159 5 9 0.03058669 
147 198 4 8 0.030559234 
296 640 20 40 0.030216845 
400 497 21 36 0.029898413 
873 177 4 8 0.029842002 
563 561 14 26 0.029682977 
424 688 25 49 0.028866174 
652 134 4 7 0.028455244 
140 594 8 11 0.028244993 
285 213 38 59 0.02817321 
233 213 3 5 0.028104937 
755 179 4 8 0.027777072 
680 151 4 8 0.02774255 
640 135 3 6 0.027661597 
660 135 5 6 0.027454231 
615 176 3 5 0.027445389 
243 177 5 8 0.027110724 
332 696 26 51 0.027093222 
1 748 32 65 0.027058689 
148 180 4 8 0.02693117 
631 161 4 7 0.026901774 
855 219 9 16 0.02683032 
735 174 4 6 0.026645135 
641 164 4 7 0.026635006 
859 140 4 6 0.026631631 
297 674 21 37 0.026628865 
629 172 4 7 0.02662244 
906 662 38 72 0.0265574 
136 598 6 10 0.026392085 
602 185 3 7 0.02638084 
143 199 4 7 0.026227985 
911 177 3 7 0.02622729 
749 138 5 8 0.02614142 
665 136 4 6 0.026094716 
77 729 27 40 0.026067458 
603 180 4 7 0.026061181 
970 701 15 26 0.025928311 
635 156 3 5 0.025514618 
918 395 9 13 0.025420798 
673 137 3 5 0.02536732 
655 204 4 8 0.025036694 
201 718 40 64 0.024900123 
614 187 5 10 0.024881111 
904 148 3 6 0.024828758 
634 189 4 8 0.024804134 
192 166 3 6 0.024762375 
640 178 3 8 0.024756555 
538 663 28 44 0.024711672 
647 161 5 7 0.024580002 
487 356 82 108 0.02451234 
30 734 42 62 0.024498887 
639 183 4 9 0.024463465 
1027 747 16 33 0.024343386 
611 148 3 5 0.024190951 
512 671 28 47 0.024182776 
945 674 39 79 0.024105031 
529 555 17 28 0.023910666 
981 710 32 46 0.02390882 
617 355 2 4 0.0237856 
602 360 3 5 0.023682231 
636 137 4 6 0.023661464 
1013 179 4 7 0.023649456 
659 164 5 8 0.023612568 
889 141 3 5 0.02360422 
845 146 4 6 0.02337574 
602 191 3 8 0.023357606 
161 197 4 8 0.02333362 
368 655 28 29 0.023288041 
668 145 4 7 0.02320196 
617 372 3 5 0.023076411 
168 194 4 6 0.02298918 
221 669 27 34 0.02289347 
672 203 6 11 0.022859156 
903 178 3 7 0.022780845 
560 642 18 36 0.022751728 
237 214 3 5 0.022650836 
577 359 3 5 0.02258151 
713 18 45 55 0.022573147 
654 182 4 10 0.022549704 
641 173 4 6 0.022457048 
632 198 4 9 0.022350648 
660 139 5 7 0.022276929 
610 360 2 4 0.022231538 
654 178 5 9 0.021999698 
883 178 4 7 0.021958802 
959 705 8 13 0.021932732 
654 210 4 8 0.021899017 
671 173 4 7 0.021829726 
591 359 2 4 0.021725636 
199 171 4 5 0.021719422 
639 139 4 7 0.021711955 
859 179 3 6 0.021621425 
53 250 5 9 0.021445865 
672 177 5 9 0.021437781 
954 146 4 6 0.021340102 
349 683 13 21 0.021248695 
667 177 6 10 0.021183666 
705 178 3 8 0.021088796 
135 201 3 5 0.021048643 
999 177 5 9 0.021047791 
479 392 7 15 0.021002125 
565 551 10 17 0.020979494 
667 189 5 10 0.020970447 
609 365 3 5 0.020866135 
738 138 3 4 0.020821879 
238 198 3 7 0.020658642 
712 179 4 8 0.020650491 
223 201 4 8 0.020528646 
852 193 4 7 0.020521937 
131 597 17 25 0.020477459 
949 147 4 5 0.020292344 
264 218 4 8 0.02016999 
984 712 15 27 0.020165425 
685 158 4 9 0.02012568 
585 360 2 4 0.020074254 
