2_Demonstration_Demonstration_Or_Protest_2_140
1201
843 629 26 30 0.99735755 
952 636 27 37 0.99662364 
138 584 18 26 0.9966029 
522 574 19 24 0.9937396 
955 589 18 24 0.99223083 
331 608 19 21 0.9898817 
456 396 10 16 0.98679674 
203 539 15 23 0.9863123 
451 485 12 16 0.98481905 
769 542 17 20 0.9846177 
834 544 15 16 0.9836199 
429 622 20 18 0.9806558 
624 377 9 14 0.9796361 
181 648 23 30 0.9786644 
513 500 11 21 0.9762699 
637 486 14 19 0.97601795 
740 394 11 17 0.9755828 
638 383 13 18 0.97416556 
616 526 16 21 0.97230995 
601 380 12 15 0.97148424 
802 644 19 22 0.9688803 
451 643 18 23 0.9674336 
852 265 10 12 0.96699244 
721 312 11 14 0.9658256 
785 560 15 22 0.9631626 
713 573 12 18 0.96272534 
741 549 16 20 0.9619565 
702 463 12 15 0.9577389 
549 475 13 19 0.9566514 
492 476 16 18 0.9535321 
374 632 21 22 0.9495298 
765 625 15 20 0.94709456 
757 578 16 21 0.9425186 
331 519 15 20 0.941561 
180 616 20 19 0.9410827 
802 301 11 14 0.93807155 
413 563 17 19 0.9380104 
376 510 12 17 0.93767977 
807 569 14 22 0.93381745 
761 595 17 18 0.932916 
531 491 15 19 0.9317807 
682 476 14 15 0.92508143 
303 607 14 18 0.9249977 
524 527 13 16 0.92420816 
591 458 13 15 0.9210905 
673 368 13 15 0.91578 
546 523 16 22 0.9155315 
298 518 16 21 0.91034025 
559 500 14 21 0.9080572 
247 560 17 23 0.90282184 
230 464 16 22 0.8983272 
608 655 24 34 0.8806554 
382 475 12 15 0.8699111 
823 276 12 12 0.8683995 
623 626 20 23 0.8595246 
246 607 13 20 0.8522409 
691 270 10 14 0.8461736 
914 605 18 17 0.84303755 
157 544 15 18 0.83460695 
778 522 14 18 0.8311602 
220 619 20 30 0.8257725 
724 474 14 16 0.82060564 
858 288 10 14 0.8183343 
653 272 10 15 0.8160034 
644 463 12 15 0.8111114 
547 394 13 17 0.8075091 
572 536 15 20 0.79927456 
564 466 14 17 0.7930967 
512 386 11 16 0.7906153 
560 355 11 13 0.7892311 
160 593 15 19 0.78907263 
784 262 10 13 0.7805399 
934 280 10 13 0.7685816 
529 623 19 27 0.75915575 
415 477 14 18 0.7589774 
795 238 7 11 0.74380255 
281 524 14 19 0.73382336 
750 286 9 13 0.73159707 
584 312 9 15 0.7253114 
686 506 15 16 0.72234136 
929 642 18 28 0.7223184 
687 413 11 19 0.7190799 
896 281 12 14 0.71204346 
674 542 10 19 0.7116999 
483 638 14 15 0.70701325 
571 445 12 17 0.7054235 
379 571 12 19 0.70512444 
909 577 19 20 0.69767356 
412 652 22 23 0.69289935 
721 628 17 22 0.6920506 
390 618 14 18 0.6808196 
611 432 12 15 0.67519677 
433 591 11 19 0.669451 
365 606 15 18 0.6608574 
384 638 20 21 0.6163777 
900 641 34 34 0.61605084 
670 323 11 15 0.6094062 
852 218 9 10 0.5915334 
711 388 11 14 0.59056735 
628 471 15 16 0.5868127 
542 258 8 11 0.5817819 
870 236 9 11 0.5684034 
553 417 11 17 0.5681031 
656 333 9 12 0.5641757 
650 531 13 14 0.5580435 
554 388 13 18 0.5480194 
938 227 9 10 0.54747224 
888 227 9 10 0.54475623 
785 314 12 16 0.54434997 
859 324 14 14 0.5419298 
835 245 7 12 0.53913915 
761 174 6 11 0.5327842 
760 258 8 11 0.5238368 
702 214 6 11 0.51743823 
768 235 8 12 0.5021581 
742 240 8 11 0.49776646 
576 329 12 15 0.47085908 
687 196 8 13 0.46381524 
859 600 17 15 0.45288336 
985 261 8 15 0.42533842 
465 388 16 20 0.42247397 
718 243 7 12 0.41471055 
702 236 8 12 0.41300076 
533 300 8 14 0.3992298 
761 296 8 13 0.38221952 
594 344 8 13 0.3770757 
972 216 8 12 0.37580755 
963 232 7 11 0.3673709 
655 602 13 17 0.3357358 
874 284 10 14 0.3178885 
305 558 14 19 0.3130698 
821 150 6 8 0.3067242 
489 629 18 21 0.30599308 
626 504 12 14 0.30586582 
845 241 9 12 0.30329856 
693 141 7 10 0.29564992 
730 235 8 11 0.29162785 
304 580 10 15 0.28987274 
865 211 6 9 0.28778926 
821 168 6 10 0.2868228 
659 204 6 11 0.28609955 
692 358 14 15 0.27805132 
794 173 5 8 0.27348965 
736 270 7 11 0.2707296 
774 188 8 10 0.2687651 
664 653 24 38 0.26790297 
590 383 9 14 0.26137188 
425 502 14 22 0.26111925 
616 282 11 15 0.2603264 
696 649 17 25 0.25543773 
742 653 22 27 0.24986465 
825 244 8 12 0.24839453 
597 245 7 10 0.24778078 
1000 216 7 12 0.2438922 
668 249 9 13 0.24387291 
568 287 9 11 0.23994805 
759 208 7 9 0.23812698 
628 212 5 8 0.23652989 
671 391 8 14 0.23486356 
747 301 9 14 0.23061396 
721 256 8 11 0.2270647 
882 281 9 14 0.22620395 
913 179 7 11 0.22587718 
209 570 17 26 0.22493994 
747 317 9 14 0.2211542 
739 211 8 12 0.22002783 
447 611 12 16 0.21967243 
494 427 10 15 0.21781074 
805 240 7 10 0.21744916 
726 251 7 11 0.21701548 
933 245 8 10 0.21522883 
625 612 14 13 0.20500445 
569 431 10 16 0.20495412 
764 258 9 11 0.20424333 
774 152 7 10 0.20002218 
955 214 7 10 0.19928668 
632 281 8 14 0.19802944 
692 241 6 8 0.19499442 
584 230 6 10 0.1939451 
565 247 6 8 0.19323736 
749 161 5 7 0.1927789 
472 558 9 13 0.18698937 
926 235 7 8 0.18417323 
764 193 6 8 0.18285619 
969 262 8 12 0.18191801 
870 242 9 12 0.17890671 
892 575 12 16 0.17670852 
513 580 10 16 0.17627406 
205 582 15 27 0.17398657 
684 243 6 8 0.17347342 
782 213 7 9 0.17194396 
801 148 5 8 0.17192638 
679 392 14 17 0.16975914 
967 217 7 10 0.16871047 
796 187 6 8 0.16732933 
642 212 6 8 0.1649361 
879 224 7 10 0.16310526 
608 248 8 11 0.16182987 
844 142 7 12 0.16159171 
928 308 11 13 0.1604758 
1000 602 16 28 0.15951988 
749 180 6 10 0.15879633 
490 531 14 20 0.15873252 
805 220 7 8 0.15781118 
681 207 6 9 0.15669705 
793 158 7 12 0.15589122 
504 241 14 33 0.15524115 
452 114 8 15 0.15266591 
652 212 8 12 0.15225704 
818 188 5 8 0.15190902 
684 311 11 13 0.15087518 
817 206 6 8 0.14977126 
975 250 5 9 0.1493321 
874 191 9 10 0.14897378 
737 186 7 10 0.14720324 
928 326 12 12 0.14491452 
927 186 5 8 0.14487651 
444 484 9 14 0.14486788 
743 174 6 9 0.14482793 
768 218 7 10 0.144582 
232 484 13 17 0.14443216 
678 298 10 13 0.14267808 
180 144 12 19 0.14263095 
756 175 6 8 0.14169654 
923 182 6 9 0.13913772 
636 278 11 16 0.13881126 
693 452 9 16 0.13792215 
934 205 7 9 0.13708995 
682 148 6 10 0.13553917 
894 218 9 10 0.13476843 
731 169 5 7 0.13241312 
1002 250 6 11 0.13139549 
1012 507 15 26 0.13084435 
842 220 8 9 0.1304166 
888 270 9 12 0.1299006 
442 385 9 18 0.12885979 
699 162 5 9 0.12851673 
812 157 5 8 0.1277353 
785 182 7 9 0.12705755 
770 168 5 8 0.12665246 
697 239 7 10 0.12621073 
838 182 6 7 0.1258877 
510 411 12 17 0.124397494 
766 658 13 16 0.123856686 
739 205 8 11 0.123734124 
825 238 7 9 0.122348115 
805 149 4 7 0.122167684 
956 550 27 24 0.120970145 
864 195 7 9 0.12091094 
844 180 6 8 0.1192304 
529 419 11 19 0.117802866 
958 217 6 10 0.116969086 
899 217 8 10 0.114620246 
785 244 7 10 0.11414993 
798 242 8 11 0.112875305 
1000 255 7 13 0.11061382 
354 570 13 20 0.110598385 
834 200 6 8 0.11051216 
864 183 6 8 0.11016704 
897 202 7 8 0.109884515 
752 300 8 12 0.108924955 
661 638 22 23 0.10855613 
977 246 5 9 0.10744823 
800 218 6 7 0.1069739 
805 214 6 8 0.10628039 
538 261 8 13 0.10529784 
595 282 10 13 0.10507907 
605 313 8 13 0.1050025 
690 227 6 8 0.10483566 
947 189 5 7 0.10420242 
929 244 8 10 0.104199 
798 264 9 10 0.10369616 
703 155 6 10 0.10305449 
857 605 21 24 0.10282426 
383 592 9 17 0.10262259 
858 186 6 9 0.10243692 
904 324 13 13 0.10094449 
842 305 10 17 0.10046643 
805 317 11 12 0.100393005 
747 611 12 18 0.10034806 
898 205 9 10 0.10010875 
747 213 7 9 0.09988676 
511 262 8 17 0.099289976 
599 549 12 15 0.09911429 
595 215 7 13 0.09900863 
794 215 6 8 0.0988751 
710 212 6 10 0.098415345 
284 593 17 23 0.09814039 
698 167 6 9 0.0979209 
832 161 5 8 0.09791481 
819 299 11 14 0.09743499 
529 256 8 12 0.097250655 
754 180 6 10 0.09680354 
804 276 11 12 0.096477225 
781 218 6 10 0.095433176 
634 186 4 8 0.095385246 
870 188 8 8 0.09479356 
782 311 9 15 0.09397038 
800 193 6 8 0.09324008 
824 153 5 9 0.09321308 
637 465 14 18 0.092964776 
926 207 6 9 0.09286923 
966 249 5 9 0.09236799 
572 507 11 17 0.09175626 
959 206 5 8 0.09153767 
896 573 18 21 0.09031607 
653 200 5 10 0.09012888 
702 199 7 10 0.090086035 
730 172 6 11 0.08939376 
302 656 24 33 0.08930399 
947 208 6 8 0.08916063 
833 220 7 10 0.08863784 
519 628 17 29 0.088626176 
698 206 7 11 0.08862183 
774 275 7 11 0.088546455 
845 162 5 7 0.08845584 
362 548 17 19 0.08823333 
824 173 6 9 0.087888286 
780 244 8 10 0.08730863 
166 509 11 16 0.086600624 
692 147 7 10 0.08659996 
795 145 4 6 0.086179316 
671 212 6 9 0.08613706 
988 256 8 14 0.08608363 
599 277 8 12 0.0859103 
74 343 8 16 0.08568163 
894 190 6 7 0.08531796 
676 446 11 15 0.08518317 
774 220 5 9 0.08453632 
869 193 9 9 0.08407056 
850 140 8 12 0.08391703 
622 225 5 10 0.083581865 
807 166 6 10 0.08288182 
791 264 8 10 0.08239502 
240 572 12 17 0.081434146 
837 220 8 9 0.08113261 
748 176 5 8 0.07977812 
690 294 10 14 0.079647385 
838 100 9 12 0.07889639 
678 221 7 9 0.07885041 
450 107 7 14 0.078221306 
673 313 11 17 0.078130715 
939 201 5 8 0.07809718 
655 561 13 15 0.07801392 
639 218 7 11 0.07769443 
875 576 20 18 0.077399924 
834 145 4 6 0.07739409 
407 347 7 13 0.07672253 
471 587 11 13 0.07646104 
718 185 7 10 0.07626714 
657 219 6 9 0.07599303 
800 182 6 8 0.07556047 
632 213 5 7 0.07507018 
840 300 8 12 0.075047866 
773 183 6 7 0.07496293 
884 201 8 8 0.074812815 
200 637 18 27 0.07469422 
801 145 3 6 0.074381754 
914 214 8 10 0.07418473 
828 189 5 7 0.07406417 
93 126 11 23 0.071983315 
764 226 6 8 0.07196256 
881 602 19 23 0.07163721 
603 501 11 17 0.07149478 
954 208 5 7 0.07142393 
919 220 8 9 0.07098578 
771 150 5 8 0.06933546 
794 183 5 8 0.06883443 
652 249 6 10 0.06863832 
710 274 6 11 0.06831252 
830 189 6 7 0.068156354 
890 192 7 9 0.06795044 
414 374 9 15 0.06794373 
592 319 10 17 0.06793987 
755 201 6 8 0.067778885 
914 185 7 9 0.06716044 
902 621 21 26 0.06704865 
794 150 4 7 0.06684843 
643 206 6 11 0.066757336 
826 233 7 9 0.06654759 
683 378 11 13 0.066356145 
818 212 7 8 0.06591569 
922 201 5 6 0.065603375 
787 217 6 9 0.06531308 
680 162 5 8 0.06520144 
916 200 5 7 0.06503018 
723 394 9 14 0.064881854 
923 236 7 9 0.064504296 
695 328 11 16 0.06433836 
921 207 8 9 0.064155616 
811 160 6 11 0.064113975 
675 306 11 15 0.063635714 
826 212 6 9 0.06359871 
706 150 5 9 0.06347892 
768 174 6 8 0.06343195 
797 159 7 11 0.062715076 
885 205 7 9 0.06253261 
973 198 5 9 0.062481824 
876 213 6 7 0.062206093 
886 324 13 12 0.06192195 
865 225 7 9 0.06151829 
869 182 5 7 0.061442815 
897 143 7 9 0.061381884 
927 225 7 8 0.061274257 
711 141 6 12 0.061207827 
750 206 5 9 0.060868133 
684 213 6 8 0.060822356 
702 223 8 12 0.06055567 
820 163 5 9 0.06041914 
206 511 18 22 0.060055073 
419 531 11 17 0.059508722 
712 137 5 9 0.059320834 
724 337 8 14 0.059300046 
833 148 4 8 0.05904272 
927 222 5 6 0.059037194 
922 195 5 7 0.058965467 
845 199 6 8 0.058867738 
633 208 5 8 0.0588362 
523 272 10 15 0.058835223 
799 288 9 12 0.058682323 
788 176 5 6 0.058603324 
685 220 6 8 0.05815748 
976 213 7 11 0.05743421 
742 304 10 16 0.057367492 
672 448 8 13 0.057356894 
164 145 11 17 0.057235178 
664 207 6 9 0.05717463 
630 187 4 6 0.057017967 
743 257 7 11 0.056881014 
800 282 9 11 0.05616512 
671 208 5 9 0.056012563 
761 171 4 7 0.055856172 
580 461 10 14 0.0558155 
859 182 6 8 0.05579809 
761 253 8 10 0.055520188 
838 239 7 10 0.055296324 
398 103 11 14 0.055217568 
433 369 7 12 0.055048704 
680 144 5 8 0.054910135 
831 194 6 7 0.054710627 
693 162 5 9 0.054343205 
734 265 7 11 0.05387035 
948 202 5 7 0.053850617 
357 503 11 16 0.05375344 
615 168 5 11 0.053738505 
504 239 8 15 0.053690784 
722 344 8 14 0.053674288 
743 181 6 10 0.05340827 
840 169 5 7 0.05328659 
827 193 5 8 0.052973315 
819 194 5 7 0.05214857 
792 278 6 9 0.05210363 
899 600 11 17 0.05209031 
684 357 12 14 0.051886007 
848 281 10 15 0.051863585 
914 234 6 7 0.051762104 
954 160 6 8 0.05176 
769 214 6 8 0.051653035 
621 197 3 6 0.05145371 
773 293 9 12 0.051097862 
869 209 6 8 0.051006448 
820 272 10 10 0.050992254 
787 239 6 8 0.050662555 
346 306 7 13 0.050569486 
927 194 5 7 0.05054427 
695 243 7 10 0.05050744 
711 193 5 9 0.0504423 
777 250 6 10 0.05027496 
652 555 11 18 0.050195057 
954 554 15 15 0.050174013 
747 256 7 12 0.049942177 
374 611 12 16 0.049558334 
167 142 19 25 0.0494938 
782 175 5 6 0.0494514 
357 620 9 14 0.049264688 
782 240 6 8 0.049193375 
708 148 6 11 0.04916465 
772 233 7 10 0.049153093 
678 268 8 13 0.048956458 
980 266 7 14 0.048760403 
403 84 7 9 0.048741575 
628 277 7 12 0.048678014 
865 178 5 6 0.048023883 
798 168 5 9 0.047989383 
837 611 17 24 0.047953505 
883 180 7 8 0.047915623 
807 295 11 14 0.047894057 
370 523 10 15 0.04772736 
594 542 11 15 0.04771526 
578 446 10 15 0.047701724 
623 208 3 7 0.047604676 
688 203 8 13 0.047569524 
667 211 6 10 0.047526065 
629 245 7 9 0.047417346 
789 200 5 7 0.047354124 
738 201 7 9 0.047196653 
420 283 8 13 0.04696843 
692 155 6 8 0.046873372 
793 194 6 9 0.046830013 
878 221 7 8 0.046805553 
622 200 3 6 0.04679014 
734 332 8 12 0.04671884 
694 123 5 9 0.04645783 
813 202 6 8 0.046361372 
989 643 22 29 0.04624217 
689 220 5 8 0.04612566 
659 141 4 9 0.046119038 
727 333 9 14 0.046080317 
744 600 12 15 0.04602806 
561 300 8 14 0.04581499 
748 201 6 8 0.045239467 
642 201 4 8 0.045085873 
700 593 12 13 0.044958845 
790 161 5 8 0.044955797 
502 418 16 22 0.044832498 
1005 314 5 10 0.04477632 
225 457 31 39 0.04470746 
786 283 8 11 0.0446825 
615 437 11 16 0.04443214 
625 278 13 21 0.04435074 
683 261 9 15 0.044200804 
932 239 7 8 0.044113312 
882 176 7 8 0.04405591 
647 200 5 9 0.043794706 
959 201 5 9 0.043760702 
831 214 6 8 0.04371852 
869 198 7 8 0.043623332 
472 491 8 14 0.043548375 
938 248 7 11 0.04321255 
840 164 3 6 0.04320461 
768 189 6 8 0.043130547 
794 208 5 7 0.043105952 
974 551 13 14 0.043034717 
573 309 12 17 0.043015618 
805 146 4 6 0.04298389 
721 182 6 10 0.042977173 
880 189 7 7 0.042946752 
906 609 22 27 0.042935237 
658 138 4 7 0.042780485 
490 463 10 18 0.042729083 
901 242 9 11 0.042701397 
658 186 6 10 0.04270062 
826 270 10 11 0.042656526 
940 222 6 7 0.0425226 
906 598 18 22 0.04250678 
499 403 8 15 0.04249289 
869 603 21 25 0.042470425 
840 144 5 8 0.04243472 
616 201 3 5 0.042226132 
992 70 6 13 0.04213951 
1019 242 7 13 0.04203526 
768 269 8 12 0.041978825 
954 244 7 10 0.041879036 
667 168 4 8 0.04182655 
629 461 12 15 0.04181505 
838 187 5 7 0.04170424 
980 143 4 7 0.041599937 
711 207 6 10 0.041489817 
709 218 5 9 0.041356746 
638 187 5 8 0.0413316 
775 146 4 6 0.041301638 
736 173 5 10 0.0412631 
890 245 9 11 0.041253366 
941 196 5 6 0.0412525 
671 504 10 15 0.041210994 
721 239 7 10 0.041206792 
638 183 5 7 0.041071888 
799 227 6 8 0.04100409 
972 169 5 7 0.04088908 
799 138 3 6 0.04086457 
684 163 5 8 0.040816378 
217 531 9 13 0.040801387 
875 209 7 7 0.040762108 
699 157 5 8 0.040650822 
754 246 6 8 0.040608767 
653 196 4 8 0.040580317 
634 219 7 10 0.04033274 
731 268 6 12 0.04013083 
685 365 17 20 0.04008765 
680 154 6 11 0.040063225 
820 183 5 7 0.040032804 
718 260 7 12 0.03996112 
685 256 8 10 0.039958782 
708 378 13 16 0.039831884 
180 474 8 11 0.03979708 
779 189 6 7 0.039707255 
843 214 7 9 0.039702486 
819 227 7 9 0.03957004 
655 137 5 9 0.039522868 
935 231 7 8 0.03948851 
450 252 8 16 0.039254017 
855 154 6 10 0.039173607 
781 171 4 6 0.03910079 
629 183 4 8 0.03897264 
845 156 5 8 0.038960632 
803 263 8 10 0.038927373 
884 230 7 10 0.03890658 
757 171 4 6 0.038863853 
1020 251 5 11 0.03870848 
838 214 7 8 0.038707335 
896 149 5 6 0.038614627 
860 648 24 27 0.038571514 
724 277 6 12 0.03854182 
909 188 6 8 0.038431518 
323 325 6 13 0.038348816 
607 187 4 7 0.038279925 
1018 608 16 27 0.038274623 
381 604 10 17 0.038136084 
938 295 11 14 0.038096797 
911 219 6 9 0.037985086 
721 383 11 17 0.03792412 
858 239 6 8 0.037910152 
753 226 6 9 0.037882224 
773 175 5 7 0.03770949 
626 270 7 11 0.037704974 
591 328 10 18 0.037697177 
923 574 15 14 0.037648037 
680 240 7 8 0.037623465 
624 213 3 7 0.037533306 
695 137 6 10 0.03746742 
660 169 4 7 0.037408892 
928 202 4 7 0.037373915 
680 167 5 8 0.037347272 
853 223 9 12 0.03728587 
783 90 5 9 0.037237838 
911 201 5 7 0.037202127 
722 207 5 8 0.037046265 
604 187 4 8 0.03700493 
1019 210 7 12 0.03680284 
623 222 4 7 0.036770087 
799 175 5 7 0.036753662 
960 244 7 10 0.036707453 
782 208 5 8 0.036650185 
794 227 6 8 0.036234803 
730 212 6 11 0.03609154 
744 159 6 6 0.036052525 
628 219 4 8 0.03604885 
954 201 6 9 0.0358615 
797 232 7 10 0.035847537 
629 176 3 6 0.03583527 
780 289 7 10 0.035804596 
789 392 35 40 0.03578665 
685 226 6 9 0.035752844 
693 118 4 8 0.0356642 
883 170 4 6 0.03564808 
695 443 10 14 0.035568442 
915 208 6 8 0.03552753 
753 238 6 9 0.03551595 
869 177 5 6 0.035410907 
380 611 15 19 0.035319034 
543 399 9 15 0.035245385 
574 284 9 11 0.03522576 
635 192 5 10 0.0352248 
769 164 5 8 0.035129614 
780 224 6 9 0.035125062 
915 169 5 7 0.03491256 
805 195 5 6 0.034903623 
818 321 11 12 0.03487279 
815 150 4 7 0.03484921 
754 231 7 10 0.03477933 
923 603 17 23 0.034745164 
810 281 8 12 0.03474143 
788 196 5 7 0.034721553 
831 206 6 8 0.034715123 
586 243 8 13 0.03462329 
345 579 8 16 0.03449521 
1019 114 6 12 0.03437379 
692 179 6 10 0.03437019 
650 309 10 15 0.03424451 
808 157 5 8 0.034212414 
280 416 12 13 0.034130123 
961 227 6 9 0.034123957 
616 197 3 6 0.034107227 
503 587 8 16 0.034014523 
901 144 6 8 0.033957563 
680 211 5 8 0.033916425 
429 80 5 6 0.033898603 
453 578 9 11 0.033812314 
625 619 14 17 0.033792216 
754 158 4 7 0.033758625 
701 286 8 14 0.033647884 
715 233 6 8 0.033645924 
634 215 16 21 0.033625096 
383 101 7 11 0.03362204 
922 245 7 10 0.033588853 
211 630 20 27 0.03351799 
630 249 7 11 0.033474054 
917 196 5 7 0.033472992 
628 238 7 9 0.03340394 
874 233 8 10 0.033403303 
515 262 8 15 0.033400938 
567 282 18 21 0.03339628 
731 206 6 9 0.033391446 
122 110 19 25 0.033293236 
839 231 7 9 0.0332128 
926 212 5 7 0.033195715 
724 162 4 6 0.033114024 
622 569 8 13 0.033005632 
789 233 6 8 0.032909133 
165 481 10 12 0.03286439 
897 176 4 6 0.032822784 
962 251 6 8 0.03281122 
749 219 6 8 0.03275587 
732 165 4 6 0.032749325 
821 244 6 11 0.032680187 
665 202 5 8 0.032597058 
616 207 3 7 0.032539133 
858 177 5 7 0.032509003 
715 193 7 10 0.032436732 
811 243 6 10 0.0324344 
820 219 6 8 0.032258008 
909 149 5 6 0.032236144 
1017 551 9 13 0.03222605 
401 394 11 14 0.032136932 
936 221 5 6 0.03212669 
722 212 6 11 0.032089405 
973 238 6 9 0.03205726 
935 212 6 7 0.03199394 
973 231 6 10 0.03198471 
594 310 17 21 0.031857315 
752 313 8 14 0.031798523 
855 137 6 10 0.03173853 
769 144 4 7 0.031721547 
986 253 5 9 0.03167814 
289 605 12 16 0.03162232 
739 226 7 8 0.031573318 
821 146 3 5 0.031570215 
90 604 7 11 0.03150783 
670 169 5 8 0.031403407 
638 423 16 22 0.031379968 
808 156 14 22 0.03137485 
697 172 7 12 0.031373087 
715 141 6 12 0.031340163 
939 207 6 7 0.031334925 
656 211 7 10 0.031313885 
991 252 6 10 0.031294823 
800 208 5 7 0.03129008 
976 251 13 21 0.031268418 
833 183 5 6 0.03125055 
214 589 11 21 0.031232597 
548 437 11 18 0.031232234 
672 135 6 9 0.031206984 
647 249 7 11 0.031189617 
775 225 6 8 0.031156998 
903 149 4 6 0.031149182 
1025 625 18 30 0.031066429 
775 200 6 8 0.030944914 
767 200 6 8 0.03085612 
687 232 6 7 0.030720895 
695 264 9 14 0.030711906 
812 166 6 9 0.030690402 
858 250 8 11 0.03061948 
735 169 4 8 0.030551035 
815 144 4 6 0.03037222 
927 298 18 20 0.030266173 
140 613 19 29 0.030238615 
630 414 12 16 0.03018463 
562 253 11 15 0.030124722 
519 626 10 17 0.03005813 
764 88 16 25 0.029989988 
665 294 9 14 0.029897047 
604 272 10 14 0.02989084 
741 195 6 7 0.029863503 
945 285 9 11 0.02976509 
683 252 7 10 0.029621111 
570 408 8 18 0.029608918 
161 345 5 11 0.029605068 
831 175 6 7 0.029547723 
358 610 14 22 0.029546712 
687 522 13 13 0.02952647 
682 532 16 22 0.029514104 
467 557 9 15 0.029436601 
685 167 4 8 0.029433949 
914 78 20 28 0.029402576 
595 265 16 24 0.02938861 
315 644 22 21 0.02933089 
789 157 5 7 0.029284129 
830 231 7 10 0.029270215 
790 151 3 6 0.029269075 
735 278 9 16 0.029224813 
935 196 5 6 0.029209502 
781 302 8 12 0.029187193 
715 302 9 13 0.029122742 
779 151 4 7 0.029082261 
408 614 8 14 0.028997986 
915 225 7 8 0.028913343 
569 300 9 14 0.028857274 
34 660 17 31 0.028837528 
853 155 5 9 0.02876798 
887 277 14 20 0.028756551 
908 143 7 9 0.028745454 
863 245 8 10 0.028742423 
1027 662 18 32 0.028713612 
281 638 18 24 0.028703742 
588 228 5 9 0.02870191 
889 214 7 8 0.028701572 
689 212 6 9 0.028700845 
509 249 7 17 0.028673764 
778 154 6 9 0.028648226 
884 161 5 7 0.028603798 
753 220 6 8 0.028555572 
988 267 8 14 0.02849282 
699 362 10 13 0.02848029 
930 288 8 12 0.028431185 
693 154 74 87 0.028430263 
892 150 4 5 0.028406024 
763 231 6 10 0.028377455 
965 225 7 10 0.028370788 
717 199 5 10 0.028280979 
861 586 20 22 0.028233621 
88 605 15 30 0.028153863 
967 209 5 7 0.028144408 
542 383 8 15 0.028128352 
672 156 5 7 0.028104965 
766 136 5 9 0.028100273 
657 250 5 10 0.028050499 
892 270 11 13 0.02802781 
779 294 8 11 0.02795677 
676 274 8 13 0.027872019 
373 555 9 15 0.027870929 
247 368 9 14 0.027822224 
517 356 10 12 0.02781466 
667 155 4 7 0.027806755 
407 341 8 11 0.02765908 
881 194 7 7 0.027644468 
641 236 7 11 0.027632428 
538 258 19 23 0.027612777 
735 258 7 9 0.02759844 
659 195 5 7 0.027556099 
896 171 4 5 0.027530856 
748 320 15 21 0.027500255 
754 162 4 6 0.02737261 
442 85 6 7 0.027362054 
773 393 11 15 0.027359936 
592 405 11 20 0.027336812 
604 282 17 24 0.027336363 
602 200 4 7 0.027332224 
596 210 4 8 0.027290063 
421 86 6 9 0.027244234 
728 400 9 14 0.027192622 
651 596 12 15 0.027185472 
934 256 8 11 0.027172497 
674 218 5 9 0.027160317 
651 111 58 77 0.027153488 
638 323 8 15 0.027127786 
743 319 9 13 0.027115732 
542 291 10 17 0.027084729 
890 221 8 9 0.02699629 
797 139 4 6 0.02693619 
824 219 7 9 0.026929973 
401 579 12 16 0.026920445 
659 148 5 9 0.026906472 
608 437 10 17 0.026868476 
787 276 8 10 0.026842762 
699 233 5 9 0.02681766 
968 195 5 8 0.026776364 
710 231 7 10 0.026776088 
780 201 5 7 0.026765842 
857 209 7 8 0.026753627 
595 556 19 23 0.02669549 
396 98 9 12 0.026620513 
1019 201 5 9 0.026611667 
781 283 8 11 0.026606232 
524 255 13 24 0.026563553 
999 202 4 6 0.026535561 
825 162 5 8 0.026510887 
49 251 9 22 0.02649716 
323 588 9 13 0.026481602 
978 232 5 9 0.026480595 
533 284 15 27 0.026451282 
839 327 9 11 0.026447717 
911 214 5 8 0.026385752 
767 288 9 12 0.026384393 
788 322 14 14 0.026350068 
423 478 12 17 0.026337726 
953 225 7 10 0.026330179 
582 278 17 21 0.026327567 
724 170 4 7 0.026321638 
477 559 8 10 0.026291814 
646 311 8 14 0.026288914 
908 195 5 7 0.026246939 
917 648 27 41 0.02623091 
361 498 12 17 0.026116308 
769 208 5 7 0.026113132 
69 81 11 13 0.026112689 
441 3 5 5 0.02606948 
828 207 5 8 0.026060272 
980 195 4 8 0.025998311 
748 251 8 10 0.025992017 
826 181 5 7 0.025988817 
514 366 10 12 0.025958478 
592 270 10 15 0.025937008 
569 376 9 14 0.025919115 
915 163 5 7 0.025897827 
582 237 15 23 0.025880586 
615 653 15 19 0.02586906 
295 650 20 25 0.025813064 
678 251 7 11 0.025812399 
670 174 6 8 0.025810802 
878 169 4 6 0.025787786 
492 438 9 17 0.025782485 
986 123 3 6 0.025777707 
857 245 7 10 0.025757434 
805 189 4 6 0.025737284 
594 380 11 15 0.025707321 
665 274 7 13 0.025675537 
749 275 8 11 0.025643557 
840 178 5 6 0.025584823 
417 85 6 10 0.025512122 
549 384 12 17 0.025483666 
429 3 5 5 0.025412494 
723 158 4 7 0.025380587 
655 186 5 8 0.025366725 
781 258 9 11 0.025338398 
910 233 5 7 0.02530042 
728 276 6 12 0.025198711 
735 164 4 6 0.025189897 
813 213 5 7 0.025185427 
266 427 12 13 0.025171043 
160 327 3 8 0.025110504 
661 174 4 8 0.025098782 
607 287 8 14 0.025094116 
839 157 4 6 0.02508973 
666 164 4 7 0.02508549 
760 200 6 8 0.025056101 
139 614 11 15 0.025020633 
857 193 6 9 0.025011983 
856 159 6 10 0.02493536 
160 335 4 7 0.024913255 
534 424 10 17 0.024911344 
844 168 4 7 0.024898538 
524 383 8 13 0.024889542 
1030 538 16 28 0.024853615 
975 155 4 7 0.024846314 
639 193 6 10 0.024817746 
1003 261 5 11 0.02480144 
633 322 8 16 0.024762437 
673 660 14 18 0.024730176 
606 420 11 16 0.024690557 
581 277 9 11 0.024593519 
360 566 11 18 0.02456509 
749 342 10 17 0.024545249 
578 283 12 14 0.024515793 
522 353 9 12 0.024498539 
291 640 11 15 0.024491254 
671 201 5 8 0.024465047 
511 566 17 25 0.024458935 
283 548 11 14 0.024429556 
666 187 5 10 0.024418516 
282 694 47 54 0.024393475 
975 151 4 7 0.024389293 
672 150 4 7 0.024379037 
543 428 9 15 0.024357075 
902 225 6 8 0.024353597 
760 247 7 8 0.024337793 
599 218 5 10 0.024279943 
602 194 4 8 0.024275413 
559 287 17 25 0.024233336 
666 174 4 8 0.024219576 
944 226 7 9 0.024214655 
837 196 6 7 0.02420296 
970 643 23 29 0.024187298 
1021 315 14 25 0.024124118 
648 455 12 16 0.02411736 
807 208 4 6 0.024076791 
715 212 6 10 0.024069335 
831 169 5 8 0.024034726 
787 226 6 8 0.023989229 
953 195 5 7 0.023967741 
440 116 9 13 0.023932911 
966 263 14 21 0.023928383 
814 194 5 7 0.02392526 
914 247 8 13 0.023921117 
981 65 5 10 0.023890976 
850 117 5 9 0.023887962 
666 345 8 12 0.023853118 
698 225 6 9 0.023826221 
978 225 6 9 0.023813574 
980 207 5 9 0.023789337 
968 199 4 8 0.02377999 
671 299 9 15 0.023764672 
449 119 6 11 0.023657424 
627 200 4 7 0.023656128 
66 579 6 15 0.023630507 
673 226 5 7 0.02361191 
583 236 7 13 0.023605239 
20 16 27 30 0.023569224 
180 372 6 11 0.023566479 
911 177 6 8 0.023503091 
1023 649 17 30 0.023495352 
811 226 7 8 0.023493655 
1018 48 9 17 0.02344562 
73 272 4 7 0.023428518 
806 174 5 8 0.023408612 
986 168 4 7 0.02336546 
737 192 6 9 0.023351084 
868 188 18 18 0.023318933 
692 113 4 6 0.02330634 
716 225 6 10 0.023297982 
631 271 7 11 0.02327915 
97 359 5 10 0.023277307 
588 412 10 17 0.023267778 
902 176 4 7 0.023262722 
810 221 6 8 0.023253856 
528 377 8 12 0.023252064 
739 273 8 13 0.023248833 
496 437 12 18 0.023222655 
617 227 4 7 0.023221219 
223 561 10 18 0.0231803 
858 201 6 7 0.023137378 
836 280 8 14 0.023109537 
915 649 15 18 0.023087995 
762 164 4 6 0.023073351 
585 536 9 16 0.023055358 
619 270 9 14 0.02300188 
727 244 8 11 0.02293537 
436 3 5 5 0.02293213 
518 282 8 11 0.02291976 
890 543 4 4 0.02291458 
715 413 8 14 0.022885153 
536 649 17 26 0.022881672 
703 385 10 13 0.02286447 
646 216 6 10 0.02286036 
882 238 7 9 0.022845207 
648 537 14 17 0.022832863 
845 132 4 6 0.022824438 
784 294 10 13 0.02281591 
727 293 9 14 0.022789454 
638 292 9 14 0.02274086 
792 283 6 10 0.022715634 
851 194 6 9 0.022712845 
302 444 19 25 0.022708973 
999 87 4 7 0.02269948 
681 293 15 18 0.022687469 
525 253 6 10 0.022682108 
600 309 8 12 0.022673674 
881 244 8 10 0.022659304 
407 84 7 9 0.022651814 
730 179 7 12 0.022574956 
266 663 17 27 0.022544803 
677 474 12 14 0.02252112 
984 646 12 16 0.022481875 
1020 238 13 23 0.022459477 
785 576 12 17 0.02245814 
577 232 5 9 0.022443973 
992 248 5 7 0.022405494 
688 558 18 23 0.0223768 
386 599 10 16 0.022361962 
775 388 20 23 0.02235963 
113 606 18 26 0.022324303 
1010 314 5 10 0.022318855 
606 281 9 12 0.022300268 
915 149 4 6 0.02228364 
780 233 5 8 0.022274662 
626 231 6 11 0.022273727 
269 419 20 19 0.022247132 
805 234 7 8 0.022206368 
297 151 4 6 0.022175416 
222 632 21 34 0.022173341 
697 178 7 12 0.02217034 
719 156 4 8 0.022151079 
693 128 5 9 0.022142477 
716 207 5 9 0.022138627 
932 272 11 14 0.022109644 
555 380 11 16 0.022100018 
566 303 35 41 0.022088094 
753 271 7 10 0.02207648 
618 290 9 15 0.022040669 
261 428 10 11 0.022006694 
890 176 5 6 0.02200212 
749 129 59 73 0.021987354 
910 207 5 7 0.021983998 
707 144 4 7 0.02197465 
771 91 7 12 0.021974137 
967 215 14 23 0.021948745 
910 588 16 19 0.021948447 
877 123 71 86 0.021942323 
778 193 6 8 0.021903792 
548 425 10 16 0.02188391 
593 525 15 22 0.021883113 
671 121 7 9 0.021873323 
719 169 4 8 0.021866549 
361 558 13 18 0.021859797 
855 231 7 9 0.021833418 
574 597 10 21 0.02182979 
701 168 6 9 0.021821711 
20 652 9 16 0.021799661 
518 255 8 15 0.021788256 
96 408 8 14 0.021769298 
372 333 4 8 0.021759858 
908 239 7 8 0.021740813 
591 217 6 11 0.02173692 
460 561 9 15 0.021724874 
648 195 4 8 0.02169073 
587 274 10 13 0.021578642 
221 543 8 15 0.021567123 
525 320 8 13 0.02156306 
689 250 8 10 0.021552918 
681 347 13 13 0.02154201 
748 501 9 11 0.02151398 
641 244 7 9 0.021495476 
443 61 4 6 0.021486761 
653 130 5 8 0.021461818 
439 235 6 10 0.021438822 
614 165 5 8 0.021432335 
318 442 7 11 0.021418462 
803 270 9 11 0.021410733 
949 184 70 83 0.021406777 
664 219 5 9 0.021396203 
594 286 19 26 0.021389358 
1019 226 6 10 0.021356203 
891 230 9 10 0.021321766 
562 450 10 16 0.021307109 
681 364 12 15 0.021283146 
800 133 3 6 0.021270482 
671 194 5 7 0.021247987 
710 199 5 10 0.021237982 
627 195 4 7 0.021161959 
790 308 11 15 0.021156304 
1010 258 6 8 0.021146536 
910 225 5 8 0.021136487 
785 250 8 10 0.021130122 
765 216 97 83 0.021051295 
966 258 8 13 0.021049611 
396 643 12 17 0.021023203 
974 174 4 6 0.020988358 
476 624 12 13 0.020969722 
272 660 12 15 0.020944998 
1031 565 16 26 0.02090656 
778 86 17 28 0.020879785 
682 679 38 55 0.020858841 
609 200 4 6 0.020856367 
834 116 4 9 0.020854138 
773 117 6 10 0.020847853 
878 163 4 6 0.020825744 
969 169 4 7 0.020825436 
666 151 4 7 0.02080396 
609 195 4 7 0.02079821 
978 239 5 8 0.02075692 
916 87 11 15 0.020754924 
659 181 5 10 0.02071372 
740 331 7 13 0.02071223 
680 448 17 20 0.020693718 
1001 646 11 15 0.020684857 
735 200 14 22 0.02064583 
973 163 4 8 0.020613657 
822 282 13 17 0.020606052 
331 594 10 13 0.020595072 
778 545 17 22 0.020591509 
840 139 4 6 0.020574905 
520 238 5 9 0.020561423 
423 80 4 7 0.02054431 
428 84 6 8 0.02054208 
718 621 12 14 0.02053366 
595 309 8 11 0.020444477 
201 373 11 14 0.020440241 
934 148 5 8 0.020440184 
449 100 5 6 0.02043668 
867 633 20 24 0.02043511 
589 338 8 14 0.020419113 
572 293 10 13 0.020394886 
787 105 6 9 0.02039485 
773 214 4 7 0.020386577 
339 493 8 11 0.020386517 
732 265 15 20 0.020386389 
1021 202 12 24 0.020377813 
581 620 17 29 0.02036624 
1018 485 9 13 0.020365989 
844 140 15 24 0.02035924 
584 546 10 16 0.02035496 
719 161 4 8 0.020316217 
946 220 6 8 0.020311242 
711 181 5 9 0.020302407 
593 240 14 20 0.020297548 
579 504 10 15 0.020290697 
1040 585 25 41 0.020269355 
721 201 6 9 0.020241456 
594 657 22 28 0.02022869 
697 258 8 10 0.020215917 
933 160 6 9 0.020209309 
792 183 15 19 0.020205263 
456 382 18 22 0.020202061 
176 471 17 23 0.020182349 
651 300 11 17 0.020171385 
561 240 14 21 0.020153053 
365 331 4 7 0.020140048 
979 200 5 7 0.020128798 
960 196 5 7 0.020117939 
930 282 8 12 0.02010704 
653 200 14 21 0.020099416 
709 280 6 13 0.020095455 
814 183 4 6 0.020093437 
598 252 10 16 0.020088866 
92 308 5 9 0.020078313 
656 440 10 15 0.020074071 
773 281 8 12 0.020068469 
385 481 12 17 0.020067662 
718 281 6 11 0.020056231 
839 312 8 13 0.020048415 
846 609 18 24 0.020046378 
524 238 5 9 0.02000374 
