2_Demonstration_Protesters_2_178
208
64 541 68 91 0.9990721 
636 520 51 69 0.997752 
262 496 68 87 0.99731976 
748 510 61 65 0.99695 
553 546 62 77 0.99563193 
680 25 41 50 0.985047 
601 106 36 60 0.9838562 
913 572 68 85 0.97670084 
767 107 47 67 0.9733093 
365 55 39 62 0.9662429 
472 80 42 46 0.75801057 
0 75 34 55 0.6645933 
537 193 21 27 0.612403 
276 392 37 47 0.38446534 
162 166 13 20 0.3601948 
319 386 25 44 0.32776123 
613 145 34 64 0.32354212 
877 296 32 52 0.29517004 
227 635 62 61 0.28704545 
200 627 51 50 0.2533684 
682 110 12 20 0.20229359 
315 4 12 12 0.18246172 
726 397 32 26 0.178993 
771 145 43 55 0.17350405 
376 5 13 14 0.16252953 
9 196 11 18 0.1556358 
210 170 11 18 0.13453774 
105 24 23 21 0.11716199 
868 182 32 62 0.11463252 
185 38 27 27 0.11280409 
719 643 21 27 0.108171165 
474 2 15 17 0.10542017 
137 61 34 42 0.096660115 
480 10 14 16 0.093851805 
54 136 21 29 0.092473105 
588 530 63 80 0.087989986 
82 11 29 22 0.08524215 
355 1 12 9 0.08235032 
54 4 27 20 0.079475306 
361 5 12 10 0.0754003 
768 18 23 37 0.06725568 
653 68 24 31 0.067023896 
64 72 39 55 0.0661845 
535 195 41 43 0.064283706 
266 5 14 11 0.064223036 
236 10 16 13 0.0638256 
341 50 36 58 0.063459374 
535 204 69 68 0.05988028 
331 0 9 9 0.05921918 
307 5 12 9 0.056489952 
450 493 34 62 0.05568645 
105 72 27 33 0.053944267 
453 1 9 8 0.05377574 
460 19 8 11 0.05322936 
402 8 7 9 0.052468494 
10 11 24 18 0.052272346 
291 19 15 11 0.051439054 
12 169 10 17 0.0498151 
127 231 283 446 0.049083225 
591 437 20 30 0.04834649 
797 51 19 27 0.04686459 
369 5 12 12 0.04665054 
284 8 12 9 0.04601464 
710 166 30 29 0.04381146 
397 1 7 7 0.043696 
9 8 14 11 0.043249376 
436 2 5 6 0.042820707 
214 12 12 13 0.042750195 
893 -1 27 17 0.042656705 
285 12 13 11 0.040737838 
173 188 18 29 0.039765295 
398 7 8 9 0.038864225 
920 267 32 50 0.038630396 
410 3 6 5 0.037891097 
610 160 21 38 0.037872095 
928 7 8 8 0.037170127 
897 583 41 61 0.037104588 
879 200 36 63 0.037103765 
279 11 25 20 0.03667224 
213 8 8 8 0.036529783 
730 156 22 24 0.036244094 
407 435 54 55 0.03559249 
550 9 6 8 0.034632456 
280 18 13 11 0.034276836 
300 5 22 20 0.03415149 
273 3 24 19 0.03387578 
351 5 11 10 0.033870835 
682 624 21 21 0.03372836 
204 23 10 10 0.033241343 
705 246 20 29 0.0330965 
222 139 12 16 0.032833837 
14 166 17 23 0.032525487 
434 18 9 11 0.032462053 
597 441 11 16 0.032416683 
873 284 20 50 0.03232382 
85 366 8 9 0.032281604 
414 7 7 8 0.03181983 
93 79 29 44 0.03165911 
336 0 11 9 0.031616535 
596 439 6 9 0.031353507 
958 573 46 65 0.03130158 
448 2 7 7 0.031205833 
659 40 34 49 0.03073829 
498 24 9 11 0.030442405 
415 4 5 5 0.030422017 
323 2 11 9 0.030220427 
213 177 12 20 0.030136121 
158 173 20 29 0.029786134 
425 508 48 54 0.029572934 
304 12 11 11 0.029460926 
962 292 5 8 0.029163059 
0 19 10 12 0.029053815 
691 273 23 25 0.02902649 
430 2 5 6 0.028951377 
600 447 29 32 0.028900934 
158 159 12 19 0.028540276 
85 370 11 12 0.028539496 
507 7 7 9 0.028446455 
589 111 25 50 0.027872808 
545 10 6 7 0.027643489 
674 615 13 18 0.027393153 
554 35 6 7 0.02733881 
324 -2 22 16 0.026903735 
890 284 38 59 0.026902972 
553 411 11 16 0.026848901 
78 14 17 12 0.026786057 
39 2 9 7 0.026675532 
486 205 34 44 0.026401706 
391 0 7 7 0.026301933 
857 434 11 16 0.026262105 
331 379 35 48 0.026260158 
812 389 37 43 0.026222778 
684 630 29 33 0.02612304 
549 39 7 8 0.026111336 
454 20 7 10 0.025874935 
525 4 5 5 0.025839143 
611 440 38 43 0.025141425 
800 2 6 8 0.025140071 
597 460 41 48 0.024969114 
25 -2 39 31 0.02495141 
409 7 8 9 0.024945304 
778 19 30 48 0.024650056 
578 440 22 31 0.0244204 
66 13 14 14 0.024361871 
454 65 42 52 0.024344418 
474 561 30 47 0.02425485 
389 13 9 10 0.024182267 
112 125 21 35 0.024048772 
890 229 36 57 0.023961417 
394 168 22 25 0.023901876 
252 17 48 45 0.023876283 
740 498 41 50 0.023734272 
1 14 22 19 0.023549028 
703 102 16 27 0.023463711 
47 67 35 46 0.023400337 
845 575 41 56 0.023267316 
614 169 8 17 0.023214854 
850 172 37 63 0.023059752 
671 91 25 46 0.023058828 
217 2 8 7 0.023054507 
504 25 8 11 0.022995671 
52 2 17 12 0.022817262 
476 483 16 40 0.022787925 
72 370 10 11 0.022719843 
937 546 50 61 0.022696769 
763 32 19 38 0.022596383 
551 4 5 5 0.022589616 
756 397 29 28 0.022521826 
449 21 7 9 0.022454798 
447 7 7 8 0.022369297 
88 251 7 17 0.022236202 
98 17 16 13 0.022189183 
463 21 13 15 0.022129998 
243 215 6 11 0.022126151 
532 8 7 8 0.022116898 
207 320 32 71 0.022028789 
63 304 8 19 0.02198784 
350 106 238 468 0.021927709 
27 26 40 37 0.021707753 
469 232 20 30 0.021617487 
36 280 10 20 0.021579662 
154 64 29 29 0.021525217 
974 296 6 9 0.021470016 
818 526 46 57 0.021463975 
631 444 34 42 0.021344895 
1005 301 5 9 0.021187382 
727 408 46 36 0.021164719 
402 2 5 5 0.021127028 
303 17 10 13 0.021098906 
407 491 24 47 0.021027165 
334 64 23 43 0.020946875 
30 73 21 32 0.020794842 
335 1 24 19 0.020737685 
834 144 38 66 0.020632094 
527 592 23 31 0.020583373 
719 167 15 13 0.020550149 
309 201 4 6 0.020543627 
924 247 12 15 0.020540984 
517 20 7 10 0.020528167 
43 104 38 60 0.02044826 
965 293 6 10 0.020389136 
431 55 11 16 0.020347783 
804 189 25 30 0.020333407 
27 14 16 13 0.0202647 
557 13 6 8 0.020106342 
171 7 8 10 0.020099625 
209 152 18 32 0.020003134 
290 7 11 8 0.020000944 
