2_Demonstration_Demonstrators_2_456
65
633 424 78 102 0.99981934 
-1 287 115 99 0.99972564 
906 481 74 99 0.999032 
168 215 75 87 0.99565977 
842 221 122 147 0.9825616 
232 466 46 69 0.9824095 
465 341 65 103 0.9572224 
41 102 45 49 0.8661129 
928 0 33 23 0.38054538 
185 265 54 53 0.28108343 
72 78 19 37 0.21804863 
273 345 31 49 0.19753379 
830 0 13 14 0.15989083 
833 53 25 27 0.14289889 
349 283 25 26 0.12961242 
664 191 12 15 0.12527853 
51 59 44 60 0.12233391 
359 48 78 81 0.1014638 
34 443 48 38 0.0957562 
69 532 22 26 0.09541038 
398 64 47 52 0.08255458 
883 393 35 76 0.079564676 
259 556 20 25 0.061459128 
666 169 15 12 0.05576166 
562 19 93 62 0.04630205 
745 24 58 44 0.04269361 
137 418 37 52 0.041149754 
934 1 18 10 0.03394354 
0 182 6 12 0.03392117 
693 25 19 29 0.030209934 
0 66 21 37 0.030146038 
298 527 28 49 0.028489113 
105 413 34 38 0.028164158 
371 286 34 45 0.026963813 
12 100 43 51 0.026447168 
767 429 37 28 0.026435034 
400 131 19 26 0.02555529 
205 561 14 13 0.025335832 
933 4 39 50 0.02516807 
1 13 18 36 0.024588168 
364 172 91 124 0.024058232 
36 431 33 30 0.023893753 
194 550 39 41 0.023667684 
1028 41 18 36 0.023476012 
5 287 28 23 0.023039492 
762 466 33 29 0.022829885 
558 144 31 30 0.022787537 
149 366 33 52 0.022757148 
721 146 9 12 0.02238237 
236 90 90 95 0.02235997 
701 346 53 63 0.022216365 
374 263 130 182 0.022129161 
1023 93 31 75 0.021810416 
126 8 21 27 0.02174804 
0 485 16 24 0.021664811 
54 23 87 105 0.021159178 
47 423 13 13 0.020752091 
421 44 72 90 0.020700373 
8 490 9 11 0.020628922 
680 30 22 27 0.02059962 
254 334 24 42 0.020567438 
339 545 24 38 0.020456798 
692 187 74 119 0.02017346 
722 167 33 52 0.0201352 
414 73 25 29 0.020120345 
