2_Demonstration_Protesters_2_148
79
393 365 90 130 0.9998105 
703 247 103 140 0.99967396 
475 188 51 58 0.9995223 
333 125 62 105 0.99874026 
973 178 63 99 0.99705756 
406 202 36 49 0.9935377 
606 239 58 65 0.9925196 
673 218 47 90 0.9844169 
150 224 35 45 0.95181626 
50 234 23 36 0.89955986 
85 251 20 22 0.3543334 
554 252 16 27 0.34788477 
191 247 7 11 0.16006278 
947 233 8 12 0.14195225 
242 611 79 74 0.101101555 
578 249 28 52 0.092474684 
119 224 36 39 0.0849596 
226 214 10 11 0.08250324 
4 242 42 49 0.07705909 
955 219 9 16 0.0745498 
450 232 11 23 0.07258782 
176 238 20 28 0.06201464 
34 239 26 29 0.056731984 
203 523 123 157 0.05367835 
184 246 10 15 0.050139755 
156 198 21 21 0.043695476 
181 271 12 16 0.03996396 
369 157 59 96 0.039858054 
66 239 29 37 0.038937964 
129 199 10 9 0.03853945 
139 237 29 29 0.038411364 
186 244 18 24 0.03793797 
956 253 11 15 0.037394416 
68 195 10 13 0.036776595 
391 212 32 33 0.03524058 
65 210 8 10 0.034358602 
191 267 11 12 0.0343487 
534 358 6 12 0.032292973 
570 360 7 13 0.031116981 
806 10 41 38 0.030816069 
129 195 6 6 0.030426228 
553 462 30 28 0.030097218 
82 259 33 40 0.0289641 
320 203 8 15 0.028429432 
692 135 6 10 0.027609859 
986 566 54 118 0.027047273 
545 359 6 10 0.026666934 
262 211 8 13 0.02623866 
65 204 7 11 0.02617146 
966 253 8 12 0.026094617 
82 248 13 15 0.025788082 
808 308 10 18 0.02543431 
74 192 7 7 0.025164517 
217 203 7 9 0.024727596 
125 193 19 18 0.02369294 
116 189 4 4 0.023448523 
876 119 19 29 0.023301601 
255 210 7 12 0.023175761 
41 254 12 17 0.023014065 
24 213 9 10 0.022952098 
1023 334 21 38 0.022826757 
5 218 8 12 0.022449704 
268 595 5 8 0.022028133 
311 202 17 30 0.021851884 
66 245 9 17 0.021661526 
111 213 4 5 0.021606036 
597 380 4 7 0.021336323 
97 207 5 6 0.021195298 
1 219 4 9 0.021076707 
564 361 6 11 0.021032387 
956 216 16 29 0.0209289 
89 231 8 7 0.020765118 
552 242 29 50 0.020711003 
103 183 4 5 0.02061985 
191 262 23 23 0.020394875 
720 171 9 13 0.020352429 
85 192 5 5 0.020199414 
128 475 38 53 0.020117924 
197 507 6 10 0.020022878 
