2_Demonstration_Political_Rally_2_800
17
350 203 160 212 0.999882 
788 -50 273 492 0.18079668 
540 61 228 460 0.051362734 
438 117 211 361 0.045879524 
689 404 51 121 0.038559183 
600 119 52 44 0.036929496 
304 382 355 427 0.036726914 
956 243 88 149 0.034196682 
185 64 245 386 0.029116217 
937 2 21 21 0.02802222 
516 239 8 15 0.026488759 
290 49 24 34 0.025475629 
943 661 5 10 0.022414923 
563 66 10 20 0.022221582 
595 135 29 28 0.021779614 
442 216 81 130 0.0207994 
678 72 231 460 0.020469973 
