2_Demonstration_Protesters_2_826
336
545 166 43 60 0.9998704 
605 140 36 47 0.9984143 
890 239 67 74 0.99799025 
706 201 52 68 0.997954 
582 74 24 35 0.9978561 
629 71 29 47 0.99499774 
544 103 17 28 0.97264266 
550 64 11 19 0.9499973 
565 56 17 27 0.9322244 
520 69 12 18 0.922421 
500 153 26 40 0.9030889 
58 91 28 35 0.8917451 
515 124 20 28 0.88406646 
426 86 16 24 0.8804102 
212 81 18 21 0.69647247 
92 82 13 16 0.62158656 
617 67 10 16 0.6052709 
226 102 18 25 0.5961095 
536 74 12 18 0.549399 
683 73 19 35 0.48033687 
235 73 9 13 0.44518057 
674 55 11 19 0.43978038 
855 93 16 32 0.43841058 
181 117 11 16 0.37973017 
403 56 6 9 0.35755008 
492 134 20 34 0.3508562 
182 86 9 13 0.3262181 
256 66 8 12 0.32358712 
385 84 13 16 0.3149108 
492 80 8 12 0.28029776 
144 102 11 18 0.25075665 
406 87 10 15 0.22403045 
557 98 20 28 0.19624892 
255 43 6 10 0.17572282 
525 69 15 20 0.16397904 
672 78 17 29 0.1637312 
510 66 10 12 0.15839343 
489 103 11 22 0.15479054 
358 93 9 14 0.15451916 
176 112 11 17 0.14591075 
415 104 10 18 0.1380536 
740 86 33 62 0.1371055 
395 188 34 43 0.13672897 
201 108 12 17 0.13018495 
127 101 19 21 0.120632045 
447 136 21 36 0.11754468 
35 88 40 47 0.109468564 
454 55 6 8 0.10621044 
322 42 6 8 0.10335225 
360 88 18 28 0.102416694 
287 63 9 19 0.09659152 
1017 183 5 10 0.09386047 
318 101 16 23 0.08871091 
256 72 10 15 0.088213496 
154 83 7 9 0.08588207 
547 32 6 10 0.082979076 
379 63 6 8 0.08222366 
402 95 17 31 0.07912488 
687 67 10 17 0.077675216 
205 73 9 13 0.07716769 
158 81 8 9 0.07531572 
463 150 20 32 0.07448471 
431 136 24 42 0.07407597 
209 106 18 25 0.0710338 
524 111 29 40 0.06971543 
273 128 15 28 0.06968399 
1014 185 5 7 0.06750904 
400 57 5 7 0.063585274 
459 62 7 9 0.06328412 
468 50 6 7 0.06311125 
721 80 32 57 0.06254919 
1004 184 5 9 0.06252261 
558 62 16 26 0.061529987 
1011 190 5 9 0.060993675 
1006 172 5 7 0.060952526 
485 69 6 8 0.059859198 
780 86 9 15 0.059175305 
171 104 10 19 0.058578227 
173 97 16 29 0.058018547 
335 138 23 38 0.057663865 
832 151 12 19 0.055555157 
177 86 16 26 0.055064097 
392 63 6 7 0.054311544 
354 65 4 5 0.052234087 
424 49 6 8 0.05112062 
306 66 8 15 0.050710965 
434 62 6 7 0.050169874 
374 90 12 16 0.049287982 
25 14 23 24 0.049242724 
616 66 20 26 0.04892523 
1005 179 4 8 0.04837913 
250 81 7 13 0.04728622 
464 96 20 26 0.04691021 
0 128 16 34 0.046341423 
22 95 30 40 0.045987993 
433 93 19 27 0.04562235 
735 63 9 17 0.04556424 
312 96 10 18 0.045297634 
367 69 6 7 0.045081213 
625 32 10 16 0.045079943 
425 45 5 6 0.04454074 
329 63 4 6 0.044214927 
380 57 5 7 0.044191357 
473 137 6 12 0.04390432 
366 65 5 5 0.04285328 
1009 170 5 9 0.042825732 
330 104 11 16 0.042729404 
49 6 8 8 0.04268982 
322 25 4 6 0.04247251 
177 125 12 19 0.041945543 
835 85 11 21 0.04130713 
353 91 9 13 0.041215517 
664 78 15 27 0.040827923 
242 70 6 10 0.04061579 
467 55 7 9 0.040010262 
565 106 18 29 0.03987611 
696 103 11 21 0.039700296 
703 79 28 52 0.039656416 
61 10 9 10 0.039497733 
333 63 5 7 0.039214756 
287 42 6 10 0.0388718 
733 78 15 35 0.038348712 
86 85 13 18 0.037886173 
127 74 7 8 0.037525777 
415 63 7 9 0.037459113 
678 62 16 28 0.036864866 
657 83 11 20 0.036740843 
506 133 26 44 0.036199044 
191 79 8 12 0.035963833 
565 93 12 19 0.03574295 
326 39 5 7 0.035351392 
474 100 19 28 0.035294443 
484 105 21 35 0.03502132 
866 83 13 19 0.034910914 
516 64 11 14 0.034875292 
150 108 10 15 0.034861274 
378 32 4 7 0.034539763 
490 91 11 19 0.03439005 
1010 359 20 49 0.034027696 
722 83 9 22 0.033781677 
520 117 14 20 0.033265855 
1001 172 4 6 0.033064716 
321 57 5 7 0.032794934 
256 39 5 8 0.03275941 
670 60 16 32 0.032482382 
669 226 30 46 0.032439653 
688 93 12 22 0.032411307 
359 64 5 6 0.03234057 
453 74 8 11 0.03226491 
572 85 19 27 0.032015037 
276 43 6 9 0.031545643 
994 160 5 7 0.031488445 
551 108 21 33 0.031393334 
58 15 18 26 0.03137788 
483 358 47 77 0.031338304 
349 128 42 53 0.031304948 
422 89 11 17 0.031235471 
281 49 6 9 0.031223914 
416 57 6 7 0.03108847 
329 58 3 6 0.0309631 
121 91 20 24 0.030923616 
361 59 4 5 0.030882189 
666 164 31 43 0.030531554 
1005 189 6 11 0.030477991 
449 62 7 9 0.030318629 
485 78 10 14 0.030286692 
457 137 13 21 0.030265661 
415 145 31 53 0.030152733 
288 37 5 9 0.030147895 
370 178 42 47 0.030135438 
551 77 17 26 0.030118555 
1002 184 4 7 0.030107938 
450 55 6 9 0.030100169 
165 110 9 14 0.029894283 
269 44 5 8 0.029647421 
155 78 6 8 0.029626515 
378 85 18 29 0.029602733 
283 43 5 9 0.02951908 
82 124 10 14 0.02944694 
393 90 18 30 0.029330792 
156 111 11 14 0.02928287 
450 51 4 7 0.029134326 
472 132 20 35 0.029093707 
72 302 393 429 0.028868366 
1002 180 4 6 0.028706167 
1018 189 6 11 0.028695233 
269 49 5 8 0.0285682 
552 97 14 22 0.028490564 
206 92 19 28 0.028446713 
408 82 15 24 0.028393881 
428 50 5 6 0.02830219 
334 59 4 6 0.028264279 
396 62 6 8 0.028241944 
204 83 10 15 0.0281342 
259 77 10 16 0.027953867 
285 73 11 22 0.027798664 
173 59 6 6 0.027779479 
486 147 9 16 0.027761884 
443 50 5 7 0.027688563 
56 5 9 9 0.027537001 
1000 190 5 10 0.027323535 
1007 76 32 63 0.027260857 
250 74 15 25 0.027192242 
706 125 7 14 0.027136149 
414 177 32 49 0.026824765 
335 43 4 8 0.026677111 
311 67 7 13 0.02662527 
430 46 4 6 0.026584044 
410 44 5 6 0.026520157 
807 137 8 13 0.026491007 
93 104 18 29 0.02640325 
316 42 5 9 0.026141679 
409 63 6 8 0.026108801 
198 63 7 8 0.026064906 
392 59 5 6 0.026004054 
392 85 11 14 0.025979357 
860 233 4 5 0.025832938 
229 80 9 12 0.0256001 
522 104 19 27 0.025587829 
437 46 3 5 0.025095854 
301 65 9 16 0.025045957 
263 44 6 9 0.024941519 
143 57 5 5 0.024894109 
703 113 17 33 0.024863152 
197 85 9 13 0.02483941 
163 81 7 10 0.024772683 
352 569 72 152 0.024740253 
292 60 9 18 0.024640577 
101 85 14 15 0.024559889 
245 39 4 6 0.024546316 
548 55 9 14 0.024527263 
868 67 13 15 0.024504557 
499 61 7 10 0.024441143 
275 18 5 7 0.024430182 
1011 83 16 35 0.024410442 
211 21 127 142 0.024344418 
532 36 5 9 0.02429918 
715 61 8 19 0.02420825 
473 152 23 35 0.024175603 
857 198 8 10 0.024022978 
260 63 7 11 0.024016554 
452 34 3 5 0.02401646 
251 67 7 10 0.023983678 
591 161 19 29 0.023932798 
454 69 7 10 0.023903169 
282 92 17 29 0.023856761 
250 57 6 8 0.023687562 
469 47 4 6 0.023648623 
460 50 6 7 0.023645202 
406 44 4 5 0.023636129 
533 102 19 25 0.023611229 
275 68 7 12 0.023524726 
457 38 4 5 0.02349451 
217 113 19 28 0.02335316 
462 39 4 5 0.023270544 
1034 185 10 19 0.023265122 
292 107 11 18 0.023207106 
477 135 9 15 0.023191096 
237 105 11 17 0.02307055 
999 166 4 8 0.0230155 
490 37 4 7 0.022962077 
990 265 26 42 0.022956453 
1006 522 37 71 0.02293998 
839 178 8 11 0.022849118 
463 128 17 31 0.022818685 
1054 230 11 23 0.022781417 
500 126 20 32 0.022769785 
604 64 12 18 0.022705944 
526 60 11 17 0.022635069 
596 239 27 50 0.022615803 
467 139 8 15 0.02250747 
143 53 4 5 0.02246631 
151 80 16 22 0.022350185 
243 87 8 11 0.02233348 
461 46 5 6 0.022300454 
429 58 6 8 0.022268498 
1056 209 9 17 0.022243056 
409 73 8 11 0.022231538 
303 20 3 5 0.022097925 
348 59 3 5 0.022000698 
333 94 9 14 0.021938326 
186 57 7 8 0.021937223 
255 76 18 33 0.021897009 
990 287 48 61 0.021867514 
1034 198 10 18 0.021862915 
208 70 9 11 0.021816414 
459 56 7 9 0.021761622 
260 138 27 45 0.02174055 
423 32 4 6 0.021688301 
458 67 8 11 0.02167129 
198 75 9 11 0.021665504 
864 50 6 11 0.021643892 
328 68 6 9 0.021631474 
399 52 5 7 0.021627523 
880 91 17 30 0.021606892 
354 68 5 7 0.02159754 
296 394 62 117 0.021549031 
1010 167 5 8 0.021519369 
687 171 24 39 0.021517593 
35 6 22 24 0.021477235 
321 63 5 7 0.021455484 
371 65 5 6 0.021416584 
373 44 5 7 0.021386813 
495 106 11 20 0.021339051 
530 47 7 12 0.021322684 
861 235 7 9 0.021310303 
197 67 9 12 0.02122636 
457 34 3 5 0.021224914 
118 104 20 30 0.021183072 
409 57 5 8 0.021148643 
289 18 4 7 0.021129377 
277 33 5 7 0.02112816 
139 37 7 8 0.021105215 
277 48 5 8 0.02091411 
282 66 8 17 0.020856375 
505 64 9 11 0.020807784 
340 63 4 7 0.020710735 
881 156 20 27 0.020707333 
312 116 9 16 0.02070426 
451 38 4 5 0.020696769 
449 74 8 10 0.020614952 
444 47 4 5 0.020595366 
289 32 4 7 0.02050759 
142 89 18 24 0.02049427 
412 39 3 5 0.020491373 
35 13 11 11 0.02047998 
295 43 5 9 0.020460831 
457 46 5 6 0.02037886 
196 111 19 29 0.02037501 
46 102 17 17 0.020359179 
406 40 4 6 0.020331997 
340 59 4 6 0.02022661 
992 184 5 8 0.02017804 
825 407 41 47 0.020161582 
403 66 7 11 0.02015152 
418 95 19 33 0.02003611 
