2_Demonstration_Demonstrators_2_488
36
229 39 114 162 0.9990631 
514 -10 134 154 0.9967595 
0 76 37 47 0.98671407 
983 122 53 100 0.85042644 
165 36 46 74 0.8279313 
159 170 24 27 0.3352633 
439 8 44 50 0.26933423 
113 269 127 208 0.2112619 
449 92 70 126 0.18875049 
65 154 39 53 0.18476458 
388 0 32 26 0.13725041 
942 165 38 73 0.12629622 
136 225 35 55 0.10500171 
93 132 25 49 0.10137448 
0 137 14 31 0.07931626 
977 49 80 148 0.05494079 
147 165 23 37 0.044222344 
28 73 23 36 0.038642116 
469 141 10 16 0.03548482 
629 -57 271 431 0.033693507 
143 73 39 56 0.031765684 
0 135 6 19 0.027895413 
-2 63 9 22 0.027693832 
969 2 15 18 0.027437672 
576 117 247 472 0.026397355 
1041 144 48 79 0.026316542 
406 18 23 27 0.025233388 
414 312 62 105 0.024962343 
1077 68 22 42 0.023651939 
99 120 20 32 0.021891143 
1040 71 52 98 0.021283949 
-2 65 23 37 0.021188818 
2 129 31 51 0.020672813 
88 404 30 36 0.020595292 
114 206 36 51 0.02022635 
5 398 71 111 0.020200703 
