2_Demonstration_Political_Rally_2_107
105
169 588 56 78 0.9974329 
227 490 29 37 0.99428165 
236 561 41 47 0.99426657 
733 552 41 54 0.9470901 
513 532 59 104 0.92802674 
655 490 77 102 0.89584774 
861 505 20 31 0.8505486 
129 502 34 58 0.60221 
923 540 18 23 0.498244 
265 491 20 34 0.43717936 
280 493 18 32 0.3820618 
0 459 80 118 0.21634027 
143 577 37 61 0.20689896 
713 517 21 38 0.17295142 
290 497 17 31 0.17005025 
171 516 31 45 0.13544196 
245 489 30 39 0.09980353 
816 522 16 23 0.09869194 
954 590 33 49 0.09267206 
69 568 69 120 0.08873396 
886 510 18 26 0.08804218 
933 490 11 15 0.08082342 
256 481 25 28 0.0774584 
793 498 11 13 0.077233985 
161 522 24 34 0.07096971 
692 530 73 87 0.06747198 
840 479 9 10 0.06677474 
891 480 11 16 0.06600522 
835 523 13 20 0.06400996 
886 600 73 85 0.058495518 
728 493 6 9 0.055600245 
205 480 20 23 0.052954532 
879 465 6 11 0.052374788 
982 574 14 20 0.05126565 
112 548 57 109 0.051037014 
1066 497 15 29 0.049727123 
227 632 39 56 0.049292266 
817 487 9 12 0.047886055 
917 511 15 19 0.047478117 
215 533 31 43 0.0445673 
875 512 18 26 0.044139702 
894 503 10 17 0.044112302 
299 489 22 31 0.04130706 
939 541 11 19 0.041273147 
935 605 49 59 0.04001216 
910 510 36 47 0.038490273 
795 485 7 11 0.03675264 
1068 456 19 38 0.036318388 
175 502 21 31 0.0361464 
903 489 9 14 0.034963153 
102 501 53 108 0.03272692 
845 503 12 15 0.032593176 
801 461 6 8 0.032188553 
838 493 10 11 0.032032344 
805 485 7 9 0.031661414 
944 495 8 13 0.03062017 
812 481 6 10 0.030307597 
795 470 4 7 0.029774264 
152 510 23 36 0.02974092 
823 487 9 11 0.029580653 
1087 440 14 27 0.029462086 
182 532 37 54 0.0293373 
936 486 17 25 0.028987179 
807 482 6 9 0.028814232 
820 468 6 7 0.028661044 
813 486 8 11 0.028301252 
223 550 33 41 0.027960455 
314 632 57 61 0.02752937 
841 497 13 15 0.027360192 
913 635 57 65 0.026936978 
612 490 152 187 0.026618533 
924 521 13 16 0.025862122 
792 647 24 37 0.025760774 
925 530 14 17 0.025402358 
1074 401 19 37 0.0253138 
716 591 77 97 0.024986528 
187 502 12 17 0.024383843 
139 526 40 75 0.024082787 
824 468 5 7 0.024002578 
190 520 27 36 0.023848634 
820 463 5 8 0.023747986 
897 512 12 18 0.023564763 
967 414 12 17 0.023205828 
728 527 39 48 0.023145657 
795 473 5 9 0.02308334 
280 -12 318 440 0.022633621 
749 492 9 12 0.022210598 
1060 619 20 32 0.022001782 
836 477 18 22 0.021895004 
813 476 6 7 0.021851618 
210 565 40 55 0.021657009 
1068 517 14 28 0.021512387 
785 510 12 13 0.021489026 
1019 464 25 45 0.021415362 
789 499 20 22 0.021319106 
932 481 10 14 0.021126837 
194 548 39 59 0.020931877 
1063 589 18 29 0.020713238 
967 602 15 23 0.020613974 
903 511 17 23 0.020580376 
471 91 11 16 0.020402405 
797 494 10 13 0.020387828 
725 489 6 9 0.020337015 
1014 225 18 27 0.020198258 
847 462 5 7 0.020162674 
