25_Soldier_Patrol_Soldier_Patrol_25_463
47
350 178 43 57 0.99888533 
802 111 31 54 0.98940444 
784 154 34 49 0.5428779 
745 135 38 61 0.08051263 
945 409 9 10 0.057154056 
172 319 10 11 0.045069464 
929 413 7 8 0.043159194 
891 225 39 49 0.0421944 
325 193 46 55 0.039883994 
145 267 19 18 0.038577437 
145 289 11 11 0.038464412 
890 445 6 8 0.03802785 
282 464 39 79 0.0360191 
910 402 4 5 0.035141107 
930 417 8 8 0.034743905 
189 272 11 13 0.033932805 
149 260 15 13 0.033116836 
888 423 6 8 0.032681357 
423 427 40 45 0.032130256 
843 108 31 47 0.031768866 
388 513 23 32 0.030590165 
251 114 18 26 0.03027499 
916 407 5 4 0.030056179 
904 217 22 32 0.029960206 
910 406 5 6 0.029875882 
822 108 37 53 0.02971624 
356 646 46 46 0.028722143 
142 284 21 23 0.028260505 
330 491 11 19 0.0267188 
314 396 25 34 0.026547248 
377 551 10 13 0.025316304 
381 543 18 26 0.024776362 
140 344 8 10 0.024011623 
56 423 8 11 0.023236165 
172 186 39 46 0.02322894 
169 235 21 22 0.022293767 
909 424 6 7 0.022091368 
873 459 9 12 0.021796936 
217 249 23 26 0.021662876 
155 266 12 14 0.021614637 
389 497 20 29 0.021316152 
926 219 38 42 0.021162823 
992 505 53 62 0.020592699 
201 240 14 15 0.020534491 
922 407 5 5 0.020420255 
135 329 6 8 0.020369265 
923 402 5 4 0.020353585 
