25_Soldier_Patrol_Soldier_Patrol_25_467
34
770 48 32 62 0.9231283 
87 -124 348 537 0.07225413 
272 13 8 13 0.03952133 
280 0 9 11 0.03749177 
124 323 4 7 0.036583185 
210 17 7 15 0.036212128 
87 73 7 10 0.031204887 
0 408 6 16 0.031167652 
894 239 5 9 0.030807853 
942 256 5 9 0.030656956 
927 243 7 11 0.030294767 
943 231 4 7 0.029324789 
223 16 8 13 0.029112946 
44 237 9 16 0.028431527 
967 264 6 12 0.026351793 
0 96 6 16 0.025107814 
786 45 27 39 0.02466465 
36 230 7 15 0.02459964 
513 321 6 8 0.024349425 
824 411 6 11 0.023848822 
274 8 7 10 0.02368576 
960 258 6 10 0.023406094 
805 404 8 13 0.023350852 
755 60 25 47 0.023258802 
935 257 5 10 0.022178974 
186 2 3 6 0.021478197 
833 411 6 11 0.02113276 
541 362 4 5 0.021026628 
37 17 10 12 0.020951115 
88 94 8 13 0.020894427 
46 210 7 11 0.02078846 
228 13 7 13 0.020459922 
935 243 5 9 0.020336654 
506 329 5 7 0.020049632 
