25_Soldier_Patrol_Soldier_Patrol_25_271
107
522 337 18 24 0.97488177 
140 51 19 24 0.94550776 
508 378 11 19 0.20578253 
484 417 12 17 0.19311625 
457 413 19 23 0.1450902 
570 276 25 44 0.13511795 
475 387 11 13 0.09988111 
1006 265 21 34 0.077132985 
549 376 9 17 0.07573492 
564 223 14 27 0.0749267 
119 394 6 8 0.070695624 
536 376 8 14 0.068227 
521 369 9 14 0.06508958 
485 374 12 14 0.06039019 
579 195 10 18 0.057286005 
510 355 6 10 0.054200366 
165 568 10 8 0.046262436 
571 238 17 33 0.045703024 
510 359 8 12 0.045382656 
1012 18 8 12 0.045028612 
608 228 6 14 0.04241793 
542 373 12 22 0.03986947 
496 378 9 14 0.03864406 
528 367 16 24 0.037786216 
557 412 8 11 0.035376508 
132 528 11 16 0.03477554 
556 273 8 13 0.033554614 
19 143 6 8 0.032105584 
602 230 6 13 0.032016486 
589 223 8 17 0.031774294 
178 380 6 9 0.03150818 
577 226 17 31 0.031456772 
469 386 6 7 0.030768733 
129 387 5 7 0.02987938 
895 540 88 105 0.029203838 
595 457 6 7 0.028796 
652 212 5 11 0.028396301 
161 571 9 7 0.028304426 
117 396 6 9 0.028074294 
461 411 40 38 0.027485268 
555 428 10 12 0.027271738 
1014 11 14 22 0.026362866 
532 404 9 10 0.026276143 
506 372 8 14 0.026088566 
544 372 7 13 0.025765186 
154 523 28 20 0.025758475 
497 377 17 23 0.02562112 
465 403 11 17 0.025427803 
123 520 8 9 0.025383068 
423 254 6 10 0.025313323 
140 566 8 8 0.025297396 
107 394 5 7 0.025273336 
576 404 6 10 0.02517767 
652 462 7 8 0.025136435 
608 219 6 12 0.024846999 
560 427 10 13 0.024748715 
671 232 7 11 0.024458306 
471 394 11 15 0.024091925 
97 392 6 8 0.02387841 
520 340 9 14 0.02387391 
506 365 8 12 0.023842828 
593 228 7 15 0.023510186 
606 489 27 23 0.02346327 
589 458 5 6 0.023440761 
696 81 40 47 0.023295064 
157 533 13 8 0.023254935 
517 358 17 24 0.023189735 
633 274 6 10 0.022946814 
37 137 6 9 0.022863694 
516 375 9 16 0.022854103 
175 385 5 7 0.02280225 
548 429 9 11 0.02272431 
544 427 8 12 0.02268937 
134 56 12 16 0.022686908 
485 423 24 22 0.02262714 
601 458 6 6 0.022581631 
652 473 11 10 0.022551127 
467 392 8 11 0.022403343 
0 530 6 9 0.02236903 
548 237 5 11 0.02227999 
159 581 9 6 0.02221974 
633 466 9 12 0.022210946 
621 200 6 10 0.022180764 
128 531 9 12 0.022026079 
645 244 6 9 0.021931468 
643 238 5 11 0.021900835 
638 198 6 12 0.021835284 
123 361 3 5 0.021352062 
175 561 6 5 0.021315325 
560 417 9 12 0.021095283 
180 514 6 5 0.021070138 
647 463 5 7 0.021048013 
1 118 4 9 0.020937027 
561 404 6 10 0.020901931 
117 380 4 7 0.020885387 
108 540 23 24 0.020791695 
489 410 11 14 0.020760192 
159 567 9 8 0.020689704 
586 229 16 32 0.020609664 
167 380 5 7 0.02049884 
130 392 5 7 0.020471351 
0 386 4 8 0.020447318 
550 415 34 43 0.020387549 
6 159 7 11 0.02028636 
580 243 11 21 0.020236796 
116 387 4 6 0.020231977 
570 195 7 16 0.020046968 
