25_Soldier_Patrol_Soldier_Patrol_25_679
158
597 151 83 100 0.999902 
201 170 47 56 0.999848 
868 33 39 56 0.9997335 
309 126 38 52 0.9996618 
308 96 29 33 0.9994711 
85 179 28 35 0.99929225 
123 196 36 46 0.99929166 
432 58 40 49 0.9982759 
492 149 27 38 0.9816928 
33 122 16 21 0.8452606 
50 182 18 26 0.67533946 
56 166 16 27 0.17916736 
92 155 16 21 0.16428742 
251 152 32 53 0.1288481 
63 177 19 28 0.12092693 
855 374 25 22 0.113422215 
163 158 9 13 0.1003664 
33 151 16 27 0.09012417 
855 218 12 14 0.08757785 
3 201 15 28 0.08327601 
68 166 10 17 0.07830247 
1005 8 5 6 0.07746308 
1019 18 6 9 0.07164229 
52 150 15 26 0.06947346 
997 56 10 11 0.06892841 
35 210 21 23 0.06588105 
330 291 9 13 0.06457294 
906 37 18 29 0.06440295 
87 161 14 17 0.06412819 
349 386 11 12 0.061950706 
206 42 31 49 0.06042212 
538 8 5 6 0.06015525 
12 160 8 18 0.058249675 
420 73 21 29 0.05654662 
44 193 19 28 0.055729266 
25 122 10 15 0.055367883 
1009 5 6 7 0.055080682 
396 85 12 18 0.054483633 
551 3 4 4 0.054099843 
545 13 5 6 0.0516831 
999 9 5 5 0.051379245 
18 145 34 47 0.04840258 
20 181 12 21 0.047734655 
551 8 4 5 0.047338255 
544 3 5 4 0.04525781 
7 169 6 15 0.044885542 
245 137 21 33 0.04467286 
302 289 9 13 0.044310473 
543 9 5 5 0.044101797 
1005 13 5 6 0.04380874 
531 15 5 6 0.043595787 
15 163 15 28 0.042988632 
61 157 10 16 0.042352922 
883 419 11 13 0.04227788 
4 96 19 29 0.041848995 
62 265 11 11 0.041380614 
336 234 23 23 0.04126589 
537 13 5 6 0.041148756 
986 20 5 6 0.040754624 
141 151 8 13 0.040654846 
95 139 9 12 0.040567357 
133 152 8 13 0.040312387 
938 267 14 16 0.039372317 
10 168 9 20 0.039365828 
67 157 10 16 0.039029222 
1017 24 8 12 0.038641855 
558 3 5 5 0.038624194 
998 14 4 6 0.037740212 
525 6 5 6 0.037313372 
325 393 21 25 0.036390893 
271 137 21 34 0.036171317 
182 588 12 14 0.036029268 
526 3 4 5 0.03543279 
1019 8 17 21 0.035190165 
1009 26 8 10 0.035167683 
994 9 4 4 0.035129894 
50 145 11 19 0.034327716 
519 7 5 6 0.034228705 
29 220 21 29 0.03318699 
539 3 5 5 0.032828726 
562 3 6 5 0.032766122 
825 207 10 12 0.032220595 
994 31 8 11 0.031139111 
1010 3 6 6 0.030837044 
1000 51 8 11 0.03055928 
60 186 12 18 0.030214407 
97 148 19 22 0.030040978 
364 51 8 9 0.029958839 
993 15 4 5 0.029796796 
261 173 32 48 0.029505897 
533 8 4 5 0.02926642 
386 202 27 25 0.029189048 
426 12 9 10 0.029071826 
985 8 5 5 0.028787691 
527 15 5 6 0.028546955 
998 19 5 8 0.027921215 
25 586 10 14 0.02761281 
385 34 5 5 0.027475478 
109 141 7 8 0.02744973 
190 170 7 12 0.027039593 
744 8 6 5 0.026506077 
24 162 10 16 0.026492106 
1017 19 16 22 0.02643969 
362 255 8 10 0.026264992 
109 181 18 29 0.026261713 
329 243 18 21 0.026202165 
318 328 18 22 0.026129859 
244 187 22 34 0.025826305 
423 6 10 9 0.025594678 
193 185 6 13 0.025584735 
19 161 8 15 0.025358874 
1033 46 13 22 0.02525013 
549 14 4 5 0.025008202 
74 163 9 16 0.024701243 
195 585 11 15 0.024635265 
29 112 13 17 0.024491364 
531 2 5 5 0.024195055 
945 49 10 12 0.024143985 
979 4 4 4 0.023680875 
520 3 5 4 0.023643555 
926 69 8 9 0.023600437 
491 496 24 26 0.023458999 
718 288 22 34 0.023435457 
118 171 16 25 0.023367958 
1032 31 13 23 0.023285678 
1002 61 8 11 0.02320156 
148 432 17 11 0.022898907 
268 289 7 14 0.02289593 
106 229 17 25 0.02284243 
158 157 17 24 0.02273292 
2 174 14 33 0.022632167 
39 136 18 27 0.022576502 
1010 18 6 9 0.022406286 
1020 50 15 21 0.022279123 
842 221 9 12 0.022220956 
1019 191 6 9 0.022028144 
23 144 11 14 0.02200187 
381 55 8 10 0.021964336 
274 314 6 10 0.021837685 
974 3 5 5 0.021770122 
101 147 9 12 0.021701315 
75 146 19 20 0.02161008 
993 27 5 9 0.02151379 
1018 49 7 11 0.021510143 
4 125 9 14 0.021376543 
63 192 19 29 0.021152608 
987 15 4 6 0.02113966 
958 66 9 11 0.021014405 
359 51 6 9 0.02100931 
999 3 5 6 0.020928742 
993 19 4 7 0.020810694 
97 134 8 9 0.020668393 
986 3 4 5 0.020638738 
0 169 6 13 0.020540819 
959 26 6 8 0.020530071 
1019 55 8 11 0.020492937 
-62 162 363 356 0.020265423 
927 334 36 42 0.020094892 
