25_Soldier_Patrol_Soldier_Patrol_25_707
40
693 175 33 60 0.9986708 
333 124 45 86 0.9896884 
0 125 263 467 0.1647631 
122 179 301 453 0.12202668 
323 334 19 26 0.10297129 
468 396 43 38 0.102411084 
277 206 25 21 0.07008287 
753 389 28 50 0.051987294 
279 133 36 67 0.049939323 
540 269 42 38 0.048198454 
368 360 11 18 0.040961787 
976 0 19 24 0.03769603 
388 452 33 31 0.03154825 
734 22 15 31 0.030855527 
520 479 61 53 0.0301039 
549 265 27 20 0.029603684 
359 389 22 26 0.029154817 
366 430 74 73 0.028685534 
670 144 11 20 0.028554201 
312 319 42 50 0.027891045 
276 231 59 45 0.027585633 
719 454 25 29 0.026533011 
794 546 35 43 0.025587106 
154 27 4 9 0.025279222 
-3 115 18 31 0.024950659 
172 51 5 11 0.024465539 
167 49 5 11 0.024008865 
166 38 5 9 0.023928 
397 381 23 20 0.02385317 
359 343 23 39 0.023564516 
180 33 4 9 0.023270253 
181 38 5 9 0.023222012 
801 14 17 33 0.022932371 
677 584 7 8 0.022329874 
148 38 4 10 0.022197917 
737 26 29 51 0.021449238 
200 44 4 9 0.0208831 
290 383 21 27 0.02054585 
174 32 5 9 0.020190492 
210 184 25 26 0.020135788 
