25_Soldier_Patrol_Soldier_Patrol_25_869
39
670 185 109 151 0.99666023 
318 240 31 39 0.9599264 
221 225 17 28 0.66365284 
30 214 20 28 0.3065938 
982 571 16 29 0.18675484 
624 399 64 121 0.17806351 
10 300 10 16 0.14388786 
149 265 28 39 0.12834555 
159 216 12 19 0.12607011 
794 222 72 124 0.08312114 
127 195 16 26 0.07335822 
22 296 12 16 0.05488579 
137 157 10 17 0.05283731 
167 216 13 17 0.051678427 
912 559 31 45 0.045657124 
785 575 25 41 0.044909626 
828 471 80 90 0.04489254 
1015 597 17 28 0.039800644 
949 553 24 36 0.03649068 
564 499 17 30 0.031343084 
33 213 31 47 0.030370977 
16 298 12 17 0.02737146 
1030 579 16 28 0.024782535 
979 572 10 21 0.02381808 
1019 427 48 82 0.02365799 
1044 612 23 39 0.022921018 
-8 26 118 152 0.022663891 
1026 590 18 32 0.02255173 
137 55 306 385 0.022109251 
394 331 13 17 0.02202455 
966 553 27 50 0.021548484 
468 30 154 125 0.021428611 
522 451 506 411 0.021426892 
1052 594 16 31 0.02055055 
810 366 144 198 0.020466996 
975 561 9 17 0.020440426 
818 511 51 66 0.02031273 
589 430 29 44 0.020182427 
0 279 8 17 0.020164087 
