25_Soldier_Patrol_Soldier_Patrol_25_18
553
230 42 49 66 0.9972766 
905 442 15 18 0.92308694 
831 411 12 15 0.91261965 
751 392 16 22 0.90737593 
588 435 10 14 0.80472153 
507 375 14 18 0.70915157 
246 91 38 48 0.25863212 
944 477 14 14 0.21408726 
528 424 12 18 0.15014468 
861 458 10 15 0.13377832 
638 418 11 15 0.11087826 
900 434 11 14 0.10605972 
259 335 22 28 0.095773846 
832 643 4 5 0.09402868 
610 435 5 10 0.093486205 
851 661 5 6 0.0900757 
160 128 5 7 0.08959905 
839 643 4 4 0.08274257 
510 365 10 12 0.07445401 
852 606 3 3 0.07421263 
845 600 4 4 0.07313331 
859 644 5 5 0.072741516 
846 587 3 3 0.072618045 
644 388 11 12 0.07182835 
864 593 4 3 0.07122023 
866 587 3 3 0.068470016 
839 637 4 5 0.06843468 
831 648 5 5 0.068095475 
846 606 3 3 0.067335516 
846 612 4 4 0.067320466 
833 639 4 4 0.06503595 
852 600 3 3 0.064995006 
484 426 8 14 0.06498331 
634 421 8 12 0.06308463 
500 375 7 13 0.06100984 
91 649 5 6 0.06097986 
871 600 4 4 0.059927315 
916 594 4 4 0.059732266 
838 632 4 4 0.059025098 
871 644 5 5 0.058917347 
845 593 4 4 0.05799927 
862 448 10 13 0.057684183 
877 644 4 4 0.057682697 
878 600 4 3 0.057444617 
877 593 5 3 0.057039354 
789 452 12 16 0.055821672 
772 415 9 15 0.055227093 
524 405 18 19 0.055152483 
891 600 4 3 0.055042375 
859 593 3 3 0.05487319 
826 637 5 4 0.05479956 
846 638 4 4 0.053222403 
490 421 12 17 0.053186983 
484 408 9 12 0.052797526 
853 618 4 5 0.052378606 
103 427 27 29 0.05231459 
683 423 10 12 0.05217502 
919 435 9 12 0.0521356 
871 587 4 3 0.052121934 
886 668 5 6 0.050662387 
826 657 4 4 0.0503727 
656 390 9 14 0.050353363 
814 643 5 5 0.050285183 
963 653 8 9 0.050151292 
865 605 4 3 0.049964014 
840 600 4 3 0.04915113 
865 600 3 3 0.049083963 
863 662 5 6 0.049074713 
469 582 3 3 0.049054034 
852 580 3 3 0.048974756 
845 643 4 4 0.048912074 
866 581 3 3 0.04877327 
882 593 5 4 0.048339117 
642 405 18 20 0.04809407 
514 369 10 14 0.047769036 
858 637 4 4 0.047721565 
593 452 10 17 0.04765459 
863 644 5 4 0.047598932 
840 606 4 3 0.047113046 
877 587 4 3 0.046815343 
819 632 4 4 0.04675994 
847 662 4 5 0.046147972 
852 594 3 3 0.045763668 
575 501 8 15 0.045666233 
641 391 8 11 0.04538045 
813 638 4 3 0.04524683 
865 649 4 4 0.045005754 
847 581 2 3 0.04497492 
859 600 4 3 0.04475911 
903 593 4 4 0.044234823 
851 637 4 5 0.04407149 
858 632 4 4 0.044031635 
815 632 3 3 0.04400838 
826 632 4 3 0.043981776 
871 648 5 5 0.04382191 
883 674 5 6 0.043781344 
871 673 6 7 0.04361768 
474 582 3 4 0.043487556 
878 655 6 6 0.043198477 
38 672 8 9 0.043059323 
768 654 5 5 0.042962857 
896 600 4 3 0.04274332 
895 656 5 6 0.042426135 
851 611 4 4 0.042060494 
871 605 4 3 0.04170331 
423 529 4 4 0.041643668 
903 612 5 4 0.041628614 
834 631 4 4 0.041628353 
902 660 7 8 0.041442107 
876 480 11 11 0.041209146 
890 605 4 4 0.04120746 
799 650 4 4 0.040970996 
851 657 5 6 0.04074227 
864 639 4 4 0.040576015 
857 612 4 4 0.040457442 
840 594 3 3 0.04027747 
621 429 5 10 0.040209536 
808 638 3 3 0.04017884 
859 648 4 5 0.040165335 
864 656 4 5 0.039708532 
488 581 3 3 0.039553493 
119 461 11 14 0.03955238 
858 605 4 4 0.03929231 
878 649 5 5 0.038987912 
833 626 4 4 0.03883501 
818 644 5 5 0.03861833 
330 237 21 24 0.038576476 
827 649 5 5 0.03855129 
321 275 42 46 0.03833157 
589 448 8 15 0.038033288 
964 659 7 9 0.03788416 
657 410 9 13 0.03784154 
952 671 8 10 0.037683383 
952 661 6 7 0.037620243 
883 661 5 7 0.03757351 
845 618 4 3 0.03753986 
875 674 6 7 0.037488732 
839 613 4 3 0.037341848 
877 612 5 4 0.037288114 
289 210 33 42 0.03723198 
897 593 4 4 0.03720906 
891 644 4 4 0.03711793 
859 580 3 4 0.03696239 
882 650 5 5 0.036890276 
858 575 4 3 0.03670654 
764 393 10 17 0.036681816 
814 447 6 12 0.036675382 
102 651 5 6 0.036444355 
468 575 2 2 0.036295917 
890 625 4 4 0.036186736 
896 562 4 4 0.035832174 
21 612 4 4 0.03578215 
941 466 12 11 0.035759356 
884 625 5 4 0.035550166 
883 644 4 4 0.035520677 
795 650 5 4 0.035336792 
872 593 3 3 0.03530089 
890 655 6 6 0.03516478 
824 433 9 13 0.035108034 
883 639 5 4 0.03502596 
820 658 3 3 0.03498414 
404 536 3 3 0.034948412 
769 651 4 5 0.03478903 
883 587 4 3 0.03477596 
77 661 5 5 0.034630306 
822 434 19 21 0.034604546 
664 441 20 30 0.034559336 
904 587 3 3 0.03445796 
877 581 4 3 0.0344466 
904 563 4 3 0.0342855 
203 440 347 446 0.034002274 
776 651 4 3 0.03373887 
929 598 4 5 0.033532728 
648 393 13 14 0.033378847 
860 548 4 5 0.03324395 
896 587 4 3 0.033225268 
237 295 20 24 0.033148974 
832 607 4 3 0.03287823 
794 644 5 4 0.032829963 
909 593 4 4 0.032682404 
846 574 3 4 0.03267455 
890 650 5 5 0.032509547 
865 574 4 4 0.032406177 
313 224 33 40 0.032370683 
941 666 7 8 0.032368604 
904 567 3 3 0.03236213 
808 574 3 4 0.03235201 
66 606 4 4 0.03219315 
852 632 3 4 0.03215423 
947 668 6 9 0.032081496 
807 606 4 4 0.032055337 
627 422 6 11 0.032026257 
614 439 6 13 0.032004915 
882 600 4 3 0.031939164 
904 599 4 4 0.03183218 
871 626 4 3 0.03129678 
841 575 2 3 0.031275325 
852 587 3 4 0.031230677 
845 625 4 4 0.031084692 
787 638 4 3 0.031029906 
747 421 8 13 0.031011434 
838 626 4 3 0.03093658 
890 629 5 5 0.030901903 
902 642 6 5 0.030859463 
827 644 5 4 0.03083721 
412 543 3 3 0.030799681 
952 598 4 5 0.030604336 
953 657 5 6 0.03058584 
110 643 4 5 0.030338647 
895 675 5 6 0.030313585 
844 668 6 6 0.030183235 
643 387 5 7 0.029991832 
486 593 3 3 0.029963948 
871 582 3 2 0.029900001 
859 662 5 6 0.029895766 
878 605 4 3 0.029794788 
78 658 4 4 0.029767392 
482 587 3 3 0.029731087 
423 542 4 3 0.02971991 
482 593 3 4 0.02968142 
581 459 7 16 0.029616509 
819 662 5 5 0.02948095 
474 586 2 3 0.029422669 
853 649 4 4 0.02941428 
891 568 4 3 0.029379701 
890 586 4 4 0.029349638 
814 657 4 4 0.029239217 
827 626 4 4 0.029082954 
858 656 4 5 0.029017016 
480 599 3 4 0.029011214 
851 643 5 5 0.028965285 
896 660 6 7 0.028904 
958 672 7 9 0.028892674 
920 637 5 5 0.028860673 
934 593 4 4 0.028824696 
852 575 3 3 0.028819978 
881 655 5 6 0.02881538 
507 367 7 9 0.028779762 
890 660 6 7 0.028769739 
631 440 9 18 0.028656485 
422 536 4 3 0.0286427 
949 643 5 5 0.028596062 
148 323 30 27 0.028584812 
895 468 8 8 0.028508948 
891 574 3 3 0.02844129 
476 605 3 4 0.028431842 
14 637 4 5 0.02822036 
841 618 3 4 0.028205683 
800 644 4 4 0.028202824 
820 636 5 4 0.028181246 
475 594 3 3 0.02815546 
46 612 3 4 0.02812091 
888 469 8 7 0.028034104 
481 582 3 3 0.028021075 
910 581 4 3 0.027944963 
935 587 4 4 0.027913805 
429 542 4 3 0.027895413 
157 320 11 14 0.027884541 
437 555 3 3 0.02788139 
807 643 4 4 0.027841056 
781 645 4 4 0.027818982 
878 575 3 2 0.02766089 
794 638 4 4 0.027656706 
926 651 7 9 0.027651628 
26 625 4 4 0.02755246 
495 402 11 12 0.027491821 
47 618 4 4 0.027422458 
820 435 7 10 0.027407873 
488 587 2 3 0.027399799 
839 649 5 5 0.027311295 
519 420 16 20 0.02720786 
463 581 3 3 0.027177364 
424 524 3 3 0.027083013 
780 650 4 4 0.02708165 
878 638 4 4 0.026962925 
883 581 4 3 0.026921958 
431 549 3 3 0.026894627 
896 574 4 4 0.026825577 
679 426 9 14 0.0267742 
930 593 4 4 0.026728801 
896 567 3 3 0.026684068 
808 632 3 4 0.026671035 
819 649 4 5 0.026650181 
890 674 5 6 0.026631227 
839 662 4 5 0.026625775 
833 668 5 6 0.026623303 
833 575 3 3 0.026605237 
475 575 2 3 0.026583087 
26 619 4 3 0.026582345 
820 626 3 3 0.026577173 
621 433 7 12 0.026509449 
878 617 5 4 0.026501257 
902 666 6 7 0.026465524 
961 668 6 7 0.026462592 
790 435 8 12 0.026407283 
671 419 331 435 0.026369095 
871 630 4 4 0.026349064 
1 672 5 9 0.02632434 
640 402 9 13 0.026291387 
786 428 9 13 0.026218118 
953 648 5 6 0.02612953 
430 562 3 3 0.02610857 
878 660 6 7 0.026094167 
839 581 3 3 0.026076978 
417 536 3 3 0.026043408 
903 605 4 4 0.02602982 
859 587 3 4 0.02601974 
833 612 4 4 0.025991667 
614 432 5 9 0.025973601 
909 587 4 3 0.025951257 
896 625 5 4 0.025903767 
430 555 3 3 0.025902089 
877 631 5 3 0.025879838 
833 594 3 3 0.025798703 
787 650 4 4 0.025783332 
762 662 6 6 0.02563518 
841 429 10 13 0.025632046 
936 653 6 8 0.025621556 
156 383 30 27 0.0256089 
405 529 3 4 0.025589721 
922 599 4 3 0.025578424 
883 605 5 4 0.025536472 
90 655 5 6 0.025534663 
582 454 6 12 0.025478205 
858 441 7 9 0.025441516 
915 587 3 3 0.025401609 
38 656 5 5 0.025389912 
910 574 4 4 0.025369816 
461 587 3 4 0.025353184 
749 390 9 17 0.025297076 
586 452 14 27 0.025271658 
826 606 4 4 0.025256237 
435 543 3 3 0.02522258 
910 669 5 6 0.025058532 
908 660 6 7 0.025052724 
20 618 4 4 0.025027271 
897 669 4 5 0.025009202 
813 573 4 4 0.0249606 
896 580 4 4 0.024945756 
813 626 4 4 0.024915438 
82 661 5 6 0.024896568 
890 581 4 4 0.024885742 
902 656 7 7 0.024865493 
504 370 10 15 0.02485048 
416 542 3 4 0.024829524 
479 415 7 14 0.024824822 
890 593 4 3 0.02481651 
832 425 18 23 0.024775183 
942 587 3 3 0.024773512 
832 600 4 3 0.024766399 
788 625 4 3 0.02475697 
5 642 6 6 0.024745561 
903 618 5 4 0.024720263 
827 600 4 3 0.024697995 
26 674 5 7 0.024693852 
78 649 4 5 0.024683071 
850 668 6 6 0.02467404 
909 562 4 4 0.024661677 
636 613 2 3 0.024642829 
886 472 10 9 0.02464271 
779 418 9 14 0.024627265 
814 649 5 5 0.024618657 
933 598 5 4 0.02460836 
429 528 4 4 0.024583032 
684 429 9 16 0.024543103 
494 587 3 3 0.024500206 
908 600 5 4 0.024444051 
762 644 4 4 0.02436272 
631 434 7 14 0.02430475 
845 632 5 4 0.024289953 
916 605 5 4 0.024252523 
897 612 4 4 0.02425032 
878 626 4 3 0.02424975 
800 655 4 5 0.024248723 
626 429 6 12 0.024248254 
807 579 4 4 0.024219017 
148 337 35 28 0.024209738 
884 629 5 5 0.024205863 
484 414 10 14 0.024195932 
858 554 4 4 0.024177928 
411 535 3 3 0.024135644 
895 679 6 7 0.024054853 
599 456 9 17 0.024054006 
641 613 3 3 0.024022577 
774 667 7 7 0.023961507 
776 645 3 3 0.023956882 
776 620 3 4 0.023941267 
449 606 2 4 0.023925727 
940 525 10 9 0.023925193 
870 638 5 4 0.023910236 
936 554 4 5 0.023901865 
787 644 4 5 0.023901692 
871 669 5 6 0.023887282 
948 594 4 4 0.023854928 
955 581 3 3 0.023838766 
742 649 4 4 0.023812538 
470 586 3 3 0.023784954 
955 609 5 5 0.023771644 
480 606 4 3 0.023729213 
436 529 4 4 0.023722073 
399 556 2 3 0.02371367 
903 650 6 5 0.023686796 
776 632 4 4 0.023681829 
883 574 4 3 0.02364798 
814 612 4 4 0.02364597 
859 667 5 7 0.023632498 
776 624 4 4 0.023612125 
125 354 12 14 0.02360397 
712 560 5 5 0.023591166 
840 587 3 3 0.023505544 
488 422 22 31 0.023486031 
96 650 5 6 0.023473842 
435 549 3 3 0.023441417 
476 600 3 3 0.023406168 
877 477 23 19 0.023357175 
619 492 5 12 0.023321299 
882 475 9 8 0.023316681 
916 598 4 4 0.02330182 
929 631 5 5 0.023290763 
762 656 5 4 0.023259992 
895 474 8 8 0.023235641 
864 612 5 3 0.023232792 
46 657 4 5 0.023211602 
897 619 4 4 0.023206595 
373 549 2 3 0.023128344 
327 249 21 24 0.023109319 
888 516 10 10 0.023097213 
462 575 3 3 0.023080796 
864 637 31 36 0.023065628 
941 580 4 3 0.023057641 
417 525 3 3 0.023048626 
481 410 7 11 0.023027929 
782 638 3 3 0.022986026 
525 398 9 10 0.02296874 
455 575 3 3 0.022961346 
416 581 3 3 0.022913054 
617 428 15 26 0.022804024 
908 656 5 6 0.022728242 
858 625 4 4 0.022563752 
929 636 4 5 0.022523044 
901 459 9 11 0.022476295 
846 568 4 4 0.022475319 
909 613 4 3 0.022459732 
654 512 9 12 0.022422645 
52 657 4 5 0.022384495 
762 650 5 4 0.022380985 
916 649 5 5 0.022284245 
876 622 34 37 0.022282986 
820 605 4 4 0.022270015 
898 638 4 4 0.022246845 
948 581 4 4 0.022234024 
688 446 7 11 0.022214083 
85 637 4 4 0.022212965 
492 436 21 31 0.022196598 
863 667 6 7 0.022166552 
614 451 7 15 0.022160616 
950 597 4 5 0.02214461 
948 648 5 6 0.022139784 
769 638 3 3 0.0220833 
386 574 3 4 0.022076977 
775 655 5 5 0.021993276 
960 605 5 5 0.021950915 
896 605 4 4 0.02193868 
910 567 3 3 0.021823691 
667 647 5 7 0.021793403 
954 606 5 5 0.0217601 
961 651 6 6 0.021757381 
639 445 8 14 0.021748265 
890 619 4 4 0.021741552 
920 594 4 4 0.021718089 
863 547 5 5 0.021707848 
19 654 6 6 0.021666732 
890 612 5 4 0.021532143 
719 644 3 4 0.021529797 
916 644 4 4 0.02150163 
883 618 5 4 0.0214872 
909 650 4 5 0.021435028 
627 439 8 16 0.021413967 
928 604 5 5 0.021410586 
927 644 5 5 0.021409076 
821 587 3 3 0.02140177 
801 638 3 4 0.021399291 
411 568 3 3 0.021381011 
430 524 3 3 0.021361373 
940 575 4 3 0.021316236 
856 618 5 4 0.021300722 
940 663 6 8 0.021275707 
882 612 5 4 0.02120644 
896 643 5 5 0.021164767 
650 387 8 8 0.021133037 
607 452 6 15 0.021111818 
864 568 4 4 0.021097915 
468 594 3 3 0.021093436 
514 418 13 16 0.021093108 
899 432 6 8 0.021084888 
32 619 4 4 0.021024043 
360 574 3 5 0.021011295 
939 561 5 5 0.02099933 
865 626 4 4 0.020995049 
95 643 4 5 0.020990407 
84 649 4 5 0.020972835 
896 630 4 4 0.020970486 
51 618 3 4 0.02090186 
808 568 4 4 0.020883666 
827 636 30 36 0.020879244 
718 649 5 5 0.020877196 
308 296 26 27 0.020851266 
26 631 4 4 0.02082914 
91 660 5 6 0.020771138 
884 470 7 8 0.020766318 
18 650 6 6 0.02075595 
51 661 4 5 0.020733135 
864 631 4 3 0.020684654 
436 562 3 3 0.020660384 
339 542 5 4 0.020660102 
859 568 4 4 0.020656576 
339 515 5 5 0.020595923 
641 631 3 4 0.02059531 
910 673 6 7 0.020582685 
654 606 3 3 0.020557703 
834 581 3 3 0.020541904 
661 415 9 12 0.02054071 
938 482 12 14 0.020462558 
448 568 3 3 0.020459913 
550 474 5 10 0.02044917 
914 575 4 3 0.020443765 
743 645 4 3 0.02042372 
784 420 9 14 0.020404115 
807 593 5 4 0.020364152 
904 580 3 4 0.020345602 
671 649 4 6 0.020319305 
632 427 7 14 0.020280544 
812 587 4 3 0.020255988 
628 463 6 11 0.020252686 
756 651 4 4 0.020246243 
852 569 3 3 0.020244587 
96 663 4 5 0.020241564 
424 581 3 3 0.020239078 
775 637 4 4 0.020236801 
729 654 7 6 0.020190027 
516 451 21 29 0.020170107 
838 668 6 7 0.0201146 
404 524 2 3 0.020093242 
59 619 3 3 0.020092085 
641 619 3 3 0.020086668 
903 674 5 7 0.020086663 
756 644 5 4 0.020083755 
352 456 5 7 0.020069191 
607 478 12 26 0.020067316 
271 64 21 33 0.020060148 
802 619 4 4 0.020058258 
417 529 3 4 0.020055424 
820 574 3 3 0.020005941 
