25_Soldier_Patrol_Soldier_Patrol_25_59
242
461 92 74 87 0.9986785 
273 529 77 98 0.5619777 
25 55 28 39 0.556835 
368 652 41 53 0.48532188 
908 636 31 46 0.42028266 
72 45 19 30 0.40762103 
752 145 11 18 0.22450837 
830 358 13 19 0.21989946 
573 644 33 50 0.21308015 
440 211 42 48 0.20734507 
929 468 85 114 0.19451958 
87 82 22 28 0.19367789 
119 546 68 91 0.17473395 
279 107 21 29 0.15948583 
353 108 16 31 0.14169827 
661 670 17 25 0.13712564 
478 25 56 54 0.12372049 
427 485 46 41 0.123121664 
867 53 13 15 0.12052079 
931 148 10 16 0.11732955 
592 190 27 33 0.11710252 
699 607 74 84 0.111750014 
299 509 51 67 0.10598264 
170 79 11 18 0.1042686 
411 621 38 62 0.10397628 
677 190 16 23 0.09308395 
986 194 13 20 0.09185608 
573 178 34 42 0.08539756 
862 97 30 47 0.08228939 
594 464 62 60 0.08115208 
859 345 12 17 0.07967988 
292 160 17 26 0.07903461 
940 129 10 15 0.07193335 
347 149 32 43 0.065135494 
722 403 8 10 0.064560324 
855 329 10 14 0.06447444 
458 564 32 27 0.06445727 
331 51 15 24 0.063662186 
948 318 8 14 0.06282609 
59 99 21 30 0.062019903 
458 202 45 49 0.057236183 
985 500 59 110 0.05683785 
708 118 9 14 0.05424178 
463 55 61 69 0.0529639 
779 347 10 18 0.050568283 
897 151 14 25 0.049760863 
1006 309 5 9 0.049667593 
129 75 29 48 0.04952689 
817 360 10 16 0.04898845 
11 113 29 48 0.04753395 
148 518 72 89 0.047025237 
670 126 14 24 0.04696924 
752 413 9 11 0.046230864 
175 73 15 26 0.04525844 
454 273 23 41 0.043806445 
921 312 9 13 0.043666817 
651 140 11 18 0.043596156 
829 111 11 17 0.0428384 
27 489 32 45 0.0418835 
959 322 8 13 0.041753024 
846 384 11 14 0.04152736 
939 229 18 29 0.041180898 
871 20 19 26 0.0408547 
951 313 7 13 0.04076563 
823 360 11 16 0.039730534 
69 97 28 41 0.039352164 
647 193 17 25 0.038885597 
641 660 186 190 0.038706776 
1009 339 6 11 0.03866398 
534 559 11 16 0.0386215 
675 471 21 31 0.038572103 
305 156 11 16 0.03852159 
802 362 11 17 0.037949365 
917 527 35 65 0.037716374 
690 127 16 25 0.03707597 
1012 554 57 109 0.035993908 
849 325 9 14 0.0358129 
814 125 17 29 0.0353706 
166 83 9 16 0.035232425 
328 525 43 69 0.034958165 
679 317 20 25 0.034634985 
847 112 12 22 0.034293316 
700 97 12 17 0.034136213 
280 639 30 53 0.033965345 
1037 337 15 29 0.033746924 
1030 323 13 23 0.033677686 
836 649 33 51 0.03361566 
978 340 6 10 0.03356435 
57 111 29 47 0.033392463 
610 199 11 20 0.03337907 
894 119 16 25 0.033331435 
966 69 9 14 0.03326737 
889 570 42 69 0.03326207 
937 144 10 18 0.032974463 
817 555 65 115 0.03284283 
837 140 17 27 0.032480057 
739 189 14 20 0.032447528 
876 146 10 20 0.0324306 
778 138 18 28 0.03200497 
347 561 20 34 0.031666517 
335 95 16 28 0.031485688 
387 118 20 25 0.031081025 
23 407 10 12 0.030927544 
418 133 33 53 0.030787084 
952 322 8 13 0.030523052 
907 104 10 14 0.030169895 
900 93 10 16 0.029898271 
287 162 10 17 0.02980381 
830 176 16 28 0.029756267 
392 639 36 58 0.02975474 
954 176 14 27 0.029485041 
731 137 7 15 0.028962104 
983 180 18 25 0.028947221 
619 201 10 17 0.028837422 
854 351 14 17 0.02870471 
157 45 12 17 0.028561037 
694 117 11 17 0.02848541 
353 545 36 54 0.028333072 
924 138 11 17 0.028278636 
813 55 11 16 0.028210377 
905 649 13 21 0.027973374 
1028 162 23 33 0.02783551 
-2 73 18 34 0.027796729 
1031 351 11 19 0.027788522 
229 576 8 12 0.027662285 
631 152 11 20 0.02750897 
1024 114 29 48 0.027459979 
637 187 18 26 0.027185893 
379 12 11 15 0.027174935 
305 90 11 18 0.027142448 
1055 485 25 48 0.027017096 
765 141 10 17 0.026993603 
828 333 12 15 0.02681315 
27 125 17 31 0.026781285 
855 81 10 17 0.026711645 
799 128 11 17 0.026643058 
1049 327 15 27 0.026634613 
663 615 21 35 0.026629878 
618 640 41 58 0.026494676 
1027 104 17 30 0.026448524 
331 44 11 18 0.02641104 
1033 373 19 31 0.02636611 
752 375 11 14 0.026279194 
602 126 31 50 0.025908563 
972 346 8 11 0.025879126 
420 604 64 91 0.025864188 
594 9 16 21 0.025777427 
766 405 12 14 0.025764793 
763 118 16 28 0.025732385 
885 343 11 15 0.025674822 
253 91 14 20 0.025490431 
55 587 34 56 0.0254404 
849 346 11 13 0.02527243 
1045 128 19 33 0.025133995 
810 58 18 27 0.025016155 
606 600 21 23 0.024988571 
715 118 8 14 0.024916336 
603 192 14 19 0.024904853 
69 155 12 19 0.024706513 
406 484 43 51 0.024691517 
596 651 19 32 0.024639165 
0 414 7 17 0.024619397 
1000 381 11 18 0.024616111 
736 403 9 10 0.024589792 
350 340 31 37 0.024563441 
787 642 39 49 0.024457937 
1039 503 31 59 0.024439046 
247 121 16 28 0.02439474 
9 100 22 34 0.024336688 
195 125 11 16 0.024335777 
176 119 17 26 0.02425863 
75 320 8 11 0.024202846 
885 49 13 14 0.024136323 
1018 313 15 25 0.024110997 
920 22 17 23 0.024094392 
869 62 17 24 0.023864519 
509 556 24 26 0.023842672 
796 604 17 28 0.023677021 
879 72 13 18 0.02367655 
150 527 137 141 0.02355624 
1087 161 12 24 0.023507651 
745 132 16 26 0.023452044 
370 571 10 17 0.023339482 
758 143 11 16 0.02333568 
729 379 10 11 0.023332639 
1093 264 12 22 0.023293974 
1086 133 12 24 0.023280775 
1020 71 14 24 0.023272721 
634 292 22 30 0.023181107 
1031 337 12 21 0.023049716 
863 55 31 50 0.022988612 
624 194 18 27 0.022974372 
110 65 13 19 0.022866074 
862 84 20 36 0.022755317 
108 51 20 26 0.022730771 
724 10 25 22 0.022632888 
740 129 11 17 0.022607917 
740 172 15 23 0.02255329 
803 161 12 19 0.022126796 
664 653 20 32 0.022063583 
813 69 20 31 0.021978047 
950 149 11 16 0.021927286 
41 146 18 36 0.021911977 
2 115 19 34 0.02188297 
550 606 19 28 0.021880247 
797 371 9 16 0.02176417 
438 563 14 19 0.021741599 
1051 356 12 22 0.021713922 
428 226 38 60 0.021553 
1052 373 11 20 0.021415545 
926 100 9 15 0.021316167 
1030 180 15 25 0.021290619 
916 649 15 24 0.021287726 
631 188 10 17 0.021226458 
1017 104 16 26 0.021181876 
272 135 12 18 0.021170178 
778 585 37 54 0.021029787 
680 142 19 29 0.021026865 
939 207 17 24 0.020955913 
695 103 11 17 0.020848155 
138 72 11 16 0.020806435 
-3 536 33 67 0.020720135 
1089 235 13 23 0.0206899 
812 360 9 17 0.02066643 
1079 67 15 25 0.020598203 
215 96 17 24 0.020594798 
711 141 14 30 0.020518366 
844 575 34 65 0.020516755 
327 108 19 30 0.020384725 
1013 466 20 30 0.020380536 
1020 341 14 24 0.02035922 
947 88 9 13 0.02027846 
1019 344 8 13 0.020256951 
1020 306 7 11 0.020218806 
774 345 9 16 0.020170806 
255 651 204 208 0.020107375 
649 625 39 62 0.020095652 
838 94 28 47 0.020094676 
858 540 60 113 0.020091763 
1 65 36 49 0.020082718 
1011 81 30 51 0.020072639 
751 546 39 59 0.020011825 
