25_Soldier_Patrol_Soldier_Patrol_25_986
24
394 108 144 200 0.99910444 
690 1669 88 85 0.2659352 
325 482 34 41 0.1334498 
604 440 68 118 0.06891158 
162 441 124 222 0.055902638 
16 1881 32 39 0.037285324 
234 369 605 662 0.0334551 
582 1377 23 31 0.031745963 
608 1244 18 31 0.03157987 
214 1836 22 29 0.027483637 
378 1088 34 76 0.026695386 
541 1365 39 52 0.025358828 
414 1204 511 814 0.024950119 
367 160 16 30 0.024866046 
841 1723 142 179 0.024556844 
926 1455 152 178 0.023493774 
337 530 33 52 0.023009013 
611 1312 42 71 0.022291293 
408 1805 78 118 0.02168269 
735 1454 24 34 0.021647008 
198 444 224 343 0.021420028 
68 1879 9 11 0.020698942 
216 659 75 113 0.020412542 
171 1861 14 21 0.02040474 
