25_Soldier_Patrol_Soldier_Patrol_25_614
163
802 127 24 27 0.3605022 
859 111 10 10 0.17968397 
841 109 11 10 0.1636086 
514 146 305 461 0.11995483 
321 328 11 14 0.10468205 
283 101 22 38 0.082295835 
819 180 25 38 0.07875793 
808 80 5 5 0.067962855 
850 114 10 9 0.0651393 
945 166 16 14 0.05622873 
830 112 8 6 0.05486467 
762 80 5 7 0.05353309 
224 131 26 32 0.049015556 
192 78 72 134 0.04845718 
776 75 5 5 0.04437822 
77 206 7 11 0.043762043 
763 98 5 6 0.043523755 
775 78 6 7 0.042546045 
783 106 13 13 0.04253223 
842 106 9 8 0.041803237 
312 86 20 26 0.041596085 
813 80 6 6 0.041380934 
928 80 6 5 0.04121507 
795 80 5 4 0.040671125 
825 105 8 7 0.040259257 
761 83 5 7 0.03968161 
928 62 5 5 0.037412044 
915 104 6 6 0.037327934 
799 96 8 8 0.036392413 
796 91 6 7 0.035874847 
920 118 9 8 0.035623193 
830 122 12 12 0.03560861 
836 113 12 10 0.034889694 
929 86 5 5 0.034487545 
806 85 6 6 0.034245845 
758 293 164 205 0.034168683 
828 115 11 9 0.033747654 
800 86 6 5 0.033163693 
800 80 5 5 0.03305016 
781 75 6 5 0.03260499 
826 120 10 11 0.032517653 
917 92 5 4 0.032371175 
826 110 8 7 0.032151107 
973 122 9 8 0.032101467 
859 99 5 6 0.032048423 
901 99 7 6 0.031437032 
286 84 23 34 0.031346053 
962 104 5 6 0.03130457 
695 196 291 458 0.030665295 
118 497 52 61 0.030330837 
805 98 7 7 0.029442376 
227 3 13 13 0.029350739 
774 85 6 6 0.029277777 
264 231 15 17 0.029071834 
808 76 4 4 0.028737446 
917 49 4 4 0.028365439 
794 75 5 4 0.028346179 
776 67 5 5 0.028069759 
922 62 6 4 0.028000033 
934 128 11 9 0.0279622 
943 86 5 5 0.027659345 
799 102 8 8 0.027629644 
802 62 5 5 0.027591238 
784 87 5 5 0.027295003 
783 67 5 4 0.027123148 
769 86 5 6 0.027091943 
929 54 5 4 0.027079822 
788 74 4 5 0.026902903 
781 104 8 9 0.026872884 
725 67 4 5 0.026845254 
783 91 5 6 0.026240906 
790 103 10 10 0.026214164 
930 74 5 4 0.026110671 
802 66 4 5 0.026068976 
896 91 7 7 0.025972232 
936 92 5 5 0.025967028 
0 129 15 35 0.025734317 
819 85 5 5 0.025570674 
942 74 4 4 0.025454735 
787 68 5 4 0.025450986 
814 84 6 6 0.025220951 
763 93 4 6 0.025218409 
1017 58 7 10 0.025172463 
322 218 25 29 0.025109466 
302 342 12 17 0.025009403 
1019 123 6 8 0.024859054 
767 98 6 7 0.024805034 
936 69 4 4 0.024759052 
936 73 4 5 0.024718344 
922 93 5 4 0.024546094 
910 105 6 5 0.024337707 
774 116 21 29 0.024303265 
910 94 5 4 0.02423494 
758 80 5 6 0.024152188 
949 86 5 6 0.024042517 
865 98 7 7 0.023859983 
781 62 5 4 0.023852985 
967 105 5 5 0.023798442 
750 80 4 5 0.023747297 
262 138 20 25 0.023700269 
781 78 5 5 0.02367338 
917 87 5 5 0.023612686 
941 92 6 6 0.023530643 
888 98 7 6 0.023478713 
929 101 5 4 0.023448305 
916 100 5 5 0.023369147 
923 111 6 6 0.023245895 
257 80 20 42 0.023224244 
925 122 9 8 0.023216164 
997 131 9 8 0.023185596 
929 93 5 5 0.023078246 
961 119 5 6 0.023063442 
939 216 53 44 0.023017807 
884 129 15 12 0.022676017 
739 67 4 5 0.022583697 
934 62 6 4 0.02247409 
758 86 5 5 0.022466967 
786 131 20 28 0.022414478 
764 67 4 5 0.022384051 
936 123 11 10 0.022255309 
942 69 4 4 0.021945527 
881 92 6 6 0.021937186 
939 118 7 6 0.02186578 
383 284 16 14 0.021764474 
794 97 8 8 0.021716338 
754 98 6 7 0.021666456 
961 100 5 4 0.021413926 
1078 155 11 18 0.021404287 
979 109 8 7 0.021378104 
935 55 6 4 0.021342766 
795 86 6 6 0.021316808 
247 232 10 10 0.021290833 
921 86 5 5 0.0212849 
830 106 7 5 0.021251189 
756 92 4 6 0.0212307 
777 62 4 4 0.021048445 
767 103 6 6 0.020946454 
724 89 7 9 0.020922545 
299 356 17 23 0.020879932 
836 103 21 19 0.02086899 
988 93 5 5 0.020807093 
787 99 7 7 0.020786392 
803 142 14 16 0.02076668 
814 76 5 4 0.020683778 
221 245 11 11 0.02059207 
763 102 6 7 0.020546673 
781 99 6 6 0.020540489 
788 79 5 5 0.020433173 
949 80 5 6 0.020414101 
819 82 5 5 0.020403102 
875 -23 97 64 0.020367304 
737 74 5 5 0.020341622 
961 93 4 4 0.020283898 
89 196 10 14 0.02027009 
769 67 4 5 0.020222811 
768 80 5 5 0.020167988 
991 111 7 6 0.020161137 
890 79 5 6 0.020148957 
898 97 6 6 0.020126043 
930 67 4 4 0.020111667 
943 80 4 4 0.020105861 
806 117 8 8 0.020048147 
742 97 7 8 0.0200391 
