25_Soldier_Patrol_Soldier_Patrol_25_1046
34
253 399 24 32 0.9970901 
864 336 37 68 0.9861572 
745 390 33 46 0.80862075 
838 540 21 37 0.20583974 
788 393 16 23 0.15271392 
763 394 21 29 0.10575318 
232 393 30 38 0.07620276 
732 408 33 47 0.06390936 
842 407 14 23 0.06273502 
225 394 20 29 0.057904426 
744 381 14 17 0.05666676 
642 349 63 116 0.056396145 
774 394 13 19 0.05120082 
101 588 51 70 0.04693243 
896 344 40 57 0.04034269 
993 307 17 37 0.036829263 
974 295 31 52 0.035779122 
849 313 11 18 0.033984568 
858 207 12 17 0.03285892 
720 423 22 35 0.03229377 
845 311 40 75 0.030531554 
739 386 10 18 0.030065857 
225 417 19 29 0.02947555 
845 226 9 15 0.027510125 
836 377 38 57 0.026607335 
510 85 9 16 0.026199445 
959 737 20 26 0.02493442 
870 283 51 80 0.02488417 
847 211 8 13 0.024523545 
914 360 32 49 0.024134945 
951 294 36 68 0.024011662 
764 389 13 18 0.022336757 
870 224 9 15 0.021481229 
82 474 5 10 0.020993298 
