25_Soldier_Patrol_Soldier_Patrol_25_563
30
228 72 45 50 0.8509321 
195 66 55 51 0.4181009 
112 197 54 83 0.21147811 
330 502 39 30 0.057939008 
178 79 41 52 0.039582532 
254 85 25 41 0.036754455 
369 247 12 19 0.036092516 
458 88 8 12 0.035705607 
0 456 4 7 0.03523311 
364 666 8 11 0.03336431 
206 99 38 41 0.03149408 
0 509 2 6 0.028925415 
20 423 6 7 0.028868873 
64 471 7 9 0.028719055 
0 565 5 9 0.027395014 
386 250 11 19 0.027067482 
102 498 7 10 0.025686456 
351 -4 406 483 0.025405405 
312 651 8 11 0.025349151 
95 213 14 29 0.024886329 
186 182 302 393 0.024552505 
0 347 4 9 0.024541093 
0 394 3 6 0.024232442 
1019 394 5 7 0.02353827 
1 514 3 8 0.023106102 
154 115 29 25 0.021753017 
122 520 6 9 0.021685522 
34 405 5 7 0.02087557 
0 398 4 7 0.020639136 
449 55 11 14 0.02040941 
