25_Soldier_Patrol_Soldier_Patrol_25_747
36
406 191 44 56 0.99966073 
320 124 55 66 0.9937303 
850 280 13 16 0.39851713 
336 407 46 55 0.22581615 
915 282 9 11 0.089929655 
202 221 59 91 0.08783068 
925 265 11 12 0.07973553 
922 253 7 9 0.07560012 
168 187 17 30 0.067384005 
927 251 9 9 0.06058812 
385 400 17 24 0.06005378 
436 425 35 61 0.05967195 
926 272 9 10 0.048289534 
235 190 35 52 0.045856208 
874 323 11 18 0.03044338 
466 380 29 27 0.030024122 
153 177 14 23 0.02923119 
184 184 18 32 0.028088935 
826 308 25 28 0.027222516 
918 251 5 8 0.02710196 
922 250 17 20 0.026324635 
932 250 8 8 0.02630862 
1 505 135 162 0.02556428 
-1 459 33 75 0.025525961 
148 474 18 31 0.024511917 
215 459 13 19 0.024077665 
98 472 20 27 0.023965077 
930 261 10 12 0.023409495 
451 412 9 15 0.023220738 
350 215 31 58 0.022350434 
918 267 18 20 0.021186275 
1 404 7 20 0.020930355 
917 293 12 11 0.02092367 
839 273 37 40 0.020392798 
897 295 8 7 0.020133276 
170 184 10 17 0.02005478 
