25_Soldier_Patrol_Soldier_Patrol_25_374
32
228 279 49 64 0.9997992 
52 285 50 69 0.99965453 
496 74 45 64 0.9984895 
142 471 35 44 0.59939116 
372 286 33 39 0.27433264 
902 241 80 86 0.08704164 
779 322 29 24 0.06924179 
144 436 39 55 0.06738217 
462 108 11 13 0.06381309 
14 682 10 16 0.05321592 
757 314 44 41 0.04855681 
76 710 22 33 0.04231402 
809 316 15 15 0.040272087 
556 192 17 25 0.036665775 
83 447 37 45 0.03624603 
189 332 11 20 0.03608391 
916 658 35 45 0.03301711 
330 334 24 33 0.032882154 
744 324 38 46 0.03158016 
225 677 23 20 0.03141444 
96 696 22 32 0.03131001 
201 692 29 21 0.028805444 
766 276 142 197 0.0273176 
705 373 43 42 0.02530437 
519 -2 236 308 0.024951685 
42 10 434 512 0.024705524 
527 379 48 63 0.024383254 
40 450 152 224 0.024119314 
154 427 32 33 0.023760002 
472 114 11 14 0.02362097 
731 358 12 12 0.021958482 
748 344 11 10 0.021148069 
