25_Soldier_Patrol_Soldier_Patrol_25_419
23
468 99 86 103 0.9999075 
392 206 37 39 0.2676199 
492 359 82 94 0.07102333 
370 200 33 40 0.070065886 
696 492 48 57 0.059967957 
496 560 9 15 0.043755475 
312 375 51 80 0.04310244 
556 333 63 116 0.039639294 
596 284 19 23 0.033812895 
516 34 38 56 0.029223222 
719 507 15 18 0.027810367 
831 202 194 172 0.026223062 
605 197 35 51 0.025922086 
684 517 40 57 0.023534905 
614 178 7 9 0.022945492 
621 183 6 8 0.022893589 
608 177 9 9 0.022866504 
634 191 7 8 0.022116704 
409 206 42 48 0.021496754 
568 50 154 182 0.02140795 
634 195 7 10 0.021168305 
624 184 7 8 0.020855954 
288 193 6 5 0.020655006 
