25_Soldier_Patrol_Soldier_Patrol_25_121
705
685 93 58 68 0.9990945 
194 167 13 22 0.5174161 
59 270 13 23 0.5047789 
254 115 9 15 0.3859418 
255 142 9 13 0.34658614 
101 6 9 13 0.34375492 
132 57 9 9 0.34130642 
101 39 9 13 0.33677152 
158 75 9 9 0.31028062 
66 60 7 13 0.2997997 
597 234 49 52 0.29714194 
796 222 31 36 0.2969791 
358 80 8 11 0.26693213 
210 18 7 9 0.2565335 
208 207 12 15 0.2538236 
309 91 9 13 0.24071772 
205 3 6 8 0.23787867 
116 231 20 29 0.23765591 
139 93 9 11 0.23612323 
197 4 6 9 0.22063208 
184 175 18 26 0.217571 
185 4 6 9 0.21198566 
148 4 7 9 0.21131182 
125 100 9 11 0.19639565 
270 35 7 12 0.17995033 
238 62 6 8 0.17908806 
267 288 9 15 0.17864916 
127 42 7 9 0.1781369 
321 279 7 9 0.1780886 
222 134 9 14 0.17611954 
431 223 13 16 0.1757847 
17 526 10 14 0.17034054 
684 65 31 28 0.1681464 
72 15 8 12 0.16719367 
447 217 15 25 0.16090639 
277 94 12 16 0.16078834 
187 82 7 12 0.15658893 
575 664 19 21 0.1534982 
173 211 23 21 0.1521095 
342 79 7 9 0.14942203 
266 100 7 11 0.14631525 
219 17 6 9 0.14539604 
401 199 20 33 0.14435636 
230 19 6 7 0.14370058 
803 119 35 43 0.14187694 
244 5 7 7 0.13979793 
64 40 9 14 0.13945034 
140 11 6 11 0.13723013 
181 4 5 8 0.1371473 
139 3 6 8 0.13544413 
81 10 8 14 0.13539726 
121 2 7 9 0.13538276 
282 68 5 7 0.13285884 
35 250 14 16 0.13024832 
257 11 6 10 0.12960431 
242 17 7 9 0.12941591 
196 34 8 11 0.12912227 
351 86 9 13 0.12757142 
237 11 5 8 0.12711811 
29 510 9 12 0.12506215 
245 41 6 9 0.12135048 
158 10 7 11 0.12006807 
154 38 7 9 0.119301796 
280 139 12 17 0.11684361 
229 168 9 13 0.11671843 
158 38 7 8 0.115433484 
133 91 9 11 0.11089531 
10 107 12 14 0.108848386 
166 3 8 10 0.10882105 
136 2 6 9 0.107844464 
127 60 10 9 0.1069215 
145 42 7 9 0.103742644 
227 194 12 16 0.10267905 
345 86 8 12 0.10244653 
760 668 8 12 0.10214817 
43 285 16 24 0.102003306 
152 23 7 10 0.09929058 
708 44 13 14 0.09893828 
125 156 12 20 0.09823033 
236 97 8 12 0.09684226 
147 9 7 11 0.09499671 
76 1 7 10 0.09492266 
145 69 7 9 0.09459527 
243 11 6 9 0.09447778 
222 17 6 9 0.09311798 
699 54 25 29 0.092993975 
210 5 6 7 0.09224426 
219 4 6 8 0.09213763 
222 12 6 9 0.092127055 
15 298 14 17 0.09147572 
116 93 8 10 0.09142079 
160 2 7 10 0.08808133 
126 2 6 9 0.087993845 
166 24 6 8 0.08524215 
112 195 13 19 0.084651165 
219 24 6 8 0.08439123 
289 68 5 7 0.083296 
222 24 6 9 0.0826484 
153 69 7 8 0.08178548 
121 70 8 8 0.081371106 
52 41 8 12 0.08049843 
140 49 8 9 0.07979036 
254 156 7 13 0.07969656 
222 29 7 9 0.0796952 
131 29 8 10 0.07967579 
169 123 17 27 0.07940714 
216 45 6 8 0.07913823 
21 4 7 9 0.079096444 
116 2 6 10 0.078766815 
369 94 10 16 0.0786668 
154 16 6 9 0.07856961 
293 70 5 7 0.078548074 
268 3 7 9 0.0784587 
6 270 18 26 0.07833755 
174 30 4 6 0.07813636 
193 4 6 9 0.07788405 
237 56 7 9 0.07726672 
127 86 9 11 0.07667699 
261 85 7 10 0.07638615 
373 281 13 14 0.07602748 
283 33 6 10 0.075758025 
71 0 7 9 0.074963704 
223 3 6 8 0.07374947 
155 75 7 8 0.0736783 
73 248 11 16 0.07365772 
237 6 6 6 0.072987966 
298 355 7 12 0.072837874 
229 93 8 11 0.07259805 
224 0 5 7 0.07238054 
77 27 9 12 0.072280705 
97 41 8 11 0.072098196 
129 37 7 9 0.070925504 
218 79 8 10 0.07069302 
567 273 38 47 0.07016354 
241 129 8 12 0.06969493 
192 30 8 10 0.06950316 
352 80 16 21 0.06906843 
402 94 9 17 0.0687584 
120 19 8 12 0.0681761 
166 43 6 7 0.068097286 
75 21 8 11 0.06745461 
242 56 7 9 0.06727575 
701 377 22 23 0.06687574 
166 29 6 7 0.06673091 
232 12 5 7 0.06654228 
149 254 17 30 0.06613666 
201 191 12 13 0.06596623 
285 180 8 14 0.065743774 
225 36 6 9 0.06571342 
60 129 19 24 0.06531464 
250 145 8 11 0.06514195 
177 48 7 9 0.06480299 
231 22 6 10 0.06394465 
279 296 11 13 0.06365036 
96 93 9 11 0.06352093 
115 23 6 9 0.06320893 
235 129 8 12 0.062833615 
229 68 6 7 0.061392322 
36 32 10 13 0.06093542 
223 64 7 7 0.060908675 
768 674 7 10 0.060197297 
3 106 11 12 0.05984302 
231 161 10 14 0.05895233 
160 42 6 7 0.058581714 
136 11 6 11 0.058252987 
211 13 6 7 0.05775674 
108 75 10 10 0.057720333 
48 44 15 27 0.057655837 
1 6 3 7 0.057427447 
212 48 6 9 0.057044473 
70 12 7 9 0.05694697 
179 84 8 12 0.05681548 
247 37 6 10 0.05663627 
120 8 9 13 0.05614464 
279 177 10 17 0.056004446 
184 24 8 8 0.055965606 
300 308 7 11 0.055720486 
294 84 8 12 0.055587538 
172 26 5 7 0.055466507 
303 23 6 9 0.05462882 
61 5 7 9 0.054525718 
237 17 5 8 0.05451646 
248 57 6 7 0.053617496 
235 24 6 8 0.053430095 
207 18 5 7 0.05340311 
160 22 6 9 0.053311307 
196 139 10 15 0.053009544 
181 24 5 7 0.052670226 
343 5 11 9 0.052206215 
243 68 6 7 0.05207734 
307 6 7 8 0.051914364 
205 43 5 7 0.051894434 
152 65 8 7 0.051440075 
274 3 7 8 0.051380016 
231 65 5 7 0.05130822 
206 24 5 8 0.050934274 
231 4 5 7 0.05081344 
148 30 6 8 0.050782695 
197 63 6 8 0.050774653 
272 168 33 49 0.050744053 
90 59 7 11 0.050467912 
125 14 8 12 0.05022064 
112 185 18 21 0.050153837 
174 224 13 16 0.049997758 
120 57 6 7 0.04980636 
173 43 6 7 0.049676675 
211 64 7 8 0.049551588 
166 8 7 11 0.049325906 
202 118 12 13 0.049266607 
360 90 17 22 0.049254123 
282 5 5 6 0.04912435 
308 170 5 9 0.049061112 
158 70 9 9 0.04905261 
166 39 6 6 0.048962098 
397 207 9 12 0.048942693 
251 25 5 8 0.048916858 
239 243 29 43 0.048809417 
256 4 6 7 0.0483039 
213 262 37 50 0.048018895 
247 11 6 9 0.047874343 
197 10 6 7 0.04776586 
207 187 12 12 0.047517877 
140 105 12 14 0.04738018 
114 58 6 7 0.04712723 
267 94 7 10 0.04700715 
288 5 6 7 0.046989597 
180 31 5 7 0.04679317 
213 44 5 8 0.04673254 
144 49 8 10 0.046440374 
110 56 6 7 0.04596516 
38 530 7 10 0.045873184 
220 2 4 5 0.04572432 
233 136 10 14 0.045573685 
351 91 15 21 0.045331948 
96 22 8 11 0.04504892 
100 13 9 12 0.04463531 
174 75 7 9 0.044625126 
339 87 7 10 0.044581156 
293 21 6 9 0.044302437 
67 309 24 40 0.04412315 
293 9 6 9 0.043960378 
76 10 7 11 0.04392097 
173 39 5 7 0.04372833 
613 339 11 15 0.043476116 
81 6 7 8 0.043252353 
1024 653 17 26 0.042945065 
165 55 7 8 0.04285703 
153 51 6 7 0.042837813 
184 29 7 8 0.042771176 
282 1 4 6 0.042684015 
22 7 8 13 0.042652857 
437 219 17 24 0.04264612 
335 300 9 14 0.042635385 
36 3 8 11 0.042538043 
61 278 20 30 0.0424629 
141 245 19 28 0.042449545 
7 530 6 9 0.042377368 
312 286 6 9 0.042328842 
198 1 6 7 0.04230867 
203 93 8 9 0.04178047 
242 50 7 8 0.041776445 
243 147 6 9 0.041700903 
1 23 6 11 0.04161715 
264 52 4 6 0.04154331 
251 29 5 8 0.04142355 
154 0 6 8 0.041328706 
229 1 6 6 0.04095947 
629 348 10 16 0.040954955 
164 50 7 8 0.040886056 
180 20 5 7 0.040807128 
95 73 11 13 0.040761977 
115 8 7 11 0.040428307 
276 318 7 12 0.04028581 
221 88 9 9 0.040123027 
43 28 9 12 0.03983113 
406 80 9 12 0.039810248 
161 624 31 32 0.03973108 
389 224 10 16 0.0397074 
197 210 13 15 0.039668474 
124 188 12 16 0.03943708 
105 201 16 26 0.039319135 
224 68 7 7 0.03930583 
177 92 7 10 0.03907595 
249 62 5 7 0.039009035 
321 392 7 13 0.03900179 
1000 670 14 15 0.038989466 
0 10 4 8 0.038676772 
147 15 6 10 0.038617834 
205 50 5 7 0.038615424 
228 106 8 12 0.038371112 
307 387 9 13 0.0382599 
57 255 11 13 0.038173035 
106 88 9 10 0.03813679 
325 283 8 10 0.038031746 
259 14 7 10 0.038029063 
326 3 7 8 0.037935328 
64 16 6 11 0.037918076 
3 155 9 15 0.037894566 
122 43 6 7 0.037797607 
169 227 12 17 0.037765346 
298 92 7 12 0.037686653 
127 24 8 10 0.037529342 
198 176 17 22 0.037514772 
451 206 16 23 0.037507143 
208 163 11 13 0.037459716 
80 21 8 13 0.0374414 
200 169 10 14 0.03738041 
248 150 8 12 0.037314042 
185 1 5 6 0.037069984 
88 38 7 9 0.03705618 
274 42 5 9 0.036987185 
82 35 8 11 0.036933787 
242 22 6 8 0.036916137 
224 94 7 10 0.036900725 
179 36 7 8 0.036812708 
216 69 7 7 0.036774117 
276 23 6 8 0.0366816 
362 232 12 12 0.036285967 
77 199 10 15 0.036163602 
124 72 10 9 0.03615144 
272 30 7 11 0.036074102 
236 393 10 14 0.036055345 
290 75 5 7 0.035952024 
933 636 9 9 0.03595118 
275 49 5 9 0.03594117 
4 312 11 18 0.03582968 
276 19 5 8 0.035825595 
143 199 14 15 0.03575265 
295 274 8 10 0.0356311 
176 199 22 22 0.035486512 
229 87 9 10 0.035480946 
57 518 5 6 0.035403714 
205 64 7 8 0.03538227 
409 210 17 26 0.035085157 
186 20 5 6 0.035077717 
206 11 5 7 0.0348771 
159 32 6 7 0.034834687 
219 141 10 15 0.034821767 
209 86 7 9 0.034802254 
972 520 5 5 0.034797307 
135 52 7 8 0.034635082 
244 31 5 7 0.034606915 
223 168 9 13 0.034529865 
14 311 18 25 0.034511667 
-16 186 326 383 0.03448679 
99 87 11 12 0.034473397 
259 139 8 13 0.034444515 
231 81 7 8 0.034285467 
7 125 9 13 0.034275368 
13 523 8 12 0.034254987 
332 382 10 11 0.034227084 
880 633 40 44 0.034196626 
155 81 7 8 0.033986755 
140 29 6 8 0.033972904 
216 63 8 9 0.033945937 
152 29 7 9 0.03387976 
156 189 11 13 0.033827152 
217 131 9 15 0.03380657 
191 25 7 8 0.03373501 
234 148 9 13 0.033556342 
255 179 9 15 0.033467982 
210 2 5 6 0.033430357 
254 25 6 8 0.03341032 
118 106 8 11 0.03332123 
228 41 7 9 0.033298023 
166 19 5 8 0.033295266 
619 335 20 26 0.03329255 
106 4 7 11 0.033182774 
293 74 6 8 0.03314481 
6 9 5 8 0.03306388 
165 104 10 12 0.03303252 
172 1 7 8 0.032996632 
106 100 9 11 0.03270741 
948 499 4 5 0.032655828 
140 73 9 9 0.0326423 
972 524 5 5 0.032519504 
407 223 11 17 0.03251082 
271 154 9 14 0.03234545 
245 1 5 6 0.032331217 
150 249 11 17 0.032305468 
124 659 12 13 0.032263473 
256 74 8 11 0.03209044 
193 183 16 20 0.03208654 
223 105 8 13 0.03190017 
289 9 6 8 0.031824607 
105 37 8 11 0.03171485 
701 57 14 16 0.03165565 
594 357 6 9 0.031578638 
251 19 29 39 0.031549297 
972 511 5 5 0.031423375 
163 78 10 11 0.03140852 
297 278 8 11 0.031349186 
223 98 7 11 0.03131442 
114 61 8 8 0.031265423 
22 168 9 13 0.030981248 
281 398 6 11 0.03069696 
180 10 6 8 0.030678833 
363 331 8 9 0.030549413 
63 23 6 11 0.030451236 
288 0 5 6 0.030395813 
197 25 7 7 0.030361518 
132 42 6 7 0.03033181 
198 52 6 8 0.030330464 
179 1 5 6 0.030319693 
193 10 6 8 0.030252643 
179 57 6 7 0.03014394 
275 195 6 11 0.03009541 
211 134 9 14 0.030068317 
232 125 7 10 0.029866984 
655 100 23 41 0.029783294 
6 6 5 7 0.02975452 
139 24 6 8 0.029739805 
117 17 6 11 0.029616319 
630 230 51 52 0.029614208 
56 60 9 14 0.029503496 
268 51 5 7 0.029493548 
1018 517 7 11 0.02932192 
257 43 6 7 0.029227339 
422 201 9 14 0.029154273 
277 68 5 7 0.029120712 
390 180 5 5 0.029049708 
817 270 27 30 0.028956486 
272 288 16 24 0.028929286 
614 673 13 13 0.028847132 
937 129 42 58 0.02884193 
203 85 8 9 0.028764302 
137 6 14 20 0.028749691 
256 69 7 8 0.028684856 
996 523 22 22 0.028674934 
194 197 22 22 0.028606815 
52 519 6 5 0.02858084 
294 181 7 13 0.02851492 
182 43 8 10 0.028475372 
196 82 8 10 0.028395183 
302 18 6 10 0.028381124 
986 494 3 5 0.028304245 
86 68 8 11 0.028229449 
285 296 8 12 0.028209401 
11 534 8 9 0.028102241 
161 51 6 7 0.02809631 
257 2 5 6 0.028067125 
116 44 5 7 0.028009908 
294 311 6 11 0.027903842 
380 225 10 14 0.027891794 
402 185 7 7 0.027867066 
172 10 5 8 0.027824642 
109 50 7 8 0.027787266 
249 161 7 11 0.02777314 
260 180 9 14 0.027727552 
131 68 9 9 0.027591333 
263 4 5 7 0.027588736 
335 89 6 8 0.027479265 
20 1 7 7 0.027448138 
274 76 6 8 0.027438518 
11 147 10 15 0.027429892 
258 155 9 14 0.02741847 
407 196 10 14 0.027411852 
171 172 12 15 0.027407233 
217 104 7 12 0.027329208 
120 37 7 9 0.02727601 
277 65 4 6 0.027271591 
703 49 8 10 0.027262565 
779 667 13 13 0.027242173 
13 283 18 28 0.027116826 
419 221 11 15 0.027095575 
52 505 7 8 0.027048402 
179 405 9 13 0.02699502 
371 193 7 7 0.02698383 
120 63 8 7 0.026972037 
670 68 25 24 0.026960883 
573 246 56 60 0.026940566 
155 5 15 21 0.02686888 
720 47 9 13 0.026827922 
67 155 10 13 0.026827605 
236 29 6 8 0.026708798 
96 4 8 11 0.026685817 
252 393 7 12 0.026622642 
249 110 8 13 0.026593048 
174 56 5 6 0.026539791 
230 132 7 11 0.026416203 
221 75 8 9 0.026358742 
219 36 6 9 0.026341323 
262 25 5 8 0.026247865 
1006 480 6 7 0.02622313 
1028 634 17 27 0.026215795 
214 201 11 15 0.026207982 
120 436 10 15 0.02618646 
383 186 7 6 0.026146399 
209 190 18 22 0.025977027 
692 673 5 6 0.02597634 
56 510 5 6 0.025927363 
275 295 8 12 0.02578641 
204 28 5 8 0.025776193 
39 60 7 11 0.025712188 
315 21 6 9 0.025702499 
145 82 7 8 0.025689991 
773 632 11 10 0.025645195 
18 237 9 12 0.025624985 
375 197 11 11 0.02549431 
246 131 8 11 0.025458746 
269 75 5 9 0.025273893 
7 535 7 10 0.025268847 
397 194 10 12 0.025263421 
71 28 7 11 0.025234213 
224 17 33 41 0.025212009 
581 629 22 19 0.02518075 
783 213 25 29 0.025171438 
186 653 24 31 0.025156138 
401 85 11 15 0.025152514 
160 55 7 8 0.02513007 
110 24 6 9 0.025048936 
100 205 12 19 0.024970675 
126 49 8 7 0.024946202 
355 102 9 14 0.024906287 
175 188 21 20 0.024886124 
229 253 24 30 0.024878567 
968 524 5 6 0.024873327 
248 16 6 9 0.024865437 
799 309 35 61 0.02482237 
202 37 7 10 0.024820471 
269 80 6 10 0.024743846 
249 1 5 6 0.024741765 
279 23 6 8 0.024638515 
282 10 6 8 0.0246192 
608 329 23 27 0.02458975 
305 306 8 13 0.024570767 
58 7 8 13 0.02454349 
114 494 10 19 0.024529075 
237 30 34 41 0.024448773 
193 136 9 14 0.024396483 
151 112 8 11 0.024392035 
243 108 8 13 0.024346935 
101 30 7 10 0.02432444 
115 50 6 6 0.024283327 
300 6 6 7 0.02425599 
232 196 16 21 0.024250584 
56 56 16 26 0.024230726 
4 555 12 20 0.024224196 
377 337 6 8 0.024199963 
121 99 8 12 0.024179164 
1019 472 6 9 0.024174897 
12 11 6 7 0.024147362 
337 80 16 21 0.024126086 
264 93 6 8 0.02385455 
955 495 4 5 0.023852857 
108 29 6 9 0.023734549 
217 149 10 12 0.023647346 
133 74 8 9 0.02361332 
268 87 7 10 0.023603255 
311 392 7 11 0.023516502 
412 246 9 14 0.023505948 
413 189 8 11 0.023485195 
212 29 5 8 0.023466721 
149 193 14 14 0.023465106 
258 85 6 10 0.023349747 
273 300 18 29 0.023288213 
825 632 9 10 0.023281101 
352 112 9 11 0.02325925 
1019 486 5 7 0.02310988 
256 36 6 9 0.023103533 
99 69 8 10 0.023031833 
183 36 7 9 0.023017751 
68 529 5 8 0.02301657 
10 308 8 14 0.022973642 
9 541 8 10 0.02297018 
22 531 10 12 0.022947678 
994 506 4 5 0.022936929 
138 54 8 9 0.022918738 
154 55 6 7 0.022901008 
163 87 9 10 0.022867369 
961 498 4 5 0.022862718 
269 132 6 9 0.022853253 
198 155 19 27 0.022806175 
242 154 8 12 0.02280064 
36 279 10 18 0.022660416 
968 520 4 5 0.022634627 
319 320 9 13 0.022609038 
321 99 7 11 0.022604028 
23 30 8 12 0.0225811 
294 40 7 11 0.022557503 
308 0 5 5 0.022524826 
289 23 6 8 0.022519106 
1017 568 8 12 0.022478756 
144 88 8 9 0.022464748 
150 24 5 8 0.022458717 
736 671 7 9 0.022449277 
574 631 42 44 0.022443147 
115 70 8 8 0.022367205 
338 92 7 9 0.022327308 
141 15 72 70 0.02230128 
1 102 5 11 0.022299286 
83 72 9 12 0.022291401 
94 61 8 9 0.022280945 
419 208 27 40 0.022274379 
253 260 12 22 0.022255203 
279 18 7 8 0.022254031 
230 29 7 9 0.022231745 
18 98 10 13 0.02222084 
-1 541 4 9 0.022219226 
254 74 14 21 0.02220965 
400 191 9 9 0.022188399 
602 289 48 57 0.022146717 
268 195 7 11 0.022127595 
263 56 5 6 0.022126744 
198 19 6 7 0.022114264 
17 204 11 18 0.022091243 
249 179 9 15 0.022070454 
391 213 19 27 0.022069518 
290 43 5 8 0.0220626 
308 371 5 7 0.022057364 
217 85 9 10 0.022051988 
213 186 11 12 0.02204527 
74 6 14 21 0.022038167 
367 215 12 13 0.022035286 
1019 632 5 8 0.021939864 
0 227 7 18 0.021913527 
775 191 28 34 0.021912172 
132 113 9 11 0.021862976 
410 185 6 7 0.021833245 
291 207 8 15 0.021828283 
711 52 13 17 0.02171983 
446 201 8 9 0.021686574 
49 272 18 28 0.021653323 
955 526 6 6 0.021604028 
270 17 4 8 0.021583699 
154 75 17 18 0.021523029 
332 6 6 6 0.021521311 
19 156 8 13 0.021510625 
3 122 17 25 0.02150148 
34 639 12 14 0.021497611 
379 318 6 7 0.021491397 
100 63 8 8 0.02145871 
163 219 33 45 0.021446 
114 97 9 14 0.021417264 
1014 668 18 22 0.021410009 
265 142 9 15 0.021382907 
159 63 7 7 0.021367252 
56 522 6 7 0.021361684 
210 56 6 8 0.021345166 
84 41 7 9 0.021338973 
68 55 6 11 0.02132701 
100 98 19 27 0.021289641 
0 110 8 13 0.02127322 
364 195 8 7 0.021258866 
69 229 9 16 0.021150667 
272 285 10 16 0.021138363 
247 50 7 8 0.021081276 
1018 529 18 24 0.021048363 
60 296 20 31 0.021003354 
109 61 8 8 0.020926174 
247 146 15 21 0.020920098 
222 57 6 7 0.020919653 
76 60 8 12 0.0209166 
357 229 11 12 0.020910496 
88 601 92 91 0.020888709 
16 259 17 26 0.020885328 
96 0 5 7 0.020882996 
218 56 6 8 0.020868702 
310 9 7 9 0.02086861 
288 313 8 13 0.02085964 
193 1 5 7 0.020855423 
772 674 10 11 0.020825176 
6 117 10 13 0.02082392 
376 190 9 8 0.020812504 
266 284 33 53 0.020772927 
26 591 25 29 0.020765455 
922 639 7 9 0.020756062 
391 96 15 25 0.020717235 
287 399 8 13 0.020689113 
298 182 6 11 0.020673428 
375 90 8 10 0.020652166 
37 295 19 31 0.020651486 
51 312 20 36 0.02057815 
203 129 10 14 0.02056654 
211 75 8 8 0.020558285 
277 6 30 41 0.02055213 
202 142 7 14 0.02048553 
121 51 7 6 0.020469517 
967 487 4 5 0.020399971 
973 507 4 5 0.020396154 
112 79 7 8 0.020385692 
134 257 22 32 0.020342775 
586 577 44 41 0.020313019 
593 361 7 10 0.020311227 
64 303 8 12 0.020291902 
675 355 11 13 0.020262659 
55 37 7 12 0.02025975 
192 67 7 9 0.020248568 
147 65 6 7 0.020233454 
121 29 7 9 0.020198366 
122 88 8 9 0.020194214 
627 331 7 10 0.020184364 
260 274 16 29 0.020157788 
258 50 5 7 0.020150064 
926 639 8 8 0.020130794 
42 157 8 12 0.020121552 
87 157 10 17 0.020118209 
295 36 6 9 0.020089537 
262 1 5 6 0.020079598 
300 166 7 13 0.020060992 
42 534 6 9 0.020037575 
142 32 17 18 0.020030025 
597 381 350 425 0.020022484 
617 329 10 12 0.020022005 
142 38 6 8 0.020018168 
