25_Soldier_Patrol_Soldier_Patrol_25_440
97
559 75 59 70 0.9846214 
33 181 57 62 0.9755744 
322 611 34 41 0.24001585 
460 597 31 28 0.1392572 
335 597 34 45 0.117384665 
704 611 24 30 0.08626297 
814 73 5 4 0.06587263 
30 538 28 36 0.054845948 
949 592 6 11 0.054056186 
808 78 5 5 0.05317793 
808 73 5 4 0.047955945 
0 745 8 21 0.04526787 
672 194 27 46 0.04319635 
863 90 5 6 0.0405601 
611 707 9 9 0.040401332 
435 546 11 16 0.03928516 
801 58 4 5 0.038920652 
819 77 6 5 0.037689716 
814 76 6 5 0.037404925 
454 533 11 16 0.03680904 
787 66 5 4 0.0363675 
802 72 4 4 0.034829747 
857 75 6 7 0.034361877 
570 735 5 8 0.03389882 
114 407 12 14 0.0334489 
795 72 4 4 0.03208896 
828 72 5 5 0.032003105 
861 89 4 6 0.030878995 
268 355 11 13 0.030702427 
833 73 4 5 0.030537304 
809 58 4 5 0.030451514 
795 67 5 4 0.030392874 
844 735 5 7 0.030127648 
788 71 4 4 0.030101852 
840 71 4 4 0.029418487 
764 59 4 4 0.028664378 
733 53 4 4 0.02863599 
832 723 5 6 0.028298084 
853 75 6 6 0.028226525 
834 742 6 6 0.027612964 
871 84 5 6 0.027487244 
275 644 23 28 0.02678306 
801 78 5 5 0.026259774 
397 15 4 5 0.026183058 
847 690 60 57 0.02601559 
716 274 6 9 0.026004259 
602 248 20 28 0.025976434 
770 97 4 5 0.025885468 
603 742 7 5 0.025316644 
816 536 7 11 0.025276354 
833 77 4 4 0.025158707 
551 738 5 6 0.025075411 
859 95 5 6 0.024999054 
860 572 8 13 0.024860568 
587 749 6 7 0.024713488 
429 8 5 4 0.024544884 
840 77 5 5 0.024500147 
783 66 4 4 0.024448847 
826 753 6 8 0.024432683 
717 51 4 5 0.024385126 
736 58 4 4 0.024376655 
485 172 7 12 0.024032498 
818 73 6 4 0.023906581 
826 749 6 7 0.023719156 
328 312 4 6 0.023331398 
796 59 4 4 0.023139209 
788 60 4 4 0.023136925 
732 58 4 5 0.022970008 
112 415 12 13 0.022855852 
795 78 5 4 0.022638671 
801 53 4 4 0.022638483 
299 601 42 48 0.022305176 
865 111 5 5 0.022102246 
1017 183 8 12 0.022100918 
783 60 4 3 0.021965202 
814 59 4 4 0.02184472 
807 84 5 4 0.021796528 
872 103 4 4 0.021758689 
801 85 5 4 0.021676967 
808 66 4 4 0.02163066 
840 730 5 7 0.021478808 
788 108 5 6 0.021473667 
815 53 4 4 0.021406576 
320 308 5 7 0.021325085 
794 84 5 6 0.021264931 
568 723 5 7 0.021145456 
821 84 5 5 0.021135598 
814 635 134 163 0.0210462 
790 114 5 7 0.021030366 
100 358 10 17 0.020825945 
890 742 5 6 0.020810591 
392 20 4 5 0.020660032 
386 8 4 4 0.020631535 
736 54 4 4 0.020628508 
2 5 3 6 0.02012261 
733 46 3 4 0.020067971 
663 173 10 20 0.020037806 
