25_Soldier_Patrol_Soldier_Patrol_25_9
872
586 165 110 102 0.59234214 
719 185 58 114 0.48697948 
194 305 15 15 0.48640144 
256 357 12 14 0.27425712 
246 342 16 14 0.23838398 
475 716 11 15 0.22902682 
285 286 7 9 0.16727318 
251 349 13 12 0.15845938 
297 671 9 9 0.15185803 
797 176 54 80 0.14879961 
383 353 11 16 0.13156976 
340 310 10 13 0.12686545 
452 669 9 10 0.11763589 
381 719 11 13 0.116666555 
243 602 4 5 0.11594229 
511 714 13 13 0.11373528 
169 310 14 12 0.10657771 
337 716 9 12 0.105321296 
108 300 6 7 0.10357951 
289 679 9 9 0.10295138 
311 308 6 8 0.101506986 
354 338 15 15 0.100802146 
254 288 6 7 0.10047519 
450 715 9 13 0.09682039 
251 619 4 4 0.09498706 
156 311 14 11 0.09310462 
381 706 10 13 0.09268677 
437 572 5 6 0.09152605 
244 622 3 5 0.090889424 
311 311 9 11 0.08894417 
236 283 8 11 0.08737464 
113 232 5 8 0.08647239 
318 314 7 9 0.085338116 
238 686 5 7 0.084450155 
426 716 8 11 0.07808603 
362 701 12 13 0.077685975 
249 665 5 7 0.0768806 
113 641 6 7 0.0767708 
283 642 4 5 0.076163225 
231 598 5 5 0.07396018 
276 661 7 7 0.072180055 
274 288 8 8 0.07203468 
225 655 4 5 0.071956374 
251 622 4 4 0.07176513 
282 285 7 6 0.07132148 
245 666 4 5 0.07117906 
269 674 5 6 0.07073427 
262 666 6 6 0.06974776 
298 667 8 8 0.06962286 
150 314 11 13 0.06782824 
238 603 4 4 0.067801096 
278 682 8 10 0.06543195 
243 599 4 5 0.06465669 
231 283 6 9 0.06459219 
237 610 4 6 0.06423281 
218 667 5 6 0.06363321 
231 603 4 5 0.06362877 
250 662 4 5 0.062915035 
239 616 4 6 0.062804915 
241 686 5 6 0.06253859 
462 658 7 8 0.062431898 
236 673 5 7 0.06216455 
237 667 5 5 0.061259307 
152 307 25 23 0.06116135 
191 310 11 14 0.060989372 
120 697 11 12 0.060855567 
257 622 4 5 0.06063022 
243 619 4 4 0.060356706 
238 649 4 5 0.06004313 
281 648 5 5 0.05933644 
264 673 5 6 0.05922874 
301 686 7 7 0.05911013 
655 134 110 179 0.058856297 
275 649 6 6 0.05838519 
232 610 4 5 0.056620214 
209 720 9 10 0.05648567 
286 658 8 8 0.05571754 
147 714 7 10 0.05566255 
229 655 5 5 0.05559823 
349 687 9 11 0.055012625 
444 691 9 9 0.05499894 
259 691 9 10 0.054896306 
301 643 4 4 0.054864794 
239 621 4 6 0.05478494 
205 289 6 6 0.054667324 
439 708 9 12 0.053918343 
226 629 4 4 0.05367189 
269 649 5 5 0.05311836 
117 346 36 52 0.052980457 
230 678 6 7 0.052771375 
185 317 8 11 0.052304555 
89 629 5 6 0.052190147 
461 666 7 9 0.052151665 
387 361 13 13 0.05161565 
444 602 5 5 0.05119853 
262 288 5 7 0.051010896 
218 636 4 5 0.05070004 
267 665 6 6 0.050672285 
163 309 13 11 0.050422333 
321 661 6 6 0.050388962 
250 686 6 6 0.050108317 
333 655 5 6 0.05001409 
288 643 4 5 0.049648184 
276 654 6 5 0.04950483 
135 313 7 9 0.04893961 
337 674 8 8 0.048745718 
492 652 7 8 0.048044086 
268 662 7 7 0.047738086 
238 599 4 5 0.047607496 
74 316 6 13 0.047252312 
334 642 4 5 0.047047764 
197 719 9 12 0.046935223 
270 289 5 7 0.046865206 
249 672 6 8 0.046819005 
282 654 6 5 0.0468098 
504 672 6 7 0.046715446 
500 673 7 6 0.046612654 
245 662 5 5 0.046403076 
186 306 7 10 0.0462821 
286 655 7 6 0.046118867 
102 300 10 8 0.046000868 
181 546 4 6 0.045938954 
255 655 5 5 0.04592522 
45 552 5 6 0.04585047 
243 609 4 5 0.045721006 
153 715 8 11 0.0455562 
436 660 8 9 0.045520365 
113 307 8 9 0.04522817 
367 718 9 13 0.044693936 
263 618 4 4 0.044617675 
789 185 91 138 0.044562306 
307 652 6 7 0.04443618 
275 284 6 6 0.044234283 
462 685 8 8 0.04417118 
225 623 5 6 0.04416012 
271 642 5 5 0.04415112 
520 642 5 5 0.04413538 
262 661 6 7 0.04404365 
430 547 4 4 0.044026617 
442 579 4 5 0.043917857 
224 660 5 6 0.04361281 
262 655 6 5 0.04353604 
321 666 6 6 0.043050427 
552 653 5 6 0.04292795 
212 577 5 6 0.042911496 
59 458 4 4 0.0425516 
236 289 9 12 0.042483576 
307 672 8 8 0.04248317 
327 715 8 9 0.042327598 
390 639 8 7 0.042290784 
86 698 12 14 0.04224792 
486 696 8 9 0.042241096 
255 680 4 6 0.042206813 
199 578 5 5 0.04203293 
226 635 5 6 0.04202082 
225 680 6 6 0.04196125 
251 655 4 5 0.041896306 
85 629 5 6 0.0416097 
141 527 4 6 0.04143414 
324 665 6 9 0.041412618 
139 312 6 9 0.041383326 
300 691 9 12 0.041361798 
251 679 5 6 0.041268017 
333 659 5 6 0.041262504 
222 667 5 5 0.041143555 
236 679 5 6 0.040958982 
219 616 5 5 0.040804934 
332 636 4 6 0.040765405 
382 348 8 12 0.04043922 
85 622 4 5 0.04021138 
437 559 3 5 0.040184848 
363 661 9 7 0.040100526 
547 716 8 11 0.040051978 
242 284 5 7 0.03996001 
243 672 6 7 0.039791923 
446 708 10 13 0.03972138 
459 670 8 10 0.039717667 
563 668 5 6 0.03963725 
289 648 4 4 0.039439775 
78 584 4 5 0.039327655 
280 660 7 7 0.03925571 
495 635 5 6 0.03923452 
438 578 4 5 0.039148793 
274 679 8 9 0.038972136 
393 692 11 12 0.03890289 
211 679 7 7 0.038722016 
231 674 7 6 0.038549136 
282 605 3 4 0.038502418 
237 661 5 5 0.038481873 
224 684 8 9 0.038402837 
224 610 4 5 0.038118854 
320 654 6 6 0.038108386 
269 605 4 5 0.038083397 
97 636 6 6 0.03805727 
339 654 6 7 0.03803839 
308 643 4 4 0.03773166 
467 673 7 8 0.037692502 
327 642 4 5 0.037532866 
199 572 4 4 0.037532203 
256 666 6 6 0.0374495 
443 597 4 5 0.03739025 
441 573 4 5 0.037327517 
263 680 5 6 0.03726642 
270 679 6 7 0.037228644 
90 622 4 5 0.03714618 
113 301 6 6 0.037139185 
256 286 4 5 0.037122812 
108 306 8 9 0.037121847 
505 666 7 7 0.036977198 
77 578 3 5 0.036931183 
337 359 7 11 0.036788058 
463 603 4 5 0.03674522 
294 648 5 5 0.03672165 
151 307 12 12 0.03660725 
393 357 12 12 0.03660176 
232 591 4 5 0.036526475 
326 617 5 6 0.036518402 
46 475 5 5 0.036456075 
224 674 5 6 0.036453478 
256 661 6 6 0.03643458 
445 683 9 9 0.036432784 
422 641 6 6 0.036271475 
261 685 7 8 0.036270123 
135 527 5 6 0.036212824 
397 714 8 12 0.036190443 
100 636 6 6 0.03601112 
448 661 8 7 0.035852056 
475 592 5 4 0.03583106 
257 618 4 4 0.035816174 
231 649 4 5 0.035539098 
69 597 5 5 0.035523955 
243 649 4 5 0.03547683 
211 611 4 4 0.035398223 
161 618 4 5 0.03538462 
72 579 3 4 0.03537096 
322 641 4 6 0.0353626 
270 622 5 6 0.035356052 
257 610 4 5 0.035340566 
229 635 4 6 0.035265684 
435 546 3 5 0.035197824 
147 301 6 8 0.035090152 
44 362 4 5 0.035020713 
447 665 10 9 0.03499381 
27 463 4 4 0.034979038 
151 300 11 10 0.034941945 
146 683 10 9 0.034871522 
269 653 5 5 0.034843218 
448 566 4 4 0.034763183 
332 718 10 12 0.03472865 
69 629 5 5 0.034605943 
381 699 8 10 0.034494195 
153 623 6 5 0.034422267 
592 635 200 176 0.034376696 
506 646 6 7 0.034371678 
411 546 4 6 0.034327473 
503 679 7 8 0.034237806 
321 636 4 5 0.03400267 
90 376 5 8 0.033922676 
539 649 4 5 0.03387001 
135 532 5 6 0.033844005 
435 653 6 7 0.033829726 
240 288 7 9 0.03371337 
230 624 4 5 0.033680655 
448 573 4 4 0.033648543 
72 387 3 4 0.03364129 
250 293 7 9 0.033631627 
301 648 5 5 0.033592883 
110 644 6 8 0.03355134 
498 679 8 9 0.033530433 
426 658 9 9 0.03351674 
123 647 6 6 0.033417128 
339 643 5 5 0.033310834 
295 643 4 4 0.03328764 
232 583 4 6 0.033261087 
463 579 4 4 0.03325197 
333 360 9 16 0.033188246 
251 286 5 5 0.033175815 
256 684 5 8 0.03314358 
377 341 15 26 0.033102352 
420 719 10 12 0.033070423 
138 715 7 11 0.032902483 
465 690 7 8 0.03286768 
238 654 4 5 0.03283479 
467 603 4 5 0.03283069 
198 584 5 6 0.03279853 
250 634 5 6 0.03276475 
337 367 8 16 0.032710645 
213 566 4 5 0.03260211 
544 426 25 39 0.032556094 
28 586 3 4 0.032548122 
211 685 8 8 0.032531705 
244 532 4 6 0.032529816 
173 591 5 5 0.032400496 
181 578 4 5 0.032371864 
449 540 4 5 0.032342717 
153 618 5 4 0.03216857 
90 371 4 9 0.032133278 
255 627 6 7 0.032130588 
71 393 4 5 0.032104246 
270 610 4 4 0.03206928 
299 677 7 7 0.032023292 
443 566 3 4 0.032013115 
225 603 4 6 0.031923562 
465 659 7 7 0.03188156 
20 470 4 4 0.031809226 
225 650 4 4 0.03179758 
306 695 6 10 0.031703953 
447 602 5 6 0.03168737 
251 628 5 6 0.031596493 
215 680 7 7 0.03153142 
264 649 4 4 0.0314271 
329 636 4 5 0.031416453 
204 721 7 9 0.0314055 
494 628 5 6 0.031400118 
262 622 4 5 0.03136955 
361 584 4 6 0.031265236 
333 674 6 8 0.031184679 
257 696 7 8 0.031157358 
324 330 9 13 0.031150248 
362 665 9 8 0.031060833 
493 623 5 5 0.030997815 
454 578 4 4 0.030994887 
130 552 4 7 0.03088289 
193 589 5 6 0.03087066 
282 598 3 4 0.030858524 
276 598 3 4 0.030783542 
469 598 4 4 0.030706996 
288 721 9 10 0.030705431 
144 346 4 8 0.030701455 
619 604 11 11 0.03067956 
289 604 3 4 0.030648215 
473 691 7 7 0.03063641 
275 622 4 6 0.030602442 
427 648 7 6 0.030537298 
143 538 5 8 0.030495016 
86 616 5 6 0.03046971 
209 288 7 7 0.030455949 
443 609 6 7 0.03045485 
244 655 5 5 0.030426549 
436 470 4 4 0.030405506 
21 464 4 4 0.030403705 
270 617 4 4 0.030398864 
277 611 4 4 0.030385047 
388 717 9 12 0.03032383 
206 573 4 4 0.030314004 
223 695 7 10 0.03024031 
264 286 3 4 0.030223286 
299 660 8 7 0.030175386 
274 642 5 5 0.030142825 
0 653 3 7 0.030124152 
511 646 6 6 0.030022616 
491 683 8 8 0.029961806 
276 617 4 4 0.029960137 
288 674 7 6 0.029937943 
89 641 5 6 0.029920056 
459 690 8 9 0.029895078 
78 393 4 5 0.029894078 
460 654 7 8 0.029871544 
64 458 4 4 0.02984461 
503 715 9 11 0.029822554 
473 672 7 8 0.02981607 
204 636 5 6 0.02980918 
397 352 9 9 0.029800983 
194 597 5 6 0.029799525 
272 592 3 4 0.029791936 
255 674 5 6 0.029758902 
148 617 5 5 0.029743286 
449 578 4 5 0.029727712 
369 652 9 7 0.029713115 
405 520 4 6 0.029654108 
584 689 7 12 0.029618127 
422 635 7 6 0.029568866 
558 637 4 4 0.029467909 
403 642 7 6 0.029436355 
320 648 6 6 0.029378826 
401 709 9 12 0.0293442 
218 662 4 5 0.029336091 
308 648 5 6 0.029233603 
455 610 5 6 0.029212479 
180 585 4 5 0.029136663 
76 623 5 5 0.029103836 
40 363 3 4 0.029088482 
343 714 10 13 0.02908634 
224 616 4 5 0.02897647 
244 577 5 6 0.028866386 
424 547 3 5 0.028826376 
321 610 5 5 0.028817851 
480 609 5 5 0.02878881 
225 571 5 5 0.028645929 
110 365 5 10 0.028557628 
70 553 4 4 0.028554382 
243 679 6 6 0.028532097 
344 367 7 13 0.028480185 
159 667 8 8 0.028448181 
250 604 4 4 0.028383082 
511 674 6 6 0.028312288 
194 585 4 6 0.028301377 
142 532 5 7 0.028297158 
156 572 3 5 0.028206736 
237 578 5 6 0.028203407 
152 649 6 5 0.028180566 
225 640 5 6 0.028160555 
610 445 224 151 0.028088463 
455 692 7 8 0.027907945 
212 313 13 15 0.027895678 
417 547 4 5 0.027887192 
52 475 4 5 0.027883857 
52 366 3 5 0.027855227 
1 708 5 13 0.027828792 
58 476 5 4 0.027806733 
143 301 6 8 0.027762553 
422 647 6 6 0.027747093 
95 411 5 7 0.027717438 
218 630 4 5 0.02770083 
0 463 3 6 0.027653687 
356 639 10 8 0.027651072 
295 371 7 8 0.027631713 
0 437 3 6 0.02761631 
298 313 9 10 0.027608404 
205 678 7 7 0.027595663 
369 659 9 8 0.027586484 
412 533 4 5 0.02758348 
455 695 8 10 0.027555265 
617 326 369 374 0.027522642 
165 633 8 8 0.027519653 
257 598 3 5 0.02746457 
465 719 9 13 0.027439816 
270 285 4 5 0.027419774 
219 656 4 4 0.027395578 
237 591 4 5 0.027368585 
416 642 7 6 0.027293772 
314 667 5 6 0.027262473 
350 667 7 7 0.027197674 
33 559 5 5 0.027177729 
454 685 6 7 0.027161337 
191 320 9 14 0.027137438 
277 605 3 4 0.027136384 
486 685 7 7 0.02710802 
78 602 5 7 0.027095826 
133 552 5 7 0.027081875 
434 713 8 11 0.02708042 
467 678 6 6 0.027073462 
89 635 5 6 0.027052216 
134 579 5 5 0.02699979 
39 558 5 5 0.026997698 
436 542 4 4 0.026994403 
123 642 5 5 0.026987556 
300 654 6 6 0.02695121 
213 343 14 15 0.02691399 
69 591 5 5 0.026853735 
204 629 5 5 0.026848515 
207 307 12 12 0.026828898 
550 643 5 4 0.026821548 
201 616 4 5 0.026782788 
263 295 5 8 0.0267661 
444 541 4 4 0.026748592 
217 640 5 6 0.026745226 
157 671 8 8 0.026717998 
450 552 4 5 0.02671449 
231 513 5 5 0.026714366 
141 647 7 7 0.026673084 
200 674 5 5 0.026668755 
242 691 7 8 0.026657457 
78 558 4 5 0.026646404 
328 621 4 5 0.026581291 
412 551 4 6 0.026503803 
45 557 5 6 0.026498338 
182 540 3 5 0.026485622 
334 551 5 7 0.026485045 
351 348 20 22 0.026483946 
294 659 7 7 0.026456067 
305 686 7 7 0.026443718 
454 584 5 5 0.02642764 
71 623 5 5 0.026418466 
250 610 4 5 0.02641838 
110 360 4 8 0.026400812 
262 641 4 5 0.026362276 
46 488 5 7 0.026354345 
136 310 5 7 0.026325036 
480 605 4 4 0.026274312 
433 689 7 10 0.026218422 
465 653 8 8 0.026216537 
258 642 4 4 0.026202498 
453 679 7 8 0.026202457 
245 528 3 5 0.026157126 
443 614 5 7 0.026143664 
57 554 4 5 0.026136022 
249 691 6 8 0.026127405 
497 635 6 6 0.026063925 
225 576 5 6 0.026041422 
435 705 7 10 0.026037954 
594 479 97 122 0.026025604 
266 358 10 12 0.026011223 
282 636 4 5 0.02601063 
488 622 5 6 0.026007231 
362 355 9 10 0.026001628 
111 591 5 5 0.02598601 
376 664 9 7 0.02597833 
473 711 10 13 0.02593988 
39 553 4 5 0.025920032 
418 685 6 8 0.025897192 
280 353 5 8 0.025890578 
269 684 7 8 0.025886249 
474 661 6 6 0.025883615 
163 552 4 5 0.025861308 
135 557 4 5 0.025844328 
256 649 4 5 0.02582781 
204 623 4 6 0.025827467 
352 333 9 12 0.025823366 
28 458 4 3 0.02579168 
177 301 9 9 0.02576512 
496 653 7 7 0.025722165 
490 691 9 9 0.025686575 
178 666 6 6 0.025638057 
359 660 7 8 0.025629912 
128 641 6 7 0.025600696 
427 654 8 8 0.02559186 
59 360 3 6 0.02556 
84 635 5 5 0.025508389 
155 566 3 4 0.02549119 
90 585 5 5 0.025455274 
168 591 4 5 0.025452454 
415 718 9 13 0.025437033 
156 226 5 7 0.025432881 
230 628 4 5 0.025404619 
77 574 4 4 0.02540093 
437 566 3 5 0.025394738 
201 302 11 12 0.025391191 
180 439 26 26 0.025382515 
461 622 6 7 0.02536906 
326 673 6 8 0.02531534 
230 641 4 6 0.025293406 
53 720 10 13 0.025272878 
129 557 4 6 0.025271121 
307 716 7 9 0.02526364 
160 622 6 5 0.025243243 
59 463 4 4 0.025231257 
211 616 5 6 0.025217468 
430 551 3 5 0.025214996 
409 356 8 9 0.025212737 
544 650 4 4 0.025203256 
147 296 6 7 0.025201375 
461 609 5 6 0.025192328 
83 377 6 8 0.025170784 
315 553 3 5 0.025160298 
264 605 4 4 0.025128823 
295 637 4 4 0.025120925 
781 453 118 132 0.02510475 
160 300 34 38 0.025094729 
78 607 5 6 0.025050994 
27 451 4 4 0.025045574 
154 634 7 8 0.025020367 
141 308 5 8 0.024995342 
78 398 5 7 0.024970619 
165 642 8 7 0.024961876 
58 622 5 6 0.024909323 
301 308 6 7 0.024904016 
78 547 4 5 0.024855478 
493 648 6 7 0.024830537 
96 416 5 6 0.024825545 
219 532 5 7 0.024824463 
502 703 8 10 0.024807086 
492 673 6 6 0.024797363 
185 339 7 10 0.02479259 
212 573 3 4 0.024781846 
65 579 4 4 0.024748968 
562 642 5 5 0.024734264 
271 283 18 18 0.024734205 
97 640 6 6 0.024714636 
92 572 4 4 0.02469885 
274 674 6 6 0.024685616 
520 636 5 5 0.024656085 
15 439 3 3 0.02464475 
411 527 3 5 0.024640052 
447 609 6 7 0.024635272 
33 477 4 4 0.02462425 
106 716 13 16 0.024595557 
13 462 4 5 0.024572492 
77 412 4 5 0.024554104 
294 655 6 5 0.024547955 
499 629 5 5 0.02452809 
149 298 21 20 0.024516813 
518 683 6 8 0.024491437 
415 647 8 7 0.02448069 
152 296 9 8 0.02447871 
58 603 5 7 0.024464572 
450 559 4 5 0.024444714 
191 623 5 5 0.024434159 
318 722 8 9 0.02434111 
424 541 3 5 0.024339722 
135 312 16 24 0.02433803 
420 659 8 8 0.024258727 
136 666 8 8 0.024211064 
161 566 4 5 0.024206175 
142 521 4 4 0.024180321 
257 604 4 5 0.024098266 
103 623 5 5 0.024087604 
295 375 8 10 0.024080187 
127 691 7 8 0.024044113 
121 693 9 9 0.024041686 
306 337 8 13 0.024041422 
313 309 17 20 0.024011925 
333 647 5 5 0.024008684 
478 685 8 8 0.023998637 
200 636 5 6 0.023982028 
395 664 10 9 0.023976304 
333 621 4 6 0.023955267 
219 558 4 5 0.023916319 
147 622 6 6 0.0238932 
458 701 9 12 0.023877844 
219 610 4 5 0.02387657 
443 584 4 5 0.023834256 
131 679 9 7 0.023809092 
78 540 4 4 0.023797335 
418 541 4 4 0.02377891 
314 654 5 6 0.023766417 
379 532 4 6 0.02373652 
511 653 6 7 0.023720019 
40 564 5 7 0.02371692 
77 597 4 5 0.023712112 
93 698 11 11 0.023693915 
340 647 6 6 0.023685083 
127 684 7 7 0.023643302 
144 664 8 8 0.02363949 
406 370 11 17 0.023629082 
1015 714 10 15 0.023626164 
455 487 5 5 0.023625622 
212 559 4 5 0.023619616 
326 655 5 6 0.023616884 
1 603 4 7 0.023616001 
148 528 5 5 0.023607155 
305 302 17 18 0.023589231 
79 553 4 4 0.023576144 
237 278 6 6 0.023561174 
213 668 4 4 0.02356088 
306 668 6 6 0.023523737 
141 634 6 6 0.023494542 
307 332 6 9 0.023482813 
340 565 4 5 0.023459233 
474 579 4 4 0.023411904 
102 306 8 9 0.023369296 
176 315 11 11 0.023368582 
59 354 3 6 0.023352671 
53 362 3 4 0.023316273 
468 579 4 4 0.02330986 
243 642 4 4 0.023281578 
197 597 5 6 0.023277864 
237 582 5 6 0.02324957 
442 591 4 5 0.023247164 
125 565 4 5 0.023222143 
326 553 4 6 0.023197325 
285 291 8 10 0.023193952 
408 642 7 6 0.023192558 
255 635 6 6 0.023172066 
286 711 5 7 0.023155982 
552 649 4 4 0.023046173 
57 557 5 5 0.023044787 
369 597 5 6 0.023042519 
37 495 5 7 0.023039319 
334 546 5 5 0.023037901 
154 667 8 7 0.023034226 
332 666 6 7 0.023021085 
219 604 4 5 0.022991411 
156 719 10 12 0.022970844 
225 566 5 6 0.022967169 
479 672 7 8 0.02294702 
135 635 5 6 0.022944488 
205 617 4 5 0.022938425 
168 597 4 5 0.022922872 
449 547 4 4 0.022869479 
487 611 5 4 0.022853982 
306 711 6 8 0.022853756 
437 584 4 5 0.022848088 
179 617 6 6 0.022841929 
309 539 4 6 0.022824107 
69 602 5 6 0.022821428 
595 666 5 7 0.022819068 
239 642 3 4 0.022813162 
213 552 4 6 0.022808379 
269 691 7 9 0.022784071 
320 719 6 7 0.022722326 
33 470 4 5 0.022677055 
466 697 8 9 0.022651559 
462 584 5 5 0.022634093 
486 673 7 7 0.0226288 
243 302 6 7 0.022619473 
159 583 5 6 0.022569489 
77 386 3 4 0.0225677 
443 553 3 4 0.022548784 
480 646 6 7 0.02252913 
39 365 3 5 0.022514695 
136 564 5 6 0.022512808 
524 642 5 6 0.02250502 
237 628 5 6 0.022501772 
480 641 5 7 0.022496523 
232 615 4 5 0.022495084 
159 629 7 6 0.022474678 
134 646 7 7 0.022440366 
493 599 4 4 0.02239701 
455 573 4 5 0.022359762 
172 596 5 6 0.022358295 
476 585 4 4 0.022342924 
134 624 5 5 0.022337055 
494 616 4 4 0.022329157 
391 539 4 6 0.02225987 
353 641 7 6 0.022253025 
262 634 5 7 0.022209255 
51 488 5 6 0.022193287 
2 493 4 7 0.02215352 
54 458 3 4 0.0220959 
479 697 8 8 0.022092022 
98 551 6 6 0.022074787 
493 602 5 4 0.022072962 
501 667 6 7 0.022045666 
130 623 4 5 0.022037936 
428 579 4 5 0.022024252 
58 579 4 4 0.022012094 
313 643 5 5 0.021997347 
212 690 8 8 0.021991268 
14 502 5 6 0.021986509 
45 364 4 6 0.021935536 
91 386 4 6 0.021928415 
425 578 4 5 0.02190576 
148 532 4 6 0.021900585 
403 383 8 13 0.021877317 
494 640 6 7 0.02187671 
446 615 6 7 0.021841245 
302 717 6 7 0.0218385 
142 352 5 7 0.021836985 
487 647 5 6 0.0218314 
271 598 3 4 0.021824228 
435 641 6 6 0.021817591 
436 597 5 5 0.021816231 
106 303 19 20 0.021795044 
214 307 11 12 0.021776 
241 703 9 10 0.021761293 
7 646 6 8 0.021745212 
237 512 5 6 0.021733787 
212 635 5 5 0.021729207 
387 664 10 8 0.021723611 
423 629 6 6 0.02171403 
158 633 8 8 0.021703463 
160 578 5 5 0.021695713 
90 367 3 7 0.021685833 
403 655 7 7 0.021601403 
229 660 5 6 0.021598198 
512 610 5 5 0.021597192 
204 577 6 6 0.02158485 
70 584 4 5 0.021582412 
363 376 6 10 0.021577898 
417 636 6 5 0.02152674 
65 406 4 5 0.02152485 
231 578 4 6 0.021511499 
0 468 4 7 0.021507464 
141 566 4 5 0.021477971 
250 649 4 5 0.021477545 
461 680 6 6 0.021477168 
199 567 4 4 0.021460865 
369 351 7 10 0.021458866 
206 611 4 4 0.021455938 
34 579 4 4 0.021448793 
362 332 8 10 0.02139381 
54 539 4 6 0.021393782 
249 599 4 4 0.021376697 
394 361 19 20 0.021353226 
186 540 3 6 0.021351255 
129 637 5 5 0.021287099 
160 573 4 4 0.021279475 
96 590 5 5 0.021222247 
263 610 4 5 0.021209555 
410 541 4 5 0.021205105 
72 574 4 4 0.021190241 
211 674 5 6 0.021136487 
328 357 7 12 0.021122253 
275 627 5 6 0.021102736 
247 698 7 8 0.021092866 
136 591 4 5 0.021090677 
32 463 4 5 0.021086942 
423 572 3 5 0.021078737 
322 553 3 5 0.02107004 
386 546 4 5 0.021069739 
57 608 5 6 0.021060158 
472 697 8 9 0.02105651 
104 701 10 10 0.021050666 
71 548 4 4 0.0210468 
467 609 5 5 0.021044958 
556 721 11 12 0.021038877 
282 628 4 6 0.02103738 
146 539 5 6 0.02103685 
114 394 8 9 0.021011997 
78 535 4 5 0.021005327 
71 406 4 5 0.020994516 
313 693 6 7 0.020965498 
312 671 7 8 0.02096293 
386 556 4 7 0.020958446 
408 389 9 14 0.020949995 
173 586 4 4 0.020944508 
252 514 4 6 0.02094242 
319 330 17 27 0.02094103 
217 672 6 7 0.020938711 
344 670 9 8 0.020927161 
84 585 3 4 0.020894751 
84 579 4 4 0.020892847 
717 409 8 14 0.020841341 
72 397 4 6 0.020835536 
51 494 5 6 0.020810012 
66 387 2 4 0.020776866 
26 482 5 5 0.020775143 
488 603 5 5 0.020756286 
9 463 4 4 0.020746533 
281 292 8 9 0.020669118 
85 385 3 5 0.020663975 
558 642 4 4 0.02065186 
282 621 5 6 0.020649 
52 471 4 4 0.02064692 
104 602 5 6 0.020646615 
149 559 4 5 0.02063894 
295 520 6 6 0.02063738 
405 527 4 6 0.020622741 
315 661 5 5 0.02060986 
330 329 8 14 0.020608656 
168 584 4 5 0.02058318 
559 668 5 5 0.020571956 
84 393 4 6 0.020571826 
20 477 4 4 0.020566504 
200 679 6 6 0.020563012 
78 565 4 6 0.020560741 
149 566 4 4 0.0205562 
248 299 8 9 0.02054802 
388 581 6 8 0.020511862 
193 578 4 5 0.020486426 
321 622 5 6 0.020480756 
388 646 9 8 0.020477857 
185 578 5 5 0.020472279 
66 398 4 5 0.02045431 
103 359 5 8 0.020449031 
322 617 4 5 0.020428706 
9 661 4 5 0.020415736 
59 471 4 4 0.020412486 
436 589 5 7 0.02040738 
345 661 6 6 0.020392606 
276 570 4 5 0.02035925 
87 711 10 14 0.020353591 
179 589 5 6 0.020352282 
427 634 7 7 0.020345185 
101 629 5 5 0.02033767 
332 628 4 6 0.02033345 
57 494 5 6 0.020331832 
66 590 5 5 0.02033048 
187 566 4 4 0.020324077 
71 634 6 7 0.020299306 
339 558 5 6 0.020285813 
133 641 7 7 0.020283144 
210 704 7 8 0.02028172 
571 656 4 5 0.020278009 
143 543 4 7 0.020275433 
526 648 4 5 0.020257682 
474 666 6 7 0.020238802 
26 590 5 6 0.020236183 
216 577 5 6 0.020202614 
96 403 6 9 0.020193228 
365 344 18 23 0.02019001 
219 623 5 5 0.020174192 
356 689 8 10 0.020165034 
313 647 5 7 0.020152323 
476 640 5 6 0.020151466 
372 520 4 5 0.020136489 
405 546 4 5 0.020117218 
333 557 6 7 0.020081498 
675 423 132 79 0.020073932 
281 610 4 5 0.02002324 
166 617 5 5 0.020000739 
