25_Soldier_Patrol_Soldier_Patrol_25_16
20
269 151 75 90 0.9997801 
296 375 289 447 0.08219301 
330 422 145 261 0.05403929 
394 323 12 15 0.047063854 
467 342 314 459 0.039622925 
68 108 22 30 0.03061311 
332 418 80 127 0.029376691 
353 185 7 12 0.028431341 
229 487 9 9 0.027801976 
464 -67 368 388 0.025795162 
351 191 9 12 0.025518727 
780 250 307 486 0.022921525 
291 561 14 13 0.021993604 
211 531 7 11 0.021598997 
214 526 7 9 0.0215266 
111 43 35 46 0.021205155 
209 571 10 18 0.021073205 
223 531 10 13 0.020780373 
186 81 19 28 0.020754034 
44 421 21 27 0.020203477 
