25_Soldier_Patrol_Soldier_Patrol_25_515
153
786 308 17 27 0.9966889 
720 301 18 26 0.99294007 
835 314 14 25 0.9694372 
804 294 17 28 0.9566987 
616 324 12 16 0.9524105 
522 317 10 16 0.9413121 
478 319 12 24 0.93593043 
366 298 12 17 0.93296975 
459 313 14 26 0.9303185 
415 317 11 19 0.92811525 
57 309 13 20 0.9203643 
440 330 10 20 0.88976806 
701 317 13 22 0.8842184 
536 313 15 21 0.85988015 
373 317 12 23 0.84745264 
861 302 14 25 0.82164407 
395 312 11 19 0.78305966 
669 314 12 20 0.74066234 
638 311 17 24 0.71568644 
913 312 15 22 0.6665927 
578 326 13 19 0.66319114 
565 337 11 17 0.6530707 
911 109 42 41 0.522584 
887 326 15 25 0.42471376 
870 305 13 25 0.39737752 
621 407 10 18 0.38834456 
758 308 17 24 0.30215552 
922 309 15 23 0.27454138 
468 316 13 24 0.23478101 
739 325 13 18 0.2261705 
683 313 9 16 0.21427633 
637 330 12 19 0.19890378 
879 305 12 20 0.19381252 
175 300 7 9 0.16293086 
527 315 13 19 0.12340843 
629 342 11 18 0.10811956 
498 360 14 29 0.1042062 
688 343 11 21 0.09638346 
373 301 11 18 0.094699524 
812 328 9 17 0.086182944 
455 387 7 13 0.08144403 
647 400 17 29 0.07896344 
727 380 16 33 0.075179055 
763 318 14 21 0.06857702 
657 349 10 18 0.06758933 
746 388 40 74 0.06726049 
649 310 12 19 0.06720264 
681 365 11 19 0.06319754 
686 316 12 19 0.062362257 
883 413 7 11 0.062166933 
814 297 13 21 0.06037258 
681 348 16 29 0.05975704 
612 366 11 19 0.058720533 
743 315 16 24 0.05704525 
671 342 10 19 0.056477733 
649 386 28 57 0.05644753 
794 300 18 26 0.056139544 
634 407 6 12 0.05516552 
711 322 10 19 0.05341239 
397 330 9 15 0.05216619 
530 367 9 17 0.05120987 
676 346 9 17 0.04830285 
575 386 12 21 0.046320163 
645 442 6 11 0.04569596 
802 335 9 16 0.04408142 
608 414 8 12 0.043546535 
752 312 13 21 0.042941272 
633 316 11 16 0.042001456 
664 305 9 15 0.04115819 
846 315 12 22 0.039627932 
430 344 7 12 0.03926134 
909 311 11 19 0.03899824 
629 352 12 19 0.038963415 
44 349 19 26 0.038575616 
664 319 10 19 0.038460832 
623 318 11 18 0.038446788 
666 312 9 17 0.03828328 
619 372 10 17 0.038066752 
535 341 9 15 0.03767735 
656 305 11 17 0.034929626 
678 395 9 16 0.034827836 
527 395 9 16 0.03386189 
676 317 15 22 0.033828616 
627 391 8 16 0.033201423 
673 367 15 27 0.033194594 
707 306 12 18 0.033183604 
897 410 9 13 0.032682594 
453 327 9 19 0.031886514 
395 386 9 16 0.03150686 
191 246 8 12 0.031321228 
557 399 9 14 0.031146076 
648 375 11 17 0.030751875 
807 306 18 29 0.030344218 
506 402 9 14 0.030141054 
90 302 6 7 0.030036423 
571 334 11 19 0.029962419 
665 336 10 17 0.02976562 
461 334 8 17 0.02843758 
493 362 10 18 0.02831353 
391 389 8 13 0.028137688 
631 331 12 17 0.028085224 
882 329 12 20 0.027999828 
925 379 39 71 0.02796115 
440 396 7 11 0.027824124 
424 319 10 16 0.027685234 
450 336 9 18 0.02762852 
901 306 15 28 0.027621318 
543 344 7 12 0.02742343 
372 389 8 12 0.027014349 
36 303 7 7 0.02700544 
566 342 15 24 0.026867846 
624 329 10 15 0.02633052 
179 308 7 10 0.025454557 
434 319 7 14 0.025444785 
417 338 8 13 0.025444068 
48 386 33 58 0.025397405 
855 311 11 22 0.024794277 
926 390 22 28 0.02477428 
416 378 6 10 0.02396736 
657 321 10 17 0.023443773 
47 359 26 29 0.023336418 
489 324 8 16 0.02294196 
303 400 5 6 0.022860104 
696 311 11 20 0.022826198 
684 395 21 42 0.02263637 
703 373 15 30 0.022601552 
569 392 10 16 0.022580683 
643 301 11 13 0.022504322 
671 378 10 18 0.022238616 
453 394 8 17 0.022041472 
455 360 9 17 0.02196248 
59 380 21 28 0.021807719 
605 363 12 20 0.021802172 
640 421 7 12 0.021792537 
401 385 9 17 0.021625562 
585 341 10 17 0.02160254 
726 318 17 28 0.021515308 
535 373 9 16 0.021457702 
409 313 7 13 0.021374756 
193 289 7 10 0.021373544 
688 326 11 20 0.02123043 
443 349 8 14 0.021137986 
667 321 17 25 0.021103779 
663 380 9 16 0.021002384 
657 295 10 12 0.020965718 
886 408 9 13 0.02072068 
464 341 9 17 0.020716645 
721 283 10 11 0.020663705 
614 305 10 13 0.020553807 
705 389 16 36 0.020410832 
411 317 9 16 0.020400422 
900 373 17 31 0.02037036 
681 332 16 27 0.02017549 
