25_Soldier_Patrol_Soldier_Patrol_25_1029
94
459 177 44 62 0.9994253 
514 385 42 68 0.99910873 
156 198 50 63 0.9988955 
249 177 43 60 0.99810815 
255 355 56 76 0.99806327 
556 328 28 39 0.9977653 
870 168 47 51 0.99612457 
611 295 37 44 0.9939272 
122 435 60 80 0.9908215 
580 141 30 47 0.97474766 
661 308 33 42 0.9643396 
658 191 24 43 0.96336937 
736 140 55 80 0.96094316 
502 181 32 48 0.9535063 
716 186 26 43 0.8582646 
744 366 14 26 0.4442516 
387 182 8 11 0.38843954 
407 182 9 15 0.32179555 
435 164 8 10 0.2366526 
421 177 17 29 0.20737857 
543 170 11 17 0.19808608 
397 186 8 11 0.15521613 
597 217 21 32 0.11111569 
969 523 59 122 0.1089262 
402 184 8 13 0.10707923 
677 205 24 35 0.09586939 
785 115 39 53 0.09320329 
547 388 38 60 0.08236141 
381 190 11 17 0.073272325 
412 177 16 26 0.0697305 
406 168 9 13 0.06830729 
954 303 53 76 0.066281065 
833 274 34 68 0.065333664 
378 185 6 10 0.05610397 
855 184 41 50 0.05491046 
649 186 20 41 0.053854186 
705 186 21 33 0.05221196 
198 206 21 37 0.051641658 
623 220 22 28 0.049554124 
427 172 6 10 0.04933305 
207 214 11 20 0.048085608 
549 164 9 14 0.045863185 
104 421 41 58 0.044422545 
993 318 46 82 0.042682238 
728 179 32 45 0.039403636 
979 391 17 22 0.03929283 
749 326 19 32 0.03877795 
642 314 22 30 0.038575456 
42 627 42 50 0.034999788 
694 173 20 35 0.03352361 
623 144 11 14 0.032397926 
549 340 18 28 0.03164977 
1011 7 6 8 0.03156017 
422 172 7 11 0.031514164 
412 200 10 18 0.031107465 
395 180 14 21 0.031075818 
378 189 8 14 0.030537114 
402 185 15 27 0.030239915 
383 179 15 21 0.029822266 
993 262 46 89 0.029808031 
609 212 26 42 0.02979439 
177 623 15 27 0.029743634 
854 372 13 14 0.029108135 
508 166 11 16 0.028780134 
127 585 25 30 0.028558845 
839 277 18 33 0.027668511 
835 274 69 112 0.027572194 
352 560 9 12 0.027497921 
618 132 30 45 0.027170595 
254 616 16 26 0.026326032 
351 234 19 29 0.026239224 
403 126 6 12 0.025976654 
364 618 57 42 0.025409123 
929 310 37 70 0.025029143 
651 317 9 16 0.024983471 
969 315 27 34 0.02444328 
640 182 21 32 0.024141941 
414 183 7 13 0.024067156 
554 160 10 16 0.023666156 
502 169 23 36 0.023406966 
3 524 9 17 0.023324717 
533 150 30 44 0.023246098 
106 233 20 35 0.023107119 
378 181 5 8 0.022273226 
688 408 38 37 0.021968003 
682 187 23 38 0.021939639 
431 164 16 26 0.021894906 
681 2 3 6 0.021478858 
163 630 17 31 0.021134695 
650 183 11 18 0.021054184 
1016 6 15 25 0.020880697 
96 210 21 37 0.020594008 
357 552 11 13 0.020357989 
571 156 7 13 0.020236483 
